host        : worker5175
target      : x86_64 / linux
cpu features: avx2 fma 
caches      : L1=32KiB/8-way/1sh L2=512KiB/8-way/1sh L3=16384KiB/16-way/4sh (via sysfs), blocking=legacy
baselines   : tblis=false blas=false

sweeping 49 cases at 64 MiB nominal tensor size, 3 reps, stress=none


=== f32 ===
             case |      m |      n |     k | regA | regB | planar GF/s | 1m GF/s | 3m GF/s 
------------------+--------+--------+-------+------+------+-------------+---------+---------
         ij-ik-kj |   2904 |   2896 |  2904 | 1.00 | 1.00 |        83.9 |    83.9 |    83.9 
       ij-ikl-ljk |    216 |    204 | 44064 | 1.00 | 1.00 |        49.1 |    49.1 |    49.1 
       ij-kil-lkj |    216 |    204 | 46656 | 1.00 | 1.00 |        55.5 |    55.5 |    55.5 
       ijk-ikl-lj |  44064 |    204 |   216 | 1.00 | 1.00 |        66.4 |    66.4 |    66.4 
       ijk-il-jlk |    216 |  44064 |   204 | 1.00 | 1.00 |        69.0 |    69.0 |    69.0 
       ijk-ilk-jl |  44064 |    216 |   204 | 0.96 | 1.00 |        68.1 |    68.1 |    68.1 
       ijk-ilk-lj |  44064 |    204 |   216 | 0.96 | 1.00 |        67.9 |    67.9 |    67.9 
     ijk-ilmk-mjl |   3744 |     52 |  3744 | 0.89 | 1.00 |        47.8 |    47.8 |    47.8 
   ijkl-imjn-lnkm |   3744 |   3744 |  2704 | 0.89 | 0.92 |        84.1 |    84.1 |    84.1 
   ijkl-imjn-nlmk |   3744 |   2704 |  3744 | 0.89 | 0.92 |        84.1 |    84.1 |    84.1 
   ijkl-imkn-jnlm |   3744 |   3744 |  2704 | 0.89 | 1.00 |        81.5 |    81.5 |    81.5 
   ijkl-imkn-njml |   3744 |   2704 |  3744 | 0.89 | 0.92 |        81.2 |    81.2 |    81.2 
   ijkl-imln-jnkm |   3744 |   3744 |  2704 | 0.89 | 1.00 |        82.0 |    82.0 |    82.0 
   ijkl-imln-njmk |   3744 |   2704 |  3744 | 0.89 | 0.92 |        81.4 |    81.4 |    81.4 
   ijkl-imnj-nlkm |   3744 |   2704 |  3744 | 0.89 | 0.92 |        84.1 |    84.1 |    84.1 
   ijkl-imnk-njml |   3744 |   2704 |  3744 | 0.89 | 0.92 |        81.1 |    81.1 |    81.1 
   ijkl-minj-nlmk |   3744 |   2704 |  5184 | 0.89 | 0.92 |        83.2 |    83.2 |    83.2 
   ijkl-mink-jnlm |   3744 |   3744 |  3744 | 0.89 | 1.00 |        82.5 |    82.5 |    82.5 
   ijkl-minl-njmk |   3744 |   2704 |  5184 | 0.89 | 0.92 |        80.6 |    80.6 |    80.6 
     aqrs-pa-pqrs |     72 | 140608 |    72 | 1.00 | 1.00 |        45.0 |    45.0 |    45.0 
     abrs-qb-aqrs |     52 | 194688 |    72 | 0.89 | 1.00 |        44.7 |    44.7 |    44.7 
     abcs-rc-abrs |     52 | 194688 |    72 | 1.00 | 1.00 |        45.1 |    45.1 |    45.1 
       abj-bka-kj |  46656 |    204 |   216 | 0.96 | 1.00 |        68.5 |    68.5 |    68.5 
       ajb-kba-jk |  44064 |    216 |   216 | 0.96 | 1.00 |        79.4 |    79.4 |    79.4 
     abjc-cbka-kj | 269568 |     52 |    72 | 0.89 | 1.00 |        18.5 |    18.5 |    18.5 
     ajbc-ckba-jk | 269568 |     72 |    52 | 0.89 | 1.00 |        33.9 |    33.9 |    33.9 
     abjc-kbac-jk | 194688 |     72 |    72 | 0.89 | 1.00 |        55.7 |    55.7 |    55.7 
   abjcd-dkbac-jk | 331776 |     24 |    24 | 0.67 | 1.00 |         9.3 |     9.3 |     9.3 
   adbjc-cbdka-kj | 331776 |     24 |    24 | 0.67 | 1.00 |         6.0 |     6.0 |     6.0 
   ajbdc-ckbad-jk | 331776 |     24 |    24 | 1.00 | 1.00 |         6.7 |     6.7 |     6.7 
 abcijk-ijma-mkbc |   9216 |   4096 |    24 | 1.00 | 1.00 |        32.1 |    32.1 |    32.1 
 abcijk-ijmb-mkac |   6144 |   6144 |    24 | 1.00 | 1.00 |        27.5 |    27.5 |    27.5 
 abcijk-ijmc-mkab |   6144 |   6144 |    24 | 1.00 | 0.75 |        42.7 |    42.7 |    42.7 
 abcijk-ikma-mjbc |   9216 |   4096 |    24 | 1.00 | 1.00 |        32.3 |    32.3 |    32.3 
 abcijk-ikmb-mjac |   6144 |   6144 |    24 | 1.00 | 1.00 |        27.1 |    27.1 |    27.1 
 abcijk-ikmc-mjab |   6144 |   6144 |    24 | 1.00 | 0.75 |        42.5 |    42.5 |    42.5 
 abcijk-jkma-mibc |   9216 |   4096 |    24 | 1.00 | 1.00 |        32.2 |    32.2 |    32.2 
 abcijk-jkmb-miac |   6144 |   6144 |    24 | 1.00 | 1.00 |        27.4 |    27.4 |    27.4 
 abcijk-jkmc-miab |   6144 |   6144 |    24 | 1.00 | 0.75 |        40.9 |    40.9 |    40.9 
 abcijk-eiab-jkec |   6144 |   6144 |    24 | 1.00 | 0.75 |        40.8 |    40.8 |    40.8 
 abcijk-eiac-jkeb |   6144 |   6144 |    24 | 1.00 | 1.00 |        27.1 |    27.1 |    27.1 
 abcijk-eibc-jkea |   4096 |   9216 |    24 | 1.00 | 1.00 |        32.3 |    32.3 |    32.3 
 abcijk-ejab-ikec |   6144 |   6144 |    24 | 1.00 | 0.75 |        42.1 |    42.1 |    42.1 
 abcijk-ejac-ikeb |   6144 |   6144 |    24 | 1.00 | 1.00 |        26.7 |    26.7 |    26.7 
 abcijk-ejbc-ikea |   4096 |   9216 |    24 | 1.00 | 1.00 |        32.3 |    32.3 |    32.3 
 abcijk-ekab-ijec |   6144 |   6144 |    24 | 1.00 | 0.75 |        42.6 |    42.6 |    42.6 
 abcijk-ekac-ijeb |   6144 |   6144 |    24 | 1.00 | 1.00 |        26.7 |    26.7 |    26.7 
 abcijk-ekbc-ijea |   4096 |   9216 |    24 | 1.00 | 1.00 |        32.2 |    32.2 |    32.2 
       abc-bk-akc |    216 |  44064 |   204 | 0.96 | 1.00 |        66.8 |    66.8 |    66.8 

=== c32 ===
             case |      m |      n |     k | regA | regB | planar GF/s | 1m GF/s | 3m GF/s 
------------------+--------+--------+-------+------+------+-------------+---------+---------
         ij-ik-kj |   2904 |   2896 |  2904 | 1.00 | 1.00 |        86.2 |    88.1 |    87.0 
       ij-ikl-ljk |    216 |    204 | 44064 | 1.00 | 1.00 |        73.9 |    70.9 |    69.6 
       ij-kil-lkj |    216 |    204 | 46656 | 1.00 | 1.00 |        74.4 |    75.5 |    75.9 
       ijk-ikl-lj |  44064 |    204 |   216 | 1.00 | 1.00 |        77.5 |    84.6 |    82.8 
       ijk-il-jlk |    216 |  44064 |   204 | 1.00 | 0.98 |        81.9 |    83.9 |    79.2 
       ijk-ilk-jl |  44064 |    216 |   204 | 1.00 | 1.00 |        82.5 |    83.6 |    80.6 
       ijk-ilk-lj |  44064 |    204 |   216 | 1.00 | 1.00 |        83.5 |    83.5 |    80.7 
     ijk-ilmk-mjl |   3744 |     52 |  3744 | 1.00 | 1.00 |        65.4 |    66.6 |    63.1 
   ijkl-imjn-lnkm |   3744 |   3744 |  2704 | 1.00 | 0.92 |        86.7 |    88.6 |    87.9 
   ijkl-imjn-nlmk |   3744 |   2704 |  3744 | 1.00 | 0.92 |        87.5 |    89.4 |    89.0 
   ijkl-imkn-jnlm |   3744 |   3744 |  2704 | 1.00 | 0.95 |        85.6 |    87.0 |    86.3 
   ijkl-imkn-njml |   3744 |   2704 |  3744 | 1.00 | 0.92 |        86.4 |    88.1 |    87.4 
   ijkl-imln-jnkm |   3744 |   3744 |  2704 | 1.00 | 0.95 |        85.6 |    87.1 |    86.4 
   ijkl-imln-njmk |   3744 |   2704 |  3744 | 1.00 | 0.92 |        86.5 |    88.1 |    87.6 
   ijkl-imnj-nlkm |   3744 |   2704 |  3744 | 1.00 | 0.92 |        87.6 |    89.5 |    89.1 
   ijkl-imnk-njml |   3744 |   2704 |  3744 | 1.00 | 0.92 |        86.4 |    88.0 |    87.5 
   ijkl-minj-nlmk |   3744 |   2704 |  5184 | 1.00 | 0.92 |        86.9 |    89.2 |    89.4 
   ijkl-mink-jnlm |   3744 |   3744 |  3744 | 1.00 | 0.95 |        86.2 |    88.3 |    88.1 
   ijkl-minl-njmk |   3744 |   2704 |  5184 | 1.00 | 0.92 |        85.6 |    88.0 |    87.9 
     aqrs-pa-pqrs |     72 | 140608 |    72 | 1.00 | 1.00 |        60.1 |    65.9 |    60.2 
     abrs-qb-aqrs |     52 | 194688 |    72 | 1.00 | 1.00 |        56.9 |    55.0 |    50.2 
     abcs-rc-abrs |     52 | 194688 |    72 | 1.00 | 1.00 |        59.3 |    66.3 |    57.5 
       abj-bka-kj |  46656 |    204 |   216 | 1.00 | 1.00 |        79.4 |    81.2 |    81.8 
       ajb-kba-jk |  44064 |    216 |   216 | 1.00 | 1.00 |        85.6 |    88.6 |    89.1 
     abjc-cbka-kj | 269568 |     52 |    72 | 1.00 | 1.00 |        33.1 |    25.8 |    29.6 
     ajbc-ckba-jk | 269568 |     72 |    52 | 1.00 | 1.00 |        46.7 |    37.3 |    41.3 
     abjc-kbac-jk | 194688 |     72 |    72 | 1.00 | 1.00 |        66.4 |    70.5 |    69.3 
   abjcd-dkbac-jk | 331776 |     24 |    24 | 1.00 | 1.00 |        17.7 |    14.3 |    15.9 
   adbjc-cbdka-kj | 331776 |     24 |    24 | 1.00 | 1.00 |        14.8 |    12.0 |    13.3 
   ajbdc-ckbad-jk | 331776 |     24 |    24 | 1.00 | 1.00 |        17.2 |    14.2 |    15.6 
 abcijk-ijma-mkbc |   9216 |   4096 |    24 | 1.00 | 0.99 |        52.1 |    60.1 |    50.6 
 abcijk-ijmb-mkac |   6144 |   6144 |    24 | 1.00 | 0.75 |        50.2 |    57.6 |    49.0 
 abcijk-ijmc-mkab |   6144 |   6144 |    24 | 1.00 | 0.75 |        53.9 |    62.4 |    52.4 
 abcijk-ikma-mjbc |   9216 |   4096 |    24 | 1.00 | 0.99 |        52.3 |    60.1 |    50.8 
 abcijk-ikmb-mjac |   6144 |   6144 |    24 | 1.00 | 0.75 |        50.2 |    57.4 |    48.7 
 abcijk-ikmc-mjab |   6144 |   6144 |    24 | 1.00 | 0.75 |        53.8 |    62.4 |    52.4 
 abcijk-jkma-mibc |   9216 |   4096 |    24 | 1.00 | 0.99 |        52.5 |    60.5 |    51.3 
 abcijk-jkmb-miac |   6144 |   6144 |    24 | 1.00 | 0.75 |        50.0 |    56.9 |    48.9 
 abcijk-jkmc-miab |   6144 |   6144 |    24 | 1.00 | 0.75 |        52.7 |    61.0 |    51.3 
 abcijk-eiab-jkec |   6144 |   6144 |    24 | 1.00 | 0.75 |        52.8 |    60.8 |    50.6 
 abcijk-eiac-jkeb |   6144 |   6144 |    24 | 1.00 | 0.75 |        50.0 |    56.9 |    48.8 
 abcijk-eibc-jkea |   4096 |   9216 |    24 | 1.00 | 0.99 |        52.5 |    60.4 |    51.2 
 abcijk-ejab-ikec |   6144 |   6144 |    24 | 1.00 | 0.75 |        53.8 |    62.3 |    52.4 
 abcijk-ejac-ikeb |   6144 |   6144 |    24 | 1.00 | 0.75 |        50.2 |    57.3 |    48.9 
 abcijk-ejbc-ikea |   4096 |   9216 |    24 | 1.00 | 0.99 |        52.5 |    60.3 |    51.1 
 abcijk-ekab-ijec |   6144 |   6144 |    24 | 1.00 | 0.75 |        54.0 |    62.4 |    52.3 
 abcijk-ekac-ijeb |   6144 |   6144 |    24 | 1.00 | 0.75 |        50.2 |    57.1 |    48.7 
 abcijk-ekbc-ijea |   4096 |   9216 |    24 | 1.00 | 0.99 |        52.6 |    60.3 |    51.0 
       abc-bk-akc |    216 |  44064 |   204 | 1.00 | 1.00 |        82.5 |    84.1 |    81.0 

=== complex efficiency ratio (c32 GF/s over f32 GF/s; 1.0 = no penalty) ===
             case | planar c32/f32 | 1m c32/f32 | 3m c32/f32 
------------------+----------------+------------+------------
         ij-ik-kj |          1.027 |      1.050 |      1.036 
       ij-ikl-ljk |          1.506 |      1.444 |      1.417 
       ij-kil-lkj |          1.341 |      1.360 |      1.368 
       ijk-ikl-lj |          1.168 |      1.274 |      1.247 
       ijk-il-jlk |          1.187 |      1.216 |      1.148 
       ijk-ilk-jl |          1.211 |      1.227 |      1.183 
       ijk-ilk-lj |          1.229 |      1.229 |      1.188 
     ijk-ilmk-mjl |          1.369 |      1.396 |      1.322 
   ijkl-imjn-lnkm |          1.031 |      1.053 |      1.044 
   ijkl-imjn-nlmk |          1.041 |      1.063 |      1.058 
   ijkl-imkn-jnlm |          1.050 |      1.068 |      1.059 
   ijkl-imkn-njml |          1.064 |      1.085 |      1.077 
   ijkl-imln-jnkm |          1.044 |      1.062 |      1.054 
   ijkl-imln-njmk |          1.063 |      1.082 |      1.076 
   ijkl-imnj-nlkm |          1.042 |      1.065 |      1.060 
   ijkl-imnk-njml |          1.064 |      1.085 |      1.079 
   ijkl-minj-nlmk |          1.044 |      1.072 |      1.075 
   ijkl-mink-jnlm |          1.046 |      1.071 |      1.068 
   ijkl-minl-njmk |          1.063 |      1.092 |      1.091 
     aqrs-pa-pqrs |          1.335 |      1.466 |      1.338 
     abrs-qb-aqrs |          1.273 |      1.231 |      1.124 
     abcs-rc-abrs |          1.314 |      1.469 |      1.274 
       abj-bka-kj |          1.159 |      1.185 |      1.193 
       ajb-kba-jk |          1.077 |      1.115 |      1.121 
     abjc-cbka-kj |          1.788 |      1.396 |      1.596 
     ajbc-ckba-jk |          1.378 |      1.101 |      1.217 
     abjc-kbac-jk |          1.193 |      1.266 |      1.245 
   abjcd-dkbac-jk |          1.906 |      1.546 |      1.717 
   adbjc-cbdka-kj |          2.453 |      1.997 |      2.206 
   ajbdc-ckbad-jk |          2.563 |      2.115 |      2.321 
 abcijk-ijma-mkbc |          1.622 |      1.868 |      1.575 
 abcijk-ijmb-mkac |          1.828 |      2.098 |      1.783 
 abcijk-ijmc-mkab |          1.263 |      1.462 |      1.229 
 abcijk-ikma-mjbc |          1.622 |      1.863 |      1.576 
 abcijk-ikmb-mjac |          1.857 |      2.123 |      1.800 
 abcijk-ikmc-mjab |          1.266 |      1.468 |      1.232 
 abcijk-jkma-mibc |          1.628 |      1.876 |      1.590 
 abcijk-jkmb-miac |          1.826 |      2.078 |      1.788 
 abcijk-jkmc-miab |          1.288 |      1.493 |      1.254 
 abcijk-eiab-jkec |          1.295 |      1.492 |      1.241 
 abcijk-eiac-jkeb |          1.843 |      2.097 |      1.798 
 abcijk-eibc-jkea |          1.623 |      1.869 |      1.584 
 abcijk-ejab-ikec |          1.277 |      1.478 |      1.243 
 abcijk-ejac-ikeb |          1.880 |      2.148 |      1.830 
 abcijk-ejbc-ikea |          1.626 |      1.869 |      1.584 
 abcijk-ekab-ijec |          1.268 |      1.467 |      1.228 
 abcijk-ekac-ijeb |          1.880 |      2.138 |      1.823 
 abcijk-ekbc-ijea |          1.633 |      1.873 |      1.583 
       abc-bk-akc |          1.235 |      1.259 |      1.213 
             MEAN |          1.404 |      1.467 |      1.366 

wrote bench-results/worker5040-zen2/phase4e-seq/bl-base-f32c32.csv
