host        : ccqlin038.flatironinstitute.org
target      : x86_64 / linux
cpu features: avx2 fma avx512f avx512dq 
baselines   : tblis=false blas=false

sweeping 49 cases at 64 MiB nominal tensor size, 3 reps, stress=none


=== f32 ===
             case |      m |      n |     k | regA | regB | planar GF/s | 1m GF/s | 3m GF/s 
------------------+--------+--------+-------+------+------+-------------+---------+---------
         ij-ik-kj |   2904 |   2896 |  2904 | 1.00 | 1.00 |       160.3 |   160.3 |   160.3 
       ij-ikl-ljk |    216 |    204 | 44064 | 1.00 | 1.00 |        61.9 |    61.9 |    61.9 
       ij-kil-lkj |    216 |    204 | 46656 | 1.00 | 1.00 |        63.7 |    63.7 |    63.7 
       ijk-ikl-lj |  44064 |    204 |   216 | 1.00 | 1.00 |       118.5 |   118.5 |   118.5 
       ijk-il-jlk |    216 |  44064 |   204 | 1.00 | 1.00 |        99.8 |    99.8 |    99.8 
       ijk-ilk-jl |  44064 |    216 |   204 | 0.89 | 1.00 |       127.4 |   127.4 |   127.4 
       ijk-ilk-lj |  44064 |    204 |   216 | 0.89 | 1.00 |       123.5 |   123.5 |   123.5 
     ijk-ilmk-mjl |   3744 |     52 |  3744 | 0.67 | 1.00 |        80.4 |    80.4 |    80.4 
   ijkl-imjn-lnkm |   3744 |   3744 |  2704 | 0.67 | 0.92 |       154.6 |   154.6 |   154.6 
   ijkl-imjn-nlmk |   3744 |   2704 |  3744 | 0.67 | 0.92 |       162.8 |   162.8 |   162.8 
   ijkl-imkn-jnlm |   3744 |   3744 |  2704 | 0.67 | 1.00 |       159.7 |   159.7 |   159.7 
   ijkl-imkn-njml |   3744 |   2704 |  3744 | 0.67 | 0.92 |       158.1 |   158.1 |   158.1 
   ijkl-imln-jnkm |   3744 |   3744 |  2704 | 0.67 | 1.00 |       159.7 |   159.7 |   159.7 
   ijkl-imln-njmk |   3744 |   2704 |  3744 | 0.67 | 0.92 |       157.2 |   157.2 |   157.2 
   ijkl-imnj-nlkm |   3744 |   2704 |  3744 | 0.67 | 0.92 |       160.1 |   160.1 |   160.1 
   ijkl-imnk-njml |   3744 |   2704 |  3744 | 0.67 | 0.92 |       156.2 |   156.2 |   156.2 
   ijkl-minj-nlmk |   3744 |   2704 |  5184 | 0.67 | 0.92 |       152.3 |   152.3 |   152.3 
   ijkl-mink-jnlm |   3744 |   3744 |  3744 | 0.67 | 1.00 |       157.8 |   157.8 |   157.8 
   ijkl-minl-njmk |   3744 |   2704 |  5184 | 0.67 | 0.92 |       151.1 |   151.1 |   151.1 
     aqrs-pa-pqrs |     72 | 140608 |    72 | 1.00 | 1.00 |        55.5 |    55.5 |    55.5 
     abrs-qb-aqrs |     52 | 194688 |    72 | 0.67 | 1.00 |        65.7 |    65.7 |    65.7 
     abcs-rc-abrs |     52 | 194688 |    72 | 1.00 | 1.00 |        58.5 |    58.5 |    58.5 
       abj-bka-kj |  46656 |    204 |   216 | 0.89 | 1.00 |        64.7 |    64.7 |    64.7 
       ajb-kba-jk |  44064 |    216 |   216 | 0.89 | 1.00 |       119.1 |   119.1 |   119.1 
     abjc-cbka-kj | 269568 |     52 |    72 | 0.67 | 1.00 |        14.2 |    14.2 |    14.2 
     ajbc-ckba-jk | 269568 |     72 |    52 | 0.67 | 1.00 |        25.2 |    25.2 |    25.2 
     abjc-kbac-jk | 194688 |     72 |    72 | 0.67 | 1.00 |        60.9 |    60.9 |    60.9 
   abjcd-dkbac-jk | 331776 |     24 |    24 | 0.00 | 1.00 |         6.5 |     6.5 |     6.5 
   adbjc-cbdka-kj | 331776 |     24 |    24 | 0.00 | 1.00 |         4.8 |     4.8 |     4.8 
   ajbdc-ckbad-jk | 331776 |     24 |    24 | 0.00 | 1.00 |         6.3 |     6.3 |     6.3 
 abcijk-ijma-mkbc |   9216 |   4096 |    24 | 0.00 | 1.00 |        52.3 |    52.3 |    52.3 
 abcijk-ijmb-mkac |   6144 |   6144 |    24 | 0.00 | 1.00 |        40.4 |    40.4 |    40.4 
 abcijk-ijmc-mkab |   6144 |   6144 |    24 | 1.00 | 1.00 |        56.7 |    56.7 |    56.7 
 abcijk-ikma-mjbc |   9216 |   4096 |    24 | 0.00 | 1.00 |        50.2 |    50.2 |    50.2 
 abcijk-ikmb-mjac |   6144 |   6144 |    24 | 0.00 | 1.00 |        40.5 |    40.5 |    40.5 
 abcijk-ikmc-mjab |   6144 |   6144 |    24 | 1.00 | 1.00 |        60.4 |    60.4 |    60.4 
 abcijk-jkma-mibc |   9216 |   4096 |    24 | 0.00 | 1.00 |        52.7 |    52.7 |    52.7 
 abcijk-jkmb-miac |   6144 |   6144 |    24 | 0.00 | 1.00 |        39.4 |    39.4 |    39.4 
 abcijk-jkmc-miab |   6144 |   6144 |    24 | 1.00 | 1.00 |        59.1 |    59.1 |    59.1 
 abcijk-eiab-jkec |   6144 |   6144 |    24 | 1.00 | 1.00 |        58.0 |    58.0 |    58.0 
 abcijk-eiac-jkeb |   6144 |   6144 |    24 | 1.00 | 1.00 |        34.6 |    34.6 |    34.6 
 abcijk-eibc-jkea |   4096 |   9216 |    24 | 0.88 | 1.00 |        37.0 |    37.0 |    37.0 
 abcijk-ejab-ikec |   6144 |   6144 |    24 | 1.00 | 1.00 |        59.5 |    59.5 |    59.5 
 abcijk-ejac-ikeb |   6144 |   6144 |    24 | 1.00 | 1.00 |        35.3 |    35.3 |    35.3 
 abcijk-ejbc-ikea |   4096 |   9216 |    24 | 0.88 | 1.00 |        36.6 |    36.6 |    36.6 
 abcijk-ekab-ijec |   6144 |   6144 |    24 | 1.00 | 1.00 |        60.6 |    60.6 |    60.6 
 abcijk-ekac-ijeb |   6144 |   6144 |    24 | 1.00 | 1.00 |        34.0 |    34.0 |    34.0 
 abcijk-ekbc-ijea |   4096 |   9216 |    24 | 0.88 | 1.00 |        36.2 |    36.2 |    36.2 
       abc-bk-akc |    216 |  44064 |   204 | 0.89 | 1.00 |       129.5 |   129.5 |   129.5 

=== c32 ===
             case |      m |      n |     k | regA | regB | planar GF/s | 1m GF/s | 3m GF/s 
------------------+--------+--------+-------+------+------+-------------+---------+---------
         ij-ik-kj |   2904 |   2896 |  2904 | 1.00 | 1.00 |       167.0 |   162.6 |   152.3 
       ij-ikl-ljk |    216 |    204 | 44064 | 1.00 | 1.00 |        99.1 |    95.9 |    90.7 
       ij-kil-lkj |    216 |    204 | 46656 | 1.00 | 1.00 |       104.7 |    97.7 |    96.4 
       ijk-ikl-lj |  44064 |    204 |   216 | 1.00 | 1.00 |       153.0 |   135.7 |   134.5 
       ijk-il-jlk |    216 |  44064 |   204 | 1.00 | 1.00 |       140.8 |   140.3 |   132.7 
       ijk-ilk-jl |  44064 |    216 |   204 | 0.89 | 1.00 |       159.0 |   152.9 |   137.7 
       ijk-ilk-lj |  44064 |    204 |   216 | 0.89 | 1.00 |       156.6 |   145.9 |   136.9 
     ijk-ilmk-mjl |   3744 |     52 |  3744 | 0.67 | 1.00 |       105.3 |    94.5 |    82.3 
   ijkl-imjn-lnkm |   3744 |   3744 |  2704 | 0.67 | 0.92 |       161.3 |   159.1 |   149.9 
   ijkl-imjn-nlmk |   3744 |   2704 |  3744 | 0.67 | 0.92 |       167.8 |   164.3 |   155.4 
   ijkl-imkn-jnlm |   3744 |   3744 |  2704 | 0.67 | 1.00 |       167.1 |   164.4 |   151.0 
   ijkl-imkn-njml |   3744 |   2704 |  3744 | 0.67 | 0.92 |       165.6 |   166.5 |   154.1 
   ijkl-imln-jnkm |   3744 |   3744 |  2704 | 0.67 | 1.00 |       166.7 |   164.6 |   151.3 
   ijkl-imln-njmk |   3744 |   2704 |  3744 | 0.67 | 0.92 |       167.2 |   165.8 |   154.4 
   ijkl-imnj-nlkm |   3744 |   2704 |  3744 | 0.67 | 0.92 |       166.0 |   164.0 |   155.5 
   ijkl-imnk-njml |   3744 |   2704 |  3744 | 0.67 | 0.92 |       166.2 |   164.6 |   153.5 
   ijkl-minj-nlmk |   3744 |   2704 |  5184 | 0.67 | 0.92 |       163.3 |   159.1 |   153.8 
   ijkl-mink-jnlm |   3744 |   3744 |  3744 | 0.67 | 1.00 |       167.4 |   164.1 |   155.1 
   ijkl-minl-njmk |   3744 |   2704 |  5184 | 0.67 | 0.92 |       165.7 |   162.3 |   154.2 
     aqrs-pa-pqrs |     72 | 140608 |    72 | 1.00 | 1.00 |        80.1 |    79.6 |    85.8 
     abrs-qb-aqrs |     52 | 194688 |    72 | 0.67 | 1.00 |        95.3 |    86.6 |    81.5 
     abcs-rc-abrs |     52 | 194688 |    72 | 1.00 | 1.00 |        91.4 |    71.2 |    71.1 
       abj-bka-kj |  46656 |    204 |   216 | 0.89 | 1.00 |       118.7 |   111.9 |   111.3 
       ajb-kba-jk |  44064 |    216 |   216 | 0.89 | 1.00 |       148.3 |   140.0 |   152.0 
     abjc-cbka-kj | 269568 |     52 |    72 | 0.67 | 1.00 |        28.1 |    25.0 |    27.9 
     ajbc-ckba-jk | 269568 |     72 |    52 | 0.67 | 1.00 |        50.4 |    47.7 |    50.5 
     abjc-kbac-jk | 194688 |     72 |    72 | 0.67 | 1.00 |       100.3 |    81.5 |    85.7 
   abjcd-dkbac-jk | 331776 |     24 |    24 | 0.00 | 1.00 |         9.2 |     8.3 |     9.1 
   adbjc-cbdka-kj | 331776 |     24 |    24 | 0.00 | 1.00 |         8.2 |     7.6 |     6.5 
   ajbdc-ckbad-jk | 331776 |     24 |    24 | 0.00 | 1.00 |         9.2 |     8.5 |     9.2 
 abcijk-ijma-mkbc |   9216 |   4096 |    24 | 0.00 | 0.99 |        87.5 |    94.3 |    85.1 
 abcijk-ijmb-mkac |   6144 |   6144 |    24 | 0.00 | 1.00 |        65.8 |    74.6 |    78.6 
 abcijk-ijmc-mkab |   6144 |   6144 |    24 | 1.00 | 0.75 |        83.8 |    80.7 |    80.1 
 abcijk-ikma-mjbc |   9216 |   4096 |    24 | 0.00 | 0.99 |        82.4 |    98.6 |    82.9 
 abcijk-ikmb-mjac |   6144 |   6144 |    24 | 0.00 | 1.00 |        66.4 |    75.8 |    79.7 
 abcijk-ikmc-mjab |   6144 |   6144 |    24 | 1.00 | 0.75 |        85.8 |    80.8 |    80.5 
 abcijk-jkma-mibc |   9216 |   4096 |    24 | 0.00 | 0.99 |        84.4 |    95.7 |    82.4 
 abcijk-jkmb-miac |   6144 |   6144 |    24 | 0.00 | 1.00 |        64.1 |    75.9 |    79.0 
 abcijk-jkmc-miab |   6144 |   6144 |    24 | 1.00 | 0.75 |        85.5 |    82.8 |    81.4 
 abcijk-eiab-jkec |   6144 |   6144 |    24 | 1.00 | 0.75 |        86.6 |    81.6 |    79.6 
 abcijk-eiac-jkeb |   6144 |   6144 |    24 | 1.00 | 0.75 |        65.2 |    78.8 |    78.3 
 abcijk-eibc-jkea |   4096 |   9216 |    24 | 1.00 | 1.00 |        64.1 |    70.7 |    82.6 
 abcijk-ejab-ikec |   6144 |   6144 |    24 | 1.00 | 0.75 |        84.0 |    82.2 |    80.4 
 abcijk-ejac-ikeb |   6144 |   6144 |    24 | 1.00 | 0.75 |        65.1 |    77.3 |    78.8 
 abcijk-ejbc-ikea |   4096 |   9216 |    24 | 1.00 | 1.00 |        64.0 |    70.2 |    82.4 
 abcijk-ekab-ijec |   6144 |   6144 |    24 | 1.00 | 0.75 |        85.6 |    83.5 |    80.9 
 abcijk-ekac-ijeb |   6144 |   6144 |    24 | 1.00 | 0.75 |        64.7 |    80.4 |    79.1 
 abcijk-ekbc-ijea |   4096 |   9216 |    24 | 1.00 | 1.00 |        63.8 |    70.1 |    83.2 
       abc-bk-akc |    216 |  44064 |   204 | 0.89 | 1.00 |       158.0 |   148.5 |   135.3 

=== complex efficiency ratio (c32 GF/s over f32 GF/s; 1.0 = no penalty) ===
             case | planar c32/f32 | 1m c32/f32 | 3m c32/f32 
------------------+----------------+------------+------------
         ij-ik-kj |          1.042 |      1.015 |      0.950 
       ij-ikl-ljk |          1.600 |      1.549 |      1.465 
       ij-kil-lkj |          1.643 |      1.532 |      1.513 
       ijk-ikl-lj |          1.291 |      1.145 |      1.135 
       ijk-il-jlk |          1.410 |      1.406 |      1.329 
       ijk-ilk-jl |          1.247 |      1.200 |      1.081 
       ijk-ilk-lj |          1.268 |      1.182 |      1.108 
     ijk-ilmk-mjl |          1.310 |      1.175 |      1.023 
   ijkl-imjn-lnkm |          1.043 |      1.029 |      0.969 
   ijkl-imjn-nlmk |          1.030 |      1.009 |      0.954 
   ijkl-imkn-jnlm |          1.046 |      1.029 |      0.945 
   ijkl-imkn-njml |          1.047 |      1.053 |      0.975 
   ijkl-imln-jnkm |          1.044 |      1.031 |      0.948 
   ijkl-imln-njmk |          1.064 |      1.055 |      0.982 
   ijkl-imnj-nlkm |          1.037 |      1.024 |      0.971 
   ijkl-imnk-njml |          1.064 |      1.054 |      0.983 
   ijkl-minj-nlmk |          1.072 |      1.045 |      1.010 
   ijkl-mink-jnlm |          1.060 |      1.039 |      0.983 
   ijkl-minl-njmk |          1.097 |      1.075 |      1.020 
     aqrs-pa-pqrs |          1.443 |      1.433 |      1.546 
     abrs-qb-aqrs |          1.451 |      1.318 |      1.240 
     abcs-rc-abrs |          1.561 |      1.215 |      1.215 
       abj-bka-kj |          1.835 |      1.730 |      1.720 
       ajb-kba-jk |          1.245 |      1.175 |      1.276 
     abjc-cbka-kj |          1.979 |      1.760 |      1.961 
     ajbc-ckba-jk |          1.999 |      1.889 |      2.001 
     abjc-kbac-jk |          1.648 |      1.338 |      1.407 
   abjcd-dkbac-jk |          1.416 |      1.276 |      1.388 
   adbjc-cbdka-kj |          1.710 |      1.584 |      1.369 
   ajbdc-ckbad-jk |          1.470 |      1.362 |      1.462 
 abcijk-ijma-mkbc |          1.672 |      1.802 |      1.626 
 abcijk-ijmb-mkac |          1.626 |      1.845 |      1.944 
 abcijk-ijmc-mkab |          1.477 |      1.422 |      1.412 
 abcijk-ikma-mjbc |          1.640 |      1.963 |      1.651 
 abcijk-ikmb-mjac |          1.640 |      1.872 |      1.967 
 abcijk-ikmc-mjab |          1.421 |      1.339 |      1.333 
 abcijk-jkma-mibc |          1.601 |      1.815 |      1.562 
 abcijk-jkmb-miac |          1.626 |      1.924 |      2.002 
 abcijk-jkmc-miab |          1.446 |      1.399 |      1.376 
 abcijk-eiab-jkec |          1.493 |      1.408 |      1.372 
 abcijk-eiac-jkeb |          1.882 |      2.275 |      2.262 
 abcijk-eibc-jkea |          1.733 |      1.912 |      2.235 
 abcijk-ejab-ikec |          1.412 |      1.382 |      1.351 
 abcijk-ejac-ikeb |          1.844 |      2.189 |      2.233 
 abcijk-ejbc-ikea |          1.747 |      1.918 |      2.250 
 abcijk-ekab-ijec |          1.412 |      1.377 |      1.335 
 abcijk-ekac-ijeb |          1.903 |      2.365 |      2.327 
 abcijk-ekbc-ijea |          1.765 |      1.938 |      2.299 
       abc-bk-akc |          1.220 |      1.147 |      1.045 
             MEAN |          1.444 |      1.449 |      1.439 

wrote bench-results/phase4/rm-A2-f32c32.csv
