host        : ccqlin038.flatironinstitute.org
target      : x86_64 / linux
cpu features: avx2 fma avx512f avx512dq 
baselines   : tblis=false blas=false

sweeping 49 cases at 64 MiB nominal tensor size, 3 reps, stress=none


=== f32 ===
             case |      m |      n |     k | regA | regB | planar GF/s | 1m GF/s | 3m GF/s 
------------------+--------+--------+-------+------+------+-------------+---------+---------
         ij-ik-kj |   2904 |   2896 |  2904 | 1.00 | 1.00 |       156.5 |   156.5 |   156.5 
       ij-ikl-ljk |    216 |    204 | 44064 | 1.00 | 1.00 |        61.6 |    61.6 |    61.6 
       ij-kil-lkj |    216 |    204 | 46656 | 1.00 | 1.00 |        62.9 |    62.9 |    62.9 
       ijk-ikl-lj |  44064 |    204 |   216 | 1.00 | 1.00 |       120.1 |   120.1 |   120.1 
       ijk-il-jlk |    216 |  44064 |   204 | 1.00 | 1.00 |        95.4 |    95.4 |    95.4 
       ijk-ilk-jl |  44064 |    216 |   204 | 0.89 | 1.00 |       127.0 |   127.0 |   127.0 
       ijk-ilk-lj |  44064 |    204 |   216 | 0.89 | 1.00 |       124.6 |   124.6 |   124.6 
     ijk-ilmk-mjl |   3744 |     52 |  3744 | 0.67 | 1.00 |        80.6 |    80.6 |    80.6 
   ijkl-imjn-lnkm |   3744 |   3744 |  2704 | 0.67 | 0.92 |       144.9 |   144.9 |   144.9 
   ijkl-imjn-nlmk |   3744 |   2704 |  3744 | 0.67 | 0.92 |       154.3 |   154.3 |   154.3 
   ijkl-imkn-jnlm |   3744 |   3744 |  2704 | 0.67 | 1.00 |       156.7 |   156.7 |   156.7 
   ijkl-imkn-njml |   3744 |   2704 |  3744 | 0.67 | 0.92 |       147.9 |   147.9 |   147.9 
   ijkl-imln-jnkm |   3744 |   3744 |  2704 | 0.67 | 1.00 |       155.9 |   155.9 |   155.9 
   ijkl-imln-njmk |   3744 |   2704 |  3744 | 0.67 | 0.92 |       147.1 |   147.1 |   147.1 
   ijkl-imnj-nlkm |   3744 |   2704 |  3744 | 0.67 | 0.92 |       153.3 |   153.3 |   153.3 
   ijkl-imnk-njml |   3744 |   2704 |  3744 | 0.67 | 0.92 |       151.3 |   151.3 |   151.3 
   ijkl-minj-nlmk |   3744 |   2704 |  5184 | 0.67 | 0.92 |       145.6 |   145.6 |   145.6 
   ijkl-mink-jnlm |   3744 |   3744 |  3744 | 0.67 | 1.00 |       149.9 |   149.9 |   149.9 
   ijkl-minl-njmk |   3744 |   2704 |  5184 | 0.67 | 0.92 |       144.6 |   144.6 |   144.6 
     aqrs-pa-pqrs |     72 | 140608 |    72 | 1.00 | 1.00 |        54.4 |    54.4 |    54.4 
     abrs-qb-aqrs |     52 | 194688 |    72 | 0.67 | 1.00 |        67.1 |    67.1 |    67.1 
     abcs-rc-abrs |     52 | 194688 |    72 | 1.00 | 1.00 |        58.3 |    58.3 |    58.3 
       abj-bka-kj |  46656 |    204 |   216 | 0.89 | 1.00 |        63.9 |    63.9 |    63.9 
       ajb-kba-jk |  44064 |    216 |   216 | 0.89 | 1.00 |       115.9 |   115.9 |   115.9 
     abjc-cbka-kj | 269568 |     52 |    72 | 0.67 | 1.00 |        14.1 |    14.1 |    14.1 
     ajbc-ckba-jk | 269568 |     72 |    52 | 0.67 | 1.00 |        24.9 |    24.9 |    24.9 
     abjc-kbac-jk | 194688 |     72 |    72 | 0.67 | 1.00 |        59.6 |    59.6 |    59.6 
   abjcd-dkbac-jk | 331776 |     24 |    24 | 0.00 | 1.00 |         6.5 |     6.5 |     6.5 
   adbjc-cbdka-kj | 331776 |     24 |    24 | 0.00 | 1.00 |         4.7 |     4.7 |     4.7 
   ajbdc-ckbad-jk | 331776 |     24 |    24 | 0.00 | 1.00 |         6.1 |     6.1 |     6.1 
 abcijk-ijma-mkbc |   9216 |   4096 |    24 | 0.00 | 1.00 |        50.0 |    50.0 |    50.0 
 abcijk-ijmb-mkac |   6144 |   6144 |    24 | 0.00 | 1.00 |        38.5 |    38.5 |    38.5 
 abcijk-ijmc-mkab |   6144 |   6144 |    24 | 1.00 | 1.00 |        59.9 |    59.9 |    59.9 
 abcijk-ikma-mjbc |   9216 |   4096 |    24 | 0.00 | 1.00 |        50.5 |    50.5 |    50.5 
 abcijk-ikmb-mjac |   6144 |   6144 |    24 | 0.00 | 1.00 |        38.4 |    38.4 |    38.4 
 abcijk-ikmc-mjab |   6144 |   6144 |    24 | 1.00 | 1.00 |        59.4 |    59.4 |    59.4 
 abcijk-jkma-mibc |   9216 |   4096 |    24 | 0.00 | 1.00 |        49.9 |    49.9 |    49.9 
 abcijk-jkmb-miac |   6144 |   6144 |    24 | 0.00 | 1.00 |        39.3 |    39.3 |    39.3 
 abcijk-jkmc-miab |   6144 |   6144 |    24 | 1.00 | 1.00 |        57.3 |    57.3 |    57.3 
 abcijk-eiab-jkec |   6144 |   6144 |    24 | 1.00 | 1.00 |        59.1 |    59.1 |    59.1 
 abcijk-eiac-jkeb |   6144 |   6144 |    24 | 1.00 | 1.00 |        32.8 |    32.8 |    32.8 
 abcijk-eibc-jkea |   4096 |   9216 |    24 | 0.88 | 1.00 |        36.3 |    36.3 |    36.3 
 abcijk-ejab-ikec |   6144 |   6144 |    24 | 1.00 | 1.00 |        60.2 |    60.2 |    60.2 
 abcijk-ejac-ikeb |   6144 |   6144 |    24 | 1.00 | 1.00 |        34.1 |    34.1 |    34.1 
 abcijk-ejbc-ikea |   4096 |   9216 |    24 | 0.88 | 1.00 |        36.8 |    36.8 |    36.8 
 abcijk-ekab-ijec |   6144 |   6144 |    24 | 1.00 | 1.00 |        60.2 |    60.2 |    60.2 
 abcijk-ekac-ijeb |   6144 |   6144 |    24 | 1.00 | 1.00 |        34.1 |    34.1 |    34.1 
 abcijk-ekbc-ijea |   4096 |   9216 |    24 | 0.88 | 1.00 |        36.4 |    36.4 |    36.4 
       abc-bk-akc |    216 |  44064 |   204 | 0.89 | 1.00 |       124.8 |   124.8 |   124.8 

=== c32 ===
             case |      m |      n |     k | regA | regB | planar GF/s | 1m GF/s | 3m GF/s 
------------------+--------+--------+-------+------+------+-------------+---------+---------
         ij-ik-kj |   2904 |   2896 |  2904 | 1.00 | 1.00 |       168.4 |   163.0 |   152.2 
       ij-ikl-ljk |    216 |    204 | 44064 | 1.00 | 1.00 |       100.2 |    95.6 |    89.7 
       ij-kil-lkj |    216 |    204 | 46656 | 1.00 | 1.00 |       104.0 |    98.4 |    95.2 
       ijk-ikl-lj |  44064 |    204 |   216 | 1.00 | 1.00 |       151.1 |   138.8 |   132.3 
       ijk-il-jlk |    216 |  44064 |   204 | 1.00 | 1.00 |       140.3 |   140.1 |   129.4 
       ijk-ilk-jl |  44064 |    216 |   204 | 0.89 | 1.00 |       156.6 |   150.9 |   134.3 
       ijk-ilk-lj |  44064 |    204 |   216 | 0.89 | 1.00 |       153.8 |   146.1 |   132.7 
     ijk-ilmk-mjl |   3744 |     52 |  3744 | 0.67 | 1.00 |       106.4 |    92.0 |    79.3 
   ijkl-imjn-lnkm |   3744 |   3744 |  2704 | 0.67 | 0.92 |       163.9 |   153.5 |   148.1 
   ijkl-imjn-nlmk |   3744 |   2704 |  3744 | 0.67 | 0.92 |       168.9 |   160.2 |   151.6 
   ijkl-imkn-jnlm |   3744 |   3744 |  2704 | 0.67 | 1.00 |       163.3 |   158.4 |   146.8 
   ijkl-imkn-njml |   3744 |   2704 |  3744 | 0.67 | 0.92 |       164.7 |   160.9 |   149.3 
   ijkl-imln-jnkm |   3744 |   3744 |  2704 | 0.67 | 1.00 |       165.0 |   160.2 |   145.8 
   ijkl-imln-njmk |   3744 |   2704 |  3744 | 0.67 | 0.92 |       163.5 |   161.4 |   149.6 
   ijkl-imnj-nlkm |   3744 |   2704 |  3744 | 0.67 | 0.92 |       167.4 |   159.4 |   152.4 
   ijkl-imnk-njml |   3744 |   2704 |  3744 | 0.67 | 0.92 |       164.4 |   155.5 |   149.8 
   ijkl-minj-nlmk |   3744 |   2704 |  5184 | 0.67 | 0.92 |       164.0 |   155.5 |   152.3 
   ijkl-mink-jnlm |   3744 |   3744 |  3744 | 0.67 | 1.00 |       163.0 |   157.5 |   152.0 
   ijkl-minl-njmk |   3744 |   2704 |  5184 | 0.67 | 0.92 |       161.1 |   154.4 |   150.4 
     aqrs-pa-pqrs |     72 | 140608 |    72 | 1.00 | 1.00 |        79.7 |    78.1 |    86.6 
     abrs-qb-aqrs |     52 | 194688 |    72 | 0.67 | 1.00 |        93.9 |    88.2 |    78.5 
     abcs-rc-abrs |     52 | 194688 |    72 | 1.00 | 1.00 |        94.0 |    71.9 |    73.6 
       abj-bka-kj |  46656 |    204 |   216 | 0.89 | 1.00 |       117.6 |   110.4 |   109.9 
       ajb-kba-jk |  44064 |    216 |   216 | 0.89 | 1.00 |       146.0 |   137.2 |   149.9 
     abjc-cbka-kj | 269568 |     52 |    72 | 0.67 | 1.00 |        28.3 |    24.8 |    27.0 
     ajbc-ckba-jk | 269568 |     72 |    52 | 0.67 | 1.00 |        50.3 |    48.0 |    50.3 
     abjc-kbac-jk | 194688 |     72 |    72 | 0.67 | 1.00 |        97.9 |    82.1 |    84.0 
   abjcd-dkbac-jk | 331776 |     24 |    24 | 0.00 | 1.00 |         9.3 |     8.3 |     9.0 
   adbjc-cbdka-kj | 331776 |     24 |    24 | 0.00 | 1.00 |         7.9 |     7.4 |     6.3 
   ajbdc-ckbad-jk | 331776 |     24 |    24 | 0.00 | 1.00 |         8.6 |     8.2 |     8.8 
 abcijk-ijma-mkbc |   9216 |   4096 |    24 | 0.00 | 0.99 |        83.2 |    93.0 |    86.2 
 abcijk-ijmb-mkac |   6144 |   6144 |    24 | 0.00 | 1.00 |        66.0 |    74.3 |    81.4 
 abcijk-ijmc-mkab |   6144 |   6144 |    24 | 1.00 | 0.75 |        93.8 |    88.9 |    82.8 
 abcijk-ikma-mjbc |   9216 |   4096 |    24 | 0.00 | 0.99 |        82.2 |    93.4 |    84.0 
 abcijk-ikmb-mjac |   6144 |   6144 |    24 | 0.00 | 1.00 |        65.3 |    72.9 |    80.4 
 abcijk-ikmc-mjab |   6144 |   6144 |    24 | 1.00 | 0.75 |        95.4 |    87.8 |    80.6 
 abcijk-jkma-mibc |   9216 |   4096 |    24 | 0.00 | 0.99 |        82.5 |    92.2 |    86.0 
 abcijk-jkmb-miac |   6144 |   6144 |    24 | 0.00 | 1.00 |        64.0 |    73.2 |    81.2 
 abcijk-jkmc-miab |   6144 |   6144 |    24 | 1.00 | 0.75 |        95.6 |    89.5 |    84.0 
 abcijk-eiab-jkec |   6144 |   6144 |    24 | 1.00 | 0.75 |        94.8 |    90.0 |    82.1 
 abcijk-eiac-jkeb |   6144 |   6144 |    24 | 1.00 | 0.75 |        61.8 |    74.4 |    80.6 
 abcijk-eibc-jkea |   4096 |   9216 |    24 | 1.00 | 1.00 |        62.9 |    69.5 |    86.0 
 abcijk-ejab-ikec |   6144 |   6144 |    24 | 1.00 | 0.75 |        95.3 |    89.8 |    82.3 
 abcijk-ejac-ikeb |   6144 |   6144 |    24 | 1.00 | 0.75 |        63.9 |    76.3 |    81.5 
 abcijk-ejbc-ikea |   4096 |   9216 |    24 | 1.00 | 1.00 |        62.0 |    69.3 |    85.9 
 abcijk-ekab-ijec |   6144 |   6144 |    24 | 1.00 | 0.75 |        93.7 |    88.2 |    83.5 
 abcijk-ekac-ijeb |   6144 |   6144 |    24 | 1.00 | 0.75 |        64.7 |    75.2 |    81.2 
 abcijk-ekbc-ijea |   4096 |   9216 |    24 | 1.00 | 1.00 |        63.4 |    68.3 |    84.5 
       abc-bk-akc |    216 |  44064 |   204 | 0.89 | 1.00 |       154.3 |   148.9 |   136.0 

=== complex efficiency ratio (c32 GF/s over f32 GF/s; 1.0 = no penalty) ===
             case | planar c32/f32 | 1m c32/f32 | 3m c32/f32 
------------------+----------------+------------+------------
         ij-ik-kj |          1.076 |      1.041 |      0.973 
       ij-ikl-ljk |          1.628 |      1.553 |      1.457 
       ij-kil-lkj |          1.653 |      1.564 |      1.513 
       ijk-ikl-lj |          1.259 |      1.156 |      1.102 
       ijk-il-jlk |          1.471 |      1.468 |      1.357 
       ijk-ilk-jl |          1.233 |      1.189 |      1.057 
       ijk-ilk-lj |          1.234 |      1.173 |      1.065 
     ijk-ilmk-mjl |          1.320 |      1.141 |      0.984 
   ijkl-imjn-lnkm |          1.131 |      1.059 |      1.022 
   ijkl-imjn-nlmk |          1.095 |      1.038 |      0.982 
   ijkl-imkn-jnlm |          1.042 |      1.011 |      0.937 
   ijkl-imkn-njml |          1.114 |      1.088 |      1.010 
   ijkl-imln-jnkm |          1.058 |      1.028 |      0.935 
   ijkl-imln-njmk |          1.111 |      1.097 |      1.017 
   ijkl-imnj-nlkm |          1.092 |      1.040 |      0.994 
   ijkl-imnk-njml |          1.086 |      1.028 |      0.990 
   ijkl-minj-nlmk |          1.127 |      1.068 |      1.046 
   ijkl-mink-jnlm |          1.087 |      1.051 |      1.014 
   ijkl-minl-njmk |          1.115 |      1.068 |      1.040 
     aqrs-pa-pqrs |          1.465 |      1.437 |      1.592 
     abrs-qb-aqrs |          1.399 |      1.315 |      1.170 
     abcs-rc-abrs |          1.613 |      1.233 |      1.263 
       abj-bka-kj |          1.840 |      1.727 |      1.720 
       ajb-kba-jk |          1.260 |      1.184 |      1.294 
     abjc-cbka-kj |          2.002 |      1.755 |      1.913 
     ajbc-ckba-jk |          2.018 |      1.925 |      2.018 
     abjc-kbac-jk |          1.644 |      1.379 |      1.411 
   abjcd-dkbac-jk |          1.429 |      1.286 |      1.380 
   adbjc-cbdka-kj |          1.693 |      1.585 |      1.354 
   ajbdc-ckbad-jk |          1.415 |      1.350 |      1.444 
 abcijk-ijma-mkbc |          1.664 |      1.861 |      1.725 
 abcijk-ijmb-mkac |          1.717 |      1.933 |      2.116 
 abcijk-ijmc-mkab |          1.567 |      1.485 |      1.382 
 abcijk-ikma-mjbc |          1.626 |      1.847 |      1.662 
 abcijk-ikmb-mjac |          1.701 |      1.898 |      2.092 
 abcijk-ikmc-mjab |          1.605 |      1.478 |      1.356 
 abcijk-jkma-mibc |          1.654 |      1.849 |      1.725 
 abcijk-jkmb-miac |          1.631 |      1.864 |      2.069 
 abcijk-jkmc-miab |          1.667 |      1.560 |      1.464 
 abcijk-eiab-jkec |          1.604 |      1.523 |      1.390 
 abcijk-eiac-jkeb |          1.880 |      2.265 |      2.454 
 abcijk-eibc-jkea |          1.732 |      1.915 |      2.371 
 abcijk-ejab-ikec |          1.582 |      1.491 |      1.367 
 abcijk-ejac-ikeb |          1.874 |      2.236 |      2.389 
 abcijk-ejbc-ikea |          1.685 |      1.882 |      2.333 
 abcijk-ekab-ijec |          1.555 |      1.465 |      1.387 
 abcijk-ekac-ijeb |          1.900 |      2.207 |      2.384 
 abcijk-ekbc-ijea |          1.739 |      1.874 |      2.318 
       abc-bk-akc |          1.236 |      1.194 |      1.090 
             MEAN |          1.476 |      1.467 |      1.472 

wrote bench-results/phase4/wb-f32c32.csv
