host        : ccqlin038.flatironinstitute.org
target      : x86_64 / linux
cpu features: avx2 fma avx512f avx512dq 
caches      : L1=32KiB/8-way/2sh L2=1024KiB/16-way/2sh L3=25344KiB/11-way/16sh (via sysfs), blocking=legacy
baselines   : tblis=false blas=false

sweeping 49 cases at 64 MiB nominal tensor size, 3 reps, stress=none


=== f32 ===
             case |      m |      n |     k | regA | regB | planar GF/s | 1m GF/s | 3m GF/s 
------------------+--------+--------+-------+------+------+-------------+---------+---------
         ij-ik-kj |   2904 |   2896 |  2904 | 1.00 | 1.00 |       157.8 |   157.8 |   157.8 
       ij-ikl-ljk |    216 |    204 | 44064 | 1.00 | 1.00 |        61.5 |    61.5 |    61.5 
       ij-kil-lkj |    216 |    204 | 46656 | 1.00 | 1.00 |        64.4 |    64.4 |    64.4 
       ijk-ikl-lj |  44064 |    204 |   216 | 1.00 | 1.00 |       119.2 |   119.2 |   119.2 
       ijk-il-jlk |    216 |  44064 |   204 | 1.00 | 1.00 |        98.5 |    98.5 |    98.5 
       ijk-ilk-jl |  44064 |    216 |   204 | 0.89 | 1.00 |       126.6 |   126.6 |   126.6 
       ijk-ilk-lj |  44064 |    204 |   216 | 0.89 | 1.00 |       127.7 |   127.7 |   127.7 
     ijk-ilmk-mjl |   3744 |     52 |  3744 | 0.67 | 1.00 |        81.0 |    81.0 |    81.0 
   ijkl-imjn-lnkm |   3744 |   3744 |  2704 | 0.67 | 0.92 |       148.7 |   148.7 |   148.7 
   ijkl-imjn-nlmk |   3744 |   2704 |  3744 | 0.67 | 0.92 |       156.3 |   156.3 |   156.3 
   ijkl-imkn-jnlm |   3744 |   3744 |  2704 | 0.67 | 1.00 |       154.8 |   154.8 |   154.8 
   ijkl-imkn-njml |   3744 |   2704 |  3744 | 0.67 | 0.92 |       154.5 |   154.5 |   154.5 
   ijkl-imln-jnkm |   3744 |   3744 |  2704 | 0.67 | 1.00 |       154.7 |   154.7 |   154.7 
   ijkl-imln-njmk |   3744 |   2704 |  3744 | 0.67 | 0.92 |       153.5 |   153.5 |   153.5 
   ijkl-imnj-nlkm |   3744 |   2704 |  3744 | 0.67 | 0.92 |       154.8 |   154.8 |   154.8 
   ijkl-imnk-njml |   3744 |   2704 |  3744 | 0.67 | 0.92 |       154.6 |   154.6 |   154.6 
   ijkl-minj-nlmk |   3744 |   2704 |  5184 | 0.67 | 0.92 |       149.0 |   149.0 |   149.0 
   ijkl-mink-jnlm |   3744 |   3744 |  3744 | 0.67 | 1.00 |       156.0 |   156.0 |   156.0 
   ijkl-minl-njmk |   3744 |   2704 |  5184 | 0.67 | 0.92 |       150.3 |   150.3 |   150.3 
     aqrs-pa-pqrs |     72 | 140608 |    72 | 1.00 | 1.00 |        56.9 |    56.9 |    56.9 
     abrs-qb-aqrs |     52 | 194688 |    72 | 0.67 | 1.00 |        66.8 |    66.8 |    66.8 
     abcs-rc-abrs |     52 | 194688 |    72 | 1.00 | 1.00 |        59.0 |    59.0 |    59.0 
       abj-bka-kj |  46656 |    204 |   216 | 0.89 | 1.00 |        65.8 |    65.8 |    65.8 
       ajb-kba-jk |  44064 |    216 |   216 | 0.89 | 1.00 |       119.2 |   119.2 |   119.2 
     abjc-cbka-kj | 269568 |     52 |    72 | 0.67 | 1.00 |        14.3 |    14.3 |    14.3 
     ajbc-ckba-jk | 269568 |     72 |    52 | 0.67 | 1.00 |        25.4 |    25.4 |    25.4 
     abjc-kbac-jk | 194688 |     72 |    72 | 0.67 | 1.00 |        61.6 |    61.6 |    61.6 
   abjcd-dkbac-jk | 331776 |     24 |    24 | 0.00 | 1.00 |         6.7 |     6.7 |     6.7 
   adbjc-cbdka-kj | 331776 |     24 |    24 | 0.00 | 1.00 |         4.8 |     4.8 |     4.8 
   ajbdc-ckbad-jk | 331776 |     24 |    24 | 0.00 | 1.00 |         6.2 |     6.2 |     6.2 
 abcijk-ijma-mkbc |   9216 |   4096 |    24 | 0.00 | 1.00 |        52.3 |    52.3 |    52.3 
 abcijk-ijmb-mkac |   6144 |   6144 |    24 | 0.00 | 1.00 |        40.5 |    40.5 |    40.5 
 abcijk-ijmc-mkab |   6144 |   6144 |    24 | 1.00 | 1.00 |        60.3 |    60.3 |    60.3 
 abcijk-ikma-mjbc |   9216 |   4096 |    24 | 0.00 | 1.00 |        52.0 |    52.0 |    52.0 
 abcijk-ikmb-mjac |   6144 |   6144 |    24 | 0.00 | 1.00 |        40.9 |    40.9 |    40.9 
 abcijk-ikmc-mjab |   6144 |   6144 |    24 | 1.00 | 1.00 |        60.3 |    60.3 |    60.3 
 abcijk-jkma-mibc |   9216 |   4096 |    24 | 0.00 | 1.00 |        52.9 |    52.9 |    52.9 
 abcijk-jkmb-miac |   6144 |   6144 |    24 | 0.00 | 1.00 |        41.0 |    41.0 |    41.0 
 abcijk-jkmc-miab |   6144 |   6144 |    24 | 1.00 | 1.00 |        59.5 |    59.5 |    59.5 
 abcijk-eiab-jkec |   6144 |   6144 |    24 | 1.00 | 1.00 |        59.7 |    59.7 |    59.7 
 abcijk-eiac-jkeb |   6144 |   6144 |    24 | 0.00 | 1.00 |        40.6 |    40.6 |    40.6 
 abcijk-eibc-jkea |   4096 |   9216 |    24 | 0.00 | 1.00 |        52.4 |    52.4 |    52.4 
 abcijk-ejab-ikec |   6144 |   6144 |    24 | 1.00 | 1.00 |        60.6 |    60.6 |    60.6 
 abcijk-ejac-ikeb |   6144 |   6144 |    24 | 0.00 | 1.00 |        40.6 |    40.6 |    40.6 
 abcijk-ejbc-ikea |   4096 |   9216 |    24 | 0.00 | 1.00 |        49.5 |    49.5 |    49.5 
 abcijk-ekab-ijec |   6144 |   6144 |    24 | 1.00 | 1.00 |        61.1 |    61.1 |    61.1 
 abcijk-ekac-ijeb |   6144 |   6144 |    24 | 0.00 | 1.00 |        40.6 |    40.6 |    40.6 
 abcijk-ekbc-ijea |   4096 |   9216 |    24 | 0.00 | 1.00 |        52.6 |    52.6 |    52.6 
       abc-bk-akc |    216 |  44064 |   204 | 0.89 | 1.00 |       125.8 |   125.8 |   125.8 

=== c32 ===
             case |      m |      n |     k | regA | regB | planar GF/s | 1m GF/s | 3m GF/s 
------------------+--------+--------+-------+------+------+-------------+---------+---------
         ij-ik-kj |   2904 |   2896 |  2904 | 1.00 | 1.00 |       165.9 |   158.7 |   151.3 
       ij-ikl-ljk |    216 |    204 | 44064 | 1.00 | 1.00 |        98.9 |    93.6 |    90.2 
       ij-kil-lkj |    216 |    204 | 46656 | 1.00 | 1.00 |       103.9 |    96.6 |    95.7 
       ijk-ikl-lj |  44064 |    204 |   216 | 1.00 | 1.00 |       152.5 |   134.3 |   138.7 
       ijk-il-jlk |    216 |  44064 |   204 | 1.00 | 1.00 |       143.2 |   138.8 |   136.4 
       ijk-ilk-jl |  44064 |    216 |   204 | 0.89 | 1.00 |       158.7 |   150.8 |   140.6 
       ijk-ilk-lj |  44064 |    204 |   216 | 0.89 | 1.00 |       158.4 |   148.4 |   138.3 
     ijk-ilmk-mjl |   3744 |     52 |  3744 | 0.67 | 1.00 |       105.7 |    95.7 |    81.7 
   ijkl-imjn-lnkm |   3744 |   3744 |  2704 | 0.67 | 0.92 |       161.3 |   159.9 |   149.4 
   ijkl-imjn-nlmk |   3744 |   2704 |  3744 | 0.67 | 0.92 |       164.3 |   163.3 |   153.9 
   ijkl-imkn-jnlm |   3744 |   3744 |  2704 | 0.67 | 1.00 |       163.3 |   164.2 |   150.6 
   ijkl-imkn-njml |   3744 |   2704 |  3744 | 0.67 | 0.92 |       165.5 |   164.1 |   153.2 
   ijkl-imln-jnkm |   3744 |   3744 |  2704 | 0.67 | 1.00 |       162.5 |   164.6 |   150.4 
   ijkl-imln-njmk |   3744 |   2704 |  3744 | 0.67 | 0.92 |       164.4 |   166.8 |   151.3 
   ijkl-imnj-nlkm |   3744 |   2704 |  3744 | 0.67 | 0.92 |       165.0 |   160.1 |   153.2 
   ijkl-imnk-njml |   3744 |   2704 |  3744 | 0.67 | 0.92 |       164.7 |   164.2 |   152.3 
   ijkl-minj-nlmk |   3744 |   2704 |  5184 | 0.67 | 0.92 |       162.6 |   158.9 |   153.2 
   ijkl-mink-jnlm |   3744 |   3744 |  3744 | 0.67 | 1.00 |       165.5 |   164.0 |   154.4 
   ijkl-minl-njmk |   3744 |   2704 |  5184 | 0.67 | 0.92 |       163.0 |   161.7 |   153.0 
     aqrs-pa-pqrs |     72 | 140608 |    72 | 1.00 | 1.00 |        82.8 |    81.7 |    88.1 
     abrs-qb-aqrs |     52 | 194688 |    72 | 0.67 | 1.00 |        95.8 |    88.6 |    82.1 
     abcs-rc-abrs |     52 | 194688 |    72 | 1.00 | 1.00 |        96.3 |    70.0 |    75.6 
       abj-bka-kj |  46656 |    204 |   216 | 0.89 | 1.00 |       119.9 |   109.9 |   112.7 
       ajb-kba-jk |  44064 |    216 |   216 | 0.89 | 1.00 |       147.3 |   140.4 |   153.6 
     abjc-cbka-kj | 269568 |     52 |    72 | 0.67 | 1.00 |        28.4 |    25.1 |    28.2 
     ajbc-ckba-jk | 269568 |     72 |    52 | 0.67 | 1.00 |        51.0 |    48.3 |    51.6 
     abjc-kbac-jk | 194688 |     72 |    72 | 0.67 | 1.00 |       102.9 |    81.6 |    89.2 
   abjcd-dkbac-jk | 331776 |     24 |    24 | 0.00 | 1.00 |         9.6 |     8.6 |     9.3 
   adbjc-cbdka-kj | 331776 |     24 |    24 | 0.00 | 1.00 |         8.2 |     7.5 |     6.5 
   ajbdc-ckbad-jk | 331776 |     24 |    24 | 0.00 | 1.00 |         9.1 |     8.0 |     9.2 
 abcijk-ijma-mkbc |   9216 |   4096 |    24 | 0.00 | 0.99 |        86.3 |   105.8 |    87.4 
 abcijk-ijmb-mkac |   6144 |   6144 |    24 | 0.00 | 1.00 |        66.6 |    94.3 |    81.3 
 abcijk-ijmc-mkab |   6144 |   6144 |    24 | 1.00 | 0.75 |        95.2 |    84.3 |    82.8 
 abcijk-ikma-mjbc |   9216 |   4096 |    24 | 0.00 | 0.99 |        86.7 |   105.9 |    88.6 
 abcijk-ikmb-mjac |   6144 |   6144 |    24 | 0.00 | 1.00 |        67.0 |    93.5 |    81.7 
 abcijk-ikmc-mjab |   6144 |   6144 |    24 | 1.00 | 0.75 |        96.2 |    84.1 |    85.0 
 abcijk-jkma-mibc |   9216 |   4096 |    24 | 0.00 | 0.99 |        86.3 |   102.5 |    88.1 
 abcijk-jkmb-miac |   6144 |   6144 |    24 | 0.00 | 1.00 |        66.5 |    94.9 |    81.1 
 abcijk-jkmc-miab |   6144 |   6144 |    24 | 1.00 | 0.75 |        95.6 |    84.7 |    85.0 
 abcijk-eiab-jkec |   6144 |   6144 |    24 | 1.00 | 0.75 |        96.3 |    84.0 |    85.0 
 abcijk-eiac-jkeb |   6144 |   6144 |    24 | 0.00 | 1.00 |        67.0 |    93.9 |    80.4 
 abcijk-eibc-jkea |   4096 |   9216 |    24 | 0.00 | 0.99 |        86.4 |   103.6 |    86.8 
 abcijk-ejab-ikec |   6144 |   6144 |    24 | 1.00 | 0.75 |        96.6 |    85.2 |    84.2 
 abcijk-ejac-ikeb |   6144 |   6144 |    24 | 0.00 | 1.00 |        67.1 |    93.9 |    80.8 
 abcijk-ejbc-ikea |   4096 |   9216 |    24 | 0.00 | 0.99 |        86.8 |   104.1 |    89.2 
 abcijk-ekab-ijec |   6144 |   6144 |    24 | 1.00 | 0.75 |        96.6 |    83.9 |    85.1 
 abcijk-ekac-ijeb |   6144 |   6144 |    24 | 0.00 | 1.00 |        67.2 |    94.0 |    80.5 
 abcijk-ekbc-ijea |   4096 |   9216 |    24 | 0.00 | 0.99 |        87.1 |   101.1 |    88.3 
       abc-bk-akc |    216 |  44064 |   204 | 0.89 | 1.00 |       162.7 |   152.1 |   142.4 

=== complex efficiency ratio (c32 GF/s over f32 GF/s; 1.0 = no penalty) ===
             case | planar c32/f32 | 1m c32/f32 | 3m c32/f32 
------------------+----------------+------------+------------
         ij-ik-kj |          1.052 |      1.005 |      0.959 
       ij-ikl-ljk |          1.608 |      1.521 |      1.467 
       ij-kil-lkj |          1.614 |      1.500 |      1.486 
       ijk-ikl-lj |          1.279 |      1.127 |      1.163 
       ijk-il-jlk |          1.455 |      1.409 |      1.385 
       ijk-ilk-jl |          1.253 |      1.191 |      1.110 
       ijk-ilk-lj |          1.241 |      1.162 |      1.083 
     ijk-ilmk-mjl |          1.305 |      1.181 |      1.009 
   ijkl-imjn-lnkm |          1.085 |      1.075 |      1.005 
   ijkl-imjn-nlmk |          1.051 |      1.044 |      0.985 
   ijkl-imkn-jnlm |          1.055 |      1.061 |      0.973 
   ijkl-imkn-njml |          1.071 |      1.062 |      0.991 
   ijkl-imln-jnkm |          1.051 |      1.065 |      0.972 
   ijkl-imln-njmk |          1.071 |      1.087 |      0.986 
   ijkl-imnj-nlkm |          1.066 |      1.034 |      0.990 
   ijkl-imnk-njml |          1.065 |      1.062 |      0.985 
   ijkl-minj-nlmk |          1.091 |      1.067 |      1.028 
   ijkl-mink-jnlm |          1.061 |      1.051 |      0.990 
   ijkl-minl-njmk |          1.085 |      1.076 |      1.018 
     aqrs-pa-pqrs |          1.457 |      1.436 |      1.549 
     abrs-qb-aqrs |          1.435 |      1.328 |      1.229 
     abcs-rc-abrs |          1.632 |      1.186 |      1.281 
       abj-bka-kj |          1.823 |      1.670 |      1.714 
       ajb-kba-jk |          1.236 |      1.178 |      1.288 
     abjc-cbka-kj |          1.982 |      1.753 |      1.973 
     ajbc-ckba-jk |          2.005 |      1.898 |      2.028 
     abjc-kbac-jk |          1.671 |      1.326 |      1.449 
   abjcd-dkbac-jk |          1.449 |      1.295 |      1.404 
   adbjc-cbdka-kj |          1.699 |      1.565 |      1.351 
   ajbdc-ckbad-jk |          1.457 |      1.287 |      1.481 
 abcijk-ijma-mkbc |          1.651 |      2.024 |      1.673 
 abcijk-ijmb-mkac |          1.644 |      2.330 |      2.007 
 abcijk-ijmc-mkab |          1.579 |      1.398 |      1.373 
 abcijk-ikma-mjbc |          1.667 |      2.038 |      1.704 
 abcijk-ikmb-mjac |          1.639 |      2.285 |      1.998 
 abcijk-ikmc-mjab |          1.595 |      1.393 |      1.408 
 abcijk-jkma-mibc |          1.631 |      1.937 |      1.664 
 abcijk-jkmb-miac |          1.624 |      2.316 |      1.980 
 abcijk-jkmc-miab |          1.608 |      1.424 |      1.429 
 abcijk-eiab-jkec |          1.613 |      1.408 |      1.424 
 abcijk-eiac-jkeb |          1.651 |      2.315 |      1.982 
 abcijk-eibc-jkea |          1.649 |      1.977 |      1.657 
 abcijk-ejab-ikec |          1.594 |      1.407 |      1.390 
 abcijk-ejac-ikeb |          1.652 |      2.313 |      1.991 
 abcijk-ejbc-ikea |          1.753 |      2.101 |      1.800 
 abcijk-ekab-ijec |          1.581 |      1.373 |      1.392 
 abcijk-ekac-ijeb |          1.654 |      2.313 |      1.982 
 abcijk-ekbc-ijea |          1.656 |      1.922 |      1.680 
       abc-bk-akc |          1.294 |      1.210 |      1.132 
             MEAN |          1.452 |      1.494 |      1.408 

wrote bench-results/ccqlin038-blocking/bl-basem-f32c32.csv
