host        : ccqlin038.flatironinstitute.org
target      : x86_64 / linux
cpu features: avx2 fma avx512f avx512dq 
caches      : L1=32KiB/8-way/2sh L2=1024KiB/16-way/2sh L3=25344KiB/11-way/16sh (via sysfs), blocking=legacy
baselines   : tblis=false blas=false

sweeping 49 cases at 64 MiB nominal tensor size, 3 reps, stress=none


=== f64 ===
             case |      m |      n |     k | regA | regB | planar GF/s | 1m GF/s | 3m GF/s 
------------------+--------+--------+-------+------+------+-------------+---------+---------
         ij-ik-kj |   2904 |   2896 |  2904 | 1.00 | 1.00 |        72.4 |    72.4 |    72.4 
       ij-ikl-ljk |    216 |    204 | 44064 | 1.00 | 1.00 |        35.7 |    35.7 |    35.7 
       ij-kil-lkj |    216 |    204 | 46656 | 1.00 | 1.00 |        38.4 |    38.4 |    38.4 
       ijk-ikl-lj |  44064 |    204 |   216 | 1.00 | 1.00 |        58.3 |    58.3 |    58.3 
       ijk-il-jlk |    216 |  44064 |   204 | 1.00 | 1.00 |        47.8 |    47.8 |    47.8 
       ijk-ilk-jl |  44064 |    216 |   204 | 1.00 | 1.00 |        62.2 |    62.2 |    62.2 
       ijk-ilk-lj |  44064 |    204 |   216 | 1.00 | 1.00 |        61.6 |    61.6 |    61.6 
     ijk-ilmk-mjl |   3744 |     52 |  3744 | 1.00 | 1.00 |        43.7 |    43.7 |    43.7 
   ijkl-imjn-lnkm |   3744 |   3744 |  2704 | 1.00 | 0.92 |        72.1 |    72.1 |    72.1 
   ijkl-imjn-nlmk |   3744 |   2704 |  3744 | 1.00 | 0.92 |        71.3 |    71.3 |    71.3 
   ijkl-imkn-jnlm |   3744 |   3744 |  2704 | 1.00 | 1.00 |        71.2 |    71.2 |    71.2 
   ijkl-imkn-njml |   3744 |   2704 |  3744 | 1.00 | 0.92 |        71.2 |    71.2 |    71.2 
   ijkl-imln-jnkm |   3744 |   3744 |  2704 | 1.00 | 1.00 |        71.4 |    71.4 |    71.4 
   ijkl-imln-njmk |   3744 |   2704 |  3744 | 1.00 | 0.92 |        70.9 |    70.9 |    70.9 
   ijkl-imnj-nlkm |   3744 |   2704 |  3744 | 1.00 | 0.92 |        70.3 |    70.3 |    70.3 
   ijkl-imnk-njml |   3744 |   2704 |  3744 | 1.00 | 0.92 |        70.2 |    70.2 |    70.2 
   ijkl-minj-nlmk |   3744 |   2704 |  5184 | 1.00 | 0.92 |        69.6 |    69.6 |    69.6 
   ijkl-mink-jnlm |   3744 |   3744 |  3744 | 1.00 | 1.00 |        70.7 |    70.7 |    70.7 
   ijkl-minl-njmk |   3744 |   2704 |  5184 | 1.00 | 0.92 |        69.3 |    69.3 |    69.3 
     aqrs-pa-pqrs |     72 | 140608 |    72 | 1.00 | 1.00 |        33.5 |    33.5 |    33.5 
     abrs-qb-aqrs |     52 | 194688 |    72 | 1.00 | 1.00 |        37.0 |    37.0 |    37.0 
     abcs-rc-abrs |     52 | 194688 |    72 | 1.00 | 1.00 |        29.8 |    29.8 |    29.8 
       abj-bka-kj |  46656 |    204 |   216 | 1.00 | 1.00 |        41.4 |    41.4 |    41.4 
       ajb-kba-jk |  44064 |    216 |   216 | 1.00 | 1.00 |        63.7 |    63.7 |    63.7 
     abjc-cbka-kj | 269568 |     52 |    72 | 1.00 | 1.00 |         8.5 |     8.5 |     8.5 
     ajbc-ckba-jk | 269568 |     72 |    52 | 1.00 | 1.00 |        16.5 |    16.5 |    16.5 
     abjc-kbac-jk | 194688 |     72 |    72 | 1.00 | 1.00 |        34.9 |    34.9 |    34.9 
   abjcd-dkbac-jk | 331776 |     24 |    24 | 1.00 | 1.00 |         2.6 |     2.6 |     2.6 
   adbjc-cbdka-kj | 331776 |     24 |    24 | 1.00 | 1.00 |         1.6 |     1.6 |     1.6 
   ajbdc-ckbad-jk | 331776 |     24 |    24 | 1.00 | 1.00 |         2.8 |     2.8 |     2.8 
 abcijk-ijma-mkbc |   9216 |   4096 |    24 | 1.00 | 1.00 |        36.4 |    36.4 |    36.4 
 abcijk-ijmb-mkac |   6144 |   6144 |    24 | 1.00 | 1.00 |        32.5 |    32.5 |    32.5 
 abcijk-ijmc-mkab |   6144 |   6144 |    24 | 1.00 | 1.00 |        28.7 |    28.7 |    28.7 
 abcijk-ikma-mjbc |   9216 |   4096 |    24 | 1.00 | 1.00 |        35.7 |    35.7 |    35.7 
 abcijk-ikmb-mjac |   6144 |   6144 |    24 | 1.00 | 1.00 |        32.7 |    32.7 |    32.7 
 abcijk-ikmc-mjab |   6144 |   6144 |    24 | 1.00 | 1.00 |        29.2 |    29.2 |    29.2 
 abcijk-jkma-mibc |   9216 |   4096 |    24 | 1.00 | 1.00 |        35.7 |    35.7 |    35.7 
 abcijk-jkmb-miac |   6144 |   6144 |    24 | 1.00 | 1.00 |        32.7 |    32.7 |    32.7 
 abcijk-jkmc-miab |   6144 |   6144 |    24 | 1.00 | 1.00 |        29.5 |    29.5 |    29.5 
 abcijk-eiab-jkec |   6144 |   6144 |    24 | 1.00 | 1.00 |        29.7 |    29.7 |    29.7 
 abcijk-eiac-jkeb |   6144 |   6144 |    24 | 1.00 | 1.00 |        32.8 |    32.8 |    32.8 
 abcijk-eibc-jkea |   4096 |   9216 |    24 | 1.00 | 1.00 |        36.0 |    36.0 |    36.0 
 abcijk-ejab-ikec |   6144 |   6144 |    24 | 1.00 | 1.00 |        28.6 |    28.6 |    28.6 
 abcijk-ejac-ikeb |   6144 |   6144 |    24 | 1.00 | 1.00 |        32.4 |    32.4 |    32.4 
 abcijk-ejbc-ikea |   4096 |   9216 |    24 | 1.00 | 1.00 |        36.2 |    36.2 |    36.2 
 abcijk-ekab-ijec |   6144 |   6144 |    24 | 1.00 | 1.00 |        29.6 |    29.6 |    29.6 
 abcijk-ekac-ijeb |   6144 |   6144 |    24 | 1.00 | 1.00 |        32.8 |    32.8 |    32.8 
 abcijk-ekbc-ijea |   4096 |   9216 |    24 | 1.00 | 1.00 |        34.4 |    34.4 |    34.4 
       abc-bk-akc |    216 |  44064 |   204 | 1.00 | 1.00 |        60.8 |    60.8 |    60.8 

=== c64 ===
             case |      m |      n |     k | regA | regB | planar GF/s | 1m GF/s | 3m GF/s 
------------------+--------+--------+-------+------+------+-------------+---------+---------
         ij-ik-kj |   2904 |   2896 |  2904 | 1.00 | 1.00 |        82.1 |    72.1 |    70.7 
       ij-ikl-ljk |    216 |    204 | 44064 | 1.00 | 1.00 |        49.9 |    46.5 |    44.2 
       ij-kil-lkj |    216 |    204 | 46656 | 1.00 | 1.00 |        56.6 |    53.7 |    49.5 
       ijk-ikl-lj |  44064 |    204 |   216 | 1.00 | 1.00 |        78.1 |    67.0 |    68.0 
       ijk-il-jlk |    216 |  44064 |   204 | 1.00 | 1.00 |        72.3 |    70.1 |    67.2 
       ijk-ilk-jl |  44064 |    216 |   204 | 0.96 | 1.00 |        77.9 |    71.8 |    69.1 
       ijk-ilk-lj |  44064 |    204 |   216 | 0.96 | 1.00 |        78.8 |    68.0 |    67.4 
     ijk-ilmk-mjl |   3744 |     52 |  3744 | 0.89 | 1.00 |        55.4 |    51.6 |    46.2 
   ijkl-imjn-lnkm |   3744 |   3744 |  2704 | 0.89 | 0.92 |        81.4 |    76.4 |    72.4 
   ijkl-imjn-nlmk |   3744 |   2704 |  3744 | 0.89 | 0.92 |        81.7 |    76.9 |    73.0 
   ijkl-imkn-jnlm |   3744 |   3744 |  2704 | 0.89 | 1.00 |        79.6 |    76.4 |    71.5 
   ijkl-imkn-njml |   3744 |   2704 |  3744 | 0.89 | 0.92 |        79.2 |    76.0 |    71.0 
   ijkl-imln-jnkm |   3744 |   3744 |  2704 | 0.89 | 1.00 |        79.7 |    76.4 |    71.3 
   ijkl-imln-njmk |   3744 |   2704 |  3744 | 0.89 | 0.92 |        78.9 |    75.7 |    70.8 
   ijkl-imnj-nlkm |   3744 |   2704 |  3744 | 0.89 | 0.92 |        81.1 |    76.1 |    73.0 
   ijkl-imnk-njml |   3744 |   2704 |  3744 | 0.89 | 0.92 |        79.5 |    76.9 |    71.0 
   ijkl-minj-nlmk |   3744 |   2704 |  5184 | 0.89 | 0.92 |        80.9 |    74.7 |    71.9 
   ijkl-mink-jnlm |   3744 |   3744 |  3744 | 0.89 | 1.00 |        79.5 |    78.8 |    72.0 
   ijkl-minl-njmk |   3744 |   2704 |  5184 | 0.89 | 0.92 |        78.6 |    75.3 |    71.1 
     aqrs-pa-pqrs |     72 | 140608 |    72 | 1.00 | 1.00 |        49.2 |    51.5 |    49.6 
     abrs-qb-aqrs |     52 | 194688 |    72 | 0.89 | 1.00 |        51.1 |    46.7 |    48.1 
     abcs-rc-abrs |     52 | 194688 |    72 | 1.00 | 1.00 |        45.6 |    38.3 |    38.6 
       abj-bka-kj |  46656 |    204 |   216 | 0.96 | 1.00 |        62.7 |    54.4 |    55.6 
       ajb-kba-jk |  44064 |    216 |   216 | 0.96 | 1.00 |        82.9 |    78.8 |    77.8 
     abjc-cbka-kj | 269568 |     52 |    72 | 0.89 | 1.00 |        13.9 |    11.5 |    15.4 
     ajbc-ckba-jk | 269568 |     72 |    52 | 0.89 | 1.00 |        25.8 |    23.9 |    27.0 
     abjc-kbac-jk | 194688 |     72 |    72 | 0.89 | 1.00 |        57.7 |    51.5 |    52.2 
   abjcd-dkbac-jk | 331776 |     24 |    24 | 0.67 | 1.00 |         7.1 |     6.2 |     7.9 
   adbjc-cbdka-kj | 331776 |     24 |    24 | 0.67 | 1.00 |         4.1 |     3.5 |     3.5 
   ajbdc-ckbad-jk | 331776 |     24 |    24 | 1.00 | 1.00 |         6.3 |     6.3 |     7.9 
 abcijk-ijma-mkbc |   9216 |   4096 |    24 | 1.00 | 0.99 |        51.6 |    46.0 |    42.2 
 abcijk-ijmb-mkac |   6144 |   6144 |    24 | 1.00 | 0.88 |        50.3 |    45.3 |    45.1 
 abcijk-ijmc-mkab |   6144 |   6144 |    24 | 1.00 | 0.75 |        49.8 |    44.7 |    44.7 
 abcijk-ikma-mjbc |   9216 |   4096 |    24 | 1.00 | 0.99 |        51.9 |    45.7 |    42.1 
 abcijk-ikmb-mjac |   6144 |   6144 |    24 | 1.00 | 0.88 |        50.3 |    45.4 |    45.0 
 abcijk-ikmc-mjab |   6144 |   6144 |    24 | 1.00 | 0.75 |        49.6 |    45.0 |    45.0 
 abcijk-jkma-mibc |   9216 |   4096 |    24 | 1.00 | 0.99 |        50.8 |    45.6 |    42.7 
 abcijk-jkmb-miac |   6144 |   6144 |    24 | 1.00 | 0.88 |        50.6 |    45.3 |    44.8 
 abcijk-jkmc-miab |   6144 |   6144 |    24 | 1.00 | 0.75 |        49.4 |    44.9 |    45.2 
 abcijk-eiab-jkec |   6144 |   6144 |    24 | 1.00 | 0.75 |        49.5 |    44.9 |    45.0 
 abcijk-eiac-jkeb |   6144 |   6144 |    24 | 1.00 | 0.88 |        50.5 |    44.8 |    45.0 
 abcijk-eibc-jkea |   4096 |   9216 |    24 | 1.00 | 0.99 |        51.4 |    44.8 |    42.7 
 abcijk-ejab-ikec |   6144 |   6144 |    24 | 1.00 | 0.75 |        50.2 |    44.4 |    45.1 
 abcijk-ejac-ikeb |   6144 |   6144 |    24 | 1.00 | 0.88 |        50.6 |    45.4 |    45.1 
 abcijk-ejbc-ikea |   4096 |   9216 |    24 | 1.00 | 0.99 |        52.0 |    45.9 |    43.0 
 abcijk-ekab-ijec |   6144 |   6144 |    24 | 1.00 | 0.75 |        49.3 |    44.6 |    44.7 
 abcijk-ekac-ijeb |   6144 |   6144 |    24 | 1.00 | 0.88 |        47.2 |    43.1 |    43.5 
 abcijk-ekbc-ijea |   4096 |   9216 |    24 | 1.00 | 0.99 |        51.4 |    44.9 |    42.5 
       abc-bk-akc |    216 |  44064 |   204 | 0.96 | 1.00 |        77.0 |    69.7 |    69.3 

=== complex efficiency ratio (c64 GF/s over f64 GF/s; 1.0 = no penalty) ===
             case | planar c64/f64 | 1m c64/f64 | 3m c64/f64 
------------------+----------------+------------+------------
         ij-ik-kj |          1.134 |      0.996 |      0.976 
       ij-ikl-ljk |          1.396 |      1.303 |      1.237 
       ij-kil-lkj |          1.473 |      1.397 |      1.287 
       ijk-ikl-lj |          1.340 |      1.149 |      1.167 
       ijk-il-jlk |          1.513 |      1.467 |      1.406 
       ijk-ilk-jl |          1.252 |      1.154 |      1.111 
       ijk-ilk-lj |          1.281 |      1.105 |      1.094 
     ijk-ilmk-mjl |          1.268 |      1.182 |      1.057 
   ijkl-imjn-lnkm |          1.129 |      1.059 |      1.004 
   ijkl-imjn-nlmk |          1.146 |      1.079 |      1.023 
   ijkl-imkn-jnlm |          1.118 |      1.072 |      1.004 
   ijkl-imkn-njml |          1.112 |      1.067 |      0.997 
   ijkl-imln-jnkm |          1.116 |      1.070 |      0.999 
   ijkl-imln-njmk |          1.113 |      1.068 |      0.998 
   ijkl-imnj-nlkm |          1.154 |      1.083 |      1.038 
   ijkl-imnk-njml |          1.133 |      1.096 |      1.012 
   ijkl-minj-nlmk |          1.162 |      1.073 |      1.033 
   ijkl-mink-jnlm |          1.124 |      1.113 |      1.018 
   ijkl-minl-njmk |          1.134 |      1.087 |      1.026 
     aqrs-pa-pqrs |          1.467 |      1.537 |      1.479 
     abrs-qb-aqrs |          1.380 |      1.261 |      1.300 
     abcs-rc-abrs |          1.529 |      1.283 |      1.294 
       abj-bka-kj |          1.515 |      1.313 |      1.343 
       ajb-kba-jk |          1.301 |      1.236 |      1.221 
     abjc-cbka-kj |          1.640 |      1.362 |      1.817 
     ajbc-ckba-jk |          1.560 |      1.444 |      1.634 
     abjc-kbac-jk |          1.655 |      1.476 |      1.497 
   abjcd-dkbac-jk |          2.686 |      2.330 |      2.995 
   adbjc-cbdka-kj |          2.561 |      2.167 |      2.206 
   ajbdc-ckbad-jk |          2.279 |      2.282 |      2.854 
 abcijk-ijma-mkbc |          1.417 |      1.263 |      1.158 
 abcijk-ijmb-mkac |          1.550 |      1.397 |      1.390 
 abcijk-ijmc-mkab |          1.734 |      1.556 |      1.557 
 abcijk-ikma-mjbc |          1.457 |      1.283 |      1.181 
 abcijk-ikmb-mjac |          1.536 |      1.387 |      1.374 
 abcijk-ikmc-mjab |          1.697 |      1.540 |      1.539 
 abcijk-jkma-mibc |          1.421 |      1.275 |      1.195 
 abcijk-jkmb-miac |          1.547 |      1.383 |      1.369 
 abcijk-jkmc-miab |          1.675 |      1.521 |      1.532 
 abcijk-eiab-jkec |          1.667 |      1.513 |      1.518 
 abcijk-eiac-jkeb |          1.540 |      1.366 |      1.371 
 abcijk-eibc-jkea |          1.427 |      1.242 |      1.185 
 abcijk-ejab-ikec |          1.753 |      1.550 |      1.573 
 abcijk-ejac-ikeb |          1.563 |      1.402 |      1.394 
 abcijk-ejbc-ikea |          1.436 |      1.265 |      1.185 
 abcijk-ekab-ijec |          1.664 |      1.508 |      1.509 
 abcijk-ekac-ijeb |          1.440 |      1.314 |      1.328 
 abcijk-ekbc-ijea |          1.494 |      1.304 |      1.235 
       abc-bk-akc |          1.267 |      1.146 |      1.139 
             MEAN |          1.469 |      1.337 |      1.344 

wrote bench-results/ccqlin038-blocking/bl-ck256-f64c64.csv
