host        : ccqlin038.flatironinstitute.org
target      : x86_64 / linux
cpu features: avx2 fma avx512f avx512dq 
caches      : L1=32KiB/8-way/2sh L2=1024KiB/16-way/2sh L3=25344KiB/11-way/16sh (via sysfs), blocking=legacy
baselines   : tblis=false blas=false

sweeping 49 cases at 64 MiB nominal tensor size, 3 reps, stress=none


=== f64 ===
             case |      m |      n |     k | regA | regB | planar GF/s | 1m GF/s | 3m GF/s 
------------------+--------+--------+-------+------+------+-------------+---------+---------
         ij-ik-kj |   2904 |   2896 |  2904 | 1.00 | 1.00 |        48.3 |    48.3 |    48.3 
       ij-ikl-ljk |    216 |    204 | 44064 | 1.00 | 1.00 |        31.5 |    31.5 |    31.5 
       ij-kil-lkj |    216 |    204 | 46656 | 1.00 | 1.00 |        32.9 |    32.9 |    32.9 
       ijk-ikl-lj |  44064 |    204 |   216 | 1.00 | 1.00 |        54.5 |    54.5 |    54.5 
       ijk-il-jlk |    216 |  44064 |   204 | 1.00 | 1.00 |        47.6 |    47.6 |    47.6 
       ijk-ilk-jl |  44064 |    216 |   204 | 1.00 | 1.00 |        59.9 |    59.9 |    59.9 
       ijk-ilk-lj |  44064 |    204 |   216 | 1.00 | 1.00 |        57.3 |    57.3 |    57.3 
     ijk-ilmk-mjl |   3744 |     52 |  3744 | 1.00 | 1.00 |        29.9 |    29.9 |    29.9 
   ijkl-imjn-lnkm |   3744 |   3744 |  2704 | 1.00 | 0.92 |        47.9 |    47.9 |    47.9 
   ijkl-imjn-nlmk |   3744 |   2704 |  3744 | 1.00 | 0.92 |        47.8 |    47.8 |    47.8 
   ijkl-imkn-jnlm |   3744 |   3744 |  2704 | 1.00 | 1.00 |        49.5 |    49.5 |    49.5 
   ijkl-imkn-njml |   3744 |   2704 |  3744 | 1.00 | 0.92 |        48.4 |    48.4 |    48.4 
   ijkl-imln-jnkm |   3744 |   3744 |  2704 | 1.00 | 1.00 |        49.5 |    49.5 |    49.5 
   ijkl-imln-njmk |   3744 |   2704 |  3744 | 1.00 | 0.92 |        48.3 |    48.3 |    48.3 
   ijkl-imnj-nlkm |   3744 |   2704 |  3744 | 1.00 | 0.92 |        47.8 |    47.8 |    47.8 
   ijkl-imnk-njml |   3744 |   2704 |  3744 | 1.00 | 0.92 |        48.4 |    48.4 |    48.4 
   ijkl-minj-nlmk |   3744 |   2704 |  5184 | 1.00 | 0.92 |        47.8 |    47.8 |    47.8 
   ijkl-mink-jnlm |   3744 |   3744 |  3744 | 1.00 | 1.00 |        48.1 |    48.1 |    48.1 
   ijkl-minl-njmk |   3744 |   2704 |  5184 | 1.00 | 0.92 |        48.6 |    48.6 |    48.6 
     aqrs-pa-pqrs |     72 | 140608 |    72 | 1.00 | 1.00 |        33.6 |    33.6 |    33.6 
     abrs-qb-aqrs |     52 | 194688 |    72 | 1.00 | 1.00 |        37.1 |    37.1 |    37.1 
     abcs-rc-abrs |     52 | 194688 |    72 | 1.00 | 1.00 |        29.4 |    29.4 |    29.4 
       abj-bka-kj |  46656 |    204 |   216 | 1.00 | 1.00 |        41.3 |    41.3 |    41.3 
       ajb-kba-jk |  44064 |    216 |   216 | 1.00 | 1.00 |        63.2 |    63.2 |    63.2 
     abjc-cbka-kj | 269568 |     52 |    72 | 1.00 | 1.00 |         8.3 |     8.3 |     8.3 
     ajbc-ckba-jk | 269568 |     72 |    52 | 1.00 | 1.00 |        16.2 |    16.2 |    16.2 
     abjc-kbac-jk | 194688 |     72 |    72 | 1.00 | 1.00 |        35.1 |    35.1 |    35.1 
   abjcd-dkbac-jk | 331776 |     24 |    24 | 1.00 | 1.00 |         2.6 |     2.6 |     2.6 
   adbjc-cbdka-kj | 331776 |     24 |    24 | 1.00 | 1.00 |         1.5 |     1.5 |     1.5 
   ajbdc-ckbad-jk | 331776 |     24 |    24 | 1.00 | 1.00 |         2.7 |     2.7 |     2.7 
 abcijk-ijma-mkbc |   9216 |   4096 |    24 | 1.00 | 1.00 |        35.7 |    35.7 |    35.7 
 abcijk-ijmb-mkac |   6144 |   6144 |    24 | 1.00 | 1.00 |        32.4 |    32.4 |    32.4 
 abcijk-ijmc-mkab |   6144 |   6144 |    24 | 1.00 | 1.00 |        27.9 |    27.9 |    27.9 
 abcijk-ikma-mjbc |   9216 |   4096 |    24 | 1.00 | 1.00 |        36.3 |    36.3 |    36.3 
 abcijk-ikmb-mjac |   6144 |   6144 |    24 | 1.00 | 1.00 |        32.9 |    32.9 |    32.9 
 abcijk-ikmc-mjab |   6144 |   6144 |    24 | 1.00 | 1.00 |        27.0 |    27.0 |    27.0 
 abcijk-jkma-mibc |   9216 |   4096 |    24 | 1.00 | 1.00 |        35.2 |    35.2 |    35.2 
 abcijk-jkmb-miac |   6144 |   6144 |    24 | 1.00 | 1.00 |        32.4 |    32.4 |    32.4 
 abcijk-jkmc-miab |   6144 |   6144 |    24 | 1.00 | 1.00 |        27.6 |    27.6 |    27.6 
 abcijk-eiab-jkec |   6144 |   6144 |    24 | 1.00 | 1.00 |        28.5 |    28.5 |    28.5 
 abcijk-eiac-jkeb |   6144 |   6144 |    24 | 1.00 | 1.00 |        32.7 |    32.7 |    32.7 
 abcijk-eibc-jkea |   4096 |   9216 |    24 | 1.00 | 1.00 |        35.4 |    35.4 |    35.4 
 abcijk-ejab-ikec |   6144 |   6144 |    24 | 1.00 | 1.00 |        27.6 |    27.6 |    27.6 
 abcijk-ejac-ikeb |   6144 |   6144 |    24 | 1.00 | 1.00 |        32.8 |    32.8 |    32.8 
 abcijk-ejbc-ikea |   4096 |   9216 |    24 | 1.00 | 1.00 |        36.0 |    36.0 |    36.0 
 abcijk-ekab-ijec |   6144 |   6144 |    24 | 1.00 | 1.00 |        27.6 |    27.6 |    27.6 
 abcijk-ekac-ijeb |   6144 |   6144 |    24 | 1.00 | 1.00 |        32.5 |    32.5 |    32.5 
 abcijk-ekbc-ijea |   4096 |   9216 |    24 | 1.00 | 1.00 |        36.3 |    36.3 |    36.3 
       abc-bk-akc |    216 |  44064 |   204 | 1.00 | 1.00 |        61.3 |    61.3 |    61.3 

=== c64 ===
             case |      m |      n |     k | regA | regB | planar GF/s | 1m GF/s | 3m GF/s 
------------------+--------+--------+-------+------+------+-------------+---------+---------
         ij-ik-kj |   2904 |   2896 |  2904 | 1.00 | 1.00 |        66.1 |    46.7 |    60.4 
       ij-ikl-ljk |    216 |    204 | 44064 | 1.00 | 1.00 |        50.8 |    36.6 |    43.6 
       ij-kil-lkj |    216 |    204 | 46656 | 1.00 | 1.00 |        53.1 |    38.3 |    46.7 
       ijk-ikl-lj |  44064 |    204 |   216 | 1.00 | 1.00 |        79.0 |    65.1 |    66.3 
       ijk-il-jlk |    216 |  44064 |   204 | 1.00 | 1.00 |        71.3 |    64.5 |    67.2 
       ijk-ilk-jl |  44064 |    216 |   204 | 0.96 | 1.00 |        78.2 |    64.8 |    68.0 
       ijk-ilk-lj |  44064 |    204 |   216 | 0.96 | 1.00 |        78.5 |    64.6 |    66.6 
     ijk-ilmk-mjl |   3744 |     52 |  3744 | 0.89 | 1.00 |        46.3 |    31.7 |    38.8 
   ijkl-imjn-lnkm |   3744 |   3744 |  2704 | 0.89 | 0.92 |        68.2 |    47.6 |    61.2 
   ijkl-imjn-nlmk |   3744 |   2704 |  3744 | 0.89 | 0.92 |        67.5 |    46.2 |    60.9 
   ijkl-imkn-jnlm |   3744 |   3744 |  2704 | 0.89 | 1.00 |        68.8 |    48.2 |    61.8 
   ijkl-imkn-njml |   3744 |   2704 |  3744 | 0.89 | 0.92 |        67.3 |    46.5 |    60.9 
   ijkl-imln-jnkm |   3744 |   3744 |  2704 | 0.89 | 1.00 |        68.6 |    48.1 |    61.6 
   ijkl-imln-njmk |   3744 |   2704 |  3744 | 0.89 | 0.92 |        67.2 |    46.4 |    60.6 
   ijkl-imnj-nlkm |   3744 |   2704 |  3744 | 0.89 | 0.92 |        67.1 |    46.4 |    61.0 
   ijkl-imnk-njml |   3744 |   2704 |  3744 | 0.89 | 0.92 |        67.8 |    46.3 |    60.6 
   ijkl-minj-nlmk |   3744 |   2704 |  5184 | 0.89 | 0.92 |        67.5 |    46.1 |    60.3 
   ijkl-mink-jnlm |   3744 |   3744 |  3744 | 0.89 | 1.00 |        67.9 |    46.6 |    61.0 
   ijkl-minl-njmk |   3744 |   2704 |  5184 | 0.89 | 0.92 |        67.6 |    46.7 |    60.9 
     aqrs-pa-pqrs |     72 | 140608 |    72 | 1.00 | 1.00 |        49.2 |    50.2 |    50.3 
     abrs-qb-aqrs |     52 | 194688 |    72 | 0.89 | 1.00 |        50.3 |    46.7 |    47.7 
     abcs-rc-abrs |     52 | 194688 |    72 | 1.00 | 1.00 |        45.0 |    38.6 |    39.9 
       abj-bka-kj |  46656 |    204 |   216 | 0.96 | 1.00 |        63.1 |    55.3 |    56.2 
       ajb-kba-jk |  44064 |    216 |   216 | 0.96 | 1.00 |        83.0 |    79.9 |    78.0 
     abjc-cbka-kj | 269568 |     52 |    72 | 0.89 | 1.00 |        13.9 |    11.7 |    15.4 
     ajbc-ckba-jk | 269568 |     72 |    52 | 0.89 | 1.00 |        25.7 |    23.7 |    26.8 
     abjc-kbac-jk | 194688 |     72 |    72 | 0.89 | 1.00 |        57.2 |    51.7 |    52.7 
   abjcd-dkbac-jk | 331776 |     24 |    24 | 0.67 | 1.00 |         7.1 |     6.1 |     7.8 
   adbjc-cbdka-kj | 331776 |     24 |    24 | 0.67 | 1.00 |         4.0 |     3.4 |     3.5 
   ajbdc-ckbad-jk | 331776 |     24 |    24 | 1.00 | 1.00 |         6.4 |     6.4 |     7.9 
 abcijk-ijma-mkbc |   9216 |   4096 |    24 | 1.00 | 0.99 |        51.8 |    44.8 |    42.6 
 abcijk-ijmb-mkac |   6144 |   6144 |    24 | 1.00 | 0.88 |        49.5 |    44.7 |    45.3 
 abcijk-ijmc-mkab |   6144 |   6144 |    24 | 1.00 | 0.75 |        47.8 |    45.2 |    44.8 
 abcijk-ikma-mjbc |   9216 |   4096 |    24 | 1.00 | 0.99 |        51.8 |    44.2 |    42.8 
 abcijk-ikmb-mjac |   6144 |   6144 |    24 | 1.00 | 0.88 |        49.9 |    45.0 |    45.2 
 abcijk-ikmc-mjab |   6144 |   6144 |    24 | 1.00 | 0.75 |        49.5 |    44.4 |    45.1 
 abcijk-jkma-mibc |   9216 |   4096 |    24 | 1.00 | 0.99 |        51.4 |    44.7 |    42.8 
 abcijk-jkmb-miac |   6144 |   6144 |    24 | 1.00 | 0.88 |        50.0 |    45.4 |    45.0 
 abcijk-jkmc-miab |   6144 |   6144 |    24 | 1.00 | 0.75 |        49.9 |    44.3 |    45.0 
 abcijk-eiab-jkec |   6144 |   6144 |    24 | 1.00 | 0.75 |        49.8 |    43.5 |    45.1 
 abcijk-eiac-jkeb |   6144 |   6144 |    24 | 1.00 | 0.88 |        49.9 |    45.4 |    45.1 
 abcijk-eibc-jkea |   4096 |   9216 |    24 | 1.00 | 0.99 |        50.7 |    44.0 |    43.1 
 abcijk-ejab-ikec |   6144 |   6144 |    24 | 1.00 | 0.75 |        49.5 |    44.5 |    44.9 
 abcijk-ejac-ikeb |   6144 |   6144 |    24 | 1.00 | 0.88 |        50.1 |    44.9 |    45.0 
 abcijk-ejbc-ikea |   4096 |   9216 |    24 | 1.00 | 0.99 |        50.9 |    44.6 |    42.5 
 abcijk-ekab-ijec |   6144 |   6144 |    24 | 1.00 | 0.75 |        49.4 |    44.5 |    44.9 
 abcijk-ekac-ijeb |   6144 |   6144 |    24 | 1.00 | 0.88 |        49.5 |    44.4 |    43.9 
 abcijk-ekbc-ijea |   4096 |   9216 |    24 | 1.00 | 0.99 |        51.3 |    45.3 |    42.7 
       abc-bk-akc |    216 |  44064 |   204 | 0.96 | 1.00 |        77.7 |    70.0 |    69.7 

=== complex efficiency ratio (c64 GF/s over f64 GF/s; 1.0 = no penalty) ===
             case | planar c64/f64 | 1m c64/f64 | 3m c64/f64 
------------------+----------------+------------+------------
         ij-ik-kj |          1.369 |      0.966 |      1.251 
       ij-ikl-ljk |          1.612 |      1.162 |      1.383 
       ij-kil-lkj |          1.615 |      1.166 |      1.421 
       ijk-ikl-lj |          1.449 |      1.194 |      1.217 
       ijk-il-jlk |          1.499 |      1.355 |      1.412 
       ijk-ilk-jl |          1.304 |      1.081 |      1.134 
       ijk-ilk-lj |          1.371 |      1.129 |      1.163 
     ijk-ilmk-mjl |          1.547 |      1.060 |      1.297 
   ijkl-imjn-lnkm |          1.425 |      0.994 |      1.278 
   ijkl-imjn-nlmk |          1.411 |      0.965 |      1.273 
   ijkl-imkn-jnlm |          1.389 |      0.974 |      1.248 
   ijkl-imkn-njml |          1.389 |      0.960 |      1.257 
   ijkl-imln-jnkm |          1.386 |      0.972 |      1.244 
   ijkl-imln-njmk |          1.390 |      0.960 |      1.255 
   ijkl-imnj-nlkm |          1.406 |      0.972 |      1.276 
   ijkl-imnk-njml |          1.402 |      0.958 |      1.254 
   ijkl-minj-nlmk |          1.412 |      0.966 |      1.263 
   ijkl-mink-jnlm |          1.412 |      0.969 |      1.268 
   ijkl-minl-njmk |          1.390 |      0.960 |      1.252 
     aqrs-pa-pqrs |          1.465 |      1.496 |      1.499 
     abrs-qb-aqrs |          1.357 |      1.258 |      1.287 
     abcs-rc-abrs |          1.533 |      1.314 |      1.359 
       abj-bka-kj |          1.528 |      1.339 |      1.361 
       ajb-kba-jk |          1.315 |      1.266 |      1.235 
     abjc-cbka-kj |          1.669 |      1.410 |      1.850 
     ajbc-ckba-jk |          1.583 |      1.463 |      1.655 
     abjc-kbac-jk |          1.629 |      1.474 |      1.503 
   abjcd-dkbac-jk |          2.704 |      2.328 |      2.964 
   adbjc-cbdka-kj |          2.600 |      2.245 |      2.265 
   ajbdc-ckbad-jk |          2.384 |      2.371 |      2.963 
 abcijk-ijma-mkbc |          1.450 |      1.254 |      1.193 
 abcijk-ijmb-mkac |          1.528 |      1.379 |      1.397 
 abcijk-ijmc-mkab |          1.711 |      1.617 |      1.605 
 abcijk-ikma-mjbc |          1.424 |      1.216 |      1.178 
 abcijk-ikmb-mjac |          1.516 |      1.366 |      1.372 
 abcijk-ikmc-mjab |          1.831 |      1.643 |      1.670 
 abcijk-jkma-mibc |          1.460 |      1.270 |      1.216 
 abcijk-jkmb-miac |          1.544 |      1.404 |      1.391 
 abcijk-jkmc-miab |          1.807 |      1.606 |      1.630 
 abcijk-eiab-jkec |          1.750 |      1.529 |      1.583 
 abcijk-eiac-jkeb |          1.525 |      1.390 |      1.381 
 abcijk-eibc-jkea |          1.432 |      1.243 |      1.218 
 abcijk-ejab-ikec |          1.791 |      1.611 |      1.624 
 abcijk-ejac-ikeb |          1.527 |      1.368 |      1.372 
 abcijk-ejbc-ikea |          1.413 |      1.238 |      1.181 
 abcijk-ekab-ijec |          1.794 |      1.614 |      1.629 
 abcijk-ekac-ijeb |          1.526 |      1.368 |      1.353 
 abcijk-ekbc-ijea |          1.412 |      1.247 |      1.175 
       abc-bk-akc |          1.267 |      1.142 |      1.137 
             MEAN |          1.564 |      1.311 |      1.437 

wrote bench-results/ccqlin038-blocking/bl-kc768-f64c64.csv
