host        : ccqlin038.flatironinstitute.org
target      : x86_64 / linux
cpu features: avx2 fma avx512f avx512dq 
caches      : L1=32KiB/8-way/2sh L2=1024KiB/16-way/2sh L3=25344KiB/11-way/16sh (via sysfs), blocking=legacy
baselines   : tblis=false blas=false

sweeping 49 cases at 64 MiB nominal tensor size, 3 reps, stress=none


=== f64 ===
             case |      m |      n |     k | regA | regB | planar GF/s | 1m GF/s | 3m GF/s 
------------------+--------+--------+-------+------+------+-------------+---------+---------
         ij-ik-kj |   2904 |   2896 |  2904 | 1.00 | 1.00 |        46.2 |    46.2 |    46.2 
       ij-ikl-ljk |    216 |    204 | 44064 | 1.00 | 1.00 |        30.9 |    30.9 |    30.9 
       ij-kil-lkj |    216 |    204 | 46656 | 1.00 | 1.00 |        32.1 |    32.1 |    32.1 
       ijk-ikl-lj |  44064 |    204 |   216 | 1.00 | 1.00 |        59.3 |    59.3 |    59.3 
       ijk-il-jlk |    216 |  44064 |   204 | 1.00 | 1.00 |        47.9 |    47.9 |    47.9 
       ijk-ilk-jl |  44064 |    216 |   204 | 1.00 | 1.00 |        61.7 |    61.7 |    61.7 
       ijk-ilk-lj |  44064 |    204 |   216 | 1.00 | 1.00 |        61.8 |    61.8 |    61.8 
     ijk-ilmk-mjl |   3744 |     52 |  3744 | 1.00 | 1.00 |        29.0 |    29.0 |    29.0 
   ijkl-imjn-lnkm |   3744 |   3744 |  2704 | 1.00 | 0.92 |        45.9 |    45.9 |    45.9 
   ijkl-imjn-nlmk |   3744 |   2704 |  3744 | 1.00 | 0.92 |        47.0 |    47.0 |    47.0 
   ijkl-imkn-jnlm |   3744 |   3744 |  2704 | 1.00 | 1.00 |        47.4 |    47.4 |    47.4 
   ijkl-imkn-njml |   3744 |   2704 |  3744 | 1.00 | 0.92 |        47.3 |    47.3 |    47.3 
   ijkl-imln-jnkm |   3744 |   3744 |  2704 | 1.00 | 1.00 |        47.3 |    47.3 |    47.3 
   ijkl-imln-njmk |   3744 |   2704 |  3744 | 1.00 | 0.92 |        47.5 |    47.5 |    47.5 
   ijkl-imnj-nlkm |   3744 |   2704 |  3744 | 1.00 | 0.92 |        47.0 |    47.0 |    47.0 
   ijkl-imnk-njml |   3744 |   2704 |  3744 | 1.00 | 0.92 |        47.5 |    47.5 |    47.5 
   ijkl-minj-nlmk |   3744 |   2704 |  5184 | 1.00 | 0.92 |        46.4 |    46.4 |    46.4 
   ijkl-mink-jnlm |   3744 |   3744 |  3744 | 1.00 | 1.00 |        47.3 |    47.3 |    47.3 
   ijkl-minl-njmk |   3744 |   2704 |  5184 | 1.00 | 0.92 |        46.9 |    46.9 |    46.9 
     aqrs-pa-pqrs |     72 | 140608 |    72 | 1.00 | 1.00 |        32.9 |    32.9 |    32.9 
     abrs-qb-aqrs |     52 | 194688 |    72 | 1.00 | 1.00 |        36.3 |    36.3 |    36.3 
     abcs-rc-abrs |     52 | 194688 |    72 | 1.00 | 1.00 |        29.6 |    29.6 |    29.6 
       abj-bka-kj |  46656 |    204 |   216 | 1.00 | 1.00 |        41.4 |    41.4 |    41.4 
       ajb-kba-jk |  44064 |    216 |   216 | 1.00 | 1.00 |        63.0 |    63.0 |    63.0 
     abjc-cbka-kj | 269568 |     52 |    72 | 1.00 | 1.00 |         8.5 |     8.5 |     8.5 
     ajbc-ckba-jk | 269568 |     72 |    52 | 1.00 | 1.00 |        16.5 |    16.5 |    16.5 
     abjc-kbac-jk | 194688 |     72 |    72 | 1.00 | 1.00 |        34.9 |    34.9 |    34.9 
   abjcd-dkbac-jk | 331776 |     24 |    24 | 1.00 | 1.00 |         2.7 |     2.7 |     2.7 
   adbjc-cbdka-kj | 331776 |     24 |    24 | 1.00 | 1.00 |         1.6 |     1.6 |     1.6 
   ajbdc-ckbad-jk | 331776 |     24 |    24 | 1.00 | 1.00 |         2.7 |     2.7 |     2.7 
 abcijk-ijma-mkbc |   9216 |   4096 |    24 | 1.00 | 1.00 |        36.3 |    36.3 |    36.3 
 abcijk-ijmb-mkac |   6144 |   6144 |    24 | 1.00 | 1.00 |        32.7 |    32.7 |    32.7 
 abcijk-ijmc-mkab |   6144 |   6144 |    24 | 1.00 | 1.00 |        27.5 |    27.5 |    27.5 
 abcijk-ikma-mjbc |   9216 |   4096 |    24 | 1.00 | 1.00 |        36.2 |    36.2 |    36.2 
 abcijk-ikmb-mjac |   6144 |   6144 |    24 | 1.00 | 1.00 |        32.9 |    32.9 |    32.9 
 abcijk-ikmc-mjab |   6144 |   6144 |    24 | 1.00 | 1.00 |        27.6 |    27.6 |    27.6 
 abcijk-jkma-mibc |   9216 |   4096 |    24 | 1.00 | 1.00 |        35.7 |    35.7 |    35.7 
 abcijk-jkmb-miac |   6144 |   6144 |    24 | 1.00 | 1.00 |        32.8 |    32.8 |    32.8 
 abcijk-jkmc-miab |   6144 |   6144 |    24 | 1.00 | 1.00 |        28.4 |    28.4 |    28.4 
 abcijk-eiab-jkec |   6144 |   6144 |    24 | 1.00 | 1.00 |        28.7 |    28.7 |    28.7 
 abcijk-eiac-jkeb |   6144 |   6144 |    24 | 1.00 | 1.00 |        32.4 |    32.4 |    32.4 
 abcijk-eibc-jkea |   4096 |   9216 |    24 | 1.00 | 1.00 |        36.2 |    36.2 |    36.2 
 abcijk-ejab-ikec |   6144 |   6144 |    24 | 1.00 | 1.00 |        27.3 |    27.3 |    27.3 
 abcijk-ejac-ikeb |   6144 |   6144 |    24 | 1.00 | 1.00 |        31.6 |    31.6 |    31.6 
 abcijk-ejbc-ikea |   4096 |   9216 |    24 | 1.00 | 1.00 |        34.8 |    34.8 |    34.8 
 abcijk-ekab-ijec |   6144 |   6144 |    24 | 1.00 | 1.00 |        27.4 |    27.4 |    27.4 
 abcijk-ekac-ijeb |   6144 |   6144 |    24 | 1.00 | 1.00 |        32.3 |    32.3 |    32.3 
 abcijk-ekbc-ijea |   4096 |   9216 |    24 | 1.00 | 1.00 |        35.7 |    35.7 |    35.7 
       abc-bk-akc |    216 |  44064 |   204 | 1.00 | 1.00 |        61.7 |    61.7 |    61.7 

=== c64 ===
             case |      m |      n |     k | regA | regB | planar GF/s | 1m GF/s | 3m GF/s 
------------------+--------+--------+-------+------+------+-------------+---------+---------
         ij-ik-kj |   2904 |   2896 |  2904 | 1.00 | 1.00 |        65.0 |    45.6 |    59.9 
       ij-ikl-ljk |    216 |    204 | 44064 | 1.00 | 1.00 |        49.8 |    36.8 |    43.5 
       ij-kil-lkj |    216 |    204 | 46656 | 1.00 | 1.00 |        53.6 |    38.6 |    46.7 
       ijk-ikl-lj |  44064 |    204 |   216 | 1.00 | 1.00 |        80.0 |    70.0 |    68.1 
       ijk-il-jlk |    216 |  44064 |   204 | 1.00 | 1.00 |        72.4 |    70.1 |    67.9 
       ijk-ilk-jl |  44064 |    216 |   204 | 0.96 | 1.00 |        79.0 |    70.3 |    68.5 
       ijk-ilk-lj |  44064 |    204 |   216 | 0.96 | 1.00 |        78.6 |    68.3 |    68.1 
     ijk-ilmk-mjl |   3744 |     52 |  3744 | 0.89 | 1.00 |        45.2 |    31.3 |    39.1 
   ijkl-imjn-lnkm |   3744 |   3744 |  2704 | 0.89 | 0.92 |        66.9 |    45.4 |    59.5 
   ijkl-imjn-nlmk |   3744 |   2704 |  3744 | 0.89 | 0.92 |        67.6 |    45.6 |    60.1 
   ijkl-imkn-jnlm |   3744 |   3744 |  2704 | 0.89 | 1.00 |        67.2 |    46.2 |    60.4 
   ijkl-imkn-njml |   3744 |   2704 |  3744 | 0.89 | 0.92 |        66.1 |    45.9 |    60.1 
   ijkl-imln-jnkm |   3744 |   3744 |  2704 | 0.89 | 1.00 |        67.0 |    46.2 |    60.6 
   ijkl-imln-njmk |   3744 |   2704 |  3744 | 0.89 | 0.92 |        66.1 |    45.8 |    60.4 
   ijkl-imnj-nlkm |   3744 |   2704 |  3744 | 0.89 | 0.92 |        66.2 |    45.8 |    60.2 
   ijkl-imnk-njml |   3744 |   2704 |  3744 | 0.89 | 0.92 |        65.8 |    46.0 |    60.4 
   ijkl-minj-nlmk |   3744 |   2704 |  5184 | 0.89 | 0.92 |        65.9 |    45.8 |    60.4 
   ijkl-mink-jnlm |   3744 |   3744 |  3744 | 0.89 | 1.00 |        67.1 |    46.3 |    61.0 
   ijkl-minl-njmk |   3744 |   2704 |  5184 | 0.89 | 0.92 |        66.0 |    46.1 |    60.3 
     aqrs-pa-pqrs |     72 | 140608 |    72 | 1.00 | 1.00 |        48.9 |    51.4 |    49.8 
     abrs-qb-aqrs |     52 | 194688 |    72 | 0.89 | 1.00 |        51.0 |    46.3 |    47.9 
     abcs-rc-abrs |     52 | 194688 |    72 | 1.00 | 1.00 |        44.4 |    38.0 |    39.5 
       abj-bka-kj |  46656 |    204 |   216 | 0.96 | 1.00 |        62.8 |    53.7 |    56.2 
       ajb-kba-jk |  44064 |    216 |   216 | 0.96 | 1.00 |        82.4 |    77.6 |    77.5 
     abjc-cbka-kj | 269568 |     52 |    72 | 0.89 | 1.00 |        13.9 |    11.8 |    15.4 
     ajbc-ckba-jk | 269568 |     72 |    52 | 0.89 | 1.00 |        25.9 |    23.8 |    27.1 
     abjc-kbac-jk | 194688 |     72 |    72 | 0.89 | 1.00 |        57.7 |    52.0 |    52.7 
   abjcd-dkbac-jk | 331776 |     24 |    24 | 0.67 | 1.00 |         7.1 |     6.2 |     7.9 
   adbjc-cbdka-kj | 331776 |     24 |    24 | 0.67 | 1.00 |         4.1 |     3.5 |     3.5 
   ajbdc-ckbad-jk | 331776 |     24 |    24 | 1.00 | 1.00 |         6.3 |     6.3 |     7.9 
 abcijk-ijma-mkbc |   9216 |   4096 |    24 | 1.00 | 0.99 |        51.3 |    45.3 |    42.9 
 abcijk-ijmb-mkac |   6144 |   6144 |    24 | 1.00 | 0.88 |        50.4 |    45.4 |    44.9 
 abcijk-ijmc-mkab |   6144 |   6144 |    24 | 1.00 | 0.75 |        47.5 |    44.9 |    45.0 
 abcijk-ikma-mjbc |   9216 |   4096 |    24 | 1.00 | 0.99 |        51.9 |    46.1 |    42.5 
 abcijk-ikmb-mjac |   6144 |   6144 |    24 | 1.00 | 0.88 |        51.0 |    45.6 |    45.0 
 abcijk-ikmc-mjab |   6144 |   6144 |    24 | 1.00 | 0.75 |        49.9 |    45.2 |    45.1 
 abcijk-jkma-mibc |   9216 |   4096 |    24 | 1.00 | 0.99 |        50.8 |    45.2 |    42.9 
 abcijk-jkmb-miac |   6144 |   6144 |    24 | 1.00 | 0.88 |        50.7 |    45.3 |    44.9 
 abcijk-jkmc-miab |   6144 |   6144 |    24 | 1.00 | 0.75 |        50.1 |    45.3 |    45.4 
 abcijk-eiab-jkec |   6144 |   6144 |    24 | 1.00 | 0.75 |        49.5 |    45.2 |    45.3 
 abcijk-eiac-jkeb |   6144 |   6144 |    24 | 1.00 | 0.88 |        50.3 |    45.0 |    44.9 
 abcijk-eibc-jkea |   4096 |   9216 |    24 | 1.00 | 0.99 |        49.7 |    44.8 |    42.6 
 abcijk-ejab-ikec |   6144 |   6144 |    24 | 1.00 | 0.75 |        49.7 |    44.6 |    45.1 
 abcijk-ejac-ikeb |   6144 |   6144 |    24 | 1.00 | 0.88 |        50.0 |    44.9 |    45.2 
 abcijk-ejbc-ikea |   4096 |   9216 |    24 | 1.00 | 0.99 |        51.0 |    44.8 |    43.0 
 abcijk-ekab-ijec |   6144 |   6144 |    24 | 1.00 | 0.75 |        49.7 |    45.1 |    45.2 
 abcijk-ekac-ijeb |   6144 |   6144 |    24 | 1.00 | 0.88 |        50.6 |    45.3 |    45.2 
 abcijk-ekbc-ijea |   4096 |   9216 |    24 | 1.00 | 0.99 |        51.1 |    45.4 |    42.9 
       abc-bk-akc |    216 |  44064 |   204 | 0.96 | 1.00 |        78.5 |    68.9 |    67.5 

=== complex efficiency ratio (c64 GF/s over f64 GF/s; 1.0 = no penalty) ===
             case | planar c64/f64 | 1m c64/f64 | 3m c64/f64 
------------------+----------------+------------+------------
         ij-ik-kj |          1.408 |      0.988 |      1.298 
       ij-ikl-ljk |          1.615 |      1.192 |      1.410 
       ij-kil-lkj |          1.669 |      1.201 |      1.454 
       ijk-ikl-lj |          1.349 |      1.181 |      1.148 
       ijk-il-jlk |          1.512 |      1.462 |      1.418 
       ijk-ilk-jl |          1.281 |      1.140 |      1.111 
       ijk-ilk-lj |          1.271 |      1.106 |      1.102 
     ijk-ilmk-mjl |          1.560 |      1.082 |      1.348 
   ijkl-imjn-lnkm |          1.455 |      0.988 |      1.295 
   ijkl-imjn-nlmk |          1.440 |      0.970 |      1.281 
   ijkl-imkn-jnlm |          1.416 |      0.973 |      1.273 
   ijkl-imkn-njml |          1.397 |      0.969 |      1.269 
   ijkl-imln-jnkm |          1.415 |      0.977 |      1.280 
   ijkl-imln-njmk |          1.392 |      0.965 |      1.272 
   ijkl-imnj-nlkm |          1.409 |      0.975 |      1.283 
   ijkl-imnk-njml |          1.385 |      0.969 |      1.271 
   ijkl-minj-nlmk |          1.421 |      0.987 |      1.301 
   ijkl-mink-jnlm |          1.418 |      0.979 |      1.289 
   ijkl-minl-njmk |          1.409 |      0.984 |      1.286 
     aqrs-pa-pqrs |          1.488 |      1.564 |      1.515 
     abrs-qb-aqrs |          1.403 |      1.274 |      1.316 
     abcs-rc-abrs |          1.501 |      1.284 |      1.334 
       abj-bka-kj |          1.516 |      1.297 |      1.358 
       ajb-kba-jk |          1.308 |      1.232 |      1.230 
     abjc-cbka-kj |          1.638 |      1.389 |      1.818 
     ajbc-ckba-jk |          1.571 |      1.445 |      1.645 
     abjc-kbac-jk |          1.652 |      1.490 |      1.510 
   abjcd-dkbac-jk |          2.677 |      2.340 |      2.946 
   adbjc-cbdka-kj |          2.528 |      2.150 |      2.173 
   ajbdc-ckbad-jk |          2.293 |      2.282 |      2.862 
 abcijk-ijma-mkbc |          1.414 |      1.250 |      1.182 
 abcijk-ijmb-mkac |          1.542 |      1.390 |      1.375 
 abcijk-ijmc-mkab |          1.726 |      1.633 |      1.637 
 abcijk-ikma-mjbc |          1.435 |      1.275 |      1.173 
 abcijk-ikmb-mjac |          1.550 |      1.386 |      1.368 
 abcijk-ikmc-mjab |          1.808 |      1.639 |      1.635 
 abcijk-jkma-mibc |          1.421 |      1.264 |      1.199 
 abcijk-jkmb-miac |          1.545 |      1.381 |      1.369 
 abcijk-jkmc-miab |          1.761 |      1.593 |      1.596 
 abcijk-eiab-jkec |          1.721 |      1.574 |      1.576 
 abcijk-eiac-jkeb |          1.552 |      1.389 |      1.385 
 abcijk-eibc-jkea |          1.375 |      1.240 |      1.177 
 abcijk-ejab-ikec |          1.825 |      1.637 |      1.656 
 abcijk-ejac-ikeb |          1.581 |      1.420 |      1.428 
 abcijk-ejbc-ikea |          1.467 |      1.289 |      1.236 
 abcijk-ekab-ijec |          1.812 |      1.644 |      1.648 
 abcijk-ekac-ijeb |          1.569 |      1.403 |      1.402 
 abcijk-ekbc-ijea |          1.432 |      1.271 |      1.202 
       abc-bk-akc |          1.272 |      1.116 |      1.093 
             MEAN |          1.563 |      1.319 |      1.437 

wrote bench-results/ccqlin038-blocking/bl-kc1024-f64c64.csv
