host        : ccqlin038.flatironinstitute.org
target      : x86_64 / linux
cpu features: avx2 fma avx512f avx512dq 
caches      : L1=32KiB/8-way/2sh L2=1024KiB/16-way/2sh L3=25344KiB/11-way/16sh (via sysfs), blocking=legacy
baselines   : tblis=false blas=false

sweeping 49 cases at 64 MiB nominal tensor size, 3 reps, stress=none


=== f64 ===
             case |      m |      n |     k | regA | regB | planar GF/s | 1m GF/s | 3m GF/s 
------------------+--------+--------+-------+------+------+-------------+---------+---------
         ij-ik-kj |   2904 |   2896 |  2904 | 1.00 | 1.00 |        61.1 |    61.1 |    61.1 
       ij-ikl-ljk |    216 |    204 | 44064 | 1.00 | 1.00 |        34.4 |    34.4 |    34.4 
       ij-kil-lkj |    216 |    204 | 46656 | 1.00 | 1.00 |        37.6 |    37.6 |    37.6 
       ijk-ikl-lj |  44064 |    204 |   216 | 1.00 | 1.00 |        58.9 |    58.9 |    58.9 
       ijk-il-jlk |    216 |  44064 |   204 | 1.00 | 1.00 |        47.9 |    47.9 |    47.9 
       ijk-ilk-jl |  44064 |    216 |   204 | 1.00 | 1.00 |        62.5 |    62.5 |    62.5 
       ijk-ilk-lj |  44064 |    204 |   216 | 1.00 | 1.00 |        61.5 |    61.5 |    61.5 
     ijk-ilmk-mjl |   3744 |     52 |  3744 | 1.00 | 1.00 |        34.3 |    34.3 |    34.3 
   ijkl-imjn-lnkm |   3744 |   3744 |  2704 | 1.00 | 0.92 |        56.3 |    56.3 |    56.3 
   ijkl-imjn-nlmk |   3744 |   2704 |  3744 | 1.00 | 0.92 |        59.1 |    59.1 |    59.1 
   ijkl-imkn-jnlm |   3744 |   3744 |  2704 | 1.00 | 1.00 |        58.9 |    58.9 |    58.9 
   ijkl-imkn-njml |   3744 |   2704 |  3744 | 1.00 | 0.92 |        58.9 |    58.9 |    58.9 
   ijkl-imln-jnkm |   3744 |   3744 |  2704 | 1.00 | 1.00 |        59.2 |    59.2 |    59.2 
   ijkl-imln-njmk |   3744 |   2704 |  3744 | 1.00 | 0.92 |        59.6 |    59.6 |    59.6 
   ijkl-imnj-nlkm |   3744 |   2704 |  3744 | 1.00 | 0.92 |        59.0 |    59.0 |    59.0 
   ijkl-imnk-njml |   3744 |   2704 |  3744 | 1.00 | 0.92 |        59.7 |    59.7 |    59.7 
   ijkl-minj-nlmk |   3744 |   2704 |  5184 | 1.00 | 0.92 |        57.0 |    57.0 |    57.0 
   ijkl-mink-jnlm |   3744 |   3744 |  3744 | 1.00 | 1.00 |        57.6 |    57.6 |    57.6 
   ijkl-minl-njmk |   3744 |   2704 |  5184 | 1.00 | 0.92 |        56.8 |    56.8 |    56.8 
     aqrs-pa-pqrs |     72 | 140608 |    72 | 1.00 | 1.00 |        33.1 |    33.1 |    33.1 
     abrs-qb-aqrs |     52 | 194688 |    72 | 1.00 | 1.00 |        37.3 |    37.3 |    37.3 
     abcs-rc-abrs |     52 | 194688 |    72 | 1.00 | 1.00 |        29.7 |    29.7 |    29.7 
       abj-bka-kj |  46656 |    204 |   216 | 1.00 | 1.00 |        41.6 |    41.6 |    41.6 
       ajb-kba-jk |  44064 |    216 |   216 | 1.00 | 1.00 |        65.8 |    65.8 |    65.8 
     abjc-cbka-kj | 269568 |     52 |    72 | 1.00 | 1.00 |         8.5 |     8.5 |     8.5 
     ajbc-ckba-jk | 269568 |     72 |    52 | 1.00 | 1.00 |        16.3 |    16.3 |    16.3 
     abjc-kbac-jk | 194688 |     72 |    72 | 1.00 | 1.00 |        34.2 |    34.2 |    34.2 
   abjcd-dkbac-jk | 331776 |     24 |    24 | 1.00 | 1.00 |         2.7 |     2.7 |     2.7 
   adbjc-cbdka-kj | 331776 |     24 |    24 | 1.00 | 1.00 |         1.6 |     1.6 |     1.6 
   ajbdc-ckbad-jk | 331776 |     24 |    24 | 1.00 | 1.00 |         2.8 |     2.8 |     2.8 
 abcijk-ijma-mkbc |   9216 |   4096 |    24 | 1.00 | 1.00 |        36.5 |    36.5 |    36.5 
 abcijk-ijmb-mkac |   6144 |   6144 |    24 | 1.00 | 1.00 |        33.5 |    33.5 |    33.5 
 abcijk-ijmc-mkab |   6144 |   6144 |    24 | 1.00 | 1.00 |        27.9 |    27.9 |    27.9 
 abcijk-ikma-mjbc |   9216 |   4096 |    24 | 1.00 | 1.00 |        36.3 |    36.3 |    36.3 
 abcijk-ikmb-mjac |   6144 |   6144 |    24 | 1.00 | 1.00 |        32.4 |    32.4 |    32.4 
 abcijk-ikmc-mjab |   6144 |   6144 |    24 | 1.00 | 1.00 |        27.9 |    27.9 |    27.9 
 abcijk-jkma-mibc |   9216 |   4096 |    24 | 1.00 | 1.00 |        35.8 |    35.8 |    35.8 
 abcijk-jkmb-miac |   6144 |   6144 |    24 | 1.00 | 1.00 |        32.7 |    32.7 |    32.7 
 abcijk-jkmc-miab |   6144 |   6144 |    24 | 1.00 | 1.00 |        28.4 |    28.4 |    28.4 
 abcijk-eiab-jkec |   6144 |   6144 |    24 | 1.00 | 1.00 |        28.6 |    28.6 |    28.6 
 abcijk-eiac-jkeb |   6144 |   6144 |    24 | 1.00 | 1.00 |        32.6 |    32.6 |    32.6 
 abcijk-eibc-jkea |   4096 |   9216 |    24 | 1.00 | 1.00 |        35.4 |    35.4 |    35.4 
 abcijk-ejab-ikec |   6144 |   6144 |    24 | 1.00 | 1.00 |        27.9 |    27.9 |    27.9 
 abcijk-ejac-ikeb |   6144 |   6144 |    24 | 1.00 | 1.00 |        32.6 |    32.6 |    32.6 
 abcijk-ejbc-ikea |   4096 |   9216 |    24 | 1.00 | 1.00 |        35.9 |    35.9 |    35.9 
 abcijk-ekab-ijec |   6144 |   6144 |    24 | 1.00 | 1.00 |        27.8 |    27.8 |    27.8 
 abcijk-ekac-ijeb |   6144 |   6144 |    24 | 1.00 | 1.00 |        32.6 |    32.6 |    32.6 
 abcijk-ekbc-ijea |   4096 |   9216 |    24 | 1.00 | 1.00 |        35.6 |    35.6 |    35.6 
       abc-bk-akc |    216 |  44064 |   204 | 1.00 | 1.00 |        61.8 |    61.8 |    61.8 

=== c64 ===
             case |      m |      n |     k | regA | regB | planar GF/s | 1m GF/s | 3m GF/s 
------------------+--------+--------+-------+------+------+-------------+---------+---------
         ij-ik-kj |   2904 |   2896 |  2904 | 1.00 | 1.00 |        76.4 |    54.0 |    63.9 
       ij-ikl-ljk |    216 |    204 | 44064 | 1.00 | 1.00 |        52.3 |    38.9 |    43.8 
       ij-kil-lkj |    216 |    204 | 46656 | 1.00 | 1.00 |        56.9 |    41.2 |    47.6 
       ijk-ikl-lj |  44064 |    204 |   216 | 1.00 | 1.00 |        77.6 |    68.6 |    67.9 
       ijk-il-jlk |    216 |  44064 |   204 | 1.00 | 1.00 |        72.3 |    69.8 |    67.3 
       ijk-ilk-jl |  44064 |    216 |   204 | 0.96 | 1.00 |        79.3 |    69.2 |    69.3 
       ijk-ilk-lj |  44064 |    204 |   216 | 0.96 | 1.00 |        78.3 |    68.5 |    67.6 
     ijk-ilmk-mjl |   3744 |     52 |  3744 | 0.89 | 1.00 |        50.7 |    35.9 |    41.0 
   ijkl-imjn-lnkm |   3744 |   3744 |  2704 | 0.89 | 0.92 |        75.4 |    54.6 |    64.3 
   ijkl-imjn-nlmk |   3744 |   2704 |  3744 | 0.89 | 0.92 |        76.1 |    54.6 |    64.7 
   ijkl-imkn-jnlm |   3744 |   3744 |  2704 | 0.89 | 1.00 |        75.7 |    55.8 |    64.2 
   ijkl-imkn-njml |   3744 |   2704 |  3744 | 0.89 | 0.92 |        76.5 |    55.5 |    64.0 
   ijkl-imln-jnkm |   3744 |   3744 |  2704 | 0.89 | 1.00 |        76.2 |    54.9 |    64.2 
   ijkl-imln-njmk |   3744 |   2704 |  3744 | 0.89 | 0.92 |        75.8 |    55.0 |    64.0 
   ijkl-imnj-nlkm |   3744 |   2704 |  3744 | 0.89 | 0.92 |        75.7 |    54.3 |    64.4 
   ijkl-imnk-njml |   3744 |   2704 |  3744 | 0.89 | 0.92 |        75.9 |    55.2 |    64.0 
   ijkl-minj-nlmk |   3744 |   2704 |  5184 | 0.89 | 0.92 |        76.1 |    53.9 |    63.8 
   ijkl-mink-jnlm |   3744 |   3744 |  3744 | 0.89 | 1.00 |        75.6 |    54.6 |    64.3 
   ijkl-minl-njmk |   3744 |   2704 |  5184 | 0.89 | 0.92 |        75.0 |    53.9 |    63.4 
     aqrs-pa-pqrs |     72 | 140608 |    72 | 1.00 | 1.00 |        48.7 |    51.0 |    49.3 
     abrs-qb-aqrs |     52 | 194688 |    72 | 0.89 | 1.00 |        50.3 |    47.5 |    48.0 
     abcs-rc-abrs |     52 | 194688 |    72 | 1.00 | 1.00 |        45.1 |    39.3 |    39.8 
       abj-bka-kj |  46656 |    204 |   216 | 0.96 | 1.00 |        62.7 |    54.7 |    56.2 
       ajb-kba-jk |  44064 |    216 |   216 | 0.96 | 1.00 |        84.4 |    78.7 |    77.3 
     abjc-cbka-kj | 269568 |     52 |    72 | 0.89 | 1.00 |        13.8 |    11.7 |    15.4 
     ajbc-ckba-jk | 269568 |     72 |    52 | 0.89 | 1.00 |        25.8 |    23.8 |    27.2 
     abjc-kbac-jk | 194688 |     72 |    72 | 0.89 | 1.00 |        57.3 |    51.9 |    52.5 
   abjcd-dkbac-jk | 331776 |     24 |    24 | 0.67 | 1.00 |         7.1 |     6.2 |     7.8 
   adbjc-cbdka-kj | 331776 |     24 |    24 | 0.67 | 1.00 |         4.0 |     3.4 |     3.5 
   ajbdc-ckbad-jk | 331776 |     24 |    24 | 1.00 | 1.00 |         6.3 |     6.4 |     7.9 
 abcijk-ijma-mkbc |   9216 |   4096 |    24 | 1.00 | 0.99 |        51.2 |    45.4 |    42.5 
 abcijk-ijmb-mkac |   6144 |   6144 |    24 | 1.00 | 0.88 |        49.9 |    45.4 |    45.0 
 abcijk-ijmc-mkab |   6144 |   6144 |    24 | 1.00 | 0.75 |        49.8 |    45.1 |    44.9 
 abcijk-ikma-mjbc |   9216 |   4096 |    24 | 1.00 | 0.99 |        52.0 |    45.5 |    42.8 
 abcijk-ikmb-mjac |   6144 |   6144 |    24 | 1.00 | 0.88 |        50.8 |    44.8 |    44.7 
 abcijk-ikmc-mjab |   6144 |   6144 |    24 | 1.00 | 0.75 |        49.8 |    44.9 |    45.2 
 abcijk-jkma-mibc |   9216 |   4096 |    24 | 1.00 | 0.99 |        52.4 |    45.9 |    42.7 
 abcijk-jkmb-miac |   6144 |   6144 |    24 | 1.00 | 0.88 |        50.7 |    45.5 |    44.8 
 abcijk-jkmc-miab |   6144 |   6144 |    24 | 1.00 | 0.75 |        49.6 |    45.0 |    45.1 
 abcijk-eiab-jkec |   6144 |   6144 |    24 | 1.00 | 0.75 |        49.6 |    45.0 |    45.2 
 abcijk-eiac-jkeb |   6144 |   6144 |    24 | 1.00 | 0.88 |        50.5 |    45.7 |    44.8 
 abcijk-eibc-jkea |   4096 |   9216 |    24 | 1.00 | 0.99 |        52.5 |    44.7 |    42.8 
 abcijk-ejab-ikec |   6144 |   6144 |    24 | 1.00 | 0.75 |        50.1 |    45.0 |    44.8 
 abcijk-ejac-ikeb |   6144 |   6144 |    24 | 1.00 | 0.88 |        50.7 |    45.6 |    44.8 
 abcijk-ejbc-ikea |   4096 |   9216 |    24 | 1.00 | 0.99 |        51.9 |    46.6 |    42.4 
 abcijk-ekab-ijec |   6144 |   6144 |    24 | 1.00 | 0.75 |        50.1 |    45.1 |    45.2 
 abcijk-ekac-ijeb |   6144 |   6144 |    24 | 1.00 | 0.88 |        50.1 |    45.3 |    44.3 
 abcijk-ekbc-ijea |   4096 |   9216 |    24 | 1.00 | 0.99 |        52.1 |    45.7 |    42.8 
       abc-bk-akc |    216 |  44064 |   204 | 0.96 | 1.00 |        78.8 |    69.8 |    69.4 

=== complex efficiency ratio (c64 GF/s over f64 GF/s; 1.0 = no penalty) ===
             case | planar c64/f64 | 1m c64/f64 | 3m c64/f64 
------------------+----------------+------------+------------
         ij-ik-kj |          1.250 |      0.883 |      1.045 
       ij-ikl-ljk |          1.520 |      1.129 |      1.272 
       ij-kil-lkj |          1.512 |      1.095 |      1.264 
       ijk-ikl-lj |          1.318 |      1.164 |      1.152 
       ijk-il-jlk |          1.510 |      1.459 |      1.404 
       ijk-ilk-jl |          1.268 |      1.108 |      1.109 
       ijk-ilk-lj |          1.274 |      1.114 |      1.099 
     ijk-ilmk-mjl |          1.479 |      1.048 |      1.197 
   ijkl-imjn-lnkm |          1.339 |      0.970 |      1.142 
   ijkl-imjn-nlmk |          1.288 |      0.925 |      1.096 
   ijkl-imkn-jnlm |          1.285 |      0.947 |      1.091 
   ijkl-imkn-njml |          1.298 |      0.942 |      1.087 
   ijkl-imln-jnkm |          1.287 |      0.927 |      1.084 
   ijkl-imln-njmk |          1.271 |      0.923 |      1.074 
   ijkl-imnj-nlkm |          1.283 |      0.920 |      1.091 
   ijkl-imnk-njml |          1.272 |      0.925 |      1.072 
   ijkl-minj-nlmk |          1.335 |      0.945 |      1.119 
   ijkl-mink-jnlm |          1.313 |      0.949 |      1.117 
   ijkl-minl-njmk |          1.321 |      0.950 |      1.116 
     aqrs-pa-pqrs |          1.473 |      1.543 |      1.492 
     abrs-qb-aqrs |          1.346 |      1.271 |      1.285 
     abcs-rc-abrs |          1.520 |      1.322 |      1.340 
       abj-bka-kj |          1.508 |      1.315 |      1.352 
       ajb-kba-jk |          1.281 |      1.196 |      1.174 
     abjc-cbka-kj |          1.630 |      1.382 |      1.819 
     ajbc-ckba-jk |          1.580 |      1.459 |      1.665 
     abjc-kbac-jk |          1.674 |      1.516 |      1.532 
   abjcd-dkbac-jk |          2.659 |      2.331 |      2.935 
   adbjc-cbdka-kj |          2.576 |      2.201 |      2.215 
   ajbdc-ckbad-jk |          2.285 |      2.291 |      2.838 
 abcijk-ijma-mkbc |          1.403 |      1.246 |      1.166 
 abcijk-ijmb-mkac |          1.488 |      1.354 |      1.343 
 abcijk-ijmc-mkab |          1.788 |      1.618 |      1.612 
 abcijk-ikma-mjbc |          1.433 |      1.253 |      1.177 
 abcijk-ikmb-mjac |          1.567 |      1.384 |      1.380 
 abcijk-ikmc-mjab |          1.780 |      1.607 |      1.618 
 abcijk-jkma-mibc |          1.464 |      1.285 |      1.195 
 abcijk-jkmb-miac |          1.553 |      1.392 |      1.372 
 abcijk-jkmc-miab |          1.748 |      1.588 |      1.592 
 abcijk-eiab-jkec |          1.736 |      1.575 |      1.580 
 abcijk-eiac-jkeb |          1.548 |      1.400 |      1.374 
 abcijk-eibc-jkea |          1.482 |      1.260 |      1.207 
 abcijk-ejab-ikec |          1.792 |      1.610 |      1.605 
 abcijk-ejac-ikeb |          1.554 |      1.399 |      1.372 
 abcijk-ejbc-ikea |          1.447 |      1.299 |      1.181 
 abcijk-ekab-ijec |          1.803 |      1.621 |      1.624 
 abcijk-ekac-ijeb |          1.534 |      1.387 |      1.357 
 abcijk-ekbc-ijea |          1.463 |      1.283 |      1.201 
       abc-bk-akc |          1.274 |      1.128 |      1.122 
             MEAN |          1.527 |      1.303 |      1.375 

wrote bench-results/ccqlin038-blocking/bl-kc512-f64c64.csv
