host        : ccqlin038.flatironinstitute.org
target      : x86_64 / linux
cpu features: avx2 fma avx512f avx512dq 
caches      : L1=32KiB/8-way/2sh L2=1024KiB/16-way/2sh L3=25344KiB/11-way/16sh (via sysfs), blocking=legacy
baselines   : tblis=false blas=false

sweeping 49 cases at 64 MiB nominal tensor size, 3 reps, stress=none


=== f64 ===
             case |      m |      n |     k | regA | regB | planar GF/s | 1m GF/s | 3m GF/s 
------------------+--------+--------+-------+------+------+-------------+---------+---------
         ij-ik-kj |   2904 |   2896 |  2904 | 1.00 | 1.00 |        45.1 |    45.1 |    45.1 
       ij-ikl-ljk |    216 |    204 | 44064 | 1.00 | 1.00 |        28.6 |    28.6 |    28.6 
       ij-kil-lkj |    216 |    204 | 46656 | 1.00 | 1.00 |        30.9 |    30.9 |    30.9 
       ijk-ikl-lj |  44064 |    204 |   216 | 1.00 | 1.00 |        34.6 |    34.6 |    34.6 
       ijk-il-jlk |    216 |  44064 |   204 | 1.00 | 1.00 |        39.4 |    39.4 |    39.4 
       ijk-ilk-jl |  44064 |    216 |   204 | 1.00 | 1.00 |        36.1 |    36.1 |    36.1 
       ijk-ilk-lj |  44064 |    204 |   216 | 1.00 | 1.00 |        36.9 |    36.9 |    36.9 
     ijk-ilmk-mjl |   3744 |     52 |  3744 | 1.00 | 1.00 |        35.9 |    35.9 |    35.9 
   ijkl-imjn-lnkm |   3744 |   3744 |  2704 | 1.00 | 0.92 |        46.4 |    46.4 |    46.4 
   ijkl-imjn-nlmk |   3744 |   2704 |  3744 | 1.00 | 0.92 |        45.0 |    45.0 |    45.0 
   ijkl-imkn-jnlm |   3744 |   3744 |  2704 | 1.00 | 1.00 |        45.1 |    45.1 |    45.1 
   ijkl-imkn-njml |   3744 |   2704 |  3744 | 1.00 | 0.92 |        42.5 |    42.5 |    42.5 
   ijkl-imln-jnkm |   3744 |   3744 |  2704 | 1.00 | 1.00 |        45.2 |    45.2 |    45.2 
   ijkl-imln-njmk |   3744 |   2704 |  3744 | 1.00 | 0.92 |        43.0 |    43.0 |    43.0 
   ijkl-imnj-nlkm |   3744 |   2704 |  3744 | 1.00 | 0.92 |        44.3 |    44.3 |    44.3 
   ijkl-imnk-njml |   3744 |   2704 |  3744 | 1.00 | 0.92 |        42.7 |    42.7 |    42.7 
   ijkl-minj-nlmk |   3744 |   2704 |  5184 | 1.00 | 0.92 |        43.4 |    43.4 |    43.4 
   ijkl-mink-jnlm |   3744 |   3744 |  3744 | 1.00 | 1.00 |        44.7 |    44.7 |    44.7 
   ijkl-minl-njmk |   3744 |   2704 |  5184 | 1.00 | 0.92 |        42.6 |    42.6 |    42.6 
     aqrs-pa-pqrs |     72 | 140608 |    72 | 1.00 | 1.00 |        23.8 |    23.8 |    23.8 
     abrs-qb-aqrs |     52 | 194688 |    72 | 1.00 | 1.00 |        26.2 |    26.2 |    26.2 
     abcs-rc-abrs |     52 | 194688 |    72 | 1.00 | 1.00 |        23.4 |    23.4 |    23.4 
       abj-bka-kj |  46656 |    204 |   216 | 1.00 | 1.00 |        30.2 |    30.2 |    30.2 
       ajb-kba-jk |  44064 |    216 |   216 | 1.00 | 1.00 |        32.8 |    32.8 |    32.8 
     abjc-cbka-kj | 269568 |     52 |    72 | 1.00 | 1.00 |         8.2 |     8.2 |     8.2 
     ajbc-ckba-jk | 269568 |     72 |    52 | 1.00 | 1.00 |        16.4 |    16.4 |    16.4 
     abjc-kbac-jk | 194688 |     72 |    72 | 1.00 | 1.00 |        24.1 |    24.1 |    24.1 
   abjcd-dkbac-jk | 331776 |     24 |    24 | 1.00 | 1.00 |         2.7 |     2.7 |     2.7 
   adbjc-cbdka-kj | 331776 |     24 |    24 | 1.00 | 1.00 |         1.6 |     1.6 |     1.6 
   ajbdc-ckbad-jk | 331776 |     24 |    24 | 1.00 | 1.00 |         2.7 |     2.7 |     2.7 
 abcijk-ijma-mkbc |   9216 |   4096 |    24 | 1.00 | 1.00 |        36.1 |    36.1 |    36.1 
 abcijk-ijmb-mkac |   6144 |   6144 |    24 | 1.00 | 1.00 |        32.9 |    32.9 |    32.9 
 abcijk-ijmc-mkab |   6144 |   6144 |    24 | 1.00 | 1.00 |        27.3 |    27.3 |    27.3 
 abcijk-ikma-mjbc |   9216 |   4096 |    24 | 1.00 | 1.00 |        36.0 |    36.0 |    36.0 
 abcijk-ikmb-mjac |   6144 |   6144 |    24 | 1.00 | 1.00 |        32.6 |    32.6 |    32.6 
 abcijk-ikmc-mjab |   6144 |   6144 |    24 | 1.00 | 1.00 |        27.3 |    27.3 |    27.3 
 abcijk-jkma-mibc |   9216 |   4096 |    24 | 1.00 | 1.00 |        35.7 |    35.7 |    35.7 
 abcijk-jkmb-miac |   6144 |   6144 |    24 | 1.00 | 1.00 |        32.6 |    32.6 |    32.6 
 abcijk-jkmc-miab |   6144 |   6144 |    24 | 1.00 | 1.00 |        27.7 |    27.7 |    27.7 
 abcijk-eiab-jkec |   6144 |   6144 |    24 | 1.00 | 1.00 |        27.8 |    27.8 |    27.8 
 abcijk-eiac-jkeb |   6144 |   6144 |    24 | 1.00 | 1.00 |        32.3 |    32.3 |    32.3 
 abcijk-eibc-jkea |   4096 |   9216 |    24 | 1.00 | 1.00 |        36.2 |    36.2 |    36.2 
 abcijk-ejab-ikec |   6144 |   6144 |    24 | 1.00 | 1.00 |        27.3 |    27.3 |    27.3 
 abcijk-ejac-ikeb |   6144 |   6144 |    24 | 1.00 | 1.00 |        32.6 |    32.6 |    32.6 
 abcijk-ejbc-ikea |   4096 |   9216 |    24 | 1.00 | 1.00 |        35.1 |    35.1 |    35.1 
 abcijk-ekab-ijec |   6144 |   6144 |    24 | 1.00 | 1.00 |        27.3 |    27.3 |    27.3 
 abcijk-ekac-ijeb |   6144 |   6144 |    24 | 1.00 | 1.00 |        33.5 |    33.5 |    33.5 
 abcijk-ekbc-ijea |   4096 |   9216 |    24 | 1.00 | 1.00 |        36.4 |    36.4 |    36.4 
       abc-bk-akc |    216 |  44064 |   204 | 1.00 | 1.00 |        36.2 |    36.2 |    36.2 

=== c64 ===
             case |      m |      n |     k | regA | regB | planar GF/s | 1m GF/s | 3m GF/s 
------------------+--------+--------+-------+------+------+-------------+---------+---------
         ij-ik-kj |   2904 |   2896 |  2904 | 1.00 | 1.00 |        54.6 |    50.3 |    52.0 
       ij-ikl-ljk |    216 |    204 | 44064 | 1.00 | 1.00 |        42.1 |    40.1 |    38.9 
       ij-kil-lkj |    216 |    204 | 46656 | 1.00 | 1.00 |        44.1 |    41.8 |    41.2 
       ijk-ikl-lj |  44064 |    204 |   216 | 1.00 | 1.00 |        50.3 |    47.0 |    47.7 
       ijk-il-jlk |    216 |  44064 |   204 | 1.00 | 1.00 |        51.9 |    49.7 |    48.3 
       ijk-ilk-jl |  44064 |    216 |   204 | 0.96 | 1.00 |        48.6 |    46.5 |    47.2 
       ijk-ilk-lj |  44064 |    204 |   216 | 0.96 | 1.00 |        48.7 |    47.0 |    48.2 
     ijk-ilmk-mjl |   3744 |     52 |  3744 | 0.89 | 1.00 |        47.5 |    41.0 |    42.1 
   ijkl-imjn-lnkm |   3744 |   3744 |  2704 | 0.89 | 0.92 |        57.7 |    52.2 |    53.3 
   ijkl-imjn-nlmk |   3744 |   2704 |  3744 | 0.89 | 0.92 |        57.7 |    52.0 |    53.0 
   ijkl-imkn-jnlm |   3744 |   3744 |  2704 | 0.89 | 1.00 |        52.1 |    51.6 |    51.1 
   ijkl-imkn-njml |   3744 |   2704 |  3744 | 0.89 | 0.92 |        51.9 |    51.4 |    50.5 
   ijkl-imln-jnkm |   3744 |   3744 |  2704 | 0.89 | 1.00 |        52.1 |    51.1 |    51.2 
   ijkl-imln-njmk |   3744 |   2704 |  3744 | 0.89 | 0.92 |        52.0 |    50.8 |    50.6 
   ijkl-imnj-nlkm |   3744 |   2704 |  3744 | 0.89 | 0.92 |        57.1 |    51.7 |    52.6 
   ijkl-imnk-njml |   3744 |   2704 |  3744 | 0.89 | 0.92 |        51.7 |    50.9 |    50.3 
   ijkl-minj-nlmk |   3744 |   2704 |  5184 | 0.89 | 0.92 |        56.9 |    51.2 |    51.3 
   ijkl-mink-jnlm |   3744 |   3744 |  3744 | 0.89 | 1.00 |        51.9 |    51.1 |    50.7 
   ijkl-minl-njmk |   3744 |   2704 |  5184 | 0.89 | 0.92 |        51.9 |    50.9 |    50.0 
     aqrs-pa-pqrs |     72 | 140608 |    72 | 1.00 | 1.00 |        35.7 |    37.7 |    36.2 
     abrs-qb-aqrs |     52 | 194688 |    72 | 0.89 | 1.00 |        36.0 |    33.4 |    34.0 
     abcs-rc-abrs |     52 | 194688 |    72 | 1.00 | 1.00 |        34.6 |    28.7 |    31.8 
       abj-bka-kj |  46656 |    204 |   216 | 0.96 | 1.00 |        44.2 |    40.2 |    41.4 
       ajb-kba-jk |  44064 |    216 |   216 | 0.96 | 1.00 |        48.8 |    47.0 |    48.6 
     abjc-cbka-kj | 269568 |     52 |    72 | 0.89 | 1.00 |        13.4 |    11.1 |    14.6 
     ajbc-ckba-jk | 269568 |     72 |    52 | 0.89 | 1.00 |        25.9 |    23.9 |    27.0 
     abjc-kbac-jk | 194688 |     72 |    72 | 0.89 | 1.00 |        39.3 |    33.9 |    37.4 
   abjcd-dkbac-jk | 331776 |     24 |    24 | 0.67 | 1.00 |         7.1 |     6.2 |     7.9 
   adbjc-cbdka-kj | 331776 |     24 |    24 | 0.67 | 1.00 |         4.0 |     3.5 |     3.5 
   ajbdc-ckbad-jk | 331776 |     24 |    24 | 1.00 | 1.00 |         6.3 |     6.3 |     8.0 
 abcijk-ijma-mkbc |   9216 |   4096 |    24 | 1.00 | 0.99 |        52.3 |    45.2 |    42.7 
 abcijk-ijmb-mkac |   6144 |   6144 |    24 | 1.00 | 0.88 |        50.5 |    45.6 |    44.8 
 abcijk-ijmc-mkab |   6144 |   6144 |    24 | 1.00 | 0.75 |        48.0 |    46.2 |    44.9 
 abcijk-ikma-mjbc |   9216 |   4096 |    24 | 1.00 | 0.99 |        51.4 |    45.5 |    43.0 
 abcijk-ikmb-mjac |   6144 |   6144 |    24 | 1.00 | 0.88 |        50.4 |    45.6 |    45.1 
 abcijk-ikmc-mjab |   6144 |   6144 |    24 | 1.00 | 0.75 |        48.9 |    45.0 |    44.8 
 abcijk-jkma-mibc |   9216 |   4096 |    24 | 1.00 | 0.99 |        51.7 |    45.8 |    42.7 
 abcijk-jkmb-miac |   6144 |   6144 |    24 | 1.00 | 0.88 |        49.9 |    46.6 |    45.1 
 abcijk-jkmc-miab |   6144 |   6144 |    24 | 1.00 | 0.75 |        49.4 |    45.2 |    45.4 
 abcijk-eiab-jkec |   6144 |   6144 |    24 | 1.00 | 0.75 |        49.5 |    46.0 |    45.0 
 abcijk-eiac-jkeb |   6144 |   6144 |    24 | 1.00 | 0.88 |        49.8 |    46.0 |    45.1 
 abcijk-eibc-jkea |   4096 |   9216 |    24 | 1.00 | 0.99 |        50.5 |    44.9 |    42.3 
 abcijk-ejab-ikec |   6144 |   6144 |    24 | 1.00 | 0.75 |        49.2 |    45.8 |    45.0 
 abcijk-ejac-ikeb |   6144 |   6144 |    24 | 1.00 | 0.88 |        50.8 |    45.7 |    45.2 
 abcijk-ejbc-ikea |   4096 |   9216 |    24 | 1.00 | 0.99 |        52.1 |    44.8 |    42.7 
 abcijk-ekab-ijec |   6144 |   6144 |    24 | 1.00 | 0.75 |        50.0 |    45.5 |    44.9 
 abcijk-ekac-ijeb |   6144 |   6144 |    24 | 1.00 | 0.88 |        51.0 |    45.8 |    45.0 
 abcijk-ekbc-ijea |   4096 |   9216 |    24 | 1.00 | 0.99 |        52.0 |    46.8 |    43.1 
       abc-bk-akc |    216 |  44064 |   204 | 0.96 | 1.00 |        48.5 |    47.5 |    47.4 

=== complex efficiency ratio (c64 GF/s over f64 GF/s; 1.0 = no penalty) ===
             case | planar c64/f64 | 1m c64/f64 | 3m c64/f64 
------------------+----------------+------------+------------
         ij-ik-kj |          1.211 |      1.115 |      1.154 
       ij-ikl-ljk |          1.471 |      1.399 |      1.359 
       ij-kil-lkj |          1.428 |      1.354 |      1.335 
       ijk-ikl-lj |          1.453 |      1.359 |      1.379 
       ijk-il-jlk |          1.318 |      1.260 |      1.226 
       ijk-ilk-jl |          1.346 |      1.288 |      1.307 
       ijk-ilk-lj |          1.320 |      1.274 |      1.306 
     ijk-ilmk-mjl |          1.323 |      1.142 |      1.171 
   ijkl-imjn-lnkm |          1.243 |      1.126 |      1.149 
   ijkl-imjn-nlmk |          1.281 |      1.154 |      1.177 
   ijkl-imkn-jnlm |          1.155 |      1.144 |      1.133 
   ijkl-imkn-njml |          1.220 |      1.207 |      1.188 
   ijkl-imln-jnkm |          1.153 |      1.131 |      1.132 
   ijkl-imln-njmk |          1.207 |      1.179 |      1.175 
   ijkl-imnj-nlkm |          1.289 |      1.168 |      1.188 
   ijkl-imnk-njml |          1.213 |      1.194 |      1.180 
   ijkl-minj-nlmk |          1.312 |      1.179 |      1.182 
   ijkl-mink-jnlm |          1.159 |      1.142 |      1.133 
   ijkl-minl-njmk |          1.219 |      1.196 |      1.175 
     aqrs-pa-pqrs |          1.499 |      1.583 |      1.522 
     abrs-qb-aqrs |          1.376 |      1.275 |      1.301 
     abcs-rc-abrs |          1.480 |      1.226 |      1.360 
       abj-bka-kj |          1.465 |      1.331 |      1.372 
       ajb-kba-jk |          1.488 |      1.433 |      1.479 
     abjc-cbka-kj |          1.633 |      1.354 |      1.775 
     ajbc-ckba-jk |          1.580 |      1.459 |      1.649 
     abjc-kbac-jk |          1.628 |      1.404 |      1.549 
   abjcd-dkbac-jk |          2.630 |      2.311 |      2.935 
   adbjc-cbdka-kj |          2.543 |      2.178 |      2.215 
   ajbdc-ckbad-jk |          2.344 |      2.346 |      2.969 
 abcijk-ijma-mkbc |          1.449 |      1.254 |      1.183 
 abcijk-ijmb-mkac |          1.535 |      1.385 |      1.362 
 abcijk-ijmc-mkab |          1.757 |      1.692 |      1.644 
 abcijk-ikma-mjbc |          1.428 |      1.265 |      1.196 
 abcijk-ikmb-mjac |          1.545 |      1.397 |      1.381 
 abcijk-ikmc-mjab |          1.791 |      1.651 |      1.642 
 abcijk-jkma-mibc |          1.447 |      1.282 |      1.195 
 abcijk-jkmb-miac |          1.530 |      1.429 |      1.382 
 abcijk-jkmc-miab |          1.784 |      1.632 |      1.638 
 abcijk-eiab-jkec |          1.785 |      1.659 |      1.623 
 abcijk-eiac-jkeb |          1.543 |      1.424 |      1.396 
 abcijk-eibc-jkea |          1.396 |      1.241 |      1.170 
 abcijk-ejab-ikec |          1.801 |      1.680 |      1.648 
 abcijk-ejac-ikeb |          1.558 |      1.401 |      1.385 
 abcijk-ejbc-ikea |          1.485 |      1.277 |      1.218 
 abcijk-ekab-ijec |          1.834 |      1.670 |      1.647 
 abcijk-ekac-ijeb |          1.521 |      1.366 |      1.342 
 abcijk-ekbc-ijea |          1.429 |      1.284 |      1.183 
       abc-bk-akc |          1.341 |      1.312 |      1.311 
             MEAN |          1.509 |      1.392 |      1.423 

wrote bench-results/ccqlin038-blocking/bl-kc64-f64c64.csv
