host        : ccqlin038.flatironinstitute.org
target      : x86_64 / linux
cpu features: avx2 fma avx512f avx512dq 
caches      : L1=32KiB/8-way/2sh L2=1024KiB/16-way/2sh L3=25344KiB/11-way/16sh (via sysfs), blocking=legacy
baselines   : tblis=false blas=false

sweeping 49 cases at 64 MiB nominal tensor size, 3 reps, stress=none


=== f32 ===
             case |      m |      n |     k | regA | regB | planar GF/s | 1m GF/s | 3m GF/s 
------------------+--------+--------+-------+------+------+-------------+---------+---------
         ij-ik-kj |   2904 |   2896 |  2904 | 1.00 | 1.00 |       157.3 |   157.3 |   157.3 
       ij-ikl-ljk |    216 |    204 | 44064 | 1.00 | 1.00 |        67.8 |    67.8 |    67.8 
       ij-kil-lkj |    216 |    204 | 46656 | 1.00 | 1.00 |        69.7 |    69.7 |    69.7 
       ijk-ikl-lj |  44064 |    204 |   216 | 1.00 | 1.00 |       121.8 |   121.8 |   121.8 
       ijk-il-jlk |    216 |  44064 |   204 | 1.00 | 1.00 |       100.3 |   100.3 |   100.3 
       ijk-ilk-jl |  44064 |    216 |   204 | 0.89 | 1.00 |       125.8 |   125.8 |   125.8 
       ijk-ilk-lj |  44064 |    204 |   216 | 0.89 | 1.00 |       125.9 |   125.9 |   125.9 
     ijk-ilmk-mjl |   3744 |     52 |  3744 | 0.67 | 1.00 |        80.2 |    80.2 |    80.2 
   ijkl-imjn-lnkm |   3744 |   3744 |  2704 | 0.67 | 0.92 |       151.5 |   151.5 |   151.5 
   ijkl-imjn-nlmk |   3744 |   2704 |  3744 | 0.67 | 0.92 |       158.0 |   158.0 |   158.0 
   ijkl-imkn-jnlm |   3744 |   3744 |  2704 | 0.67 | 1.00 |       160.7 |   160.7 |   160.7 
   ijkl-imkn-njml |   3744 |   2704 |  3744 | 0.67 | 0.92 |       149.0 |   149.0 |   149.0 
   ijkl-imln-jnkm |   3744 |   3744 |  2704 | 0.67 | 1.00 |       153.4 |   153.4 |   153.4 
   ijkl-imln-njmk |   3744 |   2704 |  3744 | 0.67 | 0.92 |       151.4 |   151.4 |   151.4 
   ijkl-imnj-nlkm |   3744 |   2704 |  3744 | 0.67 | 0.92 |       151.8 |   151.8 |   151.8 
   ijkl-imnk-njml |   3744 |   2704 |  3744 | 0.67 | 0.92 |       152.2 |   152.2 |   152.2 
   ijkl-minj-nlmk |   3744 |   2704 |  5184 | 0.67 | 0.92 |       152.6 |   152.6 |   152.6 
   ijkl-mink-jnlm |   3744 |   3744 |  3744 | 0.67 | 1.00 |       153.3 |   153.3 |   153.3 
   ijkl-minl-njmk |   3744 |   2704 |  5184 | 0.67 | 0.92 |       148.9 |   148.9 |   148.9 
     aqrs-pa-pqrs |     72 | 140608 |    72 | 1.00 | 1.00 |        53.7 |    53.7 |    53.7 
     abrs-qb-aqrs |     52 | 194688 |    72 | 0.67 | 1.00 |        68.1 |    68.1 |    68.1 
     abcs-rc-abrs |     52 | 194688 |    72 | 1.00 | 1.00 |        58.6 |    58.6 |    58.6 
       abj-bka-kj |  46656 |    204 |   216 | 0.89 | 1.00 |        65.9 |    65.9 |    65.9 
       ajb-kba-jk |  44064 |    216 |   216 | 0.89 | 1.00 |       117.6 |   117.6 |   117.6 
     abjc-cbka-kj | 269568 |     52 |    72 | 0.67 | 1.00 |        14.5 |    14.5 |    14.5 
     ajbc-ckba-jk | 269568 |     72 |    52 | 0.67 | 1.00 |        25.3 |    25.3 |    25.3 
     abjc-kbac-jk | 194688 |     72 |    72 | 0.67 | 1.00 |        60.9 |    60.9 |    60.9 
   abjcd-dkbac-jk | 331776 |     24 |    24 | 0.00 | 1.00 |         6.7 |     6.7 |     6.7 
   adbjc-cbdka-kj | 331776 |     24 |    24 | 0.00 | 1.00 |         4.9 |     4.9 |     4.9 
   ajbdc-ckbad-jk | 331776 |     24 |    24 | 0.00 | 1.00 |         6.3 |     6.3 |     6.3 
 abcijk-ijma-mkbc |   9216 |   4096 |    24 | 0.00 | 1.00 |        51.5 |    51.5 |    51.5 
 abcijk-ijmb-mkac |   6144 |   6144 |    24 | 0.00 | 1.00 |        40.6 |    40.6 |    40.6 
 abcijk-ijmc-mkab |   6144 |   6144 |    24 | 1.00 | 1.00 |        60.4 |    60.4 |    60.4 
 abcijk-ikma-mjbc |   9216 |   4096 |    24 | 0.00 | 1.00 |        53.5 |    53.5 |    53.5 
 abcijk-ikmb-mjac |   6144 |   6144 |    24 | 0.00 | 1.00 |        40.3 |    40.3 |    40.3 
 abcijk-ikmc-mjab |   6144 |   6144 |    24 | 1.00 | 1.00 |        60.7 |    60.7 |    60.7 
 abcijk-jkma-mibc |   9216 |   4096 |    24 | 0.00 | 1.00 |        52.8 |    52.8 |    52.8 
 abcijk-jkmb-miac |   6144 |   6144 |    24 | 0.00 | 1.00 |        41.1 |    41.1 |    41.1 
 abcijk-jkmc-miab |   6144 |   6144 |    24 | 1.00 | 1.00 |        57.5 |    57.5 |    57.5 
 abcijk-eiab-jkec |   6144 |   6144 |    24 | 1.00 | 1.00 |        59.1 |    59.1 |    59.1 
 abcijk-eiac-jkeb |   6144 |   6144 |    24 | 0.00 | 1.00 |        41.4 |    41.4 |    41.4 
 abcijk-eibc-jkea |   4096 |   9216 |    24 | 0.00 | 1.00 |        52.7 |    52.7 |    52.7 
 abcijk-ejab-ikec |   6144 |   6144 |    24 | 1.00 | 1.00 |        59.9 |    59.9 |    59.9 
 abcijk-ejac-ikeb |   6144 |   6144 |    24 | 0.00 | 1.00 |        40.4 |    40.4 |    40.4 
 abcijk-ejbc-ikea |   4096 |   9216 |    24 | 0.00 | 1.00 |        49.4 |    49.4 |    49.4 
 abcijk-ekab-ijec |   6144 |   6144 |    24 | 1.00 | 1.00 |        59.2 |    59.2 |    59.2 
 abcijk-ekac-ijeb |   6144 |   6144 |    24 | 0.00 | 1.00 |        41.1 |    41.1 |    41.1 
 abcijk-ekbc-ijea |   4096 |   9216 |    24 | 0.00 | 1.00 |        52.6 |    52.6 |    52.6 
       abc-bk-akc |    216 |  44064 |   204 | 0.89 | 1.00 |       131.0 |   131.0 |   131.0 

=== c32 ===
             case |      m |      n |     k | regA | regB | planar GF/s | 1m GF/s | 3m GF/s 
------------------+--------+--------+-------+------+------+-------------+---------+---------
         ij-ik-kj |   2904 |   2896 |  2904 | 1.00 | 1.00 |       169.0 |   148.3 |   150.7 
       ij-ikl-ljk |    216 |    204 | 44064 | 1.00 | 1.00 |       104.0 |    96.0 |    92.3 
       ij-kil-lkj |    216 |    204 | 46656 | 1.00 | 1.00 |       107.2 |    99.1 |    98.2 
       ijk-ikl-lj |  44064 |    204 |   216 | 1.00 | 1.00 |       154.4 |   141.4 |   137.3 
       ijk-il-jlk |    216 |  44064 |   204 | 1.00 | 1.00 |       149.5 |   145.5 |   136.3 
       ijk-ilk-jl |  44064 |    216 |   204 | 0.89 | 1.00 |       159.3 |   154.9 |   140.0 
       ijk-ilk-lj |  44064 |    204 |   216 | 0.89 | 1.00 |       162.2 |   155.8 |   139.3 
     ijk-ilmk-mjl |   3744 |     52 |  3744 | 0.67 | 1.00 |       105.8 |    89.7 |    78.9 
   ijkl-imjn-lnkm |   3744 |   3744 |  2704 | 0.67 | 0.92 |       167.9 |   151.9 |   148.0 
   ijkl-imjn-nlmk |   3744 |   2704 |  3744 | 0.67 | 0.92 |       167.3 |   154.5 |   151.1 
   ijkl-imkn-jnlm |   3744 |   3744 |  2704 | 0.67 | 1.00 |       167.3 |   152.9 |   150.0 
   ijkl-imkn-njml |   3744 |   2704 |  3744 | 0.67 | 0.92 |       166.4 |   151.9 |   151.5 
   ijkl-imln-jnkm |   3744 |   3744 |  2704 | 0.67 | 1.00 |       167.4 |   153.6 |   151.0 
   ijkl-imln-njmk |   3744 |   2704 |  3744 | 0.67 | 0.92 |       166.9 |   153.7 |   151.6 
   ijkl-imnj-nlkm |   3744 |   2704 |  3744 | 0.67 | 0.92 |       167.5 |   150.6 |   152.6 
   ijkl-imnk-njml |   3744 |   2704 |  3744 | 0.67 | 0.92 |       167.4 |   153.2 |   151.5 
   ijkl-minj-nlmk |   3744 |   2704 |  5184 | 0.67 | 0.92 |       166.7 |   150.0 |   153.4 
   ijkl-mink-jnlm |   3744 |   3744 |  3744 | 0.67 | 1.00 |       167.2 |   153.3 |   153.1 
   ijkl-minl-njmk |   3744 |   2704 |  5184 | 0.67 | 0.92 |       166.0 |   151.0 |   152.3 
     aqrs-pa-pqrs |     72 | 140608 |    72 | 1.00 | 1.00 |        83.3 |    81.4 |    88.0 
     abrs-qb-aqrs |     52 | 194688 |    72 | 0.67 | 1.00 |        93.7 |    87.8 |    81.9 
     abcs-rc-abrs |     52 | 194688 |    72 | 1.00 | 1.00 |        96.3 |    68.3 |    74.3 
       abj-bka-kj |  46656 |    204 |   216 | 0.89 | 1.00 |       120.8 |   111.6 |   113.2 
       ajb-kba-jk |  44064 |    216 |   216 | 0.89 | 1.00 |       152.1 |   140.3 |   154.7 
     abjc-cbka-kj | 269568 |     52 |    72 | 0.67 | 1.00 |        28.8 |    25.7 |    28.4 
     ajbc-ckba-jk | 269568 |     72 |    52 | 0.67 | 1.00 |        51.0 |    48.7 |    51.9 
     abjc-kbac-jk | 194688 |     72 |    72 | 0.67 | 1.00 |       105.6 |    83.3 |    89.8 
   abjcd-dkbac-jk | 331776 |     24 |    24 | 0.00 | 1.00 |         9.5 |     8.6 |     9.3 
   adbjc-cbdka-kj | 331776 |     24 |    24 | 0.00 | 1.00 |         8.0 |     7.6 |     6.7 
   ajbdc-ckbad-jk | 331776 |     24 |    24 | 0.00 | 1.00 |         9.4 |     8.1 |     9.3 
 abcijk-ijma-mkbc |   9216 |   4096 |    24 | 0.00 | 0.99 |        86.2 |   104.4 |    87.3 
 abcijk-ijmb-mkac |   6144 |   6144 |    24 | 0.00 | 1.00 |        68.0 |    93.6 |    81.2 
 abcijk-ijmc-mkab |   6144 |   6144 |    24 | 1.00 | 0.75 |        97.2 |    83.8 |    84.5 
 abcijk-ikma-mjbc |   9216 |   4096 |    24 | 0.00 | 0.99 |        85.7 |   106.8 |    87.4 
 abcijk-ikmb-mjac |   6144 |   6144 |    24 | 0.00 | 1.00 |        67.4 |    94.1 |    81.6 
 abcijk-ikmc-mjab |   6144 |   6144 |    24 | 1.00 | 0.75 |        97.0 |    85.4 |    86.9 
 abcijk-jkma-mibc |   9216 |   4096 |    24 | 0.00 | 0.99 |        83.8 |   105.2 |    86.7 
 abcijk-jkmb-miac |   6144 |   6144 |    24 | 0.00 | 1.00 |        66.2 |    94.7 |    81.8 
 abcijk-jkmc-miab |   6144 |   6144 |    24 | 1.00 | 0.75 |        97.9 |    84.0 |    84.6 
 abcijk-eiab-jkec |   6144 |   6144 |    24 | 1.00 | 0.75 |        96.6 |    85.2 |    84.6 
 abcijk-eiac-jkeb |   6144 |   6144 |    24 | 0.00 | 1.00 |        66.3 |    99.3 |    80.5 
 abcijk-eibc-jkea |   4096 |   9216 |    24 | 0.00 | 0.99 |        87.0 |   101.6 |    87.3 
 abcijk-ejab-ikec |   6144 |   6144 |    24 | 1.00 | 0.75 |        97.1 |    82.5 |    86.2 
 abcijk-ejac-ikeb |   6144 |   6144 |    24 | 0.00 | 1.00 |        67.6 |    93.6 |    81.7 
 abcijk-ejbc-ikea |   4096 |   9216 |    24 | 0.00 | 0.99 |        86.3 |   102.3 |    87.5 
 abcijk-ekab-ijec |   6144 |   6144 |    24 | 1.00 | 0.75 |        97.0 |    84.4 |    86.4 
 abcijk-ekac-ijeb |   6144 |   6144 |    24 | 0.00 | 1.00 |        66.9 |    94.1 |    80.5 
 abcijk-ekbc-ijea |   4096 |   9216 |    24 | 0.00 | 0.99 |        84.9 |   103.7 |    86.5 
       abc-bk-akc |    216 |  44064 |   204 | 0.89 | 1.00 |       159.1 |   157.5 |   141.8 

=== complex efficiency ratio (c32 GF/s over f32 GF/s; 1.0 = no penalty) ===
             case | planar c32/f32 | 1m c32/f32 | 3m c32/f32 
------------------+----------------+------------+------------
         ij-ik-kj |          1.074 |      0.943 |      0.958 
       ij-ikl-ljk |          1.535 |      1.416 |      1.362 
       ij-kil-lkj |          1.538 |      1.423 |      1.410 
       ijk-ikl-lj |          1.268 |      1.160 |      1.127 
       ijk-il-jlk |          1.491 |      1.451 |      1.359 
       ijk-ilk-jl |          1.266 |      1.231 |      1.112 
       ijk-ilk-lj |          1.288 |      1.237 |      1.106 
     ijk-ilmk-mjl |          1.319 |      1.117 |      0.984 
   ijkl-imjn-lnkm |          1.108 |      1.003 |      0.977 
   ijkl-imjn-nlmk |          1.059 |      0.978 |      0.956 
   ijkl-imkn-jnlm |          1.041 |      0.951 |      0.933 
   ijkl-imkn-njml |          1.117 |      1.019 |      1.017 
   ijkl-imln-jnkm |          1.091 |      1.001 |      0.984 
   ijkl-imln-njmk |          1.102 |      1.015 |      1.001 
   ijkl-imnj-nlkm |          1.104 |      0.992 |      1.005 
   ijkl-imnk-njml |          1.100 |      1.006 |      0.995 
   ijkl-minj-nlmk |          1.093 |      0.983 |      1.006 
   ijkl-mink-jnlm |          1.090 |      1.000 |      0.998 
   ijkl-minl-njmk |          1.114 |      1.014 |      1.023 
     aqrs-pa-pqrs |          1.550 |      1.515 |      1.639 
     abrs-qb-aqrs |          1.376 |      1.289 |      1.202 
     abcs-rc-abrs |          1.645 |      1.167 |      1.269 
       abj-bka-kj |          1.834 |      1.695 |      1.718 
       ajb-kba-jk |          1.294 |      1.193 |      1.316 
     abjc-cbka-kj |          1.981 |      1.770 |      1.957 
     ajbc-ckba-jk |          2.016 |      1.925 |      2.055 
     abjc-kbac-jk |          1.734 |      1.369 |      1.474 
   abjcd-dkbac-jk |          1.428 |      1.281 |      1.389 
   adbjc-cbdka-kj |          1.615 |      1.544 |      1.350 
   ajbdc-ckbad-jk |          1.483 |      1.274 |      1.465 
 abcijk-ijma-mkbc |          1.675 |      2.028 |      1.697 
 abcijk-ijmb-mkac |          1.675 |      2.306 |      2.000 
 abcijk-ijmc-mkab |          1.609 |      1.387 |      1.399 
 abcijk-ikma-mjbc |          1.603 |      1.997 |      1.634 
 abcijk-ikmb-mjac |          1.671 |      2.333 |      2.023 
 abcijk-ikmc-mjab |          1.596 |      1.407 |      1.430 
 abcijk-jkma-mibc |          1.585 |      1.991 |      1.641 
 abcijk-jkmb-miac |          1.611 |      2.304 |      1.989 
 abcijk-jkmc-miab |          1.702 |      1.462 |      1.472 
 abcijk-eiab-jkec |          1.633 |      1.441 |      1.431 
 abcijk-eiac-jkeb |          1.602 |      2.399 |      1.944 
 abcijk-eibc-jkea |          1.649 |      1.928 |      1.656 
 abcijk-ejab-ikec |          1.620 |      1.377 |      1.439 
 abcijk-ejac-ikeb |          1.670 |      2.313 |      2.021 
 abcijk-ejbc-ikea |          1.746 |      2.070 |      1.770 
 abcijk-ekab-ijec |          1.637 |      1.425 |      1.458 
 abcijk-ekac-ijeb |          1.628 |      2.287 |      1.959 
 abcijk-ekbc-ijea |          1.614 |      1.973 |      1.646 
       abc-bk-akc |          1.214 |      1.202 |      1.083 
             MEAN |          1.459 |      1.482 |      1.405 

wrote bench-results/ccqlin038-blocking/bl-kc512-f32c32.csv
