host        : ccqlin038.flatironinstitute.org
target      : x86_64 / linux
cpu features: avx2 fma avx512f avx512dq 
caches      : L1=32KiB/8-way/2sh L2=1024KiB/16-way/2sh L3=25344KiB/11-way/16sh (via sysfs), blocking=legacy
baselines   : tblis=false blas=false

sweeping 49 cases at 64 MiB nominal tensor size, 3 reps, stress=none


=== f64 ===
             case |      m |      n |     k | regA | regB | planar GF/s | 1m GF/s | 3m GF/s 
------------------+--------+--------+-------+------+------+-------------+---------+---------
         ij-ik-kj |   2904 |   2896 |  2904 | 1.00 | 1.00 |        65.6 |    65.6 |    65.6 
       ij-ikl-ljk |    216 |    204 | 44064 | 1.00 | 1.00 |        34.4 |    34.4 |    34.4 
       ij-kil-lkj |    216 |    204 | 46656 | 1.00 | 1.00 |        37.7 |    37.7 |    37.7 
       ijk-ikl-lj |  44064 |    204 |   216 | 1.00 | 1.00 |        58.1 |    58.1 |    58.1 
       ijk-il-jlk |    216 |  44064 |   204 | 1.00 | 1.00 |        46.7 |    46.7 |    46.7 
       ijk-ilk-jl |  44064 |    216 |   204 | 1.00 | 1.00 |        61.9 |    61.9 |    61.9 
       ijk-ilk-lj |  44064 |    204 |   216 | 1.00 | 1.00 |        56.9 |    56.9 |    56.9 
     ijk-ilmk-mjl |   3744 |     52 |  3744 | 1.00 | 1.00 |        44.9 |    44.9 |    44.9 
   ijkl-imjn-lnkm |   3744 |   3744 |  2704 | 1.00 | 0.92 |        64.5 |    64.5 |    64.5 
   ijkl-imjn-nlmk |   3744 |   2704 |  3744 | 1.00 | 0.92 |        64.4 |    64.4 |    64.4 
   ijkl-imkn-jnlm |   3744 |   3744 |  2704 | 1.00 | 1.00 |        69.6 |    69.6 |    69.6 
   ijkl-imkn-njml |   3744 |   2704 |  3744 | 1.00 | 0.92 |        70.2 |    70.2 |    70.2 
   ijkl-imln-jnkm |   3744 |   3744 |  2704 | 1.00 | 1.00 |        69.7 |    69.7 |    69.7 
   ijkl-imln-njmk |   3744 |   2704 |  3744 | 1.00 | 0.92 |        69.6 |    69.6 |    69.6 
   ijkl-imnj-nlkm |   3744 |   2704 |  3744 | 1.00 | 0.92 |        64.9 |    64.9 |    64.9 
   ijkl-imnk-njml |   3744 |   2704 |  3744 | 1.00 | 0.92 |        69.7 |    69.7 |    69.7 
   ijkl-minj-nlmk |   3744 |   2704 |  5184 | 1.00 | 0.92 |        62.4 |    62.4 |    62.4 
   ijkl-mink-jnlm |   3744 |   3744 |  3744 | 1.00 | 1.00 |        70.5 |    70.5 |    70.5 
   ijkl-minl-njmk |   3744 |   2704 |  5184 | 1.00 | 0.92 |        68.0 |    68.0 |    68.0 
     aqrs-pa-pqrs |     72 | 140608 |    72 | 1.00 | 1.00 |        33.1 |    33.1 |    33.1 
     abrs-qb-aqrs |     52 | 194688 |    72 | 1.00 | 1.00 |        38.3 |    38.3 |    38.3 
     abcs-rc-abrs |     52 | 194688 |    72 | 1.00 | 1.00 |        25.2 |    25.2 |    25.2 
       abj-bka-kj |  46656 |    204 |   216 | 1.00 | 1.00 |        39.8 |    39.8 |    39.8 
       ajb-kba-jk |  44064 |    216 |   216 | 1.00 | 1.00 |        65.1 |    65.1 |    65.1 
     abjc-cbka-kj | 269568 |     52 |    72 | 1.00 | 1.00 |         8.2 |     8.2 |     8.2 
     ajbc-ckba-jk | 269568 |     72 |    52 | 1.00 | 1.00 |        16.6 |    16.6 |    16.6 
     abjc-kbac-jk | 194688 |     72 |    72 | 1.00 | 1.00 |        28.1 |    28.1 |    28.1 
   abjcd-dkbac-jk | 331776 |     24 |    24 | 1.00 | 1.00 |         2.6 |     2.6 |     2.6 
   adbjc-cbdka-kj | 331776 |     24 |    24 | 1.00 | 1.00 |         1.5 |     1.5 |     1.5 
   ajbdc-ckbad-jk | 331776 |     24 |    24 | 1.00 | 1.00 |         2.8 |     2.8 |     2.8 
 abcijk-ijma-mkbc |   9216 |   4096 |    24 | 1.00 | 1.00 |        36.9 |    36.9 |    36.9 
 abcijk-ijmb-mkac |   6144 |   6144 |    24 | 1.00 | 1.00 |        33.6 |    33.6 |    33.6 
 abcijk-ijmc-mkab |   6144 |   6144 |    24 | 1.00 | 1.00 |        26.5 |    26.5 |    26.5 
 abcijk-ikma-mjbc |   9216 |   4096 |    24 | 1.00 | 1.00 |        37.7 |    37.7 |    37.7 
 abcijk-ikmb-mjac |   6144 |   6144 |    24 | 1.00 | 1.00 |        33.6 |    33.6 |    33.6 
 abcijk-ikmc-mjab |   6144 |   6144 |    24 | 1.00 | 1.00 |        26.7 |    26.7 |    26.7 
 abcijk-jkma-mibc |   9216 |   4096 |    24 | 1.00 | 1.00 |        36.9 |    36.9 |    36.9 
 abcijk-jkmb-miac |   6144 |   6144 |    24 | 1.00 | 1.00 |        33.7 |    33.7 |    33.7 
 abcijk-jkmc-miab |   6144 |   6144 |    24 | 1.00 | 1.00 |        26.7 |    26.7 |    26.7 
 abcijk-eiab-jkec |   6144 |   6144 |    24 | 1.00 | 1.00 |        26.6 |    26.6 |    26.6 
 abcijk-eiac-jkeb |   6144 |   6144 |    24 | 1.00 | 1.00 |        33.6 |    33.6 |    33.6 
 abcijk-eibc-jkea |   4096 |   9216 |    24 | 1.00 | 1.00 |        37.2 |    37.2 |    37.2 
 abcijk-ejab-ikec |   6144 |   6144 |    24 | 1.00 | 1.00 |        26.6 |    26.6 |    26.6 
 abcijk-ejac-ikeb |   6144 |   6144 |    24 | 1.00 | 1.00 |        33.5 |    33.5 |    33.5 
 abcijk-ejbc-ikea |   4096 |   9216 |    24 | 1.00 | 1.00 |        37.3 |    37.3 |    37.3 
 abcijk-ekab-ijec |   6144 |   6144 |    24 | 1.00 | 1.00 |        26.7 |    26.7 |    26.7 
 abcijk-ekac-ijeb |   6144 |   6144 |    24 | 1.00 | 1.00 |        33.6 |    33.6 |    33.6 
 abcijk-ekbc-ijea |   4096 |   9216 |    24 | 1.00 | 1.00 |        37.5 |    37.5 |    37.5 
       abc-bk-akc |    216 |  44064 |   204 | 1.00 | 1.00 |        60.9 |    60.9 |    60.9 

=== c64 ===
             case |      m |      n |     k | regA | regB | planar GF/s | 1m GF/s | 3m GF/s 
------------------+--------+--------+-------+------+------+-------------+---------+---------
         ij-ik-kj |   2904 |   2896 |  2904 | 1.00 | 1.00 |        77.6 |    70.0 |    62.6 
       ij-ikl-ljk |    216 |    204 | 44064 | 1.00 | 1.00 |        52.2 |    46.8 |    42.8 
       ij-kil-lkj |    216 |    204 | 46656 | 1.00 | 1.00 |        57.1 |    53.4 |    47.0 
       ijk-ikl-lj |  44064 |    204 |   216 | 1.00 | 1.00 |        75.8 |    66.6 |    62.4 
       ijk-il-jlk |    216 |  44064 |   204 | 1.00 | 1.00 |        70.2 |    66.0 |    62.2 
       ijk-ilk-jl |  44064 |    216 |   204 | 0.96 | 1.00 |        76.7 |    66.4 |    64.0 
       ijk-ilk-lj |  44064 |    204 |   216 | 0.96 | 1.00 |        76.3 |    65.8 |    62.6 
     ijk-ilmk-mjl |   3744 |     52 |  3744 | 0.89 | 1.00 |        58.5 |    50.7 |    46.0 
   ijkl-imjn-lnkm |   3744 |   3744 |  2704 | 0.89 | 0.92 |        77.1 |    69.3 |    62.7 
   ijkl-imjn-nlmk |   3744 |   2704 |  3744 | 0.89 | 0.92 |        77.7 |    69.8 |    62.8 
   ijkl-imkn-jnlm |   3744 |   3744 |  2704 | 0.89 | 1.00 |        77.1 |    70.9 |    63.9 
   ijkl-imkn-njml |   3744 |   2704 |  3744 | 0.89 | 0.92 |        76.3 |    70.3 |    63.4 
   ijkl-imln-jnkm |   3744 |   3744 |  2704 | 0.89 | 1.00 |        77.0 |    71.8 |    63.9 
   ijkl-imln-njmk |   3744 |   2704 |  3744 | 0.89 | 0.92 |        76.7 |    70.2 |    63.5 
   ijkl-imnj-nlkm |   3744 |   2704 |  3744 | 0.89 | 0.92 |        77.7 |    71.3 |    63.1 
   ijkl-imnk-njml |   3744 |   2704 |  3744 | 0.89 | 0.92 |        76.5 |    70.3 |    63.6 
   ijkl-minj-nlmk |   3744 |   2704 |  5184 | 0.89 | 0.92 |        77.1 |    70.0 |    62.4 
   ijkl-mink-jnlm |   3744 |   3744 |  3744 | 0.89 | 1.00 |        77.2 |    71.2 |    64.2 
   ijkl-minl-njmk |   3744 |   2704 |  5184 | 0.89 | 0.92 |        76.6 |    71.3 |    63.5 
     aqrs-pa-pqrs |     72 | 140608 |    72 | 1.00 | 1.00 |        47.5 |    50.2 |    46.8 
     abrs-qb-aqrs |     52 | 194688 |    72 | 0.89 | 1.00 |        50.3 |    45.4 |    46.9 
     abcs-rc-abrs |     52 | 194688 |    72 | 1.00 | 1.00 |        39.9 |    34.1 |    34.0 
       abj-bka-kj |  46656 |    204 |   216 | 0.96 | 1.00 |        59.3 |    51.9 |    49.6 
       ajb-kba-jk |  44064 |    216 |   216 | 0.96 | 1.00 |        79.9 |    76.1 |    70.5 
     abjc-cbka-kj | 269568 |     52 |    72 | 0.89 | 1.00 |        13.4 |    11.5 |    15.1 
     ajbc-ckba-jk | 269568 |     72 |    52 | 0.89 | 1.00 |        24.8 |    23.2 |    25.8 
     abjc-kbac-jk | 194688 |     72 |    72 | 0.89 | 1.00 |        47.6 |    43.2 |    43.1 
   abjcd-dkbac-jk | 331776 |     24 |    24 | 0.67 | 1.00 |         6.6 |     5.6 |     7.0 
   adbjc-cbdka-kj | 331776 |     24 |    24 | 0.67 | 1.00 |         3.9 |     3.2 |     3.2 
   ajbdc-ckbad-jk | 331776 |     24 |    24 | 1.00 | 1.00 |         6.3 |     6.2 |     7.8 
 abcijk-ijma-mkbc |   9216 |   4096 |    24 | 1.00 | 0.99 |        53.9 |    46.0 |    44.5 
 abcijk-ijmb-mkac |   6144 |   6144 |    24 | 1.00 | 0.88 |        53.5 |    47.7 |    47.0 
 abcijk-ijmc-mkab |   6144 |   6144 |    24 | 1.00 | 0.75 |        38.3 |    33.4 |    32.2 
 abcijk-ikma-mjbc |   9216 |   4096 |    24 | 1.00 | 0.99 |        51.9 |    45.8 |    44.4 
 abcijk-ikmb-mjac |   6144 |   6144 |    24 | 1.00 | 0.88 |        52.9 |    47.6 |    46.8 
 abcijk-ikmc-mjab |   6144 |   6144 |    24 | 1.00 | 0.75 |        39.7 |    33.3 |    32.6 
 abcijk-jkma-mibc |   9216 |   4096 |    24 | 1.00 | 0.99 |        52.7 |    45.1 |    45.2 
 abcijk-jkmb-miac |   6144 |   6144 |    24 | 1.00 | 0.88 |        53.4 |    46.9 |    46.5 
 abcijk-jkmc-miab |   6144 |   6144 |    24 | 1.00 | 0.75 |        39.1 |    33.0 |    32.4 
 abcijk-eiab-jkec |   6144 |   6144 |    24 | 1.00 | 0.75 |        39.1 |    33.1 |    32.3 
 abcijk-eiac-jkeb |   6144 |   6144 |    24 | 1.00 | 0.88 |        53.4 |    47.0 |    46.3 
 abcijk-eibc-jkea |   4096 |   9216 |    24 | 1.00 | 0.99 |        51.8 |    44.6 |    44.1 
 abcijk-ejab-ikec |   6144 |   6144 |    24 | 1.00 | 0.75 |        39.1 |    33.2 |    32.3 
 abcijk-ejac-ikeb |   6144 |   6144 |    24 | 1.00 | 0.88 |        53.1 |    48.2 |    46.8 
 abcijk-ejbc-ikea |   4096 |   9216 |    24 | 1.00 | 0.99 |        53.0 |    46.1 |    44.9 
 abcijk-ekab-ijec |   6144 |   6144 |    24 | 1.00 | 0.75 |        39.4 |    33.2 |    32.3 
 abcijk-ekac-ijeb |   6144 |   6144 |    24 | 1.00 | 0.88 |        53.3 |    47.7 |    46.6 
 abcijk-ekbc-ijea |   4096 |   9216 |    24 | 1.00 | 0.99 |        54.1 |    45.8 |    45.1 
       abc-bk-akc |    216 |  44064 |   204 | 0.96 | 1.00 |        76.7 |    67.4 |    63.9 

=== complex efficiency ratio (c64 GF/s over f64 GF/s; 1.0 = no penalty) ===
             case | planar c64/f64 | 1m c64/f64 | 3m c64/f64 
------------------+----------------+------------+------------
         ij-ik-kj |          1.183 |      1.067 |      0.954 
       ij-ikl-ljk |          1.521 |      1.363 |      1.245 
       ij-kil-lkj |          1.513 |      1.417 |      1.247 
       ijk-ikl-lj |          1.305 |      1.147 |      1.076 
       ijk-il-jlk |          1.505 |      1.414 |      1.332 
       ijk-ilk-jl |          1.240 |      1.073 |      1.035 
       ijk-ilk-lj |          1.341 |      1.156 |      1.100 
     ijk-ilmk-mjl |          1.303 |      1.128 |      1.024 
   ijkl-imjn-lnkm |          1.196 |      1.075 |      0.972 
   ijkl-imjn-nlmk |          1.206 |      1.083 |      0.976 
   ijkl-imkn-jnlm |          1.108 |      1.018 |      0.918 
   ijkl-imkn-njml |          1.088 |      1.002 |      0.903 
   ijkl-imln-jnkm |          1.105 |      1.030 |      0.917 
   ijkl-imln-njmk |          1.102 |      1.009 |      0.914 
   ijkl-imnj-nlkm |          1.197 |      1.098 |      0.972 
   ijkl-imnk-njml |          1.098 |      1.009 |      0.912 
   ijkl-minj-nlmk |          1.235 |      1.122 |      1.000 
   ijkl-mink-jnlm |          1.095 |      1.010 |      0.911 
   ijkl-minl-njmk |          1.125 |      1.047 |      0.934 
     aqrs-pa-pqrs |          1.433 |      1.516 |      1.411 
     abrs-qb-aqrs |          1.312 |      1.185 |      1.224 
     abcs-rc-abrs |          1.583 |      1.352 |      1.350 
       abj-bka-kj |          1.491 |      1.305 |      1.248 
       ajb-kba-jk |          1.227 |      1.169 |      1.083 
     abjc-cbka-kj |          1.632 |      1.400 |      1.826 
     ajbc-ckba-jk |          1.494 |      1.401 |      1.556 
     abjc-kbac-jk |          1.692 |      1.536 |      1.532 
   abjcd-dkbac-jk |          2.488 |      2.134 |      2.672 
   adbjc-cbdka-kj |          2.667 |      2.215 |      2.179 
   ajbdc-ckbad-jk |          2.278 |      2.239 |      2.821 
 abcijk-ijma-mkbc |          1.461 |      1.247 |      1.205 
 abcijk-ijmb-mkac |          1.593 |      1.420 |      1.400 
 abcijk-ijmc-mkab |          1.446 |      1.259 |      1.215 
 abcijk-ikma-mjbc |          1.377 |      1.215 |      1.179 
 abcijk-ikmb-mjac |          1.575 |      1.419 |      1.395 
 abcijk-ikmc-mjab |          1.485 |      1.246 |      1.221 
 abcijk-jkma-mibc |          1.428 |      1.221 |      1.223 
 abcijk-jkmb-miac |          1.582 |      1.391 |      1.380 
 abcijk-jkmc-miab |          1.468 |      1.238 |      1.216 
 abcijk-eiab-jkec |          1.470 |      1.246 |      1.215 
 abcijk-eiac-jkeb |          1.589 |      1.397 |      1.377 
 abcijk-eibc-jkea |          1.391 |      1.199 |      1.185 
 abcijk-ejab-ikec |          1.469 |      1.247 |      1.216 
 abcijk-ejac-ikeb |          1.584 |      1.438 |      1.397 
 abcijk-ejbc-ikea |          1.420 |      1.235 |      1.203 
 abcijk-ekab-ijec |          1.475 |      1.241 |      1.208 
 abcijk-ekac-ijeb |          1.583 |      1.417 |      1.386 
 abcijk-ekbc-ijea |          1.444 |      1.220 |      1.202 
       abc-bk-akc |          1.260 |      1.106 |      1.048 
             MEAN |          1.446 |      1.288 |      1.268 

wrote bench-results/ccqlin038-blocking/bl-mc25-f64c64.csv
