host        : ccqlin038.flatironinstitute.org
target      : x86_64 / linux
cpu features: avx2 fma avx512f avx512dq 
caches      : L1=32KiB/8-way/2sh L2=1024KiB/16-way/2sh L3=25344KiB/11-way/16sh (via sysfs), blocking=model
baselines   : tblis=false blas=false

sweeping 49 cases at 64 MiB nominal tensor size, 3 reps, stress=none


=== f32 ===
             case |      m |      n |     k | regA | regB | planar GF/s | 1m GF/s | 3m GF/s 
------------------+--------+--------+-------+------+------+-------------+---------+---------
         ij-ik-kj |   2904 |   2896 |  2904 | 1.00 | 1.00 |       110.9 |   110.9 |   110.9 
       ij-ikl-ljk |    216 |    204 | 44064 | 1.00 | 1.00 |        51.8 |    51.8 |    51.8 
       ij-kil-lkj |    216 |    204 | 46656 | 1.00 | 1.00 |        51.9 |    51.9 |    51.9 
       ijk-ikl-lj |  44064 |    204 |   216 | 1.00 | 1.00 |        84.0 |    84.0 |    84.0 
       ijk-il-jlk |    216 |  44064 |   204 | 1.00 | 1.00 |        77.1 |    77.1 |    77.1 
       ijk-ilk-jl |  44064 |    216 |   204 | 0.89 | 1.00 |        88.3 |    88.3 |    88.3 
       ijk-ilk-lj |  44064 |    204 |   216 | 0.89 | 1.00 |        91.5 |    91.5 |    91.5 
     ijk-ilmk-mjl |   3744 |     52 |  3744 | 0.67 | 1.00 |        59.4 |    59.4 |    59.4 
   ijkl-imjn-lnkm |   3744 |   3744 |  2704 | 0.67 | 0.92 |        99.5 |    99.5 |    99.5 
   ijkl-imjn-nlmk |   3744 |   2704 |  3744 | 0.67 | 0.92 |        98.0 |    98.0 |    98.0 
   ijkl-imkn-jnlm |   3744 |   3744 |  2704 | 0.67 | 1.00 |        93.5 |    93.5 |    93.5 
   ijkl-imkn-njml |   3744 |   2704 |  3744 | 0.67 | 0.92 |        91.1 |    91.1 |    91.1 
   ijkl-imln-jnkm |   3744 |   3744 |  2704 | 0.67 | 1.00 |        93.5 |    93.5 |    93.5 
   ijkl-imln-njmk |   3744 |   2704 |  3744 | 0.67 | 0.92 |        88.3 |    88.3 |    88.3 
   ijkl-imnj-nlkm |   3744 |   2704 |  3744 | 0.67 | 0.92 |        97.0 |    97.0 |    97.0 
   ijkl-imnk-njml |   3744 |   2704 |  3744 | 0.67 | 0.92 |        88.9 |    88.9 |    88.9 
   ijkl-minj-nlmk |   3744 |   2704 |  5184 | 0.67 | 0.92 |        97.1 |    97.1 |    97.1 
   ijkl-mink-jnlm |   3744 |   3744 |  3744 | 0.67 | 1.00 |        91.2 |    91.2 |    91.2 
   ijkl-minl-njmk |   3744 |   2704 |  5184 | 0.67 | 0.92 |        87.3 |    87.3 |    87.3 
     aqrs-pa-pqrs |     72 | 140608 |    72 | 1.00 | 1.00 |        55.8 |    55.8 |    55.8 
     abrs-qb-aqrs |     52 | 194688 |    72 | 0.67 | 1.00 |        62.3 |    62.3 |    62.3 
     abcs-rc-abrs |     52 | 194688 |    72 | 1.00 | 1.00 |        60.6 |    60.6 |    60.6 
       abj-bka-kj |  46656 |    204 |   216 | 0.89 | 1.00 |        58.3 |    58.3 |    58.3 
       ajb-kba-jk |  44064 |    216 |   216 | 0.89 | 1.00 |        83.7 |    83.7 |    83.7 
     abjc-cbka-kj | 269568 |     52 |    72 | 0.67 | 1.00 |        14.2 |    14.2 |    14.2 
     ajbc-ckba-jk | 269568 |     72 |    52 | 0.67 | 1.00 |        25.1 |    25.1 |    25.1 
     abjc-kbac-jk | 194688 |     72 |    72 | 0.67 | 1.00 |        64.8 |    64.8 |    64.8 
   abjcd-dkbac-jk | 331776 |     24 |    24 | 0.00 | 1.00 |         6.3 |     6.3 |     6.3 
   adbjc-cbdka-kj | 331776 |     24 |    24 | 0.00 | 1.00 |         4.8 |     4.8 |     4.8 
   ajbdc-ckbad-jk | 331776 |     24 |    24 | 0.00 | 1.00 |         6.0 |     6.0 |     6.0 
 abcijk-ijma-mkbc |   9216 |   4096 |    24 | 0.00 | 1.00 |        26.1 |    26.1 |    26.1 
 abcijk-ijmb-mkac |   6144 |   6144 |    24 | 0.00 | 1.00 |        30.2 |    30.2 |    30.2 
 abcijk-ijmc-mkab |   6144 |   6144 |    24 | 1.00 | 1.00 |        59.0 |    59.0 |    59.0 
 abcijk-ikma-mjbc |   9216 |   4096 |    24 | 0.00 | 1.00 |        25.9 |    25.9 |    25.9 
 abcijk-ikmb-mjac |   6144 |   6144 |    24 | 0.00 | 1.00 |        30.3 |    30.3 |    30.3 
 abcijk-ikmc-mjab |   6144 |   6144 |    24 | 1.00 | 1.00 |        58.9 |    58.9 |    58.9 
 abcijk-jkma-mibc |   9216 |   4096 |    24 | 0.00 | 1.00 |        26.0 |    26.0 |    26.0 
 abcijk-jkmb-miac |   6144 |   6144 |    24 | 0.00 | 1.00 |        30.3 |    30.3 |    30.3 
 abcijk-jkmc-miab |   6144 |   6144 |    24 | 1.00 | 1.00 |        58.5 |    58.5 |    58.5 
 abcijk-eiab-jkec |   6144 |   6144 |    24 | 1.00 | 1.00 |        58.3 |    58.3 |    58.3 
 abcijk-eiac-jkeb |   6144 |   6144 |    24 | 0.00 | 1.00 |        30.1 |    30.1 |    30.1 
 abcijk-eibc-jkea |   4096 |   9216 |    24 | 0.00 | 1.00 |        25.7 |    25.7 |    25.7 
 abcijk-ejab-ikec |   6144 |   6144 |    24 | 1.00 | 1.00 |        59.2 |    59.2 |    59.2 
 abcijk-ejac-ikeb |   6144 |   6144 |    24 | 0.00 | 1.00 |        30.0 |    30.0 |    30.0 
 abcijk-ejbc-ikea |   4096 |   9216 |    24 | 0.00 | 1.00 |        26.0 |    26.0 |    26.0 
 abcijk-ekab-ijec |   6144 |   6144 |    24 | 1.00 | 1.00 |        58.9 |    58.9 |    58.9 
 abcijk-ekac-ijeb |   6144 |   6144 |    24 | 0.00 | 1.00 |        29.8 |    29.8 |    29.8 
 abcijk-ekbc-ijea |   4096 |   9216 |    24 | 0.00 | 1.00 |        26.2 |    26.2 |    26.2 
       abc-bk-akc |    216 |  44064 |   204 | 0.89 | 1.00 |        88.2 |    88.2 |    88.2 

=== c32 ===
             case |      m |      n |     k | regA | regB | planar GF/s | 1m GF/s | 3m GF/s 
------------------+--------+--------+-------+------+------+-------------+---------+---------
         ij-ik-kj |   2904 |   2896 |  2904 | 1.00 | 1.00 |        96.8 |    65.2 |    96.4 
       ij-ikl-ljk |    216 |    204 | 44064 | 1.00 | 1.00 |        69.0 |    57.3 |    65.3 
       ij-kil-lkj |    216 |    204 | 46656 | 1.00 | 1.00 |        71.4 |    56.4 |    68.8 
       ijk-ikl-lj |  44064 |    204 |   216 | 1.00 | 1.00 |        90.4 |    56.5 |    84.2 
       ijk-il-jlk |    216 |  44064 |   204 | 1.00 | 1.00 |        92.2 |    65.2 |    86.2 
       ijk-ilk-jl |  44064 |    216 |   204 | 0.89 | 1.00 |        89.6 |    55.8 |    86.1 
       ijk-ilk-lj |  44064 |    204 |   216 | 0.89 | 1.00 |        91.4 |    58.3 |    87.8 
     ijk-ilmk-mjl |   3744 |     52 |  3744 | 0.67 | 1.00 |        72.2 |    51.4 |    61.5 
   ijkl-imjn-lnkm |   3744 |   3744 |  2704 | 0.67 | 0.92 |        97.4 |    65.5 |    95.6 
   ijkl-imjn-nlmk |   3744 |   2704 |  3744 | 0.67 | 0.92 |        97.6 |    63.1 |    93.4 
   ijkl-imkn-jnlm |   3744 |   3744 |  2704 | 0.67 | 1.00 |        91.1 |    61.6 |    87.2 
   ijkl-imkn-njml |   3744 |   2704 |  3744 | 0.67 | 0.92 |        89.8 |    58.4 |    84.5 
   ijkl-imln-jnkm |   3744 |   3744 |  2704 | 0.67 | 1.00 |        91.0 |    62.1 |    85.5 
   ijkl-imln-njmk |   3744 |   2704 |  3744 | 0.67 | 0.92 |        88.1 |    57.6 |    83.9 
   ijkl-imnj-nlkm |   3744 |   2704 |  3744 | 0.67 | 0.92 |        96.2 |    62.0 |    92.9 
   ijkl-imnk-njml |   3744 |   2704 |  3744 | 0.67 | 0.92 |        88.6 |    57.9 |    84.9 
   ijkl-minj-nlmk |   3744 |   2704 |  5184 | 0.67 | 0.92 |        96.2 |    62.4 |    93.1 
   ijkl-mink-jnlm |   3744 |   3744 |  3744 | 0.67 | 1.00 |        89.7 |    60.8 |    85.1 
   ijkl-minl-njmk |   3744 |   2704 |  5184 | 0.67 | 0.92 |        87.8 |    56.9 |    85.1 
     aqrs-pa-pqrs |     72 | 140608 |    72 | 1.00 | 1.00 |        81.8 |    52.2 |    84.1 
     abrs-qb-aqrs |     52 | 194688 |    72 | 0.67 | 1.00 |        87.3 |    50.3 |    77.3 
     abcs-rc-abrs |     52 | 194688 |    72 | 1.00 | 1.00 |        94.6 |    54.8 |    77.0 
       abj-bka-kj |  46656 |    204 |   216 | 0.89 | 1.00 |        84.1 |    57.0 |    78.6 
       ajb-kba-jk |  44064 |    216 |   216 | 0.89 | 1.00 |        87.5 |    57.1 |    86.8 
     abjc-cbka-kj | 269568 |     52 |    72 | 0.67 | 1.00 |        27.7 |    23.7 |    27.7 
     ajbc-ckba-jk | 269568 |     72 |    52 | 0.67 | 1.00 |        50.5 |    30.0 |    50.6 
     abjc-kbac-jk | 194688 |     72 |    72 | 0.67 | 1.00 |       102.6 |    52.9 |    95.9 
   abjcd-dkbac-jk | 331776 |     24 |    24 | 0.00 | 1.00 |        10.5 |    10.0 |     9.1 
   adbjc-cbdka-kj | 331776 |     24 |    24 | 0.00 | 1.00 |         8.5 |     8.2 |     7.0 
   ajbdc-ckbad-jk | 331776 |     24 |    24 | 0.00 | 1.00 |        10.0 |     8.0 |     9.2 
 abcijk-ijma-mkbc |   9216 |   4096 |    24 | 0.00 | 0.99 |        58.9 |    95.1 |    85.7 
 abcijk-ijmb-mkac |   6144 |   6144 |    24 | 0.00 | 1.00 |        54.6 |    95.1 |    85.7 
 abcijk-ijmc-mkab |   6144 |   6144 |    24 | 1.00 | 0.75 |       105.9 |    96.4 |    96.0 
 abcijk-ikma-mjbc |   9216 |   4096 |    24 | 0.00 | 0.99 |        58.3 |    94.4 |    85.6 
 abcijk-ikmb-mjac |   6144 |   6144 |    24 | 0.00 | 1.00 |        54.4 |    97.8 |    86.2 
 abcijk-ikmc-mjab |   6144 |   6144 |    24 | 1.00 | 0.75 |       106.6 |    95.9 |    96.3 
 abcijk-jkma-mibc |   9216 |   4096 |    24 | 0.00 | 0.99 |        58.6 |    94.7 |    86.1 
 abcijk-jkmb-miac |   6144 |   6144 |    24 | 0.00 | 1.00 |        54.7 |    97.1 |    86.3 
 abcijk-jkmc-miab |   6144 |   6144 |    24 | 1.00 | 0.75 |       103.8 |    98.2 |    95.7 
 abcijk-eiab-jkec |   6144 |   6144 |    24 | 1.00 | 0.75 |       105.0 |    98.6 |    95.8 
 abcijk-eiac-jkeb |   6144 |   6144 |    24 | 0.00 | 1.00 |        54.5 |    96.2 |    86.8 
 abcijk-eibc-jkea |   4096 |   9216 |    24 | 0.00 | 0.99 |        58.5 |    92.8 |    85.1 
 abcijk-ejab-ikec |   6144 |   6144 |    24 | 1.00 | 0.75 |       106.9 |    95.2 |    98.1 
 abcijk-ejac-ikeb |   6144 |   6144 |    24 | 0.00 | 1.00 |        54.5 |    96.5 |    86.6 
 abcijk-ejbc-ikea |   4096 |   9216 |    24 | 0.00 | 0.99 |        58.5 |    93.9 |    85.4 
 abcijk-ekab-ijec |   6144 |   6144 |    24 | 1.00 | 0.75 |       105.9 |    96.7 |    97.4 
 abcijk-ekac-ijeb |   6144 |   6144 |    24 | 0.00 | 1.00 |        55.0 |    96.8 |    86.0 
 abcijk-ekbc-ijea |   4096 |   9216 |    24 | 0.00 | 0.99 |        58.9 |    95.1 |    84.8 
       abc-bk-akc |    216 |  44064 |   204 | 0.89 | 1.00 |        91.8 |    57.9 |    86.0 

=== complex efficiency ratio (c32 GF/s over f32 GF/s; 1.0 = no penalty) ===
             case | planar c32/f32 | 1m c32/f32 | 3m c32/f32 
------------------+----------------+------------+------------
         ij-ik-kj |          0.873 |      0.587 |      0.869 
       ij-ikl-ljk |          1.331 |      1.104 |      1.260 
       ij-kil-lkj |          1.374 |      1.085 |      1.326 
       ijk-ikl-lj |          1.076 |      0.673 |      1.003 
       ijk-il-jlk |          1.196 |      0.847 |      1.119 
       ijk-ilk-jl |          1.015 |      0.631 |      0.975 
       ijk-ilk-lj |          0.999 |      0.637 |      0.959 
     ijk-ilmk-mjl |          1.217 |      0.866 |      1.035 
   ijkl-imjn-lnkm |          0.979 |      0.659 |      0.960 
   ijkl-imjn-nlmk |          0.996 |      0.644 |      0.953 
   ijkl-imkn-jnlm |          0.974 |      0.659 |      0.933 
   ijkl-imkn-njml |          0.986 |      0.641 |      0.927 
   ijkl-imln-jnkm |          0.973 |      0.664 |      0.914 
   ijkl-imln-njmk |          0.998 |      0.652 |      0.950 
   ijkl-imnj-nlkm |          0.992 |      0.639 |      0.957 
   ijkl-imnk-njml |          0.997 |      0.651 |      0.955 
   ijkl-minj-nlmk |          0.991 |      0.643 |      0.959 
   ijkl-mink-jnlm |          0.984 |      0.666 |      0.932 
   ijkl-minl-njmk |          1.007 |      0.652 |      0.975 
     aqrs-pa-pqrs |          1.465 |      0.936 |      1.507 
     abrs-qb-aqrs |          1.401 |      0.808 |      1.241 
     abcs-rc-abrs |          1.560 |      0.904 |      1.271 
       abj-bka-kj |          1.443 |      0.978 |      1.349 
       ajb-kba-jk |          1.046 |      0.682 |      1.037 
     abjc-cbka-kj |          1.949 |      1.667 |      1.948 
     ajbc-ckba-jk |          2.015 |      1.196 |      2.019 
     abjc-kbac-jk |          1.584 |      0.816 |      1.480 
   abjcd-dkbac-jk |          1.675 |      1.590 |      1.454 
   adbjc-cbdka-kj |          1.772 |      1.710 |      1.455 
   ajbdc-ckbad-jk |          1.657 |      1.322 |      1.527 
 abcijk-ijma-mkbc |          2.261 |      3.645 |      3.286 
 abcijk-ijmb-mkac |          1.807 |      3.148 |      2.836 
 abcijk-ijmc-mkab |          1.793 |      1.632 |      1.627 
 abcijk-ikma-mjbc |          2.252 |      3.647 |      3.306 
 abcijk-ikmb-mjac |          1.794 |      3.225 |      2.841 
 abcijk-ikmc-mjab |          1.811 |      1.629 |      1.635 
 abcijk-jkma-mibc |          2.256 |      3.648 |      3.318 
 abcijk-jkmb-miac |          1.807 |      3.210 |      2.852 
 abcijk-jkmc-miab |          1.776 |      1.680 |      1.637 
 abcijk-eiab-jkec |          1.800 |      1.690 |      1.642 
 abcijk-eiac-jkeb |          1.808 |      3.191 |      2.882 
 abcijk-eibc-jkea |          2.273 |      3.606 |      3.306 
 abcijk-ejab-ikec |          1.804 |      1.607 |      1.657 
 abcijk-ejac-ikeb |          1.818 |      3.220 |      2.889 
 abcijk-ejbc-ikea |          2.246 |      3.607 |      3.279 
 abcijk-ekab-ijec |          1.798 |      1.643 |      1.653 
 abcijk-ekac-ijeb |          1.847 |      3.251 |      2.889 
 abcijk-ekbc-ijea |          2.248 |      3.629 |      3.236 
       abc-bk-akc |          1.040 |      0.657 |      0.975 
             MEAN |          1.505 |      1.587 |      1.694 

wrote bench-results/ccqlin038-blocking/bl-model-f32c32.csv
