host        : ccqlin038.flatironinstitute.org
target      : x86_64 / linux
cpu features: avx2 fma avx512f avx512dq 
caches      : L1=32KiB/8-way/2sh L2=1024KiB/16-way/2sh L3=25344KiB/11-way/16sh (via sysfs), blocking=legacy
baselines   : tblis=false blas=false

sweeping 49 cases at 64 MiB nominal tensor size, 3 reps, stress=none


=== f32 ===
             case |      m |      n |     k | regA | regB | planar GF/s | 1m GF/s | 3m GF/s 
------------------+--------+--------+-------+------+------+-------------+---------+---------
         ij-ik-kj |   2904 |   2896 |  2904 | 1.00 | 1.00 |       117.4 |   117.4 |   117.4 
       ij-ikl-ljk |    216 |    204 | 44064 | 1.00 | 1.00 |        62.2 |    62.2 |    62.2 
       ij-kil-lkj |    216 |    204 | 46656 | 1.00 | 1.00 |        64.1 |    64.1 |    64.1 
       ijk-ikl-lj |  44064 |    204 |   216 | 1.00 | 1.00 |       117.1 |   117.1 |   117.1 
       ijk-il-jlk |    216 |  44064 |   204 | 1.00 | 1.00 |        96.5 |    96.5 |    96.5 
       ijk-ilk-jl |  44064 |    216 |   204 | 0.89 | 1.00 |       129.5 |   129.5 |   129.5 
       ijk-ilk-lj |  44064 |    204 |   216 | 0.89 | 1.00 |       126.6 |   126.6 |   126.6 
     ijk-ilmk-mjl |   3744 |     52 |  3744 | 0.67 | 1.00 |        67.0 |    67.0 |    67.0 
   ijkl-imjn-lnkm |   3744 |   3744 |  2704 | 0.67 | 0.92 |       113.3 |   113.3 |   113.3 
   ijkl-imjn-nlmk |   3744 |   2704 |  3744 | 0.67 | 0.92 |       116.9 |   116.9 |   116.9 
   ijkl-imkn-jnlm |   3744 |   3744 |  2704 | 0.67 | 1.00 |       115.2 |   115.2 |   115.2 
   ijkl-imkn-njml |   3744 |   2704 |  3744 | 0.67 | 0.92 |       116.0 |   116.0 |   116.0 
   ijkl-imln-jnkm |   3744 |   3744 |  2704 | 0.67 | 1.00 |       114.7 |   114.7 |   114.7 
   ijkl-imln-njmk |   3744 |   2704 |  3744 | 0.67 | 0.92 |       115.9 |   115.9 |   115.9 
   ijkl-imnj-nlkm |   3744 |   2704 |  3744 | 0.67 | 0.92 |       118.2 |   118.2 |   118.2 
   ijkl-imnk-njml |   3744 |   2704 |  3744 | 0.67 | 0.92 |       114.5 |   114.5 |   114.5 
   ijkl-minj-nlmk |   3744 |   2704 |  5184 | 0.67 | 0.92 |       113.7 |   113.7 |   113.7 
   ijkl-mink-jnlm |   3744 |   3744 |  3744 | 0.67 | 1.00 |       115.2 |   115.2 |   115.2 
   ijkl-minl-njmk |   3744 |   2704 |  5184 | 0.67 | 0.92 |       113.2 |   113.2 |   113.2 
     aqrs-pa-pqrs |     72 | 140608 |    72 | 1.00 | 1.00 |        57.5 |    57.5 |    57.5 
     abrs-qb-aqrs |     52 | 194688 |    72 | 0.67 | 1.00 |        67.2 |    67.2 |    67.2 
     abcs-rc-abrs |     52 | 194688 |    72 | 1.00 | 1.00 |        61.4 |    61.4 |    61.4 
       abj-bka-kj |  46656 |    204 |   216 | 0.89 | 1.00 |        66.3 |    66.3 |    66.3 
       ajb-kba-jk |  44064 |    216 |   216 | 0.89 | 1.00 |       118.3 |   118.3 |   118.3 
     abjc-cbka-kj | 269568 |     52 |    72 | 0.67 | 1.00 |        14.7 |    14.7 |    14.7 
     ajbc-ckba-jk | 269568 |     72 |    52 | 0.67 | 1.00 |        25.3 |    25.3 |    25.3 
     abjc-kbac-jk | 194688 |     72 |    72 | 0.67 | 1.00 |        65.0 |    65.0 |    65.0 
   abjcd-dkbac-jk | 331776 |     24 |    24 | 0.00 | 1.00 |         6.6 |     6.6 |     6.6 
   adbjc-cbdka-kj | 331776 |     24 |    24 | 0.00 | 1.00 |         4.7 |     4.7 |     4.7 
   ajbdc-ckbad-jk | 331776 |     24 |    24 | 0.00 | 1.00 |         6.3 |     6.3 |     6.3 
 abcijk-ijma-mkbc |   9216 |   4096 |    24 | 0.00 | 1.00 |        50.9 |    50.9 |    50.9 
 abcijk-ijmb-mkac |   6144 |   6144 |    24 | 0.00 | 1.00 |        35.7 |    35.7 |    35.7 
 abcijk-ijmc-mkab |   6144 |   6144 |    24 | 1.00 | 1.00 |        56.7 |    56.7 |    56.7 
 abcijk-ikma-mjbc |   9216 |   4096 |    24 | 0.00 | 1.00 |        50.0 |    50.0 |    50.0 
 abcijk-ikmb-mjac |   6144 |   6144 |    24 | 0.00 | 1.00 |        35.5 |    35.5 |    35.5 
 abcijk-ikmc-mjab |   6144 |   6144 |    24 | 1.00 | 1.00 |        56.6 |    56.6 |    56.6 
 abcijk-jkma-mibc |   9216 |   4096 |    24 | 0.00 | 1.00 |        49.7 |    49.7 |    49.7 
 abcijk-jkmb-miac |   6144 |   6144 |    24 | 0.00 | 1.00 |        35.7 |    35.7 |    35.7 
 abcijk-jkmc-miab |   6144 |   6144 |    24 | 1.00 | 1.00 |        56.4 |    56.4 |    56.4 
 abcijk-eiab-jkec |   6144 |   6144 |    24 | 1.00 | 1.00 |        56.2 |    56.2 |    56.2 
 abcijk-eiac-jkeb |   6144 |   6144 |    24 | 0.00 | 1.00 |        35.6 |    35.6 |    35.6 
 abcijk-eibc-jkea |   4096 |   9216 |    24 | 0.00 | 1.00 |        49.8 |    49.8 |    49.8 
 abcijk-ejab-ikec |   6144 |   6144 |    24 | 1.00 | 1.00 |        55.8 |    55.8 |    55.8 
 abcijk-ejac-ikeb |   6144 |   6144 |    24 | 0.00 | 1.00 |        35.5 |    35.5 |    35.5 
 abcijk-ejbc-ikea |   4096 |   9216 |    24 | 0.00 | 1.00 |        47.1 |    47.1 |    47.1 
 abcijk-ekab-ijec |   6144 |   6144 |    24 | 1.00 | 1.00 |        56.4 |    56.4 |    56.4 
 abcijk-ekac-ijeb |   6144 |   6144 |    24 | 0.00 | 1.00 |        35.8 |    35.8 |    35.8 
 abcijk-ekbc-ijea |   4096 |   9216 |    24 | 0.00 | 1.00 |        50.3 |    50.3 |    50.3 
       abc-bk-akc |    216 |  44064 |   204 | 0.89 | 1.00 |       133.6 |   133.6 |   133.6 

=== c32 ===
             case |      m |      n |     k | regA | regB | planar GF/s | 1m GF/s | 3m GF/s 
------------------+--------+--------+-------+------+------+-------------+---------+---------
         ij-ik-kj |   2904 |   2896 |  2904 | 1.00 | 1.00 |       145.8 |    98.2 |   134.2 
       ij-ikl-ljk |    216 |    204 | 44064 | 1.00 | 1.00 |       100.1 |    71.3 |    84.5 
       ij-kil-lkj |    216 |    204 | 46656 | 1.00 | 1.00 |       104.2 |    70.9 |    88.9 
       ijk-ikl-lj |  44064 |    204 |   216 | 1.00 | 1.00 |       154.1 |   138.4 |   138.9 
       ijk-il-jlk |    216 |  44064 |   204 | 1.00 | 1.00 |       149.1 |   141.7 |   138.9 
       ijk-ilk-jl |  44064 |    216 |   204 | 0.89 | 1.00 |       164.2 |   148.4 |   145.0 
       ijk-ilk-lj |  44064 |    204 |   216 | 0.89 | 1.00 |       159.6 |   149.7 |   142.9 
     ijk-ilmk-mjl |   3744 |     52 |  3744 | 0.67 | 1.00 |        98.0 |    65.1 |    76.6 
   ijkl-imjn-lnkm |   3744 |   3744 |  2704 | 0.67 | 0.92 |       144.6 |    92.5 |   131.1 
   ijkl-imjn-nlmk |   3744 |   2704 |  3744 | 0.67 | 0.92 |       148.3 |    96.0 |   136.2 
   ijkl-imkn-jnlm |   3744 |   3744 |  2704 | 0.67 | 1.00 |       144.1 |    94.0 |   130.9 
   ijkl-imkn-njml |   3744 |   2704 |  3744 | 0.67 | 0.92 |       145.3 |    96.4 |   133.9 
   ijkl-imln-jnkm |   3744 |   3744 |  2704 | 0.67 | 1.00 |       144.1 |    94.0 |   130.9 
   ijkl-imln-njmk |   3744 |   2704 |  3744 | 0.67 | 0.92 |       146.3 |    96.6 |   133.6 
   ijkl-imnj-nlkm |   3744 |   2704 |  3744 | 0.67 | 0.92 |       147.6 |    95.4 |   136.5 
   ijkl-imnk-njml |   3744 |   2704 |  3744 | 0.67 | 0.92 |       145.7 |    96.2 |   134.1 
   ijkl-minj-nlmk |   3744 |   2704 |  5184 | 0.67 | 0.92 |       146.3 |    94.0 |   134.6 
   ijkl-mink-jnlm |   3744 |   3744 |  3744 | 0.67 | 1.00 |       145.9 |    97.6 |   134.4 
   ijkl-minl-njmk |   3744 |   2704 |  5184 | 0.67 | 0.92 |       145.4 |    94.7 |   133.2 
     aqrs-pa-pqrs |     72 | 140608 |    72 | 1.00 | 1.00 |        83.9 |    81.9 |    85.5 
     abrs-qb-aqrs |     52 | 194688 |    72 | 0.67 | 1.00 |        96.5 |    88.1 |    83.1 
     abcs-rc-abrs |     52 | 194688 |    72 | 1.00 | 1.00 |        98.3 |    78.5 |    80.5 
       abj-bka-kj |  46656 |    204 |   216 | 0.89 | 1.00 |       121.4 |   105.9 |   112.4 
       ajb-kba-jk |  44064 |    216 |   216 | 0.89 | 1.00 |       150.3 |   132.6 |   150.7 
     abjc-cbka-kj | 269568 |     52 |    72 | 0.67 | 1.00 |        28.6 |    25.2 |    27.8 
     ajbc-ckba-jk | 269568 |     72 |    52 | 0.67 | 1.00 |        51.9 |    48.7 |    52.1 
     abjc-kbac-jk | 194688 |     72 |    72 | 0.67 | 1.00 |       105.7 |    90.7 |    97.5 
   abjcd-dkbac-jk | 331776 |     24 |    24 | 0.00 | 1.00 |         9.5 |     8.6 |     9.3 
   adbjc-cbdka-kj | 331776 |     24 |    24 | 0.00 | 1.00 |         8.4 |     7.9 |     6.6 
   ajbdc-ckbad-jk | 331776 |     24 |    24 | 0.00 | 1.00 |         9.4 |     8.1 |     9.4 
 abcijk-ijma-mkbc |   9216 |   4096 |    24 | 0.00 | 0.99 |        84.7 |   105.6 |    89.5 
 abcijk-ijmb-mkac |   6144 |   6144 |    24 | 0.00 | 1.00 |        66.8 |   100.0 |    82.7 
 abcijk-ijmc-mkab |   6144 |   6144 |    24 | 1.00 | 0.75 |        97.1 |    86.8 |    88.0 
 abcijk-ikma-mjbc |   9216 |   4096 |    24 | 0.00 | 0.99 |        83.1 |   102.9 |    90.4 
 abcijk-ikmb-mjac |   6144 |   6144 |    24 | 0.00 | 1.00 |        66.2 |    95.5 |    84.3 
 abcijk-ikmc-mjab |   6144 |   6144 |    24 | 1.00 | 0.75 |        98.3 |    87.8 |    87.8 
 abcijk-jkma-mibc |   9216 |   4096 |    24 | 0.00 | 0.99 |        83.9 |   105.8 |    89.7 
 abcijk-jkmb-miac |   6144 |   6144 |    24 | 0.00 | 1.00 |        65.9 |    99.6 |    83.0 
 abcijk-jkmc-miab |   6144 |   6144 |    24 | 1.00 | 0.75 |        98.2 |    87.1 |    87.9 
 abcijk-eiab-jkec |   6144 |   6144 |    24 | 1.00 | 0.75 |        98.9 |    86.4 |    88.0 
 abcijk-eiac-jkeb |   6144 |   6144 |    24 | 0.00 | 1.00 |        66.7 |    97.0 |    83.9 
 abcijk-eibc-jkea |   4096 |   9216 |    24 | 0.00 | 0.99 |        83.5 |   101.2 |    89.5 
 abcijk-ejab-ikec |   6144 |   6144 |    24 | 1.00 | 0.75 |        93.9 |    87.8 |    88.1 
 abcijk-ejac-ikeb |   6144 |   6144 |    24 | 0.00 | 1.00 |        67.1 |    98.9 |    83.3 
 abcijk-ejbc-ikea |   4096 |   9216 |    24 | 0.00 | 0.99 |        83.8 |   106.0 |    89.9 
 abcijk-ekab-ijec |   6144 |   6144 |    24 | 1.00 | 0.75 |        99.1 |    87.9 |    86.4 
 abcijk-ekac-ijeb |   6144 |   6144 |    24 | 0.00 | 1.00 |        66.6 |    97.1 |    81.8 
 abcijk-ekbc-ijea |   4096 |   9216 |    24 | 0.00 | 0.99 |        84.4 |   102.9 |    91.1 
       abc-bk-akc |    216 |  44064 |   204 | 0.89 | 1.00 |       163.3 |   148.0 |   145.1 

=== complex efficiency ratio (c32 GF/s over f32 GF/s; 1.0 = no penalty) ===
             case | planar c32/f32 | 1m c32/f32 | 3m c32/f32 
------------------+----------------+------------+------------
         ij-ik-kj |          1.242 |      0.837 |      1.143 
       ij-ikl-ljk |          1.608 |      1.146 |      1.357 
       ij-kil-lkj |          1.627 |      1.107 |      1.388 
       ijk-ikl-lj |          1.316 |      1.182 |      1.187 
       ijk-il-jlk |          1.545 |      1.468 |      1.439 
       ijk-ilk-jl |          1.268 |      1.146 |      1.120 
       ijk-ilk-lj |          1.261 |      1.182 |      1.129 
     ijk-ilmk-mjl |          1.463 |      0.972 |      1.144 
   ijkl-imjn-lnkm |          1.277 |      0.816 |      1.158 
   ijkl-imjn-nlmk |          1.268 |      0.821 |      1.165 
   ijkl-imkn-jnlm |          1.251 |      0.817 |      1.136 
   ijkl-imkn-njml |          1.252 |      0.831 |      1.155 
   ijkl-imln-jnkm |          1.256 |      0.819 |      1.141 
   ijkl-imln-njmk |          1.262 |      0.834 |      1.153 
   ijkl-imnj-nlkm |          1.248 |      0.807 |      1.155 
   ijkl-imnk-njml |          1.273 |      0.840 |      1.171 
   ijkl-minj-nlmk |          1.287 |      0.827 |      1.184 
   ijkl-mink-jnlm |          1.266 |      0.847 |      1.167 
   ijkl-minl-njmk |          1.284 |      0.836 |      1.177 
     aqrs-pa-pqrs |          1.461 |      1.425 |      1.487 
     abrs-qb-aqrs |          1.435 |      1.310 |      1.236 
     abcs-rc-abrs |          1.600 |      1.278 |      1.310 
       abj-bka-kj |          1.831 |      1.598 |      1.695 
       ajb-kba-jk |          1.270 |      1.121 |      1.274 
     abjc-cbka-kj |          1.936 |      1.707 |      1.887 
     ajbc-ckba-jk |          2.056 |      1.929 |      2.062 
     abjc-kbac-jk |          1.627 |      1.397 |      1.501 
   abjcd-dkbac-jk |          1.452 |      1.303 |      1.422 
   adbjc-cbdka-kj |          1.791 |      1.676 |      1.413 
   ajbdc-ckbad-jk |          1.498 |      1.296 |      1.501 
 abcijk-ijma-mkbc |          1.662 |      2.073 |      1.758 
 abcijk-ijmb-mkac |          1.870 |      2.800 |      2.316 
 abcijk-ijmc-mkab |          1.714 |      1.531 |      1.553 
 abcijk-ikma-mjbc |          1.660 |      2.058 |      1.808 
 abcijk-ikmb-mjac |          1.868 |      2.694 |      2.377 
 abcijk-ikmc-mjab |          1.736 |      1.550 |      1.551 
 abcijk-jkma-mibc |          1.689 |      2.130 |      1.806 
 abcijk-jkmb-miac |          1.844 |      2.788 |      2.324 
 abcijk-jkmc-miab |          1.743 |      1.546 |      1.559 
 abcijk-eiab-jkec |          1.760 |      1.537 |      1.565 
 abcijk-eiac-jkeb |          1.872 |      2.725 |      2.355 
 abcijk-eibc-jkea |          1.678 |      2.034 |      1.799 
 abcijk-ejab-ikec |          1.681 |      1.572 |      1.578 
 abcijk-ejac-ikeb |          1.892 |      2.788 |      2.348 
 abcijk-ejbc-ikea |          1.779 |      2.249 |      1.907 
 abcijk-ekab-ijec |          1.757 |      1.559 |      1.532 
 abcijk-ekac-ijeb |          1.862 |      2.713 |      2.285 
 abcijk-ekbc-ijea |          1.677 |      2.046 |      1.810 
       abc-bk-akc |          1.222 |      1.107 |      1.086 
             MEAN |          1.555 |      1.504 |      1.526 

wrote bench-results/ccqlin038-blocking/bl-mc200-f32c32.csv
