host        : ccqlin038.flatironinstitute.org
target      : x86_64 / linux
cpu features: avx2 fma avx512f avx512dq 
caches      : L1=32KiB/8-way/2sh L2=1024KiB/16-way/2sh L3=25344KiB/11-way/16sh (via sysfs), blocking=legacy
baselines   : tblis=false blas=false

sweeping 49 cases at 64 MiB nominal tensor size, 3 reps, stress=none


=== f64 ===
             case |      m |      n |     k | regA | regB | planar GF/s | 1m GF/s | 3m GF/s 
------------------+--------+--------+-------+------+------+-------------+---------+---------
         ij-ik-kj |   2904 |   2896 |  2904 | 1.00 | 1.00 |        68.0 |    68.0 |    68.0 
       ij-ikl-ljk |    216 |    204 | 44064 | 1.00 | 1.00 |        36.2 |    36.2 |    36.2 
       ij-kil-lkj |    216 |    204 | 46656 | 1.00 | 1.00 |        38.9 |    38.9 |    38.9 
       ijk-ikl-lj |  44064 |    204 |   216 | 1.00 | 1.00 |        58.9 |    58.9 |    58.9 
       ijk-il-jlk |    216 |  44064 |   204 | 1.00 | 1.00 |        48.7 |    48.7 |    48.7 
       ijk-ilk-jl |  44064 |    216 |   204 | 1.00 | 1.00 |        64.5 |    64.5 |    64.5 
       ijk-ilk-lj |  44064 |    204 |   216 | 1.00 | 1.00 |        63.0 |    63.0 |    63.0 
     ijk-ilmk-mjl |   3744 |     52 |  3744 | 1.00 | 1.00 |        43.1 |    43.1 |    43.1 
   ijkl-imjn-lnkm |   3744 |   3744 |  2704 | 1.00 | 0.92 |        70.0 |    70.0 |    70.0 
   ijkl-imjn-nlmk |   3744 |   2704 |  3744 | 1.00 | 0.92 |        70.7 |    70.7 |    70.7 
   ijkl-imkn-jnlm |   3744 |   3744 |  2704 | 1.00 | 1.00 |        70.4 |    70.4 |    70.4 
   ijkl-imkn-njml |   3744 |   2704 |  3744 | 1.00 | 0.92 |        69.1 |    69.1 |    69.1 
   ijkl-imln-jnkm |   3744 |   3744 |  2704 | 1.00 | 1.00 |        68.6 |    68.6 |    68.6 
   ijkl-imln-njmk |   3744 |   2704 |  3744 | 1.00 | 0.92 |        69.8 |    69.8 |    69.8 
   ijkl-imnj-nlkm |   3744 |   2704 |  3744 | 1.00 | 0.92 |        68.0 |    68.0 |    68.0 
   ijkl-imnk-njml |   3744 |   2704 |  3744 | 1.00 | 0.92 |        67.2 |    67.2 |    67.2 
   ijkl-minj-nlmk |   3744 |   2704 |  5184 | 1.00 | 0.92 |        66.1 |    66.1 |    66.1 
   ijkl-mink-jnlm |   3744 |   3744 |  3744 | 1.00 | 1.00 |        67.4 |    67.4 |    67.4 
   ijkl-minl-njmk |   3744 |   2704 |  5184 | 1.00 | 0.92 |        66.2 |    66.2 |    66.2 
     aqrs-pa-pqrs |     72 | 140608 |    72 | 1.00 | 1.00 |        34.5 |    34.5 |    34.5 
     abrs-qb-aqrs |     52 | 194688 |    72 | 1.00 | 1.00 |        37.1 |    37.1 |    37.1 
     abcs-rc-abrs |     52 | 194688 |    72 | 1.00 | 1.00 |        29.4 |    29.4 |    29.4 
       abj-bka-kj |  46656 |    204 |   216 | 1.00 | 1.00 |        42.2 |    42.2 |    42.2 
       ajb-kba-jk |  44064 |    216 |   216 | 1.00 | 1.00 |        63.0 |    63.0 |    63.0 
     abjc-cbka-kj | 269568 |     52 |    72 | 1.00 | 1.00 |         8.2 |     8.2 |     8.2 
     ajbc-ckba-jk | 269568 |     72 |    52 | 1.00 | 1.00 |        16.5 |    16.5 |    16.5 
     abjc-kbac-jk | 194688 |     72 |    72 | 1.00 | 1.00 |        34.8 |    34.8 |    34.8 
   abjcd-dkbac-jk | 331776 |     24 |    24 | 1.00 | 1.00 |         2.7 |     2.7 |     2.7 
   adbjc-cbdka-kj | 331776 |     24 |    24 | 1.00 | 1.00 |         1.6 |     1.6 |     1.6 
   ajbdc-ckbad-jk | 331776 |     24 |    24 | 1.00 | 1.00 |         2.7 |     2.7 |     2.7 
 abcijk-ijma-mkbc |   9216 |   4096 |    24 | 1.00 | 1.00 |        32.9 |    32.9 |    32.9 
 abcijk-ijmb-mkac |   6144 |   6144 |    24 | 1.00 | 1.00 |        31.8 |    31.8 |    31.8 
 abcijk-ijmc-mkab |   6144 |   6144 |    24 | 1.00 | 1.00 |        29.2 |    29.2 |    29.2 
 abcijk-ikma-mjbc |   9216 |   4096 |    24 | 1.00 | 1.00 |        33.4 |    33.4 |    33.4 
 abcijk-ikmb-mjac |   6144 |   6144 |    24 | 1.00 | 1.00 |        32.7 |    32.7 |    32.7 
 abcijk-ikmc-mjab |   6144 |   6144 |    24 | 1.00 | 1.00 |        28.4 |    28.4 |    28.4 
 abcijk-jkma-mibc |   9216 |   4096 |    24 | 1.00 | 1.00 |        32.9 |    32.9 |    32.9 
 abcijk-jkmb-miac |   6144 |   6144 |    24 | 1.00 | 1.00 |        31.8 |    31.8 |    31.8 
 abcijk-jkmc-miab |   6144 |   6144 |    24 | 1.00 | 1.00 |        29.5 |    29.5 |    29.5 
 abcijk-eiab-jkec |   6144 |   6144 |    24 | 1.00 | 1.00 |        29.5 |    29.5 |    29.5 
 abcijk-eiac-jkeb |   6144 |   6144 |    24 | 1.00 | 1.00 |        32.0 |    32.0 |    32.0 
 abcijk-eibc-jkea |   4096 |   9216 |    24 | 1.00 | 1.00 |        33.1 |    33.1 |    33.1 
 abcijk-ejab-ikec |   6144 |   6144 |    24 | 1.00 | 1.00 |        28.9 |    28.9 |    28.9 
 abcijk-ejac-ikeb |   6144 |   6144 |    24 | 1.00 | 1.00 |        32.0 |    32.0 |    32.0 
 abcijk-ejbc-ikea |   4096 |   9216 |    24 | 1.00 | 1.00 |        32.4 |    32.4 |    32.4 
 abcijk-ekab-ijec |   6144 |   6144 |    24 | 1.00 | 1.00 |        28.8 |    28.8 |    28.8 
 abcijk-ekac-ijeb |   6144 |   6144 |    24 | 1.00 | 1.00 |        32.9 |    32.9 |    32.9 
 abcijk-ekbc-ijea |   4096 |   9216 |    24 | 1.00 | 1.00 |        33.4 |    33.4 |    33.4 
       abc-bk-akc |    216 |  44064 |   204 | 1.00 | 1.00 |        62.3 |    62.3 |    62.3 

=== c64 ===
             case |      m |      n |     k | regA | regB | planar GF/s | 1m GF/s | 3m GF/s 
------------------+--------+--------+-------+------+------+-------------+---------+---------
         ij-ik-kj |   2904 |   2896 |  2904 | 1.00 | 1.00 |        74.0 |    63.3 |    57.8 
       ij-ikl-ljk |    216 |    204 | 44064 | 1.00 | 1.00 |        46.9 |    42.8 |    40.4 
       ij-kil-lkj |    216 |    204 | 46656 | 1.00 | 1.00 |        53.5 |    49.7 |    47.3 
       ijk-ikl-lj |  44064 |    204 |   216 | 1.00 | 1.00 |        68.6 |    59.7 |    57.8 
       ijk-il-jlk |    216 |  44064 |   204 | 1.00 | 1.00 |        70.7 |    69.6 |    63.4 
       ijk-ilk-jl |  44064 |    216 |   204 | 0.96 | 1.00 |        68.0 |    58.4 |    58.5 
       ijk-ilk-lj |  44064 |    204 |   216 | 0.96 | 1.00 |        67.4 |    57.0 |    56.3 
     ijk-ilmk-mjl |   3744 |     52 |  3744 | 0.89 | 1.00 |        56.9 |    50.9 |    46.0 
   ijkl-imjn-lnkm |   3744 |   3744 |  2704 | 0.89 | 0.92 |        75.9 |    71.4 |    62.7 
   ijkl-imjn-nlmk |   3744 |   2704 |  3744 | 0.89 | 0.92 |        76.6 |    72.2 |    63.5 
   ijkl-imkn-jnlm |   3744 |   3744 |  2704 | 0.89 | 1.00 |        74.8 |    69.6 |    63.0 
   ijkl-imkn-njml |   3744 |   2704 |  3744 | 0.89 | 0.92 |        75.0 |    71.0 |    63.1 
   ijkl-imln-jnkm |   3744 |   3744 |  2704 | 0.89 | 1.00 |        74.5 |    72.0 |    63.3 
   ijkl-imln-njmk |   3744 |   2704 |  3744 | 0.89 | 0.92 |        75.6 |    70.1 |    62.4 
   ijkl-imnj-nlkm |   3744 |   2704 |  3744 | 0.89 | 0.92 |        75.4 |    69.3 |    63.1 
   ijkl-imnk-njml |   3744 |   2704 |  3744 | 0.89 | 0.92 |        74.1 |    68.7 |    63.0 
   ijkl-minj-nlmk |   3744 |   2704 |  5184 | 0.89 | 0.92 |        75.2 |    67.4 |    62.6 
   ijkl-mink-jnlm |   3744 |   3744 |  3744 | 0.89 | 1.00 |        75.2 |    68.1 |    63.3 
   ijkl-minl-njmk |   3744 |   2704 |  5184 | 0.89 | 0.92 |        74.6 |    67.6 |    62.8 
     aqrs-pa-pqrs |     72 | 140608 |    72 | 1.00 | 1.00 |        48.5 |    50.6 |    49.3 
     abrs-qb-aqrs |     52 | 194688 |    72 | 0.89 | 1.00 |        50.4 |    46.4 |    47.6 
     abcs-rc-abrs |     52 | 194688 |    72 | 1.00 | 1.00 |        45.0 |    38.3 |    39.1 
       abj-bka-kj |  46656 |    204 |   216 | 0.96 | 1.00 |        46.8 |    40.1 |    41.6 
       ajb-kba-jk |  44064 |    216 |   216 | 0.96 | 1.00 |        74.0 |    70.6 |    71.5 
     abjc-cbka-kj | 269568 |     52 |    72 | 0.89 | 1.00 |        13.9 |    11.7 |    15.5 
     ajbc-ckba-jk | 269568 |     72 |    52 | 0.89 | 1.00 |        25.7 |    24.0 |    27.3 
     abjc-kbac-jk | 194688 |     72 |    72 | 0.89 | 1.00 |        58.1 |    51.6 |    52.9 
   abjcd-dkbac-jk | 331776 |     24 |    24 | 0.67 | 1.00 |         7.1 |     6.2 |     7.9 
   adbjc-cbdka-kj | 331776 |     24 |    24 | 0.67 | 1.00 |         4.0 |     3.4 |     3.4 
   ajbdc-ckbad-jk | 331776 |     24 |    24 | 1.00 | 1.00 |         6.3 |     6.3 |     7.8 
 abcijk-ijma-mkbc |   9216 |   4096 |    24 | 1.00 | 0.99 |        44.5 |    40.7 |    38.5 
 abcijk-ijmb-mkac |   6144 |   6144 |    24 | 1.00 | 0.88 |        47.6 |    42.3 |    42.5 
 abcijk-ijmc-mkab |   6144 |   6144 |    24 | 1.00 | 0.75 |        46.3 |    42.9 |    43.6 
 abcijk-ikma-mjbc |   9216 |   4096 |    24 | 1.00 | 0.99 |        45.4 |    40.1 |    38.6 
 abcijk-ikmb-mjac |   6144 |   6144 |    24 | 1.00 | 0.88 |        48.6 |    41.5 |    42.7 
 abcijk-ikmc-mjab |   6144 |   6144 |    24 | 1.00 | 0.75 |        48.6 |    42.5 |    43.5 
 abcijk-jkma-mibc |   9216 |   4096 |    24 | 1.00 | 0.99 |        45.7 |    40.5 |    38.6 
 abcijk-jkmb-miac |   6144 |   6144 |    24 | 1.00 | 0.88 |        48.4 |    42.6 |    42.4 
 abcijk-jkmc-miab |   6144 |   6144 |    24 | 1.00 | 0.75 |        48.4 |    42.6 |    43.1 
 abcijk-eiab-jkec |   6144 |   6144 |    24 | 1.00 | 0.75 |        47.5 |    42.3 |    43.0 
 abcijk-eiac-jkeb |   6144 |   6144 |    24 | 1.00 | 0.88 |        47.8 |    42.5 |    42.4 
 abcijk-eibc-jkea |   4096 |   9216 |    24 | 1.00 | 0.99 |        45.1 |    40.7 |    38.3 
 abcijk-ejab-ikec |   6144 |   6144 |    24 | 1.00 | 0.75 |        48.1 |    42.5 |    43.1 
 abcijk-ejac-ikeb |   6144 |   6144 |    24 | 1.00 | 0.88 |        47.7 |    42.0 |    42.7 
 abcijk-ejbc-ikea |   4096 |   9216 |    24 | 1.00 | 0.99 |        45.6 |    40.4 |    38.5 
 abcijk-ekab-ijec |   6144 |   6144 |    24 | 1.00 | 0.75 |        48.4 |    42.4 |    43.2 
 abcijk-ekac-ijeb |   6144 |   6144 |    24 | 1.00 | 0.88 |        47.9 |    42.8 |    42.1 
 abcijk-ekbc-ijea |   4096 |   9216 |    24 | 1.00 | 0.99 |        45.2 |    40.9 |    38.0 
       abc-bk-akc |    216 |  44064 |   204 | 0.96 | 1.00 |        68.2 |    58.1 |    58.1 

=== complex efficiency ratio (c64 GF/s over f64 GF/s; 1.0 = no penalty) ===
             case | planar c64/f64 | 1m c64/f64 | 3m c64/f64 
------------------+----------------+------------+------------
         ij-ik-kj |          1.087 |      0.930 |      0.850 
       ij-ikl-ljk |          1.296 |      1.183 |      1.115 
       ij-kil-lkj |          1.377 |      1.279 |      1.216 
       ijk-ikl-lj |          1.165 |      1.014 |      0.982 
       ijk-il-jlk |          1.451 |      1.430 |      1.302 
       ijk-ilk-jl |          1.054 |      0.905 |      0.907 
       ijk-ilk-lj |          1.070 |      0.905 |      0.893 
     ijk-ilmk-mjl |          1.319 |      1.181 |      1.066 
   ijkl-imjn-lnkm |          1.085 |      1.021 |      0.896 
   ijkl-imjn-nlmk |          1.083 |      1.020 |      0.897 
   ijkl-imkn-jnlm |          1.063 |      0.988 |      0.895 
   ijkl-imkn-njml |          1.084 |      1.027 |      0.913 
   ijkl-imln-jnkm |          1.087 |      1.050 |      0.923 
   ijkl-imln-njmk |          1.082 |      1.004 |      0.893 
   ijkl-imnj-nlkm |          1.109 |      1.020 |      0.929 
   ijkl-imnk-njml |          1.103 |      1.022 |      0.938 
   ijkl-minj-nlmk |          1.136 |      1.020 |      0.947 
   ijkl-mink-jnlm |          1.116 |      1.011 |      0.939 
   ijkl-minl-njmk |          1.127 |      1.022 |      0.950 
     aqrs-pa-pqrs |          1.403 |      1.464 |      1.428 
     abrs-qb-aqrs |          1.356 |      1.248 |      1.283 
     abcs-rc-abrs |          1.530 |      1.303 |      1.329 
       abj-bka-kj |          1.109 |      0.949 |      0.987 
       ajb-kba-jk |          1.174 |      1.120 |      1.135 
     abjc-cbka-kj |          1.690 |      1.423 |      1.880 
     ajbc-ckba-jk |          1.557 |      1.455 |      1.653 
     abjc-kbac-jk |          1.671 |      1.484 |      1.521 
   abjcd-dkbac-jk |          2.662 |      2.313 |      2.951 
   adbjc-cbdka-kj |          2.526 |      2.152 |      2.149 
   ajbdc-ckbad-jk |          2.287 |      2.278 |      2.831 
 abcijk-ijma-mkbc |          1.352 |      1.237 |      1.168 
 abcijk-ijmb-mkac |          1.497 |      1.330 |      1.334 
 abcijk-ijmc-mkab |          1.586 |      1.470 |      1.496 
 abcijk-ikma-mjbc |          1.361 |      1.202 |      1.155 
 abcijk-ikmb-mjac |          1.487 |      1.269 |      1.306 
 abcijk-ikmc-mjab |          1.709 |      1.494 |      1.530 
 abcijk-jkma-mibc |          1.389 |      1.233 |      1.175 
 abcijk-jkmb-miac |          1.521 |      1.340 |      1.332 
 abcijk-jkmc-miab |          1.642 |      1.445 |      1.465 
 abcijk-eiab-jkec |          1.612 |      1.435 |      1.460 
 abcijk-eiac-jkeb |          1.494 |      1.328 |      1.324 
 abcijk-eibc-jkea |          1.363 |      1.230 |      1.157 
 abcijk-ejab-ikec |          1.662 |      1.468 |      1.488 
 abcijk-ejac-ikeb |          1.490 |      1.312 |      1.333 
 abcijk-ejbc-ikea |          1.406 |      1.247 |      1.186 
 abcijk-ekab-ijec |          1.682 |      1.475 |      1.501 
 abcijk-ekac-ijeb |          1.457 |      1.304 |      1.282 
 abcijk-ekbc-ijea |          1.355 |      1.226 |      1.138 
       abc-bk-akc |          1.096 |      0.933 |      0.933 
             MEAN |          1.409 |      1.269 |      1.273 

wrote bench-results/ccqlin038-blocking/bl-nc25-f64c64.csv
