host        : worker5137
target      : x86_64 / linux
cpu features: avx2 fma 
caches      : L1=32KiB/8-way/1sh L2=512KiB/8-way/1sh L3=16384KiB/16-way/4sh (via sysfs), blocking=legacy
baselines   : tblis=false blas=false

sweeping 49 cases at 64 MiB nominal tensor size, 3 reps, stress=none


=== f32 ===
             case |      m |      n |     k | regA | regB | planar GF/s | 1m GF/s | 3m GF/s 
------------------+--------+--------+-------+------+------+-------------+---------+---------
         ij-ik-kj |   2904 |   2896 |  2904 | 1.00 | 1.00 |       647.7 |   647.7 |   647.7 
       ij-ikl-ljk |    216 |    204 | 44064 | 1.00 | 1.00 |       203.3 |   203.3 |   203.3 
       ij-kil-lkj |    216 |    204 | 46656 | 1.00 | 1.00 |       218.4 |   218.4 |   218.4 
       ijk-ikl-lj |  44064 |    204 |   216 | 1.00 | 1.00 |       324.3 |   324.3 |   324.3 
       ijk-il-jlk |    216 |  44064 |   204 | 1.00 | 1.00 |       296.3 |   296.3 |   296.3 
       ijk-ilk-jl |  44064 |    216 |   204 | 0.96 | 1.00 |       346.9 |   346.9 |   346.9 
       ijk-ilk-lj |  44064 |    204 |   216 | 0.96 | 1.00 |       352.3 |   352.3 |   352.3 
     ijk-ilmk-mjl |   3744 |     52 |  3744 | 0.89 | 1.00 |       113.2 |   113.2 |   113.2 
   ijkl-imjn-lnkm |   3744 |   3744 |  2704 | 0.89 | 0.92 |       665.8 |   665.8 |   665.8 
   ijkl-imjn-nlmk |   3744 |   2704 |  3744 | 0.89 | 0.92 |       777.6 |   777.6 |   777.6 
   ijkl-imkn-jnlm |   3744 |   3744 |  2704 | 0.89 | 1.00 |       951.6 |   951.6 |   951.6 
   ijkl-imkn-njml |   3744 |   2704 |  3744 | 0.89 | 0.92 |       736.8 |   736.8 |   736.8 
   ijkl-imln-jnkm |   3744 |   3744 |  2704 | 0.89 | 1.00 |       849.4 |   849.4 |   849.4 
   ijkl-imln-njmk |   3744 |   2704 |  3744 | 0.89 | 0.92 |       815.1 |   815.1 |   815.1 
   ijkl-imnj-nlkm |   3744 |   2704 |  3744 | 0.89 | 0.92 |       806.5 |   806.5 |   806.5 
   ijkl-imnk-njml |   3744 |   2704 |  3744 | 0.89 | 0.92 |       785.6 |   785.6 |   785.6 
   ijkl-minj-nlmk |   3744 |   2704 |  5184 | 0.89 | 0.92 |       817.3 |   817.3 |   817.3 
   ijkl-mink-jnlm |   3744 |   3744 |  3744 | 0.89 | 1.00 |       952.9 |   952.9 |   952.9 
   ijkl-minl-njmk |   3744 |   2704 |  5184 | 0.89 | 0.92 |       864.3 |   864.3 |   864.3 
     aqrs-pa-pqrs |     72 | 140608 |    72 | 1.00 | 1.00 |        65.0 |    65.0 |    65.0 
     abrs-qb-aqrs |     52 | 194688 |    72 | 0.89 | 1.00 |       178.4 |   178.4 |   178.4 
     abcs-rc-abrs |     52 | 194688 |    72 | 1.00 | 1.00 |       162.7 |   162.7 |   162.7 
       abj-bka-kj |  46656 |    204 |   216 | 0.96 | 1.00 |       281.0 |   281.0 |   281.0 
       ajb-kba-jk |  44064 |    216 |   216 | 0.96 | 1.00 |       413.1 |   413.1 |   413.1 
     abjc-cbka-kj | 269568 |     52 |    72 | 0.89 | 1.00 |        55.7 |    55.7 |    55.7 
     ajbc-ckba-jk | 269568 |     72 |    52 | 0.89 | 1.00 |        72.6 |    72.6 |    72.6 
     abjc-kbac-jk | 194688 |     72 |    72 | 0.89 | 1.00 |       212.1 |   212.1 |   212.1 
   abjcd-dkbac-jk | 331776 |     24 |    24 | 0.67 | 1.00 |        23.3 |    23.3 |    23.3 
   adbjc-cbdka-kj | 331776 |     24 |    24 | 0.67 | 1.00 |        25.7 |    25.7 |    25.7 
   ajbdc-ckbad-jk | 331776 |     24 |    24 | 1.00 | 1.00 |        27.0 |    27.0 |    27.0 
 abcijk-ijma-mkbc |   9216 |   4096 |    24 | 1.00 | 1.00 |       160.6 |   160.6 |   160.6 
 abcijk-ijmb-mkac |   6144 |   6144 |    24 | 1.00 | 1.00 |       133.1 |   133.1 |   133.1 
 abcijk-ijmc-mkab |   6144 |   6144 |    24 | 1.00 | 0.75 |       138.3 |   138.3 |   138.3 
 abcijk-ikma-mjbc |   9216 |   4096 |    24 | 1.00 | 1.00 |       155.5 |   155.5 |   155.5 
 abcijk-ikmb-mjac |   6144 |   6144 |    24 | 1.00 | 1.00 |       136.4 |   136.4 |   136.4 
 abcijk-ikmc-mjab |   6144 |   6144 |    24 | 1.00 | 0.75 |       119.7 |   119.7 |   119.7 
 abcijk-jkma-mibc |   9216 |   4096 |    24 | 1.00 | 1.00 |       159.1 |   159.1 |   159.1 
 abcijk-jkmb-miac |   6144 |   6144 |    24 | 1.00 | 1.00 |       131.1 |   131.1 |   131.1 
 abcijk-jkmc-miab |   6144 |   6144 |    24 | 1.00 | 0.75 |       113.9 |   113.9 |   113.9 
 abcijk-eiab-jkec |   6144 |   6144 |    24 | 1.00 | 0.75 |       115.1 |   115.1 |   115.1 
 abcijk-eiac-jkeb |   6144 |   6144 |    24 | 1.00 | 1.00 |       142.0 |   142.0 |   142.0 
 abcijk-eibc-jkea |   4096 |   9216 |    24 | 1.00 | 1.00 |       156.7 |   156.7 |   156.7 
 abcijk-ejab-ikec |   6144 |   6144 |    24 | 1.00 | 0.75 |       141.4 |   141.4 |   141.4 
 abcijk-ejac-ikeb |   6144 |   6144 |    24 | 1.00 | 1.00 |       119.5 |   119.5 |   119.5 
 abcijk-ejbc-ikea |   4096 |   9216 |    24 | 1.00 | 1.00 |       174.8 |   174.8 |   174.8 
 abcijk-ekab-ijec |   6144 |   6144 |    24 | 1.00 | 0.75 |       143.7 |   143.7 |   143.7 
 abcijk-ekac-ijeb |   6144 |   6144 |    24 | 1.00 | 1.00 |       162.1 |   162.1 |   162.1 
 abcijk-ekbc-ijea |   4096 |   9216 |    24 | 1.00 | 1.00 |       188.6 |   188.6 |   188.6 
       abc-bk-akc |    216 |  44064 |   204 | 0.96 | 1.00 |       347.6 |   347.6 |   347.6 

=== c32 ===
             case |      m |      n |     k | regA | regB | planar GF/s | 1m GF/s | 3m GF/s 
------------------+--------+--------+-------+------+------+-------------+---------+---------
         ij-ik-kj |   2904 |   2896 |  2904 | 1.00 | 1.00 |      1064.3 |  1195.1 |   938.6 
       ij-ikl-ljk |    216 |    204 | 44064 | 1.00 | 1.00 |       334.9 |   269.9 |   296.7 
       ij-kil-lkj |    216 |    204 | 46656 | 1.00 | 1.00 |       359.8 |   297.2 |   291.8 
       ijk-ikl-lj |  44064 |    204 |   216 | 1.00 | 1.00 |       541.8 |   584.6 |   651.1 
       ijk-il-jlk |    216 |  44064 |   204 | 1.00 | 0.98 |       394.4 |   409.0 |   308.2 
       ijk-ilk-jl |  44064 |    216 |   204 | 1.00 | 1.00 |       736.7 |   664.5 |   580.5 
       ijk-ilk-lj |  44064 |    204 |   216 | 1.00 | 1.00 |       733.7 |   637.1 |   634.6 
     ijk-ilmk-mjl |   3744 |     52 |  3744 | 1.00 | 1.00 |       294.0 |   274.3 |   243.1 
   ijkl-imjn-lnkm |   3744 |   3744 |  2704 | 1.00 | 0.92 |      1205.2 |  1056.7 |  1056.6 
   ijkl-imjn-nlmk |   3744 |   2704 |  3744 | 1.00 | 0.92 |      1201.6 |  1202.2 |  1259.5 
   ijkl-imkn-jnlm |   3744 |   3744 |  2704 | 1.00 | 0.95 |      1309.1 |  1292.1 |  1246.6 
   ijkl-imkn-njml |   3744 |   2704 |  3744 | 1.00 | 0.92 |      1236.7 |  1363.0 |  1201.1 
   ijkl-imln-jnkm |   3744 |   3744 |  2704 | 1.00 | 0.95 |      1325.3 |  1318.6 |  1252.4 
   ijkl-imln-njmk |   3744 |   2704 |  3744 | 1.00 | 0.92 |      1324.1 |  1380.3 |  1220.1 
   ijkl-imnj-nlkm |   3744 |   2704 |  3744 | 1.00 | 0.92 |      1351.3 |  1319.9 |  1124.6 
   ijkl-imnk-njml |   3744 |   2704 |  3744 | 1.00 | 0.92 |      1336.8 |  1208.8 |  1025.7 
   ijkl-minj-nlmk |   3744 |   2704 |  5184 | 1.00 | 0.92 |      1286.6 |  1387.1 |  1186.9 
   ijkl-mink-jnlm |   3744 |   3744 |  3744 | 1.00 | 0.95 |      1328.1 |  1375.1 |  1514.3 
   ijkl-minl-njmk |   3744 |   2704 |  5184 | 1.00 | 0.92 |      1352.6 |  1402.1 |  1084.2 
     aqrs-pa-pqrs |     72 | 140608 |    72 | 1.00 | 1.00 |       217.8 |   242.3 |   158.2 
     abrs-qb-aqrs |     52 | 194688 |    72 | 1.00 | 1.00 |       316.9 |   355.5 |   295.1 
     abcs-rc-abrs |     52 | 194688 |    72 | 1.00 | 1.00 |       289.4 |   322.8 |   284.8 
       abj-bka-kj |  46656 |    204 |   216 | 1.00 | 1.00 |       487.9 |   588.6 |   488.6 
       ajb-kba-jk |  44064 |    216 |   216 | 1.00 | 1.00 |       622.8 |   717.0 |   996.3 
     abjc-cbka-kj | 269568 |     52 |    72 | 1.00 | 1.00 |       150.5 |   154.4 |   151.6 
     ajbc-ckba-jk | 269568 |     72 |    52 | 1.00 | 1.00 |       222.8 |   193.6 |   203.7 
     abjc-kbac-jk | 194688 |     72 |    72 | 1.00 | 1.00 |       463.2 |   477.9 |   407.0 
   abjcd-dkbac-jk | 331776 |     24 |    24 | 1.00 | 1.00 |        71.4 |    73.8 |    73.3 
   adbjc-cbdka-kj | 331776 |     24 |    24 | 1.00 | 1.00 |        69.6 |    65.7 |    72.3 
   ajbdc-ckbad-jk | 331776 |     24 |    24 | 1.00 | 1.00 |        75.2 |    76.3 |    70.6 
 abcijk-ijma-mkbc |   9216 |   4096 |    24 | 1.00 | 0.99 |       301.1 |   323.0 |   291.7 
 abcijk-ijmb-mkac |   6144 |   6144 |    24 | 1.00 | 0.75 |       296.5 |   309.5 |   312.1 
 abcijk-ijmc-mkab |   6144 |   6144 |    24 | 1.00 | 0.75 |       211.9 |   219.5 |   193.6 
 abcijk-ikma-mjbc |   9216 |   4096 |    24 | 1.00 | 0.99 |       326.2 |   325.7 |   300.2 
 abcijk-ikmb-mjac |   6144 |   6144 |    24 | 1.00 | 0.75 |       288.6 |   279.2 |   284.7 
 abcijk-ikmc-mjab |   6144 |   6144 |    24 | 1.00 | 0.75 |       216.6 |   215.4 |   194.0 
 abcijk-jkma-mibc |   9216 |   4096 |    24 | 1.00 | 0.99 |       333.5 |   345.3 |   309.5 
 abcijk-jkmb-miac |   6144 |   6144 |    24 | 1.00 | 0.75 |       299.2 |   301.2 |   274.8 
 abcijk-jkmc-miab |   6144 |   6144 |    24 | 1.00 | 0.75 |       205.1 |   195.4 |   190.4 
 abcijk-eiab-jkec |   6144 |   6144 |    24 | 1.00 | 0.75 |       207.0 |   191.2 |   196.5 
 abcijk-eiac-jkeb |   6144 |   6144 |    24 | 1.00 | 0.75 |       308.6 |   279.4 |   286.4 
 abcijk-eibc-jkea |   4096 |   9216 |    24 | 1.00 | 0.99 |       331.8 |   324.6 |   297.6 
 abcijk-ejab-ikec |   6144 |   6144 |    24 | 1.00 | 0.75 |       230.0 |   215.6 |   181.2 
 abcijk-ejac-ikeb |   6144 |   6144 |    24 | 1.00 | 0.75 |       290.1 |   300.1 |   282.2 
 abcijk-ejbc-ikea |   4096 |   9216 |    24 | 1.00 | 0.99 |       326.8 |   327.0 |   319.2 
 abcijk-ekab-ijec |   6144 |   6144 |    24 | 1.00 | 0.75 |       203.0 |   204.2 |   194.7 
 abcijk-ekac-ijeb |   6144 |   6144 |    24 | 1.00 | 0.75 |       312.5 |   299.0 |   305.1 
 abcijk-ekbc-ijea |   4096 |   9216 |    24 | 1.00 | 0.99 |       349.8 |   354.5 |   306.3 
       abc-bk-akc |    216 |  44064 |   204 | 1.00 | 1.00 |       919.7 |   880.0 |  1011.8 

=== complex efficiency ratio (c32 GF/s over f32 GF/s; 1.0 = no penalty) ===
             case | planar c32/f32 | 1m c32/f32 | 3m c32/f32 
------------------+----------------+------------+------------
         ij-ik-kj |          1.643 |      1.845 |      1.449 
       ij-ikl-ljk |          1.647 |      1.327 |      1.459 
       ij-kil-lkj |          1.648 |      1.361 |      1.336 
       ijk-ikl-lj |          1.671 |      1.803 |      2.008 
       ijk-il-jlk |          1.331 |      1.380 |      1.040 
       ijk-ilk-jl |          2.124 |      1.916 |      1.673 
       ijk-ilk-lj |          2.082 |      1.808 |      1.801 
     ijk-ilmk-mjl |          2.597 |      2.423 |      2.147 
   ijkl-imjn-lnkm |          1.810 |      1.587 |      1.587 
   ijkl-imjn-nlmk |          1.545 |      1.546 |      1.620 
   ijkl-imkn-jnlm |          1.376 |      1.358 |      1.310 
   ijkl-imkn-njml |          1.678 |      1.850 |      1.630 
   ijkl-imln-jnkm |          1.560 |      1.552 |      1.474 
   ijkl-imln-njmk |          1.624 |      1.693 |      1.497 
   ijkl-imnj-nlkm |          1.676 |      1.637 |      1.394 
   ijkl-imnk-njml |          1.702 |      1.539 |      1.306 
   ijkl-minj-nlmk |          1.574 |      1.697 |      1.452 
   ijkl-mink-jnlm |          1.394 |      1.443 |      1.589 
   ijkl-minl-njmk |          1.565 |      1.622 |      1.254 
     aqrs-pa-pqrs |          3.352 |      3.729 |      2.435 
     abrs-qb-aqrs |          1.776 |      1.993 |      1.655 
     abcs-rc-abrs |          1.779 |      1.984 |      1.751 
       abj-bka-kj |          1.736 |      2.095 |      1.739 
       ajb-kba-jk |          1.507 |      1.736 |      2.412 
     abjc-cbka-kj |          2.704 |      2.773 |      2.724 
     ajbc-ckba-jk |          3.069 |      2.666 |      2.805 
     abjc-kbac-jk |          2.184 |      2.253 |      1.919 
   abjcd-dkbac-jk |          3.070 |      3.173 |      3.152 
   adbjc-cbdka-kj |          2.712 |      2.559 |      2.816 
   ajbdc-ckbad-jk |          2.783 |      2.822 |      2.612 
 abcijk-ijma-mkbc |          1.874 |      2.011 |      1.816 
 abcijk-ijmb-mkac |          2.228 |      2.326 |      2.346 
 abcijk-ijmc-mkab |          1.532 |      1.587 |      1.399 
 abcijk-ikma-mjbc |          2.098 |      2.095 |      1.931 
 abcijk-ikmb-mjac |          2.116 |      2.047 |      2.088 
 abcijk-ikmc-mjab |          1.809 |      1.800 |      1.620 
 abcijk-jkma-mibc |          2.097 |      2.171 |      1.946 
 abcijk-jkmb-miac |          2.282 |      2.297 |      2.096 
 abcijk-jkmc-miab |          1.800 |      1.715 |      1.671 
 abcijk-eiab-jkec |          1.798 |      1.661 |      1.707 
 abcijk-eiac-jkeb |          2.173 |      1.968 |      2.017 
 abcijk-eibc-jkea |          2.117 |      2.071 |      1.899 
 abcijk-ejab-ikec |          1.626 |      1.524 |      1.282 
 abcijk-ejac-ikeb |          2.428 |      2.511 |      2.362 
 abcijk-ejbc-ikea |          1.870 |      1.871 |      1.826 
 abcijk-ekab-ijec |          1.413 |      1.422 |      1.355 
 abcijk-ekac-ijeb |          1.928 |      1.845 |      1.883 
 abcijk-ekbc-ijea |          1.855 |      1.880 |      1.624 
       abc-bk-akc |          2.646 |      2.532 |      2.911 
             MEAN |          1.972 |      1.969 |      1.854 

wrote bench-results/worker5137-zen2/phase4f/th-t64-pm-f32c32.csv
