host        : worker6016
target      : x86_64 / linux
cpu features: avx2 fma avx512f avx512dq 
caches      : L1=48KiB/12-way/1sh L2=1280KiB/20-way/1sh L3=49152KiB/12-way/32sh (via sysfs), blocking=legacy
baselines   : tblis=false blas=false

sweeping 49 cases at 64 MiB nominal tensor size, 3 reps, stress=none


=== f64 ===
             case |      m |      n |     k | regA | regB | planar GF/s | 1m GF/s | 3m GF/s 
------------------+--------+--------+-------+------+------+-------------+---------+---------
         ij-ik-kj |   2904 |   2896 |  2904 | 1.00 | 1.00 |       819.5 |   819.5 |   819.5 
       ij-ikl-ljk |    216 |    204 | 44064 | 1.00 | 1.00 |       381.0 |   381.0 |   381.0 
       ij-kil-lkj |    216 |    204 | 46656 | 1.00 | 1.00 |       385.8 |   385.8 |   385.8 
       ijk-ikl-lj |  44064 |    204 |   216 | 1.00 | 1.00 |       772.5 |   772.5 |   772.5 
       ijk-il-jlk |    216 |  44064 |   204 | 1.00 | 1.00 |       671.7 |   671.7 |   671.7 
       ijk-ilk-jl |  44064 |    216 |   204 | 1.00 | 1.00 |       835.5 |   835.5 |   835.5 
       ijk-ilk-lj |  44064 |    204 |   216 | 1.00 | 1.00 |       821.6 |   821.6 |   821.6 
     ijk-ilmk-mjl |   3744 |     52 |  3744 | 1.00 | 1.00 |       484.2 |   484.2 |   484.2 
   ijkl-imjn-lnkm |   3744 |   3744 |  2704 | 1.00 | 0.92 |       819.5 |   819.5 |   819.5 
   ijkl-imjn-nlmk |   3744 |   2704 |  3744 | 1.00 | 0.92 |       860.6 |   860.6 |   860.6 
   ijkl-imkn-jnlm |   3744 |   3744 |  2704 | 1.00 | 1.00 |       860.4 |   860.4 |   860.4 
   ijkl-imkn-njml |   3744 |   2704 |  3744 | 1.00 | 0.92 |       862.7 |   862.7 |   862.7 
   ijkl-imln-jnkm |   3744 |   3744 |  2704 | 1.00 | 1.00 |       850.5 |   850.5 |   850.5 
   ijkl-imln-njmk |   3744 |   2704 |  3744 | 1.00 | 0.92 |       866.9 |   866.9 |   866.9 
   ijkl-imnj-nlkm |   3744 |   2704 |  3744 | 1.00 | 0.92 |       859.1 |   859.1 |   859.1 
   ijkl-imnk-njml |   3744 |   2704 |  3744 | 1.00 | 0.92 |       877.6 |   877.6 |   877.6 
   ijkl-minj-nlmk |   3744 |   2704 |  5184 | 1.00 | 0.92 |       836.6 |   836.6 |   836.6 
   ijkl-mink-jnlm |   3744 |   3744 |  3744 | 1.00 | 1.00 |       841.9 |   841.9 |   841.9 
   ijkl-minl-njmk |   3744 |   2704 |  5184 | 1.00 | 0.92 |       835.4 |   835.4 |   835.4 
     aqrs-pa-pqrs |     72 | 140608 |    72 | 1.00 | 1.00 |       424.4 |   424.4 |   424.4 
     abrs-qb-aqrs |     52 | 194688 |    72 | 1.00 | 1.00 |       425.8 |   425.8 |   425.8 
     abcs-rc-abrs |     52 | 194688 |    72 | 1.00 | 1.00 |       468.8 |   468.8 |   468.8 
       abj-bka-kj |  46656 |    204 |   216 | 1.00 | 1.00 |       532.5 |   532.5 |   532.5 
       ajb-kba-jk |  44064 |    216 |   216 | 1.00 | 1.00 |       836.4 |   836.4 |   836.4 
     abjc-cbka-kj | 269568 |     52 |    72 | 1.00 | 1.00 |       132.1 |   132.1 |   132.1 
     ajbc-ckba-jk | 269568 |     72 |    52 | 1.00 | 1.00 |       186.5 |   186.5 |   186.5 
     abjc-kbac-jk | 194688 |     72 |    72 | 1.00 | 1.00 |       556.5 |   556.5 |   556.5 
   abjcd-dkbac-jk | 331776 |     24 |    24 | 1.00 | 1.00 |        72.5 |    72.5 |    72.5 
   adbjc-cbdka-kj | 331776 |     24 |    24 | 1.00 | 1.00 |        65.4 |    65.4 |    65.4 
   ajbdc-ckbad-jk | 331776 |     24 |    24 | 1.00 | 1.00 |        74.6 |    74.6 |    74.6 
 abcijk-ijma-mkbc |   9216 |   4096 |    24 | 1.00 | 1.00 |       336.2 |   336.2 |   336.2 
 abcijk-ijmb-mkac |   6144 |   6144 |    24 | 1.00 | 1.00 |       319.6 |   319.6 |   319.6 
 abcijk-ijmc-mkab |   6144 |   6144 |    24 | 1.00 | 1.00 |       303.9 |   303.9 |   303.9 
 abcijk-ikma-mjbc |   9216 |   4096 |    24 | 1.00 | 1.00 |       334.1 |   334.1 |   334.1 
 abcijk-ikmb-mjac |   6144 |   6144 |    24 | 1.00 | 1.00 |       324.7 |   324.7 |   324.7 
 abcijk-ikmc-mjab |   6144 |   6144 |    24 | 1.00 | 1.00 |       294.0 |   294.0 |   294.0 
 abcijk-jkma-mibc |   9216 |   4096 |    24 | 1.00 | 1.00 |       333.8 |   333.8 |   333.8 
 abcijk-jkmb-miac |   6144 |   6144 |    24 | 1.00 | 1.00 |       294.5 |   294.5 |   294.5 
 abcijk-jkmc-miab |   6144 |   6144 |    24 | 1.00 | 1.00 |       288.3 |   288.3 |   288.3 
 abcijk-eiab-jkec |   6144 |   6144 |    24 | 1.00 | 1.00 |       281.8 |   281.8 |   281.8 
 abcijk-eiac-jkeb |   6144 |   6144 |    24 | 1.00 | 1.00 |       298.7 |   298.7 |   298.7 
 abcijk-eibc-jkea |   4096 |   9216 |    24 | 1.00 | 1.00 |       330.5 |   330.5 |   330.5 
 abcijk-ejab-ikec |   6144 |   6144 |    24 | 1.00 | 1.00 |       295.2 |   295.2 |   295.2 
 abcijk-ejac-ikeb |   6144 |   6144 |    24 | 1.00 | 1.00 |       313.5 |   313.5 |   313.5 
 abcijk-ejbc-ikea |   4096 |   9216 |    24 | 1.00 | 1.00 |       336.8 |   336.8 |   336.8 
 abcijk-ekab-ijec |   6144 |   6144 |    24 | 1.00 | 1.00 |       290.7 |   290.7 |   290.7 
 abcijk-ekac-ijeb |   6144 |   6144 |    24 | 1.00 | 1.00 |       324.1 |   324.1 |   324.1 
 abcijk-ekbc-ijea |   4096 |   9216 |    24 | 1.00 | 1.00 |       332.0 |   332.0 |   332.0 
       abc-bk-akc |    216 |  44064 |   204 | 1.00 | 1.00 |       807.6 |   807.6 |   807.6 

=== c64 ===
             case |      m |      n |     k | regA | regB | planar GF/s | 1m GF/s | 3m GF/s 
------------------+--------+--------+-------+------+------+-------------+---------+---------
         ij-ik-kj |   2904 |   2896 |  2904 | 1.00 | 1.00 |      1113.9 |   964.2 |   767.3 
       ij-ikl-ljk |    216 |    204 | 44064 | 1.00 | 1.00 |       564.1 |   147.5 |   340.2 
       ij-kil-lkj |    216 |    204 | 46656 | 1.00 | 1.00 |       280.3 |   163.4 |   165.0 
       ijk-ikl-lj |  44064 |    204 |   216 | 1.00 | 1.00 |      1220.3 |  1000.6 |   843.3 
       ijk-il-jlk |    216 |  44064 |   204 | 1.00 | 1.00 |      1016.4 |   341.5 |   318.0 
       ijk-ilk-jl |  44064 |    216 |   204 | 0.96 | 1.00 |      1233.0 |  1016.8 |   856.7 
       ijk-ilk-lj |  44064 |    204 |   216 | 0.96 | 1.00 |      1229.0 |  1013.9 |   836.5 
     ijk-ilmk-mjl |   3744 |     52 |  3744 | 0.89 | 1.00 |       801.8 |   679.7 |   550.9 
   ijkl-imjn-lnkm |   3744 |   3744 |  2704 | 0.89 | 0.92 |      1184.8 |   983.4 |   787.1 
   ijkl-imjn-nlmk |   3744 |   2704 |  3744 | 0.89 | 0.92 |      1161.1 |   969.0 |   787.1 
   ijkl-imkn-jnlm |   3744 |   3744 |  2704 | 0.89 | 1.00 |      1162.8 |   978.3 |   788.5 
   ijkl-imkn-njml |   3744 |   2704 |  3744 | 0.89 | 0.92 |      1144.7 |   967.7 |   782.5 
   ijkl-imln-jnkm |   3744 |   3744 |  2704 | 0.89 | 1.00 |      1162.6 |   985.4 |   785.0 
   ijkl-imln-njmk |   3744 |   2704 |  3744 | 0.89 | 0.92 |      1139.6 |   970.3 |   782.3 
   ijkl-imnj-nlkm |   3744 |   2704 |  3744 | 0.89 | 0.92 |      1167.7 |   981.0 |   789.4 
   ijkl-imnk-njml |   3744 |   2704 |  3744 | 0.89 | 0.92 |      1145.9 |   974.1 |   782.6 
   ijkl-minj-nlmk |   3744 |   2704 |  5184 | 0.89 | 0.92 |      1172.6 |   969.7 |   781.7 
   ijkl-mink-jnlm |   3744 |   3744 |  3744 | 0.89 | 1.00 |      1171.7 |   988.0 |   789.0 
   ijkl-minl-njmk |   3744 |   2704 |  5184 | 0.89 | 0.92 |      1145.4 |   967.0 |   775.5 
     aqrs-pa-pqrs |     72 | 140608 |    72 | 1.00 | 1.00 |       661.8 |   602.0 |   447.8 
     abrs-qb-aqrs |     52 | 194688 |    72 | 0.89 | 1.00 |       720.4 |   730.5 |   591.2 
     abcs-rc-abrs |     52 | 194688 |    72 | 1.00 | 1.00 |       853.8 |   757.1 |   634.8 
       abj-bka-kj |  46656 |    204 |   216 | 0.96 | 1.00 |       939.0 |   722.9 |   666.9 
       ajb-kba-jk |  44064 |    216 |   216 | 0.96 | 1.00 |      1315.2 |  1108.5 |   894.3 
     abjc-cbka-kj | 269568 |     52 |    72 | 0.89 | 1.00 |       372.5 |   295.3 |   303.6 
     ajbc-ckba-jk | 269568 |     72 |    52 | 0.89 | 1.00 |       412.7 |   364.4 |   353.8 
     abjc-kbac-jk | 194688 |     72 |    72 | 0.89 | 1.00 |       855.1 |   834.0 |   649.8 
   abjcd-dkbac-jk | 331776 |     24 |    24 | 0.67 | 1.00 |       168.4 |   139.6 |   140.6 
   adbjc-cbdka-kj | 331776 |     24 |    24 | 0.67 | 1.00 |       170.7 |   138.7 |   146.4 
   ajbdc-ckbad-jk | 331776 |     24 |    24 | 1.00 | 1.00 |       176.0 |   137.9 |   139.2 
 abcijk-ijma-mkbc |   9216 |   4096 |    24 | 1.00 | 0.99 |       599.2 |   609.1 |   536.2 
 abcijk-ijmb-mkac |   6144 |   6144 |    24 | 1.00 | 0.88 |       617.8 |   590.1 |   534.4 
 abcijk-ijmc-mkab |   6144 |   6144 |    24 | 1.00 | 0.75 |       602.3 |   590.3 |   556.8 
 abcijk-ikma-mjbc |   9216 |   4096 |    24 | 1.00 | 0.99 |       621.6 |   604.2 |   534.2 
 abcijk-ikmb-mjac |   6144 |   6144 |    24 | 1.00 | 0.88 |       618.1 |   593.1 |   538.3 
 abcijk-ikmc-mjab |   6144 |   6144 |    24 | 1.00 | 0.75 |       616.1 |   595.8 |   564.4 
 abcijk-jkma-mibc |   9216 |   4096 |    24 | 1.00 | 0.99 |       620.2 |   618.1 |   539.4 
 abcijk-jkmb-miac |   6144 |   6144 |    24 | 1.00 | 0.88 |       590.5 |   586.4 |   505.7 
 abcijk-jkmc-miab |   6144 |   6144 |    24 | 1.00 | 0.75 |       589.2 |   571.6 |   538.4 
 abcijk-eiab-jkec |   6144 |   6144 |    24 | 1.00 | 0.75 |       589.8 |   573.3 |   542.3 
 abcijk-eiac-jkeb |   6144 |   6144 |    24 | 1.00 | 0.88 |       593.9 |   582.2 |   505.6 
 abcijk-eibc-jkea |   4096 |   9216 |    24 | 1.00 | 0.99 |       619.2 |   613.8 |   537.6 
 abcijk-ejab-ikec |   6144 |   6144 |    24 | 1.00 | 0.75 |       608.4 |   594.1 |   560.1 
 abcijk-ejac-ikeb |   6144 |   6144 |    24 | 1.00 | 0.88 |       618.4 |   589.6 |   533.7 
 abcijk-ejbc-ikea |   4096 |   9216 |    24 | 1.00 | 0.99 |       626.7 |   604.6 |   533.9 
 abcijk-ekab-ijec |   6144 |   6144 |    24 | 1.00 | 0.75 |       604.3 |   586.7 |   560.3 
 abcijk-ekac-ijeb |   6144 |   6144 |    24 | 1.00 | 0.88 |       620.3 |   593.6 |   532.0 
 abcijk-ekbc-ijea |   4096 |   9216 |    24 | 1.00 | 0.99 |       627.7 |   612.7 |   532.8 
       abc-bk-akc |    216 |  44064 |   204 | 0.96 | 1.00 |      1213.9 |  1022.1 |   856.2 

=== complex efficiency ratio (c64 GF/s over f64 GF/s; 1.0 = no penalty) ===
             case | planar c64/f64 | 1m c64/f64 | 3m c64/f64 
------------------+----------------+------------+------------
         ij-ik-kj |          1.359 |      1.177 |      0.936 
       ij-ikl-ljk |          1.480 |      0.387 |      0.893 
       ij-kil-lkj |          0.727 |      0.424 |      0.428 
       ijk-ikl-lj |          1.580 |      1.295 |      1.092 
       ijk-il-jlk |          1.513 |      0.508 |      0.473 
       ijk-ilk-jl |          1.476 |      1.217 |      1.025 
       ijk-ilk-lj |          1.496 |      1.234 |      1.018 
     ijk-ilmk-mjl |          1.656 |      1.404 |      1.138 
   ijkl-imjn-lnkm |          1.446 |      1.200 |      0.960 
   ijkl-imjn-nlmk |          1.349 |      1.126 |      0.915 
   ijkl-imkn-jnlm |          1.351 |      1.137 |      0.916 
   ijkl-imkn-njml |          1.327 |      1.122 |      0.907 
   ijkl-imln-jnkm |          1.367 |      1.159 |      0.923 
   ijkl-imln-njmk |          1.315 |      1.119 |      0.902 
   ijkl-imnj-nlkm |          1.359 |      1.142 |      0.919 
   ijkl-imnk-njml |          1.306 |      1.110 |      0.892 
   ijkl-minj-nlmk |          1.402 |      1.159 |      0.934 
   ijkl-mink-jnlm |          1.392 |      1.174 |      0.937 
   ijkl-minl-njmk |          1.371 |      1.158 |      0.928 
     aqrs-pa-pqrs |          1.559 |      1.418 |      1.055 
     abrs-qb-aqrs |          1.692 |      1.716 |      1.388 
     abcs-rc-abrs |          1.821 |      1.615 |      1.354 
       abj-bka-kj |          1.763 |      1.358 |      1.252 
       ajb-kba-jk |          1.572 |      1.325 |      1.069 
     abjc-cbka-kj |          2.820 |      2.236 |      2.299 
     ajbc-ckba-jk |          2.213 |      1.954 |      1.897 
     abjc-kbac-jk |          1.537 |      1.499 |      1.168 
   abjcd-dkbac-jk |          2.323 |      1.926 |      1.940 
   adbjc-cbdka-kj |          2.609 |      2.119 |      2.237 
   ajbdc-ckbad-jk |          2.361 |      1.849 |      1.866 
 abcijk-ijma-mkbc |          1.783 |      1.812 |      1.595 
 abcijk-ijmb-mkac |          1.933 |      1.846 |      1.672 
 abcijk-ijmc-mkab |          1.982 |      1.942 |      1.832 
 abcijk-ikma-mjbc |          1.861 |      1.808 |      1.599 
 abcijk-ikmb-mjac |          1.904 |      1.826 |      1.658 
 abcijk-ikmc-mjab |          2.096 |      2.027 |      1.920 
 abcijk-jkma-mibc |          1.858 |      1.852 |      1.616 
 abcijk-jkmb-miac |          2.005 |      1.991 |      1.717 
 abcijk-jkmc-miab |          2.044 |      1.983 |      1.868 
 abcijk-eiab-jkec |          2.093 |      2.035 |      1.925 
 abcijk-eiac-jkeb |          1.989 |      1.949 |      1.693 
 abcijk-eibc-jkea |          1.873 |      1.857 |      1.626 
 abcijk-ejab-ikec |          2.061 |      2.013 |      1.898 
 abcijk-ejac-ikeb |          1.973 |      1.881 |      1.703 
 abcijk-ejbc-ikea |          1.861 |      1.795 |      1.585 
 abcijk-ekab-ijec |          2.079 |      2.018 |      1.927 
 abcijk-ekac-ijeb |          1.914 |      1.832 |      1.642 
 abcijk-ekbc-ijea |          1.891 |      1.845 |      1.605 
       abc-bk-akc |          1.503 |      1.266 |      1.060 
             MEAN |          1.740 |      1.527 |      1.363 

wrote bench-results/worker6016-zen2/phase4f/th-t16-f64c64.csv
