host        : worker6016
target      : x86_64 / linux
cpu features: avx2 fma avx512f avx512dq 
caches      : L1=48KiB/12-way/1sh L2=1280KiB/20-way/1sh L3=49152KiB/12-way/32sh (via sysfs), blocking=legacy
baselines   : tblis=false blas=false

sweeping 49 cases at 64 MiB nominal tensor size, 3 reps, stress=none


=== f64 ===
             case |      m |      n |     k | regA | regB | planar GF/s | 1m GF/s | 3m GF/s 
------------------+--------+--------+-------+------+------+-------------+---------+---------
         ij-ik-kj |   2904 |   2896 |  2904 | 1.00 | 1.00 |       998.8 |   998.8 |   998.8 
       ij-ikl-ljk |    216 |    204 | 44064 | 1.00 | 1.00 |       357.8 |   357.8 |   357.8 
       ij-kil-lkj |    216 |    204 | 46656 | 1.00 | 1.00 |       287.6 |   287.6 |   287.6 
       ijk-ikl-lj |  44064 |    204 |   216 | 1.00 | 1.00 |       254.5 |   254.5 |   254.5 
       ijk-il-jlk |    216 |  44064 |   204 | 1.00 | 1.00 |       822.1 |   822.1 |   822.1 
       ijk-ilk-jl |  44064 |    216 |   204 | 1.00 | 1.00 |       390.9 |   390.9 |   390.9 
       ijk-ilk-lj |  44064 |    204 |   216 | 1.00 | 1.00 |       366.3 |   366.3 |   366.3 
     ijk-ilmk-mjl |   3744 |     52 |  3744 | 1.00 | 1.00 |        97.5 |    97.5 |    97.5 
   ijkl-imjn-lnkm |   3744 |   3744 |  2704 | 1.00 | 0.92 |       981.5 |   981.5 |   981.5 
   ijkl-imjn-nlmk |   3744 |   2704 |  3744 | 1.00 | 0.92 |      1067.0 |  1067.0 |  1067.0 
   ijkl-imkn-jnlm |   3744 |   3744 |  2704 | 1.00 | 1.00 |      1023.6 |  1023.6 |  1023.6 
   ijkl-imkn-njml |   3744 |   2704 |  3744 | 1.00 | 0.92 |      1041.2 |  1041.2 |  1041.2 
   ijkl-imln-jnkm |   3744 |   3744 |  2704 | 1.00 | 1.00 |      1018.4 |  1018.4 |  1018.4 
   ijkl-imln-njmk |   3744 |   2704 |  3744 | 1.00 | 0.92 |      1057.8 |  1057.8 |  1057.8 
   ijkl-imnj-nlkm |   3744 |   2704 |  3744 | 1.00 | 0.92 |      1060.0 |  1060.0 |  1060.0 
   ijkl-imnk-njml |   3744 |   2704 |  3744 | 1.00 | 0.92 |      1062.3 |  1062.3 |  1062.3 
   ijkl-minj-nlmk |   3744 |   2704 |  5184 | 1.00 | 0.92 |      1003.6 |  1003.6 |  1003.6 
   ijkl-mink-jnlm |   3744 |   3744 |  3744 | 1.00 | 1.00 |       967.9 |   967.9 |   967.9 
   ijkl-minl-njmk |   3744 |   2704 |  5184 | 1.00 | 0.92 |       994.6 |   994.6 |   994.6 
     aqrs-pa-pqrs |     72 | 140608 |    72 | 1.00 | 1.00 |       462.7 |   462.7 |   462.7 
     abrs-qb-aqrs |     52 | 194688 |    72 | 1.00 | 1.00 |        96.1 |    96.1 |    96.1 
     abcs-rc-abrs |     52 | 194688 |    72 | 1.00 | 1.00 |        73.3 |    73.3 |    73.3 
       abj-bka-kj |  46656 |    204 |   216 | 1.00 | 1.00 |       105.5 |   105.5 |   105.5 
       ajb-kba-jk |  44064 |    216 |   216 | 1.00 | 1.00 |       384.1 |   384.1 |   384.1 
     abjc-cbka-kj | 269568 |     52 |    72 | 1.00 | 1.00 |        35.8 |    35.8 |    35.8 
     ajbc-ckba-jk | 269568 |     72 |    52 | 1.00 | 1.00 |        42.2 |    42.2 |    42.2 
     abjc-kbac-jk | 194688 |     72 |    72 | 1.00 | 1.00 |       152.8 |   152.8 |   152.8 
   abjcd-dkbac-jk | 331776 |     24 |    24 | 1.00 | 1.00 |        12.7 |    12.7 |    12.7 
   adbjc-cbdka-kj | 331776 |     24 |    24 | 1.00 | 1.00 |        14.1 |    14.1 |    14.1 
   ajbdc-ckbad-jk | 331776 |     24 |    24 | 1.00 | 1.00 |        12.2 |    12.2 |    12.2 
 abcijk-ijma-mkbc |   9216 |   4096 |    24 | 1.00 | 1.00 |       341.3 |   341.3 |   341.3 
 abcijk-ijmb-mkac |   6144 |   6144 |    24 | 1.00 | 1.00 |       355.0 |   355.0 |   355.0 
 abcijk-ijmc-mkab |   6144 |   6144 |    24 | 1.00 | 1.00 |       375.3 |   375.3 |   375.3 
 abcijk-ikma-mjbc |   9216 |   4096 |    24 | 1.00 | 1.00 |       323.5 |   323.5 |   323.5 
 abcijk-ikmb-mjac |   6144 |   6144 |    24 | 1.00 | 1.00 |       347.6 |   347.6 |   347.6 
 abcijk-ikmc-mjab |   6144 |   6144 |    24 | 1.00 | 1.00 |       347.5 |   347.5 |   347.5 
 abcijk-jkma-mibc |   9216 |   4096 |    24 | 1.00 | 1.00 |       346.9 |   346.9 |   346.9 
 abcijk-jkmb-miac |   6144 |   6144 |    24 | 1.00 | 1.00 |       310.4 |   310.4 |   310.4 
 abcijk-jkmc-miab |   6144 |   6144 |    24 | 1.00 | 1.00 |       363.0 |   363.0 |   363.0 
 abcijk-eiab-jkec |   6144 |   6144 |    24 | 1.00 | 1.00 |       356.7 |   356.7 |   356.7 
 abcijk-eiac-jkeb |   6144 |   6144 |    24 | 1.00 | 1.00 |       316.4 |   316.4 |   316.4 
 abcijk-eibc-jkea |   4096 |   9216 |    24 | 1.00 | 1.00 |       350.0 |   350.0 |   350.0 
 abcijk-ejab-ikec |   6144 |   6144 |    24 | 1.00 | 1.00 |       367.6 |   367.6 |   367.6 
 abcijk-ejac-ikeb |   6144 |   6144 |    24 | 1.00 | 1.00 |       362.7 |   362.7 |   362.7 
 abcijk-ejbc-ikea |   4096 |   9216 |    24 | 1.00 | 1.00 |       327.3 |   327.3 |   327.3 
 abcijk-ekab-ijec |   6144 |   6144 |    24 | 1.00 | 1.00 |       318.2 |   318.2 |   318.2 
 abcijk-ekac-ijeb |   6144 |   6144 |    24 | 1.00 | 1.00 |       361.8 |   361.8 |   361.8 
 abcijk-ekbc-ijea |   4096 |   9216 |    24 | 1.00 | 1.00 |       343.3 |   343.3 |   343.3 
       abc-bk-akc |    216 |  44064 |   204 | 1.00 | 1.00 |       382.4 |   382.4 |   382.4 

=== c64 ===
             case |      m |      n |     k | regA | regB | planar GF/s | 1m GF/s | 3m GF/s 
------------------+--------+--------+-------+------+------+-------------+---------+---------
         ij-ik-kj |   2904 |   2896 |  2904 | 1.00 | 1.00 |      1061.0 |   908.3 |   742.8 
       ij-ikl-ljk |    216 |    204 | 44064 | 1.00 | 1.00 |       493.7 |   421.5 |   402.0 
       ij-kil-lkj |    216 |    204 | 46656 | 1.00 | 1.00 |       490.2 |   426.5 |   363.1 
       ijk-ikl-lj |  44064 |    204 |   216 | 1.00 | 1.00 |       427.0 |   366.7 |   457.7 
       ijk-il-jlk |    216 |  44064 |   204 | 1.00 | 1.00 |      1283.6 |  1110.3 |   654.3 
       ijk-ilk-jl |  44064 |    216 |   204 | 0.96 | 1.00 |       510.1 |   413.0 |   459.1 
       ijk-ilk-lj |  44064 |    204 |   216 | 0.96 | 1.00 |       493.7 |   402.8 |   439.5 
     ijk-ilmk-mjl |   3744 |     52 |  3744 | 0.89 | 1.00 |       191.0 |   146.9 |   118.5 
   ijkl-imjn-lnkm |   3744 |   3744 |  2704 | 0.89 | 0.92 |      1246.9 |  1024.2 |   673.3 
   ijkl-imjn-nlmk |   3744 |   2704 |  3744 | 0.89 | 0.92 |      1194.5 |   984.0 |   658.7 
   ijkl-imkn-jnlm |   3744 |   3744 |  2704 | 0.89 | 1.00 |      1248.0 |  1028.9 |   673.9 
   ijkl-imkn-njml |   3744 |   2704 |  3744 | 0.89 | 0.92 |      1189.1 |   988.6 |   654.4 
   ijkl-imln-jnkm |   3744 |   3744 |  2704 | 0.89 | 1.00 |      1250.4 |  1027.3 |   672.1 
   ijkl-imln-njmk |   3744 |   2704 |  3744 | 0.89 | 0.92 |      1184.9 |   982.9 |   653.7 
   ijkl-imnj-nlkm |   3744 |   2704 |  3744 | 0.89 | 0.92 |      1195.7 |   991.6 |   653.8 
   ijkl-imnk-njml |   3744 |   2704 |  3744 | 0.89 | 0.92 |      1194.3 |   993.7 |   650.1 
   ijkl-minj-nlmk |   3744 |   2704 |  5184 | 0.89 | 0.92 |      1016.0 |   849.9 |   634.5 
   ijkl-mink-jnlm |   3744 |   3744 |  3744 | 0.89 | 1.00 |      1077.6 |   886.2 |   652.5 
   ijkl-minl-njmk |   3744 |   2704 |  5184 | 0.89 | 0.92 |      1008.5 |   837.6 |   635.4 
     aqrs-pa-pqrs |     72 | 140608 |    72 | 1.00 | 1.00 |       851.0 |   833.3 |   582.5 
     abrs-qb-aqrs |     52 | 194688 |    72 | 0.89 | 1.00 |       181.1 |   153.1 |   122.9 
     abcs-rc-abrs |     52 | 194688 |    72 | 1.00 | 1.00 |       135.8 |   184.7 |   137.9 
       abj-bka-kj |  46656 |    204 |   216 | 0.96 | 1.00 |       281.9 |   307.6 |   326.8 
       ajb-kba-jk |  44064 |    216 |   216 | 0.96 | 1.00 |       607.4 |   580.6 |   519.1 
     abjc-cbka-kj | 269568 |     52 |    72 | 0.89 | 1.00 |        82.1 |    69.0 |    67.2 
     ajbc-ckba-jk | 269568 |     72 |    52 | 0.89 | 1.00 |        89.9 |    95.2 |   100.6 
     abjc-kbac-jk | 194688 |     72 |    72 | 0.89 | 1.00 |       276.6 |   205.5 |   163.3 
   abjcd-dkbac-jk | 331776 |     24 |    24 | 0.67 | 1.00 |        19.3 |    13.3 |    15.0 
   adbjc-cbdka-kj | 331776 |     24 |    24 | 0.67 | 1.00 |        26.3 |    21.8 |    22.6 
   ajbdc-ckbad-jk | 331776 |     24 |    24 | 1.00 | 1.00 |        23.3 |    12.9 |    14.8 
 abcijk-ijma-mkbc |   9216 |   4096 |    24 | 1.00 | 0.99 |       616.6 |   566.1 |   466.0 
 abcijk-ijmb-mkac |   6144 |   6144 |    24 | 1.00 | 0.88 |       665.3 |   623.3 |   467.4 
 abcijk-ijmc-mkab |   6144 |   6144 |    24 | 1.00 | 0.75 |       662.7 |   645.5 |   535.1 
 abcijk-ikma-mjbc |   9216 |   4096 |    24 | 1.00 | 0.99 |       645.4 |   583.1 |   474.7 
 abcijk-ikmb-mjac |   6144 |   6144 |    24 | 1.00 | 0.88 |       660.6 |   632.4 |   503.7 
 abcijk-ikmc-mjab |   6144 |   6144 |    24 | 1.00 | 0.75 |       686.6 |   625.4 |   543.6 
 abcijk-jkma-mibc |   9216 |   4096 |    24 | 1.00 | 0.99 |       634.0 |   593.2 |   487.3 
 abcijk-jkmb-miac |   6144 |   6144 |    24 | 1.00 | 0.88 |       668.5 |   652.4 |   511.8 
 abcijk-jkmc-miab |   6144 |   6144 |    24 | 1.00 | 0.75 |       688.2 |   652.1 |   536.5 
 abcijk-eiab-jkec |   6144 |   6144 |    24 | 1.00 | 0.75 |       681.5 |   640.0 |   521.8 
 abcijk-eiac-jkeb |   6144 |   6144 |    24 | 1.00 | 0.88 |       655.1 |   643.1 |   511.0 
 abcijk-eibc-jkea |   4096 |   9216 |    24 | 1.00 | 0.99 |       660.1 |   580.2 |   484.2 
 abcijk-ejab-ikec |   6144 |   6144 |    24 | 1.00 | 0.75 |       659.0 |   650.1 |   539.5 
 abcijk-ejac-ikeb |   6144 |   6144 |    24 | 1.00 | 0.88 |       668.6 |   636.1 |   512.9 
 abcijk-ejbc-ikea |   4096 |   9216 |    24 | 1.00 | 0.99 |       610.0 |   577.1 |   465.9 
 abcijk-ekab-ijec |   6144 |   6144 |    24 | 1.00 | 0.75 |       692.5 |   651.4 |   539.6 
 abcijk-ekac-ijeb |   6144 |   6144 |    24 | 1.00 | 0.88 |       626.9 |   643.5 |   513.0 
 abcijk-ekbc-ijea |   4096 |   9216 |    24 | 1.00 | 0.99 |       646.6 |   579.2 |   479.6 
       abc-bk-akc |    216 |  44064 |   204 | 0.96 | 1.00 |       524.2 |   411.1 |   456.9 

=== complex efficiency ratio (c64 GF/s over f64 GF/s; 1.0 = no penalty) ===
             case | planar c64/f64 | 1m c64/f64 | 3m c64/f64 
------------------+----------------+------------+------------
         ij-ik-kj |          1.062 |      0.909 |      0.744 
       ij-ikl-ljk |          1.380 |      1.178 |      1.124 
       ij-kil-lkj |          1.704 |      1.483 |      1.262 
       ijk-ikl-lj |          1.678 |      1.441 |      1.799 
       ijk-il-jlk |          1.561 |      1.351 |      0.796 
       ijk-ilk-jl |          1.305 |      1.056 |      1.174 
       ijk-ilk-lj |          1.348 |      1.100 |      1.200 
     ijk-ilmk-mjl |          1.960 |      1.507 |      1.216 
   ijkl-imjn-lnkm |          1.270 |      1.044 |      0.686 
   ijkl-imjn-nlmk |          1.119 |      0.922 |      0.617 
   ijkl-imkn-jnlm |          1.219 |      1.005 |      0.658 
   ijkl-imkn-njml |          1.142 |      0.950 |      0.628 
   ijkl-imln-jnkm |          1.228 |      1.009 |      0.660 
   ijkl-imln-njmk |          1.120 |      0.929 |      0.618 
   ijkl-imnj-nlkm |          1.128 |      0.935 |      0.617 
   ijkl-imnk-njml |          1.124 |      0.935 |      0.612 
   ijkl-minj-nlmk |          1.012 |      0.847 |      0.632 
   ijkl-mink-jnlm |          1.113 |      0.916 |      0.674 
   ijkl-minl-njmk |          1.014 |      0.842 |      0.639 
     aqrs-pa-pqrs |          1.839 |      1.801 |      1.259 
     abrs-qb-aqrs |          1.884 |      1.593 |      1.278 
     abcs-rc-abrs |          1.852 |      2.519 |      1.880 
       abj-bka-kj |          2.672 |      2.916 |      3.098 
       ajb-kba-jk |          1.581 |      1.512 |      1.351 
     abjc-cbka-kj |          2.289 |      1.924 |      1.875 
     ajbc-ckba-jk |          2.133 |      2.258 |      2.386 
     abjc-kbac-jk |          1.810 |      1.345 |      1.069 
   abjcd-dkbac-jk |          1.519 |      1.052 |      1.187 
   adbjc-cbdka-kj |          1.865 |      1.549 |      1.604 
   ajbdc-ckbad-jk |          1.902 |      1.055 |      1.209 
 abcijk-ijma-mkbc |          1.807 |      1.659 |      1.365 
 abcijk-ijmb-mkac |          1.874 |      1.756 |      1.317 
 abcijk-ijmc-mkab |          1.766 |      1.720 |      1.426 
 abcijk-ikma-mjbc |          1.995 |      1.802 |      1.467 
 abcijk-ikmb-mjac |          1.901 |      1.819 |      1.449 
 abcijk-ikmc-mjab |          1.976 |      1.800 |      1.564 
 abcijk-jkma-mibc |          1.828 |      1.710 |      1.405 
 abcijk-jkmb-miac |          2.154 |      2.102 |      1.649 
 abcijk-jkmc-miab |          1.896 |      1.797 |      1.478 
 abcijk-eiab-jkec |          1.911 |      1.794 |      1.463 
 abcijk-eiac-jkeb |          2.071 |      2.033 |      1.615 
 abcijk-eibc-jkea |          1.886 |      1.658 |      1.384 
 abcijk-ejab-ikec |          1.793 |      1.769 |      1.468 
 abcijk-ejac-ikeb |          1.843 |      1.754 |      1.414 
 abcijk-ejbc-ikea |          1.864 |      1.763 |      1.423 
 abcijk-ekab-ijec |          2.176 |      2.047 |      1.696 
 abcijk-ekac-ijeb |          1.733 |      1.779 |      1.418 
 abcijk-ekbc-ijea |          1.884 |      1.687 |      1.397 
       abc-bk-akc |          1.371 |      1.075 |      1.195 
             MEAN |          1.665 |      1.498 |      1.268 

wrote bench-results/worker6016-zen2/phase4f/th-t32-pn-f64c64.csv
