host        : worker6016
target      : x86_64 / linux
cpu features: avx2 fma avx512f avx512dq 
caches      : L1=48KiB/12-way/1sh L2=1280KiB/20-way/1sh L3=49152KiB/12-way/32sh (via sysfs), blocking=legacy
baselines   : tblis=false blas=false

sweeping 49 cases at 64 MiB nominal tensor size, 3 reps, stress=none


=== f64 ===
             case |      m |      n |     k | regA | regB | planar GF/s | 1m GF/s | 3m GF/s 
------------------+--------+--------+-------+------+------+-------------+---------+---------
         ij-ik-kj |   2904 |   2896 |  2904 | 1.00 | 1.00 |       997.0 |   997.0 |   997.0 
       ij-ikl-ljk |    216 |    204 | 44064 | 1.00 | 1.00 |       262.3 |   262.3 |   262.3 
       ij-kil-lkj |    216 |    204 | 46656 | 1.00 | 1.00 |       269.9 |   269.9 |   269.9 
       ijk-ikl-lj |  44064 |    204 |   216 | 1.00 | 1.00 |       692.5 |   692.5 |   692.5 
       ijk-il-jlk |    216 |  44064 |   204 | 1.00 | 1.00 |       327.1 |   327.1 |   327.1 
       ijk-ilk-jl |  44064 |    216 |   204 | 1.00 | 1.00 |       980.3 |   980.3 |   980.3 
       ijk-ilk-lj |  44064 |    204 |   216 | 1.00 | 1.00 |       875.3 |   875.3 |   875.3 
     ijk-ilmk-mjl |   3744 |     52 |  3744 | 1.00 | 1.00 |       444.4 |   444.4 |   444.4 
   ijkl-imjn-lnkm |   3744 |   3744 |  2704 | 1.00 | 0.92 |      1006.4 |  1006.4 |  1006.4 
   ijkl-imjn-nlmk |   3744 |   2704 |  3744 | 1.00 | 0.92 |      1071.9 |  1071.9 |  1071.9 
   ijkl-imkn-jnlm |   3744 |   3744 |  2704 | 1.00 | 1.00 |      1009.1 |  1009.1 |  1009.1 
   ijkl-imkn-njml |   3744 |   2704 |  3744 | 1.00 | 0.92 |      1088.0 |  1088.0 |  1088.0 
   ijkl-imln-jnkm |   3744 |   3744 |  2704 | 1.00 | 1.00 |      1046.2 |  1046.2 |  1046.2 
   ijkl-imln-njmk |   3744 |   2704 |  3744 | 1.00 | 0.92 |      1072.9 |  1072.9 |  1072.9 
   ijkl-imnj-nlkm |   3744 |   2704 |  3744 | 1.00 | 0.92 |      1047.3 |  1047.3 |  1047.3 
   ijkl-imnk-njml |   3744 |   2704 |  3744 | 1.00 | 0.92 |      1030.0 |  1030.0 |  1030.0 
   ijkl-minj-nlmk |   3744 |   2704 |  5184 | 1.00 | 0.92 |      1032.0 |  1032.0 |  1032.0 
   ijkl-mink-jnlm |   3744 |   3744 |  3744 | 1.00 | 1.00 |       994.9 |   994.9 |   994.9 
   ijkl-minl-njmk |   3744 |   2704 |  5184 | 1.00 | 0.92 |      1016.4 |  1016.4 |  1016.4 
     aqrs-pa-pqrs |     72 | 140608 |    72 | 1.00 | 1.00 |        76.0 |    76.0 |    76.0 
     abrs-qb-aqrs |     52 | 194688 |    72 | 1.00 | 1.00 |       358.2 |   358.2 |   358.2 
     abcs-rc-abrs |     52 | 194688 |    72 | 1.00 | 1.00 |       380.3 |   380.3 |   380.3 
       abj-bka-kj |  46656 |    204 |   216 | 1.00 | 1.00 |       612.7 |   612.7 |   612.7 
       ajb-kba-jk |  44064 |    216 |   216 | 1.00 | 1.00 |       973.8 |   973.8 |   973.8 
     abjc-cbka-kj | 269568 |     52 |    72 | 1.00 | 1.00 |       181.3 |   181.3 |   181.3 
     ajbc-ckba-jk | 269568 |     72 |    52 | 1.00 | 1.00 |       192.2 |   192.2 |   192.2 
     abjc-kbac-jk | 194688 |     72 |    72 | 1.00 | 1.00 |       474.6 |   474.6 |   474.6 
   abjcd-dkbac-jk | 331776 |     24 |    24 | 1.00 | 1.00 |        63.5 |    63.5 |    63.5 
   adbjc-cbdka-kj | 331776 |     24 |    24 | 1.00 | 1.00 |        77.0 |    77.0 |    77.0 
   ajbdc-ckbad-jk | 331776 |     24 |    24 | 1.00 | 1.00 |        75.6 |    75.6 |    75.6 
 abcijk-ijma-mkbc |   9216 |   4096 |    24 | 1.00 | 1.00 |       374.1 |   374.1 |   374.1 
 abcijk-ijmb-mkac |   6144 |   6144 |    24 | 1.00 | 1.00 |       361.8 |   361.8 |   361.8 
 abcijk-ijmc-mkab |   6144 |   6144 |    24 | 1.00 | 1.00 |       334.3 |   334.3 |   334.3 
 abcijk-ikma-mjbc |   9216 |   4096 |    24 | 1.00 | 1.00 |       349.0 |   349.0 |   349.0 
 abcijk-ikmb-mjac |   6144 |   6144 |    24 | 1.00 | 1.00 |       350.7 |   350.7 |   350.7 
 abcijk-ikmc-mjab |   6144 |   6144 |    24 | 1.00 | 1.00 |       323.8 |   323.8 |   323.8 
 abcijk-jkma-mibc |   9216 |   4096 |    24 | 1.00 | 1.00 |       370.2 |   370.2 |   370.2 
 abcijk-jkmb-miac |   6144 |   6144 |    24 | 1.00 | 1.00 |       311.7 |   311.7 |   311.7 
 abcijk-jkmc-miab |   6144 |   6144 |    24 | 1.00 | 1.00 |       306.2 |   306.2 |   306.2 
 abcijk-eiab-jkec |   6144 |   6144 |    24 | 1.00 | 1.00 |       328.0 |   328.0 |   328.0 
 abcijk-eiac-jkeb |   6144 |   6144 |    24 | 1.00 | 1.00 |       322.0 |   322.0 |   322.0 
 abcijk-eibc-jkea |   4096 |   9216 |    24 | 1.00 | 1.00 |       327.4 |   327.4 |   327.4 
 abcijk-ejab-ikec |   6144 |   6144 |    24 | 1.00 | 1.00 |       352.2 |   352.2 |   352.2 
 abcijk-ejac-ikeb |   6144 |   6144 |    24 | 1.00 | 1.00 |       327.1 |   327.1 |   327.1 
 abcijk-ejbc-ikea |   4096 |   9216 |    24 | 1.00 | 1.00 |       342.4 |   342.4 |   342.4 
 abcijk-ekab-ijec |   6144 |   6144 |    24 | 1.00 | 1.00 |       331.6 |   331.6 |   331.6 
 abcijk-ekac-ijeb |   6144 |   6144 |    24 | 1.00 | 1.00 |       357.8 |   357.8 |   357.8 
 abcijk-ekbc-ijea |   4096 |   9216 |    24 | 1.00 | 1.00 |       357.7 |   357.7 |   357.7 
       abc-bk-akc |    216 |  44064 |   204 | 1.00 | 1.00 |       894.9 |   894.9 |   894.9 

=== c64 ===
             case |      m |      n |     k | regA | regB | planar GF/s | 1m GF/s | 3m GF/s 
------------------+--------+--------+-------+------+------+-------------+---------+---------
         ij-ik-kj |   2904 |   2896 |  2904 | 1.00 | 1.00 |      1371.6 |  1203.7 |   962.8 
       ij-ikl-ljk |    216 |    204 | 44064 | 1.00 | 1.00 |       567.0 |   511.6 |   162.9 
       ij-kil-lkj |    216 |    204 | 46656 | 1.00 | 1.00 |       573.5 |   540.9 |   168.5 
       ijk-ikl-lj |  44064 |    204 |   216 | 1.00 | 1.00 |      1618.3 |  1359.4 |  1167.7 
       ijk-il-jlk |    216 |  44064 |   204 | 1.00 | 1.00 |       677.7 |   634.4 |   283.8 
       ijk-ilk-jl |  44064 |    216 |   204 | 0.96 | 1.00 |      1433.9 |  1367.9 |  1166.2 
       ijk-ilk-lj |  44064 |    204 |   216 | 0.96 | 1.00 |      1368.9 |  1220.4 |  1163.8 
     ijk-ilmk-mjl |   3744 |     52 |  3744 | 0.89 | 1.00 |       836.8 |   772.1 |   698.7 
   ijkl-imjn-lnkm |   3744 |   3744 |  2704 | 0.89 | 0.92 |      1486.9 |  1325.9 |  1073.5 
   ijkl-imjn-nlmk |   3744 |   2704 |  3744 | 0.89 | 0.92 |      1452.2 |  1284.1 |  1033.9 
   ijkl-imkn-jnlm |   3744 |   3744 |  2704 | 0.89 | 1.00 |      1476.2 |  1303.6 |  1057.6 
   ijkl-imkn-njml |   3744 |   2704 |  3744 | 0.89 | 0.92 |      1426.7 |  1277.1 |  1057.0 
   ijkl-imln-jnkm |   3744 |   3744 |  2704 | 0.89 | 1.00 |      1460.7 |  1316.3 |  1067.7 
   ijkl-imln-njmk |   3744 |   2704 |  3744 | 0.89 | 0.92 |      1449.2 |  1277.5 |  1051.9 
   ijkl-imnj-nlkm |   3744 |   2704 |  3744 | 0.89 | 0.92 |      1457.7 |  1256.5 |  1039.7 
   ijkl-imnk-njml |   3744 |   2704 |  3744 | 0.89 | 0.92 |      1456.2 |  1255.1 |  1052.6 
   ijkl-minj-nlmk |   3744 |   2704 |  5184 | 0.89 | 0.92 |      1438.6 |  1280.9 |  1054.4 
   ijkl-mink-jnlm |   3744 |   3744 |  3744 | 0.89 | 1.00 |      1460.0 |  1296.9 |  1069.1 
   ijkl-minl-njmk |   3744 |   2704 |  5184 | 0.89 | 0.92 |      1413.9 |  1269.0 |  1044.2 
     aqrs-pa-pqrs |     72 | 140608 |    72 | 1.00 | 1.00 |       215.7 |   223.3 |   202.9 
     abrs-qb-aqrs |     52 | 194688 |    72 | 0.89 | 1.00 |       675.0 |   776.4 |   753.8 
     abcs-rc-abrs |     52 | 194688 |    72 | 1.00 | 1.00 |       895.9 |   909.0 |   801.9 
       abj-bka-kj |  46656 |    204 |   216 | 0.96 | 1.00 |      1256.0 |  1019.8 |   945.9 
       ajb-kba-jk |  44064 |    216 |   216 | 0.96 | 1.00 |      1357.3 |  1549.0 |  1298.0 
     abjc-cbka-kj | 269568 |     52 |    72 | 0.89 | 1.00 |       468.1 |   426.6 |   324.2 
     ajbc-ckba-jk | 269568 |     72 |    52 | 0.89 | 1.00 |       566.6 |   517.3 |   511.7 
     abjc-kbac-jk | 194688 |     72 |    72 | 0.89 | 1.00 |       973.3 |  1052.4 |   936.3 
   abjcd-dkbac-jk | 331776 |     24 |    24 | 0.67 | 1.00 |       198.1 |   158.6 |   176.6 
   adbjc-cbdka-kj | 331776 |     24 |    24 | 0.67 | 1.00 |       216.6 |   178.2 |   184.2 
   ajbdc-ckbad-jk | 331776 |     24 |    24 | 1.00 | 1.00 |       239.6 |   190.6 |   194.7 
 abcijk-ijma-mkbc |   9216 |   4096 |    24 | 1.00 | 0.99 |       641.3 |   623.6 |   594.2 
 abcijk-ijmb-mkac |   6144 |   6144 |    24 | 1.00 | 0.88 |       685.8 |   671.1 |   620.7 
 abcijk-ijmc-mkab |   6144 |   6144 |    24 | 1.00 | 0.75 |       618.7 |   599.0 |   560.8 
 abcijk-ikma-mjbc |   9216 |   4096 |    24 | 1.00 | 0.99 |       732.3 |   703.6 |   613.3 
 abcijk-ikmb-mjac |   6144 |   6144 |    24 | 1.00 | 0.88 |       702.9 |   655.4 |   624.9 
 abcijk-ikmc-mjab |   6144 |   6144 |    24 | 1.00 | 0.75 |       594.4 |   579.6 |   611.1 
 abcijk-jkma-mibc |   9216 |   4096 |    24 | 1.00 | 0.99 |       717.5 |   655.4 |   641.1 
 abcijk-jkmb-miac |   6144 |   6144 |    24 | 1.00 | 0.88 |       677.8 |   615.1 |   573.3 
 abcijk-jkmc-miab |   6144 |   6144 |    24 | 1.00 | 0.75 |       569.8 |   564.3 |   573.4 
 abcijk-eiab-jkec |   6144 |   6144 |    24 | 1.00 | 0.75 |       599.2 |   549.6 |   554.9 
 abcijk-eiac-jkeb |   6144 |   6144 |    24 | 1.00 | 0.88 |       675.6 |   622.7 |   583.3 
 abcijk-eibc-jkea |   4096 |   9216 |    24 | 1.00 | 0.99 |       716.6 |   708.2 |   651.0 
 abcijk-ejab-ikec |   6144 |   6144 |    24 | 1.00 | 0.75 |       597.6 |   604.6 |   584.1 
 abcijk-ejac-ikeb |   6144 |   6144 |    24 | 1.00 | 0.88 |       680.3 |   637.3 |   600.6 
 abcijk-ejbc-ikea |   4096 |   9216 |    24 | 1.00 | 0.99 |       726.3 |   706.5 |   650.0 
 abcijk-ekab-ijec |   6144 |   6144 |    24 | 1.00 | 0.75 |       601.1 |   587.5 |   608.3 
 abcijk-ekac-ijeb |   6144 |   6144 |    24 | 1.00 | 0.88 |       706.1 |   646.4 |   602.3 
 abcijk-ekbc-ijea |   4096 |   9216 |    24 | 1.00 | 0.99 |       724.2 |   694.5 |   607.4 
       abc-bk-akc |    216 |  44064 |   204 | 0.96 | 1.00 |      1442.2 |  1376.3 |  1248.2 

=== complex efficiency ratio (c64 GF/s over f64 GF/s; 1.0 = no penalty) ===
             case | planar c64/f64 | 1m c64/f64 | 3m c64/f64 
------------------+----------------+------------+------------
         ij-ik-kj |          1.376 |      1.207 |      0.966 
       ij-ikl-ljk |          2.162 |      1.950 |      0.621 
       ij-kil-lkj |          2.125 |      2.004 |      0.624 
       ijk-ikl-lj |          2.337 |      1.963 |      1.686 
       ijk-il-jlk |          2.071 |      1.939 |      0.867 
       ijk-ilk-jl |          1.463 |      1.395 |      1.190 
       ijk-ilk-lj |          1.564 |      1.394 |      1.330 
     ijk-ilmk-mjl |          1.883 |      1.738 |      1.572 
   ijkl-imjn-lnkm |          1.477 |      1.318 |      1.067 
   ijkl-imjn-nlmk |          1.355 |      1.198 |      0.965 
   ijkl-imkn-jnlm |          1.463 |      1.292 |      1.048 
   ijkl-imkn-njml |          1.311 |      1.174 |      0.972 
   ijkl-imln-jnkm |          1.396 |      1.258 |      1.021 
   ijkl-imln-njmk |          1.351 |      1.191 |      0.980 
   ijkl-imnj-nlkm |          1.392 |      1.200 |      0.993 
   ijkl-imnk-njml |          1.414 |      1.219 |      1.022 
   ijkl-minj-nlmk |          1.394 |      1.241 |      1.022 
   ijkl-mink-jnlm |          1.467 |      1.304 |      1.075 
   ijkl-minl-njmk |          1.391 |      1.249 |      1.027 
     aqrs-pa-pqrs |          2.837 |      2.938 |      2.669 
     abrs-qb-aqrs |          1.885 |      2.168 |      2.105 
     abcs-rc-abrs |          2.356 |      2.390 |      2.109 
       abj-bka-kj |          2.050 |      1.664 |      1.544 
       ajb-kba-jk |          1.394 |      1.591 |      1.333 
     abjc-cbka-kj |          2.582 |      2.353 |      1.788 
     ajbc-ckba-jk |          2.949 |      2.692 |      2.662 
     abjc-kbac-jk |          2.051 |      2.217 |      1.973 
   abjcd-dkbac-jk |          3.122 |      2.499 |      2.783 
   adbjc-cbdka-kj |          2.815 |      2.316 |      2.393 
   ajbdc-ckbad-jk |          3.168 |      2.521 |      2.575 
 abcijk-ijma-mkbc |          1.714 |      1.667 |      1.588 
 abcijk-ijmb-mkac |          1.895 |      1.855 |      1.715 
 abcijk-ijmc-mkab |          1.851 |      1.792 |      1.678 
 abcijk-ikma-mjbc |          2.098 |      2.016 |      1.757 
 abcijk-ikmb-mjac |          2.004 |      1.869 |      1.782 
 abcijk-ikmc-mjab |          1.836 |      1.790 |      1.887 
 abcijk-jkma-mibc |          1.938 |      1.770 |      1.732 
 abcijk-jkmb-miac |          2.175 |      1.974 |      1.839 
 abcijk-jkmc-miab |          1.861 |      1.843 |      1.873 
 abcijk-eiab-jkec |          1.827 |      1.676 |      1.692 
 abcijk-eiac-jkeb |          2.098 |      1.934 |      1.811 
 abcijk-eibc-jkea |          2.189 |      2.163 |      1.989 
 abcijk-ejab-ikec |          1.697 |      1.717 |      1.658 
 abcijk-ejac-ikeb |          2.080 |      1.948 |      1.836 
 abcijk-ejbc-ikea |          2.121 |      2.063 |      1.898 
 abcijk-ekab-ijec |          1.813 |      1.772 |      1.834 
 abcijk-ekac-ijeb |          1.974 |      1.807 |      1.684 
 abcijk-ekbc-ijea |          2.025 |      1.942 |      1.698 
       abc-bk-akc |          1.612 |      1.538 |      1.395 
             MEAN |          1.927 |      1.790 |      1.578 

wrote bench-results/worker6016-zen2/phase4f/th-t32-pm-f64c64.csv
