host        : worker5479
target      : x86_64 / linux
cpu features: avx2 fma 
caches      : L1=32KiB/8-way/1sh L2=512KiB/8-way/1sh L3=16384KiB/16-way/4sh (via sysfs), blocking=legacy
l3 domains  : t1=1 t4=1
baselines   : tblis=false blas=false

sweeping 49 cases at 64 MiB nominal tensor size, 3 reps, stress=none


=== f64 ===
             case |      m |      n |     k | regA | regB | planar GF/s | 1m GF/s | 3m GF/s 
------------------+--------+--------+-------+------+------+-------------+---------+---------
         ij-ik-kj |   2904 |   2896 |  2904 | 1.00 | 1.00 |        81.8 |    81.8 |    81.8 
       ij-ikl-ljk |    216 |    204 | 44064 | 1.00 | 1.00 |        59.3 |    59.3 |    59.3 
       ij-kil-lkj |    216 |    204 | 46656 | 1.00 | 1.00 |        58.6 |    58.6 |    58.6 
       ijk-ikl-lj |  44064 |    204 |   216 | 1.00 | 1.00 |        66.8 |    66.8 |    66.8 
       ijk-il-jlk |    216 |  44064 |   204 | 1.00 | 1.00 |        67.9 |    67.9 |    67.9 
       ijk-ilk-jl |  44064 |    216 |   204 | 1.00 | 1.00 |        79.3 |    79.3 |    79.3 
       ijk-ilk-lj |  44064 |    204 |   216 | 1.00 | 1.00 |        79.5 |    79.5 |    79.5 
     ijk-ilmk-mjl |   3744 |     52 |  3744 | 1.00 | 1.00 |        58.9 |    58.9 |    58.9 
   ijkl-imjn-lnkm |   3744 |   3744 |  2704 | 1.00 | 0.92 |        83.1 |    83.1 |    83.1 
   ijkl-imjn-nlmk |   3744 |   2704 |  3744 | 1.00 | 0.92 |        83.5 |    83.5 |    83.5 
   ijkl-imkn-jnlm |   3744 |   3744 |  2704 | 1.00 | 1.00 |        80.0 |    80.0 |    80.0 
   ijkl-imkn-njml |   3744 |   2704 |  3744 | 1.00 | 0.92 |        80.7 |    80.7 |    80.7 
   ijkl-imln-jnkm |   3744 |   3744 |  2704 | 1.00 | 1.00 |        79.8 |    79.8 |    79.8 
   ijkl-imln-njmk |   3744 |   2704 |  3744 | 1.00 | 0.92 |        80.2 |    80.2 |    80.2 
   ijkl-imnj-nlkm |   3744 |   2704 |  3744 | 1.00 | 0.92 |        83.7 |    83.7 |    83.7 
   ijkl-imnk-njml |   3744 |   2704 |  3744 | 1.00 | 0.92 |        80.8 |    80.8 |    80.8 
   ijkl-minj-nlmk |   3744 |   2704 |  5184 | 1.00 | 0.92 |        82.0 |    82.0 |    82.0 
   ijkl-mink-jnlm |   3744 |   3744 |  3744 | 1.00 | 1.00 |        78.8 |    78.8 |    78.8 
   ijkl-minl-njmk |   3744 |   2704 |  5184 | 1.00 | 0.92 |        79.3 |    79.3 |    79.3 
     aqrs-pa-pqrs |     72 | 140608 |    72 | 1.00 | 1.00 |        41.5 |    41.5 |    41.5 
     abrs-qb-aqrs |     52 | 194688 |    72 | 1.00 | 1.00 |        48.1 |    48.1 |    48.1 
     abcs-rc-abrs |     52 | 194688 |    72 | 1.00 | 1.00 |        42.9 |    42.9 |    42.9 
       abj-bka-kj |  46656 |    204 |   216 | 1.00 | 1.00 |        74.3 |    74.3 |    74.3 
       ajb-kba-jk |  44064 |    216 |   216 | 1.00 | 1.00 |        81.6 |    81.6 |    81.6 
     abjc-cbka-kj | 269568 |     52 |    72 | 1.00 | 1.00 |        20.8 |    20.8 |    20.8 
     ajbc-ckba-jk | 269568 |     72 |    52 | 1.00 | 1.00 |        24.7 |    24.7 |    24.7 
     abjc-kbac-jk | 194688 |     72 |    72 | 1.00 | 1.00 |        61.1 |    61.1 |    61.1 
   abjcd-dkbac-jk | 331776 |     24 |    24 | 1.00 | 1.00 |        10.4 |    10.4 |    10.4 
   adbjc-cbdka-kj | 331776 |     24 |    24 | 1.00 | 1.00 |         8.8 |     8.8 |     8.8 
   ajbdc-ckbad-jk | 331776 |     24 |    24 | 1.00 | 1.00 |        10.0 |    10.0 |    10.0 
 abcijk-ijma-mkbc |   9216 |   4096 |    24 | 1.00 | 0.99 |        43.0 |    43.0 |    43.0 
 abcijk-ijmb-mkac |   6144 |   6144 |    24 | 1.00 | 0.75 |        38.5 |    38.5 |    38.5 
 abcijk-ijmc-mkab |   6144 |   6144 |    24 | 1.00 | 0.75 |        46.5 |    46.5 |    46.5 
 abcijk-ikma-mjbc |   9216 |   4096 |    24 | 1.00 | 0.99 |        43.0 |    43.0 |    43.0 
 abcijk-ikmb-mjac |   6144 |   6144 |    24 | 1.00 | 0.75 |        38.3 |    38.3 |    38.3 
 abcijk-ikmc-mjab |   6144 |   6144 |    24 | 1.00 | 0.75 |        45.9 |    45.9 |    45.9 
 abcijk-jkma-mibc |   9216 |   4096 |    24 | 1.00 | 0.99 |        43.5 |    43.5 |    43.5 
 abcijk-jkmb-miac |   6144 |   6144 |    24 | 1.00 | 0.75 |        37.7 |    37.7 |    37.7 
 abcijk-jkmc-miab |   6144 |   6144 |    24 | 1.00 | 0.75 |        43.0 |    43.0 |    43.0 
 abcijk-eiab-jkec |   6144 |   6144 |    24 | 1.00 | 0.75 |        43.3 |    43.3 |    43.3 
 abcijk-eiac-jkeb |   6144 |   6144 |    24 | 1.00 | 0.75 |        37.6 |    37.6 |    37.6 
 abcijk-eibc-jkea |   4096 |   9216 |    24 | 1.00 | 0.99 |        43.6 |    43.6 |    43.6 
 abcijk-ejab-ikec |   6144 |   6144 |    24 | 1.00 | 0.75 |        45.5 |    45.5 |    45.5 
 abcijk-ejac-ikeb |   6144 |   6144 |    24 | 1.00 | 0.75 |        38.3 |    38.3 |    38.3 
 abcijk-ejbc-ikea |   4096 |   9216 |    24 | 1.00 | 0.99 |        42.7 |    42.7 |    42.7 
 abcijk-ekab-ijec |   6144 |   6144 |    24 | 1.00 | 0.75 |        46.5 |    46.5 |    46.5 
 abcijk-ekac-ijeb |   6144 |   6144 |    24 | 1.00 | 0.75 |        38.6 |    38.6 |    38.6 
 abcijk-ekbc-ijea |   4096 |   9216 |    24 | 1.00 | 0.99 |        42.9 |    42.9 |    42.9 
       abc-bk-akc |    216 |  44064 |   204 | 1.00 | 1.00 |        79.1 |    79.1 |    79.1 

=== c64 ===
             case |      m |      n |     k | regA | regB | planar GF/s | 1m GF/s | 3m GF/s 
------------------+--------+--------+-------+------+------+-------------+---------+---------
         ij-ik-kj |   2904 |   2896 |  2904 | 1.00 | 1.00 |        85.9 |    87.4 |    85.8 
       ij-ikl-ljk |    216 |    204 | 44064 | 1.00 | 1.00 |        74.8 |    81.1 |    71.8 
       ij-kil-lkj |    216 |    204 | 46656 | 1.00 | 1.00 |        75.3 |    80.1 |    78.4 
       ijk-ikl-lj |  44064 |    204 |   216 | 1.00 | 1.00 |        80.8 |    82.8 |    80.6 
       ijk-il-jlk |    216 |  44064 |   204 | 1.00 | 0.98 |        83.9 |    87.2 |    78.0 
       ijk-ilk-jl |  44064 |    216 |   204 | 1.00 | 1.00 |        85.5 |    91.4 |    81.3 
       ijk-ilk-lj |  44064 |    204 |   216 | 1.00 | 1.00 |        86.6 |    91.5 |    81.1 
     ijk-ilmk-mjl |   3744 |     52 |  3744 | 1.00 | 1.00 |        67.5 |    71.5 |    58.5 
   ijkl-imjn-lnkm |   3744 |   3744 |  2704 | 1.00 | 0.92 |        87.1 |    90.7 |    85.0 
   ijkl-imjn-nlmk |   3744 |   2704 |  3744 | 1.00 | 0.92 |        87.2 |    90.6 |    84.8 
   ijkl-imkn-jnlm |   3744 |   3744 |  2704 | 1.00 | 0.95 |        86.2 |    88.1 |    82.2 
   ijkl-imkn-njml |   3744 |   2704 |  3744 | 1.00 | 0.92 |        86.3 |    87.5 |    82.3 
   ijkl-imln-jnkm |   3744 |   3744 |  2704 | 1.00 | 0.95 |        86.0 |    87.4 |    82.2 
   ijkl-imln-njmk |   3744 |   2704 |  3744 | 1.00 | 0.92 |        86.3 |    87.3 |    82.2 
   ijkl-imnj-nlkm |   3744 |   2704 |  3744 | 1.00 | 0.92 |        87.4 |    91.1 |    84.8 
   ijkl-imnk-njml |   3744 |   2704 |  3744 | 1.00 | 0.92 |        86.5 |    87.8 |    82.2 
   ijkl-minj-nlmk |   3744 |   2704 |  5184 | 1.00 | 0.92 |        86.6 |    89.4 |    87.1 
   ijkl-mink-jnlm |   3744 |   3744 |  3744 | 1.00 | 0.95 |        85.8 |    87.2 |    84.4 
   ijkl-minl-njmk |   3744 |   2704 |  5184 | 1.00 | 0.92 |        85.4 |    86.4 |    84.4 
     aqrs-pa-pqrs |     72 | 140608 |    72 | 1.00 | 1.00 |        60.5 |    64.9 |    59.0 
     abrs-qb-aqrs |     52 | 194688 |    72 | 1.00 | 1.00 |        60.0 |    65.2 |    55.1 
     abcs-rc-abrs |     52 | 194688 |    72 | 1.00 | 1.00 |        58.1 |    66.0 |    61.3 
       abj-bka-kj |  46656 |    204 |   216 | 1.00 | 1.00 |        81.1 |    81.7 |    81.7 
       ajb-kba-jk |  44064 |    216 |   216 | 1.00 | 1.00 |        87.8 |    92.6 |    90.3 
     abjc-cbka-kj | 269568 |     52 |    72 | 1.00 | 1.00 |        40.7 |    36.1 |    41.0 
     ajbc-ckba-jk | 269568 |     72 |    52 | 1.00 | 1.00 |        43.6 |    40.5 |    43.0 
     abjc-kbac-jk | 194688 |     72 |    72 | 1.00 | 1.00 |        69.8 |    75.9 |    75.8 
   abjcd-dkbac-jk | 331776 |     24 |    24 | 1.00 | 1.00 |        23.2 |    21.0 |    22.5 
   adbjc-cbdka-kj | 331776 |     24 |    24 | 1.00 | 1.00 |        20.6 |    18.6 |    20.0 
   ajbdc-ckbad-jk | 331776 |     24 |    24 | 1.00 | 1.00 |        22.1 |    20.1 |    21.7 
 abcijk-ijma-mkbc |   9216 |   4096 |    24 | 1.00 | 0.99 |        52.9 |    58.4 |    53.0 
 abcijk-ijmb-mkac |   6144 |   6144 |    24 | 1.00 | 0.75 |        52.5 |    57.9 |    51.6 
 abcijk-ijmc-mkab |   6144 |   6144 |    24 | 1.00 | 0.75 |        58.3 |    66.2 |    57.4 
 abcijk-ikma-mjbc |   9216 |   4096 |    24 | 1.00 | 0.99 |        52.9 |    58.2 |    53.1 
 abcijk-ikmb-mjac |   6144 |   6144 |    24 | 1.00 | 0.75 |        52.4 |    58.1 |    51.7 
 abcijk-ikmc-mjab |   6144 |   6144 |    24 | 1.00 | 0.75 |        58.3 |    66.2 |    57.4 
 abcijk-jkma-mibc |   9216 |   4096 |    24 | 1.00 | 0.99 |        53.0 |    58.3 |    53.2 
 abcijk-jkmb-miac |   6144 |   6144 |    24 | 1.00 | 0.75 |        51.4 |    55.5 |    51.4 
 abcijk-jkmc-miab |   6144 |   6144 |    24 | 1.00 | 0.75 |        55.8 |    59.0 |    56.5 
 abcijk-eiab-jkec |   6144 |   6144 |    24 | 1.00 | 0.75 |        55.8 |    58.8 |    56.4 
 abcijk-eiac-jkeb |   6144 |   6144 |    24 | 1.00 | 0.75 |        51.4 |    55.5 |    51.1 
 abcijk-eibc-jkea |   4096 |   9216 |    24 | 1.00 | 0.99 |        53.0 |    58.2 |    53.2 
 abcijk-ejab-ikec |   6144 |   6144 |    24 | 1.00 | 0.75 |        57.5 |    65.2 |    57.4 
 abcijk-ejac-ikeb |   6144 |   6144 |    24 | 1.00 | 0.75 |        52.4 |    57.9 |    51.4 
 abcijk-ejbc-ikea |   4096 |   9216 |    24 | 1.00 | 0.99 |        52.8 |    58.4 |    53.0 
 abcijk-ekab-ijec |   6144 |   6144 |    24 | 1.00 | 0.75 |        58.2 |    66.1 |    57.5 
 abcijk-ekac-ijeb |   6144 |   6144 |    24 | 1.00 | 0.75 |        52.5 |    58.0 |    51.6 
 abcijk-ekbc-ijea |   4096 |   9216 |    24 | 1.00 | 0.99 |        52.9 |    58.3 |    53.2 
       abc-bk-akc |    216 |  44064 |   204 | 1.00 | 1.00 |        85.4 |    91.0 |    81.1 

=== complex efficiency ratio (c64 GF/s over f64 GF/s; 1.0 = no penalty) ===
             case | planar c64/f64 | 1m c64/f64 | 3m c64/f64 
------------------+----------------+------------+------------
         ij-ik-kj |          1.051 |      1.069 |      1.049 
       ij-ikl-ljk |          1.262 |      1.368 |      1.211 
       ij-kil-lkj |          1.285 |      1.366 |      1.337 
       ijk-ikl-lj |          1.208 |      1.239 |      1.206 
       ijk-il-jlk |          1.235 |      1.285 |      1.149 
       ijk-ilk-jl |          1.078 |      1.152 |      1.026 
       ijk-ilk-lj |          1.090 |      1.152 |      1.021 
     ijk-ilmk-mjl |          1.146 |      1.214 |      0.992 
   ijkl-imjn-lnkm |          1.048 |      1.091 |      1.023 
   ijkl-imjn-nlmk |          1.045 |      1.086 |      1.017 
   ijkl-imkn-jnlm |          1.078 |      1.102 |      1.028 
   ijkl-imkn-njml |          1.070 |      1.085 |      1.020 
   ijkl-imln-jnkm |          1.078 |      1.096 |      1.030 
   ijkl-imln-njmk |          1.077 |      1.089 |      1.026 
   ijkl-imnj-nlkm |          1.044 |      1.088 |      1.014 
   ijkl-imnk-njml |          1.070 |      1.086 |      1.017 
   ijkl-minj-nlmk |          1.056 |      1.091 |      1.062 
   ijkl-mink-jnlm |          1.089 |      1.107 |      1.070 
   ijkl-minl-njmk |          1.077 |      1.090 |      1.065 
     aqrs-pa-pqrs |          1.460 |      1.566 |      1.424 
     abrs-qb-aqrs |          1.248 |      1.357 |      1.147 
     abcs-rc-abrs |          1.355 |      1.538 |      1.429 
       abj-bka-kj |          1.093 |      1.100 |      1.100 
       ajb-kba-jk |          1.075 |      1.134 |      1.106 
     abjc-cbka-kj |          1.951 |      1.734 |      1.968 
     ajbc-ckba-jk |          1.769 |      1.641 |      1.744 
     abjc-kbac-jk |          1.143 |      1.243 |      1.242 
   abjcd-dkbac-jk |          2.232 |      2.019 |      2.168 
   adbjc-cbdka-kj |          2.327 |      2.100 |      2.266 
   ajbdc-ckbad-jk |          2.219 |      2.018 |      2.176 
 abcijk-ijma-mkbc |          1.230 |      1.358 |      1.232 
 abcijk-ijmb-mkac |          1.363 |      1.505 |      1.340 
 abcijk-ijmc-mkab |          1.253 |      1.425 |      1.235 
 abcijk-ikma-mjbc |          1.229 |      1.353 |      1.234 
 abcijk-ikmb-mjac |          1.370 |      1.517 |      1.349 
 abcijk-ikmc-mjab |          1.270 |      1.441 |      1.250 
 abcijk-jkma-mibc |          1.216 |      1.339 |      1.223 
 abcijk-jkmb-miac |          1.364 |      1.475 |      1.364 
 abcijk-jkmc-miab |          1.298 |      1.371 |      1.313 
 abcijk-eiab-jkec |          1.289 |      1.358 |      1.302 
 abcijk-eiac-jkeb |          1.365 |      1.474 |      1.358 
 abcijk-eibc-jkea |          1.216 |      1.334 |      1.222 
 abcijk-ejab-ikec |          1.265 |      1.433 |      1.262 
 abcijk-ejac-ikeb |          1.367 |      1.509 |      1.341 
 abcijk-ejbc-ikea |          1.237 |      1.366 |      1.242 
 abcijk-ekab-ijec |          1.250 |      1.421 |      1.237 
 abcijk-ekac-ijeb |          1.361 |      1.504 |      1.337 
 abcijk-ekbc-ijea |          1.234 |      1.359 |      1.241 
       abc-bk-akc |          1.081 |      1.152 |      1.026 
             MEAN |          1.290 |      1.347 |      1.270 

wrote bench-results/worker5479-zen2/phase4f/th-t2-f64c64.csv
