host        : worker5479
target      : x86_64 / linux
cpu features: avx2 fma 
caches      : L1=32KiB/8-way/1sh L2=512KiB/8-way/1sh L3=16384KiB/16-way/4sh (via sysfs), blocking=legacy
l3 domains  : t1=1
baselines   : tblis=false blas=false

sweeping 49 cases at 64 MiB nominal tensor size, 3 reps, stress=none


=== f32 ===
             case |      m |      n |     k | regA | regB | planar GF/s | 1m GF/s | 3m GF/s 
------------------+--------+--------+-------+------+------+-------------+---------+---------
         ij-ik-kj |   2904 |   2896 |  2904 | 1.00 | 1.00 |        83.2 |    83.2 |    83.2 
       ij-ikl-ljk |    216 |    204 | 44064 | 1.00 | 1.00 |        47.3 |    47.3 |    47.3 
       ij-kil-lkj |    216 |    204 | 46656 | 1.00 | 1.00 |        54.6 |    54.6 |    54.6 
       ijk-ikl-lj |  44064 |    204 |   216 | 1.00 | 1.00 |        64.5 |    64.5 |    64.5 
       ijk-il-jlk |    216 |  44064 |   204 | 1.00 | 1.00 |        67.3 |    67.3 |    67.3 
       ijk-ilk-jl |  44064 |    216 |   204 | 0.96 | 1.00 |        64.8 |    64.8 |    64.8 
       ijk-ilk-lj |  44064 |    204 |   216 | 0.96 | 1.00 |        62.0 |    62.0 |    62.0 
     ijk-ilmk-mjl |   3744 |     52 |  3744 | 0.89 | 1.00 |        43.4 |    43.4 |    43.4 
   ijkl-imjn-lnkm |   3744 |   3744 |  2704 | 0.89 | 0.92 |        83.8 |    83.8 |    83.8 
   ijkl-imjn-nlmk |   3744 |   2704 |  3744 | 0.89 | 0.92 |        83.5 |    83.5 |    83.5 
   ijkl-imkn-jnlm |   3744 |   3744 |  2704 | 0.89 | 1.00 |        80.4 |    80.4 |    80.4 
   ijkl-imkn-njml |   3744 |   2704 |  3744 | 0.89 | 0.92 |        79.9 |    79.9 |    79.9 
   ijkl-imln-jnkm |   3744 |   3744 |  2704 | 0.89 | 1.00 |        80.8 |    80.8 |    80.8 
   ijkl-imln-njmk |   3744 |   2704 |  3744 | 0.89 | 0.92 |        80.4 |    80.4 |    80.4 
   ijkl-imnj-nlkm |   3744 |   2704 |  3744 | 0.89 | 0.92 |        83.7 |    83.7 |    83.7 
   ijkl-imnk-njml |   3744 |   2704 |  3744 | 0.89 | 0.92 |        79.9 |    79.9 |    79.9 
   ijkl-minj-nlmk |   3744 |   2704 |  5184 | 0.89 | 0.92 |        83.0 |    83.0 |    83.0 
   ijkl-mink-jnlm |   3744 |   3744 |  3744 | 0.89 | 1.00 |        81.4 |    81.4 |    81.4 
   ijkl-minl-njmk |   3744 |   2704 |  5184 | 0.89 | 0.92 |        79.6 |    79.6 |    79.6 
     aqrs-pa-pqrs |     72 | 140608 |    72 | 1.00 | 1.00 |        44.3 |    44.3 |    44.3 
     abrs-qb-aqrs |     52 | 194688 |    72 | 0.89 | 1.00 |        40.0 |    40.0 |    40.0 
     abcs-rc-abrs |     52 | 194688 |    72 | 1.00 | 1.00 |        43.4 |    43.4 |    43.4 
       abj-bka-kj |  46656 |    204 |   216 | 0.96 | 1.00 |        67.0 |    67.0 |    67.0 
       ajb-kba-jk |  44064 |    216 |   216 | 0.96 | 1.00 |        78.2 |    78.2 |    78.2 
     abjc-cbka-kj | 269568 |     52 |    72 | 0.89 | 1.00 |        16.6 |    16.6 |    16.6 
     ajbc-ckba-jk | 269568 |     72 |    52 | 0.89 | 1.00 |        31.9 |    31.9 |    31.9 
     abjc-kbac-jk | 194688 |     72 |    72 | 0.89 | 1.00 |        53.8 |    53.8 |    53.8 
   abjcd-dkbac-jk | 331776 |     24 |    24 | 0.67 | 1.00 |         7.5 |     7.5 |     7.5 
   adbjc-cbdka-kj | 331776 |     24 |    24 | 0.67 | 1.00 |         5.6 |     5.6 |     5.6 
   ajbdc-ckbad-jk | 331776 |     24 |    24 | 1.00 | 1.00 |         6.2 |     6.2 |     6.2 
 abcijk-ijma-mkbc |   9216 |   4096 |    24 | 1.00 | 1.00 |        31.2 |    31.2 |    31.2 
 abcijk-ijmb-mkac |   6144 |   6144 |    24 | 1.00 | 1.00 |        25.7 |    25.7 |    25.7 
 abcijk-ijmc-mkab |   6144 |   6144 |    24 | 1.00 | 0.75 |        41.4 |    41.4 |    41.4 
 abcijk-ikma-mjbc |   9216 |   4096 |    24 | 1.00 | 1.00 |        31.5 |    31.5 |    31.5 
 abcijk-ikmb-mjac |   6144 |   6144 |    24 | 1.00 | 1.00 |        24.9 |    24.9 |    24.9 
 abcijk-ikmc-mjab |   6144 |   6144 |    24 | 1.00 | 0.75 |        41.8 |    41.8 |    41.8 
 abcijk-jkma-mibc |   9216 |   4096 |    24 | 1.00 | 1.00 |        31.4 |    31.4 |    31.4 
 abcijk-jkmb-miac |   6144 |   6144 |    24 | 1.00 | 1.00 |        25.5 |    25.5 |    25.5 
 abcijk-jkmc-miab |   6144 |   6144 |    24 | 1.00 | 0.75 |        39.0 |    39.0 |    39.0 
 abcijk-eiab-jkec |   6144 |   6144 |    24 | 1.00 | 0.75 |        39.8 |    39.8 |    39.8 
 abcijk-eiac-jkeb |   6144 |   6144 |    24 | 1.00 | 1.00 |        24.7 |    24.7 |    24.7 
 abcijk-eibc-jkea |   4096 |   9216 |    24 | 1.00 | 1.00 |        31.7 |    31.7 |    31.7 
 abcijk-ejab-ikec |   6144 |   6144 |    24 | 1.00 | 0.75 |        41.1 |    41.1 |    41.1 
 abcijk-ejac-ikeb |   6144 |   6144 |    24 | 1.00 | 1.00 |        25.3 |    25.3 |    25.3 
 abcijk-ejbc-ikea |   4096 |   9216 |    24 | 1.00 | 1.00 |        31.4 |    31.4 |    31.4 
 abcijk-ekab-ijec |   6144 |   6144 |    24 | 1.00 | 0.75 |        42.0 |    42.0 |    42.0 
 abcijk-ekac-ijeb |   6144 |   6144 |    24 | 1.00 | 1.00 |        24.7 |    24.7 |    24.7 
 abcijk-ekbc-ijea |   4096 |   9216 |    24 | 1.00 | 1.00 |        31.5 |    31.5 |    31.5 
       abc-bk-akc |    216 |  44064 |   204 | 0.96 | 1.00 |        64.7 |    64.7 |    64.7 

=== c32 ===
             case |      m |      n |     k | regA | regB | planar GF/s | 1m GF/s | 3m GF/s 
------------------+--------+--------+-------+------+------+-------------+---------+---------
         ij-ik-kj |   2904 |   2896 |  2904 | 1.00 | 1.00 |        84.6 |    86.7 |    85.2 
       ij-ikl-ljk |    216 |    204 | 44064 | 1.00 | 1.00 |        71.1 |    68.6 |    66.4 
       ij-kil-lkj |    216 |    204 | 46656 | 1.00 | 1.00 |        73.1 |    74.7 |    74.5 
       ijk-ikl-lj |  44064 |    204 |   216 | 1.00 | 1.00 |        74.8 |    77.2 |    80.2 
       ijk-il-jlk |    216 |  44064 |   204 | 1.00 | 0.98 |        80.7 |    81.5 |    77.3 
       ijk-ilk-jl |  44064 |    216 |   204 | 1.00 | 1.00 |        79.6 |    78.3 |    79.4 
       ijk-ilk-lj |  44064 |    204 |   216 | 1.00 | 1.00 |        80.2 |    80.3 |    80.2 
     ijk-ilmk-mjl |   3744 |     52 |  3744 | 1.00 | 1.00 |        59.9 |    63.2 |    60.6 
   ijkl-imjn-lnkm |   3744 |   3744 |  2704 | 1.00 | 0.92 |        85.7 |    87.0 |    85.9 
   ijkl-imjn-nlmk |   3744 |   2704 |  3744 | 1.00 | 0.92 |        86.4 |    87.2 |    87.2 
   ijkl-imkn-jnlm |   3744 |   3744 |  2704 | 1.00 | 0.95 |        84.0 |    84.3 |    84.0 
   ijkl-imkn-njml |   3744 |   2704 |  3744 | 1.00 | 0.92 |        84.9 |    85.2 |    85.1 
   ijkl-imln-jnkm |   3744 |   3744 |  2704 | 1.00 | 0.95 |        83.8 |    84.2 |    83.8 
   ijkl-imln-njmk |   3744 |   2704 |  3744 | 1.00 | 0.92 |        84.9 |    85.3 |    85.2 
   ijkl-imnj-nlkm |   3744 |   2704 |  3744 | 1.00 | 0.92 |        86.4 |    87.8 |    87.1 
   ijkl-imnk-njml |   3744 |   2704 |  3744 | 1.00 | 0.92 |        84.7 |    85.4 |    85.2 
   ijkl-minj-nlmk |   3744 |   2704 |  5184 | 1.00 | 0.92 |        85.9 |    87.8 |    87.5 
   ijkl-mink-jnlm |   3744 |   3744 |  3744 | 1.00 | 0.95 |        85.1 |    86.0 |    85.9 
   ijkl-minl-njmk |   3744 |   2704 |  5184 | 1.00 | 0.92 |        84.4 |    85.6 |    85.7 
     aqrs-pa-pqrs |     72 | 140608 |    72 | 1.00 | 1.00 |        56.5 |    62.4 |    57.5 
     abrs-qb-aqrs |     52 | 194688 |    72 | 1.00 | 1.00 |        52.3 |    51.4 |    47.9 
     abcs-rc-abrs |     52 | 194688 |    72 | 1.00 | 1.00 |        59.9 |    65.0 |    53.9 
       abj-bka-kj |  46656 |    204 |   216 | 1.00 | 1.00 |        78.1 |    79.6 |    80.1 
       ajb-kba-jk |  44064 |    216 |   216 | 1.00 | 1.00 |        84.4 |    88.2 |    88.6 
     abjc-cbka-kj | 269568 |     52 |    72 | 1.00 | 1.00 |        30.2 |    22.5 |    26.6 
     ajbc-ckba-jk | 269568 |     72 |    52 | 1.00 | 1.00 |        44.4 |    33.9 |    39.0 
     abjc-kbac-jk | 194688 |     72 |    72 | 1.00 | 1.00 |        66.3 |    69.7 |    70.9 
   abjcd-dkbac-jk | 331776 |     24 |    24 | 1.00 | 1.00 |        16.5 |    13.0 |    14.6 
   adbjc-cbdka-kj | 331776 |     24 |    24 | 1.00 | 1.00 |        13.6 |    10.6 |    12.1 
   ajbdc-ckbad-jk | 331776 |     24 |    24 | 1.00 | 1.00 |        16.0 |    12.9 |    14.3 
 abcijk-ijma-mkbc |   9216 |   4096 |    24 | 1.00 | 0.99 |        51.6 |    58.7 |    51.0 
 abcijk-ijmb-mkac |   6144 |   6144 |    24 | 1.00 | 0.75 |        49.1 |    55.6 |    48.3 
 abcijk-ijmc-mkab |   6144 |   6144 |    24 | 1.00 | 0.75 |        53.6 |    61.5 |    52.7 
 abcijk-ikma-mjbc |   9216 |   4096 |    24 | 1.00 | 0.99 |        51.5 |    58.6 |    51.1 
 abcijk-ikmb-mjac |   6144 |   6144 |    24 | 1.00 | 0.75 |        49.1 |    55.5 |    48.7 
 abcijk-ikmc-mjab |   6144 |   6144 |    24 | 1.00 | 0.75 |        53.7 |    61.6 |    53.0 
 abcijk-jkma-mibc |   9216 |   4096 |    24 | 1.00 | 0.99 |        51.5 |    58.5 |    51.4 
 abcijk-jkmb-miac |   6144 |   6144 |    24 | 1.00 | 0.75 |        48.7 |    54.8 |    48.8 
 abcijk-jkmc-miab |   6144 |   6144 |    24 | 1.00 | 0.75 |        52.5 |    60.1 |    51.6 
 abcijk-eiab-jkec |   6144 |   6144 |    24 | 1.00 | 0.75 |        52.5 |    60.2 |    51.9 
 abcijk-eiac-jkeb |   6144 |   6144 |    24 | 1.00 | 0.75 |        48.7 |    54.9 |    48.6 
 abcijk-eibc-jkea |   4096 |   9216 |    24 | 1.00 | 0.99 |        51.5 |    58.7 |    51.3 
 abcijk-ejab-ikec |   6144 |   6144 |    24 | 1.00 | 0.75 |        53.5 |    61.5 |    53.0 
 abcijk-ejac-ikeb |   6144 |   6144 |    24 | 1.00 | 0.75 |        49.0 |    55.6 |    48.8 
 abcijk-ejbc-ikea |   4096 |   9216 |    24 | 1.00 | 0.99 |        51.5 |    58.7 |    51.0 
 abcijk-ekab-ijec |   6144 |   6144 |    24 | 1.00 | 0.75 |        53.4 |    61.6 |    53.0 
 abcijk-ekac-ijeb |   6144 |   6144 |    24 | 1.00 | 0.75 |        49.0 |    55.6 |    48.7 
 abcijk-ekbc-ijea |   4096 |   9216 |    24 | 1.00 | 0.99 |        51.6 |    59.0 |    51.5 
       abc-bk-akc |    216 |  44064 |   204 | 1.00 | 1.00 |        79.4 |    80.2 |    78.8 

=== complex efficiency ratio (c32 GF/s over f32 GF/s; 1.0 = no penalty) ===
             case | planar c32/f32 | 1m c32/f32 | 3m c32/f32 
------------------+----------------+------------+------------
         ij-ik-kj |          1.017 |      1.043 |      1.025 
       ij-ikl-ljk |          1.504 |      1.452 |      1.404 
       ij-kil-lkj |          1.340 |      1.369 |      1.366 
       ijk-ikl-lj |          1.159 |      1.197 |      1.243 
       ijk-il-jlk |          1.199 |      1.211 |      1.148 
       ijk-ilk-jl |          1.228 |      1.208 |      1.225 
       ijk-ilk-lj |          1.293 |      1.294 |      1.293 
     ijk-ilmk-mjl |          1.382 |      1.457 |      1.398 
   ijkl-imjn-lnkm |          1.023 |      1.039 |      1.025 
   ijkl-imjn-nlmk |          1.035 |      1.045 |      1.045 
   ijkl-imkn-jnlm |          1.045 |      1.049 |      1.045 
   ijkl-imkn-njml |          1.062 |      1.067 |      1.065 
   ijkl-imln-jnkm |          1.037 |      1.042 |      1.038 
   ijkl-imln-njmk |          1.056 |      1.061 |      1.060 
   ijkl-imnj-nlkm |          1.033 |      1.049 |      1.041 
   ijkl-imnk-njml |          1.060 |      1.069 |      1.067 
   ijkl-minj-nlmk |          1.036 |      1.058 |      1.055 
   ijkl-mink-jnlm |          1.045 |      1.056 |      1.055 
   ijkl-minl-njmk |          1.060 |      1.076 |      1.077 
     aqrs-pa-pqrs |          1.276 |      1.409 |      1.300 
     abrs-qb-aqrs |          1.309 |      1.286 |      1.200 
     abcs-rc-abrs |          1.381 |      1.498 |      1.242 
       abj-bka-kj |          1.165 |      1.189 |      1.196 
       ajb-kba-jk |          1.079 |      1.128 |      1.133 
     abjc-cbka-kj |          1.816 |      1.357 |      1.598 
     ajbc-ckba-jk |          1.392 |      1.062 |      1.224 
     abjc-kbac-jk |          1.232 |      1.295 |      1.317 
   abjcd-dkbac-jk |          2.206 |      1.742 |      1.946 
   adbjc-cbdka-kj |          2.413 |      1.885 |      2.136 
   ajbdc-ckbad-jk |          2.588 |      2.078 |      2.305 
 abcijk-ijma-mkbc |          1.652 |      1.880 |      1.633 
 abcijk-ijmb-mkac |          1.914 |      2.166 |      1.883 
 abcijk-ijmc-mkab |          1.293 |      1.483 |      1.272 
 abcijk-ikma-mjbc |          1.636 |      1.860 |      1.622 
 abcijk-ikmb-mjac |          1.970 |      2.230 |      1.956 
 abcijk-ikmc-mjab |          1.284 |      1.473 |      1.268 
 abcijk-jkma-mibc |          1.638 |      1.861 |      1.636 
 abcijk-jkmb-miac |          1.908 |      2.151 |      1.914 
 abcijk-jkmc-miab |          1.346 |      1.540 |      1.321 
 abcijk-eiab-jkec |          1.318 |      1.511 |      1.303 
 abcijk-eiac-jkeb |          1.970 |      2.222 |      1.968 
 abcijk-eibc-jkea |          1.622 |      1.849 |      1.618 
 abcijk-ejab-ikec |          1.302 |      1.497 |      1.289 
 abcijk-ejac-ikeb |          1.938 |      2.200 |      1.929 
 abcijk-ejbc-ikea |          1.638 |      1.868 |      1.624 
 abcijk-ekab-ijec |          1.271 |      1.466 |      1.260 
 abcijk-ekac-ijeb |          1.986 |      2.251 |      1.973 
 abcijk-ekbc-ijea |          1.639 |      1.874 |      1.634 
       abc-bk-akc |          1.228 |      1.241 |      1.218 
             MEAN |          1.429 |      1.477 |      1.400 

wrote bench-results/worker5479-zen2/phase4f/th-t1-f32c32.csv
