host        : worker5479
target      : x86_64 / linux
cpu features: avx2 fma 
caches      : L1=32KiB/8-way/1sh L2=512KiB/8-way/1sh L3=16384KiB/16-way/4sh (via sysfs), blocking=legacy
l3 domains  : t1=1 t4=1 t8=2
baselines   : tblis=false blas=false

sweeping 49 cases at 64 MiB nominal tensor size, 3 reps, stress=none


=== f64 ===
             case |      m |      n |     k | regA | regB | planar GF/s | 1m GF/s | 3m GF/s 
------------------+--------+--------+-------+------+------+-------------+---------+---------
         ij-ik-kj |   2904 |   2896 |  2904 | 1.00 | 1.00 |       158.2 |   158.2 |   158.2 
       ij-ikl-ljk |    216 |    204 | 44064 | 1.00 | 1.00 |       110.7 |   110.7 |   110.7 
       ij-kil-lkj |    216 |    204 | 46656 | 1.00 | 1.00 |       108.4 |   108.4 |   108.4 
       ijk-ikl-lj |  44064 |    204 |   216 | 1.00 | 1.00 |       133.9 |   133.9 |   133.9 
       ijk-il-jlk |    216 |  44064 |   204 | 1.00 | 1.00 |       129.3 |   129.3 |   129.3 
       ijk-ilk-jl |  44064 |    216 |   204 | 1.00 | 1.00 |       155.0 |   155.0 |   155.0 
       ijk-ilk-lj |  44064 |    204 |   216 | 1.00 | 1.00 |       156.5 |   156.5 |   156.5 
     ijk-ilmk-mjl |   3744 |     52 |  3744 | 1.00 | 1.00 |       110.1 |   110.1 |   110.1 
   ijkl-imjn-lnkm |   3744 |   3744 |  2704 | 1.00 | 0.92 |       159.6 |   159.6 |   159.6 
   ijkl-imjn-nlmk |   3744 |   2704 |  3744 | 1.00 | 0.92 |       160.2 |   160.2 |   160.2 
   ijkl-imkn-jnlm |   3744 |   3744 |  2704 | 1.00 | 1.00 |       154.9 |   154.9 |   154.9 
   ijkl-imkn-njml |   3744 |   2704 |  3744 | 1.00 | 0.92 |       154.2 |   154.2 |   154.2 
   ijkl-imln-jnkm |   3744 |   3744 |  2704 | 1.00 | 1.00 |       155.1 |   155.1 |   155.1 
   ijkl-imln-njmk |   3744 |   2704 |  3744 | 1.00 | 0.92 |       155.7 |   155.7 |   155.7 
   ijkl-imnj-nlkm |   3744 |   2704 |  3744 | 1.00 | 0.92 |       160.9 |   160.9 |   160.9 
   ijkl-imnk-njml |   3744 |   2704 |  3744 | 1.00 | 0.92 |       156.3 |   156.3 |   156.3 
   ijkl-minj-nlmk |   3744 |   2704 |  5184 | 1.00 | 0.92 |       158.4 |   158.4 |   158.4 
   ijkl-mink-jnlm |   3744 |   3744 |  3744 | 1.00 | 1.00 |       154.5 |   154.5 |   154.5 
   ijkl-minl-njmk |   3744 |   2704 |  5184 | 1.00 | 0.92 |       154.0 |   154.0 |   154.0 
     aqrs-pa-pqrs |     72 | 140608 |    72 | 1.00 | 1.00 |        68.7 |    68.7 |    68.7 
     abrs-qb-aqrs |     52 | 194688 |    72 | 1.00 | 1.00 |        90.7 |    90.7 |    90.7 
     abcs-rc-abrs |     52 | 194688 |    72 | 1.00 | 1.00 |        77.4 |    77.4 |    77.4 
       abj-bka-kj |  46656 |    204 |   216 | 1.00 | 1.00 |       117.6 |   117.6 |   117.6 
       ajb-kba-jk |  44064 |    216 |   216 | 1.00 | 1.00 |       160.2 |   160.2 |   160.2 
     abjc-cbka-kj | 269568 |     52 |    72 | 1.00 | 1.00 |        30.9 |    30.9 |    30.9 
     ajbc-ckba-jk | 269568 |     72 |    52 | 1.00 | 1.00 |        41.8 |    41.8 |    41.8 
     abjc-kbac-jk | 194688 |     72 |    72 | 1.00 | 1.00 |       119.6 |   119.6 |   119.6 
   abjcd-dkbac-jk | 331776 |     24 |    24 | 1.00 | 1.00 |        17.2 |    17.2 |    17.2 
   adbjc-cbdka-kj | 331776 |     24 |    24 | 1.00 | 1.00 |        13.3 |    13.3 |    13.3 
   ajbdc-ckbad-jk | 331776 |     24 |    24 | 1.00 | 1.00 |        16.7 |    16.7 |    16.7 
 abcijk-ijma-mkbc |   9216 |   4096 |    24 | 1.00 | 0.99 |        76.9 |    76.9 |    76.9 
 abcijk-ijmb-mkac |   6144 |   6144 |    24 | 1.00 | 0.75 |        69.1 |    69.1 |    69.1 
 abcijk-ijmc-mkab |   6144 |   6144 |    24 | 1.00 | 0.75 |        73.4 |    73.4 |    73.4 
 abcijk-ikma-mjbc |   9216 |   4096 |    24 | 1.00 | 0.99 |        76.2 |    76.2 |    76.2 
 abcijk-ikmb-mjac |   6144 |   6144 |    24 | 1.00 | 0.75 |        68.7 |    68.7 |    68.7 
 abcijk-ikmc-mjab |   6144 |   6144 |    24 | 1.00 | 0.75 |        72.7 |    72.7 |    72.7 
 abcijk-jkma-mibc |   9216 |   4096 |    24 | 1.00 | 0.99 |        78.2 |    78.2 |    78.2 
 abcijk-jkmb-miac |   6144 |   6144 |    24 | 1.00 | 0.75 |        68.3 |    68.3 |    68.3 
 abcijk-jkmc-miab |   6144 |   6144 |    24 | 1.00 | 0.75 |        71.0 |    71.0 |    71.0 
 abcijk-eiab-jkec |   6144 |   6144 |    24 | 1.00 | 0.75 |        71.2 |    71.2 |    71.2 
 abcijk-eiac-jkeb |   6144 |   6144 |    24 | 1.00 | 0.75 |        68.4 |    68.4 |    68.4 
 abcijk-eibc-jkea |   4096 |   9216 |    24 | 1.00 | 0.99 |        78.3 |    78.3 |    78.3 
 abcijk-ejab-ikec |   6144 |   6144 |    24 | 1.00 | 0.75 |        72.9 |    72.9 |    72.9 
 abcijk-ejac-ikeb |   6144 |   6144 |    24 | 1.00 | 0.75 |        69.3 |    69.3 |    69.3 
 abcijk-ejbc-ikea |   4096 |   9216 |    24 | 1.00 | 0.99 |        76.7 |    76.7 |    76.7 
 abcijk-ekab-ijec |   6144 |   6144 |    24 | 1.00 | 0.75 |        73.6 |    73.6 |    73.6 
 abcijk-ekac-ijeb |   6144 |   6144 |    24 | 1.00 | 0.75 |        69.3 |    69.3 |    69.3 
 abcijk-ekbc-ijea |   4096 |   9216 |    24 | 1.00 | 0.99 |        77.1 |    77.1 |    77.1 
       abc-bk-akc |    216 |  44064 |   204 | 1.00 | 1.00 |       155.3 |   155.3 |   155.3 

=== c64 ===
             case |      m |      n |     k | regA | regB | planar GF/s | 1m GF/s | 3m GF/s 
------------------+--------+--------+-------+------+------+-------------+---------+---------
         ij-ik-kj |   2904 |   2896 |  2904 | 1.00 | 1.00 |       168.8 |   172.8 |   168.1 
       ij-ikl-ljk |    216 |    204 | 44064 | 1.00 | 1.00 |       135.6 |   148.1 |   132.0 
       ij-kil-lkj |    216 |    204 | 46656 | 1.00 | 1.00 |       136.1 |   148.4 |   143.8 
       ijk-ikl-lj |  44064 |    204 |   216 | 1.00 | 1.00 |       160.1 |   158.9 |   157.0 
       ijk-il-jlk |    216 |  44064 |   204 | 1.00 | 0.98 |       158.2 |   161.9 |   148.2 
       ijk-ilk-jl |  44064 |    216 |   204 | 1.00 | 1.00 |       170.2 |   182.3 |   161.7 
       ijk-ilk-lj |  44064 |    204 |   216 | 1.00 | 1.00 |       172.5 |   182.2 |   161.5 
     ijk-ilmk-mjl |   3744 |     52 |  3744 | 1.00 | 1.00 |       130.5 |   138.3 |   112.8 
   ijkl-imjn-lnkm |   3744 |   3744 |  2704 | 1.00 | 0.92 |       170.0 |   179.1 |   166.6 
   ijkl-imjn-nlmk |   3744 |   2704 |  3744 | 1.00 | 0.92 |       170.4 |   178.7 |   166.6 
   ijkl-imkn-jnlm |   3744 |   3744 |  2704 | 1.00 | 0.95 |       168.6 |   173.5 |   160.6 
   ijkl-imkn-njml |   3744 |   2704 |  3744 | 1.00 | 0.92 |       169.1 |   173.5 |   161.4 
   ijkl-imln-jnkm |   3744 |   3744 |  2704 | 1.00 | 0.95 |       168.4 |   173.4 |   160.2 
   ijkl-imln-njmk |   3744 |   2704 |  3744 | 1.00 | 0.92 |       168.9 |   173.4 |   161.4 
   ijkl-imnj-nlkm |   3744 |   2704 |  3744 | 1.00 | 0.92 |       171.0 |   179.7 |   166.6 
   ijkl-imnk-njml |   3744 |   2704 |  3744 | 1.00 | 0.92 |       170.0 |   174.9 |   162.1 
   ijkl-minj-nlmk |   3744 |   2704 |  5184 | 1.00 | 0.92 |       170.1 |   177.1 |   171.9 
   ijkl-mink-jnlm |   3744 |   3744 |  3744 | 1.00 | 0.95 |       169.0 |   173.4 |   165.8 
   ijkl-minl-njmk |   3744 |   2704 |  5184 | 1.00 | 0.92 |       168.3 |   172.0 |   165.7 
     aqrs-pa-pqrs |     72 | 140608 |    72 | 1.00 | 1.00 |       110.4 |   117.2 |   106.4 
     abrs-qb-aqrs |     52 | 194688 |    72 | 1.00 | 1.00 |       117.2 |   125.7 |   114.9 
     abcs-rc-abrs |     52 | 194688 |    72 | 1.00 | 1.00 |       114.7 |   127.1 |   119.9 
       abj-bka-kj |  46656 |    204 |   216 | 1.00 | 1.00 |       144.0 |   139.9 |   141.5 
       ajb-kba-jk |  44064 |    216 |   216 | 1.00 | 1.00 |       173.1 |   181.3 |   175.3 
     abjc-cbka-kj | 269568 |     52 |    72 | 1.00 | 1.00 |        75.5 |    67.3 |    75.2 
     ajbc-ckba-jk | 269568 |     72 |    52 | 1.00 | 1.00 |        82.3 |    76.1 |    81.5 
     abjc-kbac-jk | 194688 |     72 |    72 | 1.00 | 1.00 |       141.3 |   152.8 |   151.2 
   abjcd-dkbac-jk | 331776 |     24 |    24 | 1.00 | 1.00 |        40.2 |    36.9 |    39.2 
   adbjc-cbdka-kj | 331776 |     24 |    24 | 1.00 | 1.00 |        36.0 |    32.7 |    35.4 
   ajbdc-ckbad-jk | 331776 |     24 |    24 | 1.00 | 1.00 |        38.8 |    35.6 |    38.1 
 abcijk-ijma-mkbc |   9216 |   4096 |    24 | 1.00 | 0.99 |        98.1 |   111.0 |   102.3 
 abcijk-ijmb-mkac |   6144 |   6144 |    24 | 1.00 | 0.75 |       100.6 |   111.1 |    98.8 
 abcijk-ijmc-mkab |   6144 |   6144 |    24 | 1.00 | 0.75 |       112.9 |   125.5 |   109.7 
 abcijk-ikma-mjbc |   9216 |   4096 |    24 | 1.00 | 0.99 |       101.3 |   110.8 |   102.3 
 abcijk-ikmb-mjac |   6144 |   6144 |    24 | 1.00 | 0.75 |       100.3 |   110.6 |    99.1 
 abcijk-ikmc-mjab |   6144 |   6144 |    24 | 1.00 | 0.75 |       112.1 |   124.8 |   110.2 
 abcijk-jkma-mibc |   9216 |   4096 |    24 | 1.00 | 0.99 |        98.0 |   111.6 |   102.3 
 abcijk-jkmb-miac |   6144 |   6144 |    24 | 1.00 | 0.75 |        99.1 |   104.4 |    98.0 
 abcijk-jkmc-miab |   6144 |   6144 |    24 | 1.00 | 0.75 |       107.9 |   107.8 |   108.1 
 abcijk-eiab-jkec |   6144 |   6144 |    24 | 1.00 | 0.75 |       106.8 |   106.4 |   106.8 
 abcijk-eiac-jkeb |   6144 |   6144 |    24 | 1.00 | 0.75 |        98.1 |   104.5 |    98.5 
 abcijk-eibc-jkea |   4096 |   9216 |    24 | 1.00 | 0.99 |       102.8 |   111.6 |   103.2 
 abcijk-ejab-ikec |   6144 |   6144 |    24 | 1.00 | 0.75 |       110.8 |   124.0 |   109.2 
 abcijk-ejac-ikeb |   6144 |   6144 |    24 | 1.00 | 0.75 |        95.6 |   110.1 |    99.4 
 abcijk-ejbc-ikea |   4096 |   9216 |    24 | 1.00 | 0.99 |       101.8 |   111.1 |   102.4 
 abcijk-ekab-ijec |   6144 |   6144 |    24 | 1.00 | 0.75 |       111.1 |   124.2 |   109.0 
 abcijk-ekac-ijeb |   6144 |   6144 |    24 | 1.00 | 0.75 |        98.7 |   110.2 |    99.3 
 abcijk-ekbc-ijea |   4096 |   9216 |    24 | 1.00 | 0.99 |       101.8 |   111.3 |   102.0 
       abc-bk-akc |    216 |  44064 |   204 | 1.00 | 1.00 |       168.6 |   179.2 |   161.8 

=== complex efficiency ratio (c64 GF/s over f64 GF/s; 1.0 = no penalty) ===
             case | planar c64/f64 | 1m c64/f64 | 3m c64/f64 
------------------+----------------+------------+------------
         ij-ik-kj |          1.067 |      1.092 |      1.063 
       ij-ikl-ljk |          1.225 |      1.337 |      1.192 
       ij-kil-lkj |          1.255 |      1.369 |      1.327 
       ijk-ikl-lj |          1.195 |      1.186 |      1.172 
       ijk-il-jlk |          1.223 |      1.252 |      1.146 
       ijk-ilk-jl |          1.098 |      1.176 |      1.044 
       ijk-ilk-lj |          1.102 |      1.164 |      1.032 
     ijk-ilmk-mjl |          1.185 |      1.256 |      1.024 
   ijkl-imjn-lnkm |          1.065 |      1.123 |      1.044 
   ijkl-imjn-nlmk |          1.063 |      1.115 |      1.040 
   ijkl-imkn-jnlm |          1.088 |      1.120 |      1.036 
   ijkl-imkn-njml |          1.096 |      1.125 |      1.047 
   ijkl-imln-jnkm |          1.086 |      1.118 |      1.033 
   ijkl-imln-njmk |          1.085 |      1.114 |      1.037 
   ijkl-imnj-nlkm |          1.063 |      1.117 |      1.035 
   ijkl-imnk-njml |          1.088 |      1.119 |      1.037 
   ijkl-minj-nlmk |          1.074 |      1.118 |      1.086 
   ijkl-mink-jnlm |          1.093 |      1.122 |      1.073 
   ijkl-minl-njmk |          1.093 |      1.117 |      1.076 
     aqrs-pa-pqrs |          1.606 |      1.705 |      1.548 
     abrs-qb-aqrs |          1.293 |      1.387 |      1.267 
     abcs-rc-abrs |          1.481 |      1.642 |      1.548 
       abj-bka-kj |          1.225 |      1.190 |      1.204 
       ajb-kba-jk |          1.080 |      1.132 |      1.094 
     abjc-cbka-kj |          2.442 |      2.176 |      2.432 
     ajbc-ckba-jk |          1.968 |      1.818 |      1.947 
     abjc-kbac-jk |          1.182 |      1.278 |      1.264 
   abjcd-dkbac-jk |          2.334 |      2.142 |      2.277 
   adbjc-cbdka-kj |          2.705 |      2.454 |      2.655 
   ajbdc-ckbad-jk |          2.328 |      2.138 |      2.287 
 abcijk-ijma-mkbc |          1.277 |      1.445 |      1.331 
 abcijk-ijmb-mkac |          1.456 |      1.607 |      1.428 
 abcijk-ijmc-mkab |          1.538 |      1.710 |      1.494 
 abcijk-ikma-mjbc |          1.330 |      1.455 |      1.343 
 abcijk-ikmb-mjac |          1.460 |      1.610 |      1.443 
 abcijk-ikmc-mjab |          1.542 |      1.716 |      1.516 
 abcijk-jkma-mibc |          1.252 |      1.426 |      1.307 
 abcijk-jkmb-miac |          1.451 |      1.529 |      1.435 
 abcijk-jkmc-miab |          1.519 |      1.518 |      1.523 
 abcijk-eiab-jkec |          1.502 |      1.495 |      1.501 
 abcijk-eiac-jkeb |          1.434 |      1.528 |      1.440 
 abcijk-eibc-jkea |          1.313 |      1.425 |      1.318 
 abcijk-ejab-ikec |          1.520 |      1.702 |      1.498 
 abcijk-ejac-ikeb |          1.379 |      1.588 |      1.434 
 abcijk-ejbc-ikea |          1.328 |      1.450 |      1.336 
 abcijk-ekab-ijec |          1.509 |      1.686 |      1.480 
 abcijk-ekac-ijeb |          1.424 |      1.590 |      1.433 
 abcijk-ekbc-ijea |          1.321 |      1.444 |      1.323 
       abc-bk-akc |          1.086 |      1.154 |      1.042 
             MEAN |          1.378 |      1.434 |      1.361 

wrote bench-results/worker5479-zen2/phase4f/th-t4-f64c64.csv
