host        : worker5479
target      : x86_64 / linux
cpu features: avx2 fma 
caches      : L1=32KiB/8-way/1sh L2=512KiB/8-way/1sh L3=16384KiB/16-way/4sh (via sysfs), blocking=legacy
l3 domains  : t1=1 t4=1 t8=2 t16=4
baselines   : tblis=false blas=false

sweeping 49 cases at 64 MiB nominal tensor size, 3 reps, stress=none


=== f64 ===
             case |      m |      n |     k | regA | regB | planar GF/s | 1m GF/s | 3m GF/s 
------------------+--------+--------+-------+------+------+-------------+---------+---------
         ij-ik-kj |   2904 |   2896 |  2904 | 1.00 | 1.00 |       263.5 |   263.5 |   263.5 
       ij-ikl-ljk |    216 |    204 | 44064 | 1.00 | 1.00 |        90.5 |    90.5 |    90.5 
       ij-kil-lkj |    216 |    204 | 46656 | 1.00 | 1.00 |        75.1 |    75.1 |    75.1 
       ijk-ikl-lj |  44064 |    204 |   216 | 1.00 | 1.00 |       243.5 |   243.5 |   243.5 
       ijk-il-jlk |    216 |  44064 |   204 | 1.00 | 1.00 |       103.4 |   103.4 |   103.4 
       ijk-ilk-jl |  44064 |    216 |   204 | 1.00 | 1.00 |       288.6 |   288.6 |   288.6 
       ijk-ilk-lj |  44064 |    204 |   216 | 1.00 | 1.00 |       200.9 |   200.9 |   200.9 
     ijk-ilmk-mjl |   3744 |     52 |  3744 | 1.00 | 1.00 |        99.3 |    99.3 |    99.3 
   ijkl-imjn-lnkm |   3744 |   3744 |  2704 | 1.00 | 0.92 |       287.3 |   287.3 |   287.3 
   ijkl-imjn-nlmk |   3744 |   2704 |  3744 | 1.00 | 0.92 |       285.0 |   285.0 |   285.0 
   ijkl-imkn-jnlm |   3744 |   3744 |  2704 | 1.00 | 1.00 |       286.9 |   286.9 |   286.9 
   ijkl-imkn-njml |   3744 |   2704 |  3744 | 1.00 | 0.92 |       286.7 |   286.7 |   286.7 
   ijkl-imln-jnkm |   3744 |   3744 |  2704 | 1.00 | 1.00 |       291.6 |   291.6 |   291.6 
   ijkl-imln-njmk |   3744 |   2704 |  3744 | 1.00 | 0.92 |       283.5 |   283.5 |   283.5 
   ijkl-imnj-nlkm |   3744 |   2704 |  3744 | 1.00 | 0.92 |       285.4 |   285.4 |   285.4 
   ijkl-imnk-njml |   3744 |   2704 |  3744 | 1.00 | 0.92 |       283.0 |   283.0 |   283.0 
   ijkl-minj-nlmk |   3744 |   2704 |  5184 | 1.00 | 0.92 |       277.4 |   277.4 |   277.4 
   ijkl-mink-jnlm |   3744 |   3744 |  3744 | 1.00 | 1.00 |       289.1 |   289.1 |   289.1 
   ijkl-minl-njmk |   3744 |   2704 |  5184 | 1.00 | 0.92 |       286.3 |   286.3 |   286.3 
     aqrs-pa-pqrs |     72 | 140608 |    72 | 1.00 | 1.00 |        55.1 |    55.1 |    55.1 
     abrs-qb-aqrs |     52 | 194688 |    72 | 1.00 | 1.00 |       146.9 |   146.9 |   146.9 
     abcs-rc-abrs |     52 | 194688 |    72 | 1.00 | 1.00 |       111.4 |   111.4 |   111.4 
       abj-bka-kj |  46656 |    204 |   216 | 1.00 | 1.00 |       209.3 |   209.3 |   209.3 
       ajb-kba-jk |  44064 |    216 |   216 | 1.00 | 1.00 |       299.1 |   299.1 |   299.1 
     abjc-cbka-kj | 269568 |     52 |    72 | 1.00 | 1.00 |        40.6 |    40.6 |    40.6 
     ajbc-ckba-jk | 269568 |     72 |    52 | 1.00 | 1.00 |        50.8 |    50.8 |    50.8 
     abjc-kbac-jk | 194688 |     72 |    72 | 1.00 | 1.00 |       175.3 |   175.3 |   175.3 
   abjcd-dkbac-jk | 331776 |     24 |    24 | 1.00 | 1.00 |        21.6 |    21.6 |    21.6 
   adbjc-cbdka-kj | 331776 |     24 |    24 | 1.00 | 1.00 |        15.0 |    15.0 |    15.0 
   ajbdc-ckbad-jk | 331776 |     24 |    24 | 1.00 | 1.00 |        21.5 |    21.5 |    21.5 
 abcijk-ijma-mkbc |   9216 |   4096 |    24 | 1.00 | 0.99 |        93.7 |    93.7 |    93.7 
 abcijk-ijmb-mkac |   6144 |   6144 |    24 | 1.00 | 0.75 |        97.1 |    97.1 |    97.1 
 abcijk-ijmc-mkab |   6144 |   6144 |    24 | 1.00 | 0.75 |        72.9 |    72.9 |    72.9 
 abcijk-ikma-mjbc |   9216 |   4096 |    24 | 1.00 | 0.99 |        79.0 |    79.0 |    79.0 
 abcijk-ikmb-mjac |   6144 |   6144 |    24 | 1.00 | 0.75 |        96.5 |    96.5 |    96.5 
 abcijk-ikmc-mjab |   6144 |   6144 |    24 | 1.00 | 0.75 |        75.4 |    75.4 |    75.4 
 abcijk-jkma-mibc |   9216 |   4096 |    24 | 1.00 | 0.99 |        93.4 |    93.4 |    93.4 
 abcijk-jkmb-miac |   6144 |   6144 |    24 | 1.00 | 0.75 |        96.0 |    96.0 |    96.0 
 abcijk-jkmc-miab |   6144 |   6144 |    24 | 1.00 | 0.75 |        72.3 |    72.3 |    72.3 
 abcijk-eiab-jkec |   6144 |   6144 |    24 | 1.00 | 0.75 |        73.8 |    73.8 |    73.8 
 abcijk-eiac-jkeb |   6144 |   6144 |    24 | 1.00 | 0.75 |        93.8 |    93.8 |    93.8 
 abcijk-eibc-jkea |   4096 |   9216 |    24 | 1.00 | 0.99 |        93.3 |    93.3 |    93.3 
 abcijk-ejab-ikec |   6144 |   6144 |    24 | 1.00 | 0.75 |        68.8 |    68.8 |    68.8 
 abcijk-ejac-ikeb |   6144 |   6144 |    24 | 1.00 | 0.75 |        96.3 |    96.3 |    96.3 
 abcijk-ejbc-ikea |   4096 |   9216 |    24 | 1.00 | 0.99 |        98.0 |    98.0 |    98.0 
 abcijk-ekab-ijec |   6144 |   6144 |    24 | 1.00 | 0.75 |        76.7 |    76.7 |    76.7 
 abcijk-ekac-ijeb |   6144 |   6144 |    24 | 1.00 | 0.75 |        97.1 |    97.1 |    97.1 
 abcijk-ekbc-ijea |   4096 |   9216 |    24 | 1.00 | 0.99 |        98.9 |    98.9 |    98.9 
       abc-bk-akc |    216 |  44064 |   204 | 1.00 | 1.00 |       205.1 |   205.1 |   205.1 

=== c64 ===
             case |      m |      n |     k | regA | regB | planar GF/s | 1m GF/s | 3m GF/s 
------------------+--------+--------+-------+------+------+-------------+---------+---------
         ij-ik-kj |   2904 |   2896 |  2904 | 1.00 | 1.00 |       318.3 |   316.8 |   312.7 
       ij-ikl-ljk |    216 |    204 | 44064 | 1.00 | 1.00 |       196.6 |   199.8 |   199.2 
       ij-kil-lkj |    216 |    204 | 46656 | 1.00 | 1.00 |       198.9 |   208.0 |   189.7 
       ijk-ikl-lj |  44064 |    204 |   216 | 1.00 | 1.00 |       309.0 |   303.2 |   301.1 
       ijk-il-jlk |    216 |  44064 |   204 | 1.00 | 0.98 |       230.4 |   239.7 |   194.7 
       ijk-ilk-jl |  44064 |    216 |   204 | 1.00 | 1.00 |       278.3 |   347.3 |   309.9 
       ijk-ilk-lj |  44064 |    204 |   216 | 1.00 | 1.00 |       281.2 |   347.2 |   229.0 
     ijk-ilmk-mjl |   3744 |     52 |  3744 | 1.00 | 1.00 |       228.5 |   183.4 |   205.7 
   ijkl-imjn-lnkm |   3744 |   3744 |  2704 | 1.00 | 0.92 |       324.5 |   333.9 |   311.4 
   ijkl-imjn-nlmk |   3744 |   2704 |  3744 | 1.00 | 0.92 |       327.2 |   336.3 |   317.4 
   ijkl-imkn-jnlm |   3744 |   3744 |  2704 | 1.00 | 0.95 |       326.5 |   328.1 |   306.1 
   ijkl-imkn-njml |   3744 |   2704 |  3744 | 1.00 | 0.92 |       322.5 |   328.7 |   305.3 
   ijkl-imln-jnkm |   3744 |   3744 |  2704 | 1.00 | 0.95 |       328.2 |   325.0 |   304.2 
   ijkl-imln-njmk |   3744 |   2704 |  3744 | 1.00 | 0.92 |       326.2 |   322.7 |   303.2 
   ijkl-imnj-nlkm |   3744 |   2704 |  3744 | 1.00 | 0.92 |       330.6 |   339.5 |   314.7 
   ijkl-imnk-njml |   3744 |   2704 |  3744 | 1.00 | 0.92 |       328.2 |   330.7 |   305.2 
   ijkl-minj-nlmk |   3744 |   2704 |  5184 | 1.00 | 0.92 |       327.6 |   335.4 |   325.9 
   ijkl-mink-jnlm |   3744 |   3744 |  3744 | 1.00 | 0.95 |       328.7 |   331.3 |   316.0 
   ijkl-minl-njmk |   3744 |   2704 |  5184 | 1.00 | 0.92 |       321.7 |   325.7 |   314.6 
     aqrs-pa-pqrs |     72 | 140608 |    72 | 1.00 | 1.00 |       127.3 |   129.7 |    71.4 
     abrs-qb-aqrs |     52 | 194688 |    72 | 1.00 | 1.00 |       153.7 |   229.9 |   143.5 
     abcs-rc-abrs |     52 | 194688 |    72 | 1.00 | 1.00 |       152.4 |   203.6 |   159.0 
       abj-bka-kj |  46656 |    204 |   216 | 1.00 | 1.00 |       272.1 |   261.9 |   266.9 
       ajb-kba-jk |  44064 |    216 |   216 | 1.00 | 1.00 |       284.3 |   350.4 |   341.1 
     abjc-cbka-kj | 269568 |     52 |    72 | 1.00 | 1.00 |       124.8 |   113.6 |   125.3 
     ajbc-ckba-jk | 269568 |     72 |    52 | 1.00 | 1.00 |       138.6 |   128.4 |   123.3 
     abjc-kbac-jk | 194688 |     72 |    72 | 1.00 | 1.00 |       262.3 |   287.3 |   282.2 
   abjcd-dkbac-jk | 331776 |     24 |    24 | 1.00 | 1.00 |        46.4 |    45.8 |    56.8 
   adbjc-cbdka-kj | 331776 |     24 |    24 | 1.00 | 1.00 |        54.4 |    52.5 |    44.9 
   ajbdc-ckbad-jk | 331776 |     24 |    24 | 1.00 | 1.00 |        56.2 |    54.3 |    56.0 
 abcijk-ijma-mkbc |   9216 |   4096 |    24 | 1.00 | 0.99 |       167.7 |   146.4 |   177.6 
 abcijk-ijmb-mkac |   6144 |   6144 |    24 | 1.00 | 0.75 |       163.8 |   182.1 |   162.1 
 abcijk-ijmc-mkab |   6144 |   6144 |    24 | 1.00 | 0.75 |       164.9 |   163.3 |   112.7 
 abcijk-ikma-mjbc |   9216 |   4096 |    24 | 1.00 | 0.99 |       177.7 |   184.1 |   177.9 
 abcijk-ikmb-mjac |   6144 |   6144 |    24 | 1.00 | 0.75 |       174.2 |   172.8 |   172.4 
 abcijk-ikmc-mjab |   6144 |   6144 |    24 | 1.00 | 0.75 |       163.8 |   176.6 |   171.2 
 abcijk-jkma-mibc |   9216 |   4096 |    24 | 1.00 | 0.99 |       165.6 |   182.4 |   168.1 
 abcijk-jkmb-miac |   6144 |   6144 |    24 | 1.00 | 0.75 |       159.8 |   163.6 |   169.4 
 abcijk-jkmc-miab |   6144 |   6144 |    24 | 1.00 | 0.75 |       134.0 |   123.5 |   161.2 
 abcijk-eiab-jkec |   6144 |   6144 |    24 | 1.00 | 0.75 |       134.4 |   124.8 |   159.8 
 abcijk-eiac-jkeb |   6144 |   6144 |    24 | 1.00 | 0.75 |       154.5 |   157.9 |   161.3 
 abcijk-eibc-jkea |   4096 |   9216 |    24 | 1.00 | 0.99 |       173.3 |   185.2 |   180.6 
 abcijk-ejab-ikec |   6144 |   6144 |    24 | 1.00 | 0.75 |       151.8 |   177.5 |   163.7 
 abcijk-ejac-ikeb |   6144 |   6144 |    24 | 1.00 | 0.75 |       172.5 |   171.4 |   171.8 
 abcijk-ejbc-ikea |   4096 |   9216 |    24 | 1.00 | 0.99 |       177.6 |   172.3 |   155.3 
 abcijk-ekab-ijec |   6144 |   6144 |    24 | 1.00 | 0.75 |       158.8 |   177.9 |   171.6 
 abcijk-ekac-ijeb |   6144 |   6144 |    24 | 1.00 | 0.75 |       173.2 |   171.1 |   161.8 
 abcijk-ekbc-ijea |   4096 |   9216 |    24 | 1.00 | 0.99 |       154.7 |   160.4 |   133.8 
       abc-bk-akc |    216 |  44064 |   204 | 1.00 | 1.00 |       327.7 |   344.0 |   305.8 

=== complex efficiency ratio (c64 GF/s over f64 GF/s; 1.0 = no penalty) ===
             case | planar c64/f64 | 1m c64/f64 | 3m c64/f64 
------------------+----------------+------------+------------
         ij-ik-kj |          1.208 |      1.202 |      1.187 
       ij-ikl-ljk |          2.173 |      2.207 |      2.201 
       ij-kil-lkj |          2.649 |      2.770 |      2.527 
       ijk-ikl-lj |          1.269 |      1.245 |      1.237 
       ijk-il-jlk |          2.228 |      2.318 |      1.882 
       ijk-ilk-jl |          0.964 |      1.203 |      1.074 
       ijk-ilk-lj |          1.400 |      1.728 |      1.140 
     ijk-ilmk-mjl |          2.302 |      1.848 |      2.073 
   ijkl-imjn-lnkm |          1.130 |      1.162 |      1.084 
   ijkl-imjn-nlmk |          1.148 |      1.180 |      1.114 
   ijkl-imkn-jnlm |          1.138 |      1.144 |      1.067 
   ijkl-imkn-njml |          1.125 |      1.146 |      1.065 
   ijkl-imln-jnkm |          1.126 |      1.115 |      1.043 
   ijkl-imln-njmk |          1.150 |      1.138 |      1.069 
   ijkl-imnj-nlkm |          1.159 |      1.190 |      1.103 
   ijkl-imnk-njml |          1.160 |      1.168 |      1.079 
   ijkl-minj-nlmk |          1.181 |      1.209 |      1.175 
   ijkl-mink-jnlm |          1.137 |      1.146 |      1.093 
   ijkl-minl-njmk |          1.124 |      1.137 |      1.099 
     aqrs-pa-pqrs |          2.310 |      2.353 |      1.295 
     abrs-qb-aqrs |          1.046 |      1.565 |      0.977 
     abcs-rc-abrs |          1.368 |      1.828 |      1.428 
       abj-bka-kj |          1.300 |      1.251 |      1.275 
       ajb-kba-jk |          0.950 |      1.171 |      1.140 
     abjc-cbka-kj |          3.073 |      2.795 |      3.085 
     ajbc-ckba-jk |          2.729 |      2.529 |      2.427 
     abjc-kbac-jk |          1.496 |      1.639 |      1.610 
   abjcd-dkbac-jk |          2.145 |      2.116 |      2.623 
   adbjc-cbdka-kj |          3.623 |      3.494 |      2.990 
   ajbdc-ckbad-jk |          2.609 |      2.519 |      2.599 
 abcijk-ijma-mkbc |          1.789 |      1.562 |      1.895 
 abcijk-ijmb-mkac |          1.687 |      1.875 |      1.670 
 abcijk-ijmc-mkab |          2.263 |      2.241 |      1.546 
 abcijk-ikma-mjbc |          2.251 |      2.331 |      2.253 
 abcijk-ikmb-mjac |          1.805 |      1.790 |      1.786 
 abcijk-ikmc-mjab |          2.173 |      2.341 |      2.271 
 abcijk-jkma-mibc |          1.773 |      1.952 |      1.799 
 abcijk-jkmb-miac |          1.664 |      1.703 |      1.763 
 abcijk-jkmc-miab |          1.854 |      1.709 |      2.231 
 abcijk-eiab-jkec |          1.822 |      1.691 |      2.165 
 abcijk-eiac-jkeb |          1.647 |      1.682 |      1.718 
 abcijk-eibc-jkea |          1.858 |      1.986 |      1.937 
 abcijk-ejab-ikec |          2.205 |      2.580 |      2.379 
 abcijk-ejac-ikeb |          1.791 |      1.780 |      1.783 
 abcijk-ejbc-ikea |          1.811 |      1.757 |      1.584 
 abcijk-ekab-ijec |          2.072 |      2.320 |      2.239 
 abcijk-ekac-ijeb |          1.784 |      1.763 |      1.667 
 abcijk-ekbc-ijea |          1.565 |      1.622 |      1.353 
       abc-bk-akc |          1.598 |      1.678 |      1.491 
             MEAN |          1.731 |      1.773 |      1.679 

wrote bench-results/worker5479-zen2/phase4f/th-t8-f64c64.csv
