host        : worker5479
target      : x86_64 / linux
cpu features: avx2 fma 
caches      : L1=32KiB/8-way/1sh L2=512KiB/8-way/1sh L3=16384KiB/16-way/4sh (via sysfs), blocking=legacy
l3 domains  : t1=1 t4=1 t8=2 t16=4
baselines   : tblis=false blas=false

sweeping 49 cases at 64 MiB nominal tensor size, 3 reps, stress=none


=== f32 ===
             case |      m |      n |     k | regA | regB | planar GF/s | 1m GF/s | 3m GF/s 
------------------+--------+--------+-------+------+------+-------------+---------+---------
         ij-ik-kj |   2904 |   2896 |  2904 | 1.00 | 1.00 |       515.4 |   515.4 |   515.4 
       ij-ikl-ljk |    216 |    204 | 44064 | 1.00 | 1.00 |       109.7 |   109.7 |   109.7 
       ij-kil-lkj |    216 |    204 | 46656 | 1.00 | 1.00 |       198.4 |   198.4 |   198.4 
       ijk-ikl-lj |  44064 |    204 |   216 | 1.00 | 1.00 |       334.7 |   334.7 |   334.7 
       ijk-il-jlk |    216 |  44064 |   204 | 1.00 | 1.00 |       263.3 |   263.3 |   263.3 
       ijk-ilk-jl |  44064 |    216 |   204 | 0.96 | 1.00 |       404.7 |   404.7 |   404.7 
       ijk-ilk-lj |  44064 |    204 |   216 | 0.96 | 1.00 |       299.8 |   299.8 |   299.8 
     ijk-ilmk-mjl |   3744 |     52 |  3744 | 0.89 | 1.00 |       247.7 |   247.7 |   247.7 
   ijkl-imjn-lnkm |   3744 |   3744 |  2704 | 0.89 | 0.92 |       529.3 |   529.3 |   529.3 
   ijkl-imjn-nlmk |   3744 |   2704 |  3744 | 0.89 | 0.92 |       545.1 |   545.1 |   545.1 
   ijkl-imkn-jnlm |   3744 |   3744 |  2704 | 0.89 | 1.00 |       564.0 |   564.0 |   564.0 
   ijkl-imkn-njml |   3744 |   2704 |  3744 | 0.89 | 0.92 |       556.1 |   556.1 |   556.1 
   ijkl-imln-jnkm |   3744 |   3744 |  2704 | 0.89 | 1.00 |       569.4 |   569.4 |   569.4 
   ijkl-imln-njmk |   3744 |   2704 |  3744 | 0.89 | 0.92 |       552.5 |   552.5 |   552.5 
   ijkl-imnj-nlkm |   3744 |   2704 |  3744 | 0.89 | 0.92 |       552.3 |   552.3 |   552.3 
   ijkl-imnk-njml |   3744 |   2704 |  3744 | 0.89 | 0.92 |       568.3 |   568.3 |   568.3 
   ijkl-minj-nlmk |   3744 |   2704 |  5184 | 0.89 | 0.92 |       540.8 |   540.8 |   540.8 
   ijkl-mink-jnlm |   3744 |   3744 |  3744 | 0.89 | 1.00 |       569.7 |   569.7 |   569.7 
   ijkl-minl-njmk |   3744 |   2704 |  5184 | 0.89 | 0.92 |       565.8 |   565.8 |   565.8 
     aqrs-pa-pqrs |     72 | 140608 |    72 | 1.00 | 1.00 |       288.4 |   288.4 |   288.4 
     abrs-qb-aqrs |     52 | 194688 |    72 | 0.89 | 1.00 |       241.7 |   241.7 |   241.7 
     abcs-rc-abrs |     52 | 194688 |    72 | 1.00 | 1.00 |       191.2 |   191.2 |   191.2 
       abj-bka-kj |  46656 |    204 |   216 | 0.96 | 1.00 |       361.8 |   361.8 |   361.8 
       ajb-kba-jk |  44064 |    216 |   216 | 0.96 | 1.00 |       540.3 |   540.3 |   540.3 
     abjc-cbka-kj | 269568 |     52 |    72 | 0.89 | 1.00 |        39.9 |    39.9 |    39.9 
     ajbc-ckba-jk | 269568 |     72 |    52 | 0.89 | 1.00 |        55.0 |    55.0 |    55.0 
     abjc-kbac-jk | 194688 |     72 |    72 | 0.89 | 1.00 |       316.8 |   316.8 |   316.8 
   abjcd-dkbac-jk | 331776 |     24 |    24 | 0.67 | 1.00 |        37.5 |    37.5 |    37.5 
   adbjc-cbdka-kj | 331776 |     24 |    24 | 0.67 | 1.00 |        35.2 |    35.2 |    35.2 
   ajbdc-ckbad-jk | 331776 |     24 |    24 | 1.00 | 1.00 |        23.9 |    23.9 |    23.9 
 abcijk-ijma-mkbc |   9216 |   4096 |    24 | 1.00 | 1.00 |       164.6 |   164.6 |   164.6 
 abcijk-ijmb-mkac |   6144 |   6144 |    24 | 1.00 | 1.00 |       154.1 |   154.1 |   154.1 
 abcijk-ijmc-mkab |   6144 |   6144 |    24 | 1.00 | 0.75 |       133.1 |   133.1 |   133.1 
 abcijk-ikma-mjbc |   9216 |   4096 |    24 | 1.00 | 1.00 |       192.1 |   192.1 |   192.1 
 abcijk-ikmb-mjac |   6144 |   6144 |    24 | 1.00 | 1.00 |       157.5 |   157.5 |   157.5 
 abcijk-ikmc-mjab |   6144 |   6144 |    24 | 1.00 | 0.75 |       180.1 |   180.1 |   180.1 
 abcijk-jkma-mibc |   9216 |   4096 |    24 | 1.00 | 1.00 |       150.6 |   150.6 |   150.6 
 abcijk-jkmb-miac |   6144 |   6144 |    24 | 1.00 | 1.00 |       157.4 |   157.4 |   157.4 
 abcijk-jkmc-miab |   6144 |   6144 |    24 | 1.00 | 0.75 |       172.1 |   172.1 |   172.1 
 abcijk-eiab-jkec |   6144 |   6144 |    24 | 1.00 | 0.75 |       170.5 |   170.5 |   170.5 
 abcijk-eiac-jkeb |   6144 |   6144 |    24 | 1.00 | 1.00 |       157.0 |   157.0 |   157.0 
 abcijk-eibc-jkea |   4096 |   9216 |    24 | 1.00 | 1.00 |       191.7 |   191.7 |   191.7 
 abcijk-ejab-ikec |   6144 |   6144 |    24 | 1.00 | 0.75 |       161.4 |   161.4 |   161.4 
 abcijk-ejac-ikeb |   6144 |   6144 |    24 | 1.00 | 1.00 |       155.6 |   155.6 |   155.6 
 abcijk-ejbc-ikea |   4096 |   9216 |    24 | 1.00 | 1.00 |       193.3 |   193.3 |   193.3 
 abcijk-ekab-ijec |   6144 |   6144 |    24 | 1.00 | 0.75 |       150.9 |   150.9 |   150.9 
 abcijk-ekac-ijeb |   6144 |   6144 |    24 | 1.00 | 1.00 |       114.8 |   114.8 |   114.8 
 abcijk-ekbc-ijea |   4096 |   9216 |    24 | 1.00 | 1.00 |       192.9 |   192.9 |   192.9 
       abc-bk-akc |    216 |  44064 |   204 | 0.96 | 1.00 |       290.0 |   290.0 |   290.0 

=== c32 ===
             case |      m |      n |     k | regA | regB | planar GF/s | 1m GF/s | 3m GF/s 
------------------+--------+--------+-------+------+------+-------------+---------+---------
         ij-ik-kj |   2904 |   2896 |  2904 | 1.00 | 1.00 |       628.8 |   633.0 |   593.2 
       ij-ikl-ljk |    216 |    204 | 44064 | 1.00 | 1.00 |       346.8 |   222.4 |   308.3 
       ij-kil-lkj |    216 |    204 | 46656 | 1.00 | 1.00 |       325.4 |   287.7 |   311.1 
       ijk-ikl-lj |  44064 |    204 |   216 | 1.00 | 1.00 |       578.2 |   583.8 |   598.2 
       ijk-il-jlk |    216 |  44064 |   204 | 1.00 | 0.98 |       404.4 |   421.6 |   367.8 
       ijk-ilk-jl |  44064 |    216 |   204 | 1.00 | 1.00 |       609.5 |   592.8 |   594.5 
       ijk-ilk-lj |  44064 |    204 |   216 | 1.00 | 1.00 |       615.2 |   558.7 |   598.3 
     ijk-ilmk-mjl |   3744 |     52 |  3744 | 1.00 | 1.00 |       417.7 |   408.9 |   405.9 
   ijkl-imjn-lnkm |   3744 |   3744 |  2704 | 1.00 | 0.92 |       627.9 |   627.3 |   614.5 
   ijkl-imjn-nlmk |   3744 |   2704 |  3744 | 1.00 | 0.92 |       637.2 |   644.2 |   630.0 
   ijkl-imkn-jnlm |   3744 |   3744 |  2704 | 1.00 | 0.95 |       628.6 |   624.6 |   615.6 
   ijkl-imkn-njml |   3744 |   2704 |  3744 | 1.00 | 0.92 |       638.9 |   628.4 |   632.6 
   ijkl-imln-jnkm |   3744 |   3744 |  2704 | 1.00 | 0.95 |       625.5 |   618.1 |   628.5 
   ijkl-imln-njmk |   3744 |   2704 |  3744 | 1.00 | 0.92 |       634.1 |   632.0 |   626.4 
   ijkl-imnj-nlkm |   3744 |   2704 |  3744 | 1.00 | 0.92 |       638.7 |   633.0 |   636.4 
   ijkl-imnk-njml |   3744 |   2704 |  3744 | 1.00 | 0.92 |       639.7 |   627.8 |   634.1 
   ijkl-minj-nlmk |   3744 |   2704 |  5184 | 1.00 | 0.92 |       633.0 |   640.5 |   645.2 
   ijkl-mink-jnlm |   3744 |   3744 |  3744 | 1.00 | 0.95 |       639.1 |   645.1 |   647.0 
   ijkl-minl-njmk |   3744 |   2704 |  5184 | 1.00 | 0.92 |       627.7 |   630.5 |   638.7 
     aqrs-pa-pqrs |     72 | 140608 |    72 | 1.00 | 1.00 |       162.2 |   185.7 |   139.7 
     abrs-qb-aqrs |     52 | 194688 |    72 | 1.00 | 1.00 |       367.5 |   290.4 |   335.6 
     abcs-rc-abrs |     52 | 194688 |    72 | 1.00 | 1.00 |       256.5 |   332.2 |   259.0 
       abj-bka-kj |  46656 |    204 |   216 | 1.00 | 1.00 |       515.3 |   450.5 |   473.8 
       ajb-kba-jk |  44064 |    216 |   216 | 1.00 | 1.00 |       643.9 |   652.1 |   468.6 
     abjc-cbka-kj | 269568 |     52 |    72 | 1.00 | 1.00 |       131.4 |   112.6 |   138.6 
     ajbc-ckba-jk | 269568 |     72 |    52 | 1.00 | 1.00 |       171.1 |   161.7 |   166.6 
     abjc-kbac-jk | 194688 |     72 |    72 | 1.00 | 1.00 |       411.6 |   504.9 |   427.5 
   abjcd-dkbac-jk | 331776 |     24 |    24 | 1.00 | 1.00 |        78.1 |    73.5 |    84.6 
   adbjc-cbdka-kj | 331776 |     24 |    24 | 1.00 | 1.00 |        74.8 |    64.7 |    67.3 
   ajbdc-ckbad-jk | 331776 |     24 |    24 | 1.00 | 1.00 |        77.5 |    73.2 |    74.9 
 abcijk-ijma-mkbc |   9216 |   4096 |    24 | 1.00 | 0.99 |       226.4 |   376.8 |   362.2 
 abcijk-ijmb-mkac |   6144 |   6144 |    24 | 1.00 | 0.75 |       295.6 |   308.2 |   340.1 
 abcijk-ijmc-mkab |   6144 |   6144 |    24 | 1.00 | 0.75 |       295.8 |   339.7 |   233.7 
 abcijk-ikma-mjbc |   9216 |   4096 |    24 | 1.00 | 0.99 |       278.5 |   378.6 |   364.5 
 abcijk-ikmb-mjac |   6144 |   6144 |    24 | 1.00 | 0.75 |       337.1 |   216.2 |   341.0 
 abcijk-ikmc-mjab |   6144 |   6144 |    24 | 1.00 | 0.75 |       243.6 |   308.0 |   305.9 
 abcijk-jkma-mibc |   9216 |   4096 |    24 | 1.00 | 0.99 |       318.9 |   378.3 |   355.3 
 abcijk-jkmb-miac |   6144 |   6144 |    24 | 1.00 | 0.75 |       290.9 |   347.2 |   288.9 
 abcijk-jkmc-miab |   6144 |   6144 |    24 | 1.00 | 0.75 |       252.0 |   282.4 |   274.8 
 abcijk-eiab-jkec |   6144 |   6144 |    24 | 1.00 | 0.75 |       251.5 |   291.3 |   265.8 
 abcijk-eiac-jkeb |   6144 |   6144 |    24 | 1.00 | 0.75 |       331.1 |   291.8 |   315.7 
 abcijk-eibc-jkea |   4096 |   9216 |    24 | 1.00 | 0.99 |       349.7 |   375.7 |   209.8 
 abcijk-ejab-ikec |   6144 |   6144 |    24 | 1.00 | 0.75 |       307.5 |   337.5 |   285.6 
 abcijk-ejac-ikeb |   6144 |   6144 |    24 | 1.00 | 0.75 |       332.4 |   349.1 |   334.8 
 abcijk-ejbc-ikea |   4096 |   9216 |    24 | 1.00 | 0.99 |       316.9 |   294.7 |   358.2 
 abcijk-ekab-ijec |   6144 |   6144 |    24 | 1.00 | 0.75 |       286.0 |   255.0 |   285.9 
 abcijk-ekac-ijeb |   6144 |   6144 |    24 | 1.00 | 0.75 |       332.4 |   356.8 |   206.4 
 abcijk-ekbc-ijea |   4096 |   9216 |    24 | 1.00 | 0.99 |       359.7 |   369.3 |   334.6 
       abc-bk-akc |    216 |  44064 |   204 | 1.00 | 1.00 |       603.8 |   453.6 |   598.2 

=== complex efficiency ratio (c32 GF/s over f32 GF/s; 1.0 = no penalty) ===
             case | planar c32/f32 | 1m c32/f32 | 3m c32/f32 
------------------+----------------+------------+------------
         ij-ik-kj |          1.220 |      1.228 |      1.151 
       ij-ikl-ljk |          3.160 |      2.027 |      2.809 
       ij-kil-lkj |          1.640 |      1.450 |      1.568 
       ijk-ikl-lj |          1.727 |      1.744 |      1.787 
       ijk-il-jlk |          1.536 |      1.601 |      1.397 
       ijk-ilk-jl |          1.506 |      1.465 |      1.469 
       ijk-ilk-lj |          2.052 |      1.863 |      1.995 
     ijk-ilmk-mjl |          1.687 |      1.651 |      1.639 
   ijkl-imjn-lnkm |          1.186 |      1.185 |      1.161 
   ijkl-imjn-nlmk |          1.169 |      1.182 |      1.156 
   ijkl-imkn-jnlm |          1.115 |      1.107 |      1.092 
   ijkl-imkn-njml |          1.149 |      1.130 |      1.137 
   ijkl-imln-jnkm |          1.099 |      1.086 |      1.104 
   ijkl-imln-njmk |          1.148 |      1.144 |      1.134 
   ijkl-imnj-nlkm |          1.157 |      1.146 |      1.152 
   ijkl-imnk-njml |          1.126 |      1.105 |      1.116 
   ijkl-minj-nlmk |          1.171 |      1.184 |      1.193 
   ijkl-mink-jnlm |          1.122 |      1.132 |      1.136 
   ijkl-minl-njmk |          1.109 |      1.114 |      1.129 
     aqrs-pa-pqrs |          0.563 |      0.644 |      0.484 
     abrs-qb-aqrs |          1.521 |      1.201 |      1.389 
     abcs-rc-abrs |          1.341 |      1.738 |      1.354 
       abj-bka-kj |          1.424 |      1.245 |      1.310 
       ajb-kba-jk |          1.192 |      1.207 |      0.867 
     abjc-cbka-kj |          3.290 |      2.820 |      3.471 
     ajbc-ckba-jk |          3.113 |      2.942 |      3.031 
     abjc-kbac-jk |          1.299 |      1.594 |      1.349 
   abjcd-dkbac-jk |          2.080 |      1.958 |      2.252 
   adbjc-cbdka-kj |          2.124 |      1.838 |      1.911 
   ajbdc-ckbad-jk |          3.238 |      3.057 |      3.129 
 abcijk-ijma-mkbc |          1.375 |      2.289 |      2.200 
 abcijk-ijmb-mkac |          1.918 |      2.000 |      2.207 
 abcijk-ijmc-mkab |          2.223 |      2.552 |      1.756 
 abcijk-ikma-mjbc |          1.450 |      1.971 |      1.897 
 abcijk-ikmb-mjac |          2.141 |      1.373 |      2.165 
 abcijk-ikmc-mjab |          1.352 |      1.710 |      1.699 
 abcijk-jkma-mibc |          2.118 |      2.512 |      2.359 
 abcijk-jkmb-miac |          1.848 |      2.206 |      1.836 
 abcijk-jkmc-miab |          1.464 |      1.641 |      1.597 
 abcijk-eiab-jkec |          1.475 |      1.708 |      1.559 
 abcijk-eiac-jkeb |          2.109 |      1.859 |      2.011 
 abcijk-eibc-jkea |          1.824 |      1.959 |      1.094 
 abcijk-ejab-ikec |          1.905 |      2.091 |      1.769 
 abcijk-ejac-ikeb |          2.136 |      2.244 |      2.151 
 abcijk-ejbc-ikea |          1.640 |      1.525 |      1.853 
 abcijk-ekab-ijec |          1.895 |      1.690 |      1.895 
 abcijk-ekac-ijeb |          2.894 |      3.107 |      1.797 
 abcijk-ekbc-ijea |          1.865 |      1.914 |      1.734 
       abc-bk-akc |          2.082 |      1.564 |      2.063 
             MEAN |          1.714 |      1.708 |      1.684 

wrote bench-results/worker5479-zen2/phase4f/th-t8-f32c32.csv
