host        : worker5479
target      : x86_64 / linux
cpu features: avx2 fma 
caches      : L1=32KiB/8-way/1sh L2=512KiB/8-way/1sh L3=16384KiB/16-way/4sh (via sysfs), blocking=legacy
l3 domains  : t1=1
baselines   : tblis=false blas=false

sweeping 49 cases at 64 MiB nominal tensor size, 3 reps, stress=none


=== f64 ===
             case |      m |      n |     k | regA | regB | planar GF/s | 1m GF/s | 3m GF/s 
------------------+--------+--------+-------+------+------+-------------+---------+---------
         ij-ik-kj |   2904 |   2896 |  2904 | 1.00 | 1.00 |        41.4 |    41.4 |    41.4 
       ij-ikl-ljk |    216 |    204 | 44064 | 1.00 | 1.00 |        32.8 |    32.8 |    32.8 
       ij-kil-lkj |    216 |    204 | 46656 | 1.00 | 1.00 |        32.8 |    32.8 |    32.8 
       ijk-ikl-lj |  44064 |    204 |   216 | 1.00 | 1.00 |        34.6 |    34.6 |    34.6 
       ijk-il-jlk |    216 |  44064 |   204 | 1.00 | 1.00 |        35.7 |    35.7 |    35.7 
       ijk-ilk-jl |  44064 |    216 |   204 | 1.00 | 1.00 |        40.7 |    40.7 |    40.7 
       ijk-ilk-lj |  44064 |    204 |   216 | 1.00 | 1.00 |        39.8 |    39.8 |    39.8 
     ijk-ilmk-mjl |   3744 |     52 |  3744 | 1.00 | 1.00 |        30.0 |    30.0 |    30.0 
   ijkl-imjn-lnkm |   3744 |   3744 |  2704 | 1.00 | 0.92 |        42.0 |    42.0 |    42.0 
   ijkl-imjn-nlmk |   3744 |   2704 |  3744 | 1.00 | 0.92 |        42.0 |    42.0 |    42.0 
   ijkl-imkn-jnlm |   3744 |   3744 |  2704 | 1.00 | 1.00 |        40.3 |    40.3 |    40.3 
   ijkl-imkn-njml |   3744 |   2704 |  3744 | 1.00 | 0.92 |        40.5 |    40.5 |    40.5 
   ijkl-imln-jnkm |   3744 |   3744 |  2704 | 1.00 | 1.00 |        40.4 |    40.4 |    40.4 
   ijkl-imln-njmk |   3744 |   2704 |  3744 | 1.00 | 0.92 |        40.6 |    40.6 |    40.6 
   ijkl-imnj-nlkm |   3744 |   2704 |  3744 | 1.00 | 0.92 |        42.2 |    42.2 |    42.2 
   ijkl-imnk-njml |   3744 |   2704 |  3744 | 1.00 | 0.92 |        40.5 |    40.5 |    40.5 
   ijkl-minj-nlmk |   3744 |   2704 |  5184 | 1.00 | 0.92 |        41.3 |    41.3 |    41.3 
   ijkl-mink-jnlm |   3744 |   3744 |  3744 | 1.00 | 1.00 |        39.7 |    39.7 |    39.7 
   ijkl-minl-njmk |   3744 |   2704 |  5184 | 1.00 | 0.92 |        39.8 |    39.8 |    39.8 
     aqrs-pa-pqrs |     72 | 140608 |    72 | 1.00 | 1.00 |        24.4 |    24.4 |    24.4 
     abrs-qb-aqrs |     52 | 194688 |    72 | 1.00 | 1.00 |        24.6 |    24.6 |    24.6 
     abcs-rc-abrs |     52 | 194688 |    72 | 1.00 | 1.00 |        23.7 |    23.7 |    23.7 
       abj-bka-kj |  46656 |    204 |   216 | 1.00 | 1.00 |        36.7 |    36.7 |    36.7 
       ajb-kba-jk |  44064 |    216 |   216 | 1.00 | 1.00 |        41.1 |    41.1 |    41.1 
     abjc-cbka-kj | 269568 |     52 |    72 | 1.00 | 1.00 |        12.5 |    12.5 |    12.5 
     ajbc-ckba-jk | 269568 |     72 |    52 | 1.00 | 1.00 |        18.9 |    18.9 |    18.9 
     abjc-kbac-jk | 194688 |     72 |    72 | 1.00 | 1.00 |        31.2 |    31.2 |    31.2 
   abjcd-dkbac-jk | 331776 |     24 |    24 | 1.00 | 1.00 |         5.9 |     5.9 |     5.9 
   adbjc-cbdka-kj | 331776 |     24 |    24 | 1.00 | 1.00 |         4.8 |     4.8 |     4.8 
   ajbdc-ckbad-jk | 331776 |     24 |    24 | 1.00 | 1.00 |         5.6 |     5.6 |     5.6 
 abcijk-ijma-mkbc |   9216 |   4096 |    24 | 1.00 | 0.99 |        21.8 |    21.8 |    21.8 
 abcijk-ijmb-mkac |   6144 |   6144 |    24 | 1.00 | 0.75 |        19.8 |    19.8 |    19.8 
 abcijk-ijmc-mkab |   6144 |   6144 |    24 | 1.00 | 0.75 |        24.4 |    24.4 |    24.4 
 abcijk-ikma-mjbc |   9216 |   4096 |    24 | 1.00 | 0.99 |        21.9 |    21.9 |    21.9 
 abcijk-ikmb-mjac |   6144 |   6144 |    24 | 1.00 | 0.75 |        19.8 |    19.8 |    19.8 
 abcijk-ikmc-mjab |   6144 |   6144 |    24 | 1.00 | 0.75 |        24.2 |    24.2 |    24.2 
 abcijk-jkma-mibc |   9216 |   4096 |    24 | 1.00 | 0.99 |        22.2 |    22.2 |    22.2 
 abcijk-jkmb-miac |   6144 |   6144 |    24 | 1.00 | 0.75 |        19.4 |    19.4 |    19.4 
 abcijk-jkmc-miab |   6144 |   6144 |    24 | 1.00 | 0.75 |        22.5 |    22.5 |    22.5 
 abcijk-eiab-jkec |   6144 |   6144 |    24 | 1.00 | 0.75 |        22.5 |    22.5 |    22.5 
 abcijk-eiac-jkeb |   6144 |   6144 |    24 | 1.00 | 0.75 |        19.3 |    19.3 |    19.3 
 abcijk-eibc-jkea |   4096 |   9216 |    24 | 1.00 | 0.99 |        22.1 |    22.1 |    22.1 
 abcijk-ejab-ikec |   6144 |   6144 |    24 | 1.00 | 0.75 |        24.1 |    24.1 |    24.1 
 abcijk-ejac-ikeb |   6144 |   6144 |    24 | 1.00 | 0.75 |        19.7 |    19.7 |    19.7 
 abcijk-ejbc-ikea |   4096 |   9216 |    24 | 1.00 | 0.99 |        21.8 |    21.8 |    21.8 
 abcijk-ekab-ijec |   6144 |   6144 |    24 | 1.00 | 0.75 |        24.2 |    24.2 |    24.2 
 abcijk-ekac-ijeb |   6144 |   6144 |    24 | 1.00 | 0.75 |        19.8 |    19.8 |    19.8 
 abcijk-ekbc-ijea |   4096 |   9216 |    24 | 1.00 | 0.99 |        21.8 |    21.8 |    21.8 
       abc-bk-akc |    216 |  44064 |   204 | 1.00 | 1.00 |        40.3 |    40.3 |    40.3 

=== c64 ===
             case |      m |      n |     k | regA | regB | planar GF/s | 1m GF/s | 3m GF/s 
------------------+--------+--------+-------+------+------+-------------+---------+---------
         ij-ik-kj |   2904 |   2896 |  2904 | 1.00 | 1.00 |        43.1 |    43.6 |    42.3 
       ij-ikl-ljk |    216 |    204 | 44064 | 1.00 | 1.00 |        38.9 |    41.1 |    36.6 
       ij-kil-lkj |    216 |    204 | 46656 | 1.00 | 1.00 |        39.6 |    40.6 |    39.8 
       ijk-ikl-lj |  44064 |    204 |   216 | 1.00 | 1.00 |        39.9 |    40.9 |    39.9 
       ijk-il-jlk |    216 |  44064 |   204 | 1.00 | 0.98 |        42.2 |    45.0 |    40.4 
       ijk-ilk-jl |  44064 |    216 |   204 | 1.00 | 1.00 |        42.9 |    45.6 |    40.9 
       ijk-ilk-lj |  44064 |    204 |   216 | 1.00 | 1.00 |        43.4 |    46.1 |    40.9 
     ijk-ilmk-mjl |   3744 |     52 |  3744 | 1.00 | 1.00 |        34.2 |    36.4 |    29.7 
   ijkl-imjn-lnkm |   3744 |   3744 |  2704 | 1.00 | 0.92 |        44.2 |    46.3 |    42.7 
   ijkl-imjn-nlmk |   3744 |   2704 |  3744 | 1.00 | 0.92 |        44.2 |    46.2 |    42.6 
   ijkl-imkn-jnlm |   3744 |   3744 |  2704 | 1.00 | 0.95 |        43.3 |    45.1 |    41.0 
   ijkl-imkn-njml |   3744 |   2704 |  3744 | 1.00 | 0.92 |        43.3 |    45.0 |    40.9 
   ijkl-imln-jnkm |   3744 |   3744 |  2704 | 1.00 | 0.95 |        43.2 |    45.1 |    40.9 
   ijkl-imln-njmk |   3744 |   2704 |  3744 | 1.00 | 0.92 |        43.3 |    45.0 |    41.0 
   ijkl-imnj-nlkm |   3744 |   2704 |  3744 | 1.00 | 0.92 |        44.0 |    46.3 |    42.5 
   ijkl-imnk-njml |   3744 |   2704 |  3744 | 1.00 | 0.92 |        43.4 |    45.1 |    41.0 
   ijkl-minj-nlmk |   3744 |   2704 |  5184 | 1.00 | 0.92 |        43.7 |    45.7 |    43.6 
   ijkl-mink-jnlm |   3744 |   3744 |  3744 | 1.00 | 0.95 |        43.1 |    44.7 |    42.1 
   ijkl-minl-njmk |   3744 |   2704 |  5184 | 1.00 | 0.92 |        43.0 |    44.3 |    41.9 
     aqrs-pa-pqrs |     72 | 140608 |    72 | 1.00 | 1.00 |        33.0 |    35.4 |    32.7 
     abrs-qb-aqrs |     52 | 194688 |    72 | 1.00 | 1.00 |        30.3 |    33.0 |    28.8 
     abcs-rc-abrs |     52 | 194688 |    72 | 1.00 | 1.00 |        29.8 |    33.2 |    32.0 
       abj-bka-kj |  46656 |    204 |   216 | 1.00 | 1.00 |        41.8 |    41.6 |    41.8 
       ajb-kba-jk |  44064 |    216 |   216 | 1.00 | 1.00 |        43.9 |    46.8 |    44.8 
     abjc-cbka-kj | 269568 |     52 |    72 | 1.00 | 1.00 |        20.7 |    18.5 |    20.9 
     ajbc-ckba-jk | 269568 |     72 |    52 | 1.00 | 1.00 |        22.5 |    20.9 |    22.2 
     abjc-kbac-jk | 194688 |     72 |    72 | 1.00 | 1.00 |        35.6 |    38.6 |    38.3 
   abjcd-dkbac-jk | 331776 |     24 |    24 | 1.00 | 1.00 |        12.3 |    11.2 |    12.1 
   adbjc-cbdka-kj | 331776 |     24 |    24 | 1.00 | 1.00 |        11.0 |     9.9 |    10.7 
   ajbdc-ckbad-jk | 331776 |     24 |    24 | 1.00 | 1.00 |        11.8 |    10.7 |    11.5 
 abcijk-ijma-mkbc |   9216 |   4096 |    24 | 1.00 | 0.99 |        26.7 |    29.7 |    26.7 
 abcijk-ijmb-mkac |   6144 |   6144 |    24 | 1.00 | 0.75 |        26.4 |    29.7 |    26.1 
 abcijk-ijmc-mkab |   6144 |   6144 |    24 | 1.00 | 0.75 |        29.6 |    33.7 |    28.9 
 abcijk-ikma-mjbc |   9216 |   4096 |    24 | 1.00 | 0.99 |        26.6 |    29.7 |    26.7 
 abcijk-ikmb-mjac |   6144 |   6144 |    24 | 1.00 | 0.75 |        26.5 |    29.6 |    26.1 
 abcijk-ikmc-mjab |   6144 |   6144 |    24 | 1.00 | 0.75 |        29.7 |    33.7 |    28.8 
 abcijk-jkma-mibc |   9216 |   4096 |    24 | 1.00 | 0.99 |        26.8 |    29.7 |    26.8 
 abcijk-jkmb-miac |   6144 |   6144 |    24 | 1.00 | 0.75 |        26.1 |    28.5 |    25.9 
 abcijk-jkmc-miab |   6144 |   6144 |    24 | 1.00 | 0.75 |        28.6 |    30.9 |    28.4 
 abcijk-eiab-jkec |   6144 |   6144 |    24 | 1.00 | 0.75 |        28.6 |    30.6 |    28.4 
 abcijk-eiac-jkeb |   6144 |   6144 |    24 | 1.00 | 0.75 |        26.0 |    28.4 |    25.8 
 abcijk-eibc-jkea |   4096 |   9216 |    24 | 1.00 | 0.99 |        26.6 |    29.7 |    26.7 
 abcijk-ejab-ikec |   6144 |   6144 |    24 | 1.00 | 0.75 |        29.6 |    33.7 |    28.7 
 abcijk-ejac-ikeb |   6144 |   6144 |    24 | 1.00 | 0.75 |        26.6 |    29.7 |    25.9 
 abcijk-ejbc-ikea |   4096 |   9216 |    24 | 1.00 | 0.99 |        26.7 |    29.7 |    26.8 
 abcijk-ekab-ijec |   6144 |   6144 |    24 | 1.00 | 0.75 |        29.7 |    33.7 |    28.8 
 abcijk-ekac-ijeb |   6144 |   6144 |    24 | 1.00 | 0.75 |        26.6 |    29.7 |    25.9 
 abcijk-ekbc-ijea |   4096 |   9216 |    24 | 1.00 | 0.99 |        26.7 |    29.7 |    26.8 
       abc-bk-akc |    216 |  44064 |   204 | 1.00 | 1.00 |        42.7 |    46.2 |    40.8 

=== complex efficiency ratio (c64 GF/s over f64 GF/s; 1.0 = no penalty) ===
             case | planar c64/f64 | 1m c64/f64 | 3m c64/f64 
------------------+----------------+------------+------------
         ij-ik-kj |          1.042 |      1.053 |      1.023 
       ij-ikl-ljk |          1.187 |      1.255 |      1.118 
       ij-kil-lkj |          1.207 |      1.240 |      1.215 
       ijk-ikl-lj |          1.154 |      1.182 |      1.152 
       ijk-il-jlk |          1.185 |      1.261 |      1.132 
       ijk-ilk-jl |          1.054 |      1.121 |      1.004 
       ijk-ilk-lj |          1.089 |      1.157 |      1.027 
     ijk-ilmk-mjl |          1.140 |      1.214 |      0.990 
   ijkl-imjn-lnkm |          1.053 |      1.103 |      1.017 
   ijkl-imjn-nlmk |          1.053 |      1.101 |      1.015 
   ijkl-imkn-jnlm |          1.074 |      1.118 |      1.017 
   ijkl-imkn-njml |          1.069 |      1.112 |      1.010 
   ijkl-imln-jnkm |          1.069 |      1.115 |      1.012 
   ijkl-imln-njmk |          1.067 |      1.108 |      1.010 
   ijkl-imnj-nlkm |          1.044 |      1.098 |      1.009 
   ijkl-imnk-njml |          1.070 |      1.112 |      1.011 
   ijkl-minj-nlmk |          1.059 |      1.106 |      1.056 
   ijkl-mink-jnlm |          1.086 |      1.126 |      1.059 
   ijkl-minl-njmk |          1.081 |      1.114 |      1.054 
     aqrs-pa-pqrs |          1.351 |      1.451 |      1.338 
     abrs-qb-aqrs |          1.232 |      1.341 |      1.167 
     abcs-rc-abrs |          1.255 |      1.400 |      1.348 
       abj-bka-kj |          1.137 |      1.132 |      1.139 
       ajb-kba-jk |          1.068 |      1.139 |      1.092 
     abjc-cbka-kj |          1.665 |      1.483 |      1.678 
     ajbc-ckba-jk |          1.189 |      1.102 |      1.172 
     abjc-kbac-jk |          1.140 |      1.238 |      1.227 
   abjcd-dkbac-jk |          2.083 |      1.885 |      2.035 
   adbjc-cbdka-kj |          2.261 |      2.050 |      2.206 
   ajbdc-ckbad-jk |          2.088 |      1.895 |      2.050 
 abcijk-ijma-mkbc |          1.228 |      1.367 |      1.227 
 abcijk-ijmb-mkac |          1.336 |      1.502 |      1.318 
 abcijk-ijmc-mkab |          1.215 |      1.381 |      1.187 
 abcijk-ikma-mjbc |          1.218 |      1.360 |      1.220 
 abcijk-ikmb-mjac |          1.342 |      1.500 |      1.322 
 abcijk-ikmc-mjab |          1.227 |      1.396 |      1.193 
 abcijk-jkma-mibc |          1.206 |      1.340 |      1.208 
 abcijk-jkmb-miac |          1.348 |      1.472 |      1.337 
 abcijk-jkmc-miab |          1.272 |      1.371 |      1.263 
 abcijk-eiab-jkec |          1.267 |      1.358 |      1.258 
 abcijk-eiac-jkeb |          1.346 |      1.472 |      1.336 
 abcijk-eibc-jkea |          1.202 |      1.343 |      1.209 
 abcijk-ejab-ikec |          1.229 |      1.398 |      1.193 
 abcijk-ejac-ikeb |          1.349 |      1.506 |      1.317 
 abcijk-ejbc-ikea |          1.223 |      1.363 |      1.229 
 abcijk-ekab-ijec |          1.224 |      1.388 |      1.188 
 abcijk-ekac-ijeb |          1.345 |      1.501 |      1.312 
 abcijk-ekbc-ijea |          1.224 |      1.362 |      1.229 
       abc-bk-akc |          1.060 |      1.147 |      1.012 
             MEAN |          1.247 |      1.313 |      1.223 

wrote bench-results/worker5479-zen2/phase4f/th-t1-f64c64.csv
