host        : worker5479
target      : x86_64 / linux
cpu features: avx2 fma 
caches      : L1=32KiB/8-way/1sh L2=512KiB/8-way/1sh L3=16384KiB/16-way/4sh (via sysfs), blocking=legacy
l3 domains  : t1=1
baselines   : tblis=false blas=false

sweeping 49 cases at 64 MiB nominal tensor size, 3 reps, stress=none


=== f32 ===
             case |      m |      n |     k | regA | regB | planar GF/s | 1m GF/s | 3m GF/s 
------------------+--------+--------+-------+------+------+-------------+---------+---------
         ij-ik-kj |   2904 |   2896 |  2904 | 1.00 | 1.00 |        83.1 |    83.1 |    83.1 
       ij-ikl-ljk |    216 |    204 | 44064 | 1.00 | 1.00 |        46.8 |    46.8 |    46.8 
       ij-kil-lkj |    216 |    204 | 46656 | 1.00 | 1.00 |        54.5 |    54.5 |    54.5 
       ijk-ikl-lj |  44064 |    204 |   216 | 1.00 | 1.00 |        63.7 |    63.7 |    63.7 
       ijk-il-jlk |    216 |  44064 |   204 | 1.00 | 1.00 |        67.3 |    67.3 |    67.3 
       ijk-ilk-jl |  44064 |    216 |   204 | 0.96 | 1.00 |        64.1 |    64.1 |    64.1 
       ijk-ilk-lj |  44064 |    204 |   216 | 0.96 | 1.00 |        62.4 |    62.4 |    62.4 
     ijk-ilmk-mjl |   3744 |     52 |  3744 | 0.89 | 1.00 |        42.1 |    42.1 |    42.1 
   ijkl-imjn-lnkm |   3744 |   3744 |  2704 | 0.89 | 0.92 |        83.2 |    83.2 |    83.2 
   ijkl-imjn-nlmk |   3744 |   2704 |  3744 | 0.89 | 0.92 |        82.8 |    82.8 |    82.8 
   ijkl-imkn-jnlm |   3744 |   3744 |  2704 | 0.89 | 1.00 |        79.7 |    79.7 |    79.7 
   ijkl-imkn-njml |   3744 |   2704 |  3744 | 0.89 | 0.92 |        79.7 |    79.7 |    79.7 
   ijkl-imln-jnkm |   3744 |   3744 |  2704 | 0.89 | 1.00 |        80.5 |    80.5 |    80.5 
   ijkl-imln-njmk |   3744 |   2704 |  3744 | 0.89 | 0.92 |        80.0 |    80.0 |    80.0 
   ijkl-imnj-nlkm |   3744 |   2704 |  3744 | 0.89 | 0.92 |        83.3 |    83.3 |    83.3 
   ijkl-imnk-njml |   3744 |   2704 |  3744 | 0.89 | 0.92 |        80.2 |    80.2 |    80.2 
   ijkl-minj-nlmk |   3744 |   2704 |  5184 | 0.89 | 0.92 |        82.5 |    82.5 |    82.5 
   ijkl-mink-jnlm |   3744 |   3744 |  3744 | 0.89 | 1.00 |        81.2 |    81.2 |    81.2 
   ijkl-minl-njmk |   3744 |   2704 |  5184 | 0.89 | 0.92 |        79.4 |    79.4 |    79.4 
     aqrs-pa-pqrs |     72 | 140608 |    72 | 1.00 | 1.00 |        44.4 |    44.4 |    44.4 
     abrs-qb-aqrs |     52 | 194688 |    72 | 0.89 | 1.00 |        40.6 |    40.6 |    40.6 
     abcs-rc-abrs |     52 | 194688 |    72 | 1.00 | 1.00 |        43.0 |    43.0 |    43.0 
       abj-bka-kj |  46656 |    204 |   216 | 0.96 | 1.00 |        67.5 |    67.5 |    67.5 
       ajb-kba-jk |  44064 |    216 |   216 | 0.96 | 1.00 |        79.1 |    79.1 |    79.1 
     abjc-cbka-kj | 269568 |     52 |    72 | 0.89 | 1.00 |        16.9 |    16.9 |    16.9 
     ajbc-ckba-jk | 269568 |     72 |    52 | 0.89 | 1.00 |        32.4 |    32.4 |    32.4 
     abjc-kbac-jk | 194688 |     72 |    72 | 0.89 | 1.00 |        54.3 |    54.3 |    54.3 
   abjcd-dkbac-jk | 331776 |     24 |    24 | 0.67 | 1.00 |         7.8 |     7.8 |     7.8 
   adbjc-cbdka-kj | 331776 |     24 |    24 | 0.67 | 1.00 |         5.7 |     5.7 |     5.7 
   ajbdc-ckbad-jk | 331776 |     24 |    24 | 1.00 | 1.00 |         6.3 |     6.3 |     6.3 
 abcijk-ijma-mkbc |   9216 |   4096 |    24 | 1.00 | 1.00 |        31.6 |    31.6 |    31.6 
 abcijk-ijmb-mkac |   6144 |   6144 |    24 | 1.00 | 1.00 |        25.3 |    25.3 |    25.3 
 abcijk-ijmc-mkab |   6144 |   6144 |    24 | 1.00 | 0.75 |        41.9 |    41.9 |    41.9 
 abcijk-ikma-mjbc |   9216 |   4096 |    24 | 1.00 | 1.00 |        31.5 |    31.5 |    31.5 
 abcijk-ikmb-mjac |   6144 |   6144 |    24 | 1.00 | 1.00 |        25.3 |    25.3 |    25.3 
 abcijk-ikmc-mjab |   6144 |   6144 |    24 | 1.00 | 0.75 |        41.4 |    41.4 |    41.4 
 abcijk-jkma-mibc |   9216 |   4096 |    24 | 1.00 | 1.00 |        31.7 |    31.7 |    31.7 
 abcijk-jkmb-miac |   6144 |   6144 |    24 | 1.00 | 1.00 |        25.0 |    25.0 |    25.0 
 abcijk-jkmc-miab |   6144 |   6144 |    24 | 1.00 | 0.75 |        39.5 |    39.5 |    39.5 
 abcijk-eiab-jkec |   6144 |   6144 |    24 | 1.00 | 0.75 |        39.3 |    39.3 |    39.3 
 abcijk-eiac-jkeb |   6144 |   6144 |    24 | 1.00 | 1.00 |        25.0 |    25.0 |    25.0 
 abcijk-eibc-jkea |   4096 |   9216 |    24 | 1.00 | 1.00 |        31.5 |    31.5 |    31.5 
 abcijk-ejab-ikec |   6144 |   6144 |    24 | 1.00 | 0.75 |        41.5 |    41.5 |    41.5 
 abcijk-ejac-ikeb |   6144 |   6144 |    24 | 1.00 | 1.00 |        24.9 |    24.9 |    24.9 
 abcijk-ejbc-ikea |   4096 |   9216 |    24 | 1.00 | 1.00 |        31.6 |    31.6 |    31.6 
 abcijk-ekab-ijec |   6144 |   6144 |    24 | 1.00 | 0.75 |        41.6 |    41.6 |    41.6 
 abcijk-ekac-ijeb |   6144 |   6144 |    24 | 1.00 | 1.00 |        25.1 |    25.1 |    25.1 
 abcijk-ekbc-ijea |   4096 |   9216 |    24 | 1.00 | 1.00 |        31.6 |    31.6 |    31.6 
       abc-bk-akc |    216 |  44064 |   204 | 0.96 | 1.00 |        63.1 |    63.1 |    63.1 

=== c32 ===
             case |      m |      n |     k | regA | regB | planar GF/s | 1m GF/s | 3m GF/s 
------------------+--------+--------+-------+------+------+-------------+---------+---------
         ij-ik-kj |   2904 |   2896 |  2904 | 1.00 | 1.00 |        85.3 |    87.6 |    85.7 
       ij-ikl-ljk |    216 |    204 | 44064 | 1.00 | 1.00 |        71.2 |    68.3 |    66.2 
       ij-kil-lkj |    216 |    204 | 46656 | 1.00 | 1.00 |        73.3 |    74.8 |    75.3 
       ijk-ikl-lj |  44064 |    204 |   216 | 1.00 | 1.00 |        75.0 |    78.3 |    80.8 
       ijk-il-jlk |    216 |  44064 |   204 | 1.00 | 0.98 |        81.0 |    82.3 |    77.6 
       ijk-ilk-jl |  44064 |    216 |   204 | 1.00 | 1.00 |        80.0 |    79.5 |    79.6 
       ijk-ilk-lj |  44064 |    204 |   216 | 1.00 | 1.00 |        80.0 |    80.3 |    79.9 
     ijk-ilmk-mjl |   3744 |     52 |  3744 | 1.00 | 1.00 |        59.6 |    62.7 |    60.2 
   ijkl-imjn-lnkm |   3744 |   3744 |  2704 | 1.00 | 0.92 |        85.8 |    86.4 |    86.4 
   ijkl-imjn-nlmk |   3744 |   2704 |  3744 | 1.00 | 0.92 |        86.5 |    86.8 |    87.4 
   ijkl-imkn-jnlm |   3744 |   3744 |  2704 | 1.00 | 0.95 |        84.0 |    84.6 |    84.4 
   ijkl-imkn-njml |   3744 |   2704 |  3744 | 1.00 | 0.92 |        85.0 |    85.7 |    85.6 
   ijkl-imln-jnkm |   3744 |   3744 |  2704 | 1.00 | 0.95 |        84.0 |    84.5 |    84.5 
   ijkl-imln-njmk |   3744 |   2704 |  3744 | 1.00 | 0.92 |        85.0 |    85.4 |    85.8 
   ijkl-imnj-nlkm |   3744 |   2704 |  3744 | 1.00 | 0.92 |        86.5 |    87.6 |    87.6 
   ijkl-imnk-njml |   3744 |   2704 |  3744 | 1.00 | 0.92 |        84.8 |    85.4 |    85.7 
   ijkl-minj-nlmk |   3744 |   2704 |  5184 | 1.00 | 0.92 |        85.8 |    87.2 |    87.7 
   ijkl-mink-jnlm |   3744 |   3744 |  3744 | 1.00 | 0.95 |        84.8 |    85.4 |    86.1 
   ijkl-minl-njmk |   3744 |   2704 |  5184 | 1.00 | 0.92 |        84.4 |    85.2 |    86.1 
     aqrs-pa-pqrs |     72 | 140608 |    72 | 1.00 | 1.00 |        56.7 |    62.4 |    58.6 
     abrs-qb-aqrs |     52 | 194688 |    72 | 1.00 | 1.00 |        52.7 |    52.0 |    48.5 
     abcs-rc-abrs |     52 | 194688 |    72 | 1.00 | 1.00 |        60.5 |    65.6 |    55.2 
       abj-bka-kj |  46656 |    204 |   216 | 1.00 | 1.00 |        77.8 |    80.4 |    80.8 
       ajb-kba-jk |  44064 |    216 |   216 | 1.00 | 1.00 |        85.4 |    89.3 |    89.4 
     abjc-cbka-kj | 269568 |     52 |    72 | 1.00 | 1.00 |        30.3 |    22.8 |    26.6 
     ajbc-ckba-jk | 269568 |     72 |    52 | 1.00 | 1.00 |        45.1 |    34.6 |    39.9 
     abjc-kbac-jk | 194688 |     72 |    72 | 1.00 | 1.00 |        66.8 |    70.0 |    70.8 
   abjcd-dkbac-jk | 331776 |     24 |    24 | 1.00 | 1.00 |        16.6 |    13.2 |    14.7 
   adbjc-cbdka-kj | 331776 |     24 |    24 | 1.00 | 1.00 |        13.9 |    10.9 |    12.3 
   ajbdc-ckbad-jk | 331776 |     24 |    24 | 1.00 | 1.00 |        16.3 |    13.1 |    14.5 
 abcijk-ijma-mkbc |   9216 |   4096 |    24 | 1.00 | 0.99 |        51.8 |    58.9 |    51.3 
 abcijk-ijmb-mkac |   6144 |   6144 |    24 | 1.00 | 0.75 |        49.1 |    55.7 |    48.4 
 abcijk-ijmc-mkab |   6144 |   6144 |    24 | 1.00 | 0.75 |        53.8 |    61.8 |    53.1 
 abcijk-ikma-mjbc |   9216 |   4096 |    24 | 1.00 | 0.99 |        51.5 |    58.8 |    51.2 
 abcijk-ikmb-mjac |   6144 |   6144 |    24 | 1.00 | 0.75 |        49.2 |    55.7 |    48.9 
 abcijk-ikmc-mjab |   6144 |   6144 |    24 | 1.00 | 0.75 |        53.7 |    61.6 |    52.9 
 abcijk-jkma-mibc |   9216 |   4096 |    24 | 1.00 | 0.99 |        51.6 |    58.9 |    51.6 
 abcijk-jkmb-miac |   6144 |   6144 |    24 | 1.00 | 0.75 |        48.8 |    55.0 |    48.9 
 abcijk-jkmc-miab |   6144 |   6144 |    24 | 1.00 | 0.75 |        52.6 |    60.3 |    51.8 
 abcijk-eiab-jkec |   6144 |   6144 |    24 | 1.00 | 0.75 |        52.6 |    60.3 |    51.9 
 abcijk-eiac-jkeb |   6144 |   6144 |    24 | 1.00 | 0.75 |        48.6 |    54.8 |    48.7 
 abcijk-eibc-jkea |   4096 |   9216 |    24 | 1.00 | 0.99 |        51.4 |    58.8 |    51.5 
 abcijk-ejab-ikec |   6144 |   6144 |    24 | 1.00 | 0.75 |        53.7 |    61.7 |    53.2 
 abcijk-ejac-ikeb |   6144 |   6144 |    24 | 1.00 | 0.75 |        49.1 |    55.8 |    48.9 
 abcijk-ejbc-ikea |   4096 |   9216 |    24 | 1.00 | 0.99 |        51.6 |    59.0 |    51.2 
 abcijk-ekab-ijec |   6144 |   6144 |    24 | 1.00 | 0.75 |        53.8 |    61.8 |    53.3 
 abcijk-ekac-ijeb |   6144 |   6144 |    24 | 1.00 | 0.75 |        49.1 |    55.6 |    48.8 
 abcijk-ekbc-ijea |   4096 |   9216 |    24 | 1.00 | 0.99 |        51.6 |    59.0 |    51.4 
       abc-bk-akc |    216 |  44064 |   204 | 1.00 | 1.00 |        80.0 |    80.3 |    79.2 

=== complex efficiency ratio (c32 GF/s over f32 GF/s; 1.0 = no penalty) ===
             case | planar c32/f32 | 1m c32/f32 | 3m c32/f32 
------------------+----------------+------------+------------
         ij-ik-kj |          1.027 |      1.054 |      1.032 
       ij-ikl-ljk |          1.520 |      1.458 |      1.415 
       ij-kil-lkj |          1.343 |      1.372 |      1.381 
       ijk-ikl-lj |          1.177 |      1.229 |      1.268 
       ijk-il-jlk |          1.205 |      1.223 |      1.154 
       ijk-ilk-jl |          1.248 |      1.240 |      1.240 
       ijk-ilk-lj |          1.283 |      1.288 |      1.281 
     ijk-ilmk-mjl |          1.416 |      1.489 |      1.430 
   ijkl-imjn-lnkm |          1.030 |      1.038 |      1.037 
   ijkl-imjn-nlmk |          1.045 |      1.049 |      1.056 
   ijkl-imkn-jnlm |          1.055 |      1.062 |      1.059 
   ijkl-imkn-njml |          1.066 |      1.075 |      1.075 
   ijkl-imln-jnkm |          1.044 |      1.049 |      1.049 
   ijkl-imln-njmk |          1.063 |      1.068 |      1.073 
   ijkl-imnj-nlkm |          1.038 |      1.051 |      1.052 
   ijkl-imnk-njml |          1.058 |      1.065 |      1.068 
   ijkl-minj-nlmk |          1.040 |      1.057 |      1.063 
   ijkl-mink-jnlm |          1.044 |      1.051 |      1.060 
   ijkl-minl-njmk |          1.063 |      1.074 |      1.085 
     aqrs-pa-pqrs |          1.279 |      1.406 |      1.320 
     abrs-qb-aqrs |          1.298 |      1.282 |      1.194 
     abcs-rc-abrs |          1.408 |      1.527 |      1.285 
       abj-bka-kj |          1.152 |      1.192 |      1.198 
       ajb-kba-jk |          1.080 |      1.129 |      1.130 
     abjc-cbka-kj |          1.801 |      1.352 |      1.581 
     ajbc-ckba-jk |          1.395 |      1.068 |      1.233 
     abjc-kbac-jk |          1.229 |      1.289 |      1.303 
   abjcd-dkbac-jk |          2.127 |      1.686 |      1.879 
   adbjc-cbdka-kj |          2.437 |      1.901 |      2.144 
   ajbdc-ckbad-jk |          2.575 |      2.070 |      2.293 
 abcijk-ijma-mkbc |          1.643 |      1.866 |      1.625 
 abcijk-ijmb-mkac |          1.939 |      2.203 |      1.913 
 abcijk-ijmc-mkab |          1.284 |      1.475 |      1.267 
 abcijk-ikma-mjbc |          1.637 |      1.867 |      1.626 
 abcijk-ikmb-mjac |          1.946 |      2.205 |      1.935 
 abcijk-ikmc-mjab |          1.295 |      1.487 |      1.276 
 abcijk-jkma-mibc |          1.628 |      1.858 |      1.629 
 abcijk-jkmb-miac |          1.948 |      2.196 |      1.954 
 abcijk-jkmc-miab |          1.333 |      1.529 |      1.313 
 abcijk-eiab-jkec |          1.338 |      1.532 |      1.319 
 abcijk-eiac-jkeb |          1.943 |      2.191 |      1.946 
 abcijk-eibc-jkea |          1.630 |      1.864 |      1.633 
 abcijk-ejab-ikec |          1.293 |      1.487 |      1.282 
 abcijk-ejac-ikeb |          1.973 |      2.240 |      1.964 
 abcijk-ejbc-ikea |          1.634 |      1.866 |      1.619 
 abcijk-ekab-ijec |          1.295 |      1.488 |      1.282 
 abcijk-ekac-ijeb |          1.961 |      2.220 |      1.945 
 abcijk-ekbc-ijea |          1.631 |      1.865 |      1.627 
       abc-bk-akc |          1.268 |      1.274 |      1.256 
             MEAN |          1.432 |      1.482 |      1.405 

wrote bench-results/worker5479-zen2/phase4f/th-t1b-f32c32.csv
