host        : worker5479
target      : x86_64 / linux
cpu features: avx2 fma 
caches      : L1=32KiB/8-way/1sh L2=512KiB/8-way/1sh L3=16384KiB/16-way/4sh (via sysfs), blocking=legacy
l3 domains  : t1=1 t4=1 t8=2 t16=4 t32=8 t64=16 t128=32
baselines   : tblis=false blas=false

sweeping 49 cases at 64 MiB nominal tensor size, 3 reps, stress=none


=== f32 ===
             case |      m |      n |     k | regA | regB | planar GF/s | 1m GF/s | 3m GF/s 
------------------+--------+--------+-------+------+------+-------------+---------+---------
         ij-ik-kj |   2904 |   2896 |  2904 | 1.00 | 1.00 |       622.4 |   622.4 |   622.4 
       ij-ikl-ljk |    216 |    204 | 44064 | 1.00 | 1.00 |       161.5 |   161.5 |   161.5 
       ij-kil-lkj |    216 |    204 | 46656 | 1.00 | 1.00 |       175.5 |   175.5 |   175.5 
       ijk-ikl-lj |  44064 |    204 |   216 | 1.00 | 1.00 |       432.7 |   432.7 |   432.7 
       ijk-il-jlk |    216 |  44064 |   204 | 1.00 | 1.00 |       673.4 |   673.4 |   673.4 
       ijk-ilk-jl |  44064 |    216 |   204 | 0.96 | 1.00 |       334.5 |   334.5 |   334.5 
       ijk-ilk-lj |  44064 |    204 |   216 | 0.96 | 1.00 |       352.5 |   352.5 |   352.5 
     ijk-ilmk-mjl |   3744 |     52 |  3744 | 0.89 | 1.00 |       132.2 |   132.2 |   132.2 
   ijkl-imjn-lnkm |   3744 |   3744 |  2704 | 0.89 | 0.92 |       731.5 |   731.5 |   731.5 
   ijkl-imjn-nlmk |   3744 |   2704 |  3744 | 0.89 | 0.92 |       836.4 |   836.4 |   836.4 
   ijkl-imkn-jnlm |   3744 |   3744 |  2704 | 0.89 | 1.00 |       804.4 |   804.4 |   804.4 
   ijkl-imkn-njml |   3744 |   2704 |  3744 | 0.89 | 0.92 |       670.3 |   670.3 |   670.3 
   ijkl-imln-jnkm |   3744 |   3744 |  2704 | 0.89 | 1.00 |       629.8 |   629.8 |   629.8 
   ijkl-imln-njmk |   3744 |   2704 |  3744 | 0.89 | 0.92 |       869.1 |   869.1 |   869.1 
   ijkl-imnj-nlkm |   3744 |   2704 |  3744 | 0.89 | 0.92 |       813.2 |   813.2 |   813.2 
   ijkl-imnk-njml |   3744 |   2704 |  3744 | 0.89 | 0.92 |       741.4 |   741.4 |   741.4 
   ijkl-minj-nlmk |   3744 |   2704 |  5184 | 0.89 | 0.92 |       698.1 |   698.1 |   698.1 
   ijkl-mink-jnlm |   3744 |   3744 |  3744 | 0.89 | 1.00 |       854.8 |   854.8 |   854.8 
   ijkl-minl-njmk |   3744 |   2704 |  5184 | 0.89 | 0.92 |       708.0 |   708.0 |   708.0 
     aqrs-pa-pqrs |     72 | 140608 |    72 | 1.00 | 1.00 |       191.1 |   191.1 |   191.1 
     abrs-qb-aqrs |     52 | 194688 |    72 | 0.89 | 1.00 |       158.4 |   158.4 |   158.4 
     abcs-rc-abrs |     52 | 194688 |    72 | 1.00 | 1.00 |       157.0 |   157.0 |   157.0 
       abj-bka-kj |  46656 |    204 |   216 | 0.96 | 1.00 |       238.4 |   238.4 |   238.4 
       ajb-kba-jk |  44064 |    216 |   216 | 0.96 | 1.00 |       411.9 |   411.9 |   411.9 
     abjc-cbka-kj | 269568 |     52 |    72 | 0.89 | 1.00 |        54.5 |    54.5 |    54.5 
     ajbc-ckba-jk | 269568 |     72 |    52 | 0.89 | 1.00 |        82.7 |    82.7 |    82.7 
     abjc-kbac-jk | 194688 |     72 |    72 | 0.89 | 1.00 |       233.4 |   233.4 |   233.4 
   abjcd-dkbac-jk | 331776 |     24 |    24 | 0.67 | 1.00 |        24.8 |    24.8 |    24.8 
   adbjc-cbdka-kj | 331776 |     24 |    24 | 0.67 | 1.00 |        23.7 |    23.7 |    23.7 
   ajbdc-ckbad-jk | 331776 |     24 |    24 | 1.00 | 1.00 |        26.8 |    26.8 |    26.8 
 abcijk-ijma-mkbc |   9216 |   4096 |    24 | 1.00 | 1.00 |       192.2 |   192.2 |   192.2 
 abcijk-ijmb-mkac |   6144 |   6144 |    24 | 1.00 | 1.00 |       131.5 |   131.5 |   131.5 
 abcijk-ijmc-mkab |   6144 |   6144 |    24 | 1.00 | 0.75 |       123.4 |   123.4 |   123.4 
 abcijk-ikma-mjbc |   9216 |   4096 |    24 | 1.00 | 1.00 |       152.2 |   152.2 |   152.2 
 abcijk-ikmb-mjac |   6144 |   6144 |    24 | 1.00 | 1.00 |       154.7 |   154.7 |   154.7 
 abcijk-ikmc-mjab |   6144 |   6144 |    24 | 1.00 | 0.75 |       166.3 |   166.3 |   166.3 
 abcijk-jkma-mibc |   9216 |   4096 |    24 | 1.00 | 1.00 |       153.8 |   153.8 |   153.8 
 abcijk-jkmb-miac |   6144 |   6144 |    24 | 1.00 | 1.00 |       152.2 |   152.2 |   152.2 
 abcijk-jkmc-miab |   6144 |   6144 |    24 | 1.00 | 0.75 |       135.3 |   135.3 |   135.3 
 abcijk-eiab-jkec |   6144 |   6144 |    24 | 1.00 | 0.75 |       139.3 |   139.3 |   139.3 
 abcijk-eiac-jkeb |   6144 |   6144 |    24 | 1.00 | 1.00 |       178.2 |   178.2 |   178.2 
 abcijk-eibc-jkea |   4096 |   9216 |    24 | 1.00 | 1.00 |       191.8 |   191.8 |   191.8 
 abcijk-ejab-ikec |   6144 |   6144 |    24 | 1.00 | 0.75 |       188.1 |   188.1 |   188.1 
 abcijk-ejac-ikeb |   6144 |   6144 |    24 | 1.00 | 1.00 |       160.6 |   160.6 |   160.6 
 abcijk-ejbc-ikea |   4096 |   9216 |    24 | 1.00 | 1.00 |       232.2 |   232.2 |   232.2 
 abcijk-ekab-ijec |   6144 |   6144 |    24 | 1.00 | 0.75 |       164.9 |   164.9 |   164.9 
 abcijk-ekac-ijeb |   6144 |   6144 |    24 | 1.00 | 1.00 |       173.1 |   173.1 |   173.1 
 abcijk-ekbc-ijea |   4096 |   9216 |    24 | 1.00 | 1.00 |       208.9 |   208.9 |   208.9 
       abc-bk-akc |    216 |  44064 |   204 | 0.96 | 1.00 |       359.2 |   359.2 |   359.2 

=== c32 ===
             case |      m |      n |     k | regA | regB | planar GF/s | 1m GF/s | 3m GF/s 
------------------+--------+--------+-------+------+------+-------------+---------+---------
         ij-ik-kj |   2904 |   2896 |  2904 | 1.00 | 1.00 |      1194.1 |  1188.6 |   999.4 
       ij-ikl-ljk |    216 |    204 | 44064 | 1.00 | 1.00 |       307.4 |   294.5 |   263.8 
       ij-kil-lkj |    216 |    204 | 46656 | 1.00 | 1.00 |       372.3 |   314.9 |   298.0 
       ijk-ikl-lj |  44064 |    204 |   216 | 1.00 | 1.00 |       725.6 |   587.3 |   762.2 
       ijk-il-jlk |    216 |  44064 |   204 | 1.00 | 0.98 |      1326.0 |  1309.0 |  1140.0 
       ijk-ilk-jl |  44064 |    216 |   204 | 1.00 | 1.00 |       622.1 |   822.6 |   711.1 
       ijk-ilk-lj |  44064 |    204 |   216 | 1.00 | 1.00 |       663.7 |   778.7 |   635.5 
     ijk-ilmk-mjl |   3744 |     52 |  3744 | 1.00 | 1.00 |       352.6 |   270.9 |   282.3 
   ijkl-imjn-lnkm |   3744 |   3744 |  2704 | 1.00 | 0.92 |      1133.7 |  1274.8 |  1174.7 
   ijkl-imjn-nlmk |   3744 |   2704 |  3744 | 1.00 | 0.92 |      1126.8 |  1353.0 |  1299.7 
   ijkl-imkn-jnlm |   3744 |   3744 |  2704 | 1.00 | 0.95 |      1405.7 |  1534.4 |  1409.4 
   ijkl-imkn-njml |   3744 |   2704 |  3744 | 1.00 | 0.92 |      1246.7 |  1104.5 |  1158.6 
   ijkl-imln-jnkm |   3744 |   3744 |  2704 | 1.00 | 0.95 |      1314.7 |  1234.4 |  1080.3 
   ijkl-imln-njmk |   3744 |   2704 |  3744 | 1.00 | 0.92 |      1212.1 |  1213.4 |  1139.4 
   ijkl-imnj-nlkm |   3744 |   2704 |  3744 | 1.00 | 0.92 |      1225.6 |  1274.5 |  1019.6 
   ijkl-imnk-njml |   3744 |   2704 |  3744 | 1.00 | 0.92 |      1347.5 |  1235.4 |  1087.5 
   ijkl-minj-nlmk |   3744 |   2704 |  5184 | 1.00 | 0.92 |      1242.6 |  1327.7 |  1173.3 
   ijkl-mink-jnlm |   3744 |   3744 |  3744 | 1.00 | 0.95 |      1401.7 |  1218.3 |  1247.4 
   ijkl-minl-njmk |   3744 |   2704 |  5184 | 1.00 | 0.92 |      1273.0 |  1315.5 |  1146.9 
     aqrs-pa-pqrs |     72 | 140608 |    72 | 1.00 | 1.00 |       526.7 |   512.8 |   608.4 
     abrs-qb-aqrs |     52 | 194688 |    72 | 1.00 | 1.00 |       341.5 |   288.4 |   316.1 
     abcs-rc-abrs |     52 | 194688 |    72 | 1.00 | 1.00 |       291.5 |   323.7 |   292.4 
       abj-bka-kj |  46656 |    204 |   216 | 1.00 | 1.00 |       638.8 |   531.2 |   498.3 
       ajb-kba-jk |  44064 |    216 |   216 | 1.00 | 1.00 |       632.0 |   640.6 |   691.2 
     abjc-cbka-kj | 269568 |     52 |    72 | 1.00 | 1.00 |       161.9 |   147.3 |   159.8 
     ajbc-ckba-jk | 269568 |     72 |    52 | 1.00 | 1.00 |       205.3 |   202.1 |   201.7 
     abjc-kbac-jk | 194688 |     72 |    72 | 1.00 | 1.00 |       397.8 |   481.4 |   542.3 
   abjcd-dkbac-jk | 331776 |     24 |    24 | 1.00 | 1.00 |        72.7 |    70.7 |    68.7 
   adbjc-cbdka-kj | 331776 |     24 |    24 | 1.00 | 1.00 |        65.5 |    67.9 |    73.4 
   ajbdc-ckbad-jk | 331776 |     24 |    24 | 1.00 | 1.00 |        80.8 |    69.9 |    73.8 
 abcijk-ijma-mkbc |   9216 |   4096 |    24 | 1.00 | 0.99 |       297.8 |   335.7 |   297.1 
 abcijk-ijmb-mkac |   6144 |   6144 |    24 | 1.00 | 0.75 |       258.8 |   306.1 |   281.2 
 abcijk-ijmc-mkab |   6144 |   6144 |    24 | 1.00 | 0.75 |       217.2 |   218.5 |   195.9 
 abcijk-ikma-mjbc |   9216 |   4096 |    24 | 1.00 | 0.99 |       339.8 |   321.2 |   301.2 
 abcijk-ikmb-mjac |   6144 |   6144 |    24 | 1.00 | 0.75 |       287.0 |   301.9 |   289.6 
 abcijk-ikmc-mjab |   6144 |   6144 |    24 | 1.00 | 0.75 |       212.1 |   208.5 |   186.7 
 abcijk-jkma-mibc |   9216 |   4096 |    24 | 1.00 | 0.99 |       329.5 |   295.7 |   293.5 
 abcijk-jkmb-miac |   6144 |   6144 |    24 | 1.00 | 0.75 |       301.8 |   302.9 |   286.5 
 abcijk-jkmc-miab |   6144 |   6144 |    24 | 1.00 | 0.75 |       207.3 |   196.9 |   185.9 
 abcijk-eiab-jkec |   6144 |   6144 |    24 | 1.00 | 0.75 |       199.4 |   194.9 |   191.5 
 abcijk-eiac-jkeb |   6144 |   6144 |    24 | 1.00 | 0.75 |       304.6 |   297.9 |   286.8 
 abcijk-eibc-jkea |   4096 |   9216 |    24 | 1.00 | 0.99 |       315.0 |   343.6 |   321.0 
 abcijk-ejab-ikec |   6144 |   6144 |    24 | 1.00 | 0.75 |       207.4 |   218.3 |   187.5 
 abcijk-ejac-ikeb |   6144 |   6144 |    24 | 1.00 | 0.75 |       335.8 |   320.9 |   297.5 
 abcijk-ejbc-ikea |   4096 |   9216 |    24 | 1.00 | 0.99 |       350.4 |   350.1 |   305.9 
 abcijk-ekab-ijec |   6144 |   6144 |    24 | 1.00 | 0.75 |       209.3 |   218.1 |   195.5 
 abcijk-ekac-ijeb |   6144 |   6144 |    24 | 1.00 | 0.75 |       355.4 |   311.7 |   312.0 
 abcijk-ekbc-ijea |   4096 |   9216 |    24 | 1.00 | 0.99 |       353.4 |   348.4 |   313.4 
       abc-bk-akc |    216 |  44064 |   204 | 1.00 | 1.00 |       995.3 |   817.3 |   716.3 

=== complex efficiency ratio (c32 GF/s over f32 GF/s; 1.0 = no penalty) ===
             case | planar c32/f32 | 1m c32/f32 | 3m c32/f32 
------------------+----------------+------------+------------
         ij-ik-kj |          1.919 |      1.910 |      1.606 
       ij-ikl-ljk |          1.903 |      1.823 |      1.633 
       ij-kil-lkj |          2.121 |      1.794 |      1.698 
       ijk-ikl-lj |          1.677 |      1.357 |      1.762 
       ijk-il-jlk |          1.969 |      1.944 |      1.693 
       ijk-ilk-jl |          1.860 |      2.459 |      2.126 
       ijk-ilk-lj |          1.883 |      2.209 |      1.803 
     ijk-ilmk-mjl |          2.666 |      2.048 |      2.134 
   ijkl-imjn-lnkm |          1.550 |      1.743 |      1.606 
   ijkl-imjn-nlmk |          1.347 |      1.618 |      1.554 
   ijkl-imkn-jnlm |          1.748 |      1.908 |      1.752 
   ijkl-imkn-njml |          1.860 |      1.648 |      1.728 
   ijkl-imln-jnkm |          2.087 |      1.960 |      1.715 
   ijkl-imln-njmk |          1.395 |      1.396 |      1.311 
   ijkl-imnj-nlkm |          1.507 |      1.567 |      1.254 
   ijkl-imnk-njml |          1.818 |      1.666 |      1.467 
   ijkl-minj-nlmk |          1.780 |      1.902 |      1.681 
   ijkl-mink-jnlm |          1.640 |      1.425 |      1.459 
   ijkl-minl-njmk |          1.798 |      1.858 |      1.620 
     aqrs-pa-pqrs |          2.756 |      2.684 |      3.184 
     abrs-qb-aqrs |          2.156 |      1.821 |      1.996 
     abcs-rc-abrs |          1.856 |      2.062 |      1.862 
       abj-bka-kj |          2.679 |      2.228 |      2.090 
       ajb-kba-jk |          1.535 |      1.555 |      1.678 
     abjc-cbka-kj |          2.973 |      2.705 |      2.934 
     ajbc-ckba-jk |          2.482 |      2.442 |      2.439 
     abjc-kbac-jk |          1.704 |      2.062 |      2.323 
   abjcd-dkbac-jk |          2.929 |      2.846 |      2.765 
   adbjc-cbdka-kj |          2.761 |      2.864 |      3.094 
   ajbdc-ckbad-jk |          3.009 |      2.603 |      2.749 
 abcijk-ijma-mkbc |          1.549 |      1.747 |      1.546 
 abcijk-ijmb-mkac |          1.969 |      2.329 |      2.139 
 abcijk-ijmc-mkab |          1.760 |      1.770 |      1.588 
 abcijk-ikma-mjbc |          2.233 |      2.111 |      1.979 
 abcijk-ikmb-mjac |          1.855 |      1.952 |      1.872 
 abcijk-ikmc-mjab |          1.275 |      1.253 |      1.122 
 abcijk-jkma-mibc |          2.142 |      1.922 |      1.908 
 abcijk-jkmb-miac |          1.984 |      1.991 |      1.883 
 abcijk-jkmc-miab |          1.532 |      1.455 |      1.374 
 abcijk-eiab-jkec |          1.431 |      1.399 |      1.374 
 abcijk-eiac-jkeb |          1.710 |      1.672 |      1.610 
 abcijk-eibc-jkea |          1.643 |      1.792 |      1.674 
 abcijk-ejab-ikec |          1.103 |      1.161 |      0.997 
 abcijk-ejac-ikeb |          2.090 |      1.998 |      1.852 
 abcijk-ejbc-ikea |          1.509 |      1.507 |      1.317 
 abcijk-ekab-ijec |          1.270 |      1.323 |      1.186 
 abcijk-ekac-ijeb |          2.053 |      1.800 |      1.802 
 abcijk-ekbc-ijea |          1.692 |      1.668 |      1.501 
       abc-bk-akc |          2.771 |      2.275 |      1.994 
             MEAN |          1.937 |      1.903 |      1.825 

wrote bench-results/worker5479-zen2/phase4f/th-t64-f32c32.csv
