host        : worker5139
target      : x86_64 / linux
cpu features: avx2 fma 
caches      : L1=32KiB/8-way/1sh L2=512KiB/8-way/1sh L3=16384KiB/16-way/4sh (via sysfs), blocking=legacy
l3 domains  : t1=1
baselines   : tblis=false blas=false

sweeping 49 cases at 16 MiB nominal tensor size, 3 reps, stress=none


=== f64 ===
             case |      m |     n |     k | regA | regB | planar GF/s | 1m GF/s | 3m GF/s 
------------------+--------+-------+-------+------+------+-------------+---------+---------
         ij-ik-kj |   1464 |  1448 |  1464 | 1.00 | 1.00 |        40.7 |    40.7 |    40.7 
       ij-ikl-ljk |    144 |   128 | 18432 | 1.00 | 1.00 |        28.3 |    28.3 |    28.3 
       ij-kil-lkj |    144 |   128 | 20736 | 1.00 | 1.00 |        27.9 |    27.9 |    27.9 
       ijk-ikl-lj |  18432 |   128 |   144 | 1.00 | 1.00 |        30.6 |    30.6 |    30.6 
       ijk-il-jlk |    144 | 18432 |   128 | 1.00 | 1.00 |        30.0 |    30.0 |    30.0 
       ijk-ilk-jl |  18432 |   144 |   128 | 1.00 | 1.00 |        33.1 |    33.1 |    33.1 
       ijk-ilk-lj |  18432 |   128 |   144 | 1.00 | 1.00 |        33.7 |    33.7 |    33.7 
     ijk-ilmk-mjl |   1920 |    40 |  1920 | 1.00 | 1.00 |        27.3 |    27.3 |    27.3 
   ijkl-imjn-lnkm |   1920 |  1920 |  1600 | 1.00 | 0.90 |        40.4 |    40.4 |    40.4 
   ijkl-imjn-nlmk |   1920 |  1600 |  1920 | 1.00 | 0.90 |        40.1 |    40.1 |    40.1 
   ijkl-imkn-jnlm |   1920 |  1920 |  1600 | 1.00 | 1.00 |        39.1 |    39.1 |    39.1 
   ijkl-imkn-njml |   1920 |  1600 |  1920 | 1.00 | 0.90 |        39.0 |    39.0 |    39.0 
   ijkl-imln-jnkm |   1920 |  1920 |  1600 | 1.00 | 1.00 |        39.1 |    39.1 |    39.1 
   ijkl-imln-njmk |   1920 |  1600 |  1920 | 1.00 | 0.90 |        39.2 |    39.2 |    39.2 
   ijkl-imnj-nlkm |   1920 |  1600 |  1920 | 1.00 | 0.90 |        40.4 |    40.4 |    40.4 
   ijkl-imnk-njml |   1920 |  1600 |  1920 | 1.00 | 0.90 |        39.1 |    39.1 |    39.1 
   ijkl-minj-nlmk |   1920 |  1600 |  2304 | 1.00 | 0.90 |        39.2 |    39.2 |    39.2 
   ijkl-mink-jnlm |   1920 |  1920 |  1920 | 1.00 | 1.00 |        38.5 |    38.5 |    38.5 
   ijkl-minl-njmk |   1920 |  1600 |  2304 | 1.00 | 0.90 |        36.1 |    36.1 |    36.1 
     aqrs-pa-pqrs |     48 | 64000 |    48 | 1.00 | 1.00 |        17.9 |    17.9 |    17.9 
     abrs-qb-aqrs |     40 | 76800 |    48 | 1.00 | 1.00 |        19.6 |    19.6 |    19.6 
     abcs-rc-abrs |     40 | 76800 |    48 | 1.00 | 1.00 |        23.8 |    23.8 |    23.8 
       abj-bka-kj |  20736 |   128 |   144 | 1.00 | 1.00 |        31.5 |    31.5 |    31.5 
       ajb-kba-jk |  18432 |   144 |   144 | 1.00 | 1.00 |        36.6 |    36.6 |    36.6 
     abjc-cbka-kj |  92160 |    40 |    48 | 1.00 | 1.00 |        15.7 |    15.7 |    15.7 
     ajbc-ckba-jk |  92160 |    48 |    40 | 1.00 | 1.00 |        17.6 |    17.6 |    17.6 
     abjc-kbac-jk |  76800 |    48 |    48 | 1.00 | 1.00 |        21.9 |    21.9 |    21.9 
   abjcd-dkbac-jk | 230400 |    24 |    20 | 1.00 | 1.00 |         9.6 |     9.6 |     9.6 
   adbjc-cbdka-kj | 230400 |    20 |    24 | 1.00 | 1.00 |         5.3 |     5.3 |     5.3 
   ajbdc-ckbad-jk | 230400 |    24 |    20 | 1.00 | 1.00 |         9.3 |     9.3 |     9.3 
 abcijk-ijma-mkbc |   6912 |  1728 |    24 | 1.00 | 1.00 |        21.5 |    21.5 |    21.5 
 abcijk-ijmb-mkac |   3456 |  3456 |    24 | 1.00 | 1.00 |        19.5 |    19.5 |    19.5 
 abcijk-ijmc-mkab |   3456 |  3456 |    24 | 1.00 | 1.00 |        23.6 |    23.6 |    23.6 
 abcijk-ikma-mjbc |   6912 |  1728 |    24 | 1.00 | 1.00 |        21.4 |    21.4 |    21.4 
 abcijk-ikmb-mjac |   3456 |  3456 |    24 | 1.00 | 1.00 |        19.6 |    19.6 |    19.6 
 abcijk-ikmc-mjab |   3456 |  3456 |    24 | 1.00 | 1.00 |        23.3 |    23.3 |    23.3 
 abcijk-jkma-mibc |   6912 |  1728 |    24 | 1.00 | 1.00 |        22.1 |    22.1 |    22.1 
 abcijk-jkmb-miac |   3456 |  3456 |    24 | 1.00 | 1.00 |        19.4 |    19.4 |    19.4 
 abcijk-jkmc-miab |   3456 |  3456 |    24 | 1.00 | 1.00 |        23.6 |    23.6 |    23.6 
 abcijk-eiab-jkec |   3456 |  3456 |    24 | 1.00 | 1.00 |        23.3 |    23.3 |    23.3 
 abcijk-eiac-jkeb |   3456 |  3456 |    24 | 1.00 | 1.00 |        19.5 |    19.5 |    19.5 
 abcijk-eibc-jkea |   1728 |  6912 |    24 | 1.00 | 1.00 |        22.0 |    22.0 |    22.0 
 abcijk-ejab-ikec |   3456 |  3456 |    24 | 1.00 | 1.00 |        23.4 |    23.4 |    23.4 
 abcijk-ejac-ikeb |   3456 |  3456 |    24 | 1.00 | 1.00 |        19.3 |    19.3 |    19.3 
 abcijk-ejbc-ikea |   1728 |  6912 |    24 | 1.00 | 1.00 |        21.5 |    21.5 |    21.5 
 abcijk-ekab-ijec |   3456 |  3456 |    24 | 1.00 | 1.00 |        23.3 |    23.3 |    23.3 
 abcijk-ekac-ijeb |   3456 |  3456 |    24 | 1.00 | 1.00 |        19.6 |    19.6 |    19.6 
 abcijk-ekbc-ijea |   1728 |  6912 |    24 | 1.00 | 1.00 |        21.5 |    21.5 |    21.5 
       abc-bk-akc |    144 | 18432 |   128 | 1.00 | 1.00 |        35.4 |    35.4 |    35.4 

=== c64 ===
             case |      m |     n |     k | regA | regB | planar GF/s | 1m GF/s | 3m GF/s 
------------------+--------+-------+-------+------+------+-------------+---------+---------
         ij-ik-kj |   1464 |  1448 |  1464 | 1.00 | 1.00 |        42.9 |    43.5 |    42.2 
       ij-ikl-ljk |    144 |   128 | 18432 | 1.00 | 1.00 |        35.5 |    37.2 |    32.7 
       ij-kil-lkj |    144 |   128 | 20736 | 1.00 | 1.00 |        36.3 |    37.0 |    37.4 
       ijk-ikl-lj |  18432 |   128 |   144 | 1.00 | 1.00 |        38.1 |    37.4 |    36.6 
       ijk-il-jlk |    144 | 18432 |   128 | 1.00 | 0.97 |        39.2 |    41.3 |    36.1 
       ijk-ilk-jl |  18432 |   144 |   128 | 1.00 | 1.00 |        40.0 |    42.7 |    37.3 
       ijk-ilk-lj |  18432 |   128 |   144 | 1.00 | 1.00 |        39.8 |    41.4 |    36.5 
     ijk-ilmk-mjl |   1920 |    40 |  1920 | 1.00 | 1.00 |        34.3 |    35.4 |    27.9 
   ijkl-imjn-lnkm |   1920 |  1920 |  1600 | 1.00 | 1.00 |        43.3 |    44.6 |    43.6 
   ijkl-imjn-nlmk |   1920 |  1600 |  1920 | 1.00 | 1.00 |        43.2 |    44.6 |    42.0 
   ijkl-imkn-jnlm |   1920 |  1920 |  1600 | 1.00 | 0.92 |        42.3 |    43.1 |    40.5 
   ijkl-imkn-njml |   1920 |  1600 |  1920 | 1.00 | 1.00 |        42.4 |    43.0 |    40.4 
   ijkl-imln-jnkm |   1920 |  1920 |  1600 | 1.00 | 0.92 |        42.3 |    43.1 |    40.6 
   ijkl-imln-njmk |   1920 |  1600 |  1920 | 1.00 | 1.00 |        42.5 |    43.3 |    40.4 
   ijkl-imnj-nlkm |   1920 |  1600 |  1920 | 1.00 | 1.00 |        43.3 |    44.7 |    42.1 
   ijkl-imnk-njml |   1920 |  1600 |  1920 | 1.00 | 1.00 |        42.5 |    43.3 |    40.4 
   ijkl-minj-nlmk |   1920 |  1600 |  2304 | 1.00 | 1.00 |        42.7 |    43.7 |    43.4 
   ijkl-mink-jnlm |   1920 |  1920 |  1920 | 1.00 | 0.92 |        42.0 |    42.7 |    41.6 
   ijkl-minl-njmk |   1920 |  1600 |  2304 | 1.00 | 1.00 |        41.9 |    41.8 |    41.3 
     aqrs-pa-pqrs |     48 | 64000 |    48 | 1.00 | 1.00 |        26.2 |    28.2 |    26.1 
     abrs-qb-aqrs |     40 | 76800 |    48 | 1.00 | 1.00 |        26.6 |    27.2 |    22.5 
     abcs-rc-abrs |     40 | 76800 |    48 | 1.00 | 1.00 |        30.1 |    30.8 |    29.9 
       abj-bka-kj |  20736 |   128 |   144 | 1.00 | 1.00 |        36.9 |    37.1 |    37.9 
       ajb-kba-jk |  18432 |   144 |   144 | 1.00 | 1.00 |        41.9 |    44.7 |    42.8 
     abjc-cbka-kj |  92160 |    40 |    48 | 1.00 | 1.00 |        17.4 |    15.1 |    16.8 
     ajbc-ckba-jk |  92160 |    48 |    40 | 1.00 | 1.00 |        17.9 |    16.6 |    17.9 
     abjc-kbac-jk |  76800 |    48 |    48 | 1.00 | 1.00 |        31.5 |    33.0 |    31.8 
   abjcd-dkbac-jk | 230400 |    24 |    20 | 1.00 | 1.00 |        11.8 |    10.9 |    11.4 
   adbjc-cbdka-kj | 230400 |    20 |    24 | 1.00 | 1.00 |        10.2 |     8.4 |     9.7 
   ajbdc-ckbad-jk | 230400 |    24 |    20 | 1.00 | 1.00 |        11.2 |    10.4 |    11.0 
 abcijk-ijma-mkbc |   6912 |  1728 |    24 | 1.00 | 0.97 |        26.6 |    29.5 |    26.4 
 abcijk-ijmb-mkac |   3456 |  3456 |    24 | 1.00 | 0.67 |        26.5 |    28.8 |    25.9 
 abcijk-ijmc-mkab |   3456 |  3456 |    24 | 1.00 | 0.67 |        29.4 |    33.4 |    29.0 
 abcijk-ikma-mjbc |   6912 |  1728 |    24 | 1.00 | 0.97 |        26.7 |    29.4 |    26.4 
 abcijk-ikmb-mjac |   3456 |  3456 |    24 | 1.00 | 0.67 |        26.5 |    28.7 |    25.9 
 abcijk-ikmc-mjab |   3456 |  3456 |    24 | 1.00 | 0.67 |        29.5 |    33.4 |    29.1 
 abcijk-jkma-mibc |   6912 |  1728 |    24 | 1.00 | 0.97 |        26.7 |    29.6 |    26.7 
 abcijk-jkmb-miac |   3456 |  3456 |    24 | 1.00 | 0.67 |        26.6 |    28.9 |    25.9 
 abcijk-jkmc-miab |   3456 |  3456 |    24 | 1.00 | 0.67 |        29.5 |    33.4 |    28.8 
 abcijk-eiab-jkec |   3456 |  3456 |    24 | 1.00 | 0.67 |        29.4 |    33.5 |    28.9 
 abcijk-eiac-jkeb |   3456 |  3456 |    24 | 1.00 | 0.67 |        26.5 |    28.9 |    25.9 
 abcijk-eibc-jkea |   1728 |  6912 |    24 | 1.00 | 0.97 |        26.8 |    29.6 |    26.6 
 abcijk-ejab-ikec |   3456 |  3456 |    24 | 1.00 | 0.67 |        29.3 |    33.3 |    28.9 
 abcijk-ejac-ikeb |   3456 |  3456 |    24 | 1.00 | 0.67 |        26.5 |    28.8 |    25.8 
 abcijk-ejbc-ikea |   1728 |  6912 |    24 | 1.00 | 0.97 |        26.7 |    29.5 |    26.4 
 abcijk-ekab-ijec |   3456 |  3456 |    24 | 1.00 | 0.67 |        29.3 |    33.4 |    28.9 
 abcijk-ekac-ijeb |   3456 |  3456 |    24 | 1.00 | 0.67 |        26.5 |    28.8 |    25.9 
 abcijk-ekbc-ijea |   1728 |  6912 |    24 | 1.00 | 0.97 |        26.6 |    29.5 |    26.4 
       abc-bk-akc |    144 | 18432 |   128 | 1.00 | 1.00 |        40.3 |    43.3 |    40.7 

=== complex efficiency ratio (c64 GF/s over f64 GF/s; 1.0 = no penalty) ===
             case | planar c64/f64 | 1m c64/f64 | 3m c64/f64 
------------------+----------------+------------+------------
         ij-ik-kj |          1.053 |      1.068 |      1.036 
       ij-ikl-ljk |          1.254 |      1.314 |      1.155 
       ij-kil-lkj |          1.303 |      1.325 |      1.341 
       ijk-ikl-lj |          1.244 |      1.223 |      1.195 
       ijk-il-jlk |          1.308 |      1.378 |      1.205 
       ijk-ilk-jl |          1.206 |      1.289 |      1.126 
       ijk-ilk-lj |          1.183 |      1.230 |      1.083 
     ijk-ilmk-mjl |          1.255 |      1.294 |      1.020 
   ijkl-imjn-lnkm |          1.073 |      1.106 |      1.079 
   ijkl-imjn-nlmk |          1.078 |      1.113 |      1.046 
   ijkl-imkn-jnlm |          1.082 |      1.103 |      1.037 
   ijkl-imkn-njml |          1.088 |      1.104 |      1.036 
   ijkl-imln-jnkm |          1.082 |      1.101 |      1.037 
   ijkl-imln-njmk |          1.083 |      1.103 |      1.030 
   ijkl-imnj-nlkm |          1.071 |      1.107 |      1.042 
   ijkl-imnk-njml |          1.086 |      1.108 |      1.033 
   ijkl-minj-nlmk |          1.090 |      1.114 |      1.107 
   ijkl-mink-jnlm |          1.091 |      1.110 |      1.082 
   ijkl-minl-njmk |          1.161 |      1.156 |      1.144 
     aqrs-pa-pqrs |          1.466 |      1.577 |      1.458 
     abrs-qb-aqrs |          1.362 |      1.389 |      1.150 
     abcs-rc-abrs |          1.265 |      1.298 |      1.257 
       abj-bka-kj |          1.172 |      1.177 |      1.202 
       ajb-kba-jk |          1.145 |      1.220 |      1.169 
     abjc-cbka-kj |          1.108 |      0.967 |      1.075 
     ajbc-ckba-jk |          1.017 |      0.943 |      1.015 
     abjc-kbac-jk |          1.438 |      1.504 |      1.448 
   abjcd-dkbac-jk |          1.234 |      1.138 |      1.191 
   adbjc-cbdka-kj |          1.911 |      1.590 |      1.827 
   ajbdc-ckbad-jk |          1.206 |      1.121 |      1.178 
 abcijk-ijma-mkbc |          1.242 |      1.376 |      1.228 
 abcijk-ijmb-mkac |          1.363 |      1.480 |      1.332 
 abcijk-ijmc-mkab |          1.250 |      1.417 |      1.233 
 abcijk-ikma-mjbc |          1.247 |      1.377 |      1.236 
 abcijk-ikmb-mjac |          1.358 |      1.469 |      1.326 
 abcijk-ikmc-mjab |          1.263 |      1.433 |      1.245 
 abcijk-jkma-mibc |          1.209 |      1.338 |      1.206 
 abcijk-jkmb-miac |          1.371 |      1.491 |      1.335 
 abcijk-jkmc-miab |          1.248 |      1.415 |      1.219 
 abcijk-eiab-jkec |          1.260 |      1.436 |      1.237 
 abcijk-eiac-jkeb |          1.360 |      1.486 |      1.328 
 abcijk-eibc-jkea |          1.217 |      1.345 |      1.210 
 abcijk-ejab-ikec |          1.255 |      1.425 |      1.238 
 abcijk-ejac-ikeb |          1.372 |      1.493 |      1.339 
 abcijk-ejbc-ikea |          1.238 |      1.368 |      1.226 
 abcijk-ekab-ijec |          1.261 |      1.436 |      1.243 
 abcijk-ekac-ijeb |          1.354 |      1.473 |      1.324 
 abcijk-ekbc-ijea |          1.242 |      1.376 |      1.230 
       abc-bk-akc |          1.136 |      1.221 |      1.147 
             MEAN |          1.232 |      1.288 |      1.198 

wrote bench-results/worker5139-zen2/phase4g/sm-s16-t1-f64c64.csv
