host        : worker5139
target      : x86_64 / linux
cpu features: avx2 fma 
caches      : L1=32KiB/8-way/1sh L2=512KiB/8-way/1sh L3=16384KiB/16-way/4sh (via sysfs), blocking=legacy
l3 domains  : t1=1 t4=1
baselines   : tblis=false blas=false

sweeping 49 cases at 1 MiB nominal tensor size, 24 reps, stress=none


=== f64 ===
             case |     m |    n |    k | regA | regB | planar GF/s | 1m GF/s | 3m GF/s 
------------------+-------+------+------+------+------+-------------+---------+---------
         ij-ik-kj |   384 |  364 |  384 | 1.00 | 1.00 |        73.8 |    73.8 |    73.8 
       ij-ikl-ljk |    72 |   52 | 3744 | 1.00 | 1.00 |        39.5 |    39.5 |    39.5 
       ij-kil-lkj |    72 |   52 | 5184 | 1.00 | 1.00 |        38.7 |    38.7 |    38.7 
       ijk-ikl-lj |  3744 |   52 |   72 | 1.00 | 1.00 |        52.9 |    52.9 |    52.9 
       ijk-il-jlk |    72 | 3744 |   52 | 1.00 | 1.00 |        46.4 |    46.4 |    46.4 
       ijk-ilk-jl |  3744 |   72 |   52 | 1.00 | 1.00 |        57.2 |    57.2 |    57.2 
       ijk-ilk-lj |  3744 |   52 |   72 | 1.00 | 1.00 |        55.5 |    55.5 |    55.5 
     ijk-ilmk-mjl |   480 |   20 |  480 | 1.00 | 1.00 |        37.1 |    37.1 |    37.1 
   ijkl-imjn-lnkm |   480 |  480 |  400 | 1.00 | 0.80 |        76.9 |    76.9 |    76.9 
   ijkl-imjn-nlmk |   480 |  400 |  480 | 1.00 | 0.81 |        78.7 |    78.7 |    78.7 
   ijkl-imkn-jnlm |   480 |  480 |  400 | 1.00 | 1.00 |        79.2 |    79.2 |    79.2 
   ijkl-imkn-njml |   480 |  400 |  480 | 1.00 | 0.81 |        79.4 |    79.4 |    79.4 
   ijkl-imln-jnkm |   480 |  480 |  400 | 1.00 | 1.00 |        79.4 |    79.4 |    79.4 
   ijkl-imln-njmk |   480 |  400 |  480 | 1.00 | 0.81 |        79.4 |    79.4 |    79.4 
   ijkl-imnj-nlkm |   480 |  400 |  480 | 1.00 | 0.81 |        78.5 |    78.5 |    78.5 
   ijkl-imnk-njml |   480 |  400 |  480 | 1.00 | 0.81 |        79.8 |    79.8 |    79.8 
   ijkl-minj-nlmk |   480 |  400 |  576 | 1.00 | 0.81 |        74.6 |    74.6 |    74.6 
   ijkl-mink-jnlm |   480 |  480 |  480 | 1.00 | 1.00 |        80.1 |    80.1 |    80.1 
   ijkl-minl-njmk |   480 |  400 |  576 | 1.00 | 0.81 |        75.4 |    75.4 |    75.4 
     aqrs-pa-pqrs |    24 | 8000 |   24 | 1.00 | 1.00 |        21.0 |    21.0 |    21.0 
     abrs-qb-aqrs |    20 | 9600 |   24 | 1.00 | 1.00 |        27.2 |    27.2 |    27.2 
     abcs-rc-abrs |    20 | 9600 |   24 | 1.00 | 1.00 |        27.6 |    27.6 |    27.6 
       abj-bka-kj |  5184 |   52 |   72 | 1.00 | 1.00 |        50.2 |    50.2 |    50.2 
       ajb-kba-jk |  3744 |   72 |   72 | 1.00 | 1.00 |        60.5 |    60.5 |    60.5 
     abjc-cbka-kj | 11520 |   20 |   24 | 1.00 | 1.00 |        22.5 |    22.5 |    22.5 
     ajbc-ckba-jk | 11520 |   24 |   20 | 1.00 | 1.00 |        25.9 |    25.9 |    25.9 
     abjc-kbac-jk |  9600 |   24 |   24 | 1.00 | 1.00 |        30.5 |    30.5 |    30.5 
   abjcd-dkbac-jk | 82944 |   24 |   12 | 1.00 | 1.00 |        14.9 |    14.9 |    14.9 
   adbjc-cbdka-kj | 82944 |   12 |   24 | 1.00 | 1.00 |         7.6 |     7.6 |     7.6 
   ajbdc-ckbad-jk | 82944 |   24 |   12 | 1.00 | 1.00 |        14.4 |    14.4 |    14.4 
 abcijk-ijma-mkbc |  4608 |  512 |   24 | 1.00 | 0.94 |        37.4 |    37.4 |    37.4 
 abcijk-ijmb-mkac |  1536 | 1536 |   24 | 1.00 | 0.50 |        33.5 |    33.5 |    33.5 
 abcijk-ijmc-mkab |  1536 | 1536 |   24 | 1.00 | 0.50 |        38.7 |    38.7 |    38.7 
 abcijk-ikma-mjbc |  4608 |  512 |   24 | 1.00 | 0.94 |        37.3 |    37.3 |    37.3 
 abcijk-ikmb-mjac |  1536 | 1536 |   24 | 1.00 | 0.50 |        33.5 |    33.5 |    33.5 
 abcijk-ikmc-mjab |  1536 | 1536 |   24 | 1.00 | 0.50 |        39.5 |    39.5 |    39.5 
 abcijk-jkma-mibc |  4608 |  512 |   24 | 1.00 | 0.94 |        38.0 |    38.0 |    38.0 
 abcijk-jkmb-miac |  1536 | 1536 |   24 | 1.00 | 0.50 |        33.2 |    33.2 |    33.2 
 abcijk-jkmc-miab |  1536 | 1536 |   24 | 1.00 | 0.50 |        39.1 |    39.1 |    39.1 
 abcijk-eiab-jkec |  1536 | 1536 |   24 | 1.00 | 0.50 |        39.2 |    39.2 |    39.2 
 abcijk-eiac-jkeb |  1536 | 1536 |   24 | 1.00 | 0.50 |        33.1 |    33.1 |    33.1 
 abcijk-eibc-jkea |   512 | 4608 |   24 | 1.00 | 0.94 |        37.5 |    37.5 |    37.5 
 abcijk-ejab-ikec |  1536 | 1536 |   24 | 1.00 | 0.50 |        39.5 |    39.5 |    39.5 
 abcijk-ejac-ikeb |  1536 | 1536 |   24 | 1.00 | 0.50 |        33.4 |    33.4 |    33.4 
 abcijk-ejbc-ikea |   512 | 4608 |   24 | 1.00 | 0.94 |        37.3 |    37.3 |    37.3 
 abcijk-ekab-ijec |  1536 | 1536 |   24 | 1.00 | 0.50 |        39.2 |    39.2 |    39.2 
 abcijk-ekac-ijeb |  1536 | 1536 |   24 | 1.00 | 0.50 |        33.5 |    33.5 |    33.5 
 abcijk-ekbc-ijea |   512 | 4608 |   24 | 1.00 | 0.94 |        37.1 |    37.1 |    37.1 
       abc-bk-akc |    72 | 3744 |   52 | 1.00 | 1.00 |        57.4 |    57.4 |    57.4 

=== c64 ===
             case |     m |    n |    k | regA | regB | planar GF/s | 1m GF/s | 3m GF/s 
------------------+-------+------+------+------+------+-------------+---------+---------
         ij-ik-kj |   384 |  364 |  384 | 1.00 | 1.00 |        82.5 |    85.2 |    82.2 
       ij-ikl-ljk |    72 |   52 | 3744 | 1.00 | 1.00 |        59.5 |    62.0 |    60.0 
       ij-kil-lkj |    72 |   52 | 5184 | 1.00 | 1.00 |        56.5 |    56.5 |    56.3 
       ijk-ikl-lj |  3744 |   52 |   72 | 1.00 | 1.00 |        60.1 |    61.7 |    64.0 
       ijk-il-jlk |    72 | 3744 |   52 | 1.00 | 0.95 |        64.2 |    67.9 |    62.7 
       ijk-ilk-jl |  3744 |   72 |   52 | 1.00 | 1.00 |        66.3 |    70.8 |    69.7 
       ijk-ilk-lj |  3744 |   52 |   72 | 1.00 | 1.00 |        67.0 |    69.5 |    71.3 
     ijk-ilmk-mjl |   480 |   20 |  480 | 1.00 | 1.00 |        60.9 |    51.8 |    59.6 
   ijkl-imjn-lnkm |   480 |  480 |  400 | 1.00 | 1.00 |        81.2 |    83.7 |    81.5 
   ijkl-imjn-nlmk |   480 |  400 |  480 | 1.00 | 1.00 |        84.0 |    86.2 |    83.9 
   ijkl-imkn-jnlm |   480 |  480 |  400 | 1.00 | 0.83 |        81.9 |    85.2 |    81.5 
   ijkl-imkn-njml |   480 |  400 |  480 | 1.00 | 1.00 |        84.0 |    86.5 |    84.1 
   ijkl-imln-jnkm |   480 |  480 |  400 | 1.00 | 0.83 |        82.0 |    85.8 |    82.0 
   ijkl-imln-njmk |   480 |  400 |  480 | 1.00 | 1.00 |        84.0 |    86.7 |    84.6 
   ijkl-imnj-nlkm |   480 |  400 |  480 | 1.00 | 1.00 |        83.8 |    85.8 |    84.8 
   ijkl-imnk-njml |   480 |  400 |  480 | 1.00 | 1.00 |        83.9 |    86.4 |    84.0 
   ijkl-minj-nlmk |   480 |  400 |  576 | 1.00 | 1.00 |        80.7 |    82.9 |    80.7 
   ijkl-mink-jnlm |   480 |  480 |  480 | 1.00 | 0.83 |        81.9 |    85.3 |    80.8 
   ijkl-minl-njmk |   480 |  400 |  576 | 1.00 | 1.00 |        81.1 |    83.5 |    80.7 
     aqrs-pa-pqrs |    24 | 8000 |   24 | 1.00 | 1.00 |        39.2 |    40.6 |    32.7 
     abrs-qb-aqrs |    20 | 9600 |   24 | 1.00 | 1.00 |        44.8 |    41.7 |    43.4 
     abcs-rc-abrs |    20 | 9600 |   24 | 1.00 | 1.00 |        44.8 |    41.6 |    43.6 
       abj-bka-kj |  5184 |   52 |   72 | 1.00 | 1.00 |        59.7 |    61.1 |    63.4 
       ajb-kba-jk |  3744 |   72 |   72 | 1.00 | 1.00 |        70.7 |    76.3 |    74.7 
     abjc-cbka-kj | 11520 |   20 |   24 | 1.00 | 1.00 |        39.8 |    36.8 |    38.5 
     ajbc-ckba-jk | 11520 |   24 |   20 | 1.00 | 1.00 |        38.9 |    41.2 |    38.7 
     abjc-kbac-jk |  9600 |   24 |   24 | 1.00 | 1.00 |        44.2 |    48.3 |    44.4 
   abjcd-dkbac-jk | 82944 |   24 |   12 | 1.00 | 1.00 |        23.9 |    23.7 |    22.7 
   adbjc-cbdka-kj | 82944 |   12 |   24 | 1.00 | 1.00 |        13.2 |    11.9 |    13.2 
   ajbdc-ckbad-jk | 82944 |   24 |   12 | 1.00 | 1.00 |        21.9 |    21.7 |    20.5 
 abcijk-ijma-mkbc |  4608 |  512 |   24 | 1.00 | 0.94 |        45.0 |    49.1 |    47.2 
 abcijk-ijmb-mkac |  1536 | 1536 |   24 | 1.00 | 0.50 |        42.2 |    45.3 |    41.3 
 abcijk-ijmc-mkab |  1536 | 1536 |   24 | 1.00 | 0.50 |        55.0 |    62.4 |    54.0 
 abcijk-ikma-mjbc |  4608 |  512 |   24 | 1.00 | 0.94 |        45.0 |    49.2 |    47.3 
 abcijk-ikmb-mjac |  1536 | 1536 |   24 | 1.00 | 0.50 |        42.2 |    45.3 |    41.2 
 abcijk-ikmc-mjab |  1536 | 1536 |   24 | 1.00 | 0.50 |        55.1 |    62.3 |    54.0 
 abcijk-jkma-mibc |  4608 |  512 |   24 | 1.00 | 0.94 |        45.0 |    50.1 |    47.9 
 abcijk-jkmb-miac |  1536 | 1536 |   24 | 1.00 | 0.50 |        42.4 |    45.7 |    41.5 
 abcijk-jkmc-miab |  1536 | 1536 |   24 | 1.00 | 0.50 |        54.8 |    61.8 |    53.9 
 abcijk-eiab-jkec |  1536 | 1536 |   24 | 1.00 | 0.50 |        54.5 |    61.8 |    53.9 
 abcijk-eiac-jkeb |  1536 | 1536 |   24 | 1.00 | 0.50 |        42.6 |    45.6 |    41.6 
 abcijk-eibc-jkea |   512 | 4608 |   24 | 1.00 | 0.94 |        45.0 |    50.1 |    47.7 
 abcijk-ejab-ikec |  1536 | 1536 |   24 | 1.00 | 0.50 |        54.7 |    62.0 |    53.7 
 abcijk-ejac-ikeb |  1536 | 1536 |   24 | 1.00 | 0.50 |        42.1 |    45.1 |    41.4 
 abcijk-ejbc-ikea |   512 | 4608 |   24 | 1.00 | 0.94 |        45.0 |    49.3 |    47.4 
 abcijk-ekab-ijec |  1536 | 1536 |   24 | 1.00 | 0.50 |        54.8 |    62.2 |    53.8 
 abcijk-ekac-ijeb |  1536 | 1536 |   24 | 1.00 | 0.50 |        42.1 |    45.4 |    41.4 
 abcijk-ekbc-ijea |   512 | 4608 |   24 | 1.00 | 0.94 |        45.0 |    49.2 |    47.2 
       abc-bk-akc |    72 | 3744 |   52 | 1.00 | 1.00 |        66.8 |    72.0 |    70.3 

=== complex efficiency ratio (c64 GF/s over f64 GF/s; 1.0 = no penalty) ===
             case | planar c64/f64 | 1m c64/f64 | 3m c64/f64 
------------------+----------------+------------+------------
         ij-ik-kj |          1.118 |      1.155 |      1.115 
       ij-ikl-ljk |          1.506 |      1.569 |      1.519 
       ij-kil-lkj |          1.460 |      1.459 |      1.454 
       ijk-ikl-lj |          1.137 |      1.168 |      1.211 
       ijk-il-jlk |          1.384 |      1.465 |      1.352 
       ijk-ilk-jl |          1.160 |      1.238 |      1.219 
       ijk-ilk-lj |          1.207 |      1.252 |      1.284 
     ijk-ilmk-mjl |          1.641 |      1.395 |      1.606 
   ijkl-imjn-lnkm |          1.057 |      1.088 |      1.061 
   ijkl-imjn-nlmk |          1.068 |      1.096 |      1.067 
   ijkl-imkn-jnlm |          1.033 |      1.075 |      1.028 
   ijkl-imkn-njml |          1.058 |      1.090 |      1.059 
   ijkl-imln-jnkm |          1.033 |      1.081 |      1.032 
   ijkl-imln-njmk |          1.058 |      1.092 |      1.065 
   ijkl-imnj-nlkm |          1.068 |      1.092 |      1.080 
   ijkl-imnk-njml |          1.051 |      1.083 |      1.053 
   ijkl-minj-nlmk |          1.082 |      1.112 |      1.082 
   ijkl-mink-jnlm |          1.023 |      1.065 |      1.008 
   ijkl-minl-njmk |          1.076 |      1.108 |      1.071 
     aqrs-pa-pqrs |          1.864 |      1.932 |      1.553 
     abrs-qb-aqrs |          1.645 |      1.530 |      1.593 
     abcs-rc-abrs |          1.625 |      1.508 |      1.582 
       abj-bka-kj |          1.189 |      1.217 |      1.262 
       ajb-kba-jk |          1.170 |      1.262 |      1.235 
     abjc-cbka-kj |          1.768 |      1.635 |      1.711 
     ajbc-ckba-jk |          1.506 |      1.594 |      1.496 
     abjc-kbac-jk |          1.451 |      1.584 |      1.455 
   abjcd-dkbac-jk |          1.602 |      1.591 |      1.523 
   adbjc-cbdka-kj |          1.734 |      1.561 |      1.736 
   ajbdc-ckbad-jk |          1.525 |      1.512 |      1.427 
 abcijk-ijma-mkbc |          1.204 |      1.313 |      1.262 
 abcijk-ijmb-mkac |          1.261 |      1.354 |      1.235 
 abcijk-ijmc-mkab |          1.421 |      1.612 |      1.397 
 abcijk-ikma-mjbc |          1.206 |      1.319 |      1.268 
 abcijk-ikmb-mjac |          1.257 |      1.351 |      1.228 
 abcijk-ikmc-mjab |          1.396 |      1.578 |      1.367 
 abcijk-jkma-mibc |          1.186 |      1.320 |      1.262 
 abcijk-jkmb-miac |          1.277 |      1.378 |      1.249 
 abcijk-jkmc-miab |          1.402 |      1.580 |      1.379 
 abcijk-eiab-jkec |          1.390 |      1.577 |      1.375 
 abcijk-eiac-jkeb |          1.288 |      1.378 |      1.257 
 abcijk-eibc-jkea |          1.198 |      1.335 |      1.272 
 abcijk-ejab-ikec |          1.385 |      1.571 |      1.360 
 abcijk-ejac-ikeb |          1.261 |      1.348 |      1.238 
 abcijk-ejbc-ikea |          1.207 |      1.324 |      1.273 
 abcijk-ekab-ijec |          1.396 |      1.586 |      1.372 
 abcijk-ekac-ijeb |          1.257 |      1.355 |      1.237 
 abcijk-ekbc-ijea |          1.213 |      1.328 |      1.274 
       abc-bk-akc |          1.163 |      1.254 |      1.223 
             MEAN |          1.299 |      1.357 |      1.295 

wrote bench-results/worker5139-zen2/phase4g/sm-s1-t2-f64c64.csv
