host        : worker5139
target      : x86_64 / linux
cpu features: avx2 fma 
caches      : L1=32KiB/8-way/1sh L2=512KiB/8-way/1sh L3=16384KiB/16-way/4sh (via sysfs), blocking=legacy
l3 domains  : t1=1
baselines   : tblis=false blas=false

sweeping 49 cases at 0.25 MiB nominal tensor size, 96 reps, stress=none


=== f64 ===
             case |     m |    n |    k | regA | regB | planar GF/s | 1m GF/s | 3m GF/s 
------------------+-------+------+------+------+------+-------------+---------+---------
         ij-ik-kj |   192 |  180 |  192 | 1.00 | 1.00 |        39.1 |    39.1 |    39.1 
       ij-ikl-ljk |    48 |   32 | 1536 | 1.00 | 1.00 |        21.9 |    21.9 |    21.9 
       ij-kil-lkj |    48 |   32 | 2304 | 1.00 | 1.00 |        20.5 |    20.5 |    20.5 
       ijk-ikl-lj |  1536 |   32 |   48 | 1.00 | 1.00 |        22.9 |    22.9 |    22.9 
       ijk-il-jlk |    48 | 1536 |   32 | 1.00 | 1.00 |        23.1 |    23.1 |    23.1 
       ijk-ilk-jl |  1536 |   48 |   32 | 1.00 | 1.00 |        24.9 |    24.9 |    24.9 
       ijk-ilk-lj |  1536 |   32 |   48 | 1.00 | 1.00 |        24.3 |    24.3 |    24.3 
     ijk-ilmk-mjl |   288 |   12 |  288 | 1.00 | 1.00 |        19.8 |    19.8 |    19.8 
   ijkl-imjn-lnkm |   288 |  288 |  144 | 1.00 | 1.00 |        39.1 |    39.1 |    39.1 
   ijkl-imjn-nlmk |   288 |  144 |  288 | 1.00 | 1.00 |        35.9 |    35.9 |    35.9 
   ijkl-imkn-jnlm |   288 |  288 |  144 | 1.00 | 1.00 |        39.3 |    39.3 |    39.3 
   ijkl-imkn-njml |   288 |  144 |  288 | 1.00 | 1.00 |        36.0 |    36.0 |    36.0 
   ijkl-imln-jnkm |   288 |  288 |  144 | 1.00 | 1.00 |        39.5 |    39.5 |    39.5 
   ijkl-imln-njmk |   288 |  144 |  288 | 1.00 | 1.00 |        36.0 |    36.0 |    36.0 
   ijkl-imnj-nlkm |   288 |  144 |  288 | 1.00 | 1.00 |        36.1 |    36.1 |    36.1 
   ijkl-imnk-njml |   288 |  144 |  288 | 1.00 | 1.00 |        36.0 |    36.0 |    36.0 
   ijkl-minj-nlmk |   288 |  144 |  576 | 1.00 | 1.00 |        36.2 |    36.2 |    36.2 
   ijkl-mink-jnlm |   288 |  288 |  288 | 1.00 | 1.00 |        37.1 |    37.1 |    37.1 
   ijkl-minl-njmk |   288 |  144 |  576 | 1.00 | 1.00 |        36.3 |    36.3 |    36.3 
     aqrs-pa-pqrs |    24 | 1728 |   24 | 1.00 | 1.00 |        16.5 |    16.5 |    16.5 
     abrs-qb-aqrs |    12 | 3456 |   24 | 1.00 | 1.00 |        14.4 |    14.4 |    14.4 
     abcs-rc-abrs |    12 | 3456 |   24 | 1.00 | 1.00 |        14.4 |    14.4 |    14.4 
       abj-bka-kj |  2304 |   32 |   48 | 1.00 | 1.00 |        21.1 |    21.1 |    21.1 
       ajb-kba-jk |  1536 |   48 |   48 | 1.00 | 1.00 |        27.1 |    27.1 |    27.1 
     abjc-cbka-kj |  6912 |   12 |   24 | 1.00 | 1.00 |        11.1 |    11.1 |    11.1 
     ajbc-ckba-jk |  6912 |   24 |   12 | 1.00 | 1.00 |        12.3 |    12.3 |    12.3 
     abjc-kbac-jk |  3456 |   24 |   24 | 1.00 | 1.00 |        17.8 |    17.8 |    17.8 
   abjcd-dkbac-jk | 36864 |   24 |    8 | 1.00 | 1.00 |         9.1 |     9.1 |     9.1 
   adbjc-cbdka-kj | 36864 |    8 |   24 | 1.00 | 1.00 |         2.3 |     2.3 |     2.3 
   ajbdc-ckbad-jk | 36864 |   24 |    8 | 1.00 | 1.00 |         8.5 |     8.5 |     8.5 
 abcijk-ijma-mkbc |  2304 |   64 |   24 | 1.00 | 0.82 |        21.7 |    21.7 |    21.7 
 abcijk-ijmb-mkac |   384 |  384 |   24 | 1.00 | 0.00 |        25.3 |    25.3 |    25.3 
 abcijk-ijmc-mkab |   384 |  384 |   24 | 1.00 | 0.00 |        25.3 |    25.3 |    25.3 
 abcijk-ikma-mjbc |  2304 |   64 |   24 | 1.00 | 0.82 |        21.7 |    21.7 |    21.7 
 abcijk-ikmb-mjac |   384 |  384 |   24 | 1.00 | 0.00 |        25.2 |    25.2 |    25.2 
 abcijk-ikmc-mjab |   384 |  384 |   24 | 1.00 | 0.00 |        25.3 |    25.3 |    25.3 
 abcijk-jkma-mibc |  2304 |   64 |   24 | 1.00 | 0.82 |        21.6 |    21.6 |    21.6 
 abcijk-jkmb-miac |   384 |  384 |   24 | 1.00 | 0.00 |        25.3 |    25.3 |    25.3 
 abcijk-jkmc-miab |   384 |  384 |   24 | 1.00 | 0.00 |        25.3 |    25.3 |    25.3 
 abcijk-eiab-jkec |   384 |  384 |   24 | 1.00 | 0.00 |        25.3 |    25.3 |    25.3 
 abcijk-eiac-jkeb |   384 |  384 |   24 | 1.00 | 0.00 |        25.3 |    25.3 |    25.3 
 abcijk-eibc-jkea |    64 | 2304 |   24 | 1.00 | 0.82 |        21.7 |    21.7 |    21.7 
 abcijk-ejab-ikec |   384 |  384 |   24 | 1.00 | 0.00 |        25.3 |    25.3 |    25.3 
 abcijk-ejac-ikeb |   384 |  384 |   24 | 1.00 | 0.00 |        25.3 |    25.3 |    25.3 
 abcijk-ejbc-ikea |    64 | 2304 |   24 | 1.00 | 0.82 |        21.6 |    21.6 |    21.6 
 abcijk-ekab-ijec |   384 |  384 |   24 | 1.00 | 0.00 |        25.3 |    25.3 |    25.3 
 abcijk-ekac-ijeb |   384 |  384 |   24 | 1.00 | 0.00 |        25.3 |    25.3 |    25.3 
 abcijk-ekbc-ijea |    64 | 2304 |   24 | 1.00 | 0.82 |        21.6 |    21.6 |    21.6 
       abc-bk-akc |    48 | 1536 |   32 | 1.00 | 1.00 |        24.9 |    24.9 |    24.9 

=== c64 ===
             case |     m |    n |    k | regA | regB | planar GF/s | 1m GF/s | 3m GF/s 
------------------+-------+------+------+------+------+-------------+---------+---------
         ij-ik-kj |   192 |  180 |  192 | 1.00 | 1.00 |        43.3 |    44.2 |    42.7 
       ij-ikl-ljk |    48 |   32 | 1536 | 1.00 | 1.00 |        31.6 |    30.0 |    33.0 
       ij-kil-lkj |    48 |   32 | 2304 | 1.00 | 1.00 |        30.5 |    29.5 |    32.4 
       ijk-ikl-lj |  1536 |   32 |   48 | 1.00 | 1.00 |        29.4 |    29.4 |    31.7 
       ijk-il-jlk |    48 | 1536 |   32 | 1.00 | 0.92 |        30.4 |    34.5 |    30.3 
       ijk-ilk-jl |  1536 |   48 |   32 | 1.00 | 1.00 |        29.6 |    32.9 |    30.6 
       ijk-ilk-lj |  1536 |   32 |   48 | 1.00 | 1.00 |        30.4 |    30.2 |    32.9 
     ijk-ilmk-mjl |   288 |   12 |  288 | 1.00 | 1.00 |        25.0 |    26.3 |    27.7 
   ijkl-imjn-lnkm |   288 |  288 |  144 | 1.00 | 0.67 |        42.9 |    45.2 |    43.3 
   ijkl-imjn-nlmk |   288 |  144 |  288 | 1.00 | 0.69 |        40.8 |    42.0 |    41.6 
   ijkl-imkn-jnlm |   288 |  288 |  144 | 1.00 | 0.84 |        43.1 |    45.4 |    43.4 
   ijkl-imkn-njml |   288 |  144 |  288 | 1.00 | 0.69 |        40.9 |    42.2 |    41.6 
   ijkl-imln-jnkm |   288 |  288 |  144 | 1.00 | 0.84 |        43.1 |    45.6 |    43.7 
   ijkl-imln-njmk |   288 |  144 |  288 | 1.00 | 0.69 |        40.9 |    42.3 |    41.0 
   ijkl-imnj-nlkm |   288 |  144 |  288 | 1.00 | 0.69 |        41.0 |    42.3 |    41.1 
   ijkl-imnk-njml |   288 |  144 |  288 | 1.00 | 0.69 |        40.9 |    42.3 |    41.1 
   ijkl-minj-nlmk |   288 |  144 |  576 | 1.00 | 0.69 |        41.2 |    42.3 |    42.0 
   ijkl-mink-jnlm |   288 |  288 |  288 | 1.00 | 0.84 |        41.6 |    43.5 |    42.4 
   ijkl-minl-njmk |   288 |  144 |  576 | 1.00 | 0.69 |        41.3 |    42.6 |    42.2 
     aqrs-pa-pqrs |    24 | 1728 |   24 | 1.00 | 1.00 |        24.9 |    28.3 |    24.1 
     abrs-qb-aqrs |    12 | 3456 |   24 | 1.00 | 1.00 |        18.7 |    21.1 |    20.4 
     abcs-rc-abrs |    12 | 3456 |   24 | 1.00 | 1.00 |        18.7 |    21.2 |    20.5 
       abj-bka-kj |  2304 |   32 |   48 | 1.00 | 1.00 |        28.3 |    27.6 |    30.1 
       ajb-kba-jk |  1536 |   48 |   48 | 1.00 | 1.00 |        32.6 |    35.2 |    34.4 
     abjc-cbka-kj |  6912 |   12 |   24 | 1.00 | 1.00 |        16.3 |    17.6 |    17.4 
     ajbc-ckba-jk |  6912 |   24 |   12 | 1.00 | 1.00 |        17.4 |    19.2 |    16.8 
     abjc-kbac-jk |  3456 |   24 |   24 | 1.00 | 1.00 |        24.0 |    26.3 |    24.2 
   abjcd-dkbac-jk | 36864 |   24 |    8 | 1.00 | 1.00 |        11.5 |    12.0 |    10.7 
   adbjc-cbdka-kj | 36864 |    8 |   24 | 1.00 | 1.00 |         6.6 |     6.2 |     6.8 
   ajbdc-ckbad-jk | 36864 |   24 |    8 | 1.00 | 1.00 |         9.6 |     9.9 |     9.2 
 abcijk-ijma-mkbc |  2304 |   64 |   24 | 1.00 | 0.77 |        27.3 |    29.6 |    27.2 
 abcijk-ijmb-mkac |   384 |  384 |   24 | 1.00 | 0.01 |        29.8 |    34.0 |    29.6 
 abcijk-ijmc-mkab |   384 |  384 |   24 | 1.00 | 0.01 |        29.9 |    34.1 |    29.6 
 abcijk-ikma-mjbc |  2304 |   64 |   24 | 1.00 | 0.77 |        27.3 |    29.5 |    27.1 
 abcijk-ikmb-mjac |   384 |  384 |   24 | 1.00 | 0.01 |        29.8 |    33.9 |    29.6 
 abcijk-ikmc-mjab |   384 |  384 |   24 | 1.00 | 0.01 |        29.9 |    34.2 |    29.7 
 abcijk-jkma-mibc |  2304 |   64 |   24 | 1.00 | 0.77 |        27.3 |    29.6 |    27.2 
 abcijk-jkmb-miac |   384 |  384 |   24 | 1.00 | 0.01 |        29.8 |    34.0 |    29.6 
 abcijk-jkmc-miab |   384 |  384 |   24 | 1.00 | 0.01 |        29.9 |    34.0 |    29.6 
 abcijk-eiab-jkec |   384 |  384 |   24 | 1.00 | 0.01 |        29.9 |    34.0 |    29.6 
 abcijk-eiac-jkeb |   384 |  384 |   24 | 1.00 | 0.01 |        29.8 |    34.0 |    29.5 
 abcijk-eibc-jkea |    64 | 2304 |   24 | 1.00 | 0.77 |        27.3 |    29.5 |    27.2 
 abcijk-ejab-ikec |   384 |  384 |   24 | 1.00 | 0.01 |        29.9 |    34.1 |    29.6 
 abcijk-ejac-ikeb |   384 |  384 |   24 | 1.00 | 0.01 |        29.8 |    33.9 |    29.5 
 abcijk-ejbc-ikea |    64 | 2304 |   24 | 1.00 | 0.77 |        27.3 |    29.5 |    27.1 
 abcijk-ekab-ijec |   384 |  384 |   24 | 1.00 | 0.01 |        29.8 |    34.0 |    29.6 
 abcijk-ekac-ijeb |   384 |  384 |   24 | 1.00 | 0.01 |        29.8 |    33.9 |    29.6 
 abcijk-ekbc-ijea |    64 | 2304 |   24 | 1.00 | 0.77 |        27.3 |    29.6 |    27.1 
       abc-bk-akc |    48 | 1536 |   32 | 1.00 | 1.00 |        29.6 |    32.7 |    30.6 

=== complex efficiency ratio (c64 GF/s over f64 GF/s; 1.0 = no penalty) ===
             case | planar c64/f64 | 1m c64/f64 | 3m c64/f64 
------------------+----------------+------------+------------
         ij-ik-kj |          1.106 |      1.130 |      1.090 
       ij-ikl-ljk |          1.443 |      1.371 |      1.510 
       ij-kil-lkj |          1.486 |      1.437 |      1.581 
       ijk-ikl-lj |          1.284 |      1.283 |      1.382 
       ijk-il-jlk |          1.316 |      1.495 |      1.315 
       ijk-ilk-jl |          1.188 |      1.320 |      1.227 
       ijk-ilk-lj |          1.250 |      1.242 |      1.351 
     ijk-ilmk-mjl |          1.261 |      1.325 |      1.399 
   ijkl-imjn-lnkm |          1.096 |      1.156 |      1.109 
   ijkl-imjn-nlmk |          1.136 |      1.170 |      1.157 
   ijkl-imkn-jnlm |          1.095 |      1.153 |      1.103 
   ijkl-imkn-njml |          1.136 |      1.173 |      1.157 
   ijkl-imln-jnkm |          1.089 |      1.153 |      1.104 
   ijkl-imln-njmk |          1.135 |      1.175 |      1.140 
   ijkl-imnj-nlkm |          1.135 |      1.171 |      1.139 
   ijkl-imnk-njml |          1.137 |      1.176 |      1.142 
   ijkl-minj-nlmk |          1.137 |      1.168 |      1.158 
   ijkl-mink-jnlm |          1.121 |      1.174 |      1.142 
   ijkl-minl-njmk |          1.137 |      1.172 |      1.162 
     aqrs-pa-pqrs |          1.508 |      1.716 |      1.460 
     abrs-qb-aqrs |          1.297 |      1.465 |      1.418 
     abcs-rc-abrs |          1.297 |      1.467 |      1.419 
       abj-bka-kj |          1.341 |      1.311 |      1.430 
       ajb-kba-jk |          1.205 |      1.302 |      1.270 
     abjc-cbka-kj |          1.465 |      1.580 |      1.566 
     ajbc-ckba-jk |          1.418 |      1.562 |      1.366 
     abjc-kbac-jk |          1.349 |      1.474 |      1.360 
   abjcd-dkbac-jk |          1.262 |      1.323 |      1.179 
   adbjc-cbdka-kj |          2.816 |      2.636 |      2.912 
   ajbdc-ckbad-jk |          1.136 |      1.170 |      1.081 
 abcijk-ijma-mkbc |          1.260 |      1.364 |      1.253 
 abcijk-ijmb-mkac |          1.178 |      1.342 |      1.169 
 abcijk-ijmc-mkab |          1.180 |      1.346 |      1.169 
 abcijk-ikma-mjbc |          1.259 |      1.363 |      1.253 
 abcijk-ikmb-mjac |          1.181 |      1.345 |      1.172 
 abcijk-ikmc-mjab |          1.180 |      1.348 |      1.174 
 abcijk-jkma-mibc |          1.261 |      1.366 |      1.255 
 abcijk-jkmb-miac |          1.179 |      1.345 |      1.171 
 abcijk-jkmc-miab |          1.178 |      1.342 |      1.168 
 abcijk-eiab-jkec |          1.178 |      1.343 |      1.168 
 abcijk-eiac-jkeb |          1.178 |      1.344 |      1.167 
 abcijk-eibc-jkea |          1.261 |      1.361 |      1.254 
 abcijk-ejab-ikec |          1.180 |      1.348 |      1.168 
 abcijk-ejac-ikeb |          1.180 |      1.343 |      1.168 
 abcijk-ejbc-ikea |          1.263 |      1.366 |      1.255 
 abcijk-ekab-ijec |          1.176 |      1.344 |      1.170 
 abcijk-ekac-ijeb |          1.178 |      1.342 |      1.170 
 abcijk-ekbc-ijea |          1.259 |      1.367 |      1.253 
       abc-bk-akc |          1.192 |      1.315 |      1.230 
             MEAN |          1.259 |      1.349 |      1.278 

wrote bench-results/worker5139-zen2/phase4g/sm-s0.25-t1-f64c64.csv
