host        : worker5139
target      : x86_64 / linux
cpu features: avx2 fma 
caches      : L1=32KiB/8-way/1sh L2=512KiB/8-way/1sh L3=16384KiB/16-way/4sh (via sysfs), blocking=legacy
l3 domains  : t1=1 t4=1 t8=2 t16=4 t32=8 t64=16 t128=32
baselines   : tblis=false blas=false

sweeping 49 cases at 16 MiB nominal tensor size, 3 reps, stress=none


=== f64 ===
             case |      m |     n |     k | regA | regB | planar GF/s | 1m GF/s | 3m GF/s 
------------------+--------+-------+-------+------+------+-------------+---------+---------
         ij-ik-kj |   1464 |  1448 |  1464 | 1.00 | 1.00 |       215.5 |   215.5 |   215.5 
       ij-ikl-ljk |    144 |   128 | 18432 | 1.00 | 1.00 |        43.2 |    43.2 |    43.2 
       ij-kil-lkj |    144 |   128 | 20736 | 1.00 | 1.00 |        44.0 |    44.0 |    44.0 
       ijk-ikl-lj |  18432 |   128 |   144 | 1.00 | 1.00 |        88.3 |    88.3 |    88.3 
       ijk-il-jlk |    144 | 18432 |   128 | 1.00 | 1.00 |       151.7 |   151.7 |   151.7 
       ijk-ilk-jl |  18432 |   144 |   128 | 1.00 | 1.00 |        93.4 |    93.4 |    93.4 
       ijk-ilk-lj |  18432 |   128 |   144 | 1.00 | 1.00 |       112.9 |   112.9 |   112.9 
     ijk-ilmk-mjl |   1920 |    40 |  1920 | 1.00 | 1.00 |        38.0 |    38.0 |    38.0 
   ijkl-imjn-lnkm |   1920 |  1920 |  1600 | 1.00 | 0.90 |       229.6 |   229.6 |   229.6 
   ijkl-imjn-nlmk |   1920 |  1600 |  1920 | 1.00 | 0.90 |       276.9 |   276.9 |   276.9 
   ijkl-imkn-jnlm |   1920 |  1920 |  1600 | 1.00 | 1.00 |       249.8 |   249.8 |   249.8 
   ijkl-imkn-njml |   1920 |  1600 |  1920 | 1.00 | 0.90 |       251.8 |   251.8 |   251.8 
   ijkl-imln-jnkm |   1920 |  1920 |  1600 | 1.00 | 1.00 |       255.8 |   255.8 |   255.8 
   ijkl-imln-njmk |   1920 |  1600 |  1920 | 1.00 | 0.90 |       321.2 |   321.2 |   321.2 
   ijkl-imnj-nlkm |   1920 |  1600 |  1920 | 1.00 | 0.90 |       257.6 |   257.6 |   257.6 
   ijkl-imnk-njml |   1920 |  1600 |  1920 | 1.00 | 0.90 |       241.5 |   241.5 |   241.5 
   ijkl-minj-nlmk |   1920 |  1600 |  2304 | 1.00 | 0.90 |       302.2 |   302.2 |   302.2 
   ijkl-mink-jnlm |   1920 |  1920 |  1920 | 1.00 | 1.00 |       270.6 |   270.6 |   270.6 
   ijkl-minl-njmk |   1920 |  1600 |  2304 | 1.00 | 0.90 |       278.2 |   278.2 |   278.2 
     aqrs-pa-pqrs |     48 | 64000 |    48 | 1.00 | 1.00 |        64.4 |    64.4 |    64.4 
     abrs-qb-aqrs |     40 | 76800 |    48 | 1.00 | 1.00 |        58.5 |    58.5 |    58.5 
     abcs-rc-abrs |     40 | 76800 |    48 | 1.00 | 1.00 |        53.0 |    53.0 |    53.0 
       abj-bka-kj |  20736 |   128 |   144 | 1.00 | 1.00 |        98.8 |    98.8 |    98.8 
       ajb-kba-jk |  18432 |   144 |   144 | 1.00 | 1.00 |       111.8 |   111.8 |   111.8 
     abjc-cbka-kj |  92160 |    40 |    48 | 1.00 | 1.00 |        38.8 |    38.8 |    38.8 
     ajbc-ckba-jk |  92160 |    48 |    40 | 1.00 | 1.00 |        41.5 |    41.5 |    41.5 
     abjc-kbac-jk |  76800 |    48 |    48 | 1.00 | 1.00 |        70.6 |    70.6 |    70.6 
   abjcd-dkbac-jk | 230400 |    24 |    20 | 1.00 | 1.00 |        19.7 |    19.7 |    19.7 
   adbjc-cbdka-kj | 230400 |    20 |    24 | 1.00 | 1.00 |        19.6 |    19.6 |    19.6 
   ajbdc-ckbad-jk | 230400 |    24 |    20 | 1.00 | 1.00 |        18.7 |    18.7 |    18.7 
 abcijk-ijma-mkbc |   6912 |  1728 |    24 | 1.00 | 1.00 |       166.7 |   166.7 |   166.7 
 abcijk-ijmb-mkac |   3456 |  3456 |    24 | 1.00 | 1.00 |       183.4 |   183.4 |   183.4 
 abcijk-ijmc-mkab |   3456 |  3456 |    24 | 1.00 | 1.00 |       202.7 |   202.7 |   202.7 
 abcijk-ikma-mjbc |   6912 |  1728 |    24 | 1.00 | 1.00 |       150.6 |   150.6 |   150.6 
 abcijk-ikmb-mjac |   3456 |  3456 |    24 | 1.00 | 1.00 |       181.4 |   181.4 |   181.4 
 abcijk-ikmc-mjab |   3456 |  3456 |    24 | 1.00 | 1.00 |       172.6 |   172.6 |   172.6 
 abcijk-jkma-mibc |   6912 |  1728 |    24 | 1.00 | 1.00 |       165.4 |   165.4 |   165.4 
 abcijk-jkmb-miac |   3456 |  3456 |    24 | 1.00 | 1.00 |       177.6 |   177.6 |   177.6 
 abcijk-jkmc-miab |   3456 |  3456 |    24 | 1.00 | 1.00 |       213.6 |   213.6 |   213.6 
 abcijk-eiab-jkec |   3456 |  3456 |    24 | 1.00 | 1.00 |       192.8 |   192.8 |   192.8 
 abcijk-eiac-jkeb |   3456 |  3456 |    24 | 1.00 | 1.00 |       178.4 |   178.4 |   178.4 
 abcijk-eibc-jkea |   1728 |  6912 |    24 | 1.00 | 1.00 |       156.9 |   156.9 |   156.9 
 abcijk-ejab-ikec |   3456 |  3456 |    24 | 1.00 | 1.00 |       209.1 |   209.1 |   209.1 
 abcijk-ejac-ikeb |   3456 |  3456 |    24 | 1.00 | 1.00 |       196.7 |   196.7 |   196.7 
 abcijk-ejbc-ikea |   1728 |  6912 |    24 | 1.00 | 1.00 |       173.9 |   173.9 |   173.9 
 abcijk-ekab-ijec |   3456 |  3456 |    24 | 1.00 | 1.00 |       156.4 |   156.4 |   156.4 
 abcijk-ekac-ijeb |   3456 |  3456 |    24 | 1.00 | 1.00 |       200.2 |   200.2 |   200.2 
 abcijk-ekbc-ijea |   1728 |  6912 |    24 | 1.00 | 1.00 |       161.8 |   161.8 |   161.8 
       abc-bk-akc |    144 | 18432 |   128 | 1.00 | 1.00 |        90.3 |    90.3 |    90.3 

=== c64 ===
             case |      m |     n |     k | regA | regB | planar GF/s | 1m GF/s | 3m GF/s 
------------------+--------+-------+-------+------+------+-------------+---------+---------
         ij-ik-kj |   1464 |  1448 |  1464 | 1.00 | 1.00 |       383.4 |   393.0 |   333.2 
       ij-ikl-ljk |    144 |   128 | 18432 | 1.00 | 1.00 |       113.3 |   106.1 |    96.0 
       ij-kil-lkj |    144 |   128 | 20736 | 1.00 | 1.00 |       120.0 |   109.3 |   105.8 
       ijk-ikl-lj |  18432 |   128 |   144 | 1.00 | 1.00 |       199.8 |   189.3 |   207.3 
       ijk-il-jlk |    144 | 18432 |   128 | 1.00 | 0.97 |       309.8 |   283.9 |   265.6 
       ijk-ilk-jl |  18432 |   144 |   128 | 1.00 | 1.00 |       217.1 |   236.6 |   190.6 
       ijk-ilk-lj |  18432 |   128 |   144 | 1.00 | 1.00 |       274.0 |   220.6 |   307.4 
     ijk-ilmk-mjl |   1920 |    40 |  1920 | 1.00 | 1.00 |        98.2 |    90.4 |    90.4 
   ijkl-imjn-lnkm |   1920 |  1920 |  1600 | 1.00 | 1.00 |       400.0 |   374.2 |   325.1 
   ijkl-imjn-nlmk |   1920 |  1600 |  1920 | 1.00 | 1.00 |       363.6 |   367.0 |   329.2 
   ijkl-imkn-jnlm |   1920 |  1920 |  1600 | 1.00 | 0.92 |       432.5 |   392.5 |   348.4 
   ijkl-imkn-njml |   1920 |  1600 |  1920 | 1.00 | 1.00 |       472.3 |   468.8 |   405.4 
   ijkl-imln-jnkm |   1920 |  1920 |  1600 | 1.00 | 0.92 |       497.7 |   419.6 |   401.9 
   ijkl-imln-njmk |   1920 |  1600 |  1920 | 1.00 | 1.00 |       463.4 |   430.1 |   405.6 
   ijkl-imnj-nlkm |   1920 |  1600 |  1920 | 1.00 | 1.00 |       455.5 |   440.6 |   370.7 
   ijkl-imnk-njml |   1920 |  1600 |  1920 | 1.00 | 1.00 |       441.8 |   453.4 |   405.1 
   ijkl-minj-nlmk |   1920 |  1600 |  2304 | 1.00 | 1.00 |       453.6 |   486.7 |   394.7 
   ijkl-mink-jnlm |   1920 |  1920 |  1920 | 1.00 | 0.92 |       445.1 |   440.3 |   394.2 
   ijkl-minl-njmk |   1920 |  1600 |  2304 | 1.00 | 1.00 |       485.0 |   413.4 |   370.3 
     aqrs-pa-pqrs |     48 | 64000 |    48 | 1.00 | 1.00 |       133.9 |   127.5 |   134.2 
     abrs-qb-aqrs |     40 | 76800 |    48 | 1.00 | 1.00 |       138.8 |   167.8 |   103.9 
     abcs-rc-abrs |     40 | 76800 |    48 | 1.00 | 1.00 |       152.9 |   126.7 |   109.8 
       abj-bka-kj |  20736 |   128 |   144 | 1.00 | 1.00 |       227.9 |   221.8 |   247.3 
       ajb-kba-jk |  18432 |   144 |   144 | 1.00 | 1.00 |       248.6 |   260.7 |   267.0 
     abjc-cbka-kj |  92160 |    40 |    48 | 1.00 | 1.00 |        82.6 |    80.4 |    84.5 
     ajbc-ckba-jk |  92160 |    48 |    40 | 1.00 | 1.00 |       102.4 |    95.2 |    85.6 
     abjc-kbac-jk |  76800 |    48 |    48 | 1.00 | 1.00 |       160.6 |   172.2 |   171.5 
   abjcd-dkbac-jk | 230400 |    24 |    20 | 1.00 | 1.00 |        53.1 |    50.7 |    52.7 
   adbjc-cbdka-kj | 230400 |    20 |    24 | 1.00 | 1.00 |        44.0 |    43.0 |    44.1 
   ajbdc-ckbad-jk | 230400 |    24 |    20 | 1.00 | 1.00 |        53.3 |    51.0 |    46.2 
 abcijk-ijma-mkbc |   6912 |  1728 |    24 | 1.00 | 0.97 |       177.8 |   169.4 |   158.9 
 abcijk-ijmb-mkac |   3456 |  3456 |    24 | 1.00 | 0.67 |       181.3 |   236.1 |   165.4 
 abcijk-ijmc-mkab |   3456 |  3456 |    24 | 1.00 | 0.67 |       235.5 |   200.2 |   211.9 
 abcijk-ikma-mjbc |   6912 |  1728 |    24 | 1.00 | 0.97 |       183.0 |   173.9 |   156.5 
 abcijk-ikmb-mjac |   3456 |  3456 |    24 | 1.00 | 0.67 |       184.7 |   232.2 |   161.7 
 abcijk-ikmc-mjab |   3456 |  3456 |    24 | 1.00 | 0.67 |       228.0 |   207.2 |   216.7 
 abcijk-jkma-mibc |   6912 |  1728 |    24 | 1.00 | 0.97 |       180.0 |   174.2 |   151.4 
 abcijk-jkmb-miac |   3456 |  3456 |    24 | 1.00 | 0.67 |       185.0 |   239.6 |   157.6 
 abcijk-jkmc-miab |   3456 |  3456 |    24 | 1.00 | 0.67 |       236.7 |   262.3 |   218.9 
 abcijk-eiab-jkec |   3456 |  3456 |    24 | 1.00 | 0.67 |       222.3 |   235.2 |   221.9 
 abcijk-eiac-jkeb |   3456 |  3456 |    24 | 1.00 | 0.67 |       174.5 |   246.5 |   159.3 
 abcijk-eibc-jkea |   1728 |  6912 |    24 | 1.00 | 0.97 |       180.7 |   164.3 |   149.5 
 abcijk-ejab-ikec |   3456 |  3456 |    24 | 1.00 | 0.67 |       215.1 |   216.9 |   220.3 
 abcijk-ejac-ikeb |   3456 |  3456 |    24 | 1.00 | 0.67 |       183.3 |   237.1 |   159.2 
 abcijk-ejbc-ikea |   1728 |  6912 |    24 | 1.00 | 0.97 |       177.6 |   173.8 |   160.7 
 abcijk-ekab-ijec |   3456 |  3456 |    24 | 1.00 | 0.67 |       209.5 |   207.3 |   197.4 
 abcijk-ekac-ijeb |   3456 |  3456 |    24 | 1.00 | 0.67 |       178.2 |   223.5 |   160.4 
 abcijk-ekbc-ijea |   1728 |  6912 |    24 | 1.00 | 0.97 |       180.1 |   172.1 |   158.9 
       abc-bk-akc |    144 | 18432 |   128 | 1.00 | 1.00 |       220.7 |   224.3 |   229.6 

=== complex efficiency ratio (c64 GF/s over f64 GF/s; 1.0 = no penalty) ===
             case | planar c64/f64 | 1m c64/f64 | 3m c64/f64 
------------------+----------------+------------+------------
         ij-ik-kj |          1.779 |      1.823 |      1.546 
       ij-ikl-ljk |          2.620 |      2.453 |      2.221 
       ij-kil-lkj |          2.726 |      2.485 |      2.405 
       ijk-ikl-lj |          2.261 |      2.143 |      2.347 
       ijk-il-jlk |          2.042 |      1.871 |      1.751 
       ijk-ilk-jl |          2.325 |      2.533 |      2.040 
       ijk-ilk-lj |          2.426 |      1.953 |      2.723 
     ijk-ilmk-mjl |          2.585 |      2.380 |      2.380 
   ijkl-imjn-lnkm |          1.742 |      1.630 |      1.416 
   ijkl-imjn-nlmk |          1.313 |      1.326 |      1.189 
   ijkl-imkn-jnlm |          1.732 |      1.571 |      1.395 
   ijkl-imkn-njml |          1.876 |      1.862 |      1.610 
   ijkl-imln-jnkm |          1.946 |      1.640 |      1.571 
   ijkl-imln-njmk |          1.443 |      1.339 |      1.263 
   ijkl-imnj-nlkm |          1.768 |      1.711 |      1.439 
   ijkl-imnk-njml |          1.830 |      1.878 |      1.678 
   ijkl-minj-nlmk |          1.501 |      1.611 |      1.306 
   ijkl-mink-jnlm |          1.645 |      1.627 |      1.457 
   ijkl-minl-njmk |          1.743 |      1.486 |      1.331 
     aqrs-pa-pqrs |          2.078 |      1.979 |      2.083 
     abrs-qb-aqrs |          2.372 |      2.866 |      1.775 
     abcs-rc-abrs |          2.883 |      2.389 |      2.070 
       abj-bka-kj |          2.305 |      2.244 |      2.502 
       ajb-kba-jk |          2.223 |      2.332 |      2.388 
     abjc-cbka-kj |          2.129 |      2.073 |      2.179 
     ajbc-ckba-jk |          2.468 |      2.293 |      2.063 
     abjc-kbac-jk |          2.274 |      2.437 |      2.428 
   abjcd-dkbac-jk |          2.700 |      2.576 |      2.681 
   adbjc-cbdka-kj |          2.250 |      2.199 |      2.254 
   ajbdc-ckbad-jk |          2.852 |      2.730 |      2.474 
 abcijk-ijma-mkbc |          1.066 |      1.016 |      0.953 
 abcijk-ijmb-mkac |          0.989 |      1.288 |      0.902 
 abcijk-ijmc-mkab |          1.162 |      0.988 |      1.045 
 abcijk-ikma-mjbc |          1.215 |      1.155 |      1.039 
 abcijk-ikmb-mjac |          1.018 |      1.280 |      0.892 
 abcijk-ikmc-mjab |          1.321 |      1.200 |      1.255 
 abcijk-jkma-mibc |          1.088 |      1.053 |      0.916 
 abcijk-jkmb-miac |          1.041 |      1.349 |      0.887 
 abcijk-jkmc-miab |          1.108 |      1.228 |      1.024 
 abcijk-eiab-jkec |          1.153 |      1.220 |      1.151 
 abcijk-eiac-jkeb |          0.978 |      1.382 |      0.893 
 abcijk-eibc-jkea |          1.151 |      1.047 |      0.953 
 abcijk-ejab-ikec |          1.029 |      1.037 |      1.053 
 abcijk-ejac-ikeb |          0.932 |      1.205 |      0.809 
 abcijk-ejbc-ikea |          1.021 |      0.999 |      0.924 
 abcijk-ekab-ijec |          1.339 |      1.326 |      1.262 
 abcijk-ekac-ijeb |          0.890 |      1.116 |      0.801 
 abcijk-ekbc-ijea |          1.113 |      1.063 |      0.982 
       abc-bk-akc |          2.444 |      2.484 |      2.542 
             MEAN |          1.753 |      1.732 |      1.597 

wrote bench-results/worker5139-zen2/phase4g/sm-s16-t64-f64c64.csv
