host        : worker5139
target      : x86_64 / linux
cpu features: avx2 fma 
caches      : L1=32KiB/8-way/1sh L2=512KiB/8-way/1sh L3=16384KiB/16-way/4sh (via sysfs), blocking=legacy
l3 domains  : t1=1 t4=1 t8=2
baselines   : tblis=false blas=false

sweeping 49 cases at 16 MiB nominal tensor size, 3 reps, stress=none


=== f32 ===
             case |      m |     n |     k | regA | regB | planar GF/s | 1m GF/s | 3m GF/s 
------------------+--------+-------+-------+------+------+-------------+---------+---------
         ij-ik-kj |   1464 |  1448 |  1464 | 1.00 | 1.00 |       303.7 |   303.7 |   303.7 
       ij-ikl-ljk |    144 |   128 | 18432 | 1.00 | 1.00 |       120.4 |   120.4 |   120.4 
       ij-kil-lkj |    144 |   128 | 20736 | 1.00 | 1.00 |       126.1 |   126.1 |   126.1 
       ijk-ikl-lj |  18432 |   128 |   144 | 1.00 | 1.00 |       173.6 |   173.6 |   173.6 
       ijk-il-jlk |    144 | 18432 |   128 | 1.00 | 1.00 |       163.5 |   163.5 |   163.5 
       ijk-ilk-jl |  18432 |   144 |   128 | 1.00 | 1.00 |       234.2 |   234.2 |   234.2 
       ijk-ilk-lj |  18432 |   128 |   144 | 1.00 | 1.00 |       233.4 |   233.4 |   233.4 
     ijk-ilmk-mjl |   1920 |    40 |  1920 | 1.00 | 1.00 |       187.6 |   187.6 |   187.6 
   ijkl-imjn-lnkm |   1920 |  1920 |  1600 | 1.00 | 0.90 |       288.3 |   288.3 |   288.3 
   ijkl-imjn-nlmk |   1920 |  1600 |  1920 | 1.00 | 0.90 |       306.3 |   306.3 |   306.3 
   ijkl-imkn-jnlm |   1920 |  1920 |  1600 | 1.00 | 1.00 |       296.0 |   296.0 |   296.0 
   ijkl-imkn-njml |   1920 |  1600 |  1920 | 1.00 | 0.90 |       302.4 |   302.4 |   302.4 
   ijkl-imln-jnkm |   1920 |  1920 |  1600 | 1.00 | 1.00 |       300.1 |   300.1 |   300.1 
   ijkl-imln-njmk |   1920 |  1600 |  1920 | 1.00 | 0.90 |       306.7 |   306.7 |   306.7 
   ijkl-imnj-nlkm |   1920 |  1600 |  1920 | 1.00 | 0.90 |       306.3 |   306.3 |   306.3 
   ijkl-imnk-njml |   1920 |  1600 |  1920 | 1.00 | 0.90 |       302.3 |   302.3 |   302.3 
   ijkl-minj-nlmk |   1920 |  1600 |  2304 | 1.00 | 0.90 |       304.9 |   304.9 |   304.9 
   ijkl-mink-jnlm |   1920 |  1920 |  1920 | 1.00 | 1.00 |       304.1 |   304.1 |   304.1 
   ijkl-minl-njmk |   1920 |  1600 |  2304 | 1.00 | 0.90 |       301.6 |   301.6 |   301.6 
     aqrs-pa-pqrs |     48 | 64000 |    48 | 1.00 | 1.00 |       131.2 |   131.2 |   131.2 
     abrs-qb-aqrs |     40 | 76800 |    48 | 1.00 | 1.00 |       119.7 |   119.7 |   119.7 
     abcs-rc-abrs |     40 | 76800 |    48 | 1.00 | 1.00 |       106.4 |   106.4 |   106.4 
       abj-bka-kj |  20736 |   128 |   144 | 1.00 | 1.00 |       212.9 |   212.9 |   212.9 
       ajb-kba-jk |  18432 |   144 |   144 | 1.00 | 1.00 |       213.7 |   213.7 |   213.7 
     abjc-cbka-kj |  92160 |    40 |    48 | 1.00 | 1.00 |        45.5 |    45.5 |    45.5 
     ajbc-ckba-jk |  92160 |    48 |    40 | 1.00 | 1.00 |        53.8 |    53.8 |    53.8 
     abjc-kbac-jk |  76800 |    48 |    48 | 1.00 | 1.00 |       129.2 |   129.2 |   129.2 
   abjcd-dkbac-jk | 230400 |    24 |    20 | 0.67 | 1.00 |        25.0 |    25.0 |    25.0 
   adbjc-cbdka-kj | 230400 |    20 |    24 | 0.67 | 1.00 |        19.4 |    19.4 |    19.4 
   ajbdc-ckbad-jk | 230400 |    24 |    20 | 1.00 | 1.00 |        20.2 |    20.2 |    20.2 
 abcijk-ijma-mkbc |   6912 |  1728 |    24 | 1.00 | 1.00 |       111.1 |   111.1 |   111.1 
 abcijk-ijmb-mkac |   3456 |  3456 |    24 | 1.00 | 1.00 |        93.0 |    93.0 |    93.0 
 abcijk-ijmc-mkab |   3456 |  3456 |    24 | 1.00 | 1.00 |       127.6 |   127.6 |   127.6 
 abcijk-ikma-mjbc |   6912 |  1728 |    24 | 1.00 | 1.00 |       111.7 |   111.7 |   111.7 
 abcijk-ikmb-mjac |   3456 |  3456 |    24 | 1.00 | 1.00 |        92.9 |    92.9 |    92.9 
 abcijk-ikmc-mjab |   3456 |  3456 |    24 | 1.00 | 1.00 |       128.8 |   128.8 |   128.8 
 abcijk-jkma-mibc |   6912 |  1728 |    24 | 1.00 | 1.00 |       113.3 |   113.3 |   113.3 
 abcijk-jkmb-miac |   3456 |  3456 |    24 | 1.00 | 1.00 |        93.5 |    93.5 |    93.5 
 abcijk-jkmc-miab |   3456 |  3456 |    24 | 1.00 | 1.00 |       126.3 |   126.3 |   126.3 
 abcijk-eiab-jkec |   3456 |  3456 |    24 | 1.00 | 1.00 |       127.2 |   127.2 |   127.2 
 abcijk-eiac-jkeb |   3456 |  3456 |    24 | 1.00 | 1.00 |        93.1 |    93.1 |    93.1 
 abcijk-eibc-jkea |   1728 |  6912 |    24 | 1.00 | 1.00 |       114.2 |   114.2 |   114.2 
 abcijk-ejab-ikec |   3456 |  3456 |    24 | 1.00 | 1.00 |       127.5 |   127.5 |   127.5 
 abcijk-ejac-ikeb |   3456 |  3456 |    24 | 1.00 | 1.00 |        94.4 |    94.4 |    94.4 
 abcijk-ejbc-ikea |   1728 |  6912 |    24 | 1.00 | 1.00 |       108.7 |   108.7 |   108.7 
 abcijk-ekab-ijec |   3456 |  3456 |    24 | 1.00 | 1.00 |       128.3 |   128.3 |   128.3 
 abcijk-ekac-ijeb |   3456 |  3456 |    24 | 1.00 | 1.00 |        92.5 |    92.5 |    92.5 
 abcijk-ekbc-ijea |   1728 |  6912 |    24 | 1.00 | 1.00 |       111.7 |   111.7 |   111.7 
       abc-bk-akc |    144 | 18432 |   128 | 1.00 | 1.00 |       226.5 |   226.5 |   226.5 

=== c32 ===
             case |      m |     n |     k | regA | regB | planar GF/s | 1m GF/s | 3m GF/s 
------------------+--------+-------+-------+------+------+-------------+---------+---------
         ij-ik-kj |   1464 |  1448 |  1464 | 1.00 | 1.00 |       295.6 |   331.0 |   324.6 
       ij-ikl-ljk |    144 |   128 | 18432 | 1.00 | 1.00 |       180.4 |   169.1 |   197.9 
       ij-kil-lkj |    144 |   128 | 20736 | 1.00 | 1.00 |       210.7 |   213.7 |   214.4 
       ijk-ikl-lj |  18432 |   128 |   144 | 1.00 | 1.00 |       270.7 |   269.5 |   240.7 
       ijk-il-jlk |    144 | 18432 |   128 | 1.00 | 0.97 |       240.2 |   245.3 |   241.8 
       ijk-ilk-jl |  18432 |   144 |   128 | 1.00 | 1.00 |       259.2 |   253.4 |   278.3 
       ijk-ilk-lj |  18432 |   128 |   144 | 1.00 | 1.00 |       250.1 |   243.0 |   264.8 
     ijk-ilmk-mjl |   1920 |    40 |  1920 | 1.00 | 1.00 |       221.5 |   202.6 |   211.3 
   ijkl-imjn-lnkm |   1920 |  1920 |  1600 | 1.00 | 1.00 |       324.9 |   327.4 |   335.9 
   ijkl-imjn-nlmk |   1920 |  1600 |  1920 | 1.00 | 1.00 |       334.2 |   334.5 |   346.2 
   ijkl-imkn-jnlm |   1920 |  1920 |  1600 | 1.00 | 0.92 |       326.0 |   322.9 |   331.3 
   ijkl-imkn-njml |   1920 |  1600 |  1920 | 1.00 | 1.00 |       332.6 |   332.3 |   342.7 
   ijkl-imln-jnkm |   1920 |  1920 |  1600 | 1.00 | 0.92 |       328.3 |   325.2 |   333.1 
   ijkl-imln-njmk |   1920 |  1600 |  1920 | 1.00 | 1.00 |       332.3 |   333.0 |   342.2 
   ijkl-imnj-nlkm |   1920 |  1600 |  1920 | 1.00 | 1.00 |       334.6 |   334.3 |   349.1 
   ijkl-imnk-njml |   1920 |  1600 |  1920 | 1.00 | 1.00 |       329.6 |   329.9 |   343.8 
   ijkl-minj-nlmk |   1920 |  1600 |  2304 | 1.00 | 1.00 |       337.0 |   344.0 |   344.2 
   ijkl-mink-jnlm |   1920 |  1920 |  1920 | 1.00 | 0.92 |       333.9 |   336.2 |   339.1 
   ijkl-minl-njmk |   1920 |  1600 |  2304 | 1.00 | 1.00 |       337.8 |   342.8 |   341.6 
     aqrs-pa-pqrs |     48 | 64000 |    48 | 1.00 | 1.00 |       128.5 |   135.8 |   121.0 
     abrs-qb-aqrs |     40 | 76800 |    48 | 1.00 | 1.00 |       175.1 |   145.7 |   189.5 
     abcs-rc-abrs |     40 | 76800 |    48 | 1.00 | 1.00 |       187.7 |   201.0 |   183.0 
       abj-bka-kj |  20736 |   128 |   144 | 1.00 | 1.00 |       266.4 |   261.5 |   267.1 
       ajb-kba-jk |  18432 |   144 |   144 | 1.00 | 1.00 |       305.0 |   316.4 |   308.3 
     abjc-cbka-kj |  92160 |    40 |    48 | 1.00 | 1.00 |        81.7 |    65.4 |    72.8 
     ajbc-ckba-jk |  92160 |    48 |    40 | 1.00 | 1.00 |        95.1 |    80.3 |    82.3 
     abjc-kbac-jk |  76800 |    48 |    48 | 1.00 | 1.00 |       194.7 |   199.6 |   197.1 
   abjcd-dkbac-jk | 230400 |    24 |    20 | 1.00 | 1.00 |        53.2 |    46.5 |    49.2 
   adbjc-cbdka-kj | 230400 |    20 |    24 | 1.00 | 1.00 |        40.1 |    32.1 |    35.2 
   ajbdc-ckbad-jk | 230400 |    24 |    20 | 1.00 | 1.00 |        52.1 |    45.9 |    48.6 
 abcijk-ijma-mkbc |   6912 |  1728 |    24 | 1.00 | 0.97 |       199.5 |   225.3 |   198.9 
 abcijk-ijmb-mkac |   3456 |  3456 |    24 | 1.00 | 0.67 |       176.1 |   203.9 |   180.1 
 abcijk-ijmc-mkab |   3456 |  3456 |    24 | 1.00 | 0.67 |       201.6 |   225.2 |   196.0 
 abcijk-ikma-mjbc |   6912 |  1728 |    24 | 1.00 | 0.97 |       199.8 |   224.9 |   199.8 
 abcijk-ikmb-mjac |   3456 |  3456 |    24 | 1.00 | 0.67 |       176.3 |   204.5 |   179.7 
 abcijk-ikmc-mjab |   3456 |  3456 |    24 | 1.00 | 0.67 |       201.7 |   224.2 |   196.1 
 abcijk-jkma-mibc |   6912 |  1728 |    24 | 1.00 | 0.97 |       201.7 |   228.5 |   201.7 
 abcijk-jkmb-miac |   3456 |  3456 |    24 | 1.00 | 0.67 |       176.9 |   203.6 |   181.1 
 abcijk-jkmc-miab |   3456 |  3456 |    24 | 1.00 | 0.67 |       200.9 |   223.0 |   196.8 
 abcijk-eiab-jkec |   3456 |  3456 |    24 | 1.00 | 0.67 |       201.4 |   223.1 |   196.3 
 abcijk-eiac-jkeb |   3456 |  3456 |    24 | 1.00 | 0.67 |       177.3 |   204.7 |   180.8 
 abcijk-eibc-jkea |   1728 |  6912 |    24 | 1.00 | 0.97 |       202.3 |   229.4 |   202.1 
 abcijk-ejab-ikec |   3456 |  3456 |    24 | 1.00 | 0.67 |       201.2 |   226.2 |   190.5 
 abcijk-ejac-ikeb |   3456 |  3456 |    24 | 1.00 | 0.67 |       176.6 |   205.0 |   179.5 
 abcijk-ejbc-ikea |   1728 |  6912 |    24 | 1.00 | 0.97 |       200.2 |   225.2 |   199.6 
 abcijk-ekab-ijec |   3456 |  3456 |    24 | 1.00 | 0.67 |       202.4 |   226.9 |   196.3 
 abcijk-ekac-ijeb |   3456 |  3456 |    24 | 1.00 | 0.67 |       176.0 |   204.4 |   176.1 
 abcijk-ekbc-ijea |   1728 |  6912 |    24 | 1.00 | 0.97 |       200.2 |   225.4 |   200.0 
       abc-bk-akc |    144 | 18432 |   128 | 1.00 | 1.00 |       271.4 |   275.5 |   282.5 

=== complex efficiency ratio (c32 GF/s over f32 GF/s; 1.0 = no penalty) ===
             case | planar c32/f32 | 1m c32/f32 | 3m c32/f32 
------------------+----------------+------------+------------
         ij-ik-kj |          0.973 |      1.090 |      1.069 
       ij-ikl-ljk |          1.499 |      1.405 |      1.644 
       ij-kil-lkj |          1.671 |      1.694 |      1.700 
       ijk-ikl-lj |          1.560 |      1.553 |      1.387 
       ijk-il-jlk |          1.469 |      1.501 |      1.480 
       ijk-ilk-jl |          1.107 |      1.082 |      1.188 
       ijk-ilk-lj |          1.072 |      1.041 |      1.134 
     ijk-ilmk-mjl |          1.181 |      1.080 |      1.126 
   ijkl-imjn-lnkm |          1.127 |      1.136 |      1.165 
   ijkl-imjn-nlmk |          1.091 |      1.092 |      1.130 
   ijkl-imkn-jnlm |          1.101 |      1.091 |      1.119 
   ijkl-imkn-njml |          1.100 |      1.099 |      1.133 
   ijkl-imln-jnkm |          1.094 |      1.084 |      1.110 
   ijkl-imln-njmk |          1.084 |      1.086 |      1.116 
   ijkl-imnj-nlkm |          1.092 |      1.091 |      1.140 
   ijkl-imnk-njml |          1.090 |      1.091 |      1.137 
   ijkl-minj-nlmk |          1.105 |      1.128 |      1.129 
   ijkl-mink-jnlm |          1.098 |      1.105 |      1.115 
   ijkl-minl-njmk |          1.120 |      1.137 |      1.133 
     aqrs-pa-pqrs |          0.980 |      1.035 |      0.922 
     abrs-qb-aqrs |          1.464 |      1.217 |      1.584 
     abcs-rc-abrs |          1.764 |      1.889 |      1.720 
       abj-bka-kj |          1.251 |      1.228 |      1.255 
       ajb-kba-jk |          1.427 |      1.480 |      1.443 
     abjc-cbka-kj |          1.795 |      1.437 |      1.599 
     ajbc-ckba-jk |          1.767 |      1.494 |      1.530 
     abjc-kbac-jk |          1.507 |      1.545 |      1.526 
   abjcd-dkbac-jk |          2.133 |      1.864 |      1.972 
   adbjc-cbdka-kj |          2.070 |      1.657 |      1.819 
   ajbdc-ckbad-jk |          2.580 |      2.271 |      2.403 
 abcijk-ijma-mkbc |          1.795 |      2.028 |      1.790 
 abcijk-ijmb-mkac |          1.893 |      2.193 |      1.937 
 abcijk-ijmc-mkab |          1.580 |      1.764 |      1.536 
 abcijk-ikma-mjbc |          1.789 |      2.014 |      1.790 
 abcijk-ikmb-mjac |          1.897 |      2.200 |      1.934 
 abcijk-ikmc-mjab |          1.566 |      1.741 |      1.523 
 abcijk-jkma-mibc |          1.780 |      2.016 |      1.780 
 abcijk-jkmb-miac |          1.891 |      2.177 |      1.936 
 abcijk-jkmc-miab |          1.591 |      1.765 |      1.558 
 abcijk-eiab-jkec |          1.583 |      1.753 |      1.543 
 abcijk-eiac-jkeb |          1.905 |      2.200 |      1.942 
 abcijk-eibc-jkea |          1.771 |      2.008 |      1.769 
 abcijk-ejab-ikec |          1.578 |      1.774 |      1.493 
 abcijk-ejac-ikeb |          1.870 |      2.171 |      1.900 
 abcijk-ejbc-ikea |          1.843 |      2.072 |      1.837 
 abcijk-ekab-ijec |          1.578 |      1.769 |      1.530 
 abcijk-ekac-ijeb |          1.903 |      2.209 |      1.903 
 abcijk-ekbc-ijea |          1.792 |      2.018 |      1.790 
       abc-bk-akc |          1.198 |      1.216 |      1.248 
             MEAN |          1.514 |      1.567 |      1.503 

wrote bench-results/worker5139-zen2/phase4g/sm-s16-t4-f32c32.csv
