host        : worker5139
target      : x86_64 / linux
cpu features: avx2 fma 
caches      : L1=32KiB/8-way/1sh L2=512KiB/8-way/1sh L3=16384KiB/16-way/4sh (via sysfs), blocking=legacy
l3 domains  : t1=1
baselines   : tblis=false blas=false

sweeping 49 cases at 4 MiB nominal tensor size, 6 reps, stress=none


=== f32 ===
             case |     m |     n |    k | regA | regB | planar GF/s | 1m GF/s | 3m GF/s 
------------------+-------+-------+------+------+------+-------------+---------+---------
         ij-ik-kj |   744 |   724 |  744 | 1.00 | 1.00 |        83.2 |    83.2 |    83.2 
       ij-ikl-ljk |    96 |    80 | 7680 | 1.00 | 1.00 |        50.8 |    50.8 |    50.8 
       ij-kil-lkj |    96 |    80 | 9216 | 1.00 | 1.00 |        46.9 |    46.9 |    46.9 
       ijk-ikl-lj |  7680 |    80 |   96 | 1.00 | 1.00 |        65.6 |    65.6 |    65.6 
       ijk-il-jlk |    96 |  7680 |   80 | 1.00 | 1.00 |        59.4 |    59.4 |    59.4 
       ijk-ilk-jl |  7680 |    96 |   80 | 1.00 | 1.00 |        73.4 |    73.4 |    73.4 
       ijk-ilk-lj |  7680 |    80 |   96 | 1.00 | 1.00 |        69.7 |    69.7 |    69.7 
     ijk-ilmk-mjl |  1344 |    28 | 1344 | 1.00 | 1.00 |        56.4 |    56.4 |    56.4 
   ijkl-imjn-lnkm |  1344 |  1344 |  784 | 1.00 | 0.86 |        78.3 |    78.3 |    78.3 
   ijkl-imjn-nlmk |  1344 |   784 | 1344 | 1.00 | 0.86 |        80.9 |    80.9 |    80.9 
   ijkl-imkn-jnlm |  1344 |  1344 |  784 | 1.00 | 1.00 |        78.5 |    78.5 |    78.5 
   ijkl-imkn-njml |  1344 |   784 | 1344 | 1.00 | 0.86 |        82.0 |    82.0 |    82.0 
   ijkl-imln-jnkm |  1344 |  1344 |  784 | 1.00 | 1.00 |        78.9 |    78.9 |    78.9 
   ijkl-imln-njmk |  1344 |   784 | 1344 | 1.00 | 0.86 |        82.0 |    82.0 |    82.0 
   ijkl-imnj-nlkm |  1344 |   784 | 1344 | 1.00 | 0.86 |        80.9 |    80.9 |    80.9 
   ijkl-imnk-njml |  1344 |   784 | 1344 | 1.00 | 0.86 |        82.1 |    82.1 |    82.1 
   ijkl-minj-nlmk |  1344 |   784 | 2304 | 1.00 | 0.86 |        80.9 |    80.9 |    80.9 
   ijkl-mink-jnlm |  1344 |  1344 | 1344 | 1.00 | 1.00 |        81.0 |    81.0 |    81.0 
   ijkl-minl-njmk |  1344 |   784 | 2304 | 1.00 | 0.86 |        81.3 |    81.3 |    81.3 
     aqrs-pa-pqrs |    48 | 21952 |   48 | 1.00 | 1.00 |        39.1 |    39.1 |    39.1 
     abrs-qb-aqrs |    28 | 37632 |   48 | 1.00 | 1.00 |        45.0 |    45.0 |    45.0 
     abcs-rc-abrs |    28 | 37632 |   48 | 1.00 | 1.00 |        43.6 |    43.6 |    43.6 
       abj-bka-kj |  9216 |    80 |   96 | 1.00 | 1.00 |        38.2 |    38.2 |    38.2 
       ajb-kba-jk |  7680 |    96 |   96 | 1.00 | 1.00 |        66.8 |    66.8 |    66.8 
     abjc-cbka-kj | 64512 |    28 |   48 | 1.00 | 1.00 |        17.9 |    17.9 |    17.9 
     ajbc-ckba-jk | 64512 |    48 |   28 | 1.00 | 1.00 |        30.2 |    30.2 |    30.2 
     abjc-kbac-jk | 37632 |    48 |   48 | 1.00 | 1.00 |        44.4 |    44.4 |    44.4 
   abjcd-dkbac-jk | 82944 |    24 |   12 | 0.67 | 1.00 |        17.0 |    17.0 |    17.0 
   adbjc-cbdka-kj | 82944 |    12 |   24 | 0.67 | 1.00 |         9.5 |     9.5 |     9.5 
   ajbdc-ckbad-jk | 82944 |    24 |   12 | 1.00 | 1.00 |        14.6 |    14.6 |    14.6 
 abcijk-ijma-mkbc |  4608 |   512 |   24 | 1.00 | 1.00 |        33.1 |    33.1 |    33.1 
 abcijk-ijmb-mkac |  1536 |  1536 |   24 | 1.00 | 1.00 |        33.7 |    33.7 |    33.7 
 abcijk-ijmc-mkab |  1536 |  1536 |   24 | 1.00 | 0.50 |        52.9 |    52.9 |    52.9 
 abcijk-ikma-mjbc |  4608 |   512 |   24 | 1.00 | 1.00 |        33.0 |    33.0 |    33.0 
 abcijk-ikmb-mjac |  1536 |  1536 |   24 | 1.00 | 1.00 |        33.6 |    33.6 |    33.6 
 abcijk-ikmc-mjab |  1536 |  1536 |   24 | 1.00 | 0.50 |        52.9 |    52.9 |    52.9 
 abcijk-jkma-mibc |  4608 |   512 |   24 | 1.00 | 1.00 |        32.9 |    32.9 |    32.9 
 abcijk-jkmb-miac |  1536 |  1536 |   24 | 1.00 | 1.00 |        33.6 |    33.6 |    33.6 
 abcijk-jkmc-miab |  1536 |  1536 |   24 | 1.00 | 0.50 |        52.8 |    52.8 |    52.8 
 abcijk-eiab-jkec |  1536 |  1536 |   24 | 1.00 | 0.50 |        52.7 |    52.7 |    52.7 
 abcijk-eiac-jkeb |  1536 |  1536 |   24 | 1.00 | 1.00 |        33.6 |    33.6 |    33.6 
 abcijk-eibc-jkea |   512 |  4608 |   24 | 1.00 | 1.00 |        32.9 |    32.9 |    32.9 
 abcijk-ejab-ikec |  1536 |  1536 |   24 | 1.00 | 0.50 |        52.8 |    52.8 |    52.8 
 abcijk-ejac-ikeb |  1536 |  1536 |   24 | 1.00 | 1.00 |        33.6 |    33.6 |    33.6 
 abcijk-ejbc-ikea |   512 |  4608 |   24 | 1.00 | 1.00 |        33.0 |    33.0 |    33.0 
 abcijk-ekab-ijec |  1536 |  1536 |   24 | 1.00 | 0.50 |        52.9 |    52.9 |    52.9 
 abcijk-ekac-ijeb |  1536 |  1536 |   24 | 1.00 | 1.00 |        33.6 |    33.6 |    33.6 
 abcijk-ekbc-ijea |   512 |  4608 |   24 | 1.00 | 1.00 |        33.0 |    33.0 |    33.0 
       abc-bk-akc |    96 |  7680 |   80 | 1.00 | 1.00 |        73.3 |    73.3 |    73.3 

=== c32 ===
             case |     m |     n |    k | regA | regB | planar GF/s | 1m GF/s | 3m GF/s 
------------------+-------+-------+------+------+------+-------------+---------+---------
         ij-ik-kj |   744 |   724 |  744 | 1.00 | 1.00 |        88.2 |    90.9 |    87.5 
       ij-ikl-ljk |    96 |    80 | 7680 | 1.00 | 1.00 |        66.8 |    64.3 |    61.5 
       ij-kil-lkj |    96 |    80 | 9216 | 1.00 | 1.00 |        64.8 |    60.0 |    63.7 
       ijk-ikl-lj |  7680 |    80 |   96 | 1.00 | 1.00 |        68.3 |    68.1 |    66.3 
       ijk-il-jlk |    96 |  7680 |   80 | 1.00 | 0.96 |        68.8 |    70.7 |    69.0 
       ijk-ilk-jl |  7680 |    96 |   80 | 1.00 | 1.00 |        70.9 |    73.7 |    74.1 
       ijk-ilk-lj |  7680 |    80 |   96 | 1.00 | 1.00 |        72.9 |    73.1 |    73.8 
     ijk-ilmk-mjl |  1344 |    28 | 1344 | 1.00 | 1.00 |        62.0 |    59.3 |    58.3 
   ijkl-imjn-lnkm |  1344 |  1344 |  784 | 1.00 | 0.86 |        80.9 |    81.2 |    85.3 
   ijkl-imjn-nlmk |  1344 |   784 | 1344 | 1.00 | 0.86 |        83.5 |    84.1 |    85.2 
   ijkl-imkn-jnlm |  1344 |  1344 |  784 | 1.00 | 0.92 |        81.0 |    82.2 |    86.0 
   ijkl-imkn-njml |  1344 |   784 | 1344 | 1.00 | 0.86 |        82.7 |    84.4 |    84.5 
   ijkl-imln-jnkm |  1344 |  1344 |  784 | 1.00 | 0.92 |        80.4 |    81.2 |    85.1 
   ijkl-imln-njmk |  1344 |   784 | 1344 | 1.00 | 0.86 |        83.0 |    83.7 |    83.9 
   ijkl-imnj-nlkm |  1344 |   784 | 1344 | 1.00 | 0.86 |        84.0 |    84.5 |    86.4 
   ijkl-imnk-njml |  1344 |   784 | 1344 | 1.00 | 0.86 |        83.0 |    84.4 |    85.3 
   ijkl-minj-nlmk |  1344 |   784 | 2304 | 1.00 | 0.86 |        84.9 |    86.9 |    85.7 
   ijkl-mink-jnlm |  1344 |  1344 | 1344 | 1.00 | 0.92 |        82.4 |    84.6 |    86.3 
   ijkl-minl-njmk |  1344 |   784 | 2304 | 1.00 | 0.86 |        83.7 |    86.5 |    84.8 
     aqrs-pa-pqrs |    48 | 21952 |   48 | 1.00 | 1.00 |        53.9 |    58.3 |    54.1 
     abrs-qb-aqrs |    28 | 37632 |   48 | 1.00 | 1.00 |        42.1 |    35.5 |    45.8 
     abcs-rc-abrs |    28 | 37632 |   48 | 1.00 | 1.00 |        53.0 |    49.7 |    37.4 
       abj-bka-kj |  9216 |    80 |   96 | 1.00 | 1.00 |        64.6 |    64.4 |    66.0 
       ajb-kba-jk |  7680 |    96 |   96 | 1.00 | 1.00 |        72.1 |    77.6 |    76.7 
     abjc-cbka-kj | 64512 |    28 |   48 | 1.00 | 1.00 |        35.3 |    24.4 |    29.6 
     ajbc-ckba-jk | 64512 |    48 |   28 | 1.00 | 1.00 |        37.6 |    39.3 |    37.7 
     abjc-kbac-jk | 37632 |    48 |   48 | 1.00 | 1.00 |        51.4 |    53.0 |    52.3 
   abjcd-dkbac-jk | 82944 |    24 |   12 | 1.00 | 1.00 |        23.3 |    24.9 |    22.3 
   adbjc-cbdka-kj | 82944 |    12 |   24 | 1.00 | 1.00 |        18.7 |    17.0 |    17.8 
   ajbdc-ckbad-jk | 82944 |    24 |   12 | 1.00 | 1.00 |        21.6 |    23.3 |    21.3 
 abcijk-ijma-mkbc |  4608 |   512 |   24 | 1.00 | 0.94 |        50.6 |    58.0 |    51.0 
 abcijk-ijmb-mkac |  1536 |  1536 |   24 | 1.00 | 0.50 |        48.5 |    56.3 |    48.3 
 abcijk-ijmc-mkab |  1536 |  1536 |   24 | 1.00 | 0.50 |        50.3 |    55.8 |    50.6 
 abcijk-ikma-mjbc |  4608 |   512 |   24 | 1.00 | 0.94 |        50.5 |    57.7 |    50.8 
 abcijk-ikmb-mjac |  1536 |  1536 |   24 | 1.00 | 0.50 |        48.4 |    56.0 |    48.3 
 abcijk-ikmc-mjab |  1536 |  1536 |   24 | 1.00 | 0.50 |        50.2 |    55.7 |    50.9 
 abcijk-jkma-mibc |  4608 |   512 |   24 | 1.00 | 0.94 |        51.3 |    58.3 |    51.9 
 abcijk-jkmb-miac |  1536 |  1536 |   24 | 1.00 | 0.50 |        48.6 |    56.6 |    48.7 
 abcijk-jkmc-miab |  1536 |  1536 |   24 | 1.00 | 0.50 |        50.3 |    56.4 |    51.2 
 abcijk-eiab-jkec |  1536 |  1536 |   24 | 1.00 | 0.50 |        50.3 |    56.3 |    50.8 
 abcijk-eiac-jkeb |  1536 |  1536 |   24 | 1.00 | 0.50 |        48.7 |    56.8 |    48.1 
 abcijk-eibc-jkea |   512 |  4608 |   24 | 1.00 | 0.94 |        51.2 |    58.6 |    51.6 
 abcijk-ejab-ikec |  1536 |  1536 |   24 | 1.00 | 0.50 |        50.2 |    55.6 |    50.8 
 abcijk-ejac-ikeb |  1536 |  1536 |   24 | 1.00 | 0.50 |        48.5 |    56.2 |    48.3 
 abcijk-ejbc-ikea |   512 |  4608 |   24 | 1.00 | 0.94 |        50.5 |    57.8 |    50.5 
 abcijk-ekab-ijec |  1536 |  1536 |   24 | 1.00 | 0.50 |        50.4 |    55.7 |    51.0 
 abcijk-ekac-ijeb |  1536 |  1536 |   24 | 1.00 | 0.50 |        48.6 |    55.2 |    48.5 
 abcijk-ekbc-ijea |   512 |  4608 |   24 | 1.00 | 0.94 |        50.6 |    57.6 |    50.9 
       abc-bk-akc |    96 |  7680 |   80 | 1.00 | 1.00 |        71.4 |    74.9 |    74.8 

=== complex efficiency ratio (c32 GF/s over f32 GF/s; 1.0 = no penalty) ===
             case | planar c32/f32 | 1m c32/f32 | 3m c32/f32 
------------------+----------------+------------+------------
         ij-ik-kj |          1.060 |      1.093 |      1.052 
       ij-ikl-ljk |          1.317 |      1.268 |      1.211 
       ij-kil-lkj |          1.381 |      1.278 |      1.358 
       ijk-ikl-lj |          1.041 |      1.038 |      1.011 
       ijk-il-jlk |          1.158 |      1.190 |      1.162 
       ijk-ilk-jl |          0.967 |      1.005 |      1.010 
       ijk-ilk-lj |          1.047 |      1.049 |      1.059 
     ijk-ilmk-mjl |          1.099 |      1.050 |      1.033 
   ijkl-imjn-lnkm |          1.033 |      1.037 |      1.089 
   ijkl-imjn-nlmk |          1.033 |      1.040 |      1.053 
   ijkl-imkn-jnlm |          1.032 |      1.047 |      1.095 
   ijkl-imkn-njml |          1.009 |      1.029 |      1.030 
   ijkl-imln-jnkm |          1.018 |      1.028 |      1.077 
   ijkl-imln-njmk |          1.013 |      1.020 |      1.023 
   ijkl-imnj-nlkm |          1.039 |      1.045 |      1.068 
   ijkl-imnk-njml |          1.010 |      1.028 |      1.038 
   ijkl-minj-nlmk |          1.050 |      1.075 |      1.060 
   ijkl-mink-jnlm |          1.018 |      1.045 |      1.065 
   ijkl-minl-njmk |          1.029 |      1.063 |      1.043 
     aqrs-pa-pqrs |          1.378 |      1.491 |      1.384 
     abrs-qb-aqrs |          0.937 |      0.789 |      1.018 
     abcs-rc-abrs |          1.214 |      1.139 |      0.858 
       abj-bka-kj |          1.690 |      1.684 |      1.726 
       ajb-kba-jk |          1.080 |      1.163 |      1.149 
     abjc-cbka-kj |          1.971 |      1.365 |      1.652 
     ajbc-ckba-jk |          1.248 |      1.304 |      1.249 
     abjc-kbac-jk |          1.156 |      1.193 |      1.177 
   abjcd-dkbac-jk |          1.371 |      1.469 |      1.315 
   adbjc-cbdka-kj |          1.962 |      1.783 |      1.870 
   ajbdc-ckbad-jk |          1.479 |      1.595 |      1.457 
 abcijk-ijma-mkbc |          1.530 |      1.753 |      1.541 
 abcijk-ijmb-mkac |          1.442 |      1.674 |      1.436 
 abcijk-ijmc-mkab |          0.950 |      1.053 |      0.956 
 abcijk-ikma-mjbc |          1.532 |      1.752 |      1.542 
 abcijk-ikmb-mjac |          1.440 |      1.667 |      1.437 
 abcijk-ikmc-mjab |          0.948 |      1.052 |      0.962 
 abcijk-jkma-mibc |          1.559 |      1.771 |      1.576 
 abcijk-jkmb-miac |          1.444 |      1.685 |      1.448 
 abcijk-jkmc-miab |          0.952 |      1.068 |      0.969 
 abcijk-eiab-jkec |          0.954 |      1.068 |      0.962 
 abcijk-eiac-jkeb |          1.450 |      1.691 |      1.434 
 abcijk-eibc-jkea |          1.555 |      1.779 |      1.568 
 abcijk-ejab-ikec |          0.952 |      1.055 |      0.962 
 abcijk-ejac-ikeb |          1.445 |      1.673 |      1.437 
 abcijk-ejbc-ikea |          1.531 |      1.753 |      1.531 
 abcijk-ekab-ijec |          0.952 |      1.054 |      0.963 
 abcijk-ekac-ijeb |          1.444 |      1.642 |      1.441 
 abcijk-ekbc-ijea |          1.534 |      1.748 |      1.545 
       abc-bk-akc |          0.975 |      1.023 |      1.021 
             MEAN |          1.233 |      1.293 |      1.227 

wrote bench-results/worker5139-zen2/phase4g/sm-s4-t1-f32c32.csv
