host        : worker5139
target      : x86_64 / linux
cpu features: avx2 fma 
caches      : L1=32KiB/8-way/1sh L2=512KiB/8-way/1sh L3=16384KiB/16-way/4sh (via sysfs), blocking=legacy
l3 domains  : t1=1 t4=1
baselines   : tblis=false blas=false

sweeping 49 cases at 16 MiB nominal tensor size, 3 reps, stress=none


=== f32 ===
             case |      m |     n |     k | regA | regB | planar GF/s | 1m GF/s | 3m GF/s 
------------------+--------+-------+-------+------+------+-------------+---------+---------
         ij-ik-kj |   1464 |  1448 |  1464 | 1.00 | 1.00 |       160.0 |   160.0 |   160.0 
       ij-ikl-ljk |    144 |   128 | 18432 | 1.00 | 1.00 |        79.8 |    79.8 |    79.8 
       ij-kil-lkj |    144 |   128 | 20736 | 1.00 | 1.00 |        79.6 |    79.6 |    79.6 
       ijk-ikl-lj |  18432 |   128 |   144 | 1.00 | 1.00 |       101.9 |   101.9 |   101.9 
       ijk-il-jlk |    144 | 18432 |   128 | 1.00 | 1.00 |        99.4 |    99.4 |    99.4 
       ijk-ilk-jl |  18432 |   144 |   128 | 1.00 | 1.00 |       130.0 |   130.0 |   130.0 
       ijk-ilk-lj |  18432 |   128 |   144 | 1.00 | 1.00 |       126.6 |   126.6 |   126.6 
     ijk-ilmk-mjl |   1920 |    40 |  1920 | 1.00 | 1.00 |       107.1 |   107.1 |   107.1 
   ijkl-imjn-lnkm |   1920 |  1920 |  1600 | 1.00 | 0.90 |       158.9 |   158.9 |   158.9 
   ijkl-imjn-nlmk |   1920 |  1600 |  1920 | 1.00 | 0.90 |       164.4 |   164.4 |   164.4 
   ijkl-imkn-jnlm |   1920 |  1920 |  1600 | 1.00 | 1.00 |       158.9 |   158.9 |   158.9 
   ijkl-imkn-njml |   1920 |  1600 |  1920 | 1.00 | 0.90 |       163.8 |   163.8 |   163.8 
   ijkl-imln-jnkm |   1920 |  1920 |  1600 | 1.00 | 1.00 |       160.5 |   160.5 |   160.5 
   ijkl-imln-njmk |   1920 |  1600 |  1920 | 1.00 | 0.90 |       165.0 |   165.0 |   165.0 
   ijkl-imnj-nlkm |   1920 |  1600 |  1920 | 1.00 | 0.90 |       164.4 |   164.4 |   164.4 
   ijkl-imnk-njml |   1920 |  1600 |  1920 | 1.00 | 0.90 |       164.5 |   164.5 |   164.5 
   ijkl-minj-nlmk |   1920 |  1600 |  2304 | 1.00 | 0.90 |       164.5 |   164.5 |   164.5 
   ijkl-mink-jnlm |   1920 |  1920 |  1920 | 1.00 | 1.00 |       163.0 |   163.0 |   163.0 
   ijkl-minl-njmk |   1920 |  1600 |  2304 | 1.00 | 0.90 |       165.5 |   165.5 |   165.5 
     aqrs-pa-pqrs |     48 | 64000 |    48 | 1.00 | 1.00 |        57.1 |    57.1 |    57.1 
     abrs-qb-aqrs |     40 | 76800 |    48 | 1.00 | 1.00 |        74.3 |    74.3 |    74.3 
     abcs-rc-abrs |     40 | 76800 |    48 | 1.00 | 1.00 |        71.7 |    71.7 |    71.7 
       abj-bka-kj |  20736 |   128 |   144 | 1.00 | 1.00 |       114.9 |   114.9 |   114.9 
       ajb-kba-jk |  18432 |   144 |   144 | 1.00 | 1.00 |       115.8 |   115.8 |   115.8 
     abjc-cbka-kj |  92160 |    40 |    48 | 1.00 | 1.00 |        32.0 |    32.0 |    32.0 
     ajbc-ckba-jk |  92160 |    48 |    40 | 1.00 | 1.00 |        42.9 |    42.9 |    42.9 
     abjc-kbac-jk |  76800 |    48 |    48 | 1.00 | 1.00 |        77.1 |    77.1 |    77.1 
   abjcd-dkbac-jk | 230400 |    24 |    20 | 0.67 | 1.00 |        17.2 |    17.2 |    17.2 
   adbjc-cbdka-kj | 230400 |    20 |    24 | 0.67 | 1.00 |         8.9 |     8.9 |     8.9 
   ajbdc-ckbad-jk | 230400 |    24 |    20 | 1.00 | 1.00 |        13.7 |    13.7 |    13.7 
 abcijk-ijma-mkbc |   6912 |  1728 |    24 | 1.00 | 1.00 |        58.7 |    58.7 |    58.7 
 abcijk-ijmb-mkac |   3456 |  3456 |    24 | 1.00 | 1.00 |        47.3 |    47.3 |    47.3 
 abcijk-ijmc-mkab |   3456 |  3456 |    24 | 1.00 | 1.00 |        76.0 |    76.0 |    76.0 
 abcijk-ikma-mjbc |   6912 |  1728 |    24 | 1.00 | 1.00 |        57.9 |    57.9 |    57.9 
 abcijk-ikmb-mjac |   3456 |  3456 |    24 | 1.00 | 1.00 |        49.8 |    49.8 |    49.8 
 abcijk-ikmc-mjab |   3456 |  3456 |    24 | 1.00 | 1.00 |        75.3 |    75.3 |    75.3 
 abcijk-jkma-mibc |   6912 |  1728 |    24 | 1.00 | 1.00 |        59.4 |    59.4 |    59.4 
 abcijk-jkmb-miac |   3456 |  3456 |    24 | 1.00 | 1.00 |        48.1 |    48.1 |    48.1 
 abcijk-jkmc-miab |   3456 |  3456 |    24 | 1.00 | 1.00 |        75.3 |    75.3 |    75.3 
 abcijk-eiab-jkec |   3456 |  3456 |    24 | 1.00 | 1.00 |        73.8 |    73.8 |    73.8 
 abcijk-eiac-jkeb |   3456 |  3456 |    24 | 1.00 | 1.00 |        49.3 |    49.3 |    49.3 
 abcijk-eibc-jkea |   1728 |  6912 |    24 | 1.00 | 1.00 |        58.9 |    58.9 |    58.9 
 abcijk-ejab-ikec |   3456 |  3456 |    24 | 1.00 | 1.00 |        75.7 |    75.7 |    75.7 
 abcijk-ejac-ikeb |   3456 |  3456 |    24 | 1.00 | 1.00 |        48.4 |    48.4 |    48.4 
 abcijk-ejbc-ikea |   1728 |  6912 |    24 | 1.00 | 1.00 |        58.0 |    58.0 |    58.0 
 abcijk-ekab-ijec |   3456 |  3456 |    24 | 1.00 | 1.00 |        74.9 |    74.9 |    74.9 
 abcijk-ekac-ijeb |   3456 |  3456 |    24 | 1.00 | 1.00 |        48.8 |    48.8 |    48.8 
 abcijk-ekbc-ijea |   1728 |  6912 |    24 | 1.00 | 1.00 |        58.3 |    58.3 |    58.3 
       abc-bk-akc |    144 | 18432 |   128 | 1.00 | 1.00 |       122.5 |   122.5 |   122.5 

=== c32 ===
             case |      m |     n |     k | regA | regB | planar GF/s | 1m GF/s | 3m GF/s 
------------------+--------+-------+-------+------+------+-------------+---------+---------
         ij-ik-kj |   1464 |  1448 |  1464 | 1.00 | 1.00 |       167.6 |   169.9 |   169.1 
       ij-ikl-ljk |    144 |   128 | 18432 | 1.00 | 1.00 |       119.0 |   108.2 |   106.5 
       ij-kil-lkj |    144 |   128 | 20736 | 1.00 | 1.00 |       123.1 |   124.1 |   124.6 
       ijk-ikl-lj |  18432 |   128 |   144 | 1.00 | 1.00 |       147.8 |   140.0 |   133.1 
       ijk-il-jlk |    144 | 18432 |   128 | 1.00 | 0.97 |       133.2 |   135.1 |   139.5 
       ijk-ilk-jl |  18432 |   144 |   128 | 1.00 | 1.00 |       139.8 |   134.3 |   151.0 
       ijk-ilk-lj |  18432 |   128 |   144 | 1.00 | 1.00 |       138.6 |   128.1 |   149.2 
     ijk-ilmk-mjl |   1920 |    40 |  1920 | 1.00 | 1.00 |       110.0 |   101.0 |   106.6 
   ijkl-imjn-lnkm |   1920 |  1920 |  1600 | 1.00 | 1.00 |       167.9 |   171.0 |   170.2 
   ijkl-imjn-nlmk |   1920 |  1600 |  1920 | 1.00 | 1.00 |       170.8 |   169.9 |   172.1 
   ijkl-imkn-jnlm |   1920 |  1920 |  1600 | 1.00 | 0.92 |       165.2 |   167.2 |   164.7 
   ijkl-imkn-njml |   1920 |  1600 |  1920 | 1.00 | 1.00 |       167.6 |   168.6 |   166.9 
   ijkl-imln-jnkm |   1920 |  1920 |  1600 | 1.00 | 0.92 |       166.2 |   167.1 |   165.9 
   ijkl-imln-njmk |   1920 |  1600 |  1920 | 1.00 | 1.00 |       167.1 |   166.8 |   166.6 
   ijkl-imnj-nlkm |   1920 |  1600 |  1920 | 1.00 | 1.00 |       170.6 |   168.7 |   172.1 
   ijkl-imnk-njml |   1920 |  1600 |  1920 | 1.00 | 1.00 |       166.6 |   167.3 |   166.8 
   ijkl-minj-nlmk |   1920 |  1600 |  2304 | 1.00 | 1.00 |       169.2 |   167.4 |   171.5 
   ijkl-mink-jnlm |   1920 |  1920 |  1920 | 1.00 | 0.92 |       166.6 |   165.4 |   167.8 
   ijkl-minl-njmk |   1920 |  1600 |  2304 | 1.00 | 1.00 |       167.1 |   166.9 |   167.2 
     aqrs-pa-pqrs |     48 | 64000 |    48 | 1.00 | 1.00 |        79.4 |    85.5 |    74.6 
     abrs-qb-aqrs |     40 | 76800 |    48 | 1.00 | 1.00 |        94.2 |    95.6 |    97.5 
     abcs-rc-abrs |     40 | 76800 |    48 | 1.00 | 1.00 |        93.4 |   104.9 |   106.5 
       abj-bka-kj |  20736 |   128 |   144 | 1.00 | 1.00 |       137.8 |   134.4 |   142.2 
       ajb-kba-jk |  18432 |   144 |   144 | 1.00 | 1.00 |       157.0 |   161.3 |   161.8 
     abjc-cbka-kj |  92160 |    40 |    48 | 1.00 | 1.00 |        53.0 |    40.3 |    43.8 
     ajbc-ckba-jk |  92160 |    48 |    40 | 1.00 | 1.00 |        76.6 |    71.6 |    71.5 
     abjc-kbac-jk |  76800 |    48 |    48 | 1.00 | 1.00 |       113.5 |   109.6 |   115.1 
   abjcd-dkbac-jk | 230400 |    24 |    20 | 1.00 | 1.00 |        29.3 |    24.5 |    26.4 
   adbjc-cbdka-kj | 230400 |    20 |    24 | 1.00 | 1.00 |        23.5 |    17.1 |    19.7 
   ajbdc-ckbad-jk | 230400 |    24 |    20 | 1.00 | 1.00 |        28.7 |    24.2 |    26.0 
 abcijk-ijma-mkbc |   6912 |  1728 |    24 | 1.00 | 0.97 |       101.7 |   116.6 |   101.4 
 abcijk-ijmb-mkac |   3456 |  3456 |    24 | 1.00 | 0.67 |        91.7 |   107.0 |    92.5 
 abcijk-ijmc-mkab |   3456 |  3456 |    24 | 1.00 | 0.67 |       104.4 |   119.5 |   101.3 
 abcijk-ikma-mjbc |   6912 |  1728 |    24 | 1.00 | 0.97 |       102.3 |   116.9 |   101.5 
 abcijk-ikmb-mjac |   3456 |  3456 |    24 | 1.00 | 0.67 |        91.8 |   107.6 |    93.2 
 abcijk-ikmc-mjab |   3456 |  3456 |    24 | 1.00 | 0.67 |       104.6 |   120.0 |   101.4 
 abcijk-jkma-mibc |   6912 |  1728 |    24 | 1.00 | 0.97 |       101.3 |   119.2 |   103.4 
 abcijk-jkmb-miac |   3456 |  3456 |    24 | 1.00 | 0.67 |        92.1 |   107.4 |    93.2 
 abcijk-jkmc-miab |   3456 |  3456 |    24 | 1.00 | 0.67 |       104.8 |   120.3 |   101.9 
 abcijk-eiab-jkec |   3456 |  3456 |    24 | 1.00 | 0.67 |       104.6 |   119.8 |   101.2 
 abcijk-eiac-jkeb |   3456 |  3456 |    24 | 1.00 | 0.67 |        91.9 |   106.8 |    93.1 
 abcijk-eibc-jkea |   1728 |  6912 |    24 | 1.00 | 0.97 |       101.4 |   118.9 |   103.2 
 abcijk-ejab-ikec |   3456 |  3456 |    24 | 1.00 | 0.67 |       104.5 |   119.3 |   101.1 
 abcijk-ejac-ikeb |   3456 |  3456 |    24 | 1.00 | 0.67 |        91.7 |   106.7 |    92.2 
 abcijk-ejbc-ikea |   1728 |  6912 |    24 | 1.00 | 0.97 |       102.6 |   117.3 |   101.7 
 abcijk-ekab-ijec |   3456 |  3456 |    24 | 1.00 | 0.67 |       103.7 |   119.2 |   100.9 
 abcijk-ekac-ijeb |   3456 |  3456 |    24 | 1.00 | 0.67 |        91.9 |   106.8 |    92.9 
 abcijk-ekbc-ijea |   1728 |  6912 |    24 | 1.00 | 0.97 |       101.6 |   116.4 |   101.9 
       abc-bk-akc |    144 | 18432 |   128 | 1.00 | 1.00 |       138.4 |   139.8 |   138.5 

=== complex efficiency ratio (c32 GF/s over f32 GF/s; 1.0 = no penalty) ===
             case | planar c32/f32 | 1m c32/f32 | 3m c32/f32 
------------------+----------------+------------+------------
         ij-ik-kj |          1.047 |      1.062 |      1.057 
       ij-ikl-ljk |          1.491 |      1.356 |      1.334 
       ij-kil-lkj |          1.547 |      1.559 |      1.566 
       ijk-ikl-lj |          1.450 |      1.374 |      1.307 
       ijk-il-jlk |          1.340 |      1.359 |      1.404 
       ijk-ilk-jl |          1.076 |      1.033 |      1.161 
       ijk-ilk-lj |          1.094 |      1.011 |      1.178 
     ijk-ilmk-mjl |          1.027 |      0.943 |      0.996 
   ijkl-imjn-lnkm |          1.056 |      1.076 |      1.071 
   ijkl-imjn-nlmk |          1.039 |      1.033 |      1.047 
   ijkl-imkn-jnlm |          1.039 |      1.052 |      1.037 
   ijkl-imkn-njml |          1.023 |      1.029 |      1.019 
   ijkl-imln-jnkm |          1.036 |      1.041 |      1.034 
   ijkl-imln-njmk |          1.012 |      1.010 |      1.009 
   ijkl-imnj-nlkm |          1.038 |      1.026 |      1.047 
   ijkl-imnk-njml |          1.013 |      1.017 |      1.014 
   ijkl-minj-nlmk |          1.028 |      1.017 |      1.043 
   ijkl-mink-jnlm |          1.022 |      1.015 |      1.030 
   ijkl-minl-njmk |          1.010 |      1.009 |      1.010 
     aqrs-pa-pqrs |          1.390 |      1.496 |      1.306 
     abrs-qb-aqrs |          1.269 |      1.287 |      1.313 
     abcs-rc-abrs |          1.304 |      1.464 |      1.486 
       abj-bka-kj |          1.200 |      1.170 |      1.238 
       ajb-kba-jk |          1.356 |      1.393 |      1.397 
     abjc-cbka-kj |          1.656 |      1.257 |      1.367 
     ajbc-ckba-jk |          1.786 |      1.668 |      1.666 
     abjc-kbac-jk |          1.473 |      1.422 |      1.493 
   abjcd-dkbac-jk |          1.708 |      1.428 |      1.537 
   adbjc-cbdka-kj |          2.650 |      1.934 |      2.219 
   ajbdc-ckbad-jk |          2.090 |      1.768 |      1.896 
 abcijk-ijma-mkbc |          1.733 |      1.986 |      1.727 
 abcijk-ijmb-mkac |          1.936 |      2.261 |      1.954 
 abcijk-ijmc-mkab |          1.373 |      1.572 |      1.332 
 abcijk-ikma-mjbc |          1.766 |      2.017 |      1.753 
 abcijk-ikmb-mjac |          1.842 |      2.159 |      1.870 
 abcijk-ikmc-mjab |          1.388 |      1.592 |      1.346 
 abcijk-jkma-mibc |          1.705 |      2.005 |      1.740 
 abcijk-jkmb-miac |          1.915 |      2.233 |      1.937 
 abcijk-jkmc-miab |          1.391 |      1.597 |      1.353 
 abcijk-eiab-jkec |          1.416 |      1.622 |      1.371 
 abcijk-eiac-jkeb |          1.863 |      2.166 |      1.889 
 abcijk-eibc-jkea |          1.723 |      2.019 |      1.753 
 abcijk-ejab-ikec |          1.380 |      1.576 |      1.336 
 abcijk-ejac-ikeb |          1.894 |      2.206 |      1.906 
 abcijk-ejbc-ikea |          1.769 |      2.023 |      1.753 
 abcijk-ekab-ijec |          1.385 |      1.593 |      1.348 
 abcijk-ekac-ijeb |          1.883 |      2.189 |      1.902 
 abcijk-ekbc-ijea |          1.741 |      1.995 |      1.746 
       abc-bk-akc |          1.129 |      1.141 |      1.130 
             MEAN |          1.439 |      1.495 |      1.417 

wrote bench-results/worker5139-zen2/phase4g/sm-s16-t2-f32c32.csv
