host        : worker5139
target      : x86_64 / linux
cpu features: avx2 fma 
caches      : L1=32KiB/8-way/1sh L2=512KiB/8-way/1sh L3=16384KiB/16-way/4sh (via sysfs), blocking=legacy
l3 domains  : t1=1 t4=1 t8=2 t16=4 t32=8 t64=16 t128=32
baselines   : tblis=false blas=false

sweeping 49 cases at 0.25 MiB nominal tensor size, 96 reps, stress=none


=== f64 ===
             case |     m |    n |    k | regA | regB | planar GF/s | 1m GF/s | 3m GF/s 
------------------+-------+------+------+------+------+-------------+---------+---------
         ij-ik-kj |   192 |  180 |  192 | 1.00 | 1.00 |         6.0 |     6.0 |     6.0 
       ij-ikl-ljk |    48 |   32 | 1536 | 1.00 | 1.00 |         4.3 |     4.3 |     4.3 
       ij-kil-lkj |    48 |   32 | 2304 | 1.00 | 1.00 |         6.3 |     6.3 |     6.3 
       ijk-ikl-lj |  1536 |   32 |   48 | 1.00 | 1.00 |         1.6 |     1.6 |     1.6 
       ijk-il-jlk |    48 | 1536 |   32 | 1.00 | 1.00 |         2.1 |     2.1 |     2.1 
       ijk-ilk-jl |  1536 |   48 |   32 | 1.00 | 1.00 |         1.4 |     1.4 |     1.4 
       ijk-ilk-lj |  1536 |   32 |   48 | 1.00 | 1.00 |         1.6 |     1.6 |     1.6 
     ijk-ilmk-mjl |   288 |   12 |  288 | 1.00 | 1.00 |         1.6 |     1.6 |     1.6 
   ijkl-imjn-lnkm |   288 |  288 |  144 | 1.00 | 1.00 |        11.1 |    11.1 |    11.1 
   ijkl-imjn-nlmk |   288 |  144 |  288 | 1.00 | 1.00 |         8.8 |     8.8 |     8.8 
   ijkl-imkn-jnlm |   288 |  288 |  144 | 1.00 | 1.00 |        11.5 |    11.5 |    11.5 
   ijkl-imkn-njml |   288 |  144 |  288 | 1.00 | 1.00 |         7.6 |     7.6 |     7.6 
   ijkl-imln-jnkm |   288 |  288 |  144 | 1.00 | 1.00 |         9.2 |     9.2 |     9.2 
   ijkl-imln-njmk |   288 |  144 |  288 | 1.00 | 1.00 |         9.4 |     9.4 |     9.4 
   ijkl-imnj-nlkm |   288 |  144 |  288 | 1.00 | 1.00 |         7.7 |     7.7 |     7.7 
   ijkl-imnk-njml |   288 |  144 |  288 | 1.00 | 1.00 |         8.3 |     8.3 |     8.3 
   ijkl-minj-nlmk |   288 |  144 |  576 | 1.00 | 1.00 |        18.0 |    18.0 |    18.0 
   ijkl-mink-jnlm |   288 |  288 |  288 | 1.00 | 1.00 |        18.8 |    18.8 |    18.8 
   ijkl-minl-njmk |   288 |  144 |  576 | 1.00 | 1.00 |        13.5 |    13.5 |    13.5 
     aqrs-pa-pqrs |    24 | 1728 |   24 | 1.00 | 1.00 |         1.0 |     1.0 |     1.0 
     abrs-qb-aqrs |    12 | 3456 |   24 | 1.00 | 1.00 |         0.6 |     0.6 |     0.6 
     abcs-rc-abrs |    12 | 3456 |   24 | 1.00 | 1.00 |         0.7 |     0.7 |     0.7 
       abj-bka-kj |  2304 |   32 |   48 | 1.00 | 1.00 |         2.4 |     2.4 |     2.4 
       ajb-kba-jk |  1536 |   48 |   48 | 1.00 | 1.00 |         2.6 |     2.6 |     2.6 
     abjc-cbka-kj |  6912 |   12 |   24 | 1.00 | 1.00 |         1.3 |     1.3 |     1.3 
     ajbc-ckba-jk |  6912 |   24 |   12 | 1.00 | 1.00 |         1.2 |     1.2 |     1.2 
     abjc-kbac-jk |  3456 |   24 |   24 | 1.00 | 1.00 |         1.2 |     1.2 |     1.2 
   abjcd-dkbac-jk | 36864 |   24 |    8 | 1.00 | 1.00 |         4.4 |     4.4 |     4.4 
   adbjc-cbdka-kj | 36864 |    8 |   24 | 1.00 | 1.00 |         4.0 |     4.0 |     4.0 
   ajbdc-ckbad-jk | 36864 |   24 |    8 | 1.00 | 1.00 |         4.4 |     4.4 |     4.4 
 abcijk-ijma-mkbc |  2304 |   64 |   24 | 1.00 | 0.82 |         2.3 |     2.3 |     2.3 
 abcijk-ijmb-mkac |   384 |  384 |   24 | 1.00 | 0.00 |         2.7 |     2.7 |     2.7 
 abcijk-ijmc-mkab |   384 |  384 |   24 | 1.00 | 0.00 |         3.6 |     3.6 |     3.6 
 abcijk-ikma-mjbc |  2304 |   64 |   24 | 1.00 | 0.82 |         2.7 |     2.7 |     2.7 
 abcijk-ikmb-mjac |   384 |  384 |   24 | 1.00 | 0.00 |         2.6 |     2.6 |     2.6 
 abcijk-ikmc-mjab |   384 |  384 |   24 | 1.00 | 0.00 |         3.6 |     3.6 |     3.6 
 abcijk-jkma-mibc |  2304 |   64 |   24 | 1.00 | 0.82 |         2.2 |     2.2 |     2.2 
 abcijk-jkmb-miac |   384 |  384 |   24 | 1.00 | 0.00 |         3.1 |     3.1 |     3.1 
 abcijk-jkmc-miab |   384 |  384 |   24 | 1.00 | 0.00 |         3.2 |     3.2 |     3.2 
 abcijk-eiab-jkec |   384 |  384 |   24 | 1.00 | 0.00 |         2.5 |     2.5 |     2.5 
 abcijk-eiac-jkeb |   384 |  384 |   24 | 1.00 | 0.00 |         2.6 |     2.6 |     2.6 
 abcijk-eibc-jkea |    64 | 2304 |   24 | 1.00 | 0.82 |         2.4 |     2.4 |     2.4 
 abcijk-ejab-ikec |   384 |  384 |   24 | 1.00 | 0.00 |         3.5 |     3.5 |     3.5 
 abcijk-ejac-ikeb |   384 |  384 |   24 | 1.00 | 0.00 |         3.1 |     3.1 |     3.1 
 abcijk-ejbc-ikea |    64 | 2304 |   24 | 1.00 | 0.82 |         2.2 |     2.2 |     2.2 
 abcijk-ekab-ijec |   384 |  384 |   24 | 1.00 | 0.00 |         2.6 |     2.6 |     2.6 
 abcijk-ekac-ijeb |   384 |  384 |   24 | 1.00 | 0.00 |         2.6 |     2.6 |     2.6 
 abcijk-ekbc-ijea |    64 | 2304 |   24 | 1.00 | 0.82 |         2.5 |     2.5 |     2.5 
       abc-bk-akc |    48 | 1536 |   32 | 1.00 | 1.00 |         1.6 |     1.6 |     1.6 

=== c64 ===
             case |     m |    n |    k | regA | regB | planar GF/s | 1m GF/s | 3m GF/s 
------------------+-------+------+------+------+------+-------------+---------+---------
         ij-ik-kj |   192 |  180 |  192 | 1.00 | 1.00 |        21.9 |    20.9 |    20.7 
       ij-ikl-ljk |    48 |   32 | 1536 | 1.00 | 1.00 |         6.7 |     7.5 |     7.6 
       ij-kil-lkj |    48 |   32 | 2304 | 1.00 | 1.00 |         9.0 |     8.7 |     8.2 
       ijk-ikl-lj |  1536 |   32 |   48 | 1.00 | 1.00 |         6.4 |     6.4 |     6.4 
       ijk-il-jlk |    48 | 1536 |   32 | 1.00 | 0.92 |         6.9 |     8.4 |     8.6 
       ijk-ilk-jl |  1536 |   48 |   32 | 1.00 | 1.00 |         7.7 |     6.9 |     6.4 
       ijk-ilk-lj |  1536 |   32 |   48 | 1.00 | 1.00 |         5.9 |     6.4 |     7.2 
     ijk-ilmk-mjl |   288 |   12 |  288 | 1.00 | 1.00 |         2.9 |     2.3 |     2.2 
   ijkl-imjn-lnkm |   288 |  288 |  144 | 1.00 | 0.67 |        38.1 |    29.4 |    33.8 
   ijkl-imjn-nlmk |   288 |  144 |  288 | 1.00 | 0.69 |        22.7 |    23.6 |    23.6 
   ijkl-imkn-jnlm |   288 |  288 |  144 | 1.00 | 0.84 |        32.5 |    33.7 |    31.8 
   ijkl-imkn-njml |   288 |  144 |  288 | 1.00 | 0.69 |        22.4 |    24.9 |    30.0 
   ijkl-imln-jnkm |   288 |  288 |  144 | 1.00 | 0.84 |        30.0 |    28.2 |    30.5 
   ijkl-imln-njmk |   288 |  144 |  288 | 1.00 | 0.69 |        28.5 |    28.9 |    29.7 
   ijkl-imnj-nlkm |   288 |  144 |  288 | 1.00 | 0.69 |        24.0 |    26.6 |    25.0 
   ijkl-imnk-njml |   288 |  144 |  288 | 1.00 | 0.69 |        24.7 |    29.6 |    22.9 
   ijkl-minj-nlmk |   288 |  144 |  576 | 1.00 | 0.69 |        40.7 |    44.6 |    38.6 
   ijkl-mink-jnlm |   288 |  288 |  288 | 1.00 | 0.84 |        50.5 |    43.3 |    39.2 
   ijkl-minl-njmk |   288 |  144 |  576 | 1.00 | 0.69 |        53.6 |    49.3 |    43.0 
     aqrs-pa-pqrs |    24 | 1728 |   24 | 1.00 | 1.00 |         3.6 |     3.8 |     3.8 
     abrs-qb-aqrs |    12 | 3456 |   24 | 1.00 | 1.00 |         2.5 |     3.6 |     2.6 
     abcs-rc-abrs |    12 | 3456 |   24 | 1.00 | 1.00 |         3.0 |     2.5 |     2.5 
       abj-bka-kj |  2304 |   32 |   48 | 1.00 | 1.00 |        10.0 |    10.0 |    11.5 
       ajb-kba-jk |  1536 |   48 |   48 | 1.00 | 1.00 |         8.8 |    10.2 |     9.5 
     abjc-cbka-kj |  6912 |   12 |   24 | 1.00 | 1.00 |         5.4 |     5.0 |     5.5 
     ajbc-ckba-jk |  6912 |   24 |   12 | 1.00 | 1.00 |         5.1 |     4.9 |     5.8 
     abjc-kbac-jk |  3456 |   24 |   24 | 1.00 | 1.00 |         5.0 |     5.1 |     5.1 
   abjcd-dkbac-jk | 36864 |   24 |    8 | 1.00 | 1.00 |        16.7 |    16.4 |    16.1 
   adbjc-cbdka-kj | 36864 |    8 |   24 | 1.00 | 1.00 |        14.5 |    14.6 |    14.8 
   ajbdc-ckbad-jk | 36864 |   24 |    8 | 1.00 | 1.00 |        15.8 |    16.3 |    15.9 
 abcijk-ijma-mkbc |  2304 |   64 |   24 | 1.00 | 0.77 |         8.9 |     9.8 |     9.6 
 abcijk-ijmb-mkac |   384 |  384 |   24 | 1.00 | 0.01 |        20.6 |    21.1 |    20.9 
 abcijk-ijmc-mkab |   384 |  384 |   24 | 1.00 | 0.01 |        19.9 |    20.2 |    20.0 
 abcijk-ikma-mjbc |  2304 |   64 |   24 | 1.00 | 0.77 |         9.5 |    10.5 |     9.2 
 abcijk-ikmb-mjac |   384 |  384 |   24 | 1.00 | 0.01 |        20.1 |    21.7 |    19.3 
 abcijk-ikmc-mjab |   384 |  384 |   24 | 1.00 | 0.01 |        19.8 |    20.6 |    20.2 
 abcijk-jkma-mibc |  2304 |   64 |   24 | 1.00 | 0.77 |        10.1 |     9.7 |     9.4 
 abcijk-jkmb-miac |   384 |  384 |   24 | 1.00 | 0.01 |        20.5 |    20.7 |    20.2 
 abcijk-jkmc-miab |   384 |  384 |   24 | 1.00 | 0.01 |        20.2 |    21.5 |    20.9 
 abcijk-eiab-jkec |   384 |  384 |   24 | 1.00 | 0.01 |        20.0 |    20.9 |    20.4 
 abcijk-eiac-jkeb |   384 |  384 |   24 | 1.00 | 0.01 |        20.6 |    21.9 |    20.0 
 abcijk-eibc-jkea |    64 | 2304 |   24 | 1.00 | 0.77 |         9.7 |     9.1 |    10.7 
 abcijk-ejab-ikec |   384 |  384 |   24 | 1.00 | 0.01 |        20.2 |    19.7 |    19.1 
 abcijk-ejac-ikeb |   384 |  384 |   24 | 1.00 | 0.01 |        19.5 |    20.3 |    20.1 
 abcijk-ejbc-ikea |    64 | 2304 |   24 | 1.00 | 0.77 |        11.1 |     8.3 |     9.3 
 abcijk-ekab-ijec |   384 |  384 |   24 | 1.00 | 0.01 |        19.8 |    20.0 |    19.4 
 abcijk-ekac-ijeb |   384 |  384 |   24 | 1.00 | 0.01 |        19.5 |    21.1 |    19.5 
 abcijk-ekbc-ijea |    64 | 2304 |   24 | 1.00 | 0.77 |         9.2 |     9.4 |     8.9 
       abc-bk-akc |    48 | 1536 |   32 | 1.00 | 1.00 |         5.7 |     5.8 |     6.1 

=== complex efficiency ratio (c64 GF/s over f64 GF/s; 1.0 = no penalty) ===
             case | planar c64/f64 | 1m c64/f64 | 3m c64/f64 
------------------+----------------+------------+------------
         ij-ik-kj |          3.642 |      3.472 |      3.432 
       ij-ikl-ljk |          1.555 |      1.735 |      1.767 
       ij-kil-lkj |          1.431 |      1.384 |      1.293 
       ijk-ikl-lj |          3.973 |      3.955 |      3.955 
       ijk-il-jlk |          3.264 |      3.986 |      4.100 
       ijk-ilk-jl |          5.328 |      4.784 |      4.418 
       ijk-ilk-lj |          3.730 |      4.059 |      4.533 
     ijk-ilmk-mjl |          1.820 |      1.448 |      1.395 
   ijkl-imjn-lnkm |          3.427 |      2.643 |      3.040 
   ijkl-imjn-nlmk |          2.571 |      2.679 |      2.673 
   ijkl-imkn-jnlm |          2.829 |      2.931 |      2.772 
   ijkl-imkn-njml |          2.925 |      3.253 |      3.916 
   ijkl-imln-jnkm |          3.260 |      3.060 |      3.316 
   ijkl-imln-njmk |          3.032 |      3.072 |      3.162 
   ijkl-imnj-nlkm |          3.123 |      3.449 |      3.251 
   ijkl-imnk-njml |          2.965 |      3.549 |      2.749 
   ijkl-minj-nlmk |          2.257 |      2.472 |      2.138 
   ijkl-mink-jnlm |          2.683 |      2.301 |      2.081 
   ijkl-minl-njmk |          3.966 |      3.648 |      3.182 
     aqrs-pa-pqrs |          3.659 |      3.839 |      3.858 
     abrs-qb-aqrs |          3.903 |      5.543 |      3.963 
     abcs-rc-abrs |          4.515 |      3.790 |      3.866 
       abj-bka-kj |          4.234 |      4.234 |      4.875 
       ajb-kba-jk |          3.363 |      3.882 |      3.630 
     abjc-cbka-kj |          4.064 |      3.729 |      4.139 
     ajbc-ckba-jk |          4.129 |      3.927 |      4.659 
     abjc-kbac-jk |          4.101 |      4.120 |      4.188 
   abjcd-dkbac-jk |          3.827 |      3.770 |      3.685 
   adbjc-cbdka-kj |          3.648 |      3.680 |      3.730 
   ajbdc-ckbad-jk |          3.577 |      3.706 |      3.598 
 abcijk-ijma-mkbc |          3.901 |      4.310 |      4.220 
 abcijk-ijmb-mkac |          7.628 |      7.783 |      7.709 
 abcijk-ijmc-mkab |          5.609 |      5.698 |      5.625 
 abcijk-ikma-mjbc |          3.579 |      3.949 |      3.444 
 abcijk-ikmb-mjac |          7.719 |      8.301 |      7.415 
 abcijk-ikmc-mjab |          5.513 |      5.731 |      5.619 
 abcijk-jkma-mibc |          4.587 |      4.403 |      4.285 
 abcijk-jkmb-miac |          6.605 |      6.666 |      6.508 
 abcijk-jkmc-miab |          6.355 |      6.750 |      6.565 
 abcijk-eiab-jkec |          7.945 |      8.316 |      8.095 
 abcijk-eiac-jkeb |          7.829 |      8.329 |      7.589 
 abcijk-eibc-jkea |          4.020 |      3.777 |      4.410 
 abcijk-ejab-ikec |          5.855 |      5.713 |      5.541 
 abcijk-ejac-ikeb |          6.279 |      6.548 |      6.481 
 abcijk-ejbc-ikea |          4.997 |      3.742 |      4.162 
 abcijk-ekab-ijec |          7.612 |      7.701 |      7.442 
 abcijk-ekac-ijeb |          7.355 |      7.955 |      7.350 
 abcijk-ekbc-ijea |          3.721 |      3.801 |      3.597 
       abc-bk-akc |          3.549 |      3.614 |      3.797 
             MEAN |          4.315 |      4.392 |      4.311 

wrote bench-results/worker5139-zen2/phase4g/sm-s0.25-t64-f64c64.csv
