host        : worker5139
target      : x86_64 / linux
cpu features: avx2 fma 
caches      : L1=32KiB/8-way/1sh L2=512KiB/8-way/1sh L3=16384KiB/16-way/4sh (via sysfs), blocking=legacy
l3 domains  : t1=1 t4=1 t8=2 t16=4
baselines   : tblis=false blas=false

sweeping 49 cases at 0.25 MiB nominal tensor size, 96 reps, stress=none


=== f32 ===
             case |     m |    n |    k | regA | regB | planar GF/s | 1m GF/s | 3m GF/s 
------------------+-------+------+------+------+------+-------------+---------+---------
         ij-ik-kj |   192 |  180 |  192 | 1.00 | 1.00 |        61.1 |    61.1 |    61.1 
       ij-ikl-ljk |    48 |   32 | 1536 | 1.00 | 1.00 |        29.6 |    29.6 |    29.6 
       ij-kil-lkj |    48 |   32 | 2304 | 1.00 | 1.00 |        36.4 |    36.4 |    36.4 
       ijk-ikl-lj |  1536 |   32 |   48 | 1.00 | 1.00 |        28.1 |    28.1 |    28.1 
       ijk-il-jlk |    48 | 1536 |   32 | 1.00 | 1.00 |        35.2 |    35.2 |    35.2 
       ijk-ilk-jl |  1536 |   48 |   32 | 1.00 | 1.00 |        28.7 |    28.7 |    28.7 
       ijk-ilk-lj |  1536 |   32 |   48 | 1.00 | 1.00 |        25.1 |    25.1 |    25.1 
     ijk-ilmk-mjl |   288 |   12 |  288 | 0.67 | 1.00 |        11.2 |    11.2 |    11.2 
   ijkl-imjn-lnkm |   288 |  288 |  144 | 0.67 | 1.00 |        94.9 |    94.9 |    94.9 
   ijkl-imjn-nlmk |   288 |  144 |  288 | 0.67 | 1.00 |        96.7 |    96.7 |    96.7 
   ijkl-imkn-jnlm |   288 |  288 |  144 | 0.67 | 1.00 |        96.9 |    96.9 |    96.9 
   ijkl-imkn-njml |   288 |  144 |  288 | 0.67 | 1.00 |        93.2 |    93.2 |    93.2 
   ijkl-imln-jnkm |   288 |  288 |  144 | 0.67 | 1.00 |        99.0 |    99.0 |    99.0 
   ijkl-imln-njmk |   288 |  144 |  288 | 0.67 | 1.00 |       100.9 |   100.9 |   100.9 
   ijkl-imnj-nlkm |   288 |  144 |  288 | 0.67 | 1.00 |       101.7 |   101.7 |   101.7 
   ijkl-imnk-njml |   288 |  144 |  288 | 0.67 | 1.00 |        93.2 |    93.2 |    93.2 
   ijkl-minj-nlmk |   288 |  144 |  576 | 0.67 | 1.00 |       133.9 |   133.9 |   133.9 
   ijkl-mink-jnlm |   288 |  288 |  288 | 0.67 | 1.00 |       157.7 |   157.7 |   157.7 
   ijkl-minl-njmk |   288 |  144 |  576 | 0.67 | 1.00 |       136.4 |   136.4 |   136.4 
     aqrs-pa-pqrs |    24 | 1728 |   24 | 1.00 | 1.00 |        11.9 |    11.9 |    11.9 
     abrs-qb-aqrs |    12 | 3456 |   24 | 1.00 | 1.00 |        11.2 |    11.2 |    11.2 
     abcs-rc-abrs |    12 | 3456 |   24 | 1.00 | 1.00 |        11.5 |    11.5 |    11.5 
       abj-bka-kj |  2304 |   32 |   48 | 1.00 | 1.00 |        33.6 |    33.6 |    33.6 
       ajb-kba-jk |  1536 |   48 |   48 | 1.00 | 1.00 |        35.6 |    35.6 |    35.6 
     abjc-cbka-kj |  6912 |   12 |   24 | 0.67 | 1.00 |        16.6 |    16.6 |    16.6 
     ajbc-ckba-jk |  6912 |   24 |   12 | 1.00 | 1.00 |        17.6 |    17.6 |    17.6 
     abjc-kbac-jk |  3456 |   24 |   24 | 0.67 | 1.00 |        22.7 |    22.7 |    22.7 
   abjcd-dkbac-jk | 36864 |   24 |    8 | 0.67 | 1.00 |        36.5 |    36.5 |    36.5 
   adbjc-cbdka-kj | 36864 |    8 |   24 | 0.67 | 1.00 |        25.9 |    25.9 |    25.9 
   ajbdc-ckbad-jk | 36864 |   24 |    8 | 1.00 | 1.00 |        32.6 |    32.6 |    32.6 
 abcijk-ijma-mkbc |  2304 |   64 |   24 | 1.00 | 1.00 |        31.9 |    31.9 |    31.9 
 abcijk-ijmb-mkac |   384 |  384 |   24 | 1.00 | 1.00 |        48.4 |    48.4 |    48.4 
 abcijk-ijmc-mkab |   384 |  384 |   24 | 1.00 | 0.00 |        48.8 |    48.8 |    48.8 
 abcijk-ikma-mjbc |  2304 |   64 |   24 | 1.00 | 1.00 |        31.2 |    31.2 |    31.2 
 abcijk-ikmb-mjac |   384 |  384 |   24 | 1.00 | 1.00 |        45.2 |    45.2 |    45.2 
 abcijk-ikmc-mjab |   384 |  384 |   24 | 1.00 | 0.00 |        48.1 |    48.1 |    48.1 
 abcijk-jkma-mibc |  2304 |   64 |   24 | 1.00 | 1.00 |        32.2 |    32.2 |    32.2 
 abcijk-jkmb-miac |   384 |  384 |   24 | 1.00 | 1.00 |        50.0 |    50.0 |    50.0 
 abcijk-jkmc-miab |   384 |  384 |   24 | 1.00 | 0.00 |        49.9 |    49.9 |    49.9 
 abcijk-eiab-jkec |   384 |  384 |   24 | 1.00 | 0.00 |        50.6 |    50.6 |    50.6 
 abcijk-eiac-jkeb |   384 |  384 |   24 | 1.00 | 1.00 |        47.1 |    47.1 |    47.1 
 abcijk-eibc-jkea |    64 | 2304 |   24 | 1.00 | 1.00 |        31.8 |    31.8 |    31.8 
 abcijk-ejab-ikec |   384 |  384 |   24 | 1.00 | 0.00 |        50.9 |    50.9 |    50.9 
 abcijk-ejac-ikeb |   384 |  384 |   24 | 1.00 | 1.00 |        45.9 |    45.9 |    45.9 
 abcijk-ejbc-ikea |    64 | 2304 |   24 | 1.00 | 1.00 |        31.1 |    31.1 |    31.1 
 abcijk-ekab-ijec |   384 |  384 |   24 | 1.00 | 0.00 |        50.0 |    50.0 |    50.0 
 abcijk-ekac-ijeb |   384 |  384 |   24 | 1.00 | 1.00 |        44.7 |    44.7 |    44.7 
 abcijk-ekbc-ijea |    64 | 2304 |   24 | 1.00 | 1.00 |        32.0 |    32.0 |    32.0 
       abc-bk-akc |    48 | 1536 |   32 | 1.00 | 1.00 |        30.3 |    30.3 |    30.3 

=== c32 ===
             case |     m |    n |    k | regA | regB | planar GF/s | 1m GF/s | 3m GF/s 
------------------+-------+------+------+------+------+-------------+---------+---------
         ij-ik-kj |   192 |  180 |  192 | 1.00 | 1.00 |       179.7 |   184.0 |   164.1 
       ij-ikl-ljk |    48 |   32 | 1536 | 1.00 | 1.00 |        60.2 |    66.5 |    54.5 
       ij-kil-lkj |    48 |   32 | 2304 | 1.00 | 1.00 |        68.5 |    77.1 |    60.5 
       ijk-ikl-lj |  1536 |   32 |   48 | 1.00 | 1.00 |        88.5 |    85.2 |    67.9 
       ijk-il-jlk |    48 | 1536 |   32 | 1.00 | 0.92 |        94.8 |   101.0 |    92.5 
       ijk-ilk-jl |  1536 |   48 |   32 | 1.00 | 1.00 |        76.0 |    80.9 |    74.5 
       ijk-ilk-lj |  1536 |   32 |   48 | 1.00 | 1.00 |        85.8 |    84.7 |    71.6 
     ijk-ilmk-mjl |   288 |   12 |  288 | 1.00 | 1.00 |        41.6 |    35.6 |    38.0 
   ijkl-imjn-lnkm |   288 |  288 |  144 | 1.00 | 0.67 |       261.0 |   243.7 |   232.5 
   ijkl-imjn-nlmk |   288 |  144 |  288 | 1.00 | 0.69 |       250.1 |   255.7 |   225.1 
   ijkl-imkn-jnlm |   288 |  288 |  144 | 1.00 | 0.84 |       266.4 |   263.9 |   253.7 
   ijkl-imkn-njml |   288 |  144 |  288 | 1.00 | 0.69 |       260.3 |   253.9 |   243.1 
   ijkl-imln-jnkm |   288 |  288 |  144 | 1.00 | 0.84 |       256.1 |   262.4 |   251.8 
   ijkl-imln-njmk |   288 |  144 |  288 | 1.00 | 0.69 |       270.9 |   267.5 |   219.0 
   ijkl-imnj-nlkm |   288 |  144 |  288 | 1.00 | 0.69 |       250.5 |   252.4 |   231.9 
   ijkl-imnk-njml |   288 |  144 |  288 | 1.00 | 0.69 |       256.5 |   258.6 |   233.7 
   ijkl-minj-nlmk |   288 |  144 |  576 | 1.00 | 0.69 |       289.1 |   279.4 |   263.1 
   ijkl-mink-jnlm |   288 |  288 |  288 | 1.00 | 0.84 |       359.3 |   332.8 |   322.7 
   ijkl-minl-njmk |   288 |  144 |  576 | 1.00 | 0.69 |       309.9 |   297.7 |   268.0 
     aqrs-pa-pqrs |    24 | 1728 |   24 | 1.00 | 1.00 |        54.2 |    53.9 |    52.7 
     abrs-qb-aqrs |    12 | 3456 |   24 | 1.00 | 1.00 |        41.0 |    39.2 |    42.6 
     abcs-rc-abrs |    12 | 3456 |   24 | 1.00 | 1.00 |        39.6 |    38.0 |    39.4 
       abj-bka-kj |  2304 |   32 |   48 | 1.00 | 1.00 |       104.7 |   113.6 |    82.3 
       ajb-kba-jk |  1536 |   48 |   48 | 1.00 | 1.00 |        99.3 |    92.4 |    95.8 
     abjc-cbka-kj |  6912 |   12 |   24 | 1.00 | 1.00 |        56.5 |    59.9 |    58.1 
     ajbc-ckba-jk |  6912 |   24 |   12 | 1.00 | 1.00 |        59.0 |    62.8 |    59.4 
     abjc-kbac-jk |  3456 |   24 |   24 | 1.00 | 1.00 |        69.0 |    73.0 |    69.8 
   abjcd-dkbac-jk | 36864 |   24 |    8 | 1.00 | 1.00 |        86.4 |    89.4 |    89.1 
   adbjc-cbdka-kj | 36864 |    8 |   24 | 1.00 | 1.00 |        58.0 |    66.4 |    63.6 
   ajbdc-ckbad-jk | 36864 |   24 |    8 | 1.00 | 1.00 |        90.1 |    94.3 |    88.5 
 abcijk-ijma-mkbc |  2304 |   64 |   24 | 1.00 | 0.77 |        79.8 |    81.7 |    91.7 
 abcijk-ijmb-mkac |   384 |  384 |   24 | 1.00 | 0.01 |       150.1 |   154.7 |   146.8 
 abcijk-ijmc-mkab |   384 |  384 |   24 | 1.00 | 0.01 |       136.0 |   134.9 |   141.5 
 abcijk-ikma-mjbc |  2304 |   64 |   24 | 1.00 | 0.77 |        81.3 |    81.4 |    88.6 
 abcijk-ikmb-mjac |   384 |  384 |   24 | 1.00 | 0.01 |       143.2 |   137.8 |   137.7 
 abcijk-ikmc-mjab |   384 |  384 |   24 | 1.00 | 0.01 |       139.2 |   139.7 |   136.5 
 abcijk-jkma-mibc |  2304 |   64 |   24 | 1.00 | 0.77 |        80.1 |    81.2 |    89.9 
 abcijk-jkmb-miac |   384 |  384 |   24 | 1.00 | 0.01 |       146.5 |   156.9 |   148.1 
 abcijk-jkmc-miab |   384 |  384 |   24 | 1.00 | 0.01 |       133.1 |   148.3 |   144.1 
 abcijk-eiab-jkec |   384 |  384 |   24 | 1.00 | 0.01 |       132.6 |   135.3 |   134.9 
 abcijk-eiac-jkeb |   384 |  384 |   24 | 1.00 | 0.01 |       130.7 |   135.6 |   134.6 
 abcijk-eibc-jkea |    64 | 2304 |   24 | 1.00 | 0.77 |        82.3 |    80.9 |    87.6 
 abcijk-ejab-ikec |   384 |  384 |   24 | 1.00 | 0.01 |       141.9 |   147.5 |   145.6 
 abcijk-ejac-ikeb |   384 |  384 |   24 | 1.00 | 0.01 |       133.4 |   143.8 |   139.4 
 abcijk-ejbc-ikea |    64 | 2304 |   24 | 1.00 | 0.77 |        75.8 |    79.8 |    98.0 
 abcijk-ekab-ijec |   384 |  384 |   24 | 1.00 | 0.01 |       147.1 |   151.4 |   142.8 
 abcijk-ekac-ijeb |   384 |  384 |   24 | 1.00 | 0.01 |       135.7 |   148.8 |   140.4 
 abcijk-ekbc-ijea |    64 | 2304 |   24 | 1.00 | 0.77 |        80.4 |    82.1 |    87.3 
       abc-bk-akc |    48 | 1536 |   32 | 1.00 | 1.00 |        78.0 |    85.7 |    80.4 

=== complex efficiency ratio (c32 GF/s over f32 GF/s; 1.0 = no penalty) ===
             case | planar c32/f32 | 1m c32/f32 | 3m c32/f32 
------------------+----------------+------------+------------
         ij-ik-kj |          2.942 |      3.013 |      2.686 
       ij-ikl-ljk |          2.037 |      2.251 |      1.845 
       ij-kil-lkj |          1.883 |      2.121 |      1.664 
       ijk-ikl-lj |          3.150 |      3.033 |      2.415 
       ijk-il-jlk |          2.697 |      2.871 |      2.631 
       ijk-ilk-jl |          2.651 |      2.820 |      2.599 
       ijk-ilk-lj |          3.412 |      3.369 |      2.848 
     ijk-ilmk-mjl |          3.705 |      3.170 |      3.387 
   ijkl-imjn-lnkm |          2.752 |      2.569 |      2.450 
   ijkl-imjn-nlmk |          2.585 |      2.643 |      2.327 
   ijkl-imkn-jnlm |          2.748 |      2.722 |      2.617 
   ijkl-imkn-njml |          2.792 |      2.723 |      2.608 
   ijkl-imln-jnkm |          2.587 |      2.650 |      2.543 
   ijkl-imln-njmk |          2.684 |      2.651 |      2.170 
   ijkl-imnj-nlkm |          2.464 |      2.483 |      2.281 
   ijkl-imnk-njml |          2.752 |      2.774 |      2.507 
   ijkl-minj-nlmk |          2.159 |      2.087 |      1.964 
   ijkl-mink-jnlm |          2.278 |      2.110 |      2.046 
   ijkl-minl-njmk |          2.272 |      2.183 |      1.965 
     aqrs-pa-pqrs |          4.539 |      4.512 |      4.417 
     abrs-qb-aqrs |          3.668 |      3.515 |      3.813 
     abcs-rc-abrs |          3.430 |      3.291 |      3.419 
       abj-bka-kj |          3.119 |      3.383 |      2.452 
       ajb-kba-jk |          2.785 |      2.592 |      2.689 
     abjc-cbka-kj |          3.406 |      3.611 |      3.500 
     ajbc-ckba-jk |          3.356 |      3.568 |      3.376 
     abjc-kbac-jk |          3.039 |      3.213 |      3.073 
   abjcd-dkbac-jk |          2.367 |      2.449 |      2.441 
   adbjc-cbdka-kj |          2.239 |      2.561 |      2.453 
   ajbdc-ckbad-jk |          2.766 |      2.898 |      2.719 
 abcijk-ijma-mkbc |          2.499 |      2.559 |      2.873 
 abcijk-ijmb-mkac |          3.101 |      3.195 |      3.032 
 abcijk-ijmc-mkab |          2.788 |      2.765 |      2.900 
 abcijk-ikma-mjbc |          2.603 |      2.606 |      2.837 
 abcijk-ikmb-mjac |          3.169 |      3.051 |      3.047 
 abcijk-ikmc-mjab |          2.893 |      2.904 |      2.837 
 abcijk-jkma-mibc |          2.488 |      2.524 |      2.794 
 abcijk-jkmb-miac |          2.928 |      3.136 |      2.959 
 abcijk-jkmc-miab |          2.667 |      2.973 |      2.888 
 abcijk-eiab-jkec |          2.618 |      2.672 |      2.665 
 abcijk-eiac-jkeb |          2.774 |      2.880 |      2.858 
 abcijk-eibc-jkea |          2.593 |      2.548 |      2.759 
 abcijk-ejab-ikec |          2.791 |      2.901 |      2.863 
 abcijk-ejac-ikeb |          2.907 |      3.134 |      3.037 
 abcijk-ejbc-ikea |          2.439 |      2.571 |      3.156 
 abcijk-ekab-ijec |          2.939 |      3.026 |      2.854 
 abcijk-ekac-ijeb |          3.034 |      3.327 |      3.138 
 abcijk-ekbc-ijea |          2.514 |      2.565 |      2.729 
       abc-bk-akc |          2.576 |      2.831 |      2.655 
             MEAN |          2.808 |      2.857 |      2.751 

wrote bench-results/worker5139-zen2/phase4g/sm-s0.25-t8-f32c32.csv
