host        : worker5139
target      : x86_64 / linux
cpu features: avx2 fma 
caches      : L1=32KiB/8-way/1sh L2=512KiB/8-way/1sh L3=16384KiB/16-way/4sh (via sysfs), blocking=legacy
l3 domains  : t1=1 t4=1
baselines   : tblis=false blas=false

sweeping 49 cases at 1 MiB nominal tensor size, 24 reps, stress=none


=== f32 ===
             case |     m |    n |    k | regA | regB | planar GF/s | 1m GF/s | 3m GF/s 
------------------+-------+------+------+------+------+-------------+---------+---------
         ij-ik-kj |   384 |  364 |  384 | 1.00 | 1.00 |       150.8 |   150.8 |   150.8 
       ij-ikl-ljk |    72 |   52 | 3744 | 1.00 | 1.00 |        56.8 |    56.8 |    56.8 
       ij-kil-lkj |    72 |   52 | 5184 | 1.00 | 1.00 |        55.8 |    55.8 |    55.8 
       ijk-ikl-lj |  3744 |   52 |   72 | 1.00 | 1.00 |        99.2 |    99.2 |    99.2 
       ijk-il-jlk |    72 | 3744 |   52 | 1.00 | 1.00 |        67.4 |    67.4 |    67.4 
       ijk-ilk-jl |  3744 |   72 |   52 | 0.89 | 1.00 |        99.5 |    99.5 |    99.5 
       ijk-ilk-lj |  3744 |   52 |   72 | 0.89 | 1.00 |       100.8 |   100.8 |   100.8 
     ijk-ilmk-mjl |   480 |   20 |  480 | 0.67 | 1.00 |        57.4 |    57.4 |    57.4 
   ijkl-imjn-lnkm |   480 |  480 |  400 | 0.67 | 0.80 |       140.7 |   140.7 |   140.7 
   ijkl-imjn-nlmk |   480 |  400 |  480 | 0.67 | 0.81 |       145.8 |   145.8 |   145.8 
   ijkl-imkn-jnlm |   480 |  480 |  400 | 0.67 | 1.00 |       143.9 |   143.9 |   143.9 
   ijkl-imkn-njml |   480 |  400 |  480 | 0.67 | 0.81 |       145.1 |   145.1 |   145.1 
   ijkl-imln-jnkm |   480 |  480 |  400 | 0.67 | 1.00 |       144.1 |   144.1 |   144.1 
   ijkl-imln-njmk |   480 |  400 |  480 | 0.67 | 0.81 |       145.8 |   145.8 |   145.8 
   ijkl-imnj-nlkm |   480 |  400 |  480 | 0.67 | 0.81 |       145.7 |   145.7 |   145.7 
   ijkl-imnk-njml |   480 |  400 |  480 | 0.67 | 0.81 |       144.9 |   144.9 |   144.9 
   ijkl-minj-nlmk |   480 |  400 |  576 | 0.67 | 0.81 |       146.0 |   146.0 |   146.0 
   ijkl-mink-jnlm |   480 |  480 |  480 | 0.67 | 1.00 |       146.0 |   146.0 |   146.0 
   ijkl-minl-njmk |   480 |  400 |  576 | 0.67 | 0.81 |       146.2 |   146.2 |   146.2 
     aqrs-pa-pqrs |    24 | 8000 |   24 | 1.00 | 1.00 |        29.5 |    29.5 |    29.5 
     abrs-qb-aqrs |    20 | 9600 |   24 | 1.00 | 1.00 |        40.0 |    40.0 |    40.0 
     abcs-rc-abrs |    20 | 9600 |   24 | 1.00 | 1.00 |        49.0 |    49.0 |    49.0 
       abj-bka-kj |  5184 |   52 |   72 | 0.89 | 1.00 |        86.4 |    86.4 |    86.4 
       ajb-kba-jk |  3744 |   72 |   72 | 0.89 | 1.00 |       105.0 |   105.0 |   105.0 
     abjc-cbka-kj | 11520 |   20 |   24 | 0.67 | 1.00 |        35.1 |    35.1 |    35.1 
     ajbc-ckba-jk | 11520 |   24 |   20 | 1.00 | 1.00 |        30.7 |    30.7 |    30.7 
     abjc-kbac-jk |  9600 |   24 |   24 | 0.67 | 1.00 |        49.2 |    49.2 |    49.2 
   abjcd-dkbac-jk | 82944 |   24 |   12 | 0.67 | 1.00 |        31.5 |    31.5 |    31.5 
   adbjc-cbdka-kj | 82944 |   12 |   24 | 0.67 | 1.00 |        16.1 |    16.1 |    16.1 
   ajbdc-ckbad-jk | 82944 |   24 |   12 | 1.00 | 1.00 |        25.0 |    25.0 |    25.0 
 abcijk-ijma-mkbc |  4608 |  512 |   24 | 1.00 | 1.00 |        59.9 |    59.9 |    59.9 
 abcijk-ijmb-mkac |  1536 | 1536 |   24 | 1.00 | 1.00 |        61.3 |    61.3 |    61.3 
 abcijk-ijmc-mkab |  1536 | 1536 |   24 | 1.00 | 0.50 |       100.5 |   100.5 |   100.5 
 abcijk-ikma-mjbc |  4608 |  512 |   24 | 1.00 | 1.00 |        59.8 |    59.8 |    59.8 
 abcijk-ikmb-mjac |  1536 | 1536 |   24 | 1.00 | 1.00 |        61.3 |    61.3 |    61.3 
 abcijk-ikmc-mjab |  1536 | 1536 |   24 | 1.00 | 0.50 |        99.7 |    99.7 |    99.7 
 abcijk-jkma-mibc |  4608 |  512 |   24 | 1.00 | 1.00 |        59.9 |    59.9 |    59.9 
 abcijk-jkmb-miac |  1536 | 1536 |   24 | 1.00 | 1.00 |        61.3 |    61.3 |    61.3 
 abcijk-jkmc-miab |  1536 | 1536 |   24 | 1.00 | 0.50 |        99.6 |    99.6 |    99.6 
 abcijk-eiab-jkec |  1536 | 1536 |   24 | 1.00 | 0.50 |        99.7 |    99.7 |    99.7 
 abcijk-eiac-jkeb |  1536 | 1536 |   24 | 1.00 | 1.00 |        61.3 |    61.3 |    61.3 
 abcijk-eibc-jkea |   512 | 4608 |   24 | 1.00 | 1.00 |        59.8 |    59.8 |    59.8 
 abcijk-ejab-ikec |  1536 | 1536 |   24 | 1.00 | 0.50 |        99.9 |    99.9 |    99.9 
 abcijk-ejac-ikeb |  1536 | 1536 |   24 | 1.00 | 1.00 |        61.3 |    61.3 |    61.3 
 abcijk-ejbc-ikea |   512 | 4608 |   24 | 1.00 | 1.00 |        59.8 |    59.8 |    59.8 
 abcijk-ekab-ijec |  1536 | 1536 |   24 | 1.00 | 0.50 |       100.1 |   100.1 |   100.1 
 abcijk-ekac-ijeb |  1536 | 1536 |   24 | 1.00 | 1.00 |        61.1 |    61.1 |    61.1 
 abcijk-ekbc-ijea |   512 | 4608 |   24 | 1.00 | 1.00 |        59.8 |    59.8 |    59.8 
       abc-bk-akc |    72 | 3744 |   52 | 0.89 | 1.00 |        99.4 |    99.4 |    99.4 

=== c32 ===
             case |     m |    n |    k | regA | regB | planar GF/s | 1m GF/s | 3m GF/s 
------------------+-------+------+------+------+------+-------------+---------+---------
         ij-ik-kj |   384 |  364 |  384 | 1.00 | 1.00 |       174.3 |   180.1 |   172.7 
       ij-ikl-ljk |    72 |   52 | 3744 | 1.00 | 1.00 |       103.2 |   103.8 |    97.4 
       ij-kil-lkj |    72 |   52 | 5184 | 1.00 | 1.00 |        99.2 |    98.5 |    99.1 
       ijk-ikl-lj |  3744 |   52 |   72 | 1.00 | 1.00 |       129.8 |   130.6 |   123.9 
       ijk-il-jlk |    72 | 3744 |   52 | 1.00 | 0.95 |       105.3 |   116.3 |   101.6 
       ijk-ilk-jl |  3744 |   72 |   52 | 1.00 | 1.00 |       126.3 |   134.9 |   128.0 
       ijk-ilk-lj |  3744 |   52 |   72 | 1.00 | 1.00 |       129.7 |   132.5 |   131.6 
     ijk-ilmk-mjl |   480 |   20 |  480 | 1.00 | 1.00 |       110.9 |    94.0 |    97.9 
   ijkl-imjn-lnkm |   480 |  480 |  400 | 1.00 | 1.00 |       158.4 |   167.2 |   162.2 
   ijkl-imjn-nlmk |   480 |  400 |  480 | 1.00 | 1.00 |       165.3 |   169.7 |   166.3 
   ijkl-imkn-jnlm |   480 |  480 |  400 | 1.00 | 0.83 |       164.0 |   169.6 |   164.8 
   ijkl-imkn-njml |   480 |  400 |  480 | 1.00 | 1.00 |       165.2 |   170.0 |   167.2 
   ijkl-imln-jnkm |   480 |  480 |  400 | 1.00 | 0.83 |       164.2 |   169.9 |   164.7 
   ijkl-imln-njmk |   480 |  400 |  480 | 1.00 | 1.00 |       165.9 |   170.5 |   167.7 
   ijkl-imnj-nlkm |   480 |  400 |  480 | 1.00 | 1.00 |       165.3 |   169.4 |   166.9 
   ijkl-imnk-njml |   480 |  400 |  480 | 1.00 | 1.00 |       165.4 |   170.2 |   166.8 
   ijkl-minj-nlmk |   480 |  400 |  576 | 1.00 | 1.00 |       166.5 |   169.0 |   166.2 
   ijkl-mink-jnlm |   480 |  480 |  480 | 1.00 | 0.83 |       165.3 |   170.6 |   166.7 
   ijkl-minl-njmk |   480 |  400 |  576 | 1.00 | 1.00 |       166.9 |   170.1 |   167.9 
     aqrs-pa-pqrs |    24 | 8000 |   24 | 1.00 | 1.00 |        54.4 |    61.1 |    48.7 
     abrs-qb-aqrs |    20 | 9600 |   24 | 1.00 | 1.00 |        78.7 |    75.0 |    71.4 
     abcs-rc-abrs |    20 | 9600 |   24 | 1.00 | 1.00 |        79.1 |    73.9 |    71.0 
       abj-bka-kj |  5184 |   52 |   72 | 1.00 | 1.00 |       115.5 |   114.6 |   120.5 
       ajb-kba-jk |  3744 |   72 |   72 | 1.00 | 1.00 |       131.8 |   137.3 |   138.3 
     abjc-cbka-kj | 11520 |   20 |   24 | 1.00 | 1.00 |        64.9 |    57.9 |    61.3 
     ajbc-ckba-jk | 11520 |   24 |   20 | 1.00 | 1.00 |        65.4 |    69.2 |    63.7 
     abjc-kbac-jk |  9600 |   24 |   24 | 1.00 | 1.00 |        75.7 |    78.7 |    74.7 
   abjcd-dkbac-jk | 82944 |   24 |   12 | 1.00 | 1.00 |        43.0 |    43.3 |    41.5 
   adbjc-cbdka-kj | 82944 |   12 |   24 | 1.00 | 1.00 |        23.6 |    18.7 |    20.4 
   ajbdc-ckbad-jk | 82944 |   24 |   12 | 1.00 | 1.00 |        36.5 |    37.6 |    35.4 
 abcijk-ijma-mkbc |  4608 |  512 |   24 | 1.00 | 0.94 |        96.9 |   112.3 |    99.7 
 abcijk-ijmb-mkac |  1536 | 1536 |   24 | 1.00 | 0.50 |        90.0 |   102.7 |    91.4 
 abcijk-ijmc-mkab |  1536 | 1536 |   24 | 1.00 | 0.50 |        97.9 |   107.8 |    95.0 
 abcijk-ikma-mjbc |  4608 |  512 |   24 | 1.00 | 0.94 |        95.6 |   109.9 |    98.3 
 abcijk-ikmb-mjac |  1536 | 1536 |   24 | 1.00 | 0.50 |        89.8 |   102.0 |    92.0 
 abcijk-ikmc-mjab |  1536 | 1536 |   24 | 1.00 | 0.50 |        97.4 |   106.3 |    94.4 
 abcijk-jkma-mibc |  4608 |  512 |   24 | 1.00 | 0.94 |        98.8 |   114.5 |   100.3 
 abcijk-jkmb-miac |  1536 | 1536 |   24 | 1.00 | 0.50 |        89.5 |   101.4 |    92.3 
 abcijk-jkmc-miab |  1536 | 1536 |   24 | 1.00 | 0.50 |        96.1 |   105.1 |    93.4 
 abcijk-eiab-jkec |  1536 | 1536 |   24 | 1.00 | 0.50 |        97.1 |   106.7 |    94.4 
 abcijk-eiac-jkeb |  1536 | 1536 |   24 | 1.00 | 0.50 |        88.9 |   100.9 |    93.1 
 abcijk-eibc-jkea |   512 | 4608 |   24 | 1.00 | 0.94 |        98.7 |   115.1 |   100.6 
 abcijk-ejab-ikec |  1536 | 1536 |   24 | 1.00 | 0.50 |        97.3 |   106.4 |    94.2 
 abcijk-ejac-ikeb |  1536 | 1536 |   24 | 1.00 | 0.50 |        90.5 |   103.7 |    92.0 
 abcijk-ejbc-ikea |   512 | 4608 |   24 | 1.00 | 0.94 |        96.9 |   110.6 |    99.0 
 abcijk-ekab-ijec |  1536 | 1536 |   24 | 1.00 | 0.50 |        98.0 |   108.1 |    95.1 
 abcijk-ekac-ijeb |  1536 | 1536 |   24 | 1.00 | 0.50 |        88.9 |   101.1 |    91.4 
 abcijk-ekbc-ijea |   512 | 4608 |   24 | 1.00 | 0.94 |        96.2 |   110.5 |    98.4 
       abc-bk-akc |    72 | 3744 |   52 | 1.00 | 1.00 |       125.6 |   135.5 |   128.3 

=== complex efficiency ratio (c32 GF/s over f32 GF/s; 1.0 = no penalty) ===
             case | planar c32/f32 | 1m c32/f32 | 3m c32/f32 
------------------+----------------+------------+------------
         ij-ik-kj |          1.155 |      1.194 |      1.145 
       ij-ikl-ljk |          1.817 |      1.828 |      1.714 
       ij-kil-lkj |          1.779 |      1.766 |      1.776 
       ijk-ikl-lj |          1.309 |      1.317 |      1.249 
       ijk-il-jlk |          1.562 |      1.726 |      1.506 
       ijk-ilk-jl |          1.269 |      1.355 |      1.286 
       ijk-ilk-lj |          1.287 |      1.315 |      1.307 
     ijk-ilmk-mjl |          1.932 |      1.638 |      1.706 
   ijkl-imjn-lnkm |          1.126 |      1.188 |      1.153 
   ijkl-imjn-nlmk |          1.133 |      1.164 |      1.140 
   ijkl-imkn-jnlm |          1.140 |      1.179 |      1.145 
   ijkl-imkn-njml |          1.139 |      1.172 |      1.152 
   ijkl-imln-jnkm |          1.139 |      1.178 |      1.143 
   ijkl-imln-njmk |          1.138 |      1.169 |      1.150 
   ijkl-imnj-nlkm |          1.135 |      1.163 |      1.146 
   ijkl-imnk-njml |          1.142 |      1.175 |      1.151 
   ijkl-minj-nlmk |          1.140 |      1.158 |      1.138 
   ijkl-mink-jnlm |          1.132 |      1.169 |      1.142 
   ijkl-minl-njmk |          1.142 |      1.164 |      1.149 
     aqrs-pa-pqrs |          1.846 |      2.072 |      1.651 
     abrs-qb-aqrs |          1.968 |      1.875 |      1.786 
     abcs-rc-abrs |          1.614 |      1.509 |      1.450 
       abj-bka-kj |          1.337 |      1.327 |      1.395 
       ajb-kba-jk |          1.255 |      1.307 |      1.317 
     abjc-cbka-kj |          1.848 |      1.649 |      1.745 
     ajbc-ckba-jk |          2.131 |      2.257 |      2.077 
     abjc-kbac-jk |          1.539 |      1.601 |      1.518 
   abjcd-dkbac-jk |          1.364 |      1.374 |      1.319 
   adbjc-cbdka-kj |          1.467 |      1.167 |      1.269 
   ajbdc-ckbad-jk |          1.460 |      1.503 |      1.415 
 abcijk-ijma-mkbc |          1.617 |      1.874 |      1.665 
 abcijk-ijmb-mkac |          1.467 |      1.674 |      1.491 
 abcijk-ijmc-mkab |          0.974 |      1.072 |      0.945 
 abcijk-ikma-mjbc |          1.598 |      1.838 |      1.644 
 abcijk-ikmb-mjac |          1.465 |      1.665 |      1.501 
 abcijk-ikmc-mjab |          0.977 |      1.066 |      0.946 
 abcijk-jkma-mibc |          1.650 |      1.911 |      1.674 
 abcijk-jkmb-miac |          1.461 |      1.655 |      1.506 
 abcijk-jkmc-miab |          0.965 |      1.055 |      0.938 
 abcijk-eiab-jkec |          0.974 |      1.070 |      0.947 
 abcijk-eiac-jkeb |          1.451 |      1.646 |      1.518 
 abcijk-eibc-jkea |          1.651 |      1.924 |      1.683 
 abcijk-ejab-ikec |          0.973 |      1.065 |      0.943 
 abcijk-ejac-ikeb |          1.478 |      1.692 |      1.502 
 abcijk-ejbc-ikea |          1.619 |      1.849 |      1.655 
 abcijk-ekab-ijec |          0.980 |      1.080 |      0.950 
 abcijk-ekac-ijeb |          1.453 |      1.654 |      1.496 
 abcijk-ekbc-ijea |          1.609 |      1.849 |      1.645 
       abc-bk-akc |          1.264 |      1.363 |      1.291 
             MEAN |          1.389 |      1.462 |      1.371 

wrote bench-results/worker5139-zen2/phase4g/sm-s1-t2-f32c32.csv
