host        : worker5139
target      : x86_64 / linux
cpu features: avx2 fma 
caches      : L1=32KiB/8-way/1sh L2=512KiB/8-way/1sh L3=16384KiB/16-way/4sh (via sysfs), blocking=legacy
l3 domains  : t1=1 t4=1 t8=2
baselines   : tblis=false blas=false

sweeping 49 cases at 1 MiB nominal tensor size, 24 reps, stress=none


=== f32 ===
             case |     m |    n |    k | regA | regB | planar GF/s | 1m GF/s | 3m GF/s 
------------------+-------+------+------+------+------+-------------+---------+---------
         ij-ik-kj |   384 |  364 |  384 | 1.00 | 1.00 |       253.0 |   253.0 |   253.0 
       ij-ikl-ljk |    72 |   52 | 3744 | 1.00 | 1.00 |        73.6 |    73.6 |    73.6 
       ij-kil-lkj |    72 |   52 | 5184 | 1.00 | 1.00 |        75.8 |    75.8 |    75.8 
       ijk-ikl-lj |  3744 |   52 |   72 | 1.00 | 1.00 |       147.6 |   147.6 |   147.6 
       ijk-il-jlk |    72 | 3744 |   52 | 1.00 | 1.00 |        89.1 |    89.1 |    89.1 
       ijk-ilk-jl |  3744 |   72 |   52 | 0.89 | 1.00 |       147.7 |   147.7 |   147.7 
       ijk-ilk-lj |  3744 |   52 |   72 | 0.89 | 1.00 |       142.7 |   142.7 |   142.7 
     ijk-ilmk-mjl |   480 |   20 |  480 | 0.67 | 1.00 |        68.1 |    68.1 |    68.1 
   ijkl-imjn-lnkm |   480 |  480 |  400 | 0.67 | 0.80 |       239.7 |   239.7 |   239.7 
   ijkl-imjn-nlmk |   480 |  400 |  480 | 0.67 | 0.81 |       249.9 |   249.9 |   249.9 
   ijkl-imkn-jnlm |   480 |  480 |  400 | 0.67 | 1.00 |       252.0 |   252.0 |   252.0 
   ijkl-imkn-njml |   480 |  400 |  480 | 0.67 | 0.81 |       252.5 |   252.5 |   252.5 
   ijkl-imln-jnkm |   480 |  480 |  400 | 0.67 | 1.00 |       253.7 |   253.7 |   253.7 
   ijkl-imln-njmk |   480 |  400 |  480 | 0.67 | 0.81 |       253.2 |   253.2 |   253.2 
   ijkl-imnj-nlkm |   480 |  400 |  480 | 0.67 | 0.81 |       250.7 |   250.7 |   250.7 
   ijkl-imnk-njml |   480 |  400 |  480 | 0.67 | 0.81 |       254.3 |   254.3 |   254.3 
   ijkl-minj-nlmk |   480 |  400 |  576 | 0.67 | 0.81 |       260.4 |   260.4 |   260.4 
   ijkl-mink-jnlm |   480 |  480 |  480 | 0.67 | 1.00 |       260.3 |   260.3 |   260.3 
   ijkl-minl-njmk |   480 |  400 |  576 | 0.67 | 0.81 |       262.2 |   262.2 |   262.2 
     aqrs-pa-pqrs |    24 | 8000 |   24 | 1.00 | 1.00 |        44.5 |    44.5 |    44.5 
     abrs-qb-aqrs |    20 | 9600 |   24 | 1.00 | 1.00 |        54.1 |    54.1 |    54.1 
     abcs-rc-abrs |    20 | 9600 |   24 | 1.00 | 1.00 |        61.0 |    61.0 |    61.0 
       abj-bka-kj |  5184 |   52 |   72 | 0.89 | 1.00 |       137.3 |   137.3 |   137.3 
       ajb-kba-jk |  3744 |   72 |   72 | 0.89 | 1.00 |       166.4 |   166.4 |   166.4 
     abjc-cbka-kj | 11520 |   20 |   24 | 0.67 | 1.00 |        47.8 |    47.8 |    47.8 
     ajbc-ckba-jk | 11520 |   24 |   20 | 1.00 | 1.00 |        43.8 |    43.8 |    43.8 
     abjc-kbac-jk |  9600 |   24 |   24 | 0.67 | 1.00 |        65.9 |    65.9 |    65.9 
   abjcd-dkbac-jk | 82944 |   24 |   12 | 0.67 | 1.00 |        49.4 |    49.4 |    49.4 
   adbjc-cbdka-kj | 82944 |   12 |   24 | 0.67 | 1.00 |        24.8 |    24.8 |    24.8 
   ajbdc-ckbad-jk | 82944 |   24 |   12 | 1.00 | 1.00 |        43.8 |    43.8 |    43.8 
 abcijk-ijma-mkbc |  4608 |  512 |   24 | 1.00 | 1.00 |       112.9 |   112.9 |   112.9 
 abcijk-ijmb-mkac |  1536 | 1536 |   24 | 1.00 | 1.00 |       115.4 |   115.4 |   115.4 
 abcijk-ijmc-mkab |  1536 | 1536 |   24 | 1.00 | 0.50 |       184.2 |   184.2 |   184.2 
 abcijk-ikma-mjbc |  4608 |  512 |   24 | 1.00 | 1.00 |       112.9 |   112.9 |   112.9 
 abcijk-ikmb-mjac |  1536 | 1536 |   24 | 1.00 | 1.00 |       115.5 |   115.5 |   115.5 
 abcijk-ikmc-mjab |  1536 | 1536 |   24 | 1.00 | 0.50 |       183.4 |   183.4 |   183.4 
 abcijk-jkma-mibc |  4608 |  512 |   24 | 1.00 | 1.00 |       112.9 |   112.9 |   112.9 
 abcijk-jkmb-miac |  1536 | 1536 |   24 | 1.00 | 1.00 |       114.9 |   114.9 |   114.9 
 abcijk-jkmc-miab |  1536 | 1536 |   24 | 1.00 | 0.50 |       183.3 |   183.3 |   183.3 
 abcijk-eiab-jkec |  1536 | 1536 |   24 | 1.00 | 0.50 |       182.1 |   182.1 |   182.1 
 abcijk-eiac-jkeb |  1536 | 1536 |   24 | 1.00 | 1.00 |       115.6 |   115.6 |   115.6 
 abcijk-eibc-jkea |   512 | 4608 |   24 | 1.00 | 1.00 |       112.7 |   112.7 |   112.7 
 abcijk-ejab-ikec |  1536 | 1536 |   24 | 1.00 | 0.50 |       186.2 |   186.2 |   186.2 
 abcijk-ejac-ikeb |  1536 | 1536 |   24 | 1.00 | 1.00 |       115.8 |   115.8 |   115.8 
 abcijk-ejbc-ikea |   512 | 4608 |   24 | 1.00 | 1.00 |       112.8 |   112.8 |   112.8 
 abcijk-ekab-ijec |  1536 | 1536 |   24 | 1.00 | 0.50 |       183.0 |   183.0 |   183.0 
 abcijk-ekac-ijeb |  1536 | 1536 |   24 | 1.00 | 1.00 |       115.3 |   115.3 |   115.3 
 abcijk-ekbc-ijea |   512 | 4608 |   24 | 1.00 | 1.00 |       113.0 |   113.0 |   113.0 
       abc-bk-akc |    72 | 3744 |   52 | 0.89 | 1.00 |       142.0 |   142.0 |   142.0 

=== c32 ===
             case |     m |    n |    k | regA | regB | planar GF/s | 1m GF/s | 3m GF/s 
------------------+-------+------+------+------+------+-------------+---------+---------
         ij-ik-kj |   384 |  364 |  384 | 1.00 | 1.00 |       323.8 |   341.5 |   333.6 
       ij-ikl-ljk |    72 |   52 | 3744 | 1.00 | 1.00 |       153.9 |   159.6 |   150.9 
       ij-kil-lkj |    72 |   52 | 5184 | 1.00 | 1.00 |       148.8 |   152.2 |   153.3 
       ijk-ikl-lj |  3744 |   52 |   72 | 1.00 | 1.00 |       221.0 |   229.2 |   220.2 
       ijk-il-jlk |    72 | 3744 |   52 | 1.00 | 0.95 |       163.5 |   178.4 |   153.0 
       ijk-ilk-jl |  3744 |   72 |   52 | 1.00 | 1.00 |       222.1 |   239.4 |   226.7 
       ijk-ilk-lj |  3744 |   52 |   72 | 1.00 | 1.00 |       228.7 |   236.6 |   232.0 
     ijk-ilmk-mjl |   480 |   20 |  480 | 1.00 | 1.00 |       165.3 |   143.8 |   149.3 
   ijkl-imjn-lnkm |   480 |  480 |  400 | 1.00 | 1.00 |       301.3 |   321.1 |   314.7 
   ijkl-imjn-nlmk |   480 |  400 |  480 | 1.00 | 1.00 |       316.4 |   328.6 |   321.4 
   ijkl-imkn-jnlm |   480 |  480 |  400 | 1.00 | 0.83 |       312.6 |   328.4 |   317.2 
   ijkl-imkn-njml |   480 |  400 |  480 | 1.00 | 1.00 |       314.9 |   328.8 |   321.4 
   ijkl-imln-jnkm |   480 |  480 |  400 | 1.00 | 0.83 |       311.0 |   327.6 |   316.9 
   ijkl-imln-njmk |   480 |  400 |  480 | 1.00 | 1.00 |       317.6 |   330.7 |   322.5 
   ijkl-imnj-nlkm |   480 |  400 |  480 | 1.00 | 1.00 |       311.6 |   327.1 |   320.5 
   ijkl-imnk-njml |   480 |  400 |  480 | 1.00 | 1.00 |       316.8 |   330.6 |   324.5 
   ijkl-minj-nlmk |   480 |  400 |  576 | 1.00 | 1.00 |       315.7 |   327.0 |   320.9 
   ijkl-mink-jnlm |   480 |  480 |  480 | 1.00 | 0.83 |       318.7 |   331.6 |   321.6 
   ijkl-minl-njmk |   480 |  400 |  576 | 1.00 | 1.00 |       324.5 |   331.3 |   326.8 
     aqrs-pa-pqrs |    24 | 8000 |   24 | 1.00 | 1.00 |       123.2 |   139.4 |   118.5 
     abrs-qb-aqrs |    20 | 9600 |   24 | 1.00 | 1.00 |       124.2 |   119.2 |   115.2 
     abcs-rc-abrs |    20 | 9600 |   24 | 1.00 | 1.00 |       124.6 |   122.0 |   116.1 
       abj-bka-kj |  5184 |   52 |   72 | 1.00 | 1.00 |       200.1 |   213.2 |   221.2 
       ajb-kba-jk |  3744 |   72 |   72 | 1.00 | 1.00 |       237.7 |   247.2 |   248.4 
     abjc-cbka-kj | 11520 |   20 |   24 | 1.00 | 1.00 |       104.9 |    97.3 |   102.0 
     ajbc-ckba-jk | 11520 |   24 |   20 | 1.00 | 1.00 |       108.5 |   112.1 |   107.6 
     abjc-kbac-jk |  9600 |   24 |   24 | 1.00 | 1.00 |       124.0 |   126.6 |   122.2 
   abjcd-dkbac-jk | 82944 |   24 |   12 | 1.00 | 1.00 |        72.8 |    71.4 |    69.9 
   adbjc-cbdka-kj | 82944 |   12 |   24 | 1.00 | 1.00 |        30.6 |    22.8 |    27.1 
   ajbdc-ckbad-jk | 82944 |   24 |   12 | 1.00 | 1.00 |        81.5 |    84.6 |    78.2 
 abcijk-ijma-mkbc |  4608 |  512 |   24 | 1.00 | 0.94 |       187.6 |   212.5 |   190.1 
 abcijk-ijmb-mkac |  1536 | 1536 |   24 | 1.00 | 0.50 |       160.7 |   179.7 |   167.0 
 abcijk-ijmc-mkab |  1536 | 1536 |   24 | 1.00 | 0.50 |       186.6 |   200.9 |   179.7 
 abcijk-ikma-mjbc |  4608 |  512 |   24 | 1.00 | 0.94 |       184.6 |   210.4 |   185.4 
 abcijk-ikmb-mjac |  1536 | 1536 |   24 | 1.00 | 0.50 |       168.9 |   195.6 |   173.0 
 abcijk-ikmc-mjab |  1536 | 1536 |   24 | 1.00 | 0.50 |       188.0 |   201.7 |   180.0 
 abcijk-jkma-mibc |  4608 |  512 |   24 | 1.00 | 0.94 |       187.0 |   215.1 |   187.6 
 abcijk-jkmb-miac |  1536 | 1536 |   24 | 1.00 | 0.50 |       171.2 |   198.4 |   175.4 
 abcijk-jkmc-miab |  1536 | 1536 |   24 | 1.00 | 0.50 |       185.1 |   198.3 |   175.5 
 abcijk-eiab-jkec |  1536 | 1536 |   24 | 1.00 | 0.50 |       186.0 |   198.6 |   176.1 
 abcijk-eiac-jkeb |  1536 | 1536 |   24 | 1.00 | 0.50 |       171.2 |   199.3 |   175.8 
 abcijk-eibc-jkea |   512 | 4608 |   24 | 1.00 | 0.94 |       188.3 |   215.7 |   187.9 
 abcijk-ejab-ikec |  1536 | 1536 |   24 | 1.00 | 0.50 |       188.3 |   204.0 |   179.3 
 abcijk-ejac-ikeb |  1536 | 1536 |   24 | 1.00 | 0.50 |       166.3 |   193.9 |   173.1 
 abcijk-ejbc-ikea |   512 | 4608 |   24 | 1.00 | 0.94 |       186.5 |   211.7 |   185.4 
 abcijk-ekab-ijec |  1536 | 1536 |   24 | 1.00 | 0.50 |       186.5 |   200.4 |   178.4 
 abcijk-ekac-ijeb |  1536 | 1536 |   24 | 1.00 | 0.50 |       169.3 |   195.9 |   173.2 
 abcijk-ekbc-ijea |   512 | 4608 |   24 | 1.00 | 0.94 |       184.9 |   210.3 |   186.5 
       abc-bk-akc |    72 | 3744 |   52 | 1.00 | 1.00 |       222.1 |   240.7 |   226.4 

=== complex efficiency ratio (c32 GF/s over f32 GF/s; 1.0 = no penalty) ===
             case | planar c32/f32 | 1m c32/f32 | 3m c32/f32 
------------------+----------------+------------+------------
         ij-ik-kj |          1.280 |      1.350 |      1.318 
       ij-ikl-ljk |          2.090 |      2.167 |      2.048 
       ij-kil-lkj |          1.963 |      2.007 |      2.022 
       ijk-ikl-lj |          1.497 |      1.553 |      1.492 
       ijk-il-jlk |          1.835 |      2.002 |      1.717 
       ijk-ilk-jl |          1.503 |      1.621 |      1.535 
       ijk-ilk-lj |          1.603 |      1.658 |      1.626 
     ijk-ilmk-mjl |          2.427 |      2.111 |      2.192 
   ijkl-imjn-lnkm |          1.257 |      1.340 |      1.313 
   ijkl-imjn-nlmk |          1.266 |      1.315 |      1.286 
   ijkl-imkn-jnlm |          1.240 |      1.303 |      1.259 
   ijkl-imkn-njml |          1.247 |      1.302 |      1.273 
   ijkl-imln-jnkm |          1.226 |      1.291 |      1.249 
   ijkl-imln-njmk |          1.255 |      1.306 |      1.274 
   ijkl-imnj-nlkm |          1.243 |      1.304 |      1.278 
   ijkl-imnk-njml |          1.246 |      1.300 |      1.276 
   ijkl-minj-nlmk |          1.212 |      1.256 |      1.232 
   ijkl-mink-jnlm |          1.225 |      1.274 |      1.236 
   ijkl-minl-njmk |          1.238 |      1.264 |      1.247 
     aqrs-pa-pqrs |          2.767 |      3.131 |      2.660 
     abrs-qb-aqrs |          2.296 |      2.203 |      2.130 
     abcs-rc-abrs |          2.043 |      2.001 |      1.904 
       abj-bka-kj |          1.457 |      1.553 |      1.611 
       ajb-kba-jk |          1.429 |      1.486 |      1.493 
     abjc-cbka-kj |          2.196 |      2.037 |      2.135 
     ajbc-ckba-jk |          2.477 |      2.560 |      2.456 
     abjc-kbac-jk |          1.881 |      1.920 |      1.854 
   abjcd-dkbac-jk |          1.475 |      1.447 |      1.416 
   adbjc-cbdka-kj |          1.234 |      0.920 |      1.092 
   ajbdc-ckbad-jk |          1.860 |      1.929 |      1.784 
 abcijk-ijma-mkbc |          1.662 |      1.883 |      1.685 
 abcijk-ijmb-mkac |          1.393 |      1.557 |      1.447 
 abcijk-ijmc-mkab |          1.013 |      1.091 |      0.976 
 abcijk-ikma-mjbc |          1.635 |      1.863 |      1.642 
 abcijk-ikmb-mjac |          1.463 |      1.694 |      1.498 
 abcijk-ikmc-mjab |          1.025 |      1.100 |      0.982 
 abcijk-jkma-mibc |          1.657 |      1.906 |      1.662 
 abcijk-jkmb-miac |          1.489 |      1.726 |      1.526 
 abcijk-jkmc-miab |          1.010 |      1.081 |      0.957 
 abcijk-eiab-jkec |          1.021 |      1.091 |      0.967 
 abcijk-eiac-jkeb |          1.481 |      1.725 |      1.522 
 abcijk-eibc-jkea |          1.670 |      1.914 |      1.667 
 abcijk-ejab-ikec |          1.011 |      1.096 |      0.963 
 abcijk-ejac-ikeb |          1.437 |      1.675 |      1.495 
 abcijk-ejbc-ikea |          1.653 |      1.877 |      1.643 
 abcijk-ekab-ijec |          1.019 |      1.095 |      0.975 
 abcijk-ekac-ijeb |          1.468 |      1.698 |      1.501 
 abcijk-ekbc-ijea |          1.636 |      1.861 |      1.650 
       abc-bk-akc |          1.565 |      1.696 |      1.595 
             MEAN |          1.536 |      1.623 |      1.526 

wrote bench-results/worker5139-zen2/phase4g/sm-s1-t4-f32c32.csv
