host        : worker5139
target      : x86_64 / linux
cpu features: avx2 fma 
caches      : L1=32KiB/8-way/1sh L2=512KiB/8-way/1sh L3=16384KiB/16-way/4sh (via sysfs), blocking=legacy
l3 domains  : t1=1 t4=1
baselines   : tblis=false blas=false

sweeping 49 cases at 4 MiB nominal tensor size, 6 reps, stress=none


=== f64 ===
             case |     m |     n |    k | regA | regB | planar GF/s | 1m GF/s | 3m GF/s 
------------------+-------+-------+------+------+------+-------------+---------+---------
         ij-ik-kj |   744 |   724 |  744 | 1.00 | 1.00 |        78.7 |    78.7 |    78.7 
       ij-ikl-ljk |    96 |    80 | 7680 | 1.00 | 1.00 |        45.3 |    45.3 |    45.3 
       ij-kil-lkj |    96 |    80 | 9216 | 1.00 | 1.00 |        43.7 |    43.7 |    43.7 
       ijk-ikl-lj |  7680 |    80 |   96 | 1.00 | 1.00 |        51.1 |    51.1 |    51.1 
       ijk-il-jlk |    96 |  7680 |   80 | 1.00 | 1.00 |        55.5 |    55.5 |    55.5 
       ijk-ilk-jl |  7680 |    96 |   80 | 1.00 | 1.00 |        67.0 |    67.0 |    67.0 
       ijk-ilk-lj |  7680 |    80 |   96 | 1.00 | 1.00 |        63.5 |    63.5 |    63.5 
     ijk-ilmk-mjl |  1344 |    28 | 1344 | 1.00 | 1.00 |        44.2 |    44.2 |    44.2 
   ijkl-imjn-lnkm |  1344 |  1344 |  784 | 1.00 | 0.86 |        75.6 |    75.6 |    75.6 
   ijkl-imjn-nlmk |  1344 |   784 | 1344 | 1.00 | 0.86 |        77.1 |    77.1 |    77.1 
   ijkl-imkn-jnlm |  1344 |  1344 |  784 | 1.00 | 1.00 |        70.7 |    70.7 |    70.7 
   ijkl-imkn-njml |  1344 |   784 | 1344 | 1.00 | 0.86 |        75.9 |    75.9 |    75.9 
   ijkl-imln-jnkm |  1344 |  1344 |  784 | 1.00 | 1.00 |        70.7 |    70.7 |    70.7 
   ijkl-imln-njmk |  1344 |   784 | 1344 | 1.00 | 0.86 |        75.7 |    75.7 |    75.7 
   ijkl-imnj-nlkm |  1344 |   784 | 1344 | 1.00 | 0.86 |        77.4 |    77.4 |    77.4 
   ijkl-imnk-njml |  1344 |   784 | 1344 | 1.00 | 0.86 |        76.0 |    76.0 |    76.0 
   ijkl-minj-nlmk |  1344 |   784 | 2304 | 1.00 | 0.86 |        75.5 |    75.5 |    75.5 
   ijkl-mink-jnlm |  1344 |  1344 | 1344 | 1.00 | 1.00 |        70.4 |    70.4 |    70.4 
   ijkl-minl-njmk |  1344 |   784 | 2304 | 1.00 | 0.86 |        73.8 |    73.8 |    73.8 
     aqrs-pa-pqrs |    48 | 21952 |   48 | 1.00 | 1.00 |        29.7 |    29.7 |    29.7 
     abrs-qb-aqrs |    28 | 37632 |   48 | 1.00 | 1.00 |        27.1 |    27.1 |    27.1 
     abcs-rc-abrs |    28 | 37632 |   48 | 1.00 | 1.00 |        19.1 |    19.1 |    19.1 
       abj-bka-kj |  9216 |    80 |   96 | 1.00 | 1.00 |        48.9 |    48.9 |    48.9 
       ajb-kba-jk |  7680 |    96 |   96 | 1.00 | 1.00 |        67.3 |    67.3 |    67.3 
     abjc-cbka-kj | 64512 |    28 |   48 | 1.00 | 1.00 |        21.0 |    21.0 |    21.0 
     ajbc-ckba-jk | 64512 |    48 |   28 | 1.00 | 1.00 |        25.7 |    25.7 |    25.7 
     abjc-kbac-jk | 37632 |    48 |   48 | 1.00 | 1.00 |        39.4 |    39.4 |    39.4 
   abjcd-dkbac-jk | 82944 |    24 |   12 | 1.00 | 1.00 |        16.5 |    16.5 |    16.5 
   adbjc-cbdka-kj | 82944 |    12 |   24 | 1.00 | 1.00 |        10.1 |    10.1 |    10.1 
   ajbdc-ckbad-jk | 82944 |    24 |   12 | 1.00 | 1.00 |        13.0 |    13.0 |    13.0 
 abcijk-ijma-mkbc |  4608 |   512 |   24 | 1.00 | 0.94 |        35.0 |    35.0 |    35.0 
 abcijk-ijmb-mkac |  1536 |  1536 |   24 | 1.00 | 0.50 |        31.5 |    31.5 |    31.5 
 abcijk-ijmc-mkab |  1536 |  1536 |   24 | 1.00 | 0.50 |        37.8 |    37.8 |    37.8 
 abcijk-ikma-mjbc |  4608 |   512 |   24 | 1.00 | 0.94 |        35.0 |    35.0 |    35.0 
 abcijk-ikmb-mjac |  1536 |  1536 |   24 | 1.00 | 0.50 |        31.9 |    31.9 |    31.9 
 abcijk-ikmc-mjab |  1536 |  1536 |   24 | 1.00 | 0.50 |        38.1 |    38.1 |    38.1 
 abcijk-jkma-mibc |  4608 |   512 |   24 | 1.00 | 0.94 |        35.6 |    35.6 |    35.6 
 abcijk-jkmb-miac |  1536 |  1536 |   24 | 1.00 | 0.50 |        31.9 |    31.9 |    31.9 
 abcijk-jkmc-miab |  1536 |  1536 |   24 | 1.00 | 0.50 |        38.4 |    38.4 |    38.4 
 abcijk-eiab-jkec |  1536 |  1536 |   24 | 1.00 | 0.50 |        37.9 |    37.9 |    37.9 
 abcijk-eiac-jkeb |  1536 |  1536 |   24 | 1.00 | 0.50 |        32.1 |    32.1 |    32.1 
 abcijk-eibc-jkea |   512 |  4608 |   24 | 1.00 | 0.94 |        36.0 |    36.0 |    36.0 
 abcijk-ejab-ikec |  1536 |  1536 |   24 | 1.00 | 0.50 |        38.0 |    38.0 |    38.0 
 abcijk-ejac-ikeb |  1536 |  1536 |   24 | 1.00 | 0.50 |        32.1 |    32.1 |    32.1 
 abcijk-ejbc-ikea |   512 |  4608 |   24 | 1.00 | 0.94 |        35.1 |    35.1 |    35.1 
 abcijk-ekab-ijec |  1536 |  1536 |   24 | 1.00 | 0.50 |        37.6 |    37.6 |    37.6 
 abcijk-ekac-ijeb |  1536 |  1536 |   24 | 1.00 | 0.50 |        32.0 |    32.0 |    32.0 
 abcijk-ekbc-ijea |   512 |  4608 |   24 | 1.00 | 0.94 |        35.4 |    35.4 |    35.4 
       abc-bk-akc |    96 |  7680 |   80 | 1.00 | 1.00 |        66.8 |    66.8 |    66.8 

=== c64 ===
             case |     m |     n |    k | regA | regB | planar GF/s | 1m GF/s | 3m GF/s 
------------------+-------+-------+------+------+------+-------------+---------+---------
         ij-ik-kj |   744 |   724 |  744 | 1.00 | 1.00 |        83.5 |    83.9 |    80.5 
       ij-ikl-ljk |    96 |    80 | 7680 | 1.00 | 1.00 |        54.2 |    53.9 |    50.6 
       ij-kil-lkj |    96 |    80 | 9216 | 1.00 | 1.00 |        55.3 |    54.3 |    55.0 
       ijk-ikl-lj |  7680 |    80 |   96 | 1.00 | 1.00 |        49.9 |    42.5 |    46.8 
       ijk-il-jlk |    96 |  7680 |   80 | 1.00 | 0.96 |        59.1 |    58.2 |    55.8 
       ijk-ilk-jl |  7680 |    96 |   80 | 1.00 | 1.00 |        61.7 |    64.8 |    58.3 
       ijk-ilk-lj |  7680 |    80 |   96 | 1.00 | 1.00 |        62.3 |    60.8 |    56.4 
     ijk-ilmk-mjl |  1344 |    28 | 1344 | 1.00 | 1.00 |        50.9 |    54.3 |    35.5 
   ijkl-imjn-lnkm |  1344 |  1344 |  784 | 1.00 | 0.86 |        83.2 |    86.2 |    82.1 
   ijkl-imjn-nlmk |  1344 |   784 | 1344 | 1.00 | 0.86 |        82.4 |    84.8 |    82.9 
   ijkl-imkn-jnlm |  1344 |  1344 |  784 | 1.00 | 0.92 |        79.9 |    81.6 |    78.4 
   ijkl-imkn-njml |  1344 |   784 | 1344 | 1.00 | 0.86 |        80.1 |    81.3 |    80.2 
   ijkl-imln-jnkm |  1344 |  1344 |  784 | 1.00 | 0.92 |        80.0 |    81.7 |    77.9 
   ijkl-imln-njmk |  1344 |   784 | 1344 | 1.00 | 0.86 |        80.1 |    81.8 |    79.7 
   ijkl-imnj-nlkm |  1344 |   784 | 1344 | 1.00 | 0.86 |        83.1 |    85.6 |    83.1 
   ijkl-imnk-njml |  1344 |   784 | 1344 | 1.00 | 0.86 |        80.6 |    82.2 |    80.1 
   ijkl-minj-nlmk |  1344 |   784 | 2304 | 1.00 | 0.86 |        81.8 |    84.3 |    83.5 
   ijkl-mink-jnlm |  1344 |  1344 | 1344 | 1.00 | 0.92 |        80.7 |    83.0 |    79.8 
   ijkl-minl-njmk |  1344 |   784 | 2304 | 1.00 | 0.86 |        80.2 |    81.9 |    81.2 
     aqrs-pa-pqrs |    48 | 21952 |   48 | 1.00 | 1.00 |        42.0 |    44.6 |    39.8 
     abrs-qb-aqrs |    28 | 37632 |   48 | 1.00 | 1.00 |        39.9 |    41.2 |    38.0 
     abcs-rc-abrs |    28 | 37632 |   48 | 1.00 | 1.00 |        33.2 |    29.1 |    32.4 
       abj-bka-kj |  9216 |    80 |   96 | 1.00 | 1.00 |        59.0 |    56.3 |    59.9 
       ajb-kba-jk |  7680 |    96 |   96 | 1.00 | 1.00 |        69.3 |    75.7 |    70.4 
     abjc-cbka-kj | 64512 |    28 |   48 | 1.00 | 1.00 |        22.1 |    18.5 |    21.8 
     ajbc-ckba-jk | 64512 |    48 |   28 | 1.00 | 1.00 |        35.6 |    37.5 |    38.3 
     abjc-kbac-jk | 37632 |    48 |   48 | 1.00 | 1.00 |        55.9 |    59.6 |    59.1 
   abjcd-dkbac-jk | 82944 |    24 |   12 | 1.00 | 1.00 |        25.2 |    25.3 |    24.1 
   adbjc-cbdka-kj | 82944 |    12 |   24 | 1.00 | 1.00 |        17.7 |    16.2 |    17.9 
   ajbdc-ckbad-jk | 82944 |    24 |   12 | 1.00 | 1.00 |        21.6 |    20.6 |    20.9 
 abcijk-ijma-mkbc |  4608 |   512 |   24 | 1.00 | 0.94 |        44.3 |    47.7 |    45.8 
 abcijk-ijmb-mkac |  1536 |  1536 |   24 | 1.00 | 0.50 |        46.7 |    53.3 |    47.0 
 abcijk-ijmc-mkab |  1536 |  1536 |   24 | 1.00 | 0.50 |        55.2 |    60.9 |    54.6 
 abcijk-ikma-mjbc |  4608 |   512 |   24 | 1.00 | 0.94 |        48.5 |    53.3 |    49.6 
 abcijk-ikmb-mjac |  1536 |  1536 |   24 | 1.00 | 0.50 |        48.3 |    53.4 |    47.0 
 abcijk-ikmc-mjab |  1536 |  1536 |   24 | 1.00 | 0.50 |        55.2 |    61.2 |    54.5 
 abcijk-jkma-mibc |  4608 |   512 |   24 | 1.00 | 0.94 |        48.7 |    53.3 |    49.6 
 abcijk-jkmb-miac |  1536 |  1536 |   24 | 1.00 | 0.50 |        48.3 |    53.3 |    46.9 
 abcijk-jkmc-miab |  1536 |  1536 |   24 | 1.00 | 0.50 |        54.9 |    61.4 |    54.4 
 abcijk-eiab-jkec |  1536 |  1536 |   24 | 1.00 | 0.50 |        55.0 |    61.4 |    54.5 
 abcijk-eiac-jkeb |  1536 |  1536 |   24 | 1.00 | 0.50 |        48.2 |    53.5 |    46.9 
 abcijk-eibc-jkea |   512 |  4608 |   24 | 1.00 | 0.94 |        49.7 |    53.4 |    50.1 
 abcijk-ejab-ikec |  1536 |  1536 |   24 | 1.00 | 0.50 |        55.2 |    60.9 |    54.5 
 abcijk-ejac-ikeb |  1536 |  1536 |   24 | 1.00 | 0.50 |        47.0 |    53.4 |    47.1 
 abcijk-ejbc-ikea |   512 |  4608 |   24 | 1.00 | 0.94 |        50.0 |    53.4 |    50.0 
 abcijk-ekab-ijec |  1536 |  1536 |   24 | 1.00 | 0.50 |        55.2 |    61.0 |    54.6 
 abcijk-ekac-ijeb |  1536 |  1536 |   24 | 1.00 | 0.50 |        43.1 |    43.4 |    40.9 
 abcijk-ekbc-ijea |   512 |  4608 |   24 | 1.00 | 0.94 |        45.6 |    49.2 |    46.5 
       abc-bk-akc |    96 |  7680 |   80 | 1.00 | 1.00 |        60.8 |    63.1 |    56.8 

=== complex efficiency ratio (c64 GF/s over f64 GF/s; 1.0 = no penalty) ===
             case | planar c64/f64 | 1m c64/f64 | 3m c64/f64 
------------------+----------------+------------+------------
         ij-ik-kj |          1.061 |      1.066 |      1.023 
       ij-ikl-ljk |          1.197 |      1.192 |      1.118 
       ij-kil-lkj |          1.267 |      1.243 |      1.260 
       ijk-ikl-lj |          0.976 |      0.832 |      0.915 
       ijk-il-jlk |          1.064 |      1.049 |      1.005 
       ijk-ilk-jl |          0.922 |      0.967 |      0.871 
       ijk-ilk-lj |          0.981 |      0.958 |      0.888 
     ijk-ilmk-mjl |          1.153 |      1.229 |      0.803 
   ijkl-imjn-lnkm |          1.101 |      1.141 |      1.086 
   ijkl-imjn-nlmk |          1.068 |      1.100 |      1.076 
   ijkl-imkn-jnlm |          1.130 |      1.155 |      1.110 
   ijkl-imkn-njml |          1.055 |      1.071 |      1.057 
   ijkl-imln-jnkm |          1.132 |      1.156 |      1.102 
   ijkl-imln-njmk |          1.058 |      1.080 |      1.052 
   ijkl-imnj-nlkm |          1.074 |      1.106 |      1.074 
   ijkl-imnk-njml |          1.061 |      1.082 |      1.055 
   ijkl-minj-nlmk |          1.084 |      1.118 |      1.107 
   ijkl-mink-jnlm |          1.147 |      1.179 |      1.133 
   ijkl-minl-njmk |          1.087 |      1.109 |      1.100 
     aqrs-pa-pqrs |          1.414 |      1.503 |      1.343 
     abrs-qb-aqrs |          1.475 |      1.523 |      1.405 
     abcs-rc-abrs |          1.736 |      1.523 |      1.696 
       abj-bka-kj |          1.207 |      1.152 |      1.226 
       ajb-kba-jk |          1.030 |      1.124 |      1.046 
     abjc-cbka-kj |          1.053 |      0.883 |      1.036 
     ajbc-ckba-jk |          1.385 |      1.458 |      1.489 
     abjc-kbac-jk |          1.419 |      1.511 |      1.499 
   abjcd-dkbac-jk |          1.534 |      1.539 |      1.466 
   adbjc-cbdka-kj |          1.758 |      1.602 |      1.774 
   ajbdc-ckbad-jk |          1.655 |      1.580 |      1.608 
 abcijk-ijma-mkbc |          1.265 |      1.362 |      1.308 
 abcijk-ijmb-mkac |          1.481 |      1.690 |      1.491 
 abcijk-ijmc-mkab |          1.458 |      1.610 |      1.443 
 abcijk-ikma-mjbc |          1.384 |      1.520 |      1.415 
 abcijk-ikmb-mjac |          1.512 |      1.672 |      1.473 
 abcijk-ikmc-mjab |          1.449 |      1.607 |      1.432 
 abcijk-jkma-mibc |          1.366 |      1.496 |      1.393 
 abcijk-jkmb-miac |          1.515 |      1.672 |      1.471 
 abcijk-jkmc-miab |          1.429 |      1.596 |      1.416 
 abcijk-eiab-jkec |          1.453 |      1.622 |      1.441 
 abcijk-eiac-jkeb |          1.503 |      1.669 |      1.462 
 abcijk-eibc-jkea |          1.382 |      1.484 |      1.394 
 abcijk-ejab-ikec |          1.454 |      1.602 |      1.434 
 abcijk-ejac-ikeb |          1.467 |      1.667 |      1.470 
 abcijk-ejbc-ikea |          1.423 |      1.521 |      1.423 
 abcijk-ekab-ijec |          1.468 |      1.623 |      1.453 
 abcijk-ekac-ijeb |          1.345 |      1.355 |      1.278 
 abcijk-ekbc-ijea |          1.287 |      1.390 |      1.314 
       abc-bk-akc |          0.911 |      0.946 |      0.850 
             MEAN |          1.282 |      1.333 |      1.261 

wrote bench-results/worker5139-zen2/phase4g/sm-s4-t2-f64c64.csv
