host        : worker5139
target      : x86_64 / linux
cpu features: avx2 fma 
caches      : L1=32KiB/8-way/1sh L2=512KiB/8-way/1sh L3=16384KiB/16-way/4sh (via sysfs), blocking=legacy
l3 domains  : t1=1 t4=1 t8=2
baselines   : tblis=false blas=false

sweeping 49 cases at 1 MiB nominal tensor size, 24 reps, stress=none


=== f64 ===
             case |     m |    n |    k | regA | regB | planar GF/s | 1m GF/s | 3m GF/s 
------------------+-------+------+------+------+------+-------------+---------+---------
         ij-ik-kj |   384 |  364 |  384 | 1.00 | 1.00 |       135.0 |   135.0 |   135.0 
       ij-ikl-ljk |    72 |   52 | 3744 | 1.00 | 1.00 |        56.7 |    56.7 |    56.7 
       ij-kil-lkj |    72 |   52 | 5184 | 1.00 | 1.00 |        58.3 |    58.3 |    58.3 
       ijk-ikl-lj |  3744 |   52 |   72 | 1.00 | 1.00 |        87.8 |    87.8 |    87.8 
       ijk-il-jlk |    72 | 3744 |   52 | 1.00 | 1.00 |        68.3 |    68.3 |    68.3 
       ijk-ilk-jl |  3744 |   72 |   52 | 1.00 | 1.00 |        92.3 |    92.3 |    92.3 
       ijk-ilk-lj |  3744 |   52 |   72 | 1.00 | 1.00 |        90.6 |    90.6 |    90.6 
     ijk-ilmk-mjl |   480 |   20 |  480 | 1.00 | 1.00 |        50.3 |    50.3 |    50.3 
   ijkl-imjn-lnkm |   480 |  480 |  400 | 1.00 | 0.80 |       144.6 |   144.6 |   144.6 
   ijkl-imjn-nlmk |   480 |  400 |  480 | 1.00 | 0.81 |       149.6 |   149.6 |   149.6 
   ijkl-imkn-jnlm |   480 |  480 |  400 | 1.00 | 1.00 |       146.6 |   146.6 |   146.6 
   ijkl-imkn-njml |   480 |  400 |  480 | 1.00 | 0.81 |       152.0 |   152.0 |   152.0 
   ijkl-imln-jnkm |   480 |  480 |  400 | 1.00 | 1.00 |       146.4 |   146.4 |   146.4 
   ijkl-imln-njmk |   480 |  400 |  480 | 1.00 | 0.81 |       151.3 |   151.3 |   151.3 
   ijkl-imnj-nlkm |   480 |  400 |  480 | 1.00 | 0.81 |       143.5 |   143.5 |   143.5 
   ijkl-imnk-njml |   480 |  400 |  480 | 1.00 | 0.81 |       149.3 |   149.3 |   149.3 
   ijkl-minj-nlmk |   480 |  400 |  576 | 1.00 | 0.81 |       139.0 |   139.0 |   139.0 
   ijkl-mink-jnlm |   480 |  480 |  480 | 1.00 | 1.00 |       154.9 |   154.9 |   154.9 
   ijkl-minl-njmk |   480 |  400 |  576 | 1.00 | 0.81 |       143.5 |   143.5 |   143.5 
     aqrs-pa-pqrs |    24 | 8000 |   24 | 1.00 | 1.00 |        45.5 |    45.5 |    45.5 
     abrs-qb-aqrs |    20 | 9600 |   24 | 1.00 | 1.00 |        38.4 |    38.4 |    38.4 
     abcs-rc-abrs |    20 | 9600 |   24 | 1.00 | 1.00 |        40.2 |    40.2 |    40.2 
       abj-bka-kj |  5184 |   52 |   72 | 1.00 | 1.00 |        87.0 |    87.0 |    87.0 
       ajb-kba-jk |  3744 |   72 |   72 | 1.00 | 1.00 |       102.4 |   102.4 |   102.4 
     abjc-cbka-kj | 11520 |   20 |   24 | 1.00 | 1.00 |        33.3 |    33.3 |    33.3 
     ajbc-ckba-jk | 11520 |   24 |   20 | 1.00 | 1.00 |        39.2 |    39.2 |    39.2 
     abjc-kbac-jk |  9600 |   24 |   24 | 1.00 | 1.00 |        45.3 |    45.3 |    45.3 
   abjcd-dkbac-jk | 82944 |   24 |   12 | 1.00 | 1.00 |        24.4 |    24.4 |    24.4 
   adbjc-cbdka-kj | 82944 |   12 |   24 | 1.00 | 1.00 |         9.4 |     9.4 |     9.4 
   ajbdc-ckbad-jk | 82944 |   24 |   12 | 1.00 | 1.00 |        24.9 |    24.9 |    24.9 
 abcijk-ijma-mkbc |  4608 |  512 |   24 | 1.00 | 0.94 |        71.5 |    71.5 |    71.5 
 abcijk-ijmb-mkac |  1536 | 1536 |   24 | 1.00 | 0.50 |        68.7 |    68.7 |    68.7 
 abcijk-ijmc-mkab |  1536 | 1536 |   24 | 1.00 | 0.50 |        78.8 |    78.8 |    78.8 
 abcijk-ikma-mjbc |  4608 |  512 |   24 | 1.00 | 0.94 |        71.7 |    71.7 |    71.7 
 abcijk-ikmb-mjac |  1536 | 1536 |   24 | 1.00 | 0.50 |        69.4 |    69.4 |    69.4 
 abcijk-ikmc-mjab |  1536 | 1536 |   24 | 1.00 | 0.50 |        79.6 |    79.6 |    79.6 
 abcijk-jkma-mibc |  4608 |  512 |   24 | 1.00 | 0.94 |        72.4 |    72.4 |    72.4 
 abcijk-jkmb-miac |  1536 | 1536 |   24 | 1.00 | 0.50 |        70.0 |    70.0 |    70.0 
 abcijk-jkmc-miab |  1536 | 1536 |   24 | 1.00 | 0.50 |        78.1 |    78.1 |    78.1 
 abcijk-eiab-jkec |  1536 | 1536 |   24 | 1.00 | 0.50 |        78.9 |    78.9 |    78.9 
 abcijk-eiac-jkeb |  1536 | 1536 |   24 | 1.00 | 0.50 |        69.5 |    69.5 |    69.5 
 abcijk-eibc-jkea |   512 | 4608 |   24 | 1.00 | 0.94 |        72.4 |    72.4 |    72.4 
 abcijk-ejab-ikec |  1536 | 1536 |   24 | 1.00 | 0.50 |        79.2 |    79.2 |    79.2 
 abcijk-ejac-ikeb |  1536 | 1536 |   24 | 1.00 | 0.50 |        69.6 |    69.6 |    69.6 
 abcijk-ejbc-ikea |   512 | 4608 |   24 | 1.00 | 0.94 |        71.5 |    71.5 |    71.5 
 abcijk-ekab-ijec |  1536 | 1536 |   24 | 1.00 | 0.50 |        79.1 |    79.1 |    79.1 
 abcijk-ekac-ijeb |  1536 | 1536 |   24 | 1.00 | 0.50 |        69.1 |    69.1 |    69.1 
 abcijk-ekbc-ijea |   512 | 4608 |   24 | 1.00 | 0.94 |        71.3 |    71.3 |    71.3 
       abc-bk-akc |    72 | 3744 |   52 | 1.00 | 1.00 |        90.7 |    90.7 |    90.7 

=== c64 ===
             case |     m |    n |    k | regA | regB | planar GF/s | 1m GF/s | 3m GF/s 
------------------+-------+------+------+------+------+-------------+---------+---------
         ij-ik-kj |   384 |  364 |  384 | 1.00 | 1.00 |       158.4 |   165.3 |   158.4 
       ij-ikl-ljk |    72 |   52 | 3744 | 1.00 | 1.00 |       103.2 |   102.5 |    99.8 
       ij-kil-lkj |    72 |   52 | 5184 | 1.00 | 1.00 |        97.1 |    97.3 |    95.9 
       ijk-ikl-lj |  3744 |   52 |   72 | 1.00 | 1.00 |       120.5 |   124.7 |   126.9 
       ijk-il-jlk |    72 | 3744 |   52 | 1.00 | 0.95 |       110.9 |   118.5 |   105.7 
       ijk-ilk-jl |  3744 |   72 |   52 | 1.00 | 1.00 |       125.0 |   135.2 |   130.8 
       ijk-ilk-lj |  3744 |   52 |   72 | 1.00 | 1.00 |       125.2 |   132.9 |   133.9 
     ijk-ilmk-mjl |   480 |   20 |  480 | 1.00 | 1.00 |       102.8 |    90.0 |    98.1 
   ijkl-imjn-lnkm |   480 |  480 |  400 | 1.00 | 1.00 |       159.2 |   164.1 |   157.0 
   ijkl-imjn-nlmk |   480 |  400 |  480 | 1.00 | 1.00 |       163.4 |   166.1 |   159.9 
   ijkl-imkn-jnlm |   480 |  480 |  400 | 1.00 | 0.83 |       160.1 |   164.7 |   158.0 
   ijkl-imkn-njml |   480 |  400 |  480 | 1.00 | 1.00 |       164.8 |   168.9 |   161.9 
   ijkl-imln-jnkm |   480 |  480 |  400 | 1.00 | 0.83 |       159.6 |   165.7 |   159.4 
   ijkl-imln-njmk |   480 |  400 |  480 | 1.00 | 1.00 |       164.4 |   168.1 |   163.1 
   ijkl-imnj-nlkm |   480 |  400 |  480 | 1.00 | 1.00 |       162.8 |   166.6 |   162.5 
   ijkl-imnk-njml |   480 |  400 |  480 | 1.00 | 1.00 |       164.7 |   168.9 |   163.0 
   ijkl-minj-nlmk |   480 |  400 |  576 | 1.00 | 1.00 |       156.8 |   160.9 |   156.7 
   ijkl-mink-jnlm |   480 |  480 |  480 | 1.00 | 0.83 |       160.5 |   168.1 |   161.1 
   ijkl-minl-njmk |   480 |  400 |  576 | 1.00 | 1.00 |       156.6 |   161.6 |   158.0 
     aqrs-pa-pqrs |    24 | 8000 |   24 | 1.00 | 1.00 |        56.8 |    62.2 |    51.3 
     abrs-qb-aqrs |    20 | 9600 |   24 | 1.00 | 1.00 |        75.4 |    72.4 |    73.7 
     abcs-rc-abrs |    20 | 9600 |   24 | 1.00 | 1.00 |        74.9 |    70.8 |    73.8 
       abj-bka-kj |  5184 |   52 |   72 | 1.00 | 1.00 |       113.4 |   118.2 |   120.9 
       ajb-kba-jk |  3744 |   72 |   72 | 1.00 | 1.00 |       132.3 |   142.5 |   137.6 
     abjc-cbka-kj | 11520 |   20 |   24 | 1.00 | 1.00 |        68.5 |    65.0 |    67.7 
     ajbc-ckba-jk | 11520 |   24 |   20 | 1.00 | 1.00 |        68.4 |    73.0 |    67.8 
     abjc-kbac-jk |  9600 |   24 |   24 | 1.00 | 1.00 |        77.4 |    84.1 |    77.6 
   abjcd-dkbac-jk | 82944 |   24 |   12 | 1.00 | 1.00 |        31.1 |    29.8 |    30.1 
   adbjc-cbdka-kj | 82944 |   12 |   24 | 1.00 | 1.00 |        18.7 |    16.0 |    18.5 
   ajbdc-ckbad-jk | 82944 |   24 |   12 | 1.00 | 1.00 |        30.2 |    28.9 |    29.8 
 abcijk-ijma-mkbc |  4608 |  512 |   24 | 1.00 | 0.94 |        93.0 |    99.4 |    94.8 
 abcijk-ijmb-mkac |  1536 | 1536 |   24 | 1.00 | 0.50 |        90.6 |    98.3 |    87.7 
 abcijk-ijmc-mkab |  1536 | 1536 |   24 | 1.00 | 0.50 |       102.6 |   109.6 |   100.5 
 abcijk-ikma-mjbc |  4608 |  512 |   24 | 1.00 | 0.94 |        92.5 |    98.9 |    94.8 
 abcijk-ikmb-mjac |  1536 | 1536 |   24 | 1.00 | 0.50 |        91.5 |   100.0 |    88.6 
 abcijk-ikmc-mjab |  1536 | 1536 |   24 | 1.00 | 0.50 |       103.0 |   109.0 |   100.9 
 abcijk-jkma-mibc |  4608 |  512 |   24 | 1.00 | 0.94 |        93.2 |    99.3 |    95.3 
 abcijk-jkmb-miac |  1536 | 1536 |   24 | 1.00 | 0.50 |        91.4 |   100.3 |    88.9 
 abcijk-jkmc-miab |  1536 | 1536 |   24 | 1.00 | 0.50 |       102.7 |   108.8 |   101.4 
 abcijk-eiab-jkec |  1536 | 1536 |   24 | 1.00 | 0.50 |       102.5 |   109.0 |   101.0 
 abcijk-eiac-jkeb |  1536 | 1536 |   24 | 1.00 | 0.50 |        91.5 |   100.3 |    89.4 
 abcijk-eibc-jkea |   512 | 4608 |   24 | 1.00 | 0.94 |        92.7 |    99.4 |    95.1 
 abcijk-ejab-ikec |  1536 | 1536 |   24 | 1.00 | 0.50 |       102.7 |   109.6 |   100.9 
 abcijk-ejac-ikeb |  1536 | 1536 |   24 | 1.00 | 0.50 |        91.0 |    99.9 |    88.8 
 abcijk-ejbc-ikea |   512 | 4608 |   24 | 1.00 | 0.94 |        92.4 |    99.3 |    94.6 
 abcijk-ekab-ijec |  1536 | 1536 |   24 | 1.00 | 0.50 |       102.6 |   109.7 |   100.7 
 abcijk-ekac-ijeb |  1536 | 1536 |   24 | 1.00 | 0.50 |        90.4 |    98.4 |    87.9 
 abcijk-ekbc-ijea |   512 | 4608 |   24 | 1.00 | 0.94 |        92.8 |    99.6 |    94.7 
       abc-bk-akc |    72 | 3744 |   52 | 1.00 | 1.00 |       124.7 |   135.9 |   130.5 

=== complex efficiency ratio (c64 GF/s over f64 GF/s; 1.0 = no penalty) ===
             case | planar c64/f64 | 1m c64/f64 | 3m c64/f64 
------------------+----------------+------------+------------
         ij-ik-kj |          1.173 |      1.224 |      1.173 
       ij-ikl-ljk |          1.818 |      1.807 |      1.759 
       ij-kil-lkj |          1.666 |      1.670 |      1.646 
       ijk-ikl-lj |          1.371 |      1.419 |      1.445 
       ijk-il-jlk |          1.623 |      1.734 |      1.548 
       ijk-ilk-jl |          1.354 |      1.464 |      1.417 
       ijk-ilk-lj |          1.382 |      1.467 |      1.477 
     ijk-ilmk-mjl |          2.042 |      1.789 |      1.949 
   ijkl-imjn-lnkm |          1.101 |      1.135 |      1.086 
   ijkl-imjn-nlmk |          1.092 |      1.111 |      1.069 
   ijkl-imkn-jnlm |          1.092 |      1.123 |      1.077 
   ijkl-imkn-njml |          1.085 |      1.111 |      1.065 
   ijkl-imln-jnkm |          1.091 |      1.132 |      1.089 
   ijkl-imln-njmk |          1.087 |      1.111 |      1.078 
   ijkl-imnj-nlkm |          1.134 |      1.161 |      1.132 
   ijkl-imnk-njml |          1.103 |      1.131 |      1.092 
   ijkl-minj-nlmk |          1.128 |      1.158 |      1.127 
   ijkl-mink-jnlm |          1.036 |      1.085 |      1.040 
   ijkl-minl-njmk |          1.091 |      1.126 |      1.101 
     aqrs-pa-pqrs |          1.249 |      1.367 |      1.127 
     abrs-qb-aqrs |          1.963 |      1.886 |      1.920 
     abcs-rc-abrs |          1.860 |      1.760 |      1.833 
       abj-bka-kj |          1.303 |      1.358 |      1.389 
       ajb-kba-jk |          1.292 |      1.392 |      1.344 
     abjc-cbka-kj |          2.059 |      1.955 |      2.034 
     ajbc-ckba-jk |          1.744 |      1.861 |      1.729 
     abjc-kbac-jk |          1.711 |      1.859 |      1.714 
   abjcd-dkbac-jk |          1.275 |      1.221 |      1.236 
   adbjc-cbdka-kj |          1.988 |      1.701 |      1.966 
   ajbdc-ckbad-jk |          1.214 |      1.158 |      1.197 
 abcijk-ijma-mkbc |          1.300 |      1.389 |      1.326 
 abcijk-ijmb-mkac |          1.320 |      1.431 |      1.277 
 abcijk-ijmc-mkab |          1.301 |      1.391 |      1.275 
 abcijk-ikma-mjbc |          1.291 |      1.380 |      1.323 
 abcijk-ikmb-mjac |          1.318 |      1.440 |      1.276 
 abcijk-ikmc-mjab |          1.294 |      1.370 |      1.269 
 abcijk-jkma-mibc |          1.287 |      1.372 |      1.317 
 abcijk-jkmb-miac |          1.306 |      1.432 |      1.270 
 abcijk-jkmc-miab |          1.316 |      1.393 |      1.299 
 abcijk-eiab-jkec |          1.300 |      1.382 |      1.281 
 abcijk-eiac-jkeb |          1.318 |      1.443 |      1.287 
 abcijk-eibc-jkea |          1.280 |      1.372 |      1.314 
 abcijk-ejab-ikec |          1.297 |      1.384 |      1.275 
 abcijk-ejac-ikeb |          1.306 |      1.434 |      1.276 
 abcijk-ejbc-ikea |          1.292 |      1.389 |      1.323 
 abcijk-ekab-ijec |          1.297 |      1.387 |      1.273 
 abcijk-ekac-ijeb |          1.308 |      1.423 |      1.271 
 abcijk-ekbc-ijea |          1.301 |      1.396 |      1.328 
       abc-bk-akc |          1.376 |      1.498 |      1.439 
             MEAN |          1.366 |      1.412 |      1.358 

wrote bench-results/worker5139-zen2/phase4g/sm-s1-t4-f64c64.csv
