host        : worker5139
target      : x86_64 / linux
cpu features: avx2 fma 
caches      : L1=32KiB/8-way/1sh L2=512KiB/8-way/1sh L3=16384KiB/16-way/4sh (via sysfs), blocking=legacy
l3 domains  : t1=1 t4=1 t8=2 t16=4
baselines   : tblis=false blas=false

sweeping 49 cases at 4 MiB nominal tensor size, 6 reps, stress=none


=== f32 ===
             case |     m |     n |    k | regA | regB | planar GF/s | 1m GF/s | 3m GF/s 
------------------+-------+-------+------+------+------+-------------+---------+---------
         ij-ik-kj |   744 |   724 |  744 | 1.00 | 1.00 |       391.5 |   391.5 |   391.5 
       ij-ikl-ljk |    96 |    80 | 7680 | 1.00 | 1.00 |        78.9 |    78.9 |    78.9 
       ij-kil-lkj |    96 |    80 | 9216 | 1.00 | 1.00 |        77.8 |    77.8 |    77.8 
       ijk-ikl-lj |  7680 |    80 |   96 | 1.00 | 1.00 |       168.0 |   168.0 |   168.0 
       ijk-il-jlk |    96 |  7680 |   80 | 1.00 | 1.00 |       242.1 |   242.1 |   242.1 
       ijk-ilk-jl |  7680 |    96 |   80 | 1.00 | 1.00 |       256.8 |   256.8 |   256.8 
       ijk-ilk-lj |  7680 |    80 |   96 | 1.00 | 1.00 |       185.0 |   185.0 |   185.0 
     ijk-ilmk-mjl |  1344 |    28 | 1344 | 1.00 | 1.00 |       158.2 |   158.2 |   158.2 
   ijkl-imjn-lnkm |  1344 |  1344 |  784 | 1.00 | 0.86 |       393.3 |   393.3 |   393.3 
   ijkl-imjn-nlmk |  1344 |   784 | 1344 | 1.00 | 0.86 |       423.3 |   423.3 |   423.3 
   ijkl-imkn-jnlm |  1344 |  1344 |  784 | 1.00 | 1.00 |       269.3 |   269.3 |   269.3 
   ijkl-imkn-njml |  1344 |   784 | 1344 | 1.00 | 0.86 |       414.6 |   414.6 |   414.6 
   ijkl-imln-jnkm |  1344 |  1344 |  784 | 1.00 | 1.00 |       490.7 |   490.7 |   490.7 
   ijkl-imln-njmk |  1344 |   784 | 1344 | 1.00 | 0.86 |       441.6 |   441.6 |   441.6 
   ijkl-imnj-nlkm |  1344 |   784 | 1344 | 1.00 | 0.86 |       411.7 |   411.7 |   411.7 
   ijkl-imnk-njml |  1344 |   784 | 1344 | 1.00 | 0.86 |       515.8 |   515.8 |   515.8 
   ijkl-minj-nlmk |  1344 |   784 | 2304 | 1.00 | 0.86 |       451.0 |   451.0 |   451.0 
   ijkl-mink-jnlm |  1344 |  1344 | 1344 | 1.00 | 1.00 |       512.7 |   512.7 |   512.7 
   ijkl-minl-njmk |  1344 |   784 | 2304 | 1.00 | 0.86 |       514.7 |   514.7 |   514.7 
     aqrs-pa-pqrs |    48 | 21952 |   48 | 1.00 | 1.00 |       203.4 |   203.4 |   203.4 
     abrs-qb-aqrs |    28 | 37632 |   48 | 1.00 | 1.00 |       173.2 |   173.2 |   173.2 
     abcs-rc-abrs |    28 | 37632 |   48 | 1.00 | 1.00 |       124.8 |   124.8 |   124.8 
       abj-bka-kj |  9216 |    80 |   96 | 1.00 | 1.00 |       175.7 |   175.7 |   175.7 
       ajb-kba-jk |  7680 |    96 |   96 | 1.00 | 1.00 |       176.2 |   176.2 |   176.2 
     abjc-cbka-kj | 64512 |    28 |   48 | 1.00 | 1.00 |        61.0 |    61.0 |    61.0 
     ajbc-ckba-jk | 64512 |    48 |   28 | 1.00 | 1.00 |        49.3 |    49.3 |    49.3 
     abjc-kbac-jk | 37632 |    48 |   48 | 1.00 | 1.00 |       107.0 |   107.0 |   107.0 
   abjcd-dkbac-jk | 82944 |    24 |   12 | 0.67 | 1.00 |        55.5 |    55.5 |    55.5 
   adbjc-cbdka-kj | 82944 |    12 |   24 | 0.67 | 1.00 |        40.6 |    40.6 |    40.6 
   ajbdc-ckbad-jk | 82944 |    24 |   12 | 1.00 | 1.00 |        50.2 |    50.2 |    50.2 
 abcijk-ijma-mkbc |  4608 |   512 |   24 | 1.00 | 1.00 |       159.3 |   159.3 |   159.3 
 abcijk-ijmb-mkac |  1536 |  1536 |   24 | 1.00 | 1.00 |       178.3 |   178.3 |   178.3 
 abcijk-ijmc-mkab |  1536 |  1536 |   24 | 1.00 | 0.50 |       249.5 |   249.5 |   249.5 
 abcijk-ikma-mjbc |  4608 |   512 |   24 | 1.00 | 1.00 |       160.8 |   160.8 |   160.8 
 abcijk-ikmb-mjac |  1536 |  1536 |   24 | 1.00 | 1.00 |       187.9 |   187.9 |   187.9 
 abcijk-ikmc-mjab |  1536 |  1536 |   24 | 1.00 | 0.50 |       263.3 |   263.3 |   263.3 
 abcijk-jkma-mibc |  4608 |   512 |   24 | 1.00 | 1.00 |       152.9 |   152.9 |   152.9 
 abcijk-jkmb-miac |  1536 |  1536 |   24 | 1.00 | 1.00 |       188.1 |   188.1 |   188.1 
 abcijk-jkmc-miab |  1536 |  1536 |   24 | 1.00 | 0.50 |       261.5 |   261.5 |   261.5 
 abcijk-eiab-jkec |  1536 |  1536 |   24 | 1.00 | 0.50 |       257.8 |   257.8 |   257.8 
 abcijk-eiac-jkeb |  1536 |  1536 |   24 | 1.00 | 1.00 |       183.9 |   183.9 |   183.9 
 abcijk-eibc-jkea |   512 |  4608 |   24 | 1.00 | 1.00 |       149.8 |   149.8 |   149.8 
 abcijk-ejab-ikec |  1536 |  1536 |   24 | 1.00 | 0.50 |       267.1 |   267.1 |   267.1 
 abcijk-ejac-ikeb |  1536 |  1536 |   24 | 1.00 | 1.00 |       183.9 |   183.9 |   183.9 
 abcijk-ejbc-ikea |   512 |  4608 |   24 | 1.00 | 1.00 |       161.2 |   161.2 |   161.2 
 abcijk-ekab-ijec |  1536 |  1536 |   24 | 1.00 | 0.50 |       260.7 |   260.7 |   260.7 
 abcijk-ekac-ijeb |  1536 |  1536 |   24 | 1.00 | 1.00 |       184.7 |   184.7 |   184.7 
 abcijk-ekbc-ijea |   512 |  4608 |   24 | 1.00 | 1.00 |       160.0 |   160.0 |   160.0 
       abc-bk-akc |    96 |  7680 |   80 | 1.00 | 1.00 |       177.7 |   177.7 |   177.7 

=== c32 ===
             case |     m |     n |    k | regA | regB | planar GF/s | 1m GF/s | 3m GF/s 
------------------+-------+-------+------+------+------+-------------+---------+---------
         ij-ik-kj |   744 |   724 |  744 | 1.00 | 1.00 |       509.1 |   539.7 |   340.2 
       ij-ikl-ljk |    96 |    80 | 7680 | 1.00 | 1.00 |       215.1 |   198.2 |   132.7 
       ij-kil-lkj |    96 |    80 | 9216 | 1.00 | 1.00 |       193.5 |   164.4 |   121.1 
       ijk-ikl-lj |  7680 |    80 |   96 | 1.00 | 1.00 |       246.8 |   299.0 |   292.2 
       ijk-il-jlk |    96 |  7680 |   80 | 1.00 | 0.96 |       185.5 |   182.7 |   182.8 
       ijk-ilk-jl |  7680 |    96 |   80 | 1.00 | 1.00 |       421.2 |   263.0 |   388.1 
       ijk-ilk-lj |  7680 |    80 |   96 | 1.00 | 1.00 |       437.5 |   241.8 |   373.1 
     ijk-ilmk-mjl |  1344 |    28 | 1344 | 1.00 | 1.00 |       186.4 |   278.4 |   212.6 
   ijkl-imjn-lnkm |  1344 |  1344 |  784 | 1.00 | 0.86 |       515.8 |   398.6 |   484.6 
   ijkl-imjn-nlmk |  1344 |   784 | 1344 | 1.00 | 0.86 |       539.8 |   554.0 |   506.6 
   ijkl-imkn-jnlm |  1344 |  1344 |  784 | 1.00 | 0.92 |       572.4 |   554.9 |   531.5 
   ijkl-imkn-njml |  1344 |   784 | 1344 | 1.00 | 0.86 |       595.5 |   584.8 |   543.6 
   ijkl-imln-jnkm |  1344 |  1344 |  784 | 1.00 | 0.92 |       428.0 |   554.6 |   554.1 
   ijkl-imln-njmk |  1344 |   784 | 1344 | 1.00 | 0.86 |       586.2 |   566.7 |   543.4 
   ijkl-imnj-nlkm |  1344 |   784 | 1344 | 1.00 | 0.86 |       532.4 |   478.0 |   508.0 
   ijkl-imnk-njml |  1344 |   784 | 1344 | 1.00 | 0.86 |       580.0 |   574.1 |   547.8 
   ijkl-minj-nlmk |  1344 |   784 | 2304 | 1.00 | 0.86 |       565.7 |   581.8 |   486.9 
   ijkl-mink-jnlm |  1344 |  1344 | 1344 | 1.00 | 0.92 |       594.8 |   599.2 |   576.3 
   ijkl-minl-njmk |  1344 |   784 | 2304 | 1.00 | 0.86 |       602.6 |   607.3 |   549.2 
     aqrs-pa-pqrs |    48 | 21952 |   48 | 1.00 | 1.00 |       243.3 |   303.0 |   285.4 
     abrs-qb-aqrs |    28 | 37632 |   48 | 1.00 | 1.00 |       174.5 |   168.8 |   265.9 
     abcs-rc-abrs |    28 | 37632 |   48 | 1.00 | 1.00 |       179.6 |   163.0 |   208.1 
       abj-bka-kj |  9216 |    80 |   96 | 1.00 | 1.00 |       348.2 |   375.1 |   332.2 
       ajb-kba-jk |  7680 |    96 |   96 | 1.00 | 1.00 |       446.6 |   412.5 |   403.5 
     abjc-cbka-kj | 64512 |    28 |   48 | 1.00 | 1.00 |       109.5 |    82.0 |    89.9 
     ajbc-ckba-jk | 64512 |    48 |   28 | 1.00 | 1.00 |        96.8 |    81.1 |    75.5 
     abjc-kbac-jk | 37632 |    48 |   48 | 1.00 | 1.00 |       163.6 |   151.3 |   151.4 
   abjcd-dkbac-jk | 82944 |    24 |   12 | 1.00 | 1.00 |       131.0 |   110.1 |   122.9 
   adbjc-cbdka-kj | 82944 |    12 |   24 | 1.00 | 1.00 |        44.6 |    51.1 |    53.9 
   ajbdc-ckbad-jk | 82944 |    24 |   12 | 1.00 | 1.00 |       116.2 |   106.6 |   104.3 
 abcijk-ijma-mkbc |  4608 |   512 |   24 | 1.00 | 0.94 |       318.4 |   355.7 |   338.2 
 abcijk-ijmb-mkac |  1536 |  1536 |   24 | 1.00 | 0.50 |       339.0 |   378.8 |   312.3 
 abcijk-ijmc-mkab |  1536 |  1536 |   24 | 1.00 | 0.50 |       344.1 |   387.2 |   325.7 
 abcijk-ikma-mjbc |  4608 |   512 |   24 | 1.00 | 0.94 |       321.8 |   361.5 |   333.4 
 abcijk-ikmb-mjac |  1536 |  1536 |   24 | 1.00 | 0.50 |       345.8 |   387.8 |   334.9 
 abcijk-ikmc-mjab |  1536 |  1536 |   24 | 1.00 | 0.50 |       349.9 |   388.1 |   337.7 
 abcijk-jkma-mibc |  4608 |   512 |   24 | 1.00 | 0.94 |       320.6 |   349.7 |   324.8 
 abcijk-jkmb-miac |  1536 |  1536 |   24 | 1.00 | 0.50 |       348.5 |   380.2 |   333.7 
 abcijk-jkmc-miab |  1536 |  1536 |   24 | 1.00 | 0.50 |       354.0 |   381.5 |   334.4 
 abcijk-eiab-jkec |  1536 |  1536 |   24 | 1.00 | 0.50 |       350.6 |   373.7 |   329.8 
 abcijk-eiac-jkeb |  1536 |  1536 |   24 | 1.00 | 0.50 |       338.9 |   386.2 |   324.1 
 abcijk-eibc-jkea |   512 |  4608 |   24 | 1.00 | 0.94 |       320.0 |   355.1 |   327.1 
 abcijk-ejab-ikec |  1536 |  1536 |   24 | 1.00 | 0.50 |       351.1 |   382.1 |   332.1 
 abcijk-ejac-ikeb |  1536 |  1536 |   24 | 1.00 | 0.50 |       340.5 |   387.5 |   333.1 
 abcijk-ejbc-ikea |   512 |  4608 |   24 | 1.00 | 0.94 |       327.5 |   354.7 |   337.0 
 abcijk-ekab-ijec |  1536 |  1536 |   24 | 1.00 | 0.50 |       351.9 |   383.3 |   322.3 
 abcijk-ekac-ijeb |  1536 |  1536 |   24 | 1.00 | 0.50 |       340.0 |   386.1 |   317.1 
 abcijk-ekbc-ijea |   512 |  4608 |   24 | 1.00 | 0.94 |       321.3 |   357.3 |   331.7 
       abc-bk-akc |    96 |  7680 |   80 | 1.00 | 1.00 |       383.5 |   431.5 |   374.3 

=== complex efficiency ratio (c32 GF/s over f32 GF/s; 1.0 = no penalty) ===
             case | planar c32/f32 | 1m c32/f32 | 3m c32/f32 
------------------+----------------+------------+------------
         ij-ik-kj |          1.300 |      1.378 |      0.869 
       ij-ikl-ljk |          2.726 |      2.511 |      1.682 
       ij-kil-lkj |          2.488 |      2.114 |      1.557 
       ijk-ikl-lj |          1.469 |      1.779 |      1.739 
       ijk-il-jlk |          0.766 |      0.754 |      0.755 
       ijk-ilk-jl |          1.640 |      1.024 |      1.511 
       ijk-ilk-lj |          2.365 |      1.307 |      2.017 
     ijk-ilmk-mjl |          1.178 |      1.760 |      1.343 
   ijkl-imjn-lnkm |          1.311 |      1.013 |      1.232 
   ijkl-imjn-nlmk |          1.275 |      1.309 |      1.197 
   ijkl-imkn-jnlm |          2.125 |      2.061 |      1.973 
   ijkl-imkn-njml |          1.436 |      1.410 |      1.311 
   ijkl-imln-jnkm |          0.872 |      1.130 |      1.129 
   ijkl-imln-njmk |          1.328 |      1.283 |      1.230 
   ijkl-imnj-nlkm |          1.293 |      1.161 |      1.234 
   ijkl-imnk-njml |          1.124 |      1.113 |      1.062 
   ijkl-minj-nlmk |          1.254 |      1.290 |      1.080 
   ijkl-mink-jnlm |          1.160 |      1.169 |      1.124 
   ijkl-minl-njmk |          1.171 |      1.180 |      1.067 
     aqrs-pa-pqrs |          1.196 |      1.490 |      1.403 
     abrs-qb-aqrs |          1.007 |      0.975 |      1.535 
     abcs-rc-abrs |          1.439 |      1.306 |      1.668 
       abj-bka-kj |          1.982 |      2.135 |      1.891 
       ajb-kba-jk |          2.534 |      2.341 |      2.290 
     abjc-cbka-kj |          1.796 |      1.344 |      1.475 
     ajbc-ckba-jk |          1.964 |      1.646 |      1.534 
     abjc-kbac-jk |          1.528 |      1.414 |      1.415 
   abjcd-dkbac-jk |          2.362 |      1.984 |      2.215 
   adbjc-cbdka-kj |          1.100 |      1.259 |      1.328 
   ajbdc-ckbad-jk |          2.312 |      2.122 |      2.076 
 abcijk-ijma-mkbc |          1.998 |      2.233 |      2.123 
 abcijk-ijmb-mkac |          1.902 |      2.125 |      1.752 
 abcijk-ijmc-mkab |          1.379 |      1.552 |      1.306 
 abcijk-ikma-mjbc |          2.001 |      2.248 |      2.074 
 abcijk-ikmb-mjac |          1.840 |      2.064 |      1.782 
 abcijk-ikmc-mjab |          1.329 |      1.474 |      1.282 
 abcijk-jkma-mibc |          2.096 |      2.287 |      2.124 
 abcijk-jkmb-miac |          1.852 |      2.021 |      1.774 
 abcijk-jkmc-miab |          1.354 |      1.459 |      1.279 
 abcijk-eiab-jkec |          1.360 |      1.450 |      1.279 
 abcijk-eiac-jkeb |          1.843 |      2.100 |      1.762 
 abcijk-eibc-jkea |          2.136 |      2.370 |      2.183 
 abcijk-ejab-ikec |          1.314 |      1.430 |      1.243 
 abcijk-ejac-ikeb |          1.852 |      2.107 |      1.811 
 abcijk-ejbc-ikea |          2.031 |      2.200 |      2.090 
 abcijk-ekab-ijec |          1.350 |      1.470 |      1.237 
 abcijk-ekac-ijeb |          1.841 |      2.091 |      1.717 
 abcijk-ekbc-ijea |          2.007 |      2.233 |      2.073 
       abc-bk-akc |          2.158 |      2.428 |      2.106 
             MEAN |          1.656 |      1.676 |      1.570 

wrote bench-results/worker5139-zen2/phase4g/sm-s4-t8-f32c32.csv
