host        : worker5139
target      : x86_64 / linux
cpu features: avx2 fma 
caches      : L1=32KiB/8-way/1sh L2=512KiB/8-way/1sh L3=16384KiB/16-way/4sh (via sysfs), blocking=legacy
l3 domains  : t1=1 t4=1 t8=2 t16=4 t32=8
baselines   : tblis=false blas=false

sweeping 49 cases at 16 MiB nominal tensor size, 3 reps, stress=none


=== f64 ===
             case |      m |     n |     k | regA | regB | planar GF/s | 1m GF/s | 3m GF/s 
------------------+--------+-------+-------+------+------+-------------+---------+---------
         ij-ik-kj |   1464 |  1448 |  1464 | 1.00 | 1.00 |       222.8 |   222.8 |   222.8 
       ij-ikl-ljk |    144 |   128 | 18432 | 1.00 | 1.00 |        69.0 |    69.0 |    69.0 
       ij-kil-lkj |    144 |   128 | 20736 | 1.00 | 1.00 |        87.2 |    87.2 |    87.2 
       ijk-ikl-lj |  18432 |   128 |   144 | 1.00 | 1.00 |       151.8 |   151.8 |   151.8 
       ijk-il-jlk |    144 | 18432 |   128 | 1.00 | 1.00 |        92.0 |    92.0 |    92.0 
       ijk-ilk-jl |  18432 |   144 |   128 | 1.00 | 1.00 |       190.4 |   190.4 |   190.4 
       ijk-ilk-lj |  18432 |   128 |   144 | 1.00 | 1.00 |       181.0 |   181.0 |   181.0 
     ijk-ilmk-mjl |   1920 |    40 |  1920 | 1.00 | 1.00 |        96.8 |    96.8 |    96.8 
   ijkl-imjn-lnkm |   1920 |  1920 |  1600 | 1.00 | 0.90 |       290.9 |   290.9 |   290.9 
   ijkl-imjn-nlmk |   1920 |  1600 |  1920 | 1.00 | 0.90 |       253.9 |   253.9 |   253.9 
   ijkl-imkn-jnlm |   1920 |  1920 |  1600 | 1.00 | 1.00 |       282.5 |   282.5 |   282.5 
   ijkl-imkn-njml |   1920 |  1600 |  1920 | 1.00 | 0.90 |       384.2 |   384.2 |   384.2 
   ijkl-imln-jnkm |   1920 |  1920 |  1600 | 1.00 | 1.00 |       267.3 |   267.3 |   267.3 
   ijkl-imln-njmk |   1920 |  1600 |  1920 | 1.00 | 0.90 |       426.1 |   426.1 |   426.1 
   ijkl-imnj-nlkm |   1920 |  1600 |  1920 | 1.00 | 0.90 |       277.5 |   277.5 |   277.5 
   ijkl-imnk-njml |   1920 |  1600 |  1920 | 1.00 | 0.90 |       380.6 |   380.6 |   380.6 
   ijkl-minj-nlmk |   1920 |  1600 |  2304 | 1.00 | 0.90 |       345.4 |   345.4 |   345.4 
   ijkl-mink-jnlm |   1920 |  1920 |  1920 | 1.00 | 1.00 |       282.8 |   282.8 |   282.8 
   ijkl-minl-njmk |   1920 |  1600 |  2304 | 1.00 | 0.90 |       258.4 |   258.4 |   258.4 
     aqrs-pa-pqrs |     48 | 64000 |    48 | 1.00 | 1.00 |        82.0 |    82.0 |    82.0 
     abrs-qb-aqrs |     40 | 76800 |    48 | 1.00 | 1.00 |        93.6 |    93.6 |    93.6 
     abcs-rc-abrs |     40 | 76800 |    48 | 1.00 | 1.00 |        98.8 |    98.8 |    98.8 
       abj-bka-kj |  20736 |   128 |   144 | 1.00 | 1.00 |       151.6 |   151.6 |   151.6 
       ajb-kba-jk |  18432 |   144 |   144 | 1.00 | 1.00 |       190.7 |   190.7 |   190.7 
     abjc-cbka-kj |  92160 |    40 |    48 | 1.00 | 1.00 |        37.5 |    37.5 |    37.5 
     ajbc-ckba-jk |  92160 |    48 |    40 | 1.00 | 1.00 |        50.6 |    50.6 |    50.6 
     abjc-kbac-jk |  76800 |    48 |    48 | 1.00 | 1.00 |       104.6 |   104.6 |   104.6 
   abjcd-dkbac-jk | 230400 |    24 |    20 | 1.00 | 1.00 |        24.7 |    24.7 |    24.7 
   adbjc-cbdka-kj | 230400 |    20 |    24 | 1.00 | 1.00 |        17.2 |    17.2 |    17.2 
   ajbdc-ckbad-jk | 230400 |    24 |    20 | 1.00 | 1.00 |        21.9 |    21.9 |    21.9 
 abcijk-ijma-mkbc |   6912 |  1728 |    24 | 1.00 | 1.00 |       101.1 |   101.1 |   101.1 
 abcijk-ijmb-mkac |   3456 |  3456 |    24 | 1.00 | 1.00 |       111.1 |   111.1 |   111.1 
 abcijk-ijmc-mkab |   3456 |  3456 |    24 | 1.00 | 1.00 |       109.7 |   109.7 |   109.7 
 abcijk-ikma-mjbc |   6912 |  1728 |    24 | 1.00 | 1.00 |       101.8 |   101.8 |   101.8 
 abcijk-ikmb-mjac |   3456 |  3456 |    24 | 1.00 | 1.00 |       109.2 |   109.2 |   109.2 
 abcijk-ikmc-mjab |   3456 |  3456 |    24 | 1.00 | 1.00 |       108.6 |   108.6 |   108.6 
 abcijk-jkma-mibc |   6912 |  1728 |    24 | 1.00 | 1.00 |       100.8 |   100.8 |   100.8 
 abcijk-jkmb-miac |   3456 |  3456 |    24 | 1.00 | 1.00 |       108.0 |   108.0 |   108.0 
 abcijk-jkmc-miab |   3456 |  3456 |    24 | 1.00 | 1.00 |       106.4 |   106.4 |   106.4 
 abcijk-eiab-jkec |   3456 |  3456 |    24 | 1.00 | 1.00 |       110.3 |   110.3 |   110.3 
 abcijk-eiac-jkeb |   3456 |  3456 |    24 | 1.00 | 1.00 |       109.9 |   109.9 |   109.9 
 abcijk-eibc-jkea |   1728 |  6912 |    24 | 1.00 | 1.00 |       101.1 |   101.1 |   101.1 
 abcijk-ejab-ikec |   3456 |  3456 |    24 | 1.00 | 1.00 |       107.6 |   107.6 |   107.6 
 abcijk-ejac-ikeb |   3456 |  3456 |    24 | 1.00 | 1.00 |       110.6 |   110.6 |   110.6 
 abcijk-ejbc-ikea |   1728 |  6912 |    24 | 1.00 | 1.00 |       102.2 |   102.2 |   102.2 
 abcijk-ekab-ijec |   3456 |  3456 |    24 | 1.00 | 1.00 |       112.1 |   112.1 |   112.1 
 abcijk-ekac-ijeb |   3456 |  3456 |    24 | 1.00 | 1.00 |       108.0 |   108.0 |   108.0 
 abcijk-ekbc-ijea |   1728 |  6912 |    24 | 1.00 | 1.00 |       102.5 |   102.5 |   102.5 
       abc-bk-akc |    144 | 18432 |   128 | 1.00 | 1.00 |       216.3 |   216.3 |   216.3 

=== c64 ===
             case |      m |     n |     k | regA | regB | planar GF/s | 1m GF/s | 3m GF/s 
------------------+--------+-------+-------+------+------+-------------+---------+---------
         ij-ik-kj |   1464 |  1448 |  1464 | 1.00 | 1.00 |       415.0 |   287.1 |   333.9 
       ij-ikl-ljk |    144 |   128 | 18432 | 1.00 | 1.00 |       177.4 |   180.4 |   117.4 
       ij-kil-lkj |    144 |   128 | 20736 | 1.00 | 1.00 |       201.6 |   178.2 |   159.4 
       ijk-ikl-lj |  18432 |   128 |   144 | 1.00 | 1.00 |       303.4 |   245.7 |   250.2 
       ijk-il-jlk |    144 | 18432 |   128 | 1.00 | 0.97 |       147.8 |   183.9 |   115.6 
       ijk-ilk-jl |  18432 |   144 |   128 | 1.00 | 1.00 |       293.0 |   274.2 |   298.6 
       ijk-ilk-lj |  18432 |   128 |   144 | 1.00 | 1.00 |       291.3 |   311.9 |   257.4 
     ijk-ilmk-mjl |   1920 |    40 |  1920 | 1.00 | 1.00 |       152.9 |   155.7 |   193.0 
   ijkl-imjn-lnkm |   1920 |  1920 |  1600 | 1.00 | 1.00 |       453.0 |   409.7 |   450.6 
   ijkl-imjn-nlmk |   1920 |  1600 |  1920 | 1.00 | 1.00 |       489.0 |   416.7 |   466.2 
   ijkl-imkn-jnlm |   1920 |  1920 |  1600 | 1.00 | 0.92 |       439.2 |   523.1 |   426.6 
   ijkl-imkn-njml |   1920 |  1600 |  1920 | 1.00 | 1.00 |       493.2 |   411.7 |   474.1 
   ijkl-imln-jnkm |   1920 |  1920 |  1600 | 1.00 | 0.92 |       481.0 |   509.3 |   485.4 
   ijkl-imln-njmk |   1920 |  1600 |  1920 | 1.00 | 1.00 |       505.6 |   502.3 |   398.1 
   ijkl-imnj-nlkm |   1920 |  1600 |  1920 | 1.00 | 1.00 |       461.3 |   454.0 |   427.6 
   ijkl-imnk-njml |   1920 |  1600 |  1920 | 1.00 | 1.00 |       451.9 |   479.6 |   417.2 
   ijkl-minj-nlmk |   1920 |  1600 |  2304 | 1.00 | 1.00 |       453.8 |   439.0 |   352.8 
   ijkl-mink-jnlm |   1920 |  1920 |  1920 | 1.00 | 0.92 |       493.9 |   496.0 |   452.6 
   ijkl-minl-njmk |   1920 |  1600 |  2304 | 1.00 | 1.00 |       526.7 |   525.2 |   489.2 
     aqrs-pa-pqrs |     48 | 64000 |    48 | 1.00 | 1.00 |       144.2 |   152.4 |   162.7 
     abrs-qb-aqrs |     40 | 76800 |    48 | 1.00 | 1.00 |       162.8 |   155.6 |   134.4 
     abcs-rc-abrs |     40 | 76800 |    48 | 1.00 | 1.00 |       174.0 |   177.1 |   175.1 
       abj-bka-kj |  20736 |   128 |   144 | 1.00 | 1.00 |       241.2 |   248.4 |   298.5 
       ajb-kba-jk |  18432 |   144 |   144 | 1.00 | 1.00 |       282.4 |   358.6 |   337.1 
     abjc-cbka-kj |  92160 |    40 |    48 | 1.00 | 1.00 |        91.8 |    91.9 |    92.6 
     ajbc-ckba-jk |  92160 |    48 |    40 | 1.00 | 1.00 |        97.3 |    98.1 |    97.0 
     abjc-kbac-jk |  76800 |    48 |    48 | 1.00 | 1.00 |       196.2 |   201.8 |   199.8 
   abjcd-dkbac-jk | 230400 |    24 |    20 | 1.00 | 1.00 |        50.9 |    55.8 |    54.1 
   adbjc-cbdka-kj | 230400 |    20 |    24 | 1.00 | 1.00 |        45.5 |    47.2 |    48.4 
   ajbdc-ckbad-jk | 230400 |    24 |    20 | 1.00 | 1.00 |        51.7 |    51.4 |    53.2 
 abcijk-ijma-mkbc |   6912 |  1728 |    24 | 1.00 | 0.97 |       193.7 |   197.4 |   197.9 
 abcijk-ijmb-mkac |   3456 |  3456 |    24 | 1.00 | 0.67 |       205.9 |   212.4 |   196.5 
 abcijk-ijmc-mkab |   3456 |  3456 |    24 | 1.00 | 0.67 |       211.8 |   208.3 |   206.1 
 abcijk-ikma-mjbc |   6912 |  1728 |    24 | 1.00 | 0.97 |       195.6 |   197.7 |   199.2 
 abcijk-ikmb-mjac |   3456 |  3456 |    24 | 1.00 | 0.67 |       206.7 |   208.7 |   198.7 
 abcijk-ikmc-mjab |   3456 |  3456 |    24 | 1.00 | 0.67 |       211.3 |   204.0 |   208.5 
 abcijk-jkma-mibc |   6912 |  1728 |    24 | 1.00 | 0.97 |       198.5 |   200.2 |   203.3 
 abcijk-jkmb-miac |   3456 |  3456 |    24 | 1.00 | 0.67 |       203.6 |   215.1 |   200.1 
 abcijk-jkmc-miab |   3456 |  3456 |    24 | 1.00 | 0.67 |       211.6 |   215.5 |   210.0 
 abcijk-eiab-jkec |   3456 |  3456 |    24 | 1.00 | 0.67 |       209.5 |   214.0 |   213.2 
 abcijk-eiac-jkeb |   3456 |  3456 |    24 | 1.00 | 0.67 |       205.6 |   215.7 |   203.7 
 abcijk-eibc-jkea |   1728 |  6912 |    24 | 1.00 | 0.97 |       198.1 |   201.3 |   203.4 
 abcijk-ejab-ikec |   3456 |  3456 |    24 | 1.00 | 0.67 |       212.8 |   211.9 |   211.4 
 abcijk-ejac-ikeb |   3456 |  3456 |    24 | 1.00 | 0.67 |       205.5 |   216.3 |   202.8 
 abcijk-ejbc-ikea |   1728 |  6912 |    24 | 1.00 | 0.97 |       197.6 |   199.3 |   201.1 
 abcijk-ekab-ijec |   3456 |  3456 |    24 | 1.00 | 0.67 |       212.6 |   212.2 |   212.3 
 abcijk-ekac-ijeb |   3456 |  3456 |    24 | 1.00 | 0.67 |       204.9 |   216.1 |   203.4 
 abcijk-ekbc-ijea |   1728 |  6912 |    24 | 1.00 | 0.97 |       195.4 |   193.8 |   200.0 
       abc-bk-akc |    144 | 18432 |   128 | 1.00 | 1.00 |       281.0 |   335.3 |   310.0 

=== complex efficiency ratio (c64 GF/s over f64 GF/s; 1.0 = no penalty) ===
             case | planar c64/f64 | 1m c64/f64 | 3m c64/f64 
------------------+----------------+------------+------------
         ij-ik-kj |          1.863 |      1.289 |      1.499 
       ij-ikl-ljk |          2.573 |      2.617 |      1.702 
       ij-kil-lkj |          2.312 |      2.044 |      1.829 
       ijk-ikl-lj |          1.998 |      1.618 |      1.648 
       ijk-il-jlk |          1.606 |      1.998 |      1.257 
       ijk-ilk-jl |          1.539 |      1.440 |      1.568 
       ijk-ilk-lj |          1.609 |      1.723 |      1.422 
     ijk-ilmk-mjl |          1.580 |      1.609 |      1.994 
   ijkl-imjn-lnkm |          1.557 |      1.408 |      1.549 
   ijkl-imjn-nlmk |          1.925 |      1.641 |      1.836 
   ijkl-imkn-jnlm |          1.555 |      1.852 |      1.510 
   ijkl-imkn-njml |          1.284 |      1.072 |      1.234 
   ijkl-imln-jnkm |          1.800 |      1.906 |      1.816 
   ijkl-imln-njmk |          1.187 |      1.179 |      0.934 
   ijkl-imnj-nlkm |          1.662 |      1.636 |      1.541 
   ijkl-imnk-njml |          1.188 |      1.260 |      1.096 
   ijkl-minj-nlmk |          1.314 |      1.271 |      1.021 
   ijkl-mink-jnlm |          1.746 |      1.753 |      1.600 
   ijkl-minl-njmk |          2.039 |      2.033 |      1.893 
     aqrs-pa-pqrs |          1.759 |      1.858 |      1.984 
     abrs-qb-aqrs |          1.739 |      1.662 |      1.437 
     abcs-rc-abrs |          1.760 |      1.792 |      1.771 
       abj-bka-kj |          1.591 |      1.639 |      1.969 
       ajb-kba-jk |          1.481 |      1.880 |      1.768 
     abjc-cbka-kj |          2.444 |      2.447 |      2.466 
     ajbc-ckba-jk |          1.922 |      1.939 |      1.916 
     abjc-kbac-jk |          1.876 |      1.930 |      1.911 
   abjcd-dkbac-jk |          2.062 |      2.261 |      2.191 
   adbjc-cbdka-kj |          2.648 |      2.745 |      2.813 
   ajbdc-ckbad-jk |          2.364 |      2.353 |      2.432 
 abcijk-ijma-mkbc |          1.916 |      1.952 |      1.957 
 abcijk-ijmb-mkac |          1.854 |      1.912 |      1.770 
 abcijk-ijmc-mkab |          1.930 |      1.898 |      1.878 
 abcijk-ikma-mjbc |          1.921 |      1.942 |      1.957 
 abcijk-ikmb-mjac |          1.892 |      1.911 |      1.819 
 abcijk-ikmc-mjab |          1.947 |      1.879 |      1.921 
 abcijk-jkma-mibc |          1.970 |      1.987 |      2.017 
 abcijk-jkmb-miac |          1.885 |      1.992 |      1.853 
 abcijk-jkmc-miab |          1.988 |      2.025 |      1.973 
 abcijk-eiab-jkec |          1.899 |      1.941 |      1.933 
 abcijk-eiac-jkeb |          1.872 |      1.963 |      1.854 
 abcijk-eibc-jkea |          1.959 |      1.990 |      2.012 
 abcijk-ejab-ikec |          1.979 |      1.970 |      1.965 
 abcijk-ejac-ikeb |          1.858 |      1.956 |      1.834 
 abcijk-ejbc-ikea |          1.934 |      1.950 |      1.968 
 abcijk-ekab-ijec |          1.896 |      1.893 |      1.894 
 abcijk-ekac-ijeb |          1.897 |      2.001 |      1.884 
 abcijk-ekbc-ijea |          1.907 |      1.892 |      1.952 
       abc-bk-akc |          1.299 |      1.551 |      1.433 
             MEAN |          1.832 |      1.846 |      1.785 

wrote bench-results/worker5139-zen2/phase4g/sm-s16-t16-f64c64.csv
