host        : worker5139
target      : x86_64 / linux
cpu features: avx2 fma 
caches      : L1=32KiB/8-way/1sh L2=512KiB/8-way/1sh L3=16384KiB/16-way/4sh (via sysfs), blocking=legacy
l3 domains  : t1=1 t4=1 t8=2 t16=4 t32=8 t64=16 t128=32
baselines   : tblis=false blas=false

sweeping 49 cases at 4 MiB nominal tensor size, 6 reps, stress=none


=== f64 ===
             case |     m |     n |    k | regA | regB | planar GF/s | 1m GF/s | 3m GF/s 
------------------+-------+-------+------+------+------+-------------+---------+---------
         ij-ik-kj |   744 |   724 |  744 | 1.00 | 1.00 |       107.4 |   107.4 |   107.4 
       ij-ikl-ljk |    96 |    80 | 7680 | 1.00 | 1.00 |        21.8 |    21.8 |    21.8 
       ij-kil-lkj |    96 |    80 | 9216 | 1.00 | 1.00 |        22.7 |    22.7 |    22.7 
       ijk-ikl-lj |  7680 |    80 |   96 | 1.00 | 1.00 |        30.9 |    30.9 |    30.9 
       ijk-il-jlk |    96 |  7680 |   80 | 1.00 | 1.00 |        36.5 |    36.5 |    36.5 
       ijk-ilk-jl |  7680 |    96 |   80 | 1.00 | 1.00 |        30.2 |    30.2 |    30.2 
       ijk-ilk-lj |  7680 |    80 |   96 | 1.00 | 1.00 |        34.5 |    34.5 |    34.5 
     ijk-ilmk-mjl |  1344 |    28 | 1344 | 1.00 | 1.00 |        17.3 |    17.3 |    17.3 
   ijkl-imjn-lnkm |  1344 |  1344 |  784 | 1.00 | 0.86 |       180.2 |   180.2 |   180.2 
   ijkl-imjn-nlmk |  1344 |   784 | 1344 | 1.00 | 0.86 |       179.2 |   179.2 |   179.2 
   ijkl-imkn-jnlm |  1344 |  1344 |  784 | 1.00 | 1.00 |       182.0 |   182.0 |   182.0 
   ijkl-imkn-njml |  1344 |   784 | 1344 | 1.00 | 0.86 |       164.6 |   164.6 |   164.6 
   ijkl-imln-jnkm |  1344 |  1344 |  784 | 1.00 | 1.00 |       204.5 |   204.5 |   204.5 
   ijkl-imln-njmk |  1344 |   784 | 1344 | 1.00 | 0.86 |       185.7 |   185.7 |   185.7 
   ijkl-imnj-nlkm |  1344 |   784 | 1344 | 1.00 | 0.86 |       167.5 |   167.5 |   167.5 
   ijkl-imnk-njml |  1344 |   784 | 1344 | 1.00 | 0.86 |       185.2 |   185.2 |   185.2 
   ijkl-minj-nlmk |  1344 |   784 | 2304 | 1.00 | 0.86 |       213.7 |   213.7 |   213.7 
   ijkl-mink-jnlm |  1344 |  1344 | 1344 | 1.00 | 1.00 |       200.3 |   200.3 |   200.3 
   ijkl-minl-njmk |  1344 |   784 | 2304 | 1.00 | 0.86 |       238.5 |   238.5 |   238.5 
     aqrs-pa-pqrs |    48 | 21952 |   48 | 1.00 | 1.00 |        35.8 |    35.8 |    35.8 
     abrs-qb-aqrs |    28 | 37632 |   48 | 1.00 | 1.00 |        26.0 |    26.0 |    26.0 
     abcs-rc-abrs |    28 | 37632 |   48 | 1.00 | 1.00 |        24.5 |    24.5 |    24.5 
       abj-bka-kj |  9216 |    80 |   96 | 1.00 | 1.00 |        34.7 |    34.7 |    34.7 
       ajb-kba-jk |  7680 |    96 |   96 | 1.00 | 1.00 |        38.6 |    38.6 |    38.6 
     abjc-cbka-kj | 64512 |    28 |   48 | 1.00 | 1.00 |        27.8 |    27.8 |    27.8 
     ajbc-ckba-jk | 64512 |    48 |   28 | 1.00 | 1.00 |        33.1 |    33.1 |    33.1 
     abjc-kbac-jk | 37632 |    48 |   48 | 1.00 | 1.00 |        38.5 |    38.5 |    38.5 
   abjcd-dkbac-jk | 82944 |    24 |   12 | 1.00 | 1.00 |        12.7 |    12.7 |    12.7 
   adbjc-cbdka-kj | 82944 |    12 |   24 | 1.00 | 1.00 |        10.3 |    10.3 |    10.3 
   ajbdc-ckbad-jk | 82944 |    24 |   12 | 1.00 | 1.00 |        13.9 |    13.9 |    13.9 
 abcijk-ijma-mkbc |  4608 |   512 |   24 | 1.00 | 0.94 |        54.7 |    54.7 |    54.7 
 abcijk-ijmb-mkac |  1536 |  1536 |   24 | 1.00 | 0.50 |        71.5 |    71.5 |    71.5 
 abcijk-ijmc-mkab |  1536 |  1536 |   24 | 1.00 | 0.50 |        71.4 |    71.4 |    71.4 
 abcijk-ikma-mjbc |  4608 |   512 |   24 | 1.00 | 0.94 |        58.4 |    58.4 |    58.4 
 abcijk-ikmb-mjac |  1536 |  1536 |   24 | 1.00 | 0.50 |        72.0 |    72.0 |    72.0 
 abcijk-ikmc-mjab |  1536 |  1536 |   24 | 1.00 | 0.50 |        73.6 |    73.6 |    73.6 
 abcijk-jkma-mibc |  4608 |   512 |   24 | 1.00 | 0.94 |        53.0 |    53.0 |    53.0 
 abcijk-jkmb-miac |  1536 |  1536 |   24 | 1.00 | 0.50 |        71.4 |    71.4 |    71.4 
 abcijk-jkmc-miab |  1536 |  1536 |   24 | 1.00 | 0.50 |        73.6 |    73.6 |    73.6 
 abcijk-eiab-jkec |  1536 |  1536 |   24 | 1.00 | 0.50 |        71.1 |    71.1 |    71.1 
 abcijk-eiac-jkeb |  1536 |  1536 |   24 | 1.00 | 0.50 |        71.6 |    71.6 |    71.6 
 abcijk-eibc-jkea |   512 |  4608 |   24 | 1.00 | 0.94 |        54.1 |    54.1 |    54.1 
 abcijk-ejab-ikec |  1536 |  1536 |   24 | 1.00 | 0.50 |        73.1 |    73.1 |    73.1 
 abcijk-ejac-ikeb |  1536 |  1536 |   24 | 1.00 | 0.50 |        70.1 |    70.1 |    70.1 
 abcijk-ejbc-ikea |   512 |  4608 |   24 | 1.00 | 0.94 |        61.0 |    61.0 |    61.0 
 abcijk-ekab-ijec |  1536 |  1536 |   24 | 1.00 | 0.50 |        70.5 |    70.5 |    70.5 
 abcijk-ekac-ijeb |  1536 |  1536 |   24 | 1.00 | 0.50 |        73.0 |    73.0 |    73.0 
 abcijk-ekbc-ijea |   512 |  4608 |   24 | 1.00 | 0.94 |        54.2 |    54.2 |    54.2 
       abc-bk-akc |    96 |  7680 |   80 | 1.00 | 1.00 |        32.4 |    32.4 |    32.4 

=== c64 ===
             case |     m |     n |    k | regA | regB | planar GF/s | 1m GF/s | 3m GF/s 
------------------+-------+-------+------+------+------+-------------+---------+---------
         ij-ik-kj |   744 |   724 |  744 | 1.00 | 1.00 |       217.3 |   211.2 |   192.3 
       ij-ikl-ljk |    96 |    80 | 7680 | 1.00 | 1.00 |        53.5 |    56.4 |    50.0 
       ij-kil-lkj |    96 |    80 | 9216 | 1.00 | 1.00 |        57.7 |    51.8 |    49.5 
       ijk-ikl-lj |  7680 |    80 |   96 | 1.00 | 1.00 |        97.8 |    72.5 |    92.7 
       ijk-il-jlk |    96 |  7680 |   80 | 1.00 | 0.96 |        93.5 |    98.2 |    90.6 
       ijk-ilk-jl |  7680 |    96 |   80 | 1.00 | 1.00 |        86.7 |   107.7 |    82.8 
       ijk-ilk-lj |  7680 |    80 |   96 | 1.00 | 1.00 |        89.3 |   101.2 |    86.5 
     ijk-ilmk-mjl |  1344 |    28 | 1344 | 1.00 | 1.00 |        56.0 |    53.7 |    52.1 
   ijkl-imjn-lnkm |  1344 |  1344 |  784 | 1.00 | 0.86 |       304.8 |   327.2 |   280.5 
   ijkl-imjn-nlmk |  1344 |   784 | 1344 | 1.00 | 0.86 |       332.1 |   270.7 |   334.1 
   ijkl-imkn-jnlm |  1344 |  1344 |  784 | 1.00 | 0.92 |       313.6 |   342.8 |   259.3 
   ijkl-imkn-njml |  1344 |   784 | 1344 | 1.00 | 0.86 |       296.5 |   316.4 |   293.2 
   ijkl-imln-jnkm |  1344 |  1344 |  784 | 1.00 | 0.92 |       302.5 |   287.6 |   288.2 
   ijkl-imln-njmk |  1344 |   784 | 1344 | 1.00 | 0.86 |       313.0 |   348.2 |   294.5 
   ijkl-imnj-nlkm |  1344 |   784 | 1344 | 1.00 | 0.86 |       355.6 |   306.1 |   305.4 
   ijkl-imnk-njml |  1344 |   784 | 1344 | 1.00 | 0.86 |       333.9 |   328.2 |   306.1 
   ijkl-minj-nlmk |  1344 |   784 | 2304 | 1.00 | 0.86 |       367.0 |   356.3 |   341.4 
   ijkl-mink-jnlm |  1344 |  1344 | 1344 | 1.00 | 0.92 |       385.3 |   353.5 |   318.2 
   ijkl-minl-njmk |  1344 |   784 | 2304 | 1.00 | 0.86 |       367.6 |   346.6 |   309.5 
     aqrs-pa-pqrs |    48 | 21952 |   48 | 1.00 | 1.00 |        86.2 |    95.0 |    94.2 
     abrs-qb-aqrs |    28 | 37632 |   48 | 1.00 | 1.00 |        70.7 |    89.0 |    77.5 
     abcs-rc-abrs |    28 | 37632 |   48 | 1.00 | 1.00 |        69.9 |    66.1 |    69.4 
       abj-bka-kj |  9216 |    80 |   96 | 1.00 | 1.00 |       111.4 |   108.1 |    90.3 
       ajb-kba-jk |  7680 |    96 |   96 | 1.00 | 1.00 |       112.3 |   107.4 |   111.1 
     abjc-cbka-kj | 64512 |    28 |   48 | 1.00 | 1.00 |        65.3 |    63.7 |    68.1 
     ajbc-ckba-jk | 64512 |    48 |   28 | 1.00 | 1.00 |        87.2 |    79.9 |    78.7 
     abjc-kbac-jk | 37632 |    48 |   48 | 1.00 | 1.00 |       128.3 |   113.1 |   104.2 
   abjcd-dkbac-jk | 82944 |    24 |   12 | 1.00 | 1.00 |        34.1 |    32.3 |    34.3 
   adbjc-cbdka-kj | 82944 |    12 |   24 | 1.00 | 1.00 |        28.6 |    27.3 |    28.8 
   ajbdc-ckbad-jk | 82944 |    24 |   12 | 1.00 | 1.00 |        39.1 |    34.1 |    34.1 
 abcijk-ijma-mkbc |  4608 |   512 |   24 | 1.00 | 0.94 |       171.7 |   143.3 |   159.6 
 abcijk-ijmb-mkac |  1536 |  1536 |   24 | 1.00 | 0.50 |       192.7 |   201.3 |   190.8 
 abcijk-ijmc-mkab |  1536 |  1536 |   24 | 1.00 | 0.50 |       208.2 |   196.3 |   184.8 
 abcijk-ikma-mjbc |  4608 |   512 |   24 | 1.00 | 0.94 |       160.6 |   156.4 |   162.8 
 abcijk-ikmb-mjac |  1536 |  1536 |   24 | 1.00 | 0.50 |       210.6 |   202.1 |   208.4 
 abcijk-ikmc-mjab |  1536 |  1536 |   24 | 1.00 | 0.50 |       198.1 |   207.6 |   197.2 
 abcijk-jkma-mibc |  4608 |   512 |   24 | 1.00 | 0.94 |       169.7 |   150.8 |   179.0 
 abcijk-jkmb-miac |  1536 |  1536 |   24 | 1.00 | 0.50 |       179.0 |   202.7 |   200.5 
 abcijk-jkmc-miab |  1536 |  1536 |   24 | 1.00 | 0.50 |       211.7 |   185.6 |   195.8 
 abcijk-eiab-jkec |  1536 |  1536 |   24 | 1.00 | 0.50 |       198.9 |   214.7 |   188.9 
 abcijk-eiac-jkeb |  1536 |  1536 |   24 | 1.00 | 0.50 |       198.4 |   217.9 |   190.0 
 abcijk-eibc-jkea |   512 |  4608 |   24 | 1.00 | 0.94 |       165.5 |   150.2 |   155.2 
 abcijk-ejab-ikec |  1536 |  1536 |   24 | 1.00 | 0.50 |       193.2 |   216.2 |   167.4 
 abcijk-ejac-ikeb |  1536 |  1536 |   24 | 1.00 | 0.50 |       208.4 |   201.2 |   190.9 
 abcijk-ejbc-ikea |   512 |  4608 |   24 | 1.00 | 0.94 |       163.9 |   171.6 |   170.3 
 abcijk-ekab-ijec |  1536 |  1536 |   24 | 1.00 | 0.50 |       192.1 |   193.5 |   188.8 
 abcijk-ekac-ijeb |  1536 |  1536 |   24 | 1.00 | 0.50 |       200.6 |   203.3 |   205.5 
 abcijk-ekbc-ijea |   512 |  4608 |   24 | 1.00 | 0.94 |       163.4 |   160.2 |   156.7 
       abc-bk-akc |    96 |  7680 |   80 | 1.00 | 1.00 |        99.2 |    88.2 |    90.5 

=== complex efficiency ratio (c64 GF/s over f64 GF/s; 1.0 = no penalty) ===
             case | planar c64/f64 | 1m c64/f64 | 3m c64/f64 
------------------+----------------+------------+------------
         ij-ik-kj |          2.024 |      1.966 |      1.791 
       ij-ikl-ljk |          2.459 |      2.592 |      2.299 
       ij-kil-lkj |          2.545 |      2.284 |      2.185 
       ijk-ikl-lj |          3.164 |      2.347 |      2.999 
       ijk-il-jlk |          2.565 |      2.694 |      2.486 
       ijk-ilk-jl |          2.871 |      3.568 |      2.743 
       ijk-ilk-lj |          2.590 |      2.936 |      2.507 
     ijk-ilmk-mjl |          3.235 |      3.101 |      3.007 
   ijkl-imjn-lnkm |          1.691 |      1.815 |      1.556 
   ijkl-imjn-nlmk |          1.853 |      1.510 |      1.864 
   ijkl-imkn-jnlm |          1.723 |      1.884 |      1.425 
   ijkl-imkn-njml |          1.801 |      1.922 |      1.781 
   ijkl-imln-jnkm |          1.479 |      1.407 |      1.410 
   ijkl-imln-njmk |          1.685 |      1.875 |      1.585 
   ijkl-imnj-nlkm |          2.123 |      1.828 |      1.823 
   ijkl-imnk-njml |          1.803 |      1.772 |      1.653 
   ijkl-minj-nlmk |          1.717 |      1.667 |      1.598 
   ijkl-mink-jnlm |          1.924 |      1.765 |      1.589 
   ijkl-minl-njmk |          1.541 |      1.453 |      1.298 
     aqrs-pa-pqrs |          2.410 |      2.655 |      2.633 
     abrs-qb-aqrs |          2.721 |      3.427 |      2.983 
     abcs-rc-abrs |          2.853 |      2.699 |      2.837 
       abj-bka-kj |          3.206 |      3.113 |      2.599 
       ajb-kba-jk |          2.910 |      2.784 |      2.881 
     abjc-cbka-kj |          2.347 |      2.290 |      2.446 
     ajbc-ckba-jk |          2.633 |      2.415 |      2.378 
     abjc-kbac-jk |          3.328 |      2.935 |      2.703 
   abjcd-dkbac-jk |          2.677 |      2.537 |      2.696 
   adbjc-cbdka-kj |          2.778 |      2.655 |      2.799 
   ajbdc-ckbad-jk |          2.806 |      2.447 |      2.443 
 abcijk-ijma-mkbc |          3.138 |      2.619 |      2.918 
 abcijk-ijmb-mkac |          2.697 |      2.817 |      2.671 
 abcijk-ijmc-mkab |          2.915 |      2.749 |      2.587 
 abcijk-ikma-mjbc |          2.748 |      2.677 |      2.785 
 abcijk-ikmb-mjac |          2.926 |      2.808 |      2.895 
 abcijk-ikmc-mjab |          2.693 |      2.822 |      2.681 
 abcijk-jkma-mibc |          3.204 |      2.847 |      3.379 
 abcijk-jkmb-miac |          2.509 |      2.841 |      2.810 
 abcijk-jkmc-miab |          2.878 |      2.524 |      2.662 
 abcijk-eiab-jkec |          2.799 |      3.021 |      2.658 
 abcijk-eiac-jkeb |          2.770 |      3.042 |      2.653 
 abcijk-eibc-jkea |          3.060 |      2.778 |      2.869 
 abcijk-ejab-ikec |          2.643 |      2.957 |      2.290 
 abcijk-ejac-ikeb |          2.973 |      2.871 |      2.724 
 abcijk-ejbc-ikea |          2.686 |      2.812 |      2.791 
 abcijk-ekab-ijec |          2.727 |      2.746 |      2.680 
 abcijk-ekac-ijeb |          2.747 |      2.785 |      2.814 
 abcijk-ekbc-ijea |          3.016 |      2.957 |      2.892 
       abc-bk-akc |          3.066 |      2.727 |      2.796 
             MEAN |          2.564 |      2.525 |      2.440 

wrote bench-results/worker5139-zen2/phase4g/sm-s4-t64-f64c64.csv
