host        : worker5139
target      : x86_64 / linux
cpu features: avx2 fma 
caches      : L1=32KiB/8-way/1sh L2=512KiB/8-way/1sh L3=16384KiB/16-way/4sh (via sysfs), blocking=legacy
l3 domains  : t1=1 t4=1 t8=2
baselines   : tblis=false blas=false

sweeping 49 cases at 4 MiB nominal tensor size, 6 reps, stress=none


=== f64 ===
             case |     m |     n |    k | regA | regB | planar GF/s | 1m GF/s | 3m GF/s 
------------------+-------+-------+------+------+------+-------------+---------+---------
         ij-ik-kj |   744 |   724 |  744 | 1.00 | 1.00 |       154.5 |   154.5 |   154.5 
       ij-ikl-ljk |    96 |    80 | 7680 | 1.00 | 1.00 |        77.8 |    77.8 |    77.8 
       ij-kil-lkj |    96 |    80 | 9216 | 1.00 | 1.00 |        75.3 |    75.3 |    75.3 
       ijk-ikl-lj |  7680 |    80 |   96 | 1.00 | 1.00 |        94.8 |    94.8 |    94.8 
       ijk-il-jlk |    96 |  7680 |   80 | 1.00 | 1.00 |       102.8 |   102.8 |   102.8 
       ijk-ilk-jl |  7680 |    96 |   80 | 1.00 | 1.00 |       124.1 |   124.1 |   124.1 
       ijk-ilk-lj |  7680 |    80 |   96 | 1.00 | 1.00 |       117.2 |   117.2 |   117.2 
     ijk-ilmk-mjl |  1344 |    28 | 1344 | 1.00 | 1.00 |        83.2 |    83.2 |    83.2 
   ijkl-imjn-lnkm |  1344 |  1344 |  784 | 1.00 | 0.86 |       146.4 |   146.4 |   146.4 
   ijkl-imjn-nlmk |  1344 |   784 | 1344 | 1.00 | 0.86 |       150.2 |   150.2 |   150.2 
   ijkl-imkn-jnlm |  1344 |  1344 |  784 | 1.00 | 1.00 |       142.4 |   142.4 |   142.4 
   ijkl-imkn-njml |  1344 |   784 | 1344 | 1.00 | 0.86 |       150.1 |   150.1 |   150.1 
   ijkl-imln-jnkm |  1344 |  1344 |  784 | 1.00 | 1.00 |       145.1 |   145.1 |   145.1 
   ijkl-imln-njmk |  1344 |   784 | 1344 | 1.00 | 0.86 |       151.0 |   151.0 |   151.0 
   ijkl-imnj-nlkm |  1344 |   784 | 1344 | 1.00 | 0.86 |       152.5 |   152.5 |   152.5 
   ijkl-imnk-njml |  1344 |   784 | 1344 | 1.00 | 0.86 |       149.2 |   149.2 |   149.2 
   ijkl-minj-nlmk |  1344 |   784 | 2304 | 1.00 | 0.86 |       149.7 |   149.7 |   149.7 
   ijkl-mink-jnlm |  1344 |  1344 | 1344 | 1.00 | 1.00 |       145.0 |   145.0 |   145.0 
   ijkl-minl-njmk |  1344 |   784 | 2304 | 1.00 | 0.86 |       149.9 |   149.9 |   149.9 
     aqrs-pa-pqrs |    48 | 21952 |   48 | 1.00 | 1.00 |        53.4 |    53.4 |    53.4 
     abrs-qb-aqrs |    28 | 37632 |   48 | 1.00 | 1.00 |        56.0 |    56.0 |    56.0 
     abcs-rc-abrs |    28 | 37632 |   48 | 1.00 | 1.00 |        63.3 |    63.3 |    63.3 
       abj-bka-kj |  9216 |    80 |   96 | 1.00 | 1.00 |        96.9 |    96.9 |    96.9 
       ajb-kba-jk |  7680 |    96 |   96 | 1.00 | 1.00 |       123.8 |   123.8 |   123.8 
     abjc-cbka-kj | 64512 |    28 |   48 | 1.00 | 1.00 |        22.8 |    22.8 |    22.8 
     ajbc-ckba-jk | 64512 |    48 |   28 | 1.00 | 1.00 |        46.2 |    46.2 |    46.2 
     abjc-kbac-jk | 37632 |    48 |   48 | 1.00 | 1.00 |        75.3 |    75.3 |    75.3 
   abjcd-dkbac-jk | 82944 |    24 |   12 | 1.00 | 1.00 |        28.9 |    28.9 |    28.9 
   adbjc-cbdka-kj | 82944 |    12 |   24 | 1.00 | 1.00 |        13.0 |    13.0 |    13.0 
   ajbdc-ckbad-jk | 82944 |    24 |   12 | 1.00 | 1.00 |        26.7 |    26.7 |    26.7 
 abcijk-ijma-mkbc |  4608 |   512 |   24 | 1.00 | 0.94 |        71.0 |    71.0 |    71.0 
 abcijk-ijmb-mkac |  1536 |  1536 |   24 | 1.00 | 0.50 |        66.2 |    66.2 |    66.2 
 abcijk-ijmc-mkab |  1536 |  1536 |   24 | 1.00 | 0.50 |        74.5 |    74.5 |    74.5 
 abcijk-ikma-mjbc |  4608 |   512 |   24 | 1.00 | 0.94 |        71.0 |    71.0 |    71.0 
 abcijk-ikmb-mjac |  1536 |  1536 |   24 | 1.00 | 0.50 |        66.5 |    66.5 |    66.5 
 abcijk-ikmc-mjab |  1536 |  1536 |   24 | 1.00 | 0.50 |        81.4 |    81.4 |    81.4 
 abcijk-jkma-mibc |  4608 |   512 |   24 | 1.00 | 0.94 |        76.6 |    76.6 |    76.6 
 abcijk-jkmb-miac |  1536 |  1536 |   24 | 1.00 | 0.50 |        74.0 |    74.0 |    74.0 
 abcijk-jkmc-miab |  1536 |  1536 |   24 | 1.00 | 0.50 |        80.4 |    80.4 |    80.4 
 abcijk-eiab-jkec |  1536 |  1536 |   24 | 1.00 | 0.50 |        80.5 |    80.5 |    80.5 
 abcijk-eiac-jkeb |  1536 |  1536 |   24 | 1.00 | 0.50 |        73.0 |    73.0 |    73.0 
 abcijk-eibc-jkea |   512 |  4608 |   24 | 1.00 | 0.94 |        76.4 |    76.4 |    76.4 
 abcijk-ejab-ikec |  1536 |  1536 |   24 | 1.00 | 0.50 |        81.1 |    81.1 |    81.1 
 abcijk-ejac-ikeb |  1536 |  1536 |   24 | 1.00 | 0.50 |        74.3 |    74.3 |    74.3 
 abcijk-ejbc-ikea |   512 |  4608 |   24 | 1.00 | 0.94 |        75.6 |    75.6 |    75.6 
 abcijk-ekab-ijec |  1536 |  1536 |   24 | 1.00 | 0.50 |        80.7 |    80.7 |    80.7 
 abcijk-ekac-ijeb |  1536 |  1536 |   24 | 1.00 | 0.50 |        74.8 |    74.8 |    74.8 
 abcijk-ekbc-ijea |   512 |  4608 |   24 | 1.00 | 0.94 |        74.7 |    74.7 |    74.7 
       abc-bk-akc |    96 |  7680 |   80 | 1.00 | 1.00 |       127.1 |   127.1 |   127.1 

=== c64 ===
             case |     m |     n |    k | regA | regB | planar GF/s | 1m GF/s | 3m GF/s 
------------------+-------+-------+------+------+------+-------------+---------+---------
         ij-ik-kj |   744 |   724 |  744 | 1.00 | 1.00 |       160.0 |   161.7 |   155.3 
       ij-ikl-ljk |    96 |    80 | 7680 | 1.00 | 1.00 |        96.9 |    92.2 |    90.5 
       ij-kil-lkj |    96 |    80 | 9216 | 1.00 | 1.00 |        96.5 |    92.3 |    97.0 
       ijk-ikl-lj |  7680 |    80 |   96 | 1.00 | 1.00 |        98.7 |    83.6 |    91.0 
       ijk-il-jlk |    96 |  7680 |   80 | 1.00 | 0.96 |       115.8 |   112.5 |   109.7 
       ijk-ilk-jl |  7680 |    96 |   80 | 1.00 | 1.00 |       125.3 |   133.0 |   124.4 
       ijk-ilk-lj |  7680 |    80 |   96 | 1.00 | 1.00 |       127.0 |   125.5 |   122.2 
     ijk-ilmk-mjl |  1344 |    28 | 1344 | 1.00 | 1.00 |        98.4 |   103.5 |    81.8 
   ijkl-imjn-lnkm |  1344 |  1344 |  784 | 1.00 | 0.86 |       161.0 |   168.5 |   159.5 
   ijkl-imjn-nlmk |  1344 |   784 | 1344 | 1.00 | 0.86 |       160.6 |   165.7 |   162.7 
   ijkl-imkn-jnlm |  1344 |  1344 |  784 | 1.00 | 0.92 |       158.9 |   163.7 |   155.3 
   ijkl-imkn-njml |  1344 |   784 | 1344 | 1.00 | 0.86 |       159.1 |   162.0 |   159.4 
   ijkl-imln-jnkm |  1344 |  1344 |  784 | 1.00 | 0.92 |       159.7 |   164.5 |   153.9 
   ijkl-imln-njmk |  1344 |   784 | 1344 | 1.00 | 0.86 |       158.9 |   163.8 |   159.6 
   ijkl-imnj-nlkm |  1344 |   784 | 1344 | 1.00 | 0.86 |       163.2 |   169.4 |   165.6 
   ijkl-imnk-njml |  1344 |   784 | 1344 | 1.00 | 0.86 |       160.6 |   164.7 |   161.6 
   ijkl-minj-nlmk |  1344 |   784 | 2304 | 1.00 | 0.86 |       162.7 |   167.9 |   168.1 
   ijkl-mink-jnlm |  1344 |  1344 | 1344 | 1.00 | 0.92 |       163.1 |   168.1 |   162.3 
   ijkl-minl-njmk |  1344 |   784 | 2304 | 1.00 | 0.86 |       161.3 |   165.2 |   165.1 
     aqrs-pa-pqrs |    48 | 21952 |   48 | 1.00 | 1.00 |        86.0 |    92.5 |    79.9 
     abrs-qb-aqrs |    28 | 37632 |   48 | 1.00 | 1.00 |        82.6 |    84.9 |    79.6 
     abcs-rc-abrs |    28 | 37632 |   48 | 1.00 | 1.00 |       105.7 |   104.8 |    85.6 
       abj-bka-kj |  9216 |    80 |   96 | 1.00 | 1.00 |       122.5 |   119.3 |   124.6 
       ajb-kba-jk |  7680 |    96 |   96 | 1.00 | 1.00 |       137.1 |   151.9 |   141.6 
     abjc-cbka-kj | 64512 |    28 |   48 | 1.00 | 1.00 |        50.4 |    42.9 |    49.0 
     ajbc-ckba-jk | 64512 |    48 |   28 | 1.00 | 1.00 |        65.1 |    62.2 |    65.1 
     abjc-kbac-jk | 37632 |    48 |   48 | 1.00 | 1.00 |       110.7 |   119.3 |   116.6 
   abjcd-dkbac-jk | 82944 |    24 |   12 | 1.00 | 1.00 |        35.4 |    34.1 |    34.4 
   adbjc-cbdka-kj | 82944 |    12 |   24 | 1.00 | 1.00 |        22.0 |    19.5 |    21.8 
   ajbdc-ckbad-jk | 82944 |    24 |   12 | 1.00 | 1.00 |        33.3 |    32.0 |    32.6 
 abcijk-ijma-mkbc |  4608 |   512 |   24 | 1.00 | 0.94 |        96.9 |   105.2 |    98.2 
 abcijk-ijmb-mkac |  1536 |  1536 |   24 | 1.00 | 0.50 |        95.2 |   104.6 |    92.0 
 abcijk-ijmc-mkab |  1536 |  1536 |   24 | 1.00 | 0.50 |       105.9 |   114.3 |   104.0 
 abcijk-ikma-mjbc |  4608 |   512 |   24 | 1.00 | 0.94 |        96.8 |   105.7 |    98.6 
 abcijk-ikmb-mjac |  1536 |  1536 |   24 | 1.00 | 0.50 |        95.7 |   105.1 |    91.9 
 abcijk-ikmc-mjab |  1536 |  1536 |   24 | 1.00 | 0.50 |       105.9 |   113.7 |   103.3 
 abcijk-jkma-mibc |  4608 |   512 |   24 | 1.00 | 0.94 |        97.0 |   104.5 |    98.5 
 abcijk-jkmb-miac |  1536 |  1536 |   24 | 1.00 | 0.50 |        95.8 |   105.1 |    92.5 
 abcijk-jkmc-miab |  1536 |  1536 |   24 | 1.00 | 0.50 |       104.1 |   113.2 |   103.5 
 abcijk-eiab-jkec |  1536 |  1536 |   24 | 1.00 | 0.50 |       103.1 |   112.6 |   104.2 
 abcijk-eiac-jkeb |  1536 |  1536 |   24 | 1.00 | 0.50 |        96.0 |   105.4 |    96.4 
 abcijk-eibc-jkea |   512 |  4608 |   24 | 1.00 | 0.94 |        98.0 |   104.8 |    99.3 
 abcijk-ejab-ikec |  1536 |  1536 |   24 | 1.00 | 0.50 |       103.6 |   111.9 |   101.7 
 abcijk-ejac-ikeb |  1536 |  1536 |   24 | 1.00 | 0.50 |        96.0 |   105.0 |    96.0 
 abcijk-ejbc-ikea |   512 |  4608 |   24 | 1.00 | 0.94 |        97.1 |   104.9 |    98.4 
 abcijk-ekab-ijec |  1536 |  1536 |   24 | 1.00 | 0.50 |       103.4 |   111.9 |   101.7 
 abcijk-ekac-ijeb |  1536 |  1536 |   24 | 1.00 | 0.50 |        95.9 |   104.4 |    95.7 
 abcijk-ekbc-ijea |   512 |  4608 |   24 | 1.00 | 0.94 |        96.8 |   105.6 |    98.3 
       abc-bk-akc |    96 |  7680 |   80 | 1.00 | 1.00 |       127.1 |   133.9 |   126.2 

=== complex efficiency ratio (c64 GF/s over f64 GF/s; 1.0 = no penalty) ===
             case | planar c64/f64 | 1m c64/f64 | 3m c64/f64 
------------------+----------------+------------+------------
         ij-ik-kj |          1.036 |      1.047 |      1.005 
       ij-ikl-ljk |          1.244 |      1.185 |      1.163 
       ij-kil-lkj |          1.283 |      1.226 |      1.289 
       ijk-ikl-lj |          1.042 |      0.882 |      0.960 
       ijk-il-jlk |          1.126 |      1.095 |      1.067 
       ijk-ilk-jl |          1.010 |      1.072 |      1.002 
       ijk-ilk-lj |          1.084 |      1.071 |      1.043 
     ijk-ilmk-mjl |          1.182 |      1.244 |      0.983 
   ijkl-imjn-lnkm |          1.100 |      1.151 |      1.090 
   ijkl-imjn-nlmk |          1.069 |      1.103 |      1.083 
   ijkl-imkn-jnlm |          1.116 |      1.150 |      1.091 
   ijkl-imkn-njml |          1.060 |      1.079 |      1.062 
   ijkl-imln-jnkm |          1.101 |      1.134 |      1.061 
   ijkl-imln-njmk |          1.052 |      1.084 |      1.056 
   ijkl-imnj-nlkm |          1.070 |      1.111 |      1.086 
   ijkl-imnk-njml |          1.076 |      1.104 |      1.083 
   ijkl-minj-nlmk |          1.087 |      1.122 |      1.123 
   ijkl-mink-jnlm |          1.124 |      1.159 |      1.119 
   ijkl-minl-njmk |          1.076 |      1.102 |      1.102 
     aqrs-pa-pqrs |          1.610 |      1.732 |      1.496 
     abrs-qb-aqrs |          1.474 |      1.517 |      1.421 
     abcs-rc-abrs |          1.669 |      1.655 |      1.352 
       abj-bka-kj |          1.263 |      1.231 |      1.285 
       ajb-kba-jk |          1.107 |      1.228 |      1.144 
     abjc-cbka-kj |          2.212 |      1.882 |      2.152 
     ajbc-ckba-jk |          1.409 |      1.346 |      1.408 
     abjc-kbac-jk |          1.471 |      1.585 |      1.550 
   abjcd-dkbac-jk |          1.225 |      1.181 |      1.190 
   adbjc-cbdka-kj |          1.689 |      1.498 |      1.673 
   ajbdc-ckbad-jk |          1.250 |      1.199 |      1.221 
 abcijk-ijma-mkbc |          1.365 |      1.481 |      1.383 
 abcijk-ijmb-mkac |          1.438 |      1.579 |      1.389 
 abcijk-ijmc-mkab |          1.421 |      1.533 |      1.395 
 abcijk-ikma-mjbc |          1.363 |      1.488 |      1.389 
 abcijk-ikmb-mjac |          1.440 |      1.581 |      1.382 
 abcijk-ikmc-mjab |          1.301 |      1.398 |      1.269 
 abcijk-jkma-mibc |          1.267 |      1.366 |      1.287 
 abcijk-jkmb-miac |          1.295 |      1.421 |      1.250 
 abcijk-jkmc-miab |          1.295 |      1.408 |      1.287 
 abcijk-eiab-jkec |          1.281 |      1.400 |      1.295 
 abcijk-eiac-jkeb |          1.314 |      1.444 |      1.320 
 abcijk-eibc-jkea |          1.283 |      1.372 |      1.300 
 abcijk-ejab-ikec |          1.279 |      1.380 |      1.254 
 abcijk-ejac-ikeb |          1.291 |      1.413 |      1.291 
 abcijk-ejbc-ikea |          1.285 |      1.388 |      1.302 
 abcijk-ekab-ijec |          1.282 |      1.386 |      1.260 
 abcijk-ekac-ijeb |          1.283 |      1.396 |      1.280 
 abcijk-ekbc-ijea |          1.296 |      1.413 |      1.316 
       abc-bk-akc |          1.000 |      1.054 |      0.993 
             MEAN |          1.267 |      1.308 |      1.245 

wrote bench-results/worker5139-zen2/phase4g/sm-s4-t4-f64c64.csv
