host        : worker5139
target      : x86_64 / linux
cpu features: avx2 fma 
caches      : L1=32KiB/8-way/1sh L2=512KiB/8-way/1sh L3=16384KiB/16-way/4sh (via sysfs), blocking=legacy
l3 domains  : t1=1 t4=1 t8=2 t16=4 t32=8 t64=16
baselines   : tblis=false blas=false

sweeping 49 cases at 0.25 MiB nominal tensor size, 96 reps, stress=none


=== f64 ===
             case |     m |    n |    k | regA | regB | planar GF/s | 1m GF/s | 3m GF/s 
------------------+-------+------+------+------+------+-------------+---------+---------
         ij-ik-kj |   192 |  180 |  192 | 1.00 | 1.00 |        15.6 |    15.6 |    15.6 
       ij-ikl-ljk |    48 |   32 | 1536 | 1.00 | 1.00 |         5.4 |     5.4 |     5.4 
       ij-kil-lkj |    48 |   32 | 2304 | 1.00 | 1.00 |         7.2 |     7.2 |     7.2 
       ijk-ikl-lj |  1536 |   32 |   48 | 1.00 | 1.00 |         4.9 |     4.9 |     4.9 
       ijk-il-jlk |    48 | 1536 |   32 | 1.00 | 1.00 |         6.7 |     6.7 |     6.7 
       ijk-ilk-jl |  1536 |   48 |   32 | 1.00 | 1.00 |         5.3 |     5.3 |     5.3 
       ijk-ilk-lj |  1536 |   32 |   48 | 1.00 | 1.00 |         5.1 |     5.1 |     5.1 
     ijk-ilmk-mjl |   288 |   12 |  288 | 1.00 | 1.00 |         1.9 |     1.9 |     1.9 
   ijkl-imjn-lnkm |   288 |  288 |  144 | 1.00 | 1.00 |        23.6 |    23.6 |    23.6 
   ijkl-imjn-nlmk |   288 |  144 |  288 | 1.00 | 1.00 |        21.2 |    21.2 |    21.2 
   ijkl-imkn-jnlm |   288 |  288 |  144 | 1.00 | 1.00 |        22.6 |    22.6 |    22.6 
   ijkl-imkn-njml |   288 |  144 |  288 | 1.00 | 1.00 |        20.1 |    20.1 |    20.1 
   ijkl-imln-jnkm |   288 |  288 |  144 | 1.00 | 1.00 |        22.8 |    22.8 |    22.8 
   ijkl-imln-njmk |   288 |  144 |  288 | 1.00 | 1.00 |        20.5 |    20.5 |    20.5 
   ijkl-imnj-nlkm |   288 |  144 |  288 | 1.00 | 1.00 |        20.1 |    20.1 |    20.1 
   ijkl-imnk-njml |   288 |  144 |  288 | 1.00 | 1.00 |        20.4 |    20.4 |    20.4 
   ijkl-minj-nlmk |   288 |  144 |  576 | 1.00 | 1.00 |        33.3 |    33.3 |    33.3 
   ijkl-mink-jnlm |   288 |  288 |  288 | 1.00 | 1.00 |        36.9 |    36.9 |    36.9 
   ijkl-minl-njmk |   288 |  144 |  576 | 1.00 | 1.00 |        34.7 |    34.7 |    34.7 
     aqrs-pa-pqrs |    24 | 1728 |   24 | 1.00 | 1.00 |         2.7 |     2.7 |     2.7 
     abrs-qb-aqrs |    12 | 3456 |   24 | 1.00 | 1.00 |         2.1 |     2.1 |     2.1 
     abcs-rc-abrs |    12 | 3456 |   24 | 1.00 | 1.00 |         2.0 |     2.0 |     2.0 
       abj-bka-kj |  2304 |   32 |   48 | 1.00 | 1.00 |         7.1 |     7.1 |     7.1 
       ajb-kba-jk |  1536 |   48 |   48 | 1.00 | 1.00 |         7.7 |     7.7 |     7.7 
     abjc-cbka-kj |  6912 |   12 |   24 | 1.00 | 1.00 |         4.2 |     4.2 |     4.2 
     ajbc-ckba-jk |  6912 |   24 |   12 | 1.00 | 1.00 |         4.1 |     4.1 |     4.1 
     abjc-kbac-jk |  3456 |   24 |   24 | 1.00 | 1.00 |         4.2 |     4.2 |     4.2 
   abjcd-dkbac-jk | 36864 |   24 |    8 | 1.00 | 1.00 |        10.2 |    10.2 |    10.2 
   adbjc-cbdka-kj | 36864 |    8 |   24 | 1.00 | 1.00 |         8.7 |     8.7 |     8.7 
   ajbdc-ckbad-jk | 36864 |   24 |    8 | 1.00 | 1.00 |        10.6 |    10.6 |    10.6 
 abcijk-ijma-mkbc |  2304 |   64 |   24 | 1.00 | 0.82 |         7.5 |     7.5 |     7.5 
 abcijk-ijmb-mkac |   384 |  384 |   24 | 1.00 | 0.00 |        11.7 |    11.7 |    11.7 
 abcijk-ijmc-mkab |   384 |  384 |   24 | 1.00 | 0.00 |        11.8 |    11.8 |    11.8 
 abcijk-ikma-mjbc |  2304 |   64 |   24 | 1.00 | 0.82 |         7.3 |     7.3 |     7.3 
 abcijk-ikmb-mjac |   384 |  384 |   24 | 1.00 | 0.00 |        11.3 |    11.3 |    11.3 
 abcijk-ikmc-mjab |   384 |  384 |   24 | 1.00 | 0.00 |        11.1 |    11.1 |    11.1 
 abcijk-jkma-mibc |  2304 |   64 |   24 | 1.00 | 0.82 |         7.3 |     7.3 |     7.3 
 abcijk-jkmb-miac |   384 |  384 |   24 | 1.00 | 0.00 |        11.1 |    11.1 |    11.1 
 abcijk-jkmc-miab |   384 |  384 |   24 | 1.00 | 0.00 |        11.5 |    11.5 |    11.5 
 abcijk-eiab-jkec |   384 |  384 |   24 | 1.00 | 0.00 |        11.1 |    11.1 |    11.1 
 abcijk-eiac-jkeb |   384 |  384 |   24 | 1.00 | 0.00 |        11.5 |    11.5 |    11.5 
 abcijk-eibc-jkea |    64 | 2304 |   24 | 1.00 | 0.82 |         7.4 |     7.4 |     7.4 
 abcijk-ejab-ikec |   384 |  384 |   24 | 1.00 | 0.00 |        11.2 |    11.2 |    11.2 
 abcijk-ejac-ikeb |   384 |  384 |   24 | 1.00 | 0.00 |        11.3 |    11.3 |    11.3 
 abcijk-ejbc-ikea |    64 | 2304 |   24 | 1.00 | 0.82 |         7.5 |     7.5 |     7.5 
 abcijk-ekab-ijec |   384 |  384 |   24 | 1.00 | 0.00 |        11.3 |    11.3 |    11.3 
 abcijk-ekac-ijeb |   384 |  384 |   24 | 1.00 | 0.00 |        11.1 |    11.1 |    11.1 
 abcijk-ekbc-ijea |    64 | 2304 |   24 | 1.00 | 0.82 |         7.3 |     7.3 |     7.3 
       abc-bk-akc |    48 | 1536 |   32 | 1.00 | 1.00 |         5.2 |     5.2 |     5.2 

=== c64 ===
             case |     m |    n |    k | regA | regB | planar GF/s | 1m GF/s | 3m GF/s 
------------------+-------+------+------+------+------+-------------+---------+---------
         ij-ik-kj |   192 |  180 |  192 | 1.00 | 1.00 |        46.1 |    47.8 |    43.3 
       ij-ikl-ljk |    48 |   32 | 1536 | 1.00 | 1.00 |        20.2 |    20.4 |    20.9 
       ij-kil-lkj |    48 |   32 | 2304 | 1.00 | 1.00 |        24.8 |    25.3 |    25.9 
       ijk-ikl-lj |  1536 |   32 |   48 | 1.00 | 1.00 |        18.5 |    18.5 |    18.0 
       ijk-il-jlk |    48 | 1536 |   32 | 1.00 | 0.92 |        21.9 |    21.6 |    21.8 
       ijk-ilk-jl |  1536 |   48 |   32 | 1.00 | 1.00 |        19.2 |    17.9 |    18.5 
       ijk-ilk-lj |  1536 |   32 |   48 | 1.00 | 1.00 |        19.7 |    18.9 |    18.4 
     ijk-ilmk-mjl |   288 |   12 |  288 | 1.00 | 1.00 |         7.3 |     7.2 |     6.9 
   ijkl-imjn-lnkm |   288 |  288 |  144 | 1.00 | 0.67 |        76.3 |    74.0 |    66.4 
   ijkl-imjn-nlmk |   288 |  144 |  288 | 1.00 | 0.69 |        69.0 |    62.0 |    64.9 
   ijkl-imkn-jnlm |   288 |  288 |  144 | 1.00 | 0.84 |        77.5 |    74.1 |    67.4 
   ijkl-imkn-njml |   288 |  144 |  288 | 1.00 | 0.69 |        66.8 |    65.4 |    61.9 
   ijkl-imln-jnkm |   288 |  288 |  144 | 1.00 | 0.84 |        78.8 |    75.6 |    72.8 
   ijkl-imln-njmk |   288 |  144 |  288 | 1.00 | 0.69 |        67.7 |    66.4 |    62.9 
   ijkl-imnj-nlkm |   288 |  144 |  288 | 1.00 | 0.69 |        63.5 |    68.0 |    61.3 
   ijkl-imnk-njml |   288 |  144 |  288 | 1.00 | 0.69 |        67.5 |    64.7 |    63.5 
   ijkl-minj-nlmk |   288 |  144 |  576 | 1.00 | 0.69 |        99.4 |   101.2 |    88.8 
   ijkl-mink-jnlm |   288 |  288 |  288 | 1.00 | 0.84 |       107.3 |   104.8 |    98.5 
   ijkl-minl-njmk |   288 |  144 |  576 | 1.00 | 0.69 |       100.5 |    97.6 |    91.8 
     aqrs-pa-pqrs |    24 | 1728 |   24 | 1.00 | 1.00 |        10.5 |    10.4 |    10.4 
     abrs-qb-aqrs |    12 | 3456 |   24 | 1.00 | 1.00 |         7.9 |     8.1 |     7.8 
     abcs-rc-abrs |    12 | 3456 |   24 | 1.00 | 1.00 |         7.8 |     8.5 |     7.6 
       abj-bka-kj |  2304 |   32 |   48 | 1.00 | 1.00 |        26.7 |    25.3 |    25.9 
       ajb-kba-jk |  1536 |   48 |   48 | 1.00 | 1.00 |        27.0 |    26.4 |    25.9 
     abjc-cbka-kj |  6912 |   12 |   24 | 1.00 | 1.00 |        13.9 |    14.6 |    13.9 
     ajbc-ckba-jk |  6912 |   24 |   12 | 1.00 | 1.00 |        15.2 |    14.8 |    14.5 
     abjc-kbac-jk |  3456 |   24 |   24 | 1.00 | 1.00 |        15.4 |    14.5 |    14.4 
   abjcd-dkbac-jk | 36864 |   24 |    8 | 1.00 | 1.00 |        31.8 |    33.1 |    31.1 
   adbjc-cbdka-kj | 36864 |    8 |   24 | 1.00 | 1.00 |        23.3 |    21.7 |    24.8 
   ajbdc-ckbad-jk | 36864 |   24 |    8 | 1.00 | 1.00 |        31.2 |    31.0 |    32.5 
 abcijk-ijma-mkbc |  2304 |   64 |   24 | 1.00 | 0.77 |        26.4 |    26.9 |    27.7 
 abcijk-ijmb-mkac |   384 |  384 |   24 | 1.00 | 0.01 |        38.6 |    41.1 |    40.3 
 abcijk-ijmc-mkab |   384 |  384 |   24 | 1.00 | 0.01 |        40.8 |    40.5 |    40.3 
 abcijk-ikma-mjbc |  2304 |   64 |   24 | 1.00 | 0.77 |        26.2 |    27.6 |    25.9 
 abcijk-ikmb-mjac |   384 |  384 |   24 | 1.00 | 0.01 |        39.4 |    40.5 |    39.8 
 abcijk-ikmc-mjab |   384 |  384 |   24 | 1.00 | 0.01 |        40.1 |    41.7 |    41.1 
 abcijk-jkma-mibc |  2304 |   64 |   24 | 1.00 | 0.77 |        27.0 |    25.4 |    27.8 
 abcijk-jkmb-miac |   384 |  384 |   24 | 1.00 | 0.01 |        39.0 |    39.8 |    39.7 
 abcijk-jkmc-miab |   384 |  384 |   24 | 1.00 | 0.01 |        39.2 |    40.6 |    40.0 
 abcijk-eiab-jkec |   384 |  384 |   24 | 1.00 | 0.01 |        40.3 |    40.6 |    40.4 
 abcijk-eiac-jkeb |   384 |  384 |   24 | 1.00 | 0.01 |        40.1 |    40.7 |    39.9 
 abcijk-eibc-jkea |    64 | 2304 |   24 | 1.00 | 0.77 |        26.4 |    25.2 |    25.1 
 abcijk-ejab-ikec |   384 |  384 |   24 | 1.00 | 0.01 |        39.3 |    40.6 |    39.8 
 abcijk-ejac-ikeb |   384 |  384 |   24 | 1.00 | 0.01 |        39.8 |    40.0 |    40.2 
 abcijk-ejbc-ikea |    64 | 2304 |   24 | 1.00 | 0.77 |        26.5 |    28.0 |    26.7 
 abcijk-ekab-ijec |   384 |  384 |   24 | 1.00 | 0.01 |        39.7 |    41.3 |    42.5 
 abcijk-ekac-ijeb |   384 |  384 |   24 | 1.00 | 0.01 |        39.5 |    40.4 |    39.8 
 abcijk-ekbc-ijea |    64 | 2304 |   24 | 1.00 | 0.77 |        26.8 |    26.4 |    25.7 
       abc-bk-akc |    48 | 1536 |   32 | 1.00 | 1.00 |        17.5 |    18.5 |    19.5 

=== complex efficiency ratio (c64 GF/s over f64 GF/s; 1.0 = no penalty) ===
             case | planar c64/f64 | 1m c64/f64 | 3m c64/f64 
------------------+----------------+------------+------------
         ij-ik-kj |          2.965 |      3.076 |      2.787 
       ij-ikl-ljk |          3.771 |      3.813 |      3.902 
       ij-kil-lkj |          3.433 |      3.498 |      3.581 
       ijk-ikl-lj |          3.775 |      3.773 |      3.672 
       ijk-il-jlk |          3.244 |      3.196 |      3.235 
       ijk-ilk-jl |          3.657 |      3.414 |      3.517 
       ijk-ilk-lj |          3.891 |      3.746 |      3.648 
     ijk-ilmk-mjl |          3.920 |      3.911 |      3.746 
   ijkl-imjn-lnkm |          3.233 |      3.138 |      2.817 
   ijkl-imjn-nlmk |          3.259 |      2.926 |      3.065 
   ijkl-imkn-jnlm |          3.420 |      3.272 |      2.977 
   ijkl-imkn-njml |          3.328 |      3.259 |      3.082 
   ijkl-imln-jnkm |          3.449 |      3.311 |      3.185 
   ijkl-imln-njmk |          3.303 |      3.240 |      3.069 
   ijkl-imnj-nlkm |          3.156 |      3.381 |      3.047 
   ijkl-imnk-njml |          3.302 |      3.164 |      3.107 
   ijkl-minj-nlmk |          2.985 |      3.039 |      2.667 
   ijkl-mink-jnlm |          2.907 |      2.839 |      2.667 
   ijkl-minl-njmk |          2.892 |      2.810 |      2.643 
     aqrs-pa-pqrs |          3.838 |      3.797 |      3.796 
     abrs-qb-aqrs |          3.812 |      3.920 |      3.772 
     abcs-rc-abrs |          3.843 |      4.203 |      3.749 
       abj-bka-kj |          3.765 |      3.566 |      3.653 
       ajb-kba-jk |          3.498 |      3.419 |      3.346 
     abjc-cbka-kj |          3.328 |      3.484 |      3.320 
     ajbc-ckba-jk |          3.707 |      3.589 |      3.533 
     abjc-kbac-jk |          3.678 |      3.473 |      3.438 
   abjcd-dkbac-jk |          3.118 |      3.249 |      3.052 
   adbjc-cbdka-kj |          2.674 |      2.487 |      2.844 
   ajbdc-ckbad-jk |          2.942 |      2.926 |      3.071 
 abcijk-ijma-mkbc |          3.501 |      3.569 |      3.672 
 abcijk-ijmb-mkac |          3.309 |      3.526 |      3.454 
 abcijk-ijmc-mkab |          3.446 |      3.422 |      3.403 
 abcijk-ikma-mjbc |          3.570 |      3.753 |      3.522 
 abcijk-ikmb-mjac |          3.476 |      3.572 |      3.511 
 abcijk-ikmc-mjab |          3.605 |      3.745 |      3.694 
 abcijk-jkma-mibc |          3.683 |      3.462 |      3.794 
 abcijk-jkmb-miac |          3.521 |      3.595 |      3.584 
 abcijk-jkmc-miab |          3.404 |      3.526 |      3.475 
 abcijk-eiab-jkec |          3.617 |      3.649 |      3.628 
 abcijk-eiac-jkeb |          3.485 |      3.539 |      3.475 
 abcijk-eibc-jkea |          3.566 |      3.394 |      3.389 
 abcijk-ejab-ikec |          3.509 |      3.632 |      3.558 
 abcijk-ejac-ikeb |          3.530 |      3.544 |      3.558 
 abcijk-ejbc-ikea |          3.520 |      3.719 |      3.547 
 abcijk-ekab-ijec |          3.527 |      3.668 |      3.779 
 abcijk-ekac-ijeb |          3.554 |      3.635 |      3.584 
 abcijk-ekbc-ijea |          3.674 |      3.630 |      3.522 
       abc-bk-akc |          3.372 |      3.559 |      3.751 
             MEAN |          3.448 |      3.450 |      3.385 

wrote bench-results/worker5139-zen2/phase4g/sm-s0.25-t32-f64c64.csv
