host        : worker5139
target      : x86_64 / linux
cpu features: avx2 fma 
caches      : L1=32KiB/8-way/1sh L2=512KiB/8-way/1sh L3=16384KiB/16-way/4sh (via sysfs), blocking=legacy
l3 domains  : t1=1
baselines   : tblis=false blas=false

sweeping 49 cases at 4 MiB nominal tensor size, 6 reps, stress=none


=== f64 ===
             case |     m |     n |    k | regA | regB | planar GF/s | 1m GF/s | 3m GF/s 
------------------+-------+-------+------+------+------+-------------+---------+---------
         ij-ik-kj |   744 |   724 |  744 | 1.00 | 1.00 |        41.3 |    41.3 |    41.3 
       ij-ikl-ljk |    96 |    80 | 7680 | 1.00 | 1.00 |        27.7 |    27.7 |    27.7 
       ij-kil-lkj |    96 |    80 | 9216 | 1.00 | 1.00 |        25.2 |    25.2 |    25.2 
       ijk-ikl-lj |  7680 |    80 |   96 | 1.00 | 1.00 |        29.3 |    29.3 |    29.3 
       ijk-il-jlk |    96 |  7680 |   80 | 1.00 | 1.00 |        30.7 |    30.7 |    30.7 
       ijk-ilk-jl |  7680 |    96 |   80 | 1.00 | 1.00 |        35.2 |    35.2 |    35.2 
       ijk-ilk-lj |  7680 |    80 |   96 | 1.00 | 1.00 |        33.7 |    33.7 |    33.7 
     ijk-ilmk-mjl |  1344 |    28 | 1344 | 1.00 | 1.00 |        24.3 |    24.3 |    24.3 
   ijkl-imjn-lnkm |  1344 |  1344 |  784 | 1.00 | 0.86 |        38.7 |    38.7 |    38.7 
   ijkl-imjn-nlmk |  1344 |   784 | 1344 | 1.00 | 0.86 |        38.8 |    38.8 |    38.8 
   ijkl-imkn-jnlm |  1344 |  1344 |  784 | 1.00 | 1.00 |        35.5 |    35.5 |    35.5 
   ijkl-imkn-njml |  1344 |   784 | 1344 | 1.00 | 0.86 |        38.4 |    38.4 |    38.4 
   ijkl-imln-jnkm |  1344 |  1344 |  784 | 1.00 | 1.00 |        36.1 |    36.1 |    36.1 
   ijkl-imln-njmk |  1344 |   784 | 1344 | 1.00 | 0.86 |        38.5 |    38.5 |    38.5 
   ijkl-imnj-nlkm |  1344 |   784 | 1344 | 1.00 | 0.86 |        39.1 |    39.1 |    39.1 
   ijkl-imnk-njml |  1344 |   784 | 1344 | 1.00 | 0.86 |        38.7 |    38.7 |    38.7 
   ijkl-minj-nlmk |  1344 |   784 | 2304 | 1.00 | 0.86 |        37.7 |    37.7 |    37.7 
   ijkl-mink-jnlm |  1344 |  1344 | 1344 | 1.00 | 1.00 |        36.1 |    36.1 |    36.1 
   ijkl-minl-njmk |  1344 |   784 | 2304 | 1.00 | 0.86 |        35.5 |    35.5 |    35.5 
     aqrs-pa-pqrs |    48 | 21952 |   48 | 1.00 | 1.00 |        17.9 |    17.9 |    17.9 
     abrs-qb-aqrs |    28 | 37632 |   48 | 1.00 | 1.00 |        14.3 |    14.3 |    14.3 
     abcs-rc-abrs |    28 | 37632 |   48 | 1.00 | 1.00 |        13.4 |    13.4 |    13.4 
       abj-bka-kj |  9216 |    80 |   96 | 1.00 | 1.00 |        26.0 |    26.0 |    26.0 
       ajb-kba-jk |  7680 |    96 |   96 | 1.00 | 1.00 |        35.1 |    35.1 |    35.1 
     abjc-cbka-kj | 64512 |    28 |   48 | 1.00 | 1.00 |        12.1 |    12.1 |    12.1 
     ajbc-ckba-jk | 64512 |    48 |   28 | 1.00 | 1.00 |        13.3 |    13.3 |    13.3 
     abjc-kbac-jk | 37632 |    48 |   48 | 1.00 | 1.00 |        20.5 |    20.5 |    20.5 
   abjcd-dkbac-jk | 82944 |    24 |   12 | 1.00 | 1.00 |         8.8 |     8.8 |     8.8 
   adbjc-cbdka-kj | 82944 |    12 |   24 | 1.00 | 1.00 |         6.9 |     6.9 |     6.9 
   ajbdc-ckbad-jk | 82944 |    24 |   12 | 1.00 | 1.00 |         6.1 |     6.1 |     6.1 
 abcijk-ijma-mkbc |  4608 |   512 |   24 | 1.00 | 0.94 |        18.5 |    18.5 |    18.5 
 abcijk-ijmb-mkac |  1536 |  1536 |   24 | 1.00 | 0.50 |        17.2 |    17.2 |    17.2 
 abcijk-ijmc-mkab |  1536 |  1536 |   24 | 1.00 | 0.50 |        20.9 |    20.9 |    20.9 
 abcijk-ikma-mjbc |  4608 |   512 |   24 | 1.00 | 0.94 |        18.6 |    18.6 |    18.6 
 abcijk-ikmb-mjac |  1536 |  1536 |   24 | 1.00 | 0.50 |        17.2 |    17.2 |    17.2 
 abcijk-ikmc-mjab |  1536 |  1536 |   24 | 1.00 | 0.50 |        20.8 |    20.8 |    20.8 
 abcijk-jkma-mibc |  4608 |   512 |   24 | 1.00 | 0.94 |        19.2 |    19.2 |    19.2 
 abcijk-jkmb-miac |  1536 |  1536 |   24 | 1.00 | 0.50 |        17.0 |    17.0 |    17.0 
 abcijk-jkmc-miab |  1536 |  1536 |   24 | 1.00 | 0.50 |        20.3 |    20.3 |    20.3 
 abcijk-eiab-jkec |  1536 |  1536 |   24 | 1.00 | 0.50 |        20.6 |    20.6 |    20.6 
 abcijk-eiac-jkeb |  1536 |  1536 |   24 | 1.00 | 0.50 |        17.0 |    17.0 |    17.0 
 abcijk-eibc-jkea |   512 |  4608 |   24 | 1.00 | 0.94 |        19.2 |    19.2 |    19.2 
 abcijk-ejab-ikec |  1536 |  1536 |   24 | 1.00 | 0.50 |        20.5 |    20.5 |    20.5 
 abcijk-ejac-ikeb |  1536 |  1536 |   24 | 1.00 | 0.50 |        17.9 |    17.9 |    17.9 
 abcijk-ejbc-ikea |   512 |  4608 |   24 | 1.00 | 0.94 |        18.5 |    18.5 |    18.5 
 abcijk-ekab-ijec |  1536 |  1536 |   24 | 1.00 | 0.50 |        20.5 |    20.5 |    20.5 
 abcijk-ekac-ijeb |  1536 |  1536 |   24 | 1.00 | 0.50 |        17.2 |    17.2 |    17.2 
 abcijk-ekbc-ijea |   512 |  4608 |   24 | 1.00 | 0.94 |        18.4 |    18.4 |    18.4 
       abc-bk-akc |    96 |  7680 |   80 | 1.00 | 1.00 |        36.3 |    36.3 |    36.3 

=== c64 ===
             case |     m |     n |    k | regA | regB | planar GF/s | 1m GF/s | 3m GF/s 
------------------+-------+-------+------+------+------+-------------+---------+---------
         ij-ik-kj |   744 |   724 |  744 | 1.00 | 1.00 |        42.8 |    43.1 |    41.4 
       ij-ikl-ljk |    96 |    80 | 7680 | 1.00 | 1.00 |        28.7 |    28.0 |    26.2 
       ij-kil-lkj |    96 |    80 | 9216 | 1.00 | 1.00 |        30.6 |    28.7 |    30.1 
       ijk-ikl-lj |  7680 |    80 |   96 | 1.00 | 1.00 |        25.6 |    22.4 |    24.0 
       ijk-il-jlk |    96 |  7680 |   80 | 1.00 | 0.96 |        31.7 |    32.0 |    31.2 
       ijk-ilk-jl |  7680 |    96 |   80 | 1.00 | 1.00 |        32.0 |    34.1 |    30.9 
       ijk-ilk-lj |  7680 |    80 |   96 | 1.00 | 1.00 |        34.6 |    34.4 |    31.7 
     ijk-ilmk-mjl |  1344 |    28 | 1344 | 1.00 | 1.00 |        27.2 |    29.6 |    21.0 
   ijkl-imjn-lnkm |  1344 |  1344 |  784 | 1.00 | 0.86 |        41.5 |    43.6 |    41.4 
   ijkl-imjn-nlmk |  1344 |   784 | 1344 | 1.00 | 0.86 |        41.7 |    42.9 |    41.6 
   ijkl-imkn-jnlm |  1344 |  1344 |  784 | 1.00 | 0.92 |        40.3 |    41.1 |    39.3 
   ijkl-imkn-njml |  1344 |   784 | 1344 | 1.00 | 0.86 |        40.5 |    41.1 |    40.3 
   ijkl-imln-jnkm |  1344 |  1344 |  784 | 1.00 | 0.92 |        40.4 |    41.3 |    39.0 
   ijkl-imln-njmk |  1344 |   784 | 1344 | 1.00 | 0.86 |        40.4 |    41.0 |    39.9 
   ijkl-imnj-nlkm |  1344 |   784 | 1344 | 1.00 | 0.86 |        41.8 |    43.2 |    41.6 
   ijkl-imnk-njml |  1344 |   784 | 1344 | 1.00 | 0.86 |        40.5 |    41.2 |    40.2 
   ijkl-minj-nlmk |  1344 |   784 | 2304 | 1.00 | 0.86 |        41.5 |    42.4 |    41.9 
   ijkl-mink-jnlm |  1344 |  1344 | 1344 | 1.00 | 0.92 |        40.6 |    41.4 |    40.0 
   ijkl-minl-njmk |  1344 |   784 | 2304 | 1.00 | 0.86 |        40.4 |    40.1 |    40.7 
     aqrs-pa-pqrs |    48 | 21952 |   48 | 1.00 | 1.00 |        23.5 |    24.5 |    22.5 
     abrs-qb-aqrs |    28 | 37632 |   48 | 1.00 | 1.00 |        20.5 |    20.9 |    19.4 
     abcs-rc-abrs |    28 | 37632 |   48 | 1.00 | 1.00 |        17.6 |    15.3 |    16.9 
       abj-bka-kj |  9216 |    80 |   96 | 1.00 | 1.00 |        32.1 |    30.3 |    32.1 
       ajb-kba-jk |  7680 |    96 |   96 | 1.00 | 1.00 |        35.8 |    39.4 |    36.7 
     abjc-cbka-kj | 64512 |    28 |   48 | 1.00 | 1.00 |        11.7 |     9.8 |    11.3 
     ajbc-ckba-jk | 64512 |    48 |   28 | 1.00 | 1.00 |        19.0 |    19.9 |    19.4 
     abjc-kbac-jk | 37632 |    48 |   48 | 1.00 | 1.00 |        28.7 |    30.9 |    30.3 
   abjcd-dkbac-jk | 82944 |    24 |   12 | 1.00 | 1.00 |        13.6 |    13.6 |    12.9 
   adbjc-cbdka-kj | 82944 |    12 |   24 | 1.00 | 1.00 |        10.4 |    10.0 |    10.7 
   ajbdc-ckbad-jk | 82944 |    24 |   12 | 1.00 | 1.00 |        11.5 |    11.3 |    11.1 
 abcijk-ijma-mkbc |  4608 |   512 |   24 | 1.00 | 0.94 |        22.6 |    24.5 |    23.3 
 abcijk-ijmb-mkac |  1536 |  1536 |   24 | 1.00 | 0.50 |        21.0 |    22.2 |    20.7 
 abcijk-ijmc-mkab |  1536 |  1536 |   24 | 1.00 | 0.50 |        27.9 |    31.9 |    27.1 
 abcijk-ikma-mjbc |  4608 |   512 |   24 | 1.00 | 0.94 |        22.7 |    24.5 |    23.4 
 abcijk-ikmb-mjac |  1536 |  1536 |   24 | 1.00 | 0.50 |        21.1 |    22.1 |    20.7 
 abcijk-ikmc-mjab |  1536 |  1536 |   24 | 1.00 | 0.50 |        27.7 |    32.0 |    27.1 
 abcijk-jkma-mibc |  4608 |   512 |   24 | 1.00 | 0.94 |        22.8 |    25.0 |    23.8 
 abcijk-jkmb-miac |  1536 |  1536 |   24 | 1.00 | 0.50 |        21.1 |    22.3 |    20.6 
 abcijk-jkmc-miab |  1536 |  1536 |   24 | 1.00 | 0.50 |        27.9 |    32.1 |    27.1 
 abcijk-eiab-jkec |  1536 |  1536 |   24 | 1.00 | 0.50 |        27.7 |    32.1 |    27.0 
 abcijk-eiac-jkeb |  1536 |  1536 |   24 | 1.00 | 0.50 |        21.1 |    22.3 |    20.5 
 abcijk-eibc-jkea |   512 |  4608 |   24 | 1.00 | 0.94 |        22.9 |    25.0 |    23.7 
 abcijk-ejab-ikec |  1536 |  1536 |   24 | 1.00 | 0.50 |        27.9 |    31.7 |    27.1 
 abcijk-ejac-ikeb |  1536 |  1536 |   24 | 1.00 | 0.50 |        21.9 |    22.0 |    20.4 
 abcijk-ejbc-ikea |   512 |  4608 |   24 | 1.00 | 0.94 |        22.8 |    24.5 |    23.4 
 abcijk-ekab-ijec |  1536 |  1536 |   24 | 1.00 | 0.50 |        28.2 |    31.9 |    28.1 
 abcijk-ekac-ijeb |  1536 |  1536 |   24 | 1.00 | 0.50 |        24.2 |    26.7 |    23.7 
 abcijk-ekbc-ijea |   512 |  4608 |   24 | 1.00 | 0.94 |        24.8 |    26.8 |    25.2 
       abc-bk-akc |    96 |  7680 |   80 | 1.00 | 1.00 |        32.9 |    35.5 |    31.7 

=== complex efficiency ratio (c64 GF/s over f64 GF/s; 1.0 = no penalty) ===
             case | planar c64/f64 | 1m c64/f64 | 3m c64/f64 
------------------+----------------+------------+------------
         ij-ik-kj |          1.036 |      1.044 |      1.002 
       ij-ikl-ljk |          1.036 |      1.008 |      0.944 
       ij-kil-lkj |          1.213 |      1.136 |      1.192 
       ijk-ikl-lj |          0.873 |      0.763 |      0.816 
       ijk-il-jlk |          1.032 |      1.043 |      1.016 
       ijk-ilk-jl |          0.908 |      0.966 |      0.876 
       ijk-ilk-lj |          1.028 |      1.020 |      0.941 
     ijk-ilmk-mjl |          1.119 |      1.220 |      0.867 
   ijkl-imjn-lnkm |          1.071 |      1.125 |      1.069 
   ijkl-imjn-nlmk |          1.074 |      1.106 |      1.072 
   ijkl-imkn-jnlm |          1.133 |      1.155 |      1.106 
   ijkl-imkn-njml |          1.055 |      1.071 |      1.049 
   ijkl-imln-jnkm |          1.119 |      1.144 |      1.081 
   ijkl-imln-njmk |          1.048 |      1.065 |      1.036 
   ijkl-imnj-nlkm |          1.068 |      1.105 |      1.063 
   ijkl-imnk-njml |          1.048 |      1.066 |      1.038 
   ijkl-minj-nlmk |          1.100 |      1.126 |      1.113 
   ijkl-mink-jnlm |          1.124 |      1.147 |      1.108 
   ijkl-minl-njmk |          1.140 |      1.131 |      1.149 
     aqrs-pa-pqrs |          1.310 |      1.364 |      1.252 
     abrs-qb-aqrs |          1.428 |      1.456 |      1.352 
     abcs-rc-abrs |          1.313 |      1.139 |      1.260 
       abj-bka-kj |          1.236 |      1.167 |      1.237 
       ajb-kba-jk |          1.019 |      1.123 |      1.046 
     abjc-cbka-kj |          0.962 |      0.807 |      0.936 
     ajbc-ckba-jk |          1.429 |      1.503 |      1.464 
     abjc-kbac-jk |          1.401 |      1.509 |      1.477 
   abjcd-dkbac-jk |          1.543 |      1.546 |      1.466 
   adbjc-cbdka-kj |          1.521 |      1.452 |      1.556 
   ajbdc-ckbad-jk |          1.866 |      1.836 |      1.811 
 abcijk-ijma-mkbc |          1.222 |      1.323 |      1.257 
 abcijk-ijmb-mkac |          1.226 |      1.292 |      1.208 
 abcijk-ijmc-mkab |          1.335 |      1.527 |      1.299 
 abcijk-ikma-mjbc |          1.221 |      1.319 |      1.259 
 abcijk-ikmb-mjac |          1.224 |      1.286 |      1.205 
 abcijk-ikmc-mjab |          1.333 |      1.542 |      1.303 
 abcijk-jkma-mibc |          1.187 |      1.298 |      1.236 
 abcijk-jkmb-miac |          1.241 |      1.310 |      1.210 
 abcijk-jkmc-miab |          1.374 |      1.580 |      1.331 
 abcijk-eiab-jkec |          1.340 |      1.553 |      1.307 
 abcijk-eiac-jkeb |          1.247 |      1.316 |      1.208 
 abcijk-eibc-jkea |          1.188 |      1.302 |      1.233 
 abcijk-ejab-ikec |          1.361 |      1.543 |      1.320 
 abcijk-ejac-ikeb |          1.218 |      1.228 |      1.137 
 abcijk-ejbc-ikea |          1.237 |      1.330 |      1.269 
 abcijk-ekab-ijec |          1.380 |      1.559 |      1.376 
 abcijk-ekac-ijeb |          1.412 |      1.555 |      1.378 
 abcijk-ekbc-ijea |          1.351 |      1.461 |      1.372 
       abc-bk-akc |          0.905 |      0.978 |      0.874 
             MEAN |          1.209 |      1.258 |      1.187 

wrote bench-results/worker5139-zen2/phase4g/sm-s4-t1-f64c64.csv
