host        : worker5139
target      : x86_64 / linux
cpu features: avx2 fma 
caches      : L1=32KiB/8-way/1sh L2=512KiB/8-way/1sh L3=16384KiB/16-way/4sh (via sysfs), blocking=legacy
l3 domains  : t1=1 t4=1 t8=2 t16=4 t32=8 t64=16 t128=32
baselines   : tblis=false blas=false

sweeping 49 cases at 4 MiB nominal tensor size, 6 reps, stress=none


=== f32 ===
             case |     m |     n |    k | regA | regB | planar GF/s | 1m GF/s | 3m GF/s 
------------------+-------+-------+------+------+------+-------------+---------+---------
         ij-ik-kj |   744 |   724 |  744 | 1.00 | 1.00 |       187.3 |   187.3 |   187.3 
       ij-ikl-ljk |    96 |    80 | 7680 | 1.00 | 1.00 |        30.8 |    30.8 |    30.8 
       ij-kil-lkj |    96 |    80 | 9216 | 1.00 | 1.00 |        36.4 |    36.4 |    36.4 
       ijk-ikl-lj |  7680 |    80 |   96 | 1.00 | 1.00 |        31.7 |    31.7 |    31.7 
       ijk-il-jlk |    96 |  7680 |   80 | 1.00 | 1.00 |        46.7 |    46.7 |    46.7 
       ijk-ilk-jl |  7680 |    96 |   80 | 1.00 | 1.00 |        32.1 |    32.1 |    32.1 
       ijk-ilk-lj |  7680 |    80 |   96 | 1.00 | 1.00 |        31.3 |    31.3 |    31.3 
     ijk-ilmk-mjl |  1344 |    28 | 1344 | 1.00 | 1.00 |        20.5 |    20.5 |    20.5 
   ijkl-imjn-lnkm |  1344 |  1344 |  784 | 1.00 | 0.86 |       245.8 |   245.8 |   245.8 
   ijkl-imjn-nlmk |  1344 |   784 | 1344 | 1.00 | 0.86 |       258.6 |   258.6 |   258.6 
   ijkl-imkn-jnlm |  1344 |  1344 |  784 | 1.00 | 1.00 |       273.8 |   273.8 |   273.8 
   ijkl-imkn-njml |  1344 |   784 | 1344 | 1.00 | 0.86 |       290.8 |   290.8 |   290.8 
   ijkl-imln-jnkm |  1344 |  1344 |  784 | 1.00 | 1.00 |       275.7 |   275.7 |   275.7 
   ijkl-imln-njmk |  1344 |   784 | 1344 | 1.00 | 0.86 |       287.1 |   287.1 |   287.1 
   ijkl-imnj-nlkm |  1344 |   784 | 1344 | 1.00 | 0.86 |       297.3 |   297.3 |   297.3 
   ijkl-imnk-njml |  1344 |   784 | 1344 | 1.00 | 0.86 |       327.8 |   327.8 |   327.8 
   ijkl-minj-nlmk |  1344 |   784 | 2304 | 1.00 | 0.86 |       417.1 |   417.1 |   417.1 
   ijkl-mink-jnlm |  1344 |  1344 | 1344 | 1.00 | 1.00 |       409.6 |   409.6 |   409.6 
   ijkl-minl-njmk |  1344 |   784 | 2304 | 1.00 | 0.86 |       438.6 |   438.6 |   438.6 
     aqrs-pa-pqrs |    48 | 21952 |   48 | 1.00 | 1.00 |        32.6 |    32.6 |    32.6 
     abrs-qb-aqrs |    28 | 37632 |   48 | 1.00 | 1.00 |        27.0 |    27.0 |    27.0 
     abcs-rc-abrs |    28 | 37632 |   48 | 1.00 | 1.00 |        33.0 |    33.0 |    33.0 
       abj-bka-kj |  9216 |    80 |   96 | 1.00 | 1.00 |        39.4 |    39.4 |    39.4 
       ajb-kba-jk |  7680 |    96 |   96 | 1.00 | 1.00 |        41.7 |    41.7 |    41.7 
     abjc-cbka-kj | 64512 |    28 |   48 | 1.00 | 1.00 |        42.5 |    42.5 |    42.5 
     ajbc-ckba-jk | 64512 |    48 |   28 | 1.00 | 1.00 |        41.9 |    41.9 |    41.9 
     abjc-kbac-jk | 37632 |    48 |   48 | 1.00 | 1.00 |        47.7 |    47.7 |    47.7 
   abjcd-dkbac-jk | 82944 |    24 |   12 | 0.67 | 1.00 |        13.3 |    13.3 |    13.3 
   adbjc-cbdka-kj | 82944 |    12 |   24 | 0.67 | 1.00 |        12.0 |    12.0 |    12.0 
   ajbdc-ckbad-jk | 82944 |    24 |   12 | 1.00 | 1.00 |        12.4 |    12.4 |    12.4 
 abcijk-ijma-mkbc |  4608 |   512 |   24 | 1.00 | 1.00 |        68.3 |    68.3 |    68.3 
 abcijk-ijmb-mkac |  1536 |  1536 |   24 | 1.00 | 1.00 |        72.8 |    72.8 |    72.8 
 abcijk-ijmc-mkab |  1536 |  1536 |   24 | 1.00 | 0.50 |        69.6 |    69.6 |    69.6 
 abcijk-ikma-mjbc |  4608 |   512 |   24 | 1.00 | 1.00 |        66.0 |    66.0 |    66.0 
 abcijk-ikmb-mjac |  1536 |  1536 |   24 | 1.00 | 1.00 |        71.8 |    71.8 |    71.8 
 abcijk-ikmc-mjab |  1536 |  1536 |   24 | 1.00 | 0.50 |        73.4 |    73.4 |    73.4 
 abcijk-jkma-mibc |  4608 |   512 |   24 | 1.00 | 1.00 |        64.2 |    64.2 |    64.2 
 abcijk-jkmb-miac |  1536 |  1536 |   24 | 1.00 | 1.00 |        71.6 |    71.6 |    71.6 
 abcijk-jkmc-miab |  1536 |  1536 |   24 | 1.00 | 0.50 |        71.5 |    71.5 |    71.5 
 abcijk-eiab-jkec |  1536 |  1536 |   24 | 1.00 | 0.50 |        74.7 |    74.7 |    74.7 
 abcijk-eiac-jkeb |  1536 |  1536 |   24 | 1.00 | 1.00 |        74.4 |    74.4 |    74.4 
 abcijk-eibc-jkea |   512 |  4608 |   24 | 1.00 | 1.00 |        65.3 |    65.3 |    65.3 
 abcijk-ejab-ikec |  1536 |  1536 |   24 | 1.00 | 0.50 |        70.2 |    70.2 |    70.2 
 abcijk-ejac-ikeb |  1536 |  1536 |   24 | 1.00 | 1.00 |        71.0 |    71.0 |    71.0 
 abcijk-ejbc-ikea |   512 |  4608 |   24 | 1.00 | 1.00 |        66.1 |    66.1 |    66.1 
 abcijk-ekab-ijec |  1536 |  1536 |   24 | 1.00 | 0.50 |        68.5 |    68.5 |    68.5 
 abcijk-ekac-ijeb |  1536 |  1536 |   24 | 1.00 | 1.00 |        74.5 |    74.5 |    74.5 
 abcijk-ekbc-ijea |   512 |  4608 |   24 | 1.00 | 1.00 |        65.1 |    65.1 |    65.1 
       abc-bk-akc |    96 |  7680 |   80 | 1.00 | 1.00 |        33.0 |    33.0 |    33.0 

=== c32 ===
             case |     m |     n |    k | regA | regB | planar GF/s | 1m GF/s | 3m GF/s 
------------------+-------+-------+------+------+------+-------------+---------+---------
         ij-ik-kj |   744 |   724 |  744 | 1.00 | 1.00 |       359.7 |   329.9 |   261.0 
       ij-ikl-ljk |    96 |    80 | 7680 | 1.00 | 1.00 |        91.4 |    90.3 |    82.7 
       ij-kil-lkj |    96 |    80 | 9216 | 1.00 | 1.00 |       100.0 |    88.0 |    90.1 
       ijk-ikl-lj |  7680 |    80 |   96 | 1.00 | 1.00 |       104.5 |   123.5 |   105.9 
       ijk-il-jlk |    96 |  7680 |   80 | 1.00 | 0.96 |       146.3 |   133.6 |   139.4 
       ijk-ilk-jl |  7680 |    96 |   80 | 1.00 | 1.00 |        98.9 |   102.1 |   105.8 
       ijk-ilk-lj |  7680 |    80 |   96 | 1.00 | 1.00 |       120.4 |   106.7 |   104.8 
     ijk-ilmk-mjl |  1344 |    28 | 1344 | 1.00 | 1.00 |        72.9 |    63.1 |    69.1 
   ijkl-imjn-lnkm |  1344 |  1344 |  784 | 1.00 | 0.86 |       475.3 |   482.5 |   495.0 
   ijkl-imjn-nlmk |  1344 |   784 | 1344 | 1.00 | 0.86 |       585.4 |   574.8 |   530.2 
   ijkl-imkn-jnlm |  1344 |  1344 |  784 | 1.00 | 0.92 |       676.2 |   540.5 |   549.4 
   ijkl-imkn-njml |  1344 |   784 | 1344 | 1.00 | 0.86 |       546.0 |   601.3 |   520.8 
   ijkl-imln-jnkm |  1344 |  1344 |  784 | 1.00 | 0.92 |       580.8 |   504.9 |   516.9 
   ijkl-imln-njmk |  1344 |   784 | 1344 | 1.00 | 0.86 |       569.7 |   561.2 |   481.9 
   ijkl-imnj-nlkm |  1344 |   784 | 1344 | 1.00 | 0.86 |       640.8 |   477.1 |   500.4 
   ijkl-imnk-njml |  1344 |   784 | 1344 | 1.00 | 0.86 |       543.2 |   508.1 |   499.4 
   ijkl-minj-nlmk |  1344 |   784 | 2304 | 1.00 | 0.86 |       683.4 |   710.4 |   485.1 
   ijkl-mink-jnlm |  1344 |  1344 | 1344 | 1.00 | 0.92 |       579.9 |   580.1 |   641.7 
   ijkl-minl-njmk |  1344 |   784 | 2304 | 1.00 | 0.86 |       755.5 |   819.0 |   642.0 
     aqrs-pa-pqrs |    48 | 21952 |   48 | 1.00 | 1.00 |       143.6 |   140.0 |   123.4 
     abrs-qb-aqrs |    28 | 37632 |   48 | 1.00 | 1.00 |        81.5 |    84.0 |    93.1 
     abcs-rc-abrs |    28 | 37632 |   48 | 1.00 | 1.00 |        95.8 |    82.4 |    76.1 
       abj-bka-kj |  9216 |    80 |   96 | 1.00 | 1.00 |       120.2 |   130.3 |   125.9 
       ajb-kba-jk |  7680 |    96 |   96 | 1.00 | 1.00 |       142.1 |   136.4 |   136.3 
     abjc-cbka-kj | 64512 |    28 |   48 | 1.00 | 1.00 |        99.9 |    93.1 |    96.4 
     ajbc-ckba-jk | 64512 |    48 |   28 | 1.00 | 1.00 |       120.2 |   128.9 |   109.5 
     abjc-kbac-jk | 37632 |    48 |   48 | 1.00 | 1.00 |       170.3 |   138.0 |   144.1 
   abjcd-dkbac-jk | 82944 |    24 |   12 | 1.00 | 1.00 |        46.7 |    46.2 |    47.7 
   adbjc-cbdka-kj | 82944 |    12 |   24 | 1.00 | 1.00 |        38.5 |    37.0 |    40.3 
   ajbdc-ckbad-jk | 82944 |    24 |   12 | 1.00 | 1.00 |        43.0 |    48.3 |    49.7 
 abcijk-ijma-mkbc |  4608 |   512 |   24 | 1.00 | 0.94 |       190.8 |   198.3 |   201.9 
 abcijk-ijmb-mkac |  1536 |  1536 |   24 | 1.00 | 0.50 |       218.7 |   219.8 |   212.5 
 abcijk-ijmc-mkab |  1536 |  1536 |   24 | 1.00 | 0.50 |       229.2 |   236.6 |   214.6 
 abcijk-ikma-mjbc |  4608 |   512 |   24 | 1.00 | 0.94 |       196.3 |   194.1 |   200.2 
 abcijk-ikmb-mjac |  1536 |  1536 |   24 | 1.00 | 0.50 |       214.9 |   221.3 |   205.7 
 abcijk-ikmc-mjab |  1536 |  1536 |   24 | 1.00 | 0.50 |       233.8 |   218.9 |   207.0 
 abcijk-jkma-mibc |  4608 |   512 |   24 | 1.00 | 0.94 |       184.6 |   200.1 |   201.1 
 abcijk-jkmb-miac |  1536 |  1536 |   24 | 1.00 | 0.50 |       215.2 |   215.3 |   217.2 
 abcijk-jkmc-miab |  1536 |  1536 |   24 | 1.00 | 0.50 |       235.8 |   226.3 |   223.6 
 abcijk-eiab-jkec |  1536 |  1536 |   24 | 1.00 | 0.50 |       210.0 |   221.0 |   220.5 
 abcijk-eiac-jkeb |  1536 |  1536 |   24 | 1.00 | 0.50 |       222.9 |   226.3 |   216.2 
 abcijk-eibc-jkea |   512 |  4608 |   24 | 1.00 | 0.94 |       188.7 |   193.7 |   196.5 
 abcijk-ejab-ikec |  1536 |  1536 |   24 | 1.00 | 0.50 |       221.1 |   223.8 |   216.0 
 abcijk-ejac-ikeb |  1536 |  1536 |   24 | 1.00 | 0.50 |       218.4 |   214.9 |   205.6 
 abcijk-ejbc-ikea |   512 |  4608 |   24 | 1.00 | 0.94 |       195.9 |   194.3 |   200.1 
 abcijk-ekab-ijec |  1536 |  1536 |   24 | 1.00 | 0.50 |       232.2 |   221.5 |   210.9 
 abcijk-ekac-ijeb |  1536 |  1536 |   24 | 1.00 | 0.50 |       218.2 |   221.9 |   213.5 
 abcijk-ekbc-ijea |   512 |  4608 |   24 | 1.00 | 0.94 |       184.6 |   192.8 |   185.7 
       abc-bk-akc |    96 |  7680 |   80 | 1.00 | 1.00 |       110.6 |   106.9 |   107.2 

=== complex efficiency ratio (c32 GF/s over f32 GF/s; 1.0 = no penalty) ===
             case | planar c32/f32 | 1m c32/f32 | 3m c32/f32 
------------------+----------------+------------+------------
         ij-ik-kj |          1.921 |      1.762 |      1.394 
       ij-ikl-ljk |          2.969 |      2.934 |      2.685 
       ij-kil-lkj |          2.751 |      2.421 |      2.479 
       ijk-ikl-lj |          3.294 |      3.893 |      3.339 
       ijk-il-jlk |          3.134 |      2.862 |      2.985 
       ijk-ilk-jl |          3.084 |      3.185 |      3.299 
       ijk-ilk-lj |          3.853 |      3.416 |      3.355 
     ijk-ilmk-mjl |          3.556 |      3.077 |      3.369 
   ijkl-imjn-lnkm |          1.933 |      1.963 |      2.014 
   ijkl-imjn-nlmk |          2.264 |      2.223 |      2.050 
   ijkl-imkn-jnlm |          2.470 |      1.974 |      2.006 
   ijkl-imkn-njml |          1.878 |      2.068 |      1.791 
   ijkl-imln-jnkm |          2.107 |      1.832 |      1.875 
   ijkl-imln-njmk |          1.985 |      1.955 |      1.679 
   ijkl-imnj-nlkm |          2.156 |      1.605 |      1.683 
   ijkl-imnk-njml |          1.657 |      1.550 |      1.523 
   ijkl-minj-nlmk |          1.638 |      1.703 |      1.163 
   ijkl-mink-jnlm |          1.416 |      1.416 |      1.567 
   ijkl-minl-njmk |          1.723 |      1.868 |      1.464 
     aqrs-pa-pqrs |          4.404 |      4.294 |      3.787 
     abrs-qb-aqrs |          3.023 |      3.114 |      3.453 
     abcs-rc-abrs |          2.899 |      2.493 |      2.303 
       abj-bka-kj |          3.049 |      3.307 |      3.193 
       ajb-kba-jk |          3.403 |      3.267 |      3.265 
     abjc-cbka-kj |          2.348 |      2.188 |      2.268 
     ajbc-ckba-jk |          2.870 |      3.079 |      2.615 
     abjc-kbac-jk |          3.571 |      2.894 |      3.022 
   abjcd-dkbac-jk |          3.509 |      3.474 |      3.584 
   adbjc-cbdka-kj |          3.205 |      3.086 |      3.355 
   ajbdc-ckbad-jk |          3.463 |      3.882 |      4.000 
 abcijk-ijma-mkbc |          2.793 |      2.902 |      2.956 
 abcijk-ijmb-mkac |          3.003 |      3.017 |      2.917 
 abcijk-ijmc-mkab |          3.294 |      3.401 |      3.084 
 abcijk-ikma-mjbc |          2.972 |      2.939 |      3.032 
 abcijk-ikmb-mjac |          2.993 |      3.082 |      2.865 
 abcijk-ikmc-mjab |          3.183 |      2.981 |      2.819 
 abcijk-jkma-mibc |          2.874 |      3.116 |      3.131 
 abcijk-jkmb-miac |          3.005 |      3.007 |      3.033 
 abcijk-jkmc-miab |          3.298 |      3.165 |      3.127 
 abcijk-eiab-jkec |          2.812 |      2.959 |      2.952 
 abcijk-eiac-jkeb |          2.997 |      3.043 |      2.907 
 abcijk-eibc-jkea |          2.890 |      2.967 |      3.009 
 abcijk-ejab-ikec |          3.150 |      3.188 |      3.077 
 abcijk-ejac-ikeb |          3.078 |      3.029 |      2.898 
 abcijk-ejbc-ikea |          2.964 |      2.940 |      3.027 
 abcijk-ekab-ijec |          3.391 |      3.234 |      3.079 
 abcijk-ekac-ijeb |          2.930 |      2.981 |      2.868 
 abcijk-ekbc-ijea |          2.834 |      2.961 |      2.852 
       abc-bk-akc |          3.353 |      3.241 |      3.249 
             MEAN |          2.844 |      2.795 |      2.723 

wrote bench-results/worker5139-zen2/phase4g/sm-s4-t64-f32c32.csv
