host        : worker5040
target      : x86_64 / linux
cpu features: avx2 fma 
caches      : L1=32KiB/8-way/1sh L2=512KiB/8-way/1sh L3=16384KiB/16-way/4sh (via sysfs), blocking=legacy
baselines   : tblis=false blas=false

sweeping 49 cases at 64 MiB nominal tensor size, 3 reps, stress=none


=== f64 ===
             case |      m |      n |     k | regA | regB | planar GF/s | 1m GF/s | 3m GF/s 
------------------+--------+--------+-------+------+------+-------------+---------+---------
         ij-ik-kj |   2904 |   2896 |  2904 | 1.00 | 1.00 |        40.5 |    40.5 |    40.5 
       ij-ikl-ljk |    216 |    204 | 44064 | 1.00 | 1.00 |        31.7 |    31.7 |    31.7 
       ij-kil-lkj |    216 |    204 | 46656 | 1.00 | 1.00 |        32.3 |    32.3 |    32.3 
       ijk-ikl-lj |  44064 |    204 |   216 | 1.00 | 1.00 |        32.5 |    32.5 |    32.5 
       ijk-il-jlk |    216 |  44064 |   204 | 1.00 | 1.00 |        33.5 |    33.5 |    33.5 
       ijk-ilk-jl |  44064 |    216 |   204 | 1.00 | 1.00 |        39.3 |    39.3 |    39.3 
       ijk-ilk-lj |  44064 |    204 |   216 | 1.00 | 1.00 |        38.8 |    38.8 |    38.8 
     ijk-ilmk-mjl |   3744 |     52 |  3744 | 1.00 | 1.00 |        28.6 |    28.6 |    28.6 
   ijkl-imjn-lnkm |   3744 |   3744 |  2704 | 1.00 | 0.92 |        40.5 |    40.5 |    40.5 
   ijkl-imjn-nlmk |   3744 |   2704 |  3744 | 1.00 | 0.92 |        40.5 |    40.5 |    40.5 
   ijkl-imkn-jnlm |   3744 |   3744 |  2704 | 1.00 | 1.00 |        39.1 |    39.1 |    39.1 
   ijkl-imkn-njml |   3744 |   2704 |  3744 | 1.00 | 0.92 |        39.1 |    39.1 |    39.1 
   ijkl-imln-jnkm |   3744 |   3744 |  2704 | 1.00 | 1.00 |        38.9 |    38.9 |    38.9 
   ijkl-imln-njmk |   3744 |   2704 |  3744 | 1.00 | 0.92 |        39.2 |    39.2 |    39.2 
   ijkl-imnj-nlkm |   3744 |   2704 |  3744 | 1.00 | 0.92 |        40.9 |    40.9 |    40.9 
   ijkl-imnk-njml |   3744 |   2704 |  3744 | 1.00 | 0.92 |        39.3 |    39.3 |    39.3 
   ijkl-minj-nlmk |   3744 |   2704 |  5184 | 1.00 | 0.92 |        40.0 |    40.0 |    40.0 
   ijkl-mink-jnlm |   3744 |   3744 |  3744 | 1.00 | 1.00 |        38.7 |    38.7 |    38.7 
   ijkl-minl-njmk |   3744 |   2704 |  5184 | 1.00 | 0.92 |        38.6 |    38.6 |    38.6 
     aqrs-pa-pqrs |     72 | 140608 |    72 | 1.00 | 1.00 |        23.8 |    23.8 |    23.8 
     abrs-qb-aqrs |     52 | 194688 |    72 | 1.00 | 1.00 |        23.8 |    23.8 |    23.8 
     abcs-rc-abrs |     52 | 194688 |    72 | 1.00 | 1.00 |        22.3 |    22.3 |    22.3 
       abj-bka-kj |  46656 |    204 |   216 | 1.00 | 1.00 |        35.5 |    35.5 |    35.5 
       ajb-kba-jk |  44064 |    216 |   216 | 1.00 | 1.00 |        40.1 |    40.1 |    40.1 
     abjc-cbka-kj | 269568 |     52 |    72 | 1.00 | 1.00 |        11.0 |    11.0 |    11.0 
     ajbc-ckba-jk | 269568 |     72 |    52 | 1.00 | 1.00 |        17.7 |    17.7 |    17.7 
     abjc-kbac-jk | 194688 |     72 |    72 | 1.00 | 1.00 |        30.6 |    30.6 |    30.6 
   abjcd-dkbac-jk | 331776 |     24 |    24 | 1.00 | 1.00 |         5.0 |     5.0 |     5.0 
   adbjc-cbdka-kj | 331776 |     24 |    24 | 1.00 | 1.00 |         4.1 |     4.1 |     4.1 
   ajbdc-ckbad-jk | 331776 |     24 |    24 | 1.00 | 1.00 |         4.6 |     4.6 |     4.6 
 abcijk-ijma-mkbc |   9216 |   4096 |    24 | 1.00 | 0.99 |        21.0 |    21.0 |    21.0 
 abcijk-ijmb-mkac |   6144 |   6144 |    24 | 1.00 | 0.75 |        18.9 |    18.9 |    18.9 
 abcijk-ijmc-mkab |   6144 |   6144 |    24 | 1.00 | 0.75 |        23.9 |    23.9 |    23.9 
 abcijk-ikma-mjbc |   9216 |   4096 |    24 | 1.00 | 0.99 |        21.2 |    21.2 |    21.2 
 abcijk-ikmb-mjac |   6144 |   6144 |    24 | 1.00 | 0.75 |        18.8 |    18.8 |    18.8 
 abcijk-ikmc-mjab |   6144 |   6144 |    24 | 1.00 | 0.75 |        23.8 |    23.8 |    23.8 
 abcijk-jkma-mibc |   9216 |   4096 |    24 | 1.00 | 0.99 |        21.6 |    21.6 |    21.6 
 abcijk-jkmb-miac |   6144 |   6144 |    24 | 1.00 | 0.75 |        18.1 |    18.1 |    18.1 
 abcijk-jkmc-miab |   6144 |   6144 |    24 | 1.00 | 0.75 |        21.7 |    21.7 |    21.7 
 abcijk-eiab-jkec |   6144 |   6144 |    24 | 1.00 | 0.75 |        22.0 |    22.0 |    22.0 
 abcijk-eiac-jkeb |   6144 |   6144 |    24 | 1.00 | 0.75 |        18.4 |    18.4 |    18.4 
 abcijk-eibc-jkea |   4096 |   9216 |    24 | 1.00 | 0.99 |        21.4 |    21.4 |    21.4 
 abcijk-ejab-ikec |   6144 |   6144 |    24 | 1.00 | 0.75 |        23.8 |    23.8 |    23.8 
 abcijk-ejac-ikeb |   6144 |   6144 |    24 | 1.00 | 0.75 |        18.8 |    18.8 |    18.8 
 abcijk-ejbc-ikea |   4096 |   9216 |    24 | 1.00 | 0.99 |        20.9 |    20.9 |    20.9 
 abcijk-ekab-ijec |   6144 |   6144 |    24 | 1.00 | 0.75 |        23.7 |    23.7 |    23.7 
 abcijk-ekac-ijeb |   6144 |   6144 |    24 | 1.00 | 0.75 |        18.8 |    18.8 |    18.8 
 abcijk-ekbc-ijea |   4096 |   9216 |    24 | 1.00 | 0.99 |        21.4 |    21.4 |    21.4 
       abc-bk-akc |    216 |  44064 |   204 | 1.00 | 1.00 |        39.3 |    39.3 |    39.3 

=== c64 ===
             case |      m |      n |     k | regA | regB | planar GF/s | 1m GF/s | 3m GF/s 
------------------+--------+--------+-------+------+------+-------------+---------+---------
         ij-ik-kj |   2904 |   2896 |  2904 | 1.00 | 1.00 |        42.8 |    42.8 |    41.8 
       ij-ikl-ljk |    216 |    204 | 44064 | 1.00 | 1.00 |        38.9 |    40.1 |    35.7 
       ij-kil-lkj |    216 |    204 | 46656 | 1.00 | 1.00 |        38.8 |    39.5 |    39.0 
       ijk-ikl-lj |  44064 |    204 |   216 | 1.00 | 1.00 |        39.7 |    39.5 |    39.7 
       ijk-il-jlk |    216 |  44064 |   204 | 1.00 | 0.98 |        41.7 |    44.0 |    39.3 
       ijk-ilk-jl |  44064 |    216 |   204 | 1.00 | 1.00 |        42.4 |    44.7 |    40.0 
       ijk-ilk-lj |  44064 |    204 |   216 | 1.00 | 1.00 |        42.7 |    44.6 |    39.4 
     ijk-ilmk-mjl |   3744 |     52 |  3744 | 1.00 | 1.00 |        34.2 |    35.0 |    28.9 
   ijkl-imjn-lnkm |   3744 |   3744 |  2704 | 1.00 | 0.92 |        43.4 |    44.7 |    41.8 
   ijkl-imjn-nlmk |   3744 |   2704 |  3744 | 1.00 | 0.92 |        43.7 |    44.8 |    41.8 
   ijkl-imkn-jnlm |   3744 |   3744 |  2704 | 1.00 | 0.95 |        43.0 |    43.6 |    40.4 
   ijkl-imkn-njml |   3744 |   2704 |  3744 | 1.00 | 0.92 |        42.9 |    44.0 |    40.4 
   ijkl-imln-jnkm |   3744 |   3744 |  2704 | 1.00 | 0.95 |        42.8 |    44.1 |    40.5 
   ijkl-imln-njmk |   3744 |   2704 |  3744 | 1.00 | 0.92 |        42.8 |    44.0 |    40.5 
   ijkl-imnj-nlkm |   3744 |   2704 |  3744 | 1.00 | 0.92 |        43.6 |    45.2 |    42.0 
   ijkl-imnk-njml |   3744 |   2704 |  3744 | 1.00 | 0.92 |        42.9 |    44.0 |    40.5 
   ijkl-minj-nlmk |   3744 |   2704 |  5184 | 1.00 | 0.92 |        43.1 |    44.4 |    43.1 
   ijkl-mink-jnlm |   3744 |   3744 |  3744 | 1.00 | 0.95 |        42.6 |    43.7 |    41.8 
   ijkl-minl-njmk |   3744 |   2704 |  5184 | 1.00 | 0.92 |        42.5 |    43.4 |    41.6 
     aqrs-pa-pqrs |     72 | 140608 |    72 | 1.00 | 1.00 |        31.6 |    34.0 |    31.7 
     abrs-qb-aqrs |     52 | 194688 |    72 | 1.00 | 1.00 |        29.8 |    32.2 |    26.7 
     abcs-rc-abrs |     52 | 194688 |    72 | 1.00 | 1.00 |        29.2 |    32.4 |    30.6 
       abj-bka-kj |  46656 |    204 |   216 | 1.00 | 1.00 |        41.7 |    40.4 |    41.8 
       ajb-kba-jk |  44064 |    216 |   216 | 1.00 | 1.00 |        42.9 |    45.3 |    44.2 
     abjc-cbka-kj | 269568 |     52 |    72 | 1.00 | 1.00 |        19.1 |    17.1 |    19.2 
     ajbc-ckba-jk | 269568 |     72 |    52 | 1.00 | 1.00 |        20.9 |    19.2 |    19.9 
     abjc-kbac-jk | 194688 |     72 |    72 | 1.00 | 1.00 |        34.6 |    38.1 |    38.0 
   abjcd-dkbac-jk | 331776 |     24 |    24 | 1.00 | 1.00 |        10.6 |    10.0 |    10.7 
   adbjc-cbdka-kj | 331776 |     24 |    24 | 1.00 | 1.00 |         9.9 |     8.7 |     9.1 
   ajbdc-ckbad-jk | 331776 |     24 |    24 | 1.00 | 1.00 |        10.5 |     9.0 |     9.7 
 abcijk-ijma-mkbc |   9216 |   4096 |    24 | 1.00 | 0.99 |        25.8 |    29.1 |    25.6 
 abcijk-ijmb-mkac |   6144 |   6144 |    24 | 1.00 | 0.75 |        26.0 |    28.6 |    25.4 
 abcijk-ijmc-mkab |   6144 |   6144 |    24 | 1.00 | 0.75 |        29.3 |    33.2 |    28.3 
 abcijk-ikma-mjbc |   9216 |   4096 |    24 | 1.00 | 0.99 |        25.7 |    28.9 |    25.6 
 abcijk-ikmb-mjac |   6144 |   6144 |    24 | 1.00 | 0.75 |        26.0 |    28.8 |    25.7 
 abcijk-ikmc-mjab |   6144 |   6144 |    24 | 1.00 | 0.75 |        29.0 |    33.0 |    28.1 
 abcijk-jkma-mibc |   9216 |   4096 |    24 | 1.00 | 0.99 |        25.7 |    28.6 |    25.7 
 abcijk-jkmb-miac |   6144 |   6144 |    24 | 1.00 | 0.75 |        24.8 |    27.1 |    24.9 
 abcijk-jkmc-miab |   6144 |   6144 |    24 | 1.00 | 0.75 |        27.9 |    29.3 |    27.6 
 abcijk-eiab-jkec |   6144 |   6144 |    24 | 1.00 | 0.75 |        27.9 |    29.4 |    27.6 
 abcijk-eiac-jkeb |   6144 |   6144 |    24 | 1.00 | 0.75 |        25.3 |    27.1 |    24.9 
 abcijk-eibc-jkea |   4096 |   9216 |    24 | 1.00 | 0.99 |        25.9 |    28.7 |    25.5 
 abcijk-ejab-ikec |   6144 |   6144 |    24 | 1.00 | 0.75 |        29.0 |    32.8 |    28.1 
 abcijk-ejac-ikeb |   6144 |   6144 |    24 | 1.00 | 0.75 |        25.6 |    28.4 |    25.1 
 abcijk-ejbc-ikea |   4096 |   9216 |    24 | 1.00 | 0.99 |        25.8 |    28.7 |    25.6 
 abcijk-ekab-ijec |   6144 |   6144 |    24 | 1.00 | 0.75 |        28.9 |    32.8 |    28.1 
 abcijk-ekac-ijeb |   6144 |   6144 |    24 | 1.00 | 0.75 |        25.9 |    28.7 |    25.5 
 abcijk-ekbc-ijea |   4096 |   9216 |    24 | 1.00 | 0.99 |        26.3 |    29.2 |    25.8 
       abc-bk-akc |    216 |  44064 |   204 | 1.00 | 1.00 |        43.1 |    45.3 |    40.8 

=== complex efficiency ratio (c64 GF/s over f64 GF/s; 1.0 = no penalty) ===
             case | planar c64/f64 | 1m c64/f64 | 3m c64/f64 
------------------+----------------+------------+------------
         ij-ik-kj |          1.057 |      1.055 |      1.031 
       ij-ikl-ljk |          1.228 |      1.266 |      1.127 
       ij-kil-lkj |          1.202 |      1.222 |      1.205 
       ijk-ikl-lj |          1.222 |      1.215 |      1.219 
       ijk-il-jlk |          1.247 |      1.314 |      1.175 
       ijk-ilk-jl |          1.080 |      1.138 |      1.018 
       ijk-ilk-lj |          1.101 |      1.148 |      1.015 
     ijk-ilmk-mjl |          1.196 |      1.222 |      1.011 
   ijkl-imjn-lnkm |          1.072 |      1.103 |      1.032 
   ijkl-imjn-nlmk |          1.080 |      1.108 |      1.032 
   ijkl-imkn-jnlm |          1.099 |      1.114 |      1.032 
   ijkl-imkn-njml |          1.096 |      1.124 |      1.034 
   ijkl-imln-jnkm |          1.100 |      1.131 |      1.041 
   ijkl-imln-njmk |          1.094 |      1.125 |      1.036 
   ijkl-imnj-nlkm |          1.065 |      1.103 |      1.026 
   ijkl-imnk-njml |          1.093 |      1.121 |      1.030 
   ijkl-minj-nlmk |          1.077 |      1.109 |      1.078 
   ijkl-mink-jnlm |          1.101 |      1.129 |      1.080 
   ijkl-minl-njmk |          1.100 |      1.123 |      1.077 
     aqrs-pa-pqrs |          1.326 |      1.425 |      1.328 
     abrs-qb-aqrs |          1.253 |      1.351 |      1.121 
     abcs-rc-abrs |          1.311 |      1.452 |      1.370 
       abj-bka-kj |          1.173 |      1.136 |      1.177 
       ajb-kba-jk |          1.069 |      1.130 |      1.103 
     abjc-cbka-kj |          1.738 |      1.560 |      1.753 
     ajbc-ckba-jk |          1.178 |      1.084 |      1.124 
     abjc-kbac-jk |          1.132 |      1.243 |      1.241 
   abjcd-dkbac-jk |          2.128 |      1.991 |      2.136 
   adbjc-cbdka-kj |          2.406 |      2.101 |      2.214 
   ajbdc-ckbad-jk |          2.266 |      1.946 |      2.105 
 abcijk-ijma-mkbc |          1.227 |      1.386 |      1.222 
 abcijk-ijmb-mkac |          1.378 |      1.518 |      1.347 
 abcijk-ijmc-mkab |          1.224 |      1.386 |      1.183 
 abcijk-ikma-mjbc |          1.209 |      1.360 |      1.204 
 abcijk-ikmb-mjac |          1.386 |      1.533 |      1.368 
 abcijk-ikmc-mjab |          1.218 |      1.384 |      1.180 
 abcijk-jkma-mibc |          1.194 |      1.325 |      1.193 
 abcijk-jkmb-miac |          1.369 |      1.496 |      1.373 
 abcijk-jkmc-miab |          1.285 |      1.348 |      1.270 
 abcijk-eiab-jkec |          1.269 |      1.338 |      1.252 
 abcijk-eiac-jkeb |          1.377 |      1.477 |      1.353 
 abcijk-eibc-jkea |          1.208 |      1.340 |      1.192 
 abcijk-ejab-ikec |          1.220 |      1.380 |      1.181 
 abcijk-ejac-ikeb |          1.361 |      1.510 |      1.335 
 abcijk-ejbc-ikea |          1.235 |      1.374 |      1.224 
 abcijk-ekab-ijec |          1.223 |      1.385 |      1.189 
 abcijk-ekac-ijeb |          1.378 |      1.527 |      1.356 
 abcijk-ekbc-ijea |          1.226 |      1.363 |      1.206 
       abc-bk-akc |          1.097 |      1.154 |      1.040 
             MEAN |          1.273 |      1.324 |      1.237 

wrote bench-results/worker5040-zen2/placement/p01.csv
