host        : worker5040
target      : x86_64 / linux
cpu features: avx2 fma 
caches      : L1=32KiB/8-way/1sh L2=512KiB/8-way/1sh L3=16384KiB/16-way/4sh (via sysfs), blocking=legacy
baselines   : tblis=false blas=false

sweeping 49 cases at 64 MiB nominal tensor size, 3 reps, stress=none


=== f64 ===
             case |      m |      n |     k | regA | regB | planar GF/s | 1m GF/s | 3m GF/s 
------------------+--------+--------+-------+------+------+-------------+---------+---------
         ij-ik-kj |   2904 |   2896 |  2904 | 1.00 | 1.00 |        40.7 |    40.7 |    40.7 
       ij-ikl-ljk |    216 |    204 | 44064 | 1.00 | 1.00 |        32.1 |    32.1 |    32.1 
       ij-kil-lkj |    216 |    204 | 46656 | 1.00 | 1.00 |        32.1 |    32.1 |    32.1 
       ijk-ikl-lj |  44064 |    204 |   216 | 1.00 | 1.00 |        32.5 |    32.5 |    32.5 
       ijk-il-jlk |    216 |  44064 |   204 | 1.00 | 1.00 |        34.0 |    34.0 |    34.0 
       ijk-ilk-jl |  44064 |    216 |   204 | 1.00 | 1.00 |        39.3 |    39.3 |    39.3 
       ijk-ilk-lj |  44064 |    204 |   216 | 1.00 | 1.00 |        38.9 |    38.9 |    38.9 
     ijk-ilmk-mjl |   3744 |     52 |  3744 | 1.00 | 1.00 |        29.0 |    29.0 |    29.0 
   ijkl-imjn-lnkm |   3744 |   3744 |  2704 | 1.00 | 0.92 |        40.9 |    40.9 |    40.9 
   ijkl-imjn-nlmk |   3744 |   2704 |  3744 | 1.00 | 0.92 |        40.8 |    40.8 |    40.8 
   ijkl-imkn-jnlm |   3744 |   3744 |  2704 | 1.00 | 1.00 |        39.2 |    39.2 |    39.2 
   ijkl-imkn-njml |   3744 |   2704 |  3744 | 1.00 | 0.92 |        39.3 |    39.3 |    39.3 
   ijkl-imln-jnkm |   3744 |   3744 |  2704 | 1.00 | 1.00 |        39.3 |    39.3 |    39.3 
   ijkl-imln-njmk |   3744 |   2704 |  3744 | 1.00 | 0.92 |        39.4 |    39.4 |    39.4 
   ijkl-imnj-nlkm |   3744 |   2704 |  3744 | 1.00 | 0.92 |        41.4 |    41.4 |    41.4 
   ijkl-imnk-njml |   3744 |   2704 |  3744 | 1.00 | 0.92 |        39.6 |    39.6 |    39.6 
   ijkl-minj-nlmk |   3744 |   2704 |  5184 | 1.00 | 0.92 |        40.4 |    40.4 |    40.4 
   ijkl-mink-jnlm |   3744 |   3744 |  3744 | 1.00 | 1.00 |        39.1 |    39.1 |    39.1 
   ijkl-minl-njmk |   3744 |   2704 |  5184 | 1.00 | 0.92 |        39.1 |    39.1 |    39.1 
     aqrs-pa-pqrs |     72 | 140608 |    72 | 1.00 | 1.00 |        24.4 |    24.4 |    24.4 
     abrs-qb-aqrs |     52 | 194688 |    72 | 1.00 | 1.00 |        23.7 |    23.7 |    23.7 
     abcs-rc-abrs |     52 | 194688 |    72 | 1.00 | 1.00 |        22.8 |    22.8 |    22.8 
       abj-bka-kj |  46656 |    204 |   216 | 1.00 | 1.00 |        35.6 |    35.6 |    35.6 
       ajb-kba-jk |  44064 |    216 |   216 | 1.00 | 1.00 |        40.4 |    40.4 |    40.4 
     abjc-cbka-kj | 269568 |     52 |    72 | 1.00 | 1.00 |        10.9 |    10.9 |    10.9 
     ajbc-ckba-jk | 269568 |     72 |    52 | 1.00 | 1.00 |        17.9 |    17.9 |    17.9 
     abjc-kbac-jk | 194688 |     72 |    72 | 1.00 | 1.00 |        30.6 |    30.6 |    30.6 
   abjcd-dkbac-jk | 331776 |     24 |    24 | 1.00 | 1.00 |         5.1 |     5.1 |     5.1 
   adbjc-cbdka-kj | 331776 |     24 |    24 | 1.00 | 1.00 |         4.2 |     4.2 |     4.2 
   ajbdc-ckbad-jk | 331776 |     24 |    24 | 1.00 | 1.00 |         4.7 |     4.7 |     4.7 
 abcijk-ijma-mkbc |   9216 |   4096 |    24 | 1.00 | 0.99 |        21.2 |    21.2 |    21.2 
 abcijk-ijmb-mkac |   6144 |   6144 |    24 | 1.00 | 0.75 |        18.7 |    18.7 |    18.7 
 abcijk-ijmc-mkab |   6144 |   6144 |    24 | 1.00 | 0.75 |        23.5 |    23.5 |    23.5 
 abcijk-ikma-mjbc |   9216 |   4096 |    24 | 1.00 | 0.99 |        21.1 |    21.1 |    21.1 
 abcijk-ikmb-mjac |   6144 |   6144 |    24 | 1.00 | 0.75 |        18.6 |    18.6 |    18.6 
 abcijk-ikmc-mjab |   6144 |   6144 |    24 | 1.00 | 0.75 |        23.3 |    23.3 |    23.3 
 abcijk-jkma-mibc |   9216 |   4096 |    24 | 1.00 | 0.99 |        21.5 |    21.5 |    21.5 
 abcijk-jkmb-miac |   6144 |   6144 |    24 | 1.00 | 0.75 |        18.3 |    18.3 |    18.3 
 abcijk-jkmc-miab |   6144 |   6144 |    24 | 1.00 | 0.75 |        21.3 |    21.3 |    21.3 
 abcijk-eiab-jkec |   6144 |   6144 |    24 | 1.00 | 0.75 |        21.6 |    21.6 |    21.6 
 abcijk-eiac-jkeb |   6144 |   6144 |    24 | 1.00 | 0.75 |        18.2 |    18.2 |    18.2 
 abcijk-eibc-jkea |   4096 |   9216 |    24 | 1.00 | 0.99 |        21.4 |    21.4 |    21.4 
 abcijk-ejab-ikec |   6144 |   6144 |    24 | 1.00 | 0.75 |        23.6 |    23.6 |    23.6 
 abcijk-ejac-ikeb |   6144 |   6144 |    24 | 1.00 | 0.75 |        18.7 |    18.7 |    18.7 
 abcijk-ejbc-ikea |   4096 |   9216 |    24 | 1.00 | 0.99 |        21.0 |    21.0 |    21.0 
 abcijk-ekab-ijec |   6144 |   6144 |    24 | 1.00 | 0.75 |        23.6 |    23.6 |    23.6 
 abcijk-ekac-ijeb |   6144 |   6144 |    24 | 1.00 | 0.75 |        18.7 |    18.7 |    18.7 
 abcijk-ekbc-ijea |   4096 |   9216 |    24 | 1.00 | 0.99 |        21.1 |    21.1 |    21.1 
       abc-bk-akc |    216 |  44064 |   204 | 1.00 | 1.00 |        38.9 |    38.9 |    38.9 

=== c64 ===
             case |      m |      n |     k | regA | regB | planar GF/s | 1m GF/s | 3m GF/s 
------------------+--------+--------+-------+------+------+-------------+---------+---------
         ij-ik-kj |   2904 |   2896 |  2904 | 1.00 | 1.00 |        42.9 |    43.2 |    41.7 
       ij-ikl-ljk |    216 |    204 | 44064 | 1.00 | 1.00 |        38.8 |    40.1 |    35.2 
       ij-kil-lkj |    216 |    204 | 46656 | 1.00 | 1.00 |        38.6 |    39.7 |    38.7 
       ijk-ikl-lj |  44064 |    204 |   216 | 1.00 | 1.00 |        39.6 |    39.2 |    39.0 
       ijk-il-jlk |    216 |  44064 |   204 | 1.00 | 0.98 |        41.6 |    43.8 |    38.7 
       ijk-ilk-jl |  44064 |    216 |   204 | 1.00 | 1.00 |        41.9 |    44.8 |    39.2 
       ijk-ilk-lj |  44064 |    204 |   216 | 1.00 | 1.00 |        42.7 |    45.2 |    39.6 
     ijk-ilmk-mjl |   3744 |     52 |  3744 | 1.00 | 1.00 |        34.6 |    34.9 |    28.6 
   ijkl-imjn-lnkm |   3744 |   3744 |  2704 | 1.00 | 0.92 |        43.3 |    45.0 |    41.7 
   ijkl-imjn-nlmk |   3744 |   2704 |  3744 | 1.00 | 0.92 |        43.6 |    45.1 |    41.7 
   ijkl-imkn-jnlm |   3744 |   3744 |  2704 | 1.00 | 0.95 |        42.9 |    43.6 |    40.2 
   ijkl-imkn-njml |   3744 |   2704 |  3744 | 1.00 | 0.92 |        43.1 |    44.0 |    40.6 
   ijkl-imln-jnkm |   3744 |   3744 |  2704 | 1.00 | 0.95 |        43.0 |    44.0 |    40.8 
   ijkl-imln-njmk |   3744 |   2704 |  3744 | 1.00 | 0.92 |        43.0 |    43.9 |    40.6 
   ijkl-imnj-nlkm |   3744 |   2704 |  3744 | 1.00 | 0.92 |        43.8 |    45.3 |    42.4 
   ijkl-imnk-njml |   3744 |   2704 |  3744 | 1.00 | 0.92 |        43.1 |    43.9 |    40.6 
   ijkl-minj-nlmk |   3744 |   2704 |  5184 | 1.00 | 0.92 |        43.3 |    44.6 |    43.4 
   ijkl-mink-jnlm |   3744 |   3744 |  3744 | 1.00 | 0.95 |        42.8 |    43.6 |    42.0 
   ijkl-minl-njmk |   3744 |   2704 |  5184 | 1.00 | 0.92 |        42.6 |    43.2 |    41.7 
     aqrs-pa-pqrs |     72 | 140608 |    72 | 1.00 | 1.00 |        31.8 |    34.3 |    32.1 
     abrs-qb-aqrs |     52 | 194688 |    72 | 1.00 | 1.00 |        29.8 |    32.1 |    26.5 
     abcs-rc-abrs |     52 | 194688 |    72 | 1.00 | 1.00 |        28.7 |    32.2 |    30.3 
       abj-bka-kj |  46656 |    204 |   216 | 1.00 | 1.00 |        41.7 |    40.7 |    41.4 
       ajb-kba-jk |  44064 |    216 |   216 | 1.00 | 1.00 |        43.4 |    46.1 |    44.6 
     abjc-cbka-kj | 269568 |     52 |    72 | 1.00 | 1.00 |        19.5 |    17.1 |    19.2 
     ajbc-ckba-jk | 269568 |     72 |    52 | 1.00 | 1.00 |        20.8 |    19.3 |    20.7 
     abjc-kbac-jk | 194688 |     72 |    72 | 1.00 | 1.00 |        34.9 |    38.3 |    38.1 
   abjcd-dkbac-jk | 331776 |     24 |    24 | 1.00 | 1.00 |        11.1 |     9.7 |    10.7 
   adbjc-cbdka-kj | 331776 |     24 |    24 | 1.00 | 1.00 |         9.8 |     8.5 |     9.5 
   ajbdc-ckbad-jk | 331776 |     24 |    24 | 1.00 | 1.00 |        10.4 |     8.9 |    10.0 
 abcijk-ijma-mkbc |   9216 |   4096 |    24 | 1.00 | 0.99 |        26.1 |    29.1 |    25.8 
 abcijk-ijmb-mkac |   6144 |   6144 |    24 | 1.00 | 0.75 |        26.0 |    28.9 |    25.4 
 abcijk-ijmc-mkab |   6144 |   6144 |    24 | 1.00 | 0.75 |        29.4 |    33.2 |    28.4 
 abcijk-ikma-mjbc |   9216 |   4096 |    24 | 1.00 | 0.99 |        26.0 |    29.0 |    25.8 
 abcijk-ikmb-mjac |   6144 |   6144 |    24 | 1.00 | 0.75 |        26.0 |    28.8 |    25.6 
 abcijk-ikmc-mjab |   6144 |   6144 |    24 | 1.00 | 0.75 |        29.3 |    33.1 |    28.3 
 abcijk-jkma-mibc |   9216 |   4096 |    24 | 1.00 | 0.99 |        26.0 |    28.9 |    25.8 
 abcijk-jkmb-miac |   6144 |   6144 |    24 | 1.00 | 0.75 |        25.3 |    27.4 |    25.1 
 abcijk-jkmc-miab |   6144 |   6144 |    24 | 1.00 | 0.75 |        28.2 |    29.4 |    27.6 
 abcijk-eiab-jkec |   6144 |   6144 |    24 | 1.00 | 0.75 |        28.0 |    29.4 |    27.7 
 abcijk-eiac-jkeb |   6144 |   6144 |    24 | 1.00 | 0.75 |        25.3 |    27.4 |    25.1 
 abcijk-eibc-jkea |   4096 |   9216 |    24 | 1.00 | 0.99 |        25.8 |    28.8 |    25.6 
 abcijk-ejab-ikec |   6144 |   6144 |    24 | 1.00 | 0.75 |        29.2 |    33.0 |    28.2 
 abcijk-ejac-ikeb |   6144 |   6144 |    24 | 1.00 | 0.75 |        25.8 |    28.5 |    25.3 
 abcijk-ejbc-ikea |   4096 |   9216 |    24 | 1.00 | 0.99 |        25.9 |    28.9 |    25.7 
 abcijk-ekab-ijec |   6144 |   6144 |    24 | 1.00 | 0.75 |        29.1 |    33.0 |    28.2 
 abcijk-ekac-ijeb |   6144 |   6144 |    24 | 1.00 | 0.75 |        25.8 |    28.6 |    25.3 
 abcijk-ekbc-ijea |   4096 |   9216 |    24 | 1.00 | 0.99 |        25.8 |    28.8 |    25.8 
       abc-bk-akc |    216 |  44064 |   204 | 1.00 | 1.00 |        42.2 |    44.9 |    40.8 

=== complex efficiency ratio (c64 GF/s over f64 GF/s; 1.0 = no penalty) ===
             case | planar c64/f64 | 1m c64/f64 | 3m c64/f64 
------------------+----------------+------------+------------
         ij-ik-kj |          1.054 |      1.060 |      1.024 
       ij-ikl-ljk |          1.210 |      1.251 |      1.098 
       ij-kil-lkj |          1.202 |      1.236 |      1.206 
       ijk-ikl-lj |          1.217 |      1.207 |      1.198 
       ijk-il-jlk |          1.222 |      1.288 |      1.139 
       ijk-ilk-jl |          1.066 |      1.140 |      0.998 
       ijk-ilk-lj |          1.098 |      1.162 |      1.017 
     ijk-ilmk-mjl |          1.191 |      1.202 |      0.986 
   ijkl-imjn-lnkm |          1.059 |      1.099 |      1.020 
   ijkl-imjn-nlmk |          1.068 |      1.106 |      1.020 
   ijkl-imkn-jnlm |          1.092 |      1.112 |      1.024 
   ijkl-imkn-njml |          1.095 |      1.117 |      1.032 
   ijkl-imln-jnkm |          1.094 |      1.120 |      1.037 
   ijkl-imln-njmk |          1.090 |      1.112 |      1.030 
   ijkl-imnj-nlkm |          1.060 |      1.096 |      1.024 
   ijkl-imnk-njml |          1.088 |      1.109 |      1.026 
   ijkl-minj-nlmk |          1.072 |      1.103 |      1.074 
   ijkl-mink-jnlm |          1.095 |      1.115 |      1.074 
   ijkl-minl-njmk |          1.091 |      1.105 |      1.068 
     aqrs-pa-pqrs |          1.305 |      1.408 |      1.316 
     abrs-qb-aqrs |          1.258 |      1.355 |      1.119 
     abcs-rc-abrs |          1.262 |      1.415 |      1.331 
       abj-bka-kj |          1.171 |      1.144 |      1.163 
       ajb-kba-jk |          1.075 |      1.140 |      1.104 
     abjc-cbka-kj |          1.785 |      1.568 |      1.756 
     ajbc-ckba-jk |          1.165 |      1.081 |      1.156 
     abjc-kbac-jk |          1.140 |      1.252 |      1.244 
   abjcd-dkbac-jk |          2.178 |      1.899 |      2.111 
   adbjc-cbdka-kj |          2.336 |      2.031 |      2.275 
   ajbdc-ckbad-jk |          2.219 |      1.893 |      2.141 
 abcijk-ijma-mkbc |          1.231 |      1.376 |      1.218 
 abcijk-ijmb-mkac |          1.388 |      1.543 |      1.358 
 abcijk-ijmc-mkab |          1.252 |      1.414 |      1.210 
 abcijk-ikma-mjbc |          1.235 |      1.375 |      1.223 
 abcijk-ikmb-mjac |          1.399 |      1.551 |      1.376 
 abcijk-ikmc-mjab |          1.255 |      1.418 |      1.213 
 abcijk-jkma-mibc |          1.208 |      1.346 |      1.202 
 abcijk-jkmb-miac |          1.386 |      1.502 |      1.372 
 abcijk-jkmc-miab |          1.323 |      1.380 |      1.293 
 abcijk-eiab-jkec |          1.298 |      1.364 |      1.283 
 abcijk-eiac-jkeb |          1.389 |      1.505 |      1.383 
 abcijk-eibc-jkea |          1.209 |      1.348 |      1.197 
 abcijk-ejab-ikec |          1.237 |      1.398 |      1.194 
 abcijk-ejac-ikeb |          1.379 |      1.528 |      1.353 
 abcijk-ejbc-ikea |          1.234 |      1.376 |      1.224 
 abcijk-ekab-ijec |          1.231 |      1.394 |      1.193 
 abcijk-ekac-ijeb |          1.378 |      1.526 |      1.351 
 abcijk-ekbc-ijea |          1.224 |      1.367 |      1.225 
       abc-bk-akc |          1.085 |      1.153 |      1.049 
             MEAN |          1.273 |      1.322 |      1.239 

wrote bench-results/worker5040-zen2/placement/p02.csv
