host        : worker5040
target      : x86_64 / linux
cpu features: avx2 fma 
caches      : L1=32KiB/8-way/1sh L2=512KiB/8-way/1sh L3=16384KiB/16-way/4sh (via sysfs), blocking=legacy
baselines   : tblis=false blas=false

sweeping 49 cases at 64 MiB nominal tensor size, 3 reps, stress=none


=== f64 ===
             case |      m |      n |     k | regA | regB | planar GF/s | 1m GF/s | 3m GF/s 
------------------+--------+--------+-------+------+------+-------------+---------+---------
         ij-ik-kj |   2904 |   2896 |  2904 | 1.00 | 1.00 |        41.5 |    41.5 |    41.5 
       ij-ikl-ljk |    216 |    204 | 44064 | 1.00 | 1.00 |        33.3 |    33.3 |    33.3 
       ij-kil-lkj |    216 |    204 | 46656 | 1.00 | 1.00 |        33.1 |    33.1 |    33.1 
       ijk-ikl-lj |  44064 |    204 |   216 | 1.00 | 1.00 |        33.6 |    33.6 |    33.6 
       ijk-il-jlk |    216 |  44064 |   204 | 1.00 | 1.00 |        34.8 |    34.8 |    34.8 
       ijk-ilk-jl |  44064 |    216 |   204 | 1.00 | 1.00 |        40.5 |    40.5 |    40.5 
       ijk-ilk-lj |  44064 |    204 |   216 | 1.00 | 1.00 |        39.9 |    39.9 |    39.9 
     ijk-ilmk-mjl |   3744 |     52 |  3744 | 1.00 | 1.00 |        29.9 |    29.9 |    29.9 
   ijkl-imjn-lnkm |   3744 |   3744 |  2704 | 1.00 | 0.92 |        42.1 |    42.1 |    42.1 
   ijkl-imjn-nlmk |   3744 |   2704 |  3744 | 1.00 | 0.92 |        41.9 |    41.9 |    41.9 
   ijkl-imkn-jnlm |   3744 |   3744 |  2704 | 1.00 | 1.00 |        40.5 |    40.5 |    40.5 
   ijkl-imkn-njml |   3744 |   2704 |  3744 | 1.00 | 0.92 |        40.8 |    40.8 |    40.8 
   ijkl-imln-jnkm |   3744 |   3744 |  2704 | 1.00 | 1.00 |        40.8 |    40.8 |    40.8 
   ijkl-imln-njmk |   3744 |   2704 |  3744 | 1.00 | 0.92 |        41.0 |    41.0 |    41.0 
   ijkl-imnj-nlkm |   3744 |   2704 |  3744 | 1.00 | 0.92 |        42.5 |    42.5 |    42.5 
   ijkl-imnk-njml |   3744 |   2704 |  3744 | 1.00 | 0.92 |        41.0 |    41.0 |    41.0 
   ijkl-minj-nlmk |   3744 |   2704 |  5184 | 1.00 | 0.92 |        41.7 |    41.7 |    41.7 
   ijkl-mink-jnlm |   3744 |   3744 |  3744 | 1.00 | 1.00 |        40.4 |    40.4 |    40.4 
   ijkl-minl-njmk |   3744 |   2704 |  5184 | 1.00 | 0.92 |        40.2 |    40.2 |    40.2 
     aqrs-pa-pqrs |     72 | 140608 |    72 | 1.00 | 1.00 |        25.0 |    25.0 |    25.0 
     abrs-qb-aqrs |     52 | 194688 |    72 | 1.00 | 1.00 |        24.4 |    24.4 |    24.4 
     abcs-rc-abrs |     52 | 194688 |    72 | 1.00 | 1.00 |        21.8 |    21.8 |    21.8 
       abj-bka-kj |  46656 |    204 |   216 | 1.00 | 1.00 |        35.8 |    35.8 |    35.8 
       ajb-kba-jk |  44064 |    216 |   216 | 1.00 | 1.00 |        40.8 |    40.8 |    40.8 
     abjc-cbka-kj | 269568 |     52 |    72 | 1.00 | 1.00 |        10.5 |    10.5 |    10.5 
     ajbc-ckba-jk | 269568 |     72 |    52 | 1.00 | 1.00 |        17.7 |    17.7 |    17.7 
     abjc-kbac-jk | 194688 |     72 |    72 | 1.00 | 1.00 |        31.1 |    31.1 |    31.1 
   abjcd-dkbac-jk | 331776 |     24 |    24 | 1.00 | 1.00 |         4.9 |     4.9 |     4.9 
   adbjc-cbdka-kj | 331776 |     24 |    24 | 1.00 | 1.00 |         4.2 |     4.2 |     4.2 
   ajbdc-ckbad-jk | 331776 |     24 |    24 | 1.00 | 1.00 |         4.7 |     4.7 |     4.7 
 abcijk-ijma-mkbc |   9216 |   4096 |    24 | 1.00 | 0.99 |        21.2 |    21.2 |    21.2 
 abcijk-ijmb-mkac |   6144 |   6144 |    24 | 1.00 | 0.75 |        19.0 |    19.0 |    19.0 
 abcijk-ijmc-mkab |   6144 |   6144 |    24 | 1.00 | 0.75 |        23.8 |    23.8 |    23.8 
 abcijk-ikma-mjbc |   9216 |   4096 |    24 | 1.00 | 0.99 |        20.8 |    20.8 |    20.8 
 abcijk-ikmb-mjac |   6144 |   6144 |    24 | 1.00 | 0.75 |        18.9 |    18.9 |    18.9 
 abcijk-ikmc-mjab |   6144 |   6144 |    24 | 1.00 | 0.75 |        23.8 |    23.8 |    23.8 
 abcijk-jkma-mibc |   9216 |   4096 |    24 | 1.00 | 0.99 |        21.5 |    21.5 |    21.5 
 abcijk-jkmb-miac |   6144 |   6144 |    24 | 1.00 | 0.75 |        18.4 |    18.4 |    18.4 
 abcijk-jkmc-miab |   6144 |   6144 |    24 | 1.00 | 0.75 |        21.6 |    21.6 |    21.6 
 abcijk-eiab-jkec |   6144 |   6144 |    24 | 1.00 | 0.75 |        21.4 |    21.4 |    21.4 
 abcijk-eiac-jkeb |   6144 |   6144 |    24 | 1.00 | 0.75 |        18.2 |    18.2 |    18.2 
 abcijk-eibc-jkea |   4096 |   9216 |    24 | 1.00 | 0.99 |        21.6 |    21.6 |    21.6 
 abcijk-ejab-ikec |   6144 |   6144 |    24 | 1.00 | 0.75 |        23.8 |    23.8 |    23.8 
 abcijk-ejac-ikeb |   6144 |   6144 |    24 | 1.00 | 0.75 |        18.7 |    18.7 |    18.7 
 abcijk-ejbc-ikea |   4096 |   9216 |    24 | 1.00 | 0.99 |        21.2 |    21.2 |    21.2 
 abcijk-ekab-ijec |   6144 |   6144 |    24 | 1.00 | 0.75 |        23.7 |    23.7 |    23.7 
 abcijk-ekac-ijeb |   6144 |   6144 |    24 | 1.00 | 0.75 |        18.8 |    18.8 |    18.8 
 abcijk-ekbc-ijea |   4096 |   9216 |    24 | 1.00 | 0.99 |        21.1 |    21.1 |    21.1 
       abc-bk-akc |    216 |  44064 |   204 | 1.00 | 1.00 |        40.3 |    40.3 |    40.3 

=== c64 ===
             case |      m |      n |     k | regA | regB | planar GF/s | 1m GF/s | 3m GF/s 
------------------+--------+--------+-------+------+------+-------------+---------+---------
         ij-ik-kj |   2904 |   2896 |  2904 | 1.00 | 1.00 |        43.4 |    43.6 |    43.0 
       ij-ikl-ljk |    216 |    204 | 44064 | 1.00 | 1.00 |        39.8 |    41.0 |    36.8 
       ij-kil-lkj |    216 |    204 | 46656 | 1.00 | 1.00 |        39.7 |    41.1 |    39.6 
       ijk-ikl-lj |  44064 |    204 |   216 | 1.00 | 1.00 |        40.3 |    40.4 |    40.5 
       ijk-il-jlk |    216 |  44064 |   204 | 1.00 | 0.98 |        42.2 |    44.3 |    39.9 
       ijk-ilk-jl |  44064 |    216 |   204 | 1.00 | 1.00 |        43.0 |    45.9 |    40.8 
       ijk-ilk-lj |  44064 |    204 |   216 | 1.00 | 1.00 |        43.9 |    46.2 |    41.2 
     ijk-ilmk-mjl |   3744 |     52 |  3744 | 1.00 | 1.00 |        35.3 |    36.5 |    30.0 
   ijkl-imjn-lnkm |   3744 |   3744 |  2704 | 1.00 | 0.92 |        44.2 |    46.1 |    42.8 
   ijkl-imjn-nlmk |   3744 |   2704 |  3744 | 1.00 | 0.92 |        44.1 |    45.9 |    42.6 
   ijkl-imkn-jnlm |   3744 |   3744 |  2704 | 1.00 | 0.95 |        43.5 |    44.5 |    41.3 
   ijkl-imkn-njml |   3744 |   2704 |  3744 | 1.00 | 0.92 |        43.6 |    44.9 |    41.7 
   ijkl-imln-jnkm |   3744 |   3744 |  2704 | 1.00 | 0.95 |        43.6 |    45.0 |    41.8 
   ijkl-imln-njmk |   3744 |   2704 |  3744 | 1.00 | 0.92 |        43.6 |    44.9 |    41.7 
   ijkl-imnj-nlkm |   3744 |   2704 |  3744 | 1.00 | 0.92 |        44.2 |    46.3 |    43.2 
   ijkl-imnk-njml |   3744 |   2704 |  3744 | 1.00 | 0.92 |        43.6 |    45.0 |    41.6 
   ijkl-minj-nlmk |   3744 |   2704 |  5184 | 1.00 | 0.92 |        43.8 |    45.6 |    44.3 
   ijkl-mink-jnlm |   3744 |   3744 |  3744 | 1.00 | 0.95 |        43.4 |    44.6 |    42.9 
   ijkl-minl-njmk |   3744 |   2704 |  5184 | 1.00 | 0.92 |        43.2 |    44.3 |    42.7 
     aqrs-pa-pqrs |     72 | 140608 |    72 | 1.00 | 1.00 |        32.4 |    35.0 |    32.9 
     abrs-qb-aqrs |     52 | 194688 |    72 | 1.00 | 1.00 |        30.4 |    32.7 |    27.0 
     abcs-rc-abrs |     52 | 194688 |    72 | 1.00 | 1.00 |        29.4 |    32.7 |    30.7 
       abj-bka-kj |  46656 |    204 |   216 | 1.00 | 1.00 |        42.2 |    41.1 |    42.5 
       ajb-kba-jk |  44064 |    216 |   216 | 1.00 | 1.00 |        43.8 |    46.2 |    45.1 
     abjc-cbka-kj | 269568 |     52 |    72 | 1.00 | 1.00 |        19.7 |    17.3 |    19.6 
     ajbc-ckba-jk | 269568 |     72 |    52 | 1.00 | 1.00 |        21.1 |    19.6 |    20.8 
     abjc-kbac-jk | 194688 |     72 |    72 | 1.00 | 1.00 |        35.2 |    38.6 |    38.2 
   abjcd-dkbac-jk | 331776 |     24 |    24 | 1.00 | 1.00 |        11.2 |    10.0 |    10.8 
   adbjc-cbdka-kj | 331776 |     24 |    24 | 1.00 | 1.00 |        10.1 |     8.6 |     9.5 
   ajbdc-ckbad-jk | 331776 |     24 |    24 | 1.00 | 1.00 |        10.5 |     9.5 |    10.3 
 abcijk-ijma-mkbc |   9216 |   4096 |    24 | 1.00 | 0.99 |        26.1 |    29.3 |    25.9 
 abcijk-ijmb-mkac |   6144 |   6144 |    24 | 1.00 | 0.75 |        26.2 |    29.0 |    25.5 
 abcijk-ijmc-mkab |   6144 |   6144 |    24 | 1.00 | 0.75 |        29.5 |    33.3 |    28.6 
 abcijk-ikma-mjbc |   9216 |   4096 |    24 | 1.00 | 0.99 |        26.2 |    29.1 |    25.9 
 abcijk-ikmb-mjac |   6144 |   6144 |    24 | 1.00 | 0.75 |        26.2 |    29.0 |    25.7 
 abcijk-ikmc-mjab |   6144 |   6144 |    24 | 1.00 | 0.75 |        29.5 |    33.3 |    28.4 
 abcijk-jkma-mibc |   9216 |   4096 |    24 | 1.00 | 0.99 |        26.2 |    29.2 |    25.9 
 abcijk-jkmb-miac |   6144 |   6144 |    24 | 1.00 | 0.75 |        25.6 |    27.6 |    25.2 
 abcijk-jkmc-miab |   6144 |   6144 |    24 | 1.00 | 0.75 |        28.5 |    29.5 |    27.9 
 abcijk-eiab-jkec |   6144 |   6144 |    24 | 1.00 | 0.75 |        28.3 |    29.4 |    28.0 
 abcijk-eiac-jkeb |   6144 |   6144 |    24 | 1.00 | 0.75 |        25.5 |    27.5 |    25.4 
 abcijk-eibc-jkea |   4096 |   9216 |    24 | 1.00 | 0.99 |        26.4 |    29.2 |    25.8 
 abcijk-ejab-ikec |   6144 |   6144 |    24 | 1.00 | 0.75 |        29.5 |    33.3 |    28.5 
 abcijk-ejac-ikeb |   6144 |   6144 |    24 | 1.00 | 0.75 |        26.1 |    28.8 |    25.5 
 abcijk-ejbc-ikea |   4096 |   9216 |    24 | 1.00 | 0.99 |        26.3 |    29.2 |    25.8 
 abcijk-ekab-ijec |   6144 |   6144 |    24 | 1.00 | 0.75 |        29.5 |    33.4 |    28.6 
 abcijk-ekac-ijeb |   6144 |   6144 |    24 | 1.00 | 0.75 |        26.1 |    28.9 |    25.5 
 abcijk-ekbc-ijea |   4096 |   9216 |    24 | 1.00 | 0.99 |        26.3 |    29.3 |    25.9 
       abc-bk-akc |    216 |  44064 |   204 | 1.00 | 1.00 |        42.7 |    45.0 |    40.3 

=== complex efficiency ratio (c64 GF/s over f64 GF/s; 1.0 = no penalty) ===
             case | planar c64/f64 | 1m c64/f64 | 3m c64/f64 
------------------+----------------+------------+------------
         ij-ik-kj |          1.046 |      1.051 |      1.037 
       ij-ikl-ljk |          1.197 |      1.234 |      1.107 
       ij-kil-lkj |          1.200 |      1.244 |      1.199 
       ijk-ikl-lj |          1.198 |      1.202 |      1.205 
       ijk-il-jlk |          1.213 |      1.273 |      1.147 
       ijk-ilk-jl |          1.064 |      1.135 |      1.008 
       ijk-ilk-lj |          1.099 |      1.157 |      1.032 
     ijk-ilmk-mjl |          1.183 |      1.223 |      1.003 
   ijkl-imjn-lnkm |          1.049 |      1.095 |      1.016 
   ijkl-imjn-nlmk |          1.054 |      1.097 |      1.018 
   ijkl-imkn-jnlm |          1.074 |      1.101 |      1.020 
   ijkl-imkn-njml |          1.069 |      1.101 |      1.023 
   ijkl-imln-jnkm |          1.069 |      1.104 |      1.026 
   ijkl-imln-njmk |          1.065 |      1.097 |      1.019 
   ijkl-imnj-nlkm |          1.040 |      1.088 |      1.016 
   ijkl-imnk-njml |          1.065 |      1.098 |      1.016 
   ijkl-minj-nlmk |          1.052 |      1.093 |      1.063 
   ijkl-mink-jnlm |          1.073 |      1.104 |      1.061 
   ijkl-minl-njmk |          1.074 |      1.103 |      1.064 
     aqrs-pa-pqrs |          1.296 |      1.399 |      1.312 
     abrs-qb-aqrs |          1.243 |      1.340 |      1.106 
     abcs-rc-abrs |          1.349 |      1.499 |      1.407 
       abj-bka-kj |          1.180 |      1.147 |      1.186 
       ajb-kba-jk |          1.075 |      1.134 |      1.106 
     abjc-cbka-kj |          1.877 |      1.647 |      1.870 
     ajbc-ckba-jk |          1.191 |      1.106 |      1.175 
     abjc-kbac-jk |          1.132 |      1.243 |      1.230 
   abjcd-dkbac-jk |          2.308 |      2.059 |      2.212 
   adbjc-cbdka-kj |          2.424 |      2.074 |      2.288 
   ajbdc-ckbad-jk |          2.236 |      2.027 |      2.188 
 abcijk-ijma-mkbc |          1.228 |      1.379 |      1.222 
 abcijk-ijmb-mkac |          1.384 |      1.532 |      1.347 
 abcijk-ijmc-mkab |          1.240 |      1.399 |      1.201 
 abcijk-ikma-mjbc |          1.257 |      1.397 |      1.244 
 abcijk-ikmb-mjac |          1.389 |      1.535 |      1.359 
 abcijk-ikmc-mjab |          1.236 |      1.398 |      1.192 
 abcijk-jkma-mibc |          1.215 |      1.355 |      1.205 
 abcijk-jkmb-miac |          1.389 |      1.498 |      1.368 
 abcijk-jkmc-miab |          1.318 |      1.366 |      1.291 
 abcijk-eiab-jkec |          1.320 |      1.373 |      1.308 
 abcijk-eiac-jkeb |          1.400 |      1.510 |      1.391 
 abcijk-eibc-jkea |          1.220 |      1.354 |      1.193 
 abcijk-ejab-ikec |          1.242 |      1.401 |      1.198 
 abcijk-ejac-ikeb |          1.394 |      1.540 |      1.361 
 abcijk-ejbc-ikea |          1.241 |      1.381 |      1.219 
 abcijk-ekab-ijec |          1.245 |      1.410 |      1.205 
 abcijk-ekac-ijeb |          1.390 |      1.537 |      1.358 
 abcijk-ekbc-ijea |          1.243 |      1.387 |      1.225 
       abc-bk-akc |          1.060 |      1.119 |      1.001 
             MEAN |          1.278 |      1.330 |      1.246 

wrote bench-results/worker5040-zen2/placement/p04.csv
