host        : worker5040
target      : x86_64 / linux
cpu features: avx2 fma 
caches      : L1=32KiB/8-way/1sh L2=512KiB/8-way/1sh L3=16384KiB/16-way/4sh (via sysfs), blocking=legacy
baselines   : tblis=false blas=false

sweeping 49 cases at 64 MiB nominal tensor size, 3 reps, stress=none


=== f64 ===
             case |      m |      n |     k | regA | regB | planar GF/s | 1m GF/s | 3m GF/s 
------------------+--------+--------+-------+------+------+-------------+---------+---------
         ij-ik-kj |   2904 |   2896 |  2904 | 1.00 | 1.00 |        41.2 |    41.2 |    41.2 
       ij-ikl-ljk |    216 |    204 | 44064 | 1.00 | 1.00 |        33.4 |    33.4 |    33.4 
       ij-kil-lkj |    216 |    204 | 46656 | 1.00 | 1.00 |        32.9 |    32.9 |    32.9 
       ijk-ikl-lj |  44064 |    204 |   216 | 1.00 | 1.00 |        33.9 |    33.9 |    33.9 
       ijk-il-jlk |    216 |  44064 |   204 | 1.00 | 1.00 |        35.1 |    35.1 |    35.1 
       ijk-ilk-jl |  44064 |    216 |   204 | 1.00 | 1.00 |        39.8 |    39.8 |    39.8 
       ijk-ilk-lj |  44064 |    204 |   216 | 1.00 | 1.00 |        39.9 |    39.9 |    39.9 
     ijk-ilmk-mjl |   3744 |     52 |  3744 | 1.00 | 1.00 |        27.5 |    27.5 |    27.5 
   ijkl-imjn-lnkm |   3744 |   3744 |  2704 | 1.00 | 0.92 |        41.8 |    41.8 |    41.8 
   ijkl-imjn-nlmk |   3744 |   2704 |  3744 | 1.00 | 0.92 |        41.6 |    41.6 |    41.6 
   ijkl-imkn-jnlm |   3744 |   3744 |  2704 | 1.00 | 1.00 |        40.2 |    40.2 |    40.2 
   ijkl-imkn-njml |   3744 |   2704 |  3744 | 1.00 | 0.92 |        40.2 |    40.2 |    40.2 
   ijkl-imln-jnkm |   3744 |   3744 |  2704 | 1.00 | 1.00 |        40.3 |    40.3 |    40.3 
   ijkl-imln-njmk |   3744 |   2704 |  3744 | 1.00 | 0.92 |        40.4 |    40.4 |    40.4 
   ijkl-imnj-nlkm |   3744 |   2704 |  3744 | 1.00 | 0.92 |        41.9 |    41.9 |    41.9 
   ijkl-imnk-njml |   3744 |   2704 |  3744 | 1.00 | 0.92 |        40.4 |    40.4 |    40.4 
   ijkl-minj-nlmk |   3744 |   2704 |  5184 | 1.00 | 0.92 |        41.1 |    41.1 |    41.1 
   ijkl-mink-jnlm |   3744 |   3744 |  3744 | 1.00 | 1.00 |        39.8 |    39.8 |    39.8 
   ijkl-minl-njmk |   3744 |   2704 |  5184 | 1.00 | 0.92 |        39.7 |    39.7 |    39.7 
     aqrs-pa-pqrs |     72 | 140608 |    72 | 1.00 | 1.00 |        24.6 |    24.6 |    24.6 
     abrs-qb-aqrs |     52 | 194688 |    72 | 1.00 | 1.00 |        24.1 |    24.1 |    24.1 
     abcs-rc-abrs |     52 | 194688 |    72 | 1.00 | 1.00 |        23.0 |    23.0 |    23.0 
       abj-bka-kj |  46656 |    204 |   216 | 1.00 | 1.00 |        36.3 |    36.3 |    36.3 
       ajb-kba-jk |  44064 |    216 |   216 | 1.00 | 1.00 |        41.4 |    41.4 |    41.4 
     abjc-cbka-kj | 269568 |     52 |    72 | 1.00 | 1.00 |        11.0 |    11.0 |    11.0 
     ajbc-ckba-jk | 269568 |     72 |    52 | 1.00 | 1.00 |        17.6 |    17.6 |    17.6 
     abjc-kbac-jk | 194688 |     72 |    72 | 1.00 | 1.00 |        30.7 |    30.7 |    30.7 
   abjcd-dkbac-jk | 331776 |     24 |    24 | 1.00 | 1.00 |         5.1 |     5.1 |     5.1 
   adbjc-cbdka-kj | 331776 |     24 |    24 | 1.00 | 1.00 |         4.2 |     4.2 |     4.2 
   ajbdc-ckbad-jk | 331776 |     24 |    24 | 1.00 | 1.00 |         4.7 |     4.7 |     4.7 
 abcijk-ijma-mkbc |   9216 |   4096 |    24 | 1.00 | 0.99 |        21.3 |    21.3 |    21.3 
 abcijk-ijmb-mkac |   6144 |   6144 |    24 | 1.00 | 0.75 |        18.5 |    18.5 |    18.5 
 abcijk-ijmc-mkab |   6144 |   6144 |    24 | 1.00 | 0.75 |        24.0 |    24.0 |    24.0 
 abcijk-ikma-mjbc |   9216 |   4096 |    24 | 1.00 | 0.99 |        21.3 |    21.3 |    21.3 
 abcijk-ikmb-mjac |   6144 |   6144 |    24 | 1.00 | 0.75 |        18.4 |    18.4 |    18.4 
 abcijk-ikmc-mjab |   6144 |   6144 |    24 | 1.00 | 0.75 |        24.0 |    24.0 |    24.0 
 abcijk-jkma-mibc |   9216 |   4096 |    24 | 1.00 | 0.99 |        21.6 |    21.6 |    21.6 
 abcijk-jkmb-miac |   6144 |   6144 |    24 | 1.00 | 0.75 |        18.0 |    18.0 |    18.0 
 abcijk-jkmc-miab |   6144 |   6144 |    24 | 1.00 | 0.75 |        21.3 |    21.3 |    21.3 
 abcijk-eiab-jkec |   6144 |   6144 |    24 | 1.00 | 0.75 |        22.1 |    22.1 |    22.1 
 abcijk-eiac-jkeb |   6144 |   6144 |    24 | 1.00 | 0.75 |        18.3 |    18.3 |    18.3 
 abcijk-eibc-jkea |   4096 |   9216 |    24 | 1.00 | 0.99 |        21.3 |    21.3 |    21.3 
 abcijk-ejab-ikec |   6144 |   6144 |    24 | 1.00 | 0.75 |        23.9 |    23.9 |    23.9 
 abcijk-ejac-ikeb |   6144 |   6144 |    24 | 1.00 | 0.75 |        18.8 |    18.8 |    18.8 
 abcijk-ejbc-ikea |   4096 |   9216 |    24 | 1.00 | 0.99 |        20.9 |    20.9 |    20.9 
 abcijk-ekab-ijec |   6144 |   6144 |    24 | 1.00 | 0.75 |        24.0 |    24.0 |    24.0 
 abcijk-ekac-ijeb |   6144 |   6144 |    24 | 1.00 | 0.75 |        18.9 |    18.9 |    18.9 
 abcijk-ekbc-ijea |   4096 |   9216 |    24 | 1.00 | 0.99 |        21.8 |    21.8 |    21.8 
       abc-bk-akc |    216 |  44064 |   204 | 1.00 | 1.00 |        40.0 |    40.0 |    40.0 

=== c64 ===
             case |      m |      n |     k | regA | regB | planar GF/s | 1m GF/s | 3m GF/s 
------------------+--------+--------+-------+------+------+-------------+---------+---------
         ij-ik-kj |   2904 |   2896 |  2904 | 1.00 | 1.00 |        43.4 |    43.5 |    43.3 
       ij-ikl-ljk |    216 |    204 | 44064 | 1.00 | 1.00 |        40.0 |    41.1 |    36.9 
       ij-kil-lkj |    216 |    204 | 46656 | 1.00 | 1.00 |        39.7 |    41.0 |    39.9 
       ijk-ikl-lj |  44064 |    204 |   216 | 1.00 | 1.00 |        41.0 |    41.2 |    40.8 
       ijk-il-jlk |    216 |  44064 |   204 | 1.00 | 0.98 |        42.6 |    44.8 |    40.7 
       ijk-ilk-jl |  44064 |    216 |   204 | 1.00 | 1.00 |        42.7 |    45.9 |    40.3 
       ijk-ilk-lj |  44064 |    204 |   216 | 1.00 | 1.00 |        43.4 |    45.6 |    40.2 
     ijk-ilmk-mjl |   3744 |     52 |  3744 | 1.00 | 1.00 |        35.0 |    36.3 |    29.8 
   ijkl-imjn-lnkm |   3744 |   3744 |  2704 | 1.00 | 0.92 |        44.0 |    45.6 |    42.3 
   ijkl-imjn-nlmk |   3744 |   2704 |  3744 | 1.00 | 0.92 |        44.0 |    45.5 |    42.2 
   ijkl-imkn-jnlm |   3744 |   3744 |  2704 | 1.00 | 0.95 |        43.3 |    44.1 |    40.8 
   ijkl-imkn-njml |   3744 |   2704 |  3744 | 1.00 | 0.92 |        43.5 |    44.6 |    41.6 
   ijkl-imln-jnkm |   3744 |   3744 |  2704 | 1.00 | 0.95 |        43.5 |    44.6 |    41.7 
   ijkl-imln-njmk |   3744 |   2704 |  3744 | 1.00 | 0.92 |        43.6 |    44.5 |    41.6 
   ijkl-imnj-nlkm |   3744 |   2704 |  3744 | 1.00 | 0.92 |        44.3 |    45.7 |    43.1 
   ijkl-imnk-njml |   3744 |   2704 |  3744 | 1.00 | 0.92 |        43.6 |    44.5 |    41.6 
   ijkl-minj-nlmk |   3744 |   2704 |  5184 | 1.00 | 0.92 |        43.8 |    45.0 |    44.2 
   ijkl-mink-jnlm |   3744 |   3744 |  3744 | 1.00 | 0.95 |        43.4 |    44.2 |    42.7 
   ijkl-minl-njmk |   3744 |   2704 |  5184 | 1.00 | 0.92 |        43.2 |    43.8 |    42.6 
     aqrs-pa-pqrs |     72 | 140608 |    72 | 1.00 | 1.00 |        32.2 |    34.6 |    32.3 
     abrs-qb-aqrs |     52 | 194688 |    72 | 1.00 | 1.00 |        30.3 |    32.7 |    27.7 
     abcs-rc-abrs |     52 | 194688 |    72 | 1.00 | 1.00 |        29.6 |    32.8 |    31.1 
       abj-bka-kj |  46656 |    204 |   216 | 1.00 | 1.00 |        42.3 |    41.1 |    42.6 
       ajb-kba-jk |  44064 |    216 |   216 | 1.00 | 1.00 |        43.8 |    46.1 |    44.9 
     abjc-cbka-kj | 269568 |     52 |    72 | 1.00 | 1.00 |        19.2 |    17.2 |    19.4 
     ajbc-ckba-jk | 269568 |     72 |    52 | 1.00 | 1.00 |        21.1 |    19.7 |    20.6 
     abjc-kbac-jk | 194688 |     72 |    72 | 1.00 | 1.00 |        35.1 |    38.3 |    38.0 
   abjcd-dkbac-jk | 331776 |     24 |    24 | 1.00 | 1.00 |        11.0 |     9.8 |    10.6 
   adbjc-cbdka-kj | 331776 |     24 |    24 | 1.00 | 1.00 |         9.8 |     8.5 |     9.5 
   ajbdc-ckbad-jk | 331776 |     24 |    24 | 1.00 | 1.00 |        10.3 |     9.3 |    10.2 
 abcijk-ijma-mkbc |   9216 |   4096 |    24 | 1.00 | 0.99 |        26.2 |    29.3 |    26.0 
 abcijk-ijmb-mkac |   6144 |   6144 |    24 | 1.00 | 0.75 |        26.2 |    28.8 |    25.5 
 abcijk-ijmc-mkab |   6144 |   6144 |    24 | 1.00 | 0.75 |        29.5 |    33.3 |    28.6 
 abcijk-ikma-mjbc |   9216 |   4096 |    24 | 1.00 | 0.99 |        26.2 |    29.1 |    25.9 
 abcijk-ikmb-mjac |   6144 |   6144 |    24 | 1.00 | 0.75 |        26.2 |    28.8 |    25.8 
 abcijk-ikmc-mjab |   6144 |   6144 |    24 | 1.00 | 0.75 |        29.5 |    33.3 |    28.5 
 abcijk-jkma-mibc |   9216 |   4096 |    24 | 1.00 | 0.99 |        26.3 |    29.2 |    26.0 
 abcijk-jkmb-miac |   6144 |   6144 |    24 | 1.00 | 0.75 |        25.5 |    26.8 |    25.3 
 abcijk-jkmc-miab |   6144 |   6144 |    24 | 1.00 | 0.75 |        28.5 |    29.5 |    28.0 
 abcijk-eiab-jkec |   6144 |   6144 |    24 | 1.00 | 0.75 |        28.5 |    29.6 |    28.1 
 abcijk-eiac-jkeb |   6144 |   6144 |    24 | 1.00 | 0.75 |        25.7 |    27.5 |    25.3 
 abcijk-eibc-jkea |   4096 |   9216 |    24 | 1.00 | 0.99 |        26.3 |    29.1 |    25.9 
 abcijk-ejab-ikec |   6144 |   6144 |    24 | 1.00 | 0.75 |        29.6 |    33.3 |    28.6 
 abcijk-ejac-ikeb |   6144 |   6144 |    24 | 1.00 | 0.75 |        26.3 |    28.6 |    25.6 
 abcijk-ejbc-ikea |   4096 |   9216 |    24 | 1.00 | 0.99 |        26.3 |    29.2 |    25.9 
 abcijk-ekab-ijec |   6144 |   6144 |    24 | 1.00 | 0.75 |        29.6 |    33.4 |    28.6 
 abcijk-ekac-ijeb |   6144 |   6144 |    24 | 1.00 | 0.75 |        26.3 |    29.1 |    25.8 
 abcijk-ekbc-ijea |   4096 |   9216 |    24 | 1.00 | 0.99 |        26.8 |    29.7 |    26.3 
       abc-bk-akc |    216 |  44064 |   204 | 1.00 | 1.00 |        42.9 |    45.7 |    40.3 

=== complex efficiency ratio (c64 GF/s over f64 GF/s; 1.0 = no penalty) ===
             case | planar c64/f64 | 1m c64/f64 | 3m c64/f64 
------------------+----------------+------------+------------
         ij-ik-kj |          1.053 |      1.056 |      1.050 
       ij-ikl-ljk |          1.198 |      1.232 |      1.106 
       ij-kil-lkj |          1.208 |      1.244 |      1.213 
       ijk-ikl-lj |          1.209 |      1.214 |      1.202 
       ijk-il-jlk |          1.214 |      1.276 |      1.160 
       ijk-ilk-jl |          1.071 |      1.152 |      1.011 
       ijk-ilk-lj |          1.088 |      1.142 |      1.007 
     ijk-ilmk-mjl |          1.275 |      1.321 |      1.085 
   ijkl-imjn-lnkm |          1.052 |      1.091 |      1.012 
   ijkl-imjn-nlmk |          1.057 |      1.094 |      1.013 
   ijkl-imkn-jnlm |          1.078 |      1.097 |      1.016 
   ijkl-imkn-njml |          1.082 |      1.108 |      1.035 
   ijkl-imln-jnkm |          1.081 |      1.108 |      1.037 
   ijkl-imln-njmk |          1.078 |      1.101 |      1.030 
   ijkl-imnj-nlkm |          1.056 |      1.089 |      1.028 
   ijkl-imnk-njml |          1.080 |      1.101 |      1.030 
   ijkl-minj-nlmk |          1.067 |      1.094 |      1.076 
   ijkl-mink-jnlm |          1.089 |      1.109 |      1.073 
   ijkl-minl-njmk |          1.088 |      1.105 |      1.075 
     aqrs-pa-pqrs |          1.310 |      1.406 |      1.312 
     abrs-qb-aqrs |          1.254 |      1.353 |      1.147 
     abcs-rc-abrs |          1.285 |      1.427 |      1.352 
       abj-bka-kj |          1.164 |      1.133 |      1.172 
       ajb-kba-jk |          1.059 |      1.113 |      1.084 
     abjc-cbka-kj |          1.754 |      1.569 |      1.769 
     ajbc-ckba-jk |          1.196 |      1.119 |      1.170 
     abjc-kbac-jk |          1.142 |      1.245 |      1.235 
   abjcd-dkbac-jk |          2.170 |      1.934 |      2.082 
   adbjc-cbdka-kj |          2.339 |      2.026 |      2.262 
   ajbdc-ckbad-jk |          2.193 |      1.986 |      2.181 
 abcijk-ijma-mkbc |          1.228 |      1.372 |      1.219 
 abcijk-ijmb-mkac |          1.416 |      1.555 |      1.380 
 abcijk-ijmc-mkab |          1.231 |      1.390 |      1.193 
 abcijk-ikma-mjbc |          1.227 |      1.366 |      1.217 
 abcijk-ikmb-mjac |          1.424 |      1.565 |      1.399 
 abcijk-ikmc-mjab |          1.228 |      1.387 |      1.187 
 abcijk-jkma-mibc |          1.214 |      1.351 |      1.200 
 abcijk-jkmb-miac |          1.421 |      1.493 |      1.407 
 abcijk-jkmc-miab |          1.338 |      1.387 |      1.319 
 abcijk-eiab-jkec |          1.292 |      1.343 |      1.274 
 abcijk-eiac-jkeb |          1.407 |      1.507 |      1.388 
 abcijk-eibc-jkea |          1.233 |      1.367 |      1.217 
 abcijk-ejab-ikec |          1.237 |      1.391 |      1.193 
 abcijk-ejac-ikeb |          1.395 |      1.521 |      1.357 
 abcijk-ejbc-ikea |          1.254 |      1.397 |      1.237 
 abcijk-ekab-ijec |          1.229 |      1.387 |      1.190 
 abcijk-ekac-ijeb |          1.393 |      1.544 |      1.370 
 abcijk-ekbc-ijea |          1.227 |      1.361 |      1.206 
       abc-bk-akc |          1.071 |      1.141 |      1.006 
             MEAN |          1.275 |      1.324 |      1.245 

wrote bench-results/worker5040-zen2/placement/p05.csv
