host        : worker5040
target      : x86_64 / linux
cpu features: avx2 fma 
caches      : L1=32KiB/8-way/1sh L2=512KiB/8-way/1sh L3=16384KiB/16-way/4sh (via sysfs), blocking=legacy
baselines   : tblis=false blas=false

sweeping 49 cases at 64 MiB nominal tensor size, 3 reps, stress=none


=== f64 ===
             case |      m |      n |     k | regA | regB | planar GF/s | 1m GF/s | 3m GF/s 
------------------+--------+--------+-------+------+------+-------------+---------+---------
         ij-ik-kj |   2904 |   2896 |  2904 | 1.00 | 1.00 |        41.5 |    41.5 |    41.5 
       ij-ikl-ljk |    216 |    204 | 44064 | 1.00 | 1.00 |        33.3 |    33.3 |    33.3 
       ij-kil-lkj |    216 |    204 | 46656 | 1.00 | 1.00 |        33.2 |    33.2 |    33.2 
       ijk-ikl-lj |  44064 |    204 |   216 | 1.00 | 1.00 |        33.7 |    33.7 |    33.7 
       ijk-il-jlk |    216 |  44064 |   204 | 1.00 | 1.00 |        35.6 |    35.6 |    35.6 
       ijk-ilk-jl |  44064 |    216 |   204 | 1.00 | 1.00 |        40.1 |    40.1 |    40.1 
       ijk-ilk-lj |  44064 |    204 |   216 | 1.00 | 1.00 |        39.7 |    39.7 |    39.7 
     ijk-ilmk-mjl |   3744 |     52 |  3744 | 1.00 | 1.00 |        29.8 |    29.8 |    29.8 
   ijkl-imjn-lnkm |   3744 |   3744 |  2704 | 1.00 | 0.92 |        41.7 |    41.7 |    41.7 
   ijkl-imjn-nlmk |   3744 |   2704 |  3744 | 1.00 | 0.92 |        41.5 |    41.5 |    41.5 
   ijkl-imkn-jnlm |   3744 |   3744 |  2704 | 1.00 | 1.00 |        40.1 |    40.1 |    40.1 
   ijkl-imkn-njml |   3744 |   2704 |  3744 | 1.00 | 0.92 |        39.9 |    39.9 |    39.9 
   ijkl-imln-jnkm |   3744 |   3744 |  2704 | 1.00 | 1.00 |        40.0 |    40.0 |    40.0 
   ijkl-imln-njmk |   3744 |   2704 |  3744 | 1.00 | 0.92 |        40.1 |    40.1 |    40.1 
   ijkl-imnj-nlkm |   3744 |   2704 |  3744 | 1.00 | 0.92 |        41.6 |    41.6 |    41.6 
   ijkl-imnk-njml |   3744 |   2704 |  3744 | 1.00 | 0.92 |        40.1 |    40.1 |    40.1 
   ijkl-minj-nlmk |   3744 |   2704 |  5184 | 1.00 | 0.92 |        40.8 |    40.8 |    40.8 
   ijkl-mink-jnlm |   3744 |   3744 |  3744 | 1.00 | 1.00 |        39.5 |    39.5 |    39.5 
   ijkl-minl-njmk |   3744 |   2704 |  5184 | 1.00 | 0.92 |        39.4 |    39.4 |    39.4 
     aqrs-pa-pqrs |     72 | 140608 |    72 | 1.00 | 1.00 |        24.5 |    24.5 |    24.5 
     abrs-qb-aqrs |     52 | 194688 |    72 | 1.00 | 1.00 |        24.2 |    24.2 |    24.2 
     abcs-rc-abrs |     52 | 194688 |    72 | 1.00 | 1.00 |        22.4 |    22.4 |    22.4 
       abj-bka-kj |  46656 |    204 |   216 | 1.00 | 1.00 |        36.4 |    36.4 |    36.4 
       ajb-kba-jk |  44064 |    216 |   216 | 1.00 | 1.00 |        41.6 |    41.6 |    41.6 
     abjc-cbka-kj | 269568 |     52 |    72 | 1.00 | 1.00 |        10.8 |    10.8 |    10.8 
     ajbc-ckba-jk | 269568 |     72 |    52 | 1.00 | 1.00 |        17.9 |    17.9 |    17.9 
     abjc-kbac-jk | 194688 |     72 |    72 | 1.00 | 1.00 |        30.9 |    30.9 |    30.9 
   abjcd-dkbac-jk | 331776 |     24 |    24 | 1.00 | 1.00 |         5.0 |     5.0 |     5.0 
   adbjc-cbdka-kj | 331776 |     24 |    24 | 1.00 | 1.00 |         4.2 |     4.2 |     4.2 
   ajbdc-ckbad-jk | 331776 |     24 |    24 | 1.00 | 1.00 |         4.8 |     4.8 |     4.8 
 abcijk-ijma-mkbc |   9216 |   4096 |    24 | 1.00 | 0.99 |        21.5 |    21.5 |    21.5 
 abcijk-ijmb-mkac |   6144 |   6144 |    24 | 1.00 | 0.75 |        19.1 |    19.1 |    19.1 
 abcijk-ijmc-mkab |   6144 |   6144 |    24 | 1.00 | 0.75 |        23.9 |    23.9 |    23.9 
 abcijk-ikma-mjbc |   9216 |   4096 |    24 | 1.00 | 0.99 |        21.4 |    21.4 |    21.4 
 abcijk-ikmb-mjac |   6144 |   6144 |    24 | 1.00 | 0.75 |        18.9 |    18.9 |    18.9 
 abcijk-ikmc-mjab |   6144 |   6144 |    24 | 1.00 | 0.75 |        23.8 |    23.8 |    23.8 
 abcijk-jkma-mibc |   9216 |   4096 |    24 | 1.00 | 0.99 |        21.8 |    21.8 |    21.8 
 abcijk-jkmb-miac |   6144 |   6144 |    24 | 1.00 | 0.75 |        18.5 |    18.5 |    18.5 
 abcijk-jkmc-miab |   6144 |   6144 |    24 | 1.00 | 0.75 |        21.7 |    21.7 |    21.7 
 abcijk-eiab-jkec |   6144 |   6144 |    24 | 1.00 | 0.75 |        21.6 |    21.6 |    21.6 
 abcijk-eiac-jkeb |   6144 |   6144 |    24 | 1.00 | 0.75 |        18.5 |    18.5 |    18.5 
 abcijk-eibc-jkea |   4096 |   9216 |    24 | 1.00 | 0.99 |        21.8 |    21.8 |    21.8 
 abcijk-ejab-ikec |   6144 |   6144 |    24 | 1.00 | 0.75 |        23.8 |    23.8 |    23.8 
 abcijk-ejac-ikeb |   6144 |   6144 |    24 | 1.00 | 0.75 |        19.0 |    19.0 |    19.0 
 abcijk-ejbc-ikea |   4096 |   9216 |    24 | 1.00 | 0.99 |        21.5 |    21.5 |    21.5 
 abcijk-ekab-ijec |   6144 |   6144 |    24 | 1.00 | 0.75 |        23.9 |    23.9 |    23.9 
 abcijk-ekac-ijeb |   6144 |   6144 |    24 | 1.00 | 0.75 |        19.0 |    19.0 |    19.0 
 abcijk-ekbc-ijea |   4096 |   9216 |    24 | 1.00 | 0.99 |        21.5 |    21.5 |    21.5 
       abc-bk-akc |    216 |  44064 |   204 | 1.00 | 1.00 |        40.5 |    40.5 |    40.5 

=== c64 ===
             case |      m |      n |     k | regA | regB | planar GF/s | 1m GF/s | 3m GF/s 
------------------+--------+--------+-------+------+------+-------------+---------+---------
         ij-ik-kj |   2904 |   2896 |  2904 | 1.00 | 1.00 |        43.3 |    44.0 |    42.7 
       ij-ikl-ljk |    216 |    204 | 44064 | 1.00 | 1.00 |        39.8 |    41.1 |    36.8 
       ij-kil-lkj |    216 |    204 | 46656 | 1.00 | 1.00 |        39.8 |    40.6 |    39.6 
       ijk-ikl-lj |  44064 |    204 |   216 | 1.00 | 1.00 |        40.6 |    41.3 |    40.5 
       ijk-il-jlk |    216 |  44064 |   204 | 1.00 | 0.98 |        42.5 |    45.0 |    40.5 
       ijk-ilk-jl |  44064 |    216 |   204 | 1.00 | 1.00 |        43.1 |    45.6 |    40.8 
       ijk-ilk-lj |  44064 |    204 |   216 | 1.00 | 1.00 |        43.5 |    45.7 |    40.2 
     ijk-ilmk-mjl |   3744 |     52 |  3744 | 1.00 | 1.00 |        35.2 |    36.1 |    30.1 
   ijkl-imjn-lnkm |   3744 |   3744 |  2704 | 1.00 | 0.92 |        44.1 |    45.4 |    42.5 
   ijkl-imjn-nlmk |   3744 |   2704 |  3744 | 1.00 | 0.92 |        44.1 |    45.3 |    42.3 
   ijkl-imkn-jnlm |   3744 |   3744 |  2704 | 1.00 | 0.95 |        43.4 |    44.0 |    41.0 
   ijkl-imkn-njml |   3744 |   2704 |  3744 | 1.00 | 0.92 |        43.7 |    44.3 |    41.8 
   ijkl-imln-jnkm |   3744 |   3744 |  2704 | 1.00 | 0.95 |        43.7 |    44.4 |    41.9 
   ijkl-imln-njmk |   3744 |   2704 |  3744 | 1.00 | 0.92 |        43.7 |    44.3 |    41.8 
   ijkl-imnj-nlkm |   3744 |   2704 |  3744 | 1.00 | 0.92 |        44.4 |    45.5 |    43.5 
   ijkl-imnk-njml |   3744 |   2704 |  3744 | 1.00 | 0.92 |        43.8 |    44.4 |    41.7 
   ijkl-minj-nlmk |   3744 |   2704 |  5184 | 1.00 | 0.92 |        44.0 |    44.9 |    44.6 
   ijkl-mink-jnlm |   3744 |   3744 |  3744 | 1.00 | 0.95 |        43.5 |    44.0 |    42.9 
   ijkl-minl-njmk |   3744 |   2704 |  5184 | 1.00 | 0.92 |        43.3 |    43.7 |    42.9 
     aqrs-pa-pqrs |     72 | 140608 |    72 | 1.00 | 1.00 |        32.0 |    34.7 |    32.2 
     abrs-qb-aqrs |     52 | 194688 |    72 | 1.00 | 1.00 |        30.2 |    32.6 |    27.0 
     abcs-rc-abrs |     52 | 194688 |    72 | 1.00 | 1.00 |        29.4 |    32.7 |    31.1 
       abj-bka-kj |  46656 |    204 |   216 | 1.00 | 1.00 |        42.1 |    41.2 |    42.1 
       ajb-kba-jk |  44064 |    216 |   216 | 1.00 | 1.00 |        44.2 |    46.0 |    45.5 
     abjc-cbka-kj | 269568 |     52 |    72 | 1.00 | 1.00 |        19.3 |    17.3 |    19.4 
     ajbc-ckba-jk | 269568 |     72 |    52 | 1.00 | 1.00 |        21.0 |    19.5 |    20.8 
     abjc-kbac-jk | 194688 |     72 |    72 | 1.00 | 1.00 |        35.1 |    38.4 |    38.2 
   abjcd-dkbac-jk | 331776 |     24 |    24 | 1.00 | 1.00 |        10.9 |     9.9 |    10.5 
   adbjc-cbdka-kj | 331776 |     24 |    24 | 1.00 | 1.00 |         9.7 |     8.6 |     9.4 
   ajbdc-ckbad-jk | 331776 |     24 |    24 | 1.00 | 1.00 |        10.2 |     9.3 |     9.7 
 abcijk-ijma-mkbc |   9216 |   4096 |    24 | 1.00 | 0.99 |        26.1 |    29.1 |    26.0 
 abcijk-ijmb-mkac |   6144 |   6144 |    24 | 1.00 | 0.75 |        26.2 |    28.7 |    25.5 
 abcijk-ijmc-mkab |   6144 |   6144 |    24 | 1.00 | 0.75 |        29.5 |    33.2 |    28.5 
 abcijk-ikma-mjbc |   9216 |   4096 |    24 | 1.00 | 0.99 |        26.1 |    28.9 |    25.9 
 abcijk-ikmb-mjac |   6144 |   6144 |    24 | 1.00 | 0.75 |        26.2 |    28.7 |    25.7 
 abcijk-ikmc-mjab |   6144 |   6144 |    24 | 1.00 | 0.75 |        29.5 |    33.2 |    28.5 
 abcijk-jkma-mibc |   9216 |   4096 |    24 | 1.00 | 0.99 |        26.1 |    28.9 |    26.1 
 abcijk-jkmb-miac |   6144 |   6144 |    24 | 1.00 | 0.75 |        25.6 |    27.3 |    25.3 
 abcijk-jkmc-miab |   6144 |   6144 |    24 | 1.00 | 0.75 |        28.4 |    29.0 |    28.0 
 abcijk-eiab-jkec |   6144 |   6144 |    24 | 1.00 | 0.75 |        28.4 |    29.6 |    28.1 
 abcijk-eiac-jkeb |   6144 |   6144 |    24 | 1.00 | 0.75 |        25.7 |    27.5 |    25.4 
 abcijk-eibc-jkea |   4096 |   9216 |    24 | 1.00 | 0.99 |        26.3 |    28.8 |    25.9 
 abcijk-ejab-ikec |   6144 |   6144 |    24 | 1.00 | 0.75 |        29.5 |    33.3 |    28.5 
 abcijk-ejac-ikeb |   6144 |   6144 |    24 | 1.00 | 0.75 |        26.2 |    28.8 |    25.6 
 abcijk-ejbc-ikea |   4096 |   9216 |    24 | 1.00 | 0.99 |        26.2 |    28.9 |    25.9 
 abcijk-ekab-ijec |   6144 |   6144 |    24 | 1.00 | 0.75 |        29.5 |    33.4 |    28.6 
 abcijk-ekac-ijeb |   6144 |   6144 |    24 | 1.00 | 0.75 |        26.2 |    28.8 |    25.6 
 abcijk-ekbc-ijea |   4096 |   9216 |    24 | 1.00 | 0.99 |        26.2 |    29.5 |    26.4 
       abc-bk-akc |    216 |  44064 |   204 | 1.00 | 1.00 |        42.8 |    45.9 |    40.4 

=== complex efficiency ratio (c64 GF/s over f64 GF/s; 1.0 = no penalty) ===
             case | planar c64/f64 | 1m c64/f64 | 3m c64/f64 
------------------+----------------+------------+------------
         ij-ik-kj |          1.045 |      1.062 |      1.030 
       ij-ikl-ljk |          1.196 |      1.235 |      1.108 
       ij-kil-lkj |          1.197 |      1.221 |      1.193 
       ijk-ikl-lj |          1.207 |      1.228 |      1.203 
       ijk-il-jlk |          1.194 |      1.263 |      1.136 
       ijk-ilk-jl |          1.073 |      1.136 |      1.017 
       ijk-ilk-lj |          1.096 |      1.151 |      1.013 
     ijk-ilmk-mjl |          1.182 |      1.213 |      1.009 
   ijkl-imjn-lnkm |          1.058 |      1.089 |      1.019 
   ijkl-imjn-nlmk |          1.062 |      1.092 |      1.021 
   ijkl-imkn-jnlm |          1.082 |      1.096 |      1.021 
   ijkl-imkn-njml |          1.095 |      1.109 |      1.047 
   ijkl-imln-jnkm |          1.094 |      1.111 |      1.049 
   ijkl-imln-njmk |          1.090 |      1.105 |      1.042 
   ijkl-imnj-nlkm |          1.067 |      1.094 |      1.045 
   ijkl-imnk-njml |          1.092 |      1.107 |      1.041 
   ijkl-minj-nlmk |          1.079 |      1.100 |      1.094 
   ijkl-mink-jnlm |          1.101 |      1.114 |      1.085 
   ijkl-minl-njmk |          1.100 |      1.110 |      1.090 
     aqrs-pa-pqrs |          1.307 |      1.415 |      1.313 
     abrs-qb-aqrs |          1.244 |      1.347 |      1.113 
     abcs-rc-abrs |          1.313 |      1.459 |      1.386 
       abj-bka-kj |          1.158 |      1.133 |      1.157 
       ajb-kba-jk |          1.062 |      1.106 |      1.093 
     abjc-cbka-kj |          1.789 |      1.607 |      1.797 
     ajbc-ckba-jk |          1.175 |      1.091 |      1.162 
     abjc-kbac-jk |          1.137 |      1.242 |      1.234 
   abjcd-dkbac-jk |          2.175 |      1.982 |      2.096 
   adbjc-cbdka-kj |          2.313 |      2.061 |      2.243 
   ajbdc-ckbad-jk |          2.118 |      1.946 |      2.009 
 abcijk-ijma-mkbc |          1.213 |      1.349 |      1.206 
 abcijk-ijmb-mkac |          1.372 |      1.505 |      1.338 
 abcijk-ijmc-mkab |          1.235 |      1.390 |      1.194 
 abcijk-ikma-mjbc |          1.222 |      1.350 |      1.212 
 abcijk-ikmb-mjac |          1.388 |      1.518 |      1.359 
 abcijk-ikmc-mjab |          1.236 |      1.395 |      1.196 
 abcijk-jkma-mibc |          1.201 |      1.326 |      1.200 
 abcijk-jkmb-miac |          1.387 |      1.476 |      1.370 
 abcijk-jkmc-miab |          1.311 |      1.336 |      1.292 
 abcijk-eiab-jkec |          1.314 |      1.366 |      1.297 
 abcijk-eiac-jkeb |          1.388 |      1.486 |      1.375 
 abcijk-eibc-jkea |          1.207 |      1.324 |      1.188 
 abcijk-ejab-ikec |          1.237 |      1.397 |      1.197 
 abcijk-ejac-ikeb |          1.378 |      1.511 |      1.345 
 abcijk-ejbc-ikea |          1.218 |      1.346 |      1.207 
 abcijk-ekab-ijec |          1.234 |      1.397 |      1.196 
 abcijk-ekac-ijeb |          1.380 |      1.517 |      1.350 
 abcijk-ekbc-ijea |          1.219 |      1.372 |      1.225 
       abc-bk-akc |          1.054 |      1.131 |      0.996 
             MEAN |          1.267 |      1.317 |      1.237 

wrote bench-results/worker5040-zen2/placement/p06.csv
