host        : worker5040
target      : x86_64 / linux
cpu features: avx2 fma 
caches      : L1=32KiB/8-way/1sh L2=512KiB/8-way/1sh L3=16384KiB/16-way/4sh (via sysfs), blocking=legacy
baselines   : tblis=false blas=false

sweeping 49 cases at 64 MiB nominal tensor size, 3 reps, stress=none


=== f64 ===
             case |      m |      n |     k | regA | regB | planar GF/s | 1m GF/s | 3m GF/s 
------------------+--------+--------+-------+------+------+-------------+---------+---------
         ij-ik-kj |   2904 |   2896 |  2904 | 1.00 | 1.00 |        40.1 |    40.1 |    40.1 
       ij-ikl-ljk |    216 |    204 | 44064 | 1.00 | 1.00 |        31.0 |    31.0 |    31.0 
       ij-kil-lkj |    216 |    204 | 46656 | 1.00 | 1.00 |        31.6 |    31.6 |    31.6 
       ijk-ikl-lj |  44064 |    204 |   216 | 1.00 | 1.00 |        33.1 |    33.1 |    33.1 
       ijk-il-jlk |    216 |  44064 |   204 | 1.00 | 1.00 |        32.9 |    32.9 |    32.9 
       ijk-ilk-jl |  44064 |    216 |   204 | 1.00 | 1.00 |        39.5 |    39.5 |    39.5 
       ijk-ilk-lj |  44064 |    204 |   216 | 1.00 | 1.00 |        39.1 |    39.1 |    39.1 
     ijk-ilmk-mjl |   3744 |     52 |  3744 | 1.00 | 1.00 |        28.9 |    28.9 |    28.9 
   ijkl-imjn-lnkm |   3744 |   3744 |  2704 | 1.00 | 0.92 |        40.9 |    40.9 |    40.9 
   ijkl-imjn-nlmk |   3744 |   2704 |  3744 | 1.00 | 0.92 |        40.8 |    40.8 |    40.8 
   ijkl-imkn-jnlm |   3744 |   3744 |  2704 | 1.00 | 1.00 |        39.3 |    39.3 |    39.3 
   ijkl-imkn-njml |   3744 |   2704 |  3744 | 1.00 | 0.92 |        39.7 |    39.7 |    39.7 
   ijkl-imln-jnkm |   3744 |   3744 |  2704 | 1.00 | 1.00 |        39.6 |    39.6 |    39.6 
   ijkl-imln-njmk |   3744 |   2704 |  3744 | 1.00 | 0.92 |        39.6 |    39.6 |    39.6 
   ijkl-imnj-nlkm |   3744 |   2704 |  3744 | 1.00 | 0.92 |        41.4 |    41.4 |    41.4 
   ijkl-imnk-njml |   3744 |   2704 |  3744 | 1.00 | 0.92 |        39.7 |    39.7 |    39.7 
   ijkl-minj-nlmk |   3744 |   2704 |  5184 | 1.00 | 0.92 |        40.5 |    40.5 |    40.5 
   ijkl-mink-jnlm |   3744 |   3744 |  3744 | 1.00 | 1.00 |        39.1 |    39.1 |    39.1 
   ijkl-minl-njmk |   3744 |   2704 |  5184 | 1.00 | 0.92 |        39.1 |    39.1 |    39.1 
     aqrs-pa-pqrs |     72 | 140608 |    72 | 1.00 | 1.00 |        24.4 |    24.4 |    24.4 
     abrs-qb-aqrs |     52 | 194688 |    72 | 1.00 | 1.00 |        23.9 |    23.9 |    23.9 
     abcs-rc-abrs |     52 | 194688 |    72 | 1.00 | 1.00 |        22.1 |    22.1 |    22.1 
       abj-bka-kj |  46656 |    204 |   216 | 1.00 | 1.00 |        35.5 |    35.5 |    35.5 
       ajb-kba-jk |  44064 |    216 |   216 | 1.00 | 1.00 |        40.5 |    40.5 |    40.5 
     abjc-cbka-kj | 269568 |     52 |    72 | 1.00 | 1.00 |        10.2 |    10.2 |    10.2 
     ajbc-ckba-jk | 269568 |     72 |    52 | 1.00 | 1.00 |        17.6 |    17.6 |    17.6 
     abjc-kbac-jk | 194688 |     72 |    72 | 1.00 | 1.00 |        30.5 |    30.5 |    30.5 
   abjcd-dkbac-jk | 331776 |     24 |    24 | 1.00 | 1.00 |         4.9 |     4.9 |     4.9 
   adbjc-cbdka-kj | 331776 |     24 |    24 | 1.00 | 1.00 |         4.2 |     4.2 |     4.2 
   ajbdc-ckbad-jk | 331776 |     24 |    24 | 1.00 | 1.00 |         4.7 |     4.7 |     4.7 
 abcijk-ijma-mkbc |   9216 |   4096 |    24 | 1.00 | 0.99 |        21.0 |    21.0 |    21.0 
 abcijk-ijmb-mkac |   6144 |   6144 |    24 | 1.00 | 0.75 |        18.7 |    18.7 |    18.7 
 abcijk-ijmc-mkab |   6144 |   6144 |    24 | 1.00 | 0.75 |        23.8 |    23.8 |    23.8 
 abcijk-ikma-mjbc |   9216 |   4096 |    24 | 1.00 | 0.99 |        21.3 |    21.3 |    21.3 
 abcijk-ikmb-mjac |   6144 |   6144 |    24 | 1.00 | 0.75 |        18.7 |    18.7 |    18.7 
 abcijk-ikmc-mjab |   6144 |   6144 |    24 | 1.00 | 0.75 |        23.7 |    23.7 |    23.7 
 abcijk-jkma-mibc |   9216 |   4096 |    24 | 1.00 | 0.99 |        21.6 |    21.6 |    21.6 
 abcijk-jkmb-miac |   6144 |   6144 |    24 | 1.00 | 0.75 |        18.2 |    18.2 |    18.2 
 abcijk-jkmc-miab |   6144 |   6144 |    24 | 1.00 | 0.75 |        21.8 |    21.8 |    21.8 
 abcijk-eiab-jkec |   6144 |   6144 |    24 | 1.00 | 0.75 |        21.9 |    21.9 |    21.9 
 abcijk-eiac-jkeb |   6144 |   6144 |    24 | 1.00 | 0.75 |        18.2 |    18.2 |    18.2 
 abcijk-eibc-jkea |   4096 |   9216 |    24 | 1.00 | 0.99 |        21.4 |    21.4 |    21.4 
 abcijk-ejab-ikec |   6144 |   6144 |    24 | 1.00 | 0.75 |        23.6 |    23.6 |    23.6 
 abcijk-ejac-ikeb |   6144 |   6144 |    24 | 1.00 | 0.75 |        18.7 |    18.7 |    18.7 
 abcijk-ejbc-ikea |   4096 |   9216 |    24 | 1.00 | 0.99 |        21.0 |    21.0 |    21.0 
 abcijk-ekab-ijec |   6144 |   6144 |    24 | 1.00 | 0.75 |        23.7 |    23.7 |    23.7 
 abcijk-ekac-ijeb |   6144 |   6144 |    24 | 1.00 | 0.75 |        18.7 |    18.7 |    18.7 
 abcijk-ekbc-ijea |   4096 |   9216 |    24 | 1.00 | 0.99 |        21.0 |    21.0 |    21.0 
       abc-bk-akc |    216 |  44064 |   204 | 1.00 | 1.00 |        38.9 |    38.9 |    38.9 

=== c64 ===
             case |      m |      n |     k | regA | regB | planar GF/s | 1m GF/s | 3m GF/s 
------------------+--------+--------+-------+------+------+-------------+---------+---------
         ij-ik-kj |   2904 |   2896 |  2904 | 1.00 | 1.00 |        42.6 |    42.7 |    41.1 
       ij-ikl-ljk |    216 |    204 | 44064 | 1.00 | 1.00 |        38.4 |    40.1 |    35.1 
       ij-kil-lkj |    216 |    204 | 46656 | 1.00 | 1.00 |        38.8 |    39.4 |    38.9 
       ijk-ikl-lj |  44064 |    204 |   216 | 1.00 | 1.00 |        39.4 |    41.3 |    39.3 
       ijk-il-jlk |    216 |  44064 |   204 | 1.00 | 0.98 |        41.4 |    43.7 |    38.6 
       ijk-ilk-jl |  44064 |    216 |   204 | 1.00 | 1.00 |        42.4 |    44.1 |    40.1 
       ijk-ilk-lj |  44064 |    204 |   216 | 1.00 | 1.00 |        43.2 |    44.9 |    40.2 
     ijk-ilmk-mjl |   3744 |     52 |  3744 | 1.00 | 1.00 |        34.3 |    35.0 |    28.9 
   ijkl-imjn-lnkm |   3744 |   3744 |  2704 | 1.00 | 0.92 |        43.6 |    45.0 |    42.5 
   ijkl-imjn-nlmk |   3744 |   2704 |  3744 | 1.00 | 0.92 |        43.9 |    45.1 |    42.5 
   ijkl-imkn-jnlm |   3744 |   3744 |  2704 | 1.00 | 0.95 |        43.1 |    43.8 |    40.8 
   ijkl-imkn-njml |   3744 |   2704 |  3744 | 1.00 | 0.92 |        43.0 |    44.1 |    40.8 
   ijkl-imln-jnkm |   3744 |   3744 |  2704 | 1.00 | 0.95 |        42.9 |    44.0 |    40.8 
   ijkl-imln-njmk |   3744 |   2704 |  3744 | 1.00 | 0.92 |        42.9 |    43.8 |    40.7 
   ijkl-imnj-nlkm |   3744 |   2704 |  3744 | 1.00 | 0.92 |        43.7 |    45.4 |    42.3 
   ijkl-imnk-njml |   3744 |   2704 |  3744 | 1.00 | 0.92 |        43.0 |    44.1 |    40.7 
   ijkl-minj-nlmk |   3744 |   2704 |  5184 | 1.00 | 0.92 |        43.3 |    44.6 |    43.4 
   ijkl-mink-jnlm |   3744 |   3744 |  3744 | 1.00 | 0.95 |        42.7 |    43.7 |    42.1 
   ijkl-minl-njmk |   3744 |   2704 |  5184 | 1.00 | 0.92 |        42.6 |    43.3 |    41.8 
     aqrs-pa-pqrs |     72 | 140608 |    72 | 1.00 | 1.00 |        31.6 |    34.1 |    31.8 
     abrs-qb-aqrs |     52 | 194688 |    72 | 1.00 | 1.00 |        29.9 |    32.1 |    26.7 
     abcs-rc-abrs |     52 | 194688 |    72 | 1.00 | 1.00 |        29.0 |    31.9 |    30.2 
       abj-bka-kj |  46656 |    204 |   216 | 1.00 | 1.00 |        41.4 |    40.6 |    40.8 
       ajb-kba-jk |  44064 |    216 |   216 | 1.00 | 1.00 |        43.1 |    45.4 |    43.8 
     abjc-cbka-kj | 269568 |     52 |    72 | 1.00 | 1.00 |        19.2 |    17.2 |    19.0 
     ajbc-ckba-jk | 269568 |     72 |    52 | 1.00 | 1.00 |        20.7 |    19.2 |    20.4 
     abjc-kbac-jk | 194688 |     72 |    72 | 1.00 | 1.00 |        34.8 |    38.3 |    36.5 
   abjcd-dkbac-jk | 331776 |     24 |    24 | 1.00 | 1.00 |        10.9 |     9.4 |    10.7 
   adbjc-cbdka-kj | 331776 |     24 |    24 | 1.00 | 1.00 |         9.9 |     8.9 |     9.6 
   ajbdc-ckbad-jk | 331776 |     24 |    24 | 1.00 | 1.00 |        10.3 |     9.3 |     9.8 
 abcijk-ijma-mkbc |   9216 |   4096 |    24 | 1.00 | 0.99 |        25.9 |    28.8 |    25.7 
 abcijk-ijmb-mkac |   6144 |   6144 |    24 | 1.00 | 0.75 |        25.9 |    28.6 |    25.2 
 abcijk-ijmc-mkab |   6144 |   6144 |    24 | 1.00 | 0.75 |        29.3 |    33.1 |    28.3 
 abcijk-ikma-mjbc |   9216 |   4096 |    24 | 1.00 | 0.99 |        25.9 |    28.6 |    25.6 
 abcijk-ikmb-mjac |   6144 |   6144 |    24 | 1.00 | 0.75 |        26.0 |    28.7 |    25.4 
 abcijk-ikmc-mjab |   6144 |   6144 |    24 | 1.00 | 0.75 |        29.2 |    33.0 |    28.2 
 abcijk-jkma-mibc |   9216 |   4096 |    24 | 1.00 | 0.99 |        25.9 |    28.5 |    25.7 
 abcijk-jkmb-miac |   6144 |   6144 |    24 | 1.00 | 0.75 |        25.2 |    27.1 |    25.0 
 abcijk-jkmc-miab |   6144 |   6144 |    24 | 1.00 | 0.75 |        28.1 |    29.2 |    27.7 
 abcijk-eiab-jkec |   6144 |   6144 |    24 | 1.00 | 0.75 |        27.9 |    28.8 |    27.8 
 abcijk-eiac-jkeb |   6144 |   6144 |    24 | 1.00 | 0.75 |        25.2 |    27.0 |    24.9 
 abcijk-eibc-jkea |   4096 |   9216 |    24 | 1.00 | 0.99 |        25.9 |    28.6 |    25.5 
 abcijk-ejab-ikec |   6144 |   6144 |    24 | 1.00 | 0.75 |        29.0 |    32.8 |    28.0 
 abcijk-ejac-ikeb |   6144 |   6144 |    24 | 1.00 | 0.75 |        25.6 |    28.2 |    25.2 
 abcijk-ejbc-ikea |   4096 |   9216 |    24 | 1.00 | 0.99 |        25.8 |    28.6 |    25.5 
 abcijk-ekab-ijec |   6144 |   6144 |    24 | 1.00 | 0.75 |        29.0 |    32.9 |    28.1 
 abcijk-ekac-ijeb |   6144 |   6144 |    24 | 1.00 | 0.75 |        25.6 |    28.2 |    25.2 
 abcijk-ekbc-ijea |   4096 |   9216 |    24 | 1.00 | 0.99 |        25.8 |    28.9 |    25.7 
       abc-bk-akc |    216 |  44064 |   204 | 1.00 | 1.00 |        41.8 |    44.0 |    38.7 

=== complex efficiency ratio (c64 GF/s over f64 GF/s; 1.0 = no penalty) ===
             case | planar c64/f64 | 1m c64/f64 | 3m c64/f64 
------------------+----------------+------------+------------
         ij-ik-kj |          1.064 |      1.066 |      1.026 
       ij-ikl-ljk |          1.240 |      1.296 |      1.133 
       ij-kil-lkj |          1.226 |      1.247 |      1.230 
       ijk-ikl-lj |          1.191 |      1.249 |      1.186 
       ijk-il-jlk |          1.258 |      1.329 |      1.173 
       ijk-ilk-jl |          1.073 |      1.118 |      1.017 
       ijk-ilk-lj |          1.104 |      1.147 |      1.028 
     ijk-ilmk-mjl |          1.187 |      1.209 |      1.000 
   ijkl-imjn-lnkm |          1.066 |      1.099 |      1.037 
   ijkl-imjn-nlmk |          1.076 |      1.106 |      1.040 
   ijkl-imkn-jnlm |          1.099 |      1.117 |      1.038 
   ijkl-imkn-njml |          1.085 |      1.112 |      1.028 
   ijkl-imln-jnkm |          1.083 |      1.111 |      1.030 
   ijkl-imln-njmk |          1.083 |      1.107 |      1.028 
   ijkl-imnj-nlkm |          1.054 |      1.095 |      1.021 
   ijkl-imnk-njml |          1.085 |      1.113 |      1.027 
   ijkl-minj-nlmk |          1.068 |      1.102 |      1.072 
   ijkl-mink-jnlm |          1.092 |      1.116 |      1.074 
   ijkl-minl-njmk |          1.089 |      1.108 |      1.069 
     aqrs-pa-pqrs |          1.294 |      1.395 |      1.302 
     abrs-qb-aqrs |          1.250 |      1.340 |      1.116 
     abcs-rc-abrs |          1.312 |      1.441 |      1.366 
       abj-bka-kj |          1.166 |      1.143 |      1.151 
       ajb-kba-jk |          1.063 |      1.121 |      1.081 
     abjc-cbka-kj |          1.883 |      1.685 |      1.862 
     ajbc-ckba-jk |          1.180 |      1.091 |      1.164 
     abjc-kbac-jk |          1.139 |      1.254 |      1.195 
   abjcd-dkbac-jk |          2.208 |      1.922 |      2.182 
   adbjc-cbdka-kj |          2.368 |      2.109 |      2.289 
   ajbdc-ckbad-jk |          2.191 |      1.977 |      2.071 
 abcijk-ijma-mkbc |          1.232 |      1.371 |      1.223 
 abcijk-ijmb-mkac |          1.382 |      1.524 |      1.345 
 abcijk-ijmc-mkab |          1.228 |      1.389 |      1.186 
 abcijk-ikma-mjbc |          1.218 |      1.346 |      1.203 
 abcijk-ikmb-mjac |          1.387 |      1.531 |      1.359 
 abcijk-ikmc-mjab |          1.232 |      1.395 |      1.193 
 abcijk-jkma-mibc |          1.199 |      1.323 |      1.193 
 abcijk-jkmb-miac |          1.382 |      1.483 |      1.370 
 abcijk-jkmc-miab |          1.291 |      1.342 |      1.274 
 abcijk-eiab-jkec |          1.275 |      1.318 |      1.270 
 abcijk-eiac-jkeb |          1.386 |      1.488 |      1.371 
 abcijk-eibc-jkea |          1.210 |      1.337 |      1.193 
 abcijk-ejab-ikec |          1.227 |      1.389 |      1.186 
 abcijk-ejac-ikeb |          1.367 |      1.502 |      1.342 
 abcijk-ejbc-ikea |          1.224 |      1.359 |      1.214 
 abcijk-ekab-ijec |          1.223 |      1.388 |      1.186 
 abcijk-ekac-ijeb |          1.372 |      1.512 |      1.349 
 abcijk-ekbc-ijea |          1.225 |      1.374 |      1.220 
       abc-bk-akc |          1.075 |      1.132 |      0.996 
             MEAN |          1.274 |      1.323 |      1.239 

wrote bench-results/worker5040-zen2/placement/p09.csv
