host        : worker5040
target      : x86_64 / linux
cpu features: avx2 fma 
caches      : L1=32KiB/8-way/1sh L2=512KiB/8-way/1sh L3=16384KiB/16-way/4sh (via sysfs), blocking=legacy
baselines   : tblis=false blas=false

sweeping 49 cases at 64 MiB nominal tensor size, 3 reps, stress=none


=== f64 ===
             case |      m |      n |     k | regA | regB | planar GF/s | 1m GF/s | 3m GF/s 
------------------+--------+--------+-------+------+------+-------------+---------+---------
         ij-ik-kj |   2904 |   2896 |  2904 | 1.00 | 1.00 |        40.4 |    40.4 |    40.4 
       ij-ikl-ljk |    216 |    204 | 44064 | 1.00 | 1.00 |        31.7 |    31.7 |    31.7 
       ij-kil-lkj |    216 |    204 | 46656 | 1.00 | 1.00 |        31.8 |    31.8 |    31.8 
       ijk-ikl-lj |  44064 |    204 |   216 | 1.00 | 1.00 |        32.5 |    32.5 |    32.5 
       ijk-il-jlk |    216 |  44064 |   204 | 1.00 | 1.00 |        33.6 |    33.6 |    33.6 
       ijk-ilk-jl |  44064 |    216 |   204 | 1.00 | 1.00 |        39.1 |    39.1 |    39.1 
       ijk-ilk-lj |  44064 |    204 |   216 | 1.00 | 1.00 |        38.5 |    38.5 |    38.5 
     ijk-ilmk-mjl |   3744 |     52 |  3744 | 1.00 | 1.00 |        29.1 |    29.1 |    29.1 
   ijkl-imjn-lnkm |   3744 |   3744 |  2704 | 1.00 | 0.92 |        40.5 |    40.5 |    40.5 
   ijkl-imjn-nlmk |   3744 |   2704 |  3744 | 1.00 | 0.92 |        40.4 |    40.4 |    40.4 
   ijkl-imkn-jnlm |   3744 |   3744 |  2704 | 1.00 | 1.00 |        39.0 |    39.0 |    39.0 
   ijkl-imkn-njml |   3744 |   2704 |  3744 | 1.00 | 0.92 |        39.6 |    39.6 |    39.6 
   ijkl-imln-jnkm |   3744 |   3744 |  2704 | 1.00 | 1.00 |        39.3 |    39.3 |    39.3 
   ijkl-imln-njmk |   3744 |   2704 |  3744 | 1.00 | 0.92 |        39.4 |    39.4 |    39.4 
   ijkl-imnj-nlkm |   3744 |   2704 |  3744 | 1.00 | 0.92 |        41.4 |    41.4 |    41.4 
   ijkl-imnk-njml |   3744 |   2704 |  3744 | 1.00 | 0.92 |        39.8 |    39.8 |    39.8 
   ijkl-minj-nlmk |   3744 |   2704 |  5184 | 1.00 | 0.92 |        40.5 |    40.5 |    40.5 
   ijkl-mink-jnlm |   3744 |   3744 |  3744 | 1.00 | 1.00 |        39.2 |    39.2 |    39.2 
   ijkl-minl-njmk |   3744 |   2704 |  5184 | 1.00 | 0.92 |        39.0 |    39.0 |    39.0 
     aqrs-pa-pqrs |     72 | 140608 |    72 | 1.00 | 1.00 |        24.3 |    24.3 |    24.3 
     abrs-qb-aqrs |     52 | 194688 |    72 | 1.00 | 1.00 |        23.9 |    23.9 |    23.9 
     abcs-rc-abrs |     52 | 194688 |    72 | 1.00 | 1.00 |        21.9 |    21.9 |    21.9 
       abj-bka-kj |  46656 |    204 |   216 | 1.00 | 1.00 |        35.5 |    35.5 |    35.5 
       ajb-kba-jk |  44064 |    216 |   216 | 1.00 | 1.00 |        40.3 |    40.3 |    40.3 
     abjc-cbka-kj | 269568 |     52 |    72 | 1.00 | 1.00 |        10.8 |    10.8 |    10.8 
     ajbc-ckba-jk | 269568 |     72 |    52 | 1.00 | 1.00 |        17.7 |    17.7 |    17.7 
     abjc-kbac-jk | 194688 |     72 |    72 | 1.00 | 1.00 |        30.6 |    30.6 |    30.6 
   abjcd-dkbac-jk | 331776 |     24 |    24 | 1.00 | 1.00 |         5.0 |     5.0 |     5.0 
   adbjc-cbdka-kj | 331776 |     24 |    24 | 1.00 | 1.00 |         4.2 |     4.2 |     4.2 
   ajbdc-ckbad-jk | 331776 |     24 |    24 | 1.00 | 1.00 |         4.8 |     4.8 |     4.8 
 abcijk-ijma-mkbc |   9216 |   4096 |    24 | 1.00 | 0.99 |        21.1 |    21.1 |    21.1 
 abcijk-ijmb-mkac |   6144 |   6144 |    24 | 1.00 | 0.75 |        18.9 |    18.9 |    18.9 
 abcijk-ijmc-mkab |   6144 |   6144 |    24 | 1.00 | 0.75 |        23.9 |    23.9 |    23.9 
 abcijk-ikma-mjbc |   9216 |   4096 |    24 | 1.00 | 0.99 |        21.2 |    21.2 |    21.2 
 abcijk-ikmb-mjac |   6144 |   6144 |    24 | 1.00 | 0.75 |        18.8 |    18.8 |    18.8 
 abcijk-ikmc-mjab |   6144 |   6144 |    24 | 1.00 | 0.75 |        23.7 |    23.7 |    23.7 
 abcijk-jkma-mibc |   9216 |   4096 |    24 | 1.00 | 0.99 |        21.6 |    21.6 |    21.6 
 abcijk-jkmb-miac |   6144 |   6144 |    24 | 1.00 | 0.75 |        18.2 |    18.2 |    18.2 
 abcijk-jkmc-miab |   6144 |   6144 |    24 | 1.00 | 0.75 |        21.5 |    21.5 |    21.5 
 abcijk-eiab-jkec |   6144 |   6144 |    24 | 1.00 | 0.75 |        21.4 |    21.4 |    21.4 
 abcijk-eiac-jkeb |   6144 |   6144 |    24 | 1.00 | 0.75 |        18.2 |    18.2 |    18.2 
 abcijk-eibc-jkea |   4096 |   9216 |    24 | 1.00 | 0.99 |        21.5 |    21.5 |    21.5 
 abcijk-ejab-ikec |   6144 |   6144 |    24 | 1.00 | 0.75 |        23.6 |    23.6 |    23.6 
 abcijk-ejac-ikeb |   6144 |   6144 |    24 | 1.00 | 0.75 |        18.8 |    18.8 |    18.8 
 abcijk-ejbc-ikea |   4096 |   9216 |    24 | 1.00 | 0.99 |        21.1 |    21.1 |    21.1 
 abcijk-ekab-ijec |   6144 |   6144 |    24 | 1.00 | 0.75 |        23.6 |    23.6 |    23.6 
 abcijk-ekac-ijeb |   6144 |   6144 |    24 | 1.00 | 0.75 |        18.8 |    18.8 |    18.8 
 abcijk-ekbc-ijea |   4096 |   9216 |    24 | 1.00 | 0.99 |        21.0 |    21.0 |    21.0 
       abc-bk-akc |    216 |  44064 |   204 | 1.00 | 1.00 |        39.5 |    39.5 |    39.5 

=== c64 ===
             case |      m |      n |     k | regA | regB | planar GF/s | 1m GF/s | 3m GF/s 
------------------+--------+--------+-------+------+------+-------------+---------+---------
         ij-ik-kj |   2904 |   2896 |  2904 | 1.00 | 1.00 |        43.0 |    42.7 |    41.8 
       ij-ikl-ljk |    216 |    204 | 44064 | 1.00 | 1.00 |        38.6 |    39.7 |    35.2 
       ij-kil-lkj |    216 |    204 | 46656 | 1.00 | 1.00 |        38.9 |    40.1 |    39.0 
       ijk-ikl-lj |  44064 |    204 |   216 | 1.00 | 1.00 |        39.5 |    39.6 |    39.4 
       ijk-il-jlk |    216 |  44064 |   204 | 1.00 | 0.98 |        41.4 |    43.4 |    38.8 
       ijk-ilk-jl |  44064 |    216 |   204 | 1.00 | 1.00 |        42.5 |    45.3 |    39.4 
       ijk-ilk-lj |  44064 |    204 |   216 | 1.00 | 1.00 |        43.0 |    44.5 |    39.8 
     ijk-ilmk-mjl |   3744 |     52 |  3744 | 1.00 | 1.00 |        34.4 |    35.5 |    29.3 
   ijkl-imjn-lnkm |   3744 |   3744 |  2704 | 1.00 | 0.92 |        43.5 |    44.6 |    42.1 
   ijkl-imjn-nlmk |   3744 |   2704 |  3744 | 1.00 | 0.92 |        43.8 |    44.7 |    42.1 
   ijkl-imkn-jnlm |   3744 |   3744 |  2704 | 1.00 | 0.95 |        43.0 |    43.5 |    40.5 
   ijkl-imkn-njml |   3744 |   2704 |  3744 | 1.00 | 0.92 |        42.9 |    44.0 |    40.4 
   ijkl-imln-jnkm |   3744 |   3744 |  2704 | 1.00 | 0.95 |        42.8 |    44.1 |    40.4 
   ijkl-imln-njmk |   3744 |   2704 |  3744 | 1.00 | 0.92 |        42.8 |    43.9 |    40.4 
   ijkl-imnj-nlkm |   3744 |   2704 |  3744 | 1.00 | 0.92 |        43.6 |    45.2 |    42.0 
   ijkl-imnk-njml |   3744 |   2704 |  3744 | 1.00 | 0.92 |        42.9 |    44.0 |    40.5 
   ijkl-minj-nlmk |   3744 |   2704 |  5184 | 1.00 | 0.92 |        43.2 |    44.6 |    43.1 
   ijkl-mink-jnlm |   3744 |   3744 |  3744 | 1.00 | 0.95 |        42.6 |    43.7 |    41.6 
   ijkl-minl-njmk |   3744 |   2704 |  5184 | 1.00 | 0.92 |        42.5 |    43.2 |    41.4 
     aqrs-pa-pqrs |     72 | 140608 |    72 | 1.00 | 1.00 |        31.9 |    34.3 |    31.9 
     abrs-qb-aqrs |     52 | 194688 |    72 | 1.00 | 1.00 |        29.9 |    31.8 |    26.4 
     abcs-rc-abrs |     52 | 194688 |    72 | 1.00 | 1.00 |        29.2 |    32.2 |    30.6 
       abj-bka-kj |  46656 |    204 |   216 | 1.00 | 1.00 |        41.6 |    40.5 |    41.4 
       ajb-kba-jk |  44064 |    216 |   216 | 1.00 | 1.00 |        42.9 |    45.1 |    43.4 
     abjc-cbka-kj | 269568 |     52 |    72 | 1.00 | 1.00 |        19.3 |    17.1 |    19.2 
     ajbc-ckba-jk | 269568 |     72 |    52 | 1.00 | 1.00 |        20.9 |    19.4 |    20.8 
     abjc-kbac-jk | 194688 |     72 |    72 | 1.00 | 1.00 |        34.8 |    37.8 |    37.5 
   abjcd-dkbac-jk | 331776 |     24 |    24 | 1.00 | 1.00 |        11.0 |     9.9 |    10.7 
   adbjc-cbdka-kj | 331776 |     24 |    24 | 1.00 | 1.00 |         9.8 |     8.6 |     9.6 
   ajbdc-ckbad-jk | 331776 |     24 |    24 | 1.00 | 1.00 |        10.6 |     9.2 |    10.1 
 abcijk-ijma-mkbc |   9216 |   4096 |    24 | 1.00 | 0.99 |        26.0 |    29.2 |    25.9 
 abcijk-ijmb-mkac |   6144 |   6144 |    24 | 1.00 | 0.75 |        26.2 |    28.9 |    25.4 
 abcijk-ijmc-mkab |   6144 |   6144 |    24 | 1.00 | 0.75 |        29.4 |    33.1 |    28.4 
 abcijk-ikma-mjbc |   9216 |   4096 |    24 | 1.00 | 0.99 |        26.1 |    28.9 |    25.8 
 abcijk-ikmb-mjac |   6144 |   6144 |    24 | 1.00 | 0.75 |        26.0 |    28.7 |    25.6 
 abcijk-ikmc-mjab |   6144 |   6144 |    24 | 1.00 | 0.75 |        29.2 |    32.8 |    28.2 
 abcijk-jkma-mibc |   9216 |   4096 |    24 | 1.00 | 0.99 |        25.9 |    28.8 |    25.8 
 abcijk-jkmb-miac |   6144 |   6144 |    24 | 1.00 | 0.75 |        25.4 |    27.4 |    24.9 
 abcijk-jkmc-miab |   6144 |   6144 |    24 | 1.00 | 0.75 |        28.1 |    29.0 |    27.6 
 abcijk-eiab-jkec |   6144 |   6144 |    24 | 1.00 | 0.75 |        28.1 |    29.1 |    27.8 
 abcijk-eiac-jkeb |   6144 |   6144 |    24 | 1.00 | 0.75 |        25.4 |    27.4 |    25.1 
 abcijk-eibc-jkea |   4096 |   9216 |    24 | 1.00 | 0.99 |        26.0 |    28.6 |    25.6 
 abcijk-ejab-ikec |   6144 |   6144 |    24 | 1.00 | 0.75 |        29.1 |    32.6 |    28.1 
 abcijk-ejac-ikeb |   6144 |   6144 |    24 | 1.00 | 0.75 |        25.8 |    28.4 |    25.3 
 abcijk-ejbc-ikea |   4096 |   9216 |    24 | 1.00 | 0.99 |        25.9 |    28.7 |    25.6 
 abcijk-ekab-ijec |   6144 |   6144 |    24 | 1.00 | 0.75 |        29.0 |    32.7 |    28.2 
 abcijk-ekac-ijeb |   6144 |   6144 |    24 | 1.00 | 0.75 |        25.8 |    28.4 |    25.3 
 abcijk-ekbc-ijea |   4096 |   9216 |    24 | 1.00 | 0.99 |        25.9 |    28.9 |    26.0 
       abc-bk-akc |    216 |  44064 |   204 | 1.00 | 1.00 |        42.2 |    45.2 |    41.0 

=== complex efficiency ratio (c64 GF/s over f64 GF/s; 1.0 = no penalty) ===
             case | planar c64/f64 | 1m c64/f64 | 3m c64/f64 
------------------+----------------+------------+------------
         ij-ik-kj |          1.064 |      1.057 |      1.035 
       ij-ikl-ljk |          1.217 |      1.252 |      1.110 
       ij-kil-lkj |          1.222 |      1.260 |      1.225 
       ijk-ikl-lj |          1.215 |      1.218 |      1.211 
       ijk-il-jlk |          1.234 |      1.293 |      1.156 
       ijk-ilk-jl |          1.087 |      1.159 |      1.006 
       ijk-ilk-lj |          1.118 |      1.157 |      1.035 
     ijk-ilmk-mjl |          1.182 |      1.220 |      1.006 
   ijkl-imjn-lnkm |          1.076 |      1.103 |      1.042 
   ijkl-imjn-nlmk |          1.083 |      1.106 |      1.041 
   ijkl-imkn-jnlm |          1.104 |      1.117 |      1.040 
   ijkl-imkn-njml |          1.085 |      1.111 |      1.020 
   ijkl-imln-jnkm |          1.090 |      1.121 |      1.029 
   ijkl-imln-njmk |          1.087 |      1.115 |      1.025 
   ijkl-imnj-nlkm |          1.055 |      1.093 |      1.016 
   ijkl-imnk-njml |          1.080 |      1.108 |      1.019 
   ijkl-minj-nlmk |          1.067 |      1.101 |      1.065 
   ijkl-mink-jnlm |          1.087 |      1.113 |      1.061 
   ijkl-minl-njmk |          1.090 |      1.109 |      1.062 
     aqrs-pa-pqrs |          1.311 |      1.411 |      1.311 
     abrs-qb-aqrs |          1.251 |      1.333 |      1.105 
     abcs-rc-abrs |          1.330 |      1.470 |      1.396 
       abj-bka-kj |          1.172 |      1.142 |      1.167 
       ajb-kba-jk |          1.063 |      1.119 |      1.076 
     abjc-cbka-kj |          1.781 |      1.579 |      1.775 
     ajbc-ckba-jk |          1.179 |      1.095 |      1.173 
     abjc-kbac-jk |          1.136 |      1.233 |      1.225 
   abjcd-dkbac-jk |          2.212 |      1.993 |      2.155 
   adbjc-cbdka-kj |          2.314 |      2.028 |      2.263 
   ajbdc-ckbad-jk |          2.214 |      1.921 |      2.114 
 abcijk-ijma-mkbc |          1.232 |      1.383 |      1.227 
 abcijk-ijmb-mkac |          1.383 |      1.524 |      1.342 
 abcijk-ijmc-mkab |          1.231 |      1.390 |      1.193 
 abcijk-ikma-mjbc |          1.228 |      1.364 |      1.215 
 abcijk-ikmb-mjac |          1.388 |      1.531 |      1.365 
 abcijk-ikmc-mjab |          1.232 |      1.383 |      1.192 
 abcijk-jkma-mibc |          1.199 |      1.335 |      1.194 
 abcijk-jkmb-miac |          1.395 |      1.501 |      1.365 
 abcijk-jkmc-miab |          1.308 |      1.351 |      1.286 
 abcijk-eiab-jkec |          1.310 |      1.358 |      1.294 
 abcijk-eiac-jkeb |          1.393 |      1.506 |      1.381 
 abcijk-eibc-jkea |          1.207 |      1.330 |      1.188 
 abcijk-ejab-ikec |          1.234 |      1.383 |      1.194 
 abcijk-ejac-ikeb |          1.376 |      1.516 |      1.348 
 abcijk-ejbc-ikea |          1.230 |      1.361 |      1.215 
 abcijk-ekab-ijec |          1.229 |      1.383 |      1.192 
 abcijk-ekac-ijeb |          1.369 |      1.507 |      1.342 
 abcijk-ekbc-ijea |          1.234 |      1.377 |      1.238 
       abc-bk-akc |          1.068 |      1.144 |      1.039 
             MEAN |          1.275 |      1.322 |      1.240 

wrote bench-results/worker5040-zen2/placement/p11.csv
