host        : worker5040
target      : x86_64 / linux
cpu features: avx2 fma 
caches      : L1=32KiB/8-way/1sh L2=512KiB/8-way/1sh L3=16384KiB/16-way/4sh (via sysfs), blocking=legacy
baselines   : tblis=false blas=false

sweeping 49 cases at 64 MiB nominal tensor size, 3 reps, stress=none


=== f64 ===
             case |      m |      n |     k | regA | regB | planar GF/s | 1m GF/s | 3m GF/s 
------------------+--------+--------+-------+------+------+-------------+---------+---------
         ij-ik-kj |   2904 |   2896 |  2904 | 1.00 | 1.00 |        41.3 |    41.3 |    41.3 
       ij-ikl-ljk |    216 |    204 | 44064 | 1.00 | 1.00 |        33.2 |    33.2 |    33.2 
       ij-kil-lkj |    216 |    204 | 46656 | 1.00 | 1.00 |        32.9 |    32.9 |    32.9 
       ijk-ikl-lj |  44064 |    204 |   216 | 1.00 | 1.00 |        33.2 |    33.2 |    33.2 
       ijk-il-jlk |    216 |  44064 |   204 | 1.00 | 1.00 |        35.0 |    35.0 |    35.0 
       ijk-ilk-jl |  44064 |    216 |   204 | 1.00 | 1.00 |        40.5 |    40.5 |    40.5 
       ijk-ilk-lj |  44064 |    204 |   216 | 1.00 | 1.00 |        40.5 |    40.5 |    40.5 
     ijk-ilmk-mjl |   3744 |     52 |  3744 | 1.00 | 1.00 |        29.6 |    29.6 |    29.6 
   ijkl-imjn-lnkm |   3744 |   3744 |  2704 | 1.00 | 0.92 |        42.2 |    42.2 |    42.2 
   ijkl-imjn-nlmk |   3744 |   2704 |  3744 | 1.00 | 0.92 |        41.9 |    41.9 |    41.9 
   ijkl-imkn-jnlm |   3744 |   3744 |  2704 | 1.00 | 1.00 |        40.5 |    40.5 |    40.5 
   ijkl-imkn-njml |   3744 |   2704 |  3744 | 1.00 | 0.92 |        40.6 |    40.6 |    40.6 
   ijkl-imln-jnkm |   3744 |   3744 |  2704 | 1.00 | 1.00 |        40.6 |    40.6 |    40.6 
   ijkl-imln-njmk |   3744 |   2704 |  3744 | 1.00 | 0.92 |        40.7 |    40.7 |    40.7 
   ijkl-imnj-nlkm |   3744 |   2704 |  3744 | 1.00 | 0.92 |        42.3 |    42.3 |    42.3 
   ijkl-imnk-njml |   3744 |   2704 |  3744 | 1.00 | 0.92 |        40.8 |    40.8 |    40.8 
   ijkl-minj-nlmk |   3744 |   2704 |  5184 | 1.00 | 0.92 |        41.5 |    41.5 |    41.5 
   ijkl-mink-jnlm |   3744 |   3744 |  3744 | 1.00 | 1.00 |        40.2 |    40.2 |    40.2 
   ijkl-minl-njmk |   3744 |   2704 |  5184 | 1.00 | 0.92 |        40.0 |    40.0 |    40.0 
     aqrs-pa-pqrs |     72 | 140608 |    72 | 1.00 | 1.00 |        25.3 |    25.3 |    25.3 
     abrs-qb-aqrs |     52 | 194688 |    72 | 1.00 | 1.00 |        24.3 |    24.3 |    24.3 
     abcs-rc-abrs |     52 | 194688 |    72 | 1.00 | 1.00 |        22.9 |    22.9 |    22.9 
       abj-bka-kj |  46656 |    204 |   216 | 1.00 | 1.00 |        36.1 |    36.1 |    36.1 
       ajb-kba-jk |  44064 |    216 |   216 | 1.00 | 1.00 |        41.6 |    41.6 |    41.6 
     abjc-cbka-kj | 269568 |     52 |    72 | 1.00 | 1.00 |        10.9 |    10.9 |    10.9 
     ajbc-ckba-jk | 269568 |     72 |    52 | 1.00 | 1.00 |        17.8 |    17.8 |    17.8 
     abjc-kbac-jk | 194688 |     72 |    72 | 1.00 | 1.00 |        31.0 |    31.0 |    31.0 
   abjcd-dkbac-jk | 331776 |     24 |    24 | 1.00 | 1.00 |         5.1 |     5.1 |     5.1 
   adbjc-cbdka-kj | 331776 |     24 |    24 | 1.00 | 1.00 |         4.2 |     4.2 |     4.2 
   ajbdc-ckbad-jk | 331776 |     24 |    24 | 1.00 | 1.00 |         4.9 |     4.9 |     4.9 
 abcijk-ijma-mkbc |   9216 |   4096 |    24 | 1.00 | 0.99 |        21.4 |    21.4 |    21.4 
 abcijk-ijmb-mkac |   6144 |   6144 |    24 | 1.00 | 0.75 |        19.0 |    19.0 |    19.0 
 abcijk-ijmc-mkab |   6144 |   6144 |    24 | 1.00 | 0.75 |        24.0 |    24.0 |    24.0 
 abcijk-ikma-mjbc |   9216 |   4096 |    24 | 1.00 | 0.99 |        21.1 |    21.1 |    21.1 
 abcijk-ikmb-mjac |   6144 |   6144 |    24 | 1.00 | 0.75 |        18.8 |    18.8 |    18.8 
 abcijk-ikmc-mjab |   6144 |   6144 |    24 | 1.00 | 0.75 |        24.0 |    24.0 |    24.0 
 abcijk-jkma-mibc |   9216 |   4096 |    24 | 1.00 | 0.99 |        21.6 |    21.6 |    21.6 
 abcijk-jkmb-miac |   6144 |   6144 |    24 | 1.00 | 0.75 |        18.3 |    18.3 |    18.3 
 abcijk-jkmc-miab |   6144 |   6144 |    24 | 1.00 | 0.75 |        22.1 |    22.1 |    22.1 
 abcijk-eiab-jkec |   6144 |   6144 |    24 | 1.00 | 0.75 |        21.9 |    21.9 |    21.9 
 abcijk-eiac-jkeb |   6144 |   6144 |    24 | 1.00 | 0.75 |        18.0 |    18.0 |    18.0 
 abcijk-eibc-jkea |   4096 |   9216 |    24 | 1.00 | 0.99 |        21.6 |    21.6 |    21.6 
 abcijk-ejab-ikec |   6144 |   6144 |    24 | 1.00 | 0.75 |        24.0 |    24.0 |    24.0 
 abcijk-ejac-ikeb |   6144 |   6144 |    24 | 1.00 | 0.75 |        18.8 |    18.8 |    18.8 
 abcijk-ejbc-ikea |   4096 |   9216 |    24 | 1.00 | 0.99 |        21.2 |    21.2 |    21.2 
 abcijk-ekab-ijec |   6144 |   6144 |    24 | 1.00 | 0.75 |        23.9 |    23.9 |    23.9 
 abcijk-ekac-ijeb |   6144 |   6144 |    24 | 1.00 | 0.75 |        18.9 |    18.9 |    18.9 
 abcijk-ekbc-ijea |   4096 |   9216 |    24 | 1.00 | 0.99 |        21.2 |    21.2 |    21.2 
       abc-bk-akc |    216 |  44064 |   204 | 1.00 | 1.00 |        39.5 |    39.5 |    39.5 

=== c64 ===
             case |      m |      n |     k | regA | regB | planar GF/s | 1m GF/s | 3m GF/s 
------------------+--------+--------+-------+------+------+-------------+---------+---------
         ij-ik-kj |   2904 |   2896 |  2904 | 1.00 | 1.00 |        43.3 |    43.7 |    42.9 
       ij-ikl-ljk |    216 |    204 | 44064 | 1.00 | 1.00 |        39.6 |    40.8 |    36.4 
       ij-kil-lkj |    216 |    204 | 46656 | 1.00 | 1.00 |        39.7 |    40.7 |    39.4 
       ijk-ikl-lj |  44064 |    204 |   216 | 1.00 | 1.00 |        40.9 |    40.4 |    39.7 
       ijk-il-jlk |    216 |  44064 |   204 | 1.00 | 0.98 |        42.1 |    44.4 |    39.8 
       ijk-ilk-jl |  44064 |    216 |   204 | 1.00 | 1.00 |        42.8 |    45.1 |    40.2 
       ijk-ilk-lj |  44064 |    204 |   216 | 1.00 | 1.00 |        43.8 |    46.1 |    41.2 
     ijk-ilmk-mjl |   3744 |     52 |  3744 | 1.00 | 1.00 |        35.2 |    35.9 |    30.0 
   ijkl-imjn-lnkm |   3744 |   3744 |  2704 | 1.00 | 0.92 |        44.3 |    45.9 |    43.2 
   ijkl-imjn-nlmk |   3744 |   2704 |  3744 | 1.00 | 0.92 |        44.3 |    45.8 |    43.0 
   ijkl-imkn-jnlm |   3744 |   3744 |  2704 | 1.00 | 0.95 |        43.6 |    44.5 |    41.4 
   ijkl-imkn-njml |   3744 |   2704 |  3744 | 1.00 | 0.92 |        43.5 |    44.9 |    41.5 
   ijkl-imln-jnkm |   3744 |   3744 |  2704 | 1.00 | 0.95 |        43.4 |    45.1 |    41.7 
   ijkl-imln-njmk |   3744 |   2704 |  3744 | 1.00 | 0.92 |        43.5 |    45.0 |    41.6 
   ijkl-imnj-nlkm |   3744 |   2704 |  3744 | 1.00 | 0.92 |        44.2 |    46.3 |    43.1 
   ijkl-imnk-njml |   3744 |   2704 |  3744 | 1.00 | 0.92 |        43.5 |    45.0 |    41.5 
   ijkl-minj-nlmk |   3744 |   2704 |  5184 | 1.00 | 0.92 |        43.7 |    45.6 |    44.2 
   ijkl-mink-jnlm |   3744 |   3744 |  3744 | 1.00 | 0.95 |        43.2 |    44.7 |    42.7 
   ijkl-minl-njmk |   3744 |   2704 |  5184 | 1.00 | 0.92 |        43.1 |    44.4 |    42.6 
     aqrs-pa-pqrs |     72 | 140608 |    72 | 1.00 | 1.00 |        32.7 |    35.1 |    32.5 
     abrs-qb-aqrs |     52 | 194688 |    72 | 1.00 | 1.00 |        30.5 |    32.8 |    27.4 
     abcs-rc-abrs |     52 | 194688 |    72 | 1.00 | 1.00 |        29.4 |    32.5 |    30.4 
       abj-bka-kj |  46656 |    204 |   216 | 1.00 | 1.00 |        42.0 |    41.7 |    41.9 
       ajb-kba-jk |  44064 |    216 |   216 | 1.00 | 1.00 |        43.7 |    46.5 |    44.9 
     abjc-cbka-kj | 269568 |     52 |    72 | 1.00 | 1.00 |        20.0 |    17.7 |    19.8 
     ajbc-ckba-jk | 269568 |     72 |    52 | 1.00 | 1.00 |        20.9 |    19.5 |    20.7 
     abjc-kbac-jk | 194688 |     72 |    72 | 1.00 | 1.00 |        35.0 |    38.3 |    37.7 
   abjcd-dkbac-jk | 331776 |     24 |    24 | 1.00 | 1.00 |        11.2 |    10.1 |    10.5 
   adbjc-cbdka-kj | 331776 |     24 |    24 | 1.00 | 1.00 |        10.1 |     8.9 |     9.6 
   ajbdc-ckbad-jk | 331776 |     24 |    24 | 1.00 | 1.00 |        10.5 |     9.5 |    10.1 
 abcijk-ijma-mkbc |   9216 |   4096 |    24 | 1.00 | 0.99 |        26.0 |    29.1 |    25.9 
 abcijk-ijmb-mkac |   6144 |   6144 |    24 | 1.00 | 0.75 |        26.2 |    28.9 |    25.5 
 abcijk-ijmc-mkab |   6144 |   6144 |    24 | 1.00 | 0.75 |        29.5 |    33.2 |    28.5 
 abcijk-ikma-mjbc |   9216 |   4096 |    24 | 1.00 | 0.99 |        26.2 |    28.8 |    25.8 
 abcijk-ikmb-mjac |   6144 |   6144 |    24 | 1.00 | 0.75 |        26.2 |    29.0 |    25.7 
 abcijk-ikmc-mjab |   6144 |   6144 |    24 | 1.00 | 0.75 |        29.4 |    33.1 |    28.5 
 abcijk-jkma-mibc |   9216 |   4096 |    24 | 1.00 | 0.99 |        26.1 |    28.8 |    26.0 
 abcijk-jkmb-miac |   6144 |   6144 |    24 | 1.00 | 0.75 |        25.6 |    27.7 |    25.2 
 abcijk-jkmc-miab |   6144 |   6144 |    24 | 1.00 | 0.75 |        28.6 |    29.2 |    28.0 
 abcijk-eiab-jkec |   6144 |   6144 |    24 | 1.00 | 0.75 |        28.5 |    28.7 |    27.9 
 abcijk-eiac-jkeb |   6144 |   6144 |    24 | 1.00 | 0.75 |        25.5 |    27.5 |    25.3 
 abcijk-eibc-jkea |   4096 |   9216 |    24 | 1.00 | 0.99 |        26.3 |    29.3 |    25.9 
 abcijk-ejab-ikec |   6144 |   6144 |    24 | 1.00 | 0.75 |        29.6 |    33.1 |    28.4 
 abcijk-ejac-ikeb |   6144 |   6144 |    24 | 1.00 | 0.75 |        26.2 |    28.6 |    25.6 
 abcijk-ejbc-ikea |   4096 |   9216 |    24 | 1.00 | 0.99 |        26.3 |    29.3 |    26.0 
 abcijk-ekab-ijec |   6144 |   6144 |    24 | 1.00 | 0.75 |        29.6 |    33.2 |    28.6 
 abcijk-ekac-ijeb |   6144 |   6144 |    24 | 1.00 | 0.75 |        26.2 |    28.8 |    25.6 
 abcijk-ekbc-ijea |   4096 |   9216 |    24 | 1.00 | 0.99 |        26.3 |    29.3 |    26.0 
       abc-bk-akc |    216 |  44064 |   204 | 1.00 | 1.00 |        42.7 |    45.4 |    40.2 

=== complex efficiency ratio (c64 GF/s over f64 GF/s; 1.0 = no penalty) ===
             case | planar c64/f64 | 1m c64/f64 | 3m c64/f64 
------------------+----------------+------------+------------
         ij-ik-kj |          1.047 |      1.058 |      1.039 
       ij-ikl-ljk |          1.195 |      1.232 |      1.097 
       ij-kil-lkj |          1.208 |      1.237 |      1.198 
       ijk-ikl-lj |          1.231 |      1.215 |      1.196 
       ijk-il-jlk |          1.204 |      1.269 |      1.138 
       ijk-ilk-jl |          1.057 |      1.113 |      0.992 
       ijk-ilk-lj |          1.082 |      1.138 |      1.016 
     ijk-ilmk-mjl |          1.192 |      1.215 |      1.014 
   ijkl-imjn-lnkm |          1.050 |      1.088 |      1.022 
   ijkl-imjn-nlmk |          1.056 |      1.092 |      1.026 
   ijkl-imkn-jnlm |          1.077 |      1.097 |      1.022 
   ijkl-imkn-njml |          1.071 |      1.107 |      1.022 
   ijkl-imln-jnkm |          1.070 |      1.111 |      1.027 
   ijkl-imln-njmk |          1.069 |      1.104 |      1.020 
   ijkl-imnj-nlkm |          1.043 |      1.095 |      1.017 
   ijkl-imnk-njml |          1.068 |      1.104 |      1.018 
   ijkl-minj-nlmk |          1.054 |      1.100 |      1.064 
   ijkl-mink-jnlm |          1.076 |      1.111 |      1.063 
   ijkl-minl-njmk |          1.077 |      1.110 |      1.065 
     aqrs-pa-pqrs |          1.295 |      1.389 |      1.286 
     abrs-qb-aqrs |          1.252 |      1.348 |      1.124 
     abcs-rc-abrs |          1.284 |      1.420 |      1.328 
       abj-bka-kj |          1.163 |      1.154 |      1.161 
       ajb-kba-jk |          1.049 |      1.117 |      1.078 
     abjc-cbka-kj |          1.837 |      1.633 |      1.827 
     ajbc-ckba-jk |          1.173 |      1.095 |      1.159 
     abjc-kbac-jk |          1.130 |      1.237 |      1.215 
   abjcd-dkbac-jk |          2.185 |      1.962 |      2.047 
   adbjc-cbdka-kj |          2.414 |      2.122 |      2.297 
   ajbdc-ckbad-jk |          2.151 |      1.939 |      2.059 
 abcijk-ijma-mkbc |          1.217 |      1.362 |      1.210 
 abcijk-ijmb-mkac |          1.384 |      1.526 |      1.343 
 abcijk-ijmc-mkab |          1.229 |      1.386 |      1.191 
 abcijk-ikma-mjbc |          1.240 |      1.365 |      1.223 
 abcijk-ikmb-mjac |          1.398 |      1.543 |      1.368 
 abcijk-ikmc-mjab |          1.226 |      1.379 |      1.188 
 abcijk-jkma-mibc |          1.213 |      1.334 |      1.207 
 abcijk-jkmb-miac |          1.398 |      1.511 |      1.377 
 abcijk-jkmc-miab |          1.291 |      1.321 |      1.265 
 abcijk-eiab-jkec |          1.303 |      1.313 |      1.276 
 abcijk-eiac-jkeb |          1.420 |      1.528 |      1.405 
 abcijk-eibc-jkea |          1.219 |      1.358 |      1.202 
 abcijk-ejab-ikec |          1.230 |      1.376 |      1.183 
 abcijk-ejac-ikeb |          1.390 |      1.516 |      1.360 
 abcijk-ejbc-ikea |          1.238 |      1.377 |      1.226 
 abcijk-ekab-ijec |          1.236 |      1.389 |      1.197 
 abcijk-ekac-ijeb |          1.389 |      1.525 |      1.357 
 abcijk-ekbc-ijea |          1.239 |      1.381 |      1.226 
       abc-bk-akc |          1.079 |      1.148 |      1.016 
             MEAN |          1.269 |      1.319 |      1.234 

wrote bench-results/worker5040-zen2/placement/p13.csv
