host        : worker5040
target      : x86_64 / linux
cpu features: avx2 fma 
caches      : L1=32KiB/8-way/1sh L2=512KiB/8-way/1sh L3=16384KiB/16-way/4sh (via sysfs), blocking=legacy
baselines   : tblis=false blas=false

sweeping 49 cases at 64 MiB nominal tensor size, 3 reps, stress=none


=== f64 ===
             case |      m |      n |     k | regA | regB | planar GF/s | 1m GF/s | 3m GF/s 
------------------+--------+--------+-------+------+------+-------------+---------+---------
         ij-ik-kj |   2904 |   2896 |  2904 | 1.00 | 1.00 |        40.6 |    40.6 |    40.6 
       ij-ikl-ljk |    216 |    204 | 44064 | 1.00 | 1.00 |        31.7 |    31.7 |    31.7 
       ij-kil-lkj |    216 |    204 | 46656 | 1.00 | 1.00 |        31.6 |    31.6 |    31.6 
       ijk-ikl-lj |  44064 |    204 |   216 | 1.00 | 1.00 |        31.4 |    31.4 |    31.4 
       ijk-il-jlk |    216 |  44064 |   204 | 1.00 | 1.00 |        32.8 |    32.8 |    32.8 
       ijk-ilk-jl |  44064 |    216 |   204 | 1.00 | 1.00 |        38.9 |    38.9 |    38.9 
       ijk-ilk-lj |  44064 |    204 |   216 | 1.00 | 1.00 |        38.9 |    38.9 |    38.9 
     ijk-ilmk-mjl |   3744 |     52 |  3744 | 1.00 | 1.00 |        28.6 |    28.6 |    28.6 
   ijkl-imjn-lnkm |   3744 |   3744 |  2704 | 1.00 | 0.92 |        41.0 |    41.0 |    41.0 
   ijkl-imjn-nlmk |   3744 |   2704 |  3744 | 1.00 | 0.92 |        40.9 |    40.9 |    40.9 
   ijkl-imkn-jnlm |   3744 |   3744 |  2704 | 1.00 | 1.00 |        39.5 |    39.5 |    39.5 
   ijkl-imkn-njml |   3744 |   2704 |  3744 | 1.00 | 0.92 |        39.3 |    39.3 |    39.3 
   ijkl-imln-jnkm |   3744 |   3744 |  2704 | 1.00 | 1.00 |        39.2 |    39.2 |    39.2 
   ijkl-imln-njmk |   3744 |   2704 |  3744 | 1.00 | 0.92 |        39.3 |    39.3 |    39.3 
   ijkl-imnj-nlkm |   3744 |   2704 |  3744 | 1.00 | 0.92 |        41.0 |    41.0 |    41.0 
   ijkl-imnk-njml |   3744 |   2704 |  3744 | 1.00 | 0.92 |        39.3 |    39.3 |    39.3 
   ijkl-minj-nlmk |   3744 |   2704 |  5184 | 1.00 | 0.92 |        40.1 |    40.1 |    40.1 
   ijkl-mink-jnlm |   3744 |   3744 |  3744 | 1.00 | 1.00 |        39.0 |    39.0 |    39.0 
   ijkl-minl-njmk |   3744 |   2704 |  5184 | 1.00 | 0.92 |        38.7 |    38.7 |    38.7 
     aqrs-pa-pqrs |     72 | 140608 |    72 | 1.00 | 1.00 |        23.5 |    23.5 |    23.5 
     abrs-qb-aqrs |     52 | 194688 |    72 | 1.00 | 1.00 |        23.7 |    23.7 |    23.7 
     abcs-rc-abrs |     52 | 194688 |    72 | 1.00 | 1.00 |        22.7 |    22.7 |    22.7 
       abj-bka-kj |  46656 |    204 |   216 | 1.00 | 1.00 |        35.6 |    35.6 |    35.6 
       ajb-kba-jk |  44064 |    216 |   216 | 1.00 | 1.00 |        40.4 |    40.4 |    40.4 
     abjc-cbka-kj | 269568 |     52 |    72 | 1.00 | 1.00 |        10.5 |    10.5 |    10.5 
     ajbc-ckba-jk | 269568 |     72 |    52 | 1.00 | 1.00 |        17.6 |    17.6 |    17.6 
     abjc-kbac-jk | 194688 |     72 |    72 | 1.00 | 1.00 |        30.5 |    30.5 |    30.5 
   abjcd-dkbac-jk | 331776 |     24 |    24 | 1.00 | 1.00 |         4.9 |     4.9 |     4.9 
   adbjc-cbdka-kj | 331776 |     24 |    24 | 1.00 | 1.00 |         4.2 |     4.2 |     4.2 
   ajbdc-ckbad-jk | 331776 |     24 |    24 | 1.00 | 1.00 |         4.7 |     4.7 |     4.7 
 abcijk-ijma-mkbc |   9216 |   4096 |    24 | 1.00 | 0.99 |        21.3 |    21.3 |    21.3 
 abcijk-ijmb-mkac |   6144 |   6144 |    24 | 1.00 | 0.75 |        18.9 |    18.9 |    18.9 
 abcijk-ijmc-mkab |   6144 |   6144 |    24 | 1.00 | 0.75 |        23.9 |    23.9 |    23.9 
 abcijk-ikma-mjbc |   9216 |   4096 |    24 | 1.00 | 0.99 |        21.3 |    21.3 |    21.3 
 abcijk-ikmb-mjac |   6144 |   6144 |    24 | 1.00 | 0.75 |        18.7 |    18.7 |    18.7 
 abcijk-ikmc-mjab |   6144 |   6144 |    24 | 1.00 | 0.75 |        23.8 |    23.8 |    23.8 
 abcijk-jkma-mibc |   9216 |   4096 |    24 | 1.00 | 0.99 |        21.5 |    21.5 |    21.5 
 abcijk-jkmb-miac |   6144 |   6144 |    24 | 1.00 | 0.75 |        18.1 |    18.1 |    18.1 
 abcijk-jkmc-miab |   6144 |   6144 |    24 | 1.00 | 0.75 |        21.7 |    21.7 |    21.7 
 abcijk-eiab-jkec |   6144 |   6144 |    24 | 1.00 | 0.75 |        21.9 |    21.9 |    21.9 
 abcijk-eiac-jkeb |   6144 |   6144 |    24 | 1.00 | 0.75 |        18.4 |    18.4 |    18.4 
 abcijk-eibc-jkea |   4096 |   9216 |    24 | 1.00 | 0.99 |        21.5 |    21.5 |    21.5 
 abcijk-ejab-ikec |   6144 |   6144 |    24 | 1.00 | 0.75 |        23.7 |    23.7 |    23.7 
 abcijk-ejac-ikeb |   6144 |   6144 |    24 | 1.00 | 0.75 |        18.8 |    18.8 |    18.8 
 abcijk-ejbc-ikea |   4096 |   9216 |    24 | 1.00 | 0.99 |        21.0 |    21.0 |    21.0 
 abcijk-ekab-ijec |   6144 |   6144 |    24 | 1.00 | 0.75 |        23.7 |    23.7 |    23.7 
 abcijk-ekac-ijeb |   6144 |   6144 |    24 | 1.00 | 0.75 |        18.7 |    18.7 |    18.7 
 abcijk-ekbc-ijea |   4096 |   9216 |    24 | 1.00 | 0.99 |        21.3 |    21.3 |    21.3 
       abc-bk-akc |    216 |  44064 |   204 | 1.00 | 1.00 |        39.3 |    39.3 |    39.3 

=== c64 ===
             case |      m |      n |     k | regA | regB | planar GF/s | 1m GF/s | 3m GF/s 
------------------+--------+--------+-------+------+------+-------------+---------+---------
         ij-ik-kj |   2904 |   2896 |  2904 | 1.00 | 1.00 |        43.1 |    43.1 |    42.2 
       ij-ikl-ljk |    216 |    204 | 44064 | 1.00 | 1.00 |        38.5 |    39.7 |    35.2 
       ij-kil-lkj |    216 |    204 | 46656 | 1.00 | 1.00 |        38.7 |    39.4 |    38.7 
       ijk-ikl-lj |  44064 |    204 |   216 | 1.00 | 1.00 |        39.7 |    39.3 |    39.1 
       ijk-il-jlk |    216 |  44064 |   204 | 1.00 | 0.98 |        41.6 |    43.3 |    38.8 
       ijk-ilk-jl |  44064 |    216 |   204 | 1.00 | 1.00 |        42.6 |    44.6 |    40.0 
       ijk-ilk-lj |  44064 |    204 |   216 | 1.00 | 1.00 |        42.6 |    45.2 |    39.0 
     ijk-ilmk-mjl |   3744 |     52 |  3744 | 1.00 | 1.00 |        34.4 |    34.9 |    28.7 
   ijkl-imjn-lnkm |   3744 |   3744 |  2704 | 1.00 | 0.92 |        43.4 |    45.2 |    41.8 
   ijkl-imjn-nlmk |   3744 |   2704 |  3744 | 1.00 | 0.92 |        43.6 |    45.4 |    41.5 
   ijkl-imkn-jnlm |   3744 |   3744 |  2704 | 1.00 | 0.95 |        42.9 |    43.8 |    40.3 
   ijkl-imkn-njml |   3744 |   2704 |  3744 | 1.00 | 0.92 |        43.1 |    43.9 |    40.9 
   ijkl-imln-jnkm |   3744 |   3744 |  2704 | 1.00 | 0.95 |        43.0 |    43.9 |    40.9 
   ijkl-imln-njmk |   3744 |   2704 |  3744 | 1.00 | 0.92 |        43.0 |    43.8 |    40.8 
   ijkl-imnj-nlkm |   3744 |   2704 |  3744 | 1.00 | 0.92 |        43.8 |    45.0 |    42.3 
   ijkl-imnk-njml |   3744 |   2704 |  3744 | 1.00 | 0.92 |        43.2 |    43.8 |    40.9 
   ijkl-minj-nlmk |   3744 |   2704 |  5184 | 1.00 | 0.92 |        43.3 |    44.2 |    43.3 
   ijkl-mink-jnlm |   3744 |   3744 |  3744 | 1.00 | 0.95 |        42.8 |    43.5 |    42.1 
   ijkl-minl-njmk |   3744 |   2704 |  5184 | 1.00 | 0.92 |        42.7 |    43.2 |    41.7 
     aqrs-pa-pqrs |     72 | 140608 |    72 | 1.00 | 1.00 |        31.6 |    34.0 |    31.7 
     abrs-qb-aqrs |     52 | 194688 |    72 | 1.00 | 1.00 |        29.7 |    32.1 |    26.7 
     abcs-rc-abrs |     52 | 194688 |    72 | 1.00 | 1.00 |        29.2 |    32.2 |    30.3 
       abj-bka-kj |  46656 |    204 |   216 | 1.00 | 1.00 |        41.4 |    40.6 |    41.2 
       ajb-kba-jk |  44064 |    216 |   216 | 1.00 | 1.00 |        43.3 |    45.2 |    44.1 
     abjc-cbka-kj | 269568 |     52 |    72 | 1.00 | 1.00 |        19.0 |    17.0 |    19.1 
     ajbc-ckba-jk | 269568 |     72 |    52 | 1.00 | 1.00 |        20.9 |    19.3 |    20.1 
     abjc-kbac-jk | 194688 |     72 |    72 | 1.00 | 1.00 |        34.8 |    38.1 |    37.6 
   abjcd-dkbac-jk | 331776 |     24 |    24 | 1.00 | 1.00 |        10.9 |     9.8 |    10.5 
   adbjc-cbdka-kj | 331776 |     24 |    24 | 1.00 | 1.00 |         9.7 |     8.6 |     9.4 
   ajbdc-ckbad-jk | 331776 |     24 |    24 | 1.00 | 1.00 |        10.5 |     9.2 |     9.9 
 abcijk-ijma-mkbc |   9216 |   4096 |    24 | 1.00 | 0.99 |        26.1 |    29.2 |    25.7 
 abcijk-ijmb-mkac |   6144 |   6144 |    24 | 1.00 | 0.75 |        26.0 |    28.8 |    25.3 
 abcijk-ijmc-mkab |   6144 |   6144 |    24 | 1.00 | 0.75 |        29.3 |    33.2 |    28.4 
 abcijk-ikma-mjbc |   9216 |   4096 |    24 | 1.00 | 0.99 |        26.1 |    29.0 |    25.6 
 abcijk-ikmb-mjac |   6144 |   6144 |    24 | 1.00 | 0.75 |        26.0 |    28.8 |    25.6 
 abcijk-ikmc-mjab |   6144 |   6144 |    24 | 1.00 | 0.75 |        29.2 |    33.0 |    28.3 
 abcijk-jkma-mibc |   9216 |   4096 |    24 | 1.00 | 0.99 |        25.8 |    28.9 |    25.6 
 abcijk-jkmb-miac |   6144 |   6144 |    24 | 1.00 | 0.75 |        25.2 |    27.4 |    24.6 
 abcijk-jkmc-miab |   6144 |   6144 |    24 | 1.00 | 0.75 |        28.1 |    29.5 |    27.4 
 abcijk-eiab-jkec |   6144 |   6144 |    24 | 1.00 | 0.75 |        28.1 |    29.5 |    27.7 
 abcijk-eiac-jkeb |   6144 |   6144 |    24 | 1.00 | 0.75 |        25.3 |    27.4 |    24.9 
 abcijk-eibc-jkea |   4096 |   9216 |    24 | 1.00 | 0.99 |        25.8 |    28.8 |    25.3 
 abcijk-ejab-ikec |   6144 |   6144 |    24 | 1.00 | 0.75 |        29.1 |    32.9 |    28.0 
 abcijk-ejac-ikeb |   6144 |   6144 |    24 | 1.00 | 0.75 |        25.7 |    28.6 |    25.1 
 abcijk-ejbc-ikea |   4096 |   9216 |    24 | 1.00 | 0.99 |        25.8 |    28.8 |    25.3 
 abcijk-ekab-ijec |   6144 |   6144 |    24 | 1.00 | 0.75 |        29.1 |    32.9 |    28.1 
 abcijk-ekac-ijeb |   6144 |   6144 |    24 | 1.00 | 0.75 |        25.9 |    28.5 |    25.1 
 abcijk-ekbc-ijea |   4096 |   9216 |    24 | 1.00 | 0.99 |        26.1 |    29.0 |    25.9 
       abc-bk-akc |    216 |  44064 |   204 | 1.00 | 1.00 |        42.5 |    44.5 |    41.0 

=== complex efficiency ratio (c64 GF/s over f64 GF/s; 1.0 = no penalty) ===
             case | planar c64/f64 | 1m c64/f64 | 3m c64/f64 
------------------+----------------+------------+------------
         ij-ik-kj |          1.061 |      1.063 |      1.040 
       ij-ikl-ljk |          1.213 |      1.250 |      1.109 
       ij-kil-lkj |          1.225 |      1.248 |      1.226 
       ijk-ikl-lj |          1.264 |      1.249 |      1.242 
       ijk-il-jlk |          1.269 |      1.321 |      1.185 
       ijk-ilk-jl |          1.096 |      1.148 |      1.029 
       ijk-ilk-lj |          1.095 |      1.161 |      1.003 
     ijk-ilmk-mjl |          1.201 |      1.218 |      1.003 
   ijkl-imjn-lnkm |          1.057 |      1.102 |      1.018 
   ijkl-imjn-nlmk |          1.066 |      1.109 |      1.016 
   ijkl-imkn-jnlm |          1.086 |      1.108 |      1.020 
   ijkl-imkn-njml |          1.097 |      1.116 |      1.040 
   ijkl-imln-jnkm |          1.095 |      1.118 |      1.044 
   ijkl-imln-njmk |          1.096 |      1.115 |      1.040 
   ijkl-imnj-nlkm |          1.068 |      1.097 |      1.032 
   ijkl-imnk-njml |          1.098 |      1.116 |      1.040 
   ijkl-minj-nlmk |          1.082 |      1.104 |      1.081 
   ijkl-mink-jnlm |          1.098 |      1.116 |      1.079 
   ijkl-minl-njmk |          1.103 |      1.117 |      1.079 
     aqrs-pa-pqrs |          1.346 |      1.450 |      1.349 
     abrs-qb-aqrs |          1.251 |      1.351 |      1.124 
     abcs-rc-abrs |          1.286 |      1.421 |      1.334 
       abj-bka-kj |          1.163 |      1.142 |      1.159 
       ajb-kba-jk |          1.072 |      1.121 |      1.094 
     abjc-cbka-kj |          1.803 |      1.620 |      1.811 
     ajbc-ckba-jk |          1.191 |      1.099 |      1.142 
     abjc-kbac-jk |          1.139 |      1.246 |      1.230 
   abjcd-dkbac-jk |          2.206 |      1.982 |      2.134 
   adbjc-cbdka-kj |          2.311 |      2.041 |      2.232 
   ajbdc-ckbad-jk |          2.211 |      1.951 |      2.097 
 abcijk-ijma-mkbc |          1.226 |      1.369 |      1.206 
 abcijk-ijmb-mkac |          1.380 |      1.525 |      1.344 
 abcijk-ijmc-mkab |          1.225 |      1.388 |      1.188 
 abcijk-ikma-mjbc |          1.225 |      1.362 |      1.201 
 abcijk-ikmb-mjac |          1.389 |      1.537 |      1.365 
 abcijk-ikmc-mjab |          1.229 |      1.388 |      1.187 
 abcijk-jkma-mibc |          1.199 |      1.341 |      1.186 
 abcijk-jkmb-miac |          1.389 |      1.510 |      1.358 
 abcijk-jkmc-miab |          1.298 |      1.362 |      1.265 
 abcijk-eiab-jkec |          1.283 |      1.346 |      1.265 
 abcijk-eiac-jkeb |          1.375 |      1.489 |      1.351 
 abcijk-eibc-jkea |          1.201 |      1.339 |      1.176 
 abcijk-ejab-ikec |          1.228 |      1.388 |      1.180 
 abcijk-ejac-ikeb |          1.370 |      1.520 |      1.334 
 abcijk-ejbc-ikea |          1.228 |      1.373 |      1.207 
 abcijk-ekab-ijec |          1.228 |      1.390 |      1.188 
 abcijk-ekac-ijeb |          1.381 |      1.525 |      1.340 
 abcijk-ekbc-ijea |          1.226 |      1.362 |      1.215 
       abc-bk-akc |          1.080 |      1.131 |      1.042 
             MEAN |          1.276 |      1.325 |      1.237 

wrote bench-results/worker5040-zen2/placement/p16.csv
