host        : worker5040
target      : x86_64 / linux
cpu features: avx2 fma 
caches      : L1=32KiB/8-way/1sh L2=512KiB/8-way/1sh L3=16384KiB/16-way/4sh (via sysfs), blocking=legacy
baselines   : tblis=false blas=false

sweeping 49 cases at 64 MiB nominal tensor size, 3 reps, stress=none


=== f64 ===
             case |      m |      n |     k | regA | regB | planar GF/s | 1m GF/s | 3m GF/s 
------------------+--------+--------+-------+------+------+-------------+---------+---------
         ij-ik-kj |   2904 |   2896 |  2904 | 1.00 | 1.00 |        41.2 |    41.2 |    41.2 
       ij-ikl-ljk |    216 |    204 | 44064 | 1.00 | 1.00 |        33.6 |    33.6 |    33.6 
       ij-kil-lkj |    216 |    204 | 46656 | 1.00 | 1.00 |        33.4 |    33.4 |    33.4 
       ijk-ikl-lj |  44064 |    204 |   216 | 1.00 | 1.00 |        33.9 |    33.9 |    33.9 
       ijk-il-jlk |    216 |  44064 |   204 | 1.00 | 1.00 |        35.6 |    35.6 |    35.6 
       ijk-ilk-jl |  44064 |    216 |   204 | 1.00 | 1.00 |        40.4 |    40.4 |    40.4 
       ijk-ilk-lj |  44064 |    204 |   216 | 1.00 | 1.00 |        40.0 |    40.0 |    40.0 
     ijk-ilmk-mjl |   3744 |     52 |  3744 | 1.00 | 1.00 |        28.8 |    28.8 |    28.8 
   ijkl-imjn-lnkm |   3744 |   3744 |  2704 | 1.00 | 0.92 |        42.1 |    42.1 |    42.1 
   ijkl-imjn-nlmk |   3744 |   2704 |  3744 | 1.00 | 0.92 |        41.8 |    41.8 |    41.8 
   ijkl-imkn-jnlm |   3744 |   3744 |  2704 | 1.00 | 1.00 |        40.4 |    40.4 |    40.4 
   ijkl-imkn-njml |   3744 |   2704 |  3744 | 1.00 | 0.92 |        40.8 |    40.8 |    40.8 
   ijkl-imln-jnkm |   3744 |   3744 |  2704 | 1.00 | 1.00 |        40.8 |    40.8 |    40.8 
   ijkl-imln-njmk |   3744 |   2704 |  3744 | 1.00 | 0.92 |        40.9 |    40.9 |    40.9 
   ijkl-imnj-nlkm |   3744 |   2704 |  3744 | 1.00 | 0.92 |        42.5 |    42.5 |    42.5 
   ijkl-imnk-njml |   3744 |   2704 |  3744 | 1.00 | 0.92 |        40.9 |    40.9 |    40.9 
   ijkl-minj-nlmk |   3744 |   2704 |  5184 | 1.00 | 0.92 |        41.6 |    41.6 |    41.6 
   ijkl-mink-jnlm |   3744 |   3744 |  3744 | 1.00 | 1.00 |        40.4 |    40.4 |    40.4 
   ijkl-minl-njmk |   3744 |   2704 |  5184 | 1.00 | 0.92 |        40.1 |    40.1 |    40.1 
     aqrs-pa-pqrs |     72 | 140608 |    72 | 1.00 | 1.00 |        25.0 |    25.0 |    25.0 
     abrs-qb-aqrs |     52 | 194688 |    72 | 1.00 | 1.00 |        24.3 |    24.3 |    24.3 
     abcs-rc-abrs |     52 | 194688 |    72 | 1.00 | 1.00 |        22.3 |    22.3 |    22.3 
       abj-bka-kj |  46656 |    204 |   216 | 1.00 | 1.00 |        36.2 |    36.2 |    36.2 
       ajb-kba-jk |  44064 |    216 |   216 | 1.00 | 1.00 |        41.3 |    41.3 |    41.3 
     abjc-cbka-kj | 269568 |     52 |    72 | 1.00 | 1.00 |        10.5 |    10.5 |    10.5 
     ajbc-ckba-jk | 269568 |     72 |    52 | 1.00 | 1.00 |        17.9 |    17.9 |    17.9 
     abjc-kbac-jk | 194688 |     72 |    72 | 1.00 | 1.00 |        31.1 |    31.1 |    31.1 
   abjcd-dkbac-jk | 331776 |     24 |    24 | 1.00 | 1.00 |         4.9 |     4.9 |     4.9 
   adbjc-cbdka-kj | 331776 |     24 |    24 | 1.00 | 1.00 |         4.1 |     4.1 |     4.1 
   ajbdc-ckbad-jk | 331776 |     24 |    24 | 1.00 | 1.00 |         4.7 |     4.7 |     4.7 
 abcijk-ijma-mkbc |   9216 |   4096 |    24 | 1.00 | 0.99 |        21.3 |    21.3 |    21.3 
 abcijk-ijmb-mkac |   6144 |   6144 |    24 | 1.00 | 0.75 |        19.0 |    19.0 |    19.0 
 abcijk-ijmc-mkab |   6144 |   6144 |    24 | 1.00 | 0.75 |        23.8 |    23.8 |    23.8 
 abcijk-ikma-mjbc |   9216 |   4096 |    24 | 1.00 | 0.99 |        20.9 |    20.9 |    20.9 
 abcijk-ikmb-mjac |   6144 |   6144 |    24 | 1.00 | 0.75 |        18.9 |    18.9 |    18.9 
 abcijk-ikmc-mjab |   6144 |   6144 |    24 | 1.00 | 0.75 |        23.9 |    23.9 |    23.9 
 abcijk-jkma-mibc |   9216 |   4096 |    24 | 1.00 | 0.99 |        21.5 |    21.5 |    21.5 
 abcijk-jkmb-miac |   6144 |   6144 |    24 | 1.00 | 0.75 |        18.4 |    18.4 |    18.4 
 abcijk-jkmc-miab |   6144 |   6144 |    24 | 1.00 | 0.75 |        21.7 |    21.7 |    21.7 
 abcijk-eiab-jkec |   6144 |   6144 |    24 | 1.00 | 0.75 |        21.5 |    21.5 |    21.5 
 abcijk-eiac-jkeb |   6144 |   6144 |    24 | 1.00 | 0.75 |        18.3 |    18.3 |    18.3 
 abcijk-eibc-jkea |   4096 |   9216 |    24 | 1.00 | 0.99 |        21.7 |    21.7 |    21.7 
 abcijk-ejab-ikec |   6144 |   6144 |    24 | 1.00 | 0.75 |        23.9 |    23.9 |    23.9 
 abcijk-ejac-ikeb |   6144 |   6144 |    24 | 1.00 | 0.75 |        18.8 |    18.8 |    18.8 
 abcijk-ejbc-ikea |   4096 |   9216 |    24 | 1.00 | 0.99 |        21.0 |    21.0 |    21.0 
 abcijk-ekab-ijec |   6144 |   6144 |    24 | 1.00 | 0.75 |        23.9 |    23.9 |    23.9 
 abcijk-ekac-ijeb |   6144 |   6144 |    24 | 1.00 | 0.75 |        18.8 |    18.8 |    18.8 
 abcijk-ekbc-ijea |   4096 |   9216 |    24 | 1.00 | 0.99 |        21.2 |    21.2 |    21.2 
       abc-bk-akc |    216 |  44064 |   204 | 1.00 | 1.00 |        40.3 |    40.3 |    40.3 

=== c64 ===
             case |      m |      n |     k | regA | regB | planar GF/s | 1m GF/s | 3m GF/s 
------------------+--------+--------+-------+------+------+-------------+---------+---------
         ij-ik-kj |   2904 |   2896 |  2904 | 1.00 | 1.00 |        43.4 |    43.7 |    43.4 
       ij-ikl-ljk |    216 |    204 | 44064 | 1.00 | 1.00 |        39.7 |    40.9 |    37.2 
       ij-kil-lkj |    216 |    204 | 46656 | 1.00 | 1.00 |        39.7 |    40.5 |    40.0 
       ijk-ikl-lj |  44064 |    204 |   216 | 1.00 | 1.00 |        40.8 |    39.9 |    40.8 
       ijk-il-jlk |    216 |  44064 |   204 | 1.00 | 0.98 |        42.5 |    44.4 |    40.6 
       ijk-ilk-jl |  44064 |    216 |   204 | 1.00 | 1.00 |        43.0 |    45.5 |    40.9 
       ijk-ilk-lj |  44064 |    204 |   216 | 1.00 | 1.00 |        43.8 |    46.0 |    41.0 
     ijk-ilmk-mjl |   3744 |     52 |  3744 | 1.00 | 1.00 |        35.4 |    36.1 |    30.4 
   ijkl-imjn-lnkm |   3744 |   3744 |  2704 | 1.00 | 0.92 |        44.3 |    46.2 |    42.9 
   ijkl-imjn-nlmk |   3744 |   2704 |  3744 | 1.00 | 0.92 |        44.2 |    46.1 |    42.8 
   ijkl-imkn-jnlm |   3744 |   3744 |  2704 | 1.00 | 0.95 |        43.6 |    44.7 |    41.4 
   ijkl-imkn-njml |   3744 |   2704 |  3744 | 1.00 | 0.92 |        43.5 |    44.9 |    41.7 
   ijkl-imln-jnkm |   3744 |   3744 |  2704 | 1.00 | 0.95 |        43.5 |    45.0 |    41.8 
   ijkl-imln-njmk |   3744 |   2704 |  3744 | 1.00 | 0.92 |        43.5 |    45.0 |    41.7 
   ijkl-imnj-nlkm |   3744 |   2704 |  3744 | 1.00 | 0.92 |        44.2 |    46.2 |    43.1 
   ijkl-imnk-njml |   3744 |   2704 |  3744 | 1.00 | 0.92 |        43.6 |    45.1 |    41.7 
   ijkl-minj-nlmk |   3744 |   2704 |  5184 | 1.00 | 0.92 |        43.8 |    45.4 |    44.2 
   ijkl-mink-jnlm |   3744 |   3744 |  3744 | 1.00 | 0.95 |        43.3 |    44.7 |    42.8 
   ijkl-minl-njmk |   3744 |   2704 |  5184 | 1.00 | 0.92 |        43.1 |    44.3 |    42.7 
     aqrs-pa-pqrs |     72 | 140608 |    72 | 1.00 | 1.00 |        32.5 |    35.1 |    32.8 
     abrs-qb-aqrs |     52 | 194688 |    72 | 1.00 | 1.00 |        30.4 |    32.7 |    27.0 
     abcs-rc-abrs |     52 | 194688 |    72 | 1.00 | 1.00 |        29.0 |    32.6 |    30.7 
       abj-bka-kj |  46656 |    204 |   216 | 1.00 | 1.00 |        41.8 |    41.4 |    41.6 
       ajb-kba-jk |  44064 |    216 |   216 | 1.00 | 1.00 |        43.8 |    46.4 |    45.3 
     abjc-cbka-kj | 269568 |     52 |    72 | 1.00 | 1.00 |        19.6 |    17.2 |    19.6 
     ajbc-ckba-jk | 269568 |     72 |    52 | 1.00 | 1.00 |        21.1 |    19.6 |    20.8 
     abjc-kbac-jk | 194688 |     72 |    72 | 1.00 | 1.00 |        35.2 |    38.5 |    37.9 
   abjcd-dkbac-jk | 331776 |     24 |    24 | 1.00 | 1.00 |        11.2 |    10.0 |    10.7 
   adbjc-cbdka-kj | 331776 |     24 |    24 | 1.00 | 1.00 |        10.0 |     8.6 |     9.5 
   ajbdc-ckbad-jk | 331776 |     24 |    24 | 1.00 | 1.00 |        10.6 |     9.5 |    10.3 
 abcijk-ijma-mkbc |   9216 |   4096 |    24 | 1.00 | 0.99 |        26.1 |    29.3 |    26.0 
 abcijk-ijmb-mkac |   6144 |   6144 |    24 | 1.00 | 0.75 |        26.3 |    29.1 |    25.6 
 abcijk-ijmc-mkab |   6144 |   6144 |    24 | 1.00 | 0.75 |        29.5 |    33.3 |    28.6 
 abcijk-ikma-mjbc |   9216 |   4096 |    24 | 1.00 | 0.99 |        26.2 |    29.1 |    25.9 
 abcijk-ikmb-mjac |   6144 |   6144 |    24 | 1.00 | 0.75 |        26.3 |    29.0 |    25.7 
 abcijk-ikmc-mjab |   6144 |   6144 |    24 | 1.00 | 0.75 |        29.5 |    33.4 |    28.5 
 abcijk-jkma-mibc |   9216 |   4096 |    24 | 1.00 | 0.99 |        26.2 |    29.2 |    26.0 
 abcijk-jkmb-miac |   6144 |   6144 |    24 | 1.00 | 0.75 |        25.6 |    27.6 |    25.2 
 abcijk-jkmc-miab |   6144 |   6144 |    24 | 1.00 | 0.75 |        28.5 |    29.6 |    28.0 
 abcijk-eiab-jkec |   6144 |   6144 |    24 | 1.00 | 0.75 |        28.4 |    29.5 |    28.1 
 abcijk-eiac-jkeb |   6144 |   6144 |    24 | 1.00 | 0.75 |        25.6 |    27.5 |    25.3 
 abcijk-eibc-jkea |   4096 |   9216 |    24 | 1.00 | 0.99 |        26.4 |    29.3 |    25.8 
 abcijk-ejab-ikec |   6144 |   6144 |    24 | 1.00 | 0.75 |        29.5 |    33.3 |    28.5 
 abcijk-ejac-ikeb |   6144 |   6144 |    24 | 1.00 | 0.75 |        26.2 |    28.9 |    25.6 
 abcijk-ejbc-ikea |   4096 |   9216 |    24 | 1.00 | 0.99 |        26.3 |    29.4 |    26.0 
 abcijk-ekab-ijec |   6144 |   6144 |    24 | 1.00 | 0.75 |        29.6 |    33.4 |    28.6 
 abcijk-ekac-ijeb |   6144 |   6144 |    24 | 1.00 | 0.75 |        26.3 |    29.0 |    25.7 
 abcijk-ekbc-ijea |   4096 |   9216 |    24 | 1.00 | 0.99 |        26.3 |    29.3 |    26.0 
       abc-bk-akc |    216 |  44064 |   204 | 1.00 | 1.00 |        43.0 |    45.8 |    41.1 

=== complex efficiency ratio (c64 GF/s over f64 GF/s; 1.0 = no penalty) ===
             case | planar c64/f64 | 1m c64/f64 | 3m c64/f64 
------------------+----------------+------------+------------
         ij-ik-kj |          1.054 |      1.060 |      1.053 
       ij-ikl-ljk |          1.184 |      1.219 |      1.108 
       ij-kil-lkj |          1.190 |      1.215 |      1.200 
       ijk-ikl-lj |          1.203 |      1.177 |      1.205 
       ijk-il-jlk |          1.195 |      1.249 |      1.140 
       ijk-ilk-jl |          1.065 |      1.126 |      1.013 
       ijk-ilk-lj |          1.095 |      1.150 |      1.025 
     ijk-ilmk-mjl |          1.229 |      1.253 |      1.054 
   ijkl-imjn-lnkm |          1.052 |      1.098 |      1.020 
   ijkl-imjn-nlmk |          1.057 |      1.102 |      1.023 
   ijkl-imkn-jnlm |          1.078 |      1.106 |      1.023 
   ijkl-imkn-njml |          1.067 |      1.102 |      1.023 
   ijkl-imln-jnkm |          1.067 |      1.105 |      1.026 
   ijkl-imln-njmk |          1.063 |      1.099 |      1.020 
   ijkl-imnj-nlkm |          1.040 |      1.087 |      1.016 
   ijkl-imnk-njml |          1.065 |      1.102 |      1.020 
   ijkl-minj-nlmk |          1.051 |      1.091 |      1.062 
   ijkl-mink-jnlm |          1.072 |      1.107 |      1.060 
   ijkl-minl-njmk |          1.074 |      1.105 |      1.063 
     aqrs-pa-pqrs |          1.298 |      1.402 |      1.309 
     abrs-qb-aqrs |          1.249 |      1.344 |      1.112 
     abcs-rc-abrs |          1.300 |      1.461 |      1.375 
       abj-bka-kj |          1.155 |      1.143 |      1.148 
       ajb-kba-jk |          1.060 |      1.123 |      1.095 
     abjc-cbka-kj |          1.869 |      1.640 |      1.866 
     ajbc-ckba-jk |          1.180 |      1.096 |      1.163 
     abjc-kbac-jk |          1.133 |      1.240 |      1.219 
   abjcd-dkbac-jk |          2.304 |      2.054 |      2.204 
   adbjc-cbdka-kj |          2.422 |      2.084 |      2.306 
   ajbdc-ckbad-jk |          2.230 |      2.014 |      2.176 
 abcijk-ijma-mkbc |          1.228 |      1.379 |      1.221 
 abcijk-ijmb-mkac |          1.383 |      1.530 |      1.347 
 abcijk-ijmc-mkab |          1.240 |      1.401 |      1.202 
 abcijk-ikma-mjbc |          1.256 |      1.395 |      1.241 
 abcijk-ikmb-mjac |          1.391 |      1.537 |      1.361 
 abcijk-ikmc-mjab |          1.234 |      1.398 |      1.192 
 abcijk-jkma-mibc |          1.219 |      1.357 |      1.207 
 abcijk-jkmb-miac |          1.389 |      1.498 |      1.368 
 abcijk-jkmc-miab |          1.315 |      1.366 |      1.291 
 abcijk-eiab-jkec |          1.323 |      1.373 |      1.307 
 abcijk-eiac-jkeb |          1.399 |      1.507 |      1.383 
 abcijk-eibc-jkea |          1.217 |      1.351 |      1.192 
 abcijk-ejab-ikec |          1.237 |      1.394 |      1.192 
 abcijk-ejac-ikeb |          1.394 |      1.536 |      1.359 
 abcijk-ejbc-ikea |          1.252 |      1.396 |      1.236 
 abcijk-ekab-ijec |          1.241 |      1.400 |      1.198 
 abcijk-ekac-ijeb |          1.394 |      1.538 |      1.362 
 abcijk-ekbc-ijea |          1.241 |      1.384 |      1.227 
       abc-bk-akc |          1.068 |      1.136 |      1.022 
             MEAN |          1.276 |      1.327 |      1.246 

wrote bench-results/worker5040-zen2/placement/p20.csv
