host        : worker5040
target      : x86_64 / linux
cpu features: avx2 fma 
caches      : L1=32KiB/8-way/1sh L2=512KiB/8-way/1sh L3=16384KiB/16-way/4sh (via sysfs), blocking=legacy
baselines   : tblis=false blas=false

sweeping 49 cases at 64 MiB nominal tensor size, 3 reps, stress=none


=== f64 ===
             case |      m |      n |     k | regA | regB | planar GF/s | 1m GF/s | 3m GF/s 
------------------+--------+--------+-------+------+------+-------------+---------+---------
         ij-ik-kj |   2904 |   2896 |  2904 | 1.00 | 1.00 |        41.5 |    41.5 |    41.5 
       ij-ikl-ljk |    216 |    204 | 44064 | 1.00 | 1.00 |        33.4 |    33.4 |    33.4 
       ij-kil-lkj |    216 |    204 | 46656 | 1.00 | 1.00 |        32.8 |    32.8 |    32.8 
       ijk-ikl-lj |  44064 |    204 |   216 | 1.00 | 1.00 |        33.3 |    33.3 |    33.3 
       ijk-il-jlk |    216 |  44064 |   204 | 1.00 | 1.00 |        35.5 |    35.5 |    35.5 
       ijk-ilk-jl |  44064 |    216 |   204 | 1.00 | 1.00 |        39.6 |    39.6 |    39.6 
       ijk-ilk-lj |  44064 |    204 |   216 | 1.00 | 1.00 |        39.2 |    39.2 |    39.2 
     ijk-ilmk-mjl |   3744 |     52 |  3744 | 1.00 | 1.00 |        29.6 |    29.6 |    29.6 
   ijkl-imjn-lnkm |   3744 |   3744 |  2704 | 1.00 | 0.92 |        41.8 |    41.8 |    41.8 
   ijkl-imjn-nlmk |   3744 |   2704 |  3744 | 1.00 | 0.92 |        41.6 |    41.6 |    41.6 
   ijkl-imkn-jnlm |   3744 |   3744 |  2704 | 1.00 | 1.00 |        40.2 |    40.2 |    40.2 
   ijkl-imkn-njml |   3744 |   2704 |  3744 | 1.00 | 0.92 |        40.3 |    40.3 |    40.3 
   ijkl-imln-jnkm |   3744 |   3744 |  2704 | 1.00 | 1.00 |        40.4 |    40.4 |    40.4 
   ijkl-imln-njmk |   3744 |   2704 |  3744 | 1.00 | 0.92 |        40.5 |    40.5 |    40.5 
   ijkl-imnj-nlkm |   3744 |   2704 |  3744 | 1.00 | 0.92 |        42.0 |    42.0 |    42.0 
   ijkl-imnk-njml |   3744 |   2704 |  3744 | 1.00 | 0.92 |        40.5 |    40.5 |    40.5 
   ijkl-minj-nlmk |   3744 |   2704 |  5184 | 1.00 | 0.92 |        41.2 |    41.2 |    41.2 
   ijkl-mink-jnlm |   3744 |   3744 |  3744 | 1.00 | 1.00 |        39.9 |    39.9 |    39.9 
   ijkl-minl-njmk |   3744 |   2704 |  5184 | 1.00 | 0.92 |        39.7 |    39.7 |    39.7 
     aqrs-pa-pqrs |     72 | 140608 |    72 | 1.00 | 1.00 |        25.1 |    25.1 |    25.1 
     abrs-qb-aqrs |     52 | 194688 |    72 | 1.00 | 1.00 |        24.2 |    24.2 |    24.2 
     abcs-rc-abrs |     52 | 194688 |    72 | 1.00 | 1.00 |        23.0 |    23.0 |    23.0 
       abj-bka-kj |  46656 |    204 |   216 | 1.00 | 1.00 |        36.1 |    36.1 |    36.1 
       ajb-kba-jk |  44064 |    216 |   216 | 1.00 | 1.00 |        41.2 |    41.2 |    41.2 
     abjc-cbka-kj | 269568 |     52 |    72 | 1.00 | 1.00 |        10.9 |    10.9 |    10.9 
     ajbc-ckba-jk | 269568 |     72 |    52 | 1.00 | 1.00 |        18.0 |    18.0 |    18.0 
     abjc-kbac-jk | 194688 |     72 |    72 | 1.00 | 1.00 |        30.6 |    30.6 |    30.6 
   abjcd-dkbac-jk | 331776 |     24 |    24 | 1.00 | 1.00 |         5.1 |     5.1 |     5.1 
   adbjc-cbdka-kj | 331776 |     24 |    24 | 1.00 | 1.00 |         4.2 |     4.2 |     4.2 
   ajbdc-ckbad-jk | 331776 |     24 |    24 | 1.00 | 1.00 |         4.8 |     4.8 |     4.8 
 abcijk-ijma-mkbc |   9216 |   4096 |    24 | 1.00 | 0.99 |        21.4 |    21.4 |    21.4 
 abcijk-ijmb-mkac |   6144 |   6144 |    24 | 1.00 | 0.75 |        19.1 |    19.1 |    19.1 
 abcijk-ijmc-mkab |   6144 |   6144 |    24 | 1.00 | 0.75 |        24.0 |    24.0 |    24.0 
 abcijk-ikma-mjbc |   9216 |   4096 |    24 | 1.00 | 0.99 |        21.4 |    21.4 |    21.4 
 abcijk-ikmb-mjac |   6144 |   6144 |    24 | 1.00 | 0.75 |        19.0 |    19.0 |    19.0 
 abcijk-ikmc-mjab |   6144 |   6144 |    24 | 1.00 | 0.75 |        23.9 |    23.9 |    23.9 
 abcijk-jkma-mibc |   9216 |   4096 |    24 | 1.00 | 0.99 |        21.8 |    21.8 |    21.8 
 abcijk-jkmb-miac |   6144 |   6144 |    24 | 1.00 | 0.75 |        18.6 |    18.6 |    18.6 
 abcijk-jkmc-miab |   6144 |   6144 |    24 | 1.00 | 0.75 |        22.0 |    22.0 |    22.0 
 abcijk-eiab-jkec |   6144 |   6144 |    24 | 1.00 | 0.75 |        21.8 |    21.8 |    21.8 
 abcijk-eiac-jkeb |   6144 |   6144 |    24 | 1.00 | 0.75 |        18.4 |    18.4 |    18.4 
 abcijk-eibc-jkea |   4096 |   9216 |    24 | 1.00 | 0.99 |        21.8 |    21.8 |    21.8 
 abcijk-ejab-ikec |   6144 |   6144 |    24 | 1.00 | 0.75 |        24.0 |    24.0 |    24.0 
 abcijk-ejac-ikeb |   6144 |   6144 |    24 | 1.00 | 0.75 |        19.0 |    19.0 |    19.0 
 abcijk-ejbc-ikea |   4096 |   9216 |    24 | 1.00 | 0.99 |        21.5 |    21.5 |    21.5 
 abcijk-ekab-ijec |   6144 |   6144 |    24 | 1.00 | 0.75 |        24.1 |    24.1 |    24.1 
 abcijk-ekac-ijeb |   6144 |   6144 |    24 | 1.00 | 0.75 |        19.0 |    19.0 |    19.0 
 abcijk-ekbc-ijea |   4096 |   9216 |    24 | 1.00 | 0.99 |        21.5 |    21.5 |    21.5 
       abc-bk-akc |    216 |  44064 |   204 | 1.00 | 1.00 |        40.0 |    40.0 |    40.0 

=== c64 ===
             case |      m |      n |     k | regA | regB | planar GF/s | 1m GF/s | 3m GF/s 
------------------+--------+--------+-------+------+------+-------------+---------+---------
         ij-ik-kj |   2904 |   2896 |  2904 | 1.00 | 1.00 |        43.3 |    43.7 |    42.7 
       ij-ikl-ljk |    216 |    204 | 44064 | 1.00 | 1.00 |        39.7 |    41.5 |    37.1 
       ij-kil-lkj |    216 |    204 | 46656 | 1.00 | 1.00 |        39.6 |    40.9 |    40.0 
       ijk-ikl-lj |  44064 |    204 |   216 | 1.00 | 1.00 |        40.6 |    42.6 |    40.1 
       ijk-il-jlk |    216 |  44064 |   204 | 1.00 | 0.98 |        42.6 |    44.8 |    40.4 
       ijk-ilk-jl |  44064 |    216 |   204 | 1.00 | 1.00 |        43.1 |    46.1 |    41.0 
       ijk-ilk-lj |  44064 |    204 |   216 | 1.00 | 1.00 |        43.3 |    45.4 |    40.0 
     ijk-ilmk-mjl |   3744 |     52 |  3744 | 1.00 | 1.00 |        35.6 |    36.3 |    30.4 
   ijkl-imjn-lnkm |   3744 |   3744 |  2704 | 1.00 | 0.92 |        44.0 |    45.8 |    42.4 
   ijkl-imjn-nlmk |   3744 |   2704 |  3744 | 1.00 | 0.92 |        44.0 |    45.7 |    42.2 
   ijkl-imkn-jnlm |   3744 |   3744 |  2704 | 1.00 | 0.95 |        43.4 |    44.5 |    40.9 
   ijkl-imkn-njml |   3744 |   2704 |  3744 | 1.00 | 0.92 |        43.5 |    44.7 |    41.6 
   ijkl-imln-jnkm |   3744 |   3744 |  2704 | 1.00 | 0.95 |        43.5 |    44.8 |    41.7 
   ijkl-imln-njmk |   3744 |   2704 |  3744 | 1.00 | 0.92 |        43.5 |    44.7 |    41.7 
   ijkl-imnj-nlkm |   3744 |   2704 |  3744 | 1.00 | 0.92 |        44.2 |    45.9 |    43.2 
   ijkl-imnk-njml |   3744 |   2704 |  3744 | 1.00 | 0.92 |        43.6 |    44.8 |    41.6 
   ijkl-minj-nlmk |   3744 |   2704 |  5184 | 1.00 | 0.92 |        43.8 |    45.3 |    44.2 
   ijkl-mink-jnlm |   3744 |   3744 |  3744 | 1.00 | 0.95 |        43.2 |    44.3 |    42.7 
   ijkl-minl-njmk |   3744 |   2704 |  5184 | 1.00 | 0.92 |        43.1 |    44.1 |    42.6 
     aqrs-pa-pqrs |     72 | 140608 |    72 | 1.00 | 1.00 |        32.4 |    34.6 |    32.4 
     abrs-qb-aqrs |     52 | 194688 |    72 | 1.00 | 1.00 |        30.3 |    32.5 |    27.4 
     abcs-rc-abrs |     52 | 194688 |    72 | 1.00 | 1.00 |        29.5 |    32.6 |    30.8 
       abj-bka-kj |  46656 |    204 |   216 | 1.00 | 1.00 |        42.0 |    40.9 |    41.9 
       ajb-kba-jk |  44064 |    216 |   216 | 1.00 | 1.00 |        43.9 |    46.2 |    44.9 
     abjc-cbka-kj | 269568 |     52 |    72 | 1.00 | 1.00 |        19.4 |    17.3 |    19.3 
     ajbc-ckba-jk | 269568 |     72 |    52 | 1.00 | 1.00 |        21.1 |    19.5 |    20.8 
     abjc-kbac-jk | 194688 |     72 |    72 | 1.00 | 1.00 |        35.2 |    38.4 |    37.9 
   abjcd-dkbac-jk | 331776 |     24 |    24 | 1.00 | 1.00 |        10.9 |     9.9 |    10.7 
   adbjc-cbdka-kj | 331776 |     24 |    24 | 1.00 | 1.00 |         9.9 |     8.7 |     9.5 
   ajbdc-ckbad-jk | 331776 |     24 |    24 | 1.00 | 1.00 |        10.5 |     9.3 |    10.2 
 abcijk-ijma-mkbc |   9216 |   4096 |    24 | 1.00 | 0.99 |        26.2 |    29.4 |    25.9 
 abcijk-ijmb-mkac |   6144 |   6144 |    24 | 1.00 | 0.75 |        26.2 |    29.0 |    25.6 
 abcijk-ijmc-mkab |   6144 |   6144 |    24 | 1.00 | 0.75 |        29.5 |    33.4 |    28.6 
 abcijk-ikma-mjbc |   9216 |   4096 |    24 | 1.00 | 0.99 |        26.1 |    29.1 |    26.0 
 abcijk-ikmb-mjac |   6144 |   6144 |    24 | 1.00 | 0.75 |        26.2 |    28.9 |    25.7 
 abcijk-ikmc-mjab |   6144 |   6144 |    24 | 1.00 | 0.75 |        29.5 |    33.3 |    28.5 
 abcijk-jkma-mibc |   9216 |   4096 |    24 | 1.00 | 0.99 |        26.2 |    29.1 |    26.1 
 abcijk-jkmb-miac |   6144 |   6144 |    24 | 1.00 | 0.75 |        25.6 |    27.5 |    25.3 
 abcijk-jkmc-miab |   6144 |   6144 |    24 | 1.00 | 0.75 |        28.3 |    29.3 |    28.0 
 abcijk-eiab-jkec |   6144 |   6144 |    24 | 1.00 | 0.75 |        28.2 |    29.5 |    28.1 
 abcijk-eiac-jkeb |   6144 |   6144 |    24 | 1.00 | 0.75 |        25.6 |    27.6 |    25.5 
 abcijk-eibc-jkea |   4096 |   9216 |    24 | 1.00 | 0.99 |        26.2 |    29.1 |    25.9 
 abcijk-ejab-ikec |   6144 |   6144 |    24 | 1.00 | 0.75 |        29.5 |    33.3 |    28.6 
 abcijk-ejac-ikeb |   6144 |   6144 |    24 | 1.00 | 0.75 |        26.2 |    28.9 |    25.7 
 abcijk-ejbc-ikea |   4096 |   9216 |    24 | 1.00 | 0.99 |        26.2 |    29.2 |    26.0 
 abcijk-ekab-ijec |   6144 |   6144 |    24 | 1.00 | 0.75 |        29.5 |    33.4 |    28.6 
 abcijk-ekac-ijeb |   6144 |   6144 |    24 | 1.00 | 0.75 |        26.2 |    29.0 |    25.7 
 abcijk-ekbc-ijea |   4096 |   9216 |    24 | 1.00 | 0.99 |        26.2 |    29.3 |    26.3 
       abc-bk-akc |    216 |  44064 |   204 | 1.00 | 1.00 |        42.9 |    45.8 |    40.8 

=== complex efficiency ratio (c64 GF/s over f64 GF/s; 1.0 = no penalty) ===
             case | planar c64/f64 | 1m c64/f64 | 3m c64/f64 
------------------+----------------+------------+------------
         ij-ik-kj |          1.042 |      1.052 |      1.027 
       ij-ikl-ljk |          1.191 |      1.245 |      1.111 
       ij-kil-lkj |          1.209 |      1.248 |      1.220 
       ijk-ikl-lj |          1.218 |      1.279 |      1.202 
       ijk-il-jlk |          1.200 |      1.264 |      1.139 
       ijk-ilk-jl |          1.087 |      1.162 |      1.035 
       ijk-ilk-lj |          1.106 |      1.160 |      1.020 
     ijk-ilmk-mjl |          1.203 |      1.226 |      1.024 
   ijkl-imjn-lnkm |          1.054 |      1.096 |      1.014 
   ijkl-imjn-nlmk |          1.056 |      1.097 |      1.014 
   ijkl-imkn-jnlm |          1.079 |      1.107 |      1.018 
   ijkl-imkn-njml |          1.079 |      1.108 |      1.033 
   ijkl-imln-jnkm |          1.077 |      1.109 |      1.034 
   ijkl-imln-njmk |          1.075 |      1.104 |      1.029 
   ijkl-imnj-nlkm |          1.052 |      1.092 |      1.026 
   ijkl-imnk-njml |          1.077 |      1.108 |      1.028 
   ijkl-minj-nlmk |          1.063 |      1.099 |      1.073 
   ijkl-mink-jnlm |          1.084 |      1.110 |      1.071 
   ijkl-minl-njmk |          1.085 |      1.110 |      1.074 
     aqrs-pa-pqrs |          1.289 |      1.375 |      1.291 
     abrs-qb-aqrs |          1.250 |      1.341 |      1.130 
     abcs-rc-abrs |          1.280 |      1.414 |      1.339 
       abj-bka-kj |          1.164 |      1.133 |      1.159 
       ajb-kba-jk |          1.065 |      1.123 |      1.089 
     abjc-cbka-kj |          1.774 |      1.586 |      1.770 
     ajbc-ckba-jk |          1.172 |      1.086 |      1.157 
     abjc-kbac-jk |          1.150 |      1.257 |      1.239 
   abjcd-dkbac-jk |          2.120 |      1.941 |      2.085 
   adbjc-cbdka-kj |          2.323 |      2.060 |      2.247 
   ajbdc-ckbad-jk |          2.195 |      1.953 |      2.145 
 abcijk-ijma-mkbc |          1.223 |      1.372 |      1.213 
 abcijk-ijmb-mkac |          1.376 |      1.524 |      1.341 
 abcijk-ijmc-mkab |          1.231 |      1.393 |      1.193 
 abcijk-ikma-mjbc |          1.221 |      1.359 |      1.213 
 abcijk-ikmb-mjac |          1.383 |      1.526 |      1.356 
 abcijk-ikmc-mjab |          1.237 |      1.396 |      1.195 
 abcijk-jkma-mibc |          1.203 |      1.337 |      1.200 
 abcijk-jkmb-miac |          1.375 |      1.481 |      1.363 
 abcijk-jkmc-miab |          1.286 |      1.332 |      1.273 
 abcijk-eiab-jkec |          1.296 |      1.355 |      1.290 
 abcijk-eiac-jkeb |          1.388 |      1.497 |      1.382 
 abcijk-eibc-jkea |          1.200 |      1.334 |      1.189 
 abcijk-ejab-ikec |          1.227 |      1.384 |      1.188 
 abcijk-ejac-ikeb |          1.377 |      1.521 |      1.350 
 abcijk-ejbc-ikea |          1.219 |      1.360 |      1.212 
 abcijk-ekab-ijec |          1.226 |      1.390 |      1.190 
 abcijk-ekac-ijeb |          1.374 |      1.521 |      1.347 
 abcijk-ekbc-ijea |          1.216 |      1.358 |      1.222 
       abc-bk-akc |          1.072 |      1.144 |      1.019 
             MEAN |          1.264 |      1.319 |      1.236 

wrote bench-results/worker5040-zen2/placement/p22.csv
