host        : worker5178
target      : x86_64 / linux
cpu features: avx2 fma 
caches      : L1=32KiB/8-way/1sh L2=512KiB/8-way/1sh L3=16384KiB/16-way/4sh (via sysfs), blocking=legacy
l3 domains  : t1=1 t4=1 t8=2 t16=4
baselines   : tblis=false blas=false

sweeping 49 cases at 64 MiB nominal tensor size, 3 reps, stress=ragged


=== f64 ===
             case |      m |      n |     k | regA | regB | planar GF/s | 1m GF/s | 3m GF/s 
------------------+--------+--------+-------+------+------+-------------+---------+---------
         ij-ik-kj |   2903 |   2895 |  2903 | 1.00 | 1.00 |       260.3 |   260.3 |   260.3 
       ij-ikl-ljk |    215 |    203 | 43645 | 1.00 | 1.00 |        92.2 |    92.2 |    92.2 
       ij-kil-lkj |    215 |    203 | 46225 | 1.00 | 1.00 |       114.0 |   114.0 |   114.0 
       ijk-ikl-lj |  43645 |    203 |   215 | 1.00 | 1.00 |       222.6 |   222.6 |   222.6 
       ijk-il-jlk |    215 |  43645 |   203 | 1.00 | 0.98 |       137.6 |   137.6 |   137.6 
       ijk-ilk-jl |  43645 |    215 |   203 | 0.97 | 1.00 |       222.1 |   222.1 |   222.1 
       ijk-ilk-lj |  43645 |    203 |   215 | 0.97 | 1.00 |       144.9 |   144.9 |   144.9 
     ijk-ilmk-mjl |   3621 |     51 |  3621 | 0.90 | 1.00 |        95.2 |    95.2 |    95.2 
   ijkl-imjn-lnkm |   3621 |   3621 |  2601 | 0.90 | 0.94 |       268.0 |   268.0 |   268.0 
   ijkl-imjn-nlmk |   3621 |   2601 |  3621 | 0.90 | 0.94 |       271.2 |   271.2 |   271.2 
   ijkl-imkn-jnlm |   3621 |   3621 |  2601 | 0.90 | 0.93 |       263.1 |   263.1 |   263.1 
   ijkl-imkn-njml |   3621 |   2601 |  3621 | 0.90 | 0.94 |       258.3 |   258.3 |   258.3 
   ijkl-imln-jnkm |   3621 |   3621 |  2601 | 0.90 | 0.93 |       262.6 |   262.6 |   262.6 
   ijkl-imln-njmk |   3621 |   2601 |  3621 | 0.90 | 0.94 |       259.7 |   259.7 |   259.7 
   ijkl-imnj-nlkm |   3621 |   2601 |  3621 | 0.90 | 0.94 |       271.7 |   271.7 |   271.7 
   ijkl-imnk-njml |   3621 |   2601 |  3621 | 0.90 | 0.94 |       255.2 |   255.2 |   255.2 
   ijkl-minj-nlmk |   3621 |   2601 |  5041 | 0.90 | 0.94 |       280.5 |   280.5 |   280.5 
   ijkl-mink-jnlm |   3621 |   3621 |  3621 | 0.90 | 0.93 |       265.3 |   265.3 |   265.3 
   ijkl-minl-njmk |   3621 |   2601 |  5041 | 0.90 | 0.94 |       263.3 |   263.3 |   263.3 
     aqrs-pa-pqrs |     71 | 132651 |    71 | 1.00 | 1.00 |        55.4 |    55.4 |    55.4 
     abrs-qb-aqrs |     51 | 184671 |    71 | 0.90 | 1.00 |        95.0 |    95.0 |    95.0 
     abcs-rc-abrs |     51 | 184671 |    71 | 1.00 | 1.00 |        95.1 |    95.1 |    95.1 
       abj-bka-kj |  46225 |    203 |   215 | 0.97 | 1.00 |       182.6 |   182.6 |   182.6 
       ajb-kba-jk |  43645 |    215 |   215 | 0.97 | 1.00 |       282.3 |   282.3 |   282.3 
     abjc-cbka-kj | 257091 |     51 |    71 | 0.90 | 1.00 |        31.6 |    31.6 |    31.6 
     ajbc-ckba-jk | 257091 |     71 |    51 | 0.90 | 1.00 |        21.0 |    21.0 |    21.0 
     abjc-kbac-jk | 184671 |     71 |    71 | 0.90 | 1.00 |       162.8 |   162.8 |   162.8 
   abjcd-dkbac-jk | 279841 |     23 |    23 | 0.70 | 1.00 |        12.0 |    12.0 |    12.0 
   adbjc-cbdka-kj | 279841 |     23 |    23 | 0.70 | 1.00 |        16.0 |    16.0 |    16.0 
   ajbdc-ckbad-jk | 279841 |     23 |    23 | 0.70 | 1.00 |        12.1 |    12.1 |    12.1 
 abcijk-ijma-mkbc |   7935 |   3375 |    23 | 0.70 | 0.99 |        77.5 |    77.5 |    77.5 
 abcijk-ijmb-mkac |   5175 |   5175 |    23 | 0.98 | 0.80 |        83.5 |    83.5 |    83.5 
 abcijk-ijmc-mkab |   5175 |   5175 |    23 | 0.98 | 0.80 |        91.3 |    91.3 |    91.3 
 abcijk-ikma-mjbc |   7935 |   3375 |    23 | 0.70 | 0.99 |        77.3 |    77.3 |    77.3 
 abcijk-ikmb-mjac |   5175 |   5175 |    23 | 0.98 | 0.80 |        84.0 |    84.0 |    84.0 
 abcijk-ikmc-mjab |   5175 |   5175 |    23 | 0.98 | 0.80 |        91.3 |    91.3 |    91.3 
 abcijk-jkma-mibc |   7935 |   3375 |    23 | 0.70 | 0.99 |        77.8 |    77.8 |    77.8 
 abcijk-jkmb-miac |   5175 |   5175 |    23 | 0.98 | 0.80 |        83.7 |    83.7 |    83.7 
 abcijk-jkmc-miab |   5175 |   5175 |    23 | 0.98 | 0.80 |        91.9 |    91.9 |    91.9 
 abcijk-eiab-jkec |   5175 |   5175 |    23 | 0.98 | 0.80 |        91.6 |    91.6 |    91.6 
 abcijk-eiac-jkeb |   5175 |   5175 |    23 | 0.98 | 0.80 |        83.7 |    83.7 |    83.7 
 abcijk-eibc-jkea |   3375 |   7935 |    23 | 0.70 | 0.99 |        78.2 |    78.2 |    78.2 
 abcijk-ejab-ikec |   5175 |   5175 |    23 | 0.98 | 0.80 |        92.4 |    92.4 |    92.4 
 abcijk-ejac-ikeb |   5175 |   5175 |    23 | 0.98 | 0.80 |        83.5 |    83.5 |    83.5 
 abcijk-ejbc-ikea |   3375 |   7935 |    23 | 0.70 | 0.99 |        78.6 |    78.6 |    78.6 
 abcijk-ekab-ijec |   5175 |   5175 |    23 | 0.98 | 0.80 |        91.1 |    91.1 |    91.1 
 abcijk-ekac-ijeb |   5175 |   5175 |    23 | 0.98 | 0.80 |        83.2 |    83.2 |    83.2 
 abcijk-ekbc-ijea |   3375 |   7935 |    23 | 0.70 | 0.99 |        78.9 |    78.9 |    78.9 
       abc-bk-akc |    215 |  43645 |   203 | 0.97 | 1.00 |       189.1 |   189.1 |   189.1 

=== c64 ===
             case |      m |      n |     k | regA | regB | planar GF/s | 1m GF/s | 3m GF/s 
------------------+--------+--------+-------+------+------+-------------+---------+---------
         ij-ik-kj |   2903 |   2895 |  2903 | 1.00 | 1.00 |       310.6 |   308.7 |   294.9 
       ij-ikl-ljk |    215 |    203 | 43645 | 1.00 | 1.00 |       196.0 |   197.6 |   168.9 
       ij-kil-lkj |    215 |    203 | 46225 | 1.00 | 1.00 |       204.8 |   206.1 |   183.8 
       ijk-ikl-lj |  43645 |    203 |   215 | 1.00 | 1.00 |       281.3 |   267.8 |   228.7 
       ijk-il-jlk |    215 |  43645 |   203 | 1.00 | 1.00 |       231.9 |   208.4 |   194.3 
       ijk-ilk-jl |  43645 |    215 |   203 | 0.99 | 1.00 |       285.7 |   280.4 |   280.2 
       ijk-ilk-lj |  43645 |    203 |   215 | 0.99 | 1.00 |       285.0 |   275.4 |   196.0 
     ijk-ilmk-mjl |   3621 |     51 |  3621 | 0.96 | 1.00 |       153.6 |   144.0 |   147.9 
   ijkl-imjn-lnkm |   3621 |   3621 |  2601 | 0.96 | 0.92 |       310.3 |   311.7 |   297.7 
   ijkl-imjn-nlmk |   3621 |   2601 |  3621 | 0.96 | 0.92 |       308.4 |   308.1 |   297.5 
   ijkl-imkn-jnlm |   3621 |   3621 |  2601 | 0.96 | 0.94 |       308.7 |   300.1 |   284.9 
   ijkl-imkn-njml |   3621 |   2601 |  3621 | 0.96 | 0.92 |       304.5 |   298.0 |   279.2 
   ijkl-imln-jnkm |   3621 |   3621 |  2601 | 0.96 | 0.94 |       308.8 |   301.7 |   283.0 
   ijkl-imln-njmk |   3621 |   2601 |  3621 | 0.96 | 0.92 |       302.1 |   298.1 |   284.4 
   ijkl-imnj-nlkm |   3621 |   2601 |  3621 | 0.96 | 0.92 |       310.8 |   310.9 |   288.8 
   ijkl-imnk-njml |   3621 |   2601 |  3621 | 0.96 | 0.92 |       304.3 |   294.7 |   283.0 
   ijkl-minj-nlmk |   3621 |   2601 |  5041 | 0.96 | 0.92 |       312.7 |   326.5 |   314.0 
   ijkl-mink-jnlm |   3621 |   3621 |  3621 | 0.96 | 0.94 |       312.1 |   317.6 |   303.5 
   ijkl-minl-njmk |   3621 |   2601 |  5041 | 0.96 | 0.92 |       311.9 |   315.7 |   300.3 
     aqrs-pa-pqrs |     71 | 132651 |    71 | 1.00 | 1.00 |        76.7 |    81.7 |    66.4 
     abrs-qb-aqrs |     51 | 184671 |    71 | 0.96 | 1.00 |       127.0 |   151.1 |   158.2 
     abcs-rc-abrs |     51 | 184671 |    71 | 1.00 | 1.00 |       130.2 |   149.2 |   166.7 
       abj-bka-kj |  46225 |    203 |   215 | 0.99 | 1.00 |       260.5 |   253.9 |   232.6 
       ajb-kba-jk |  43645 |    215 |   215 | 0.99 | 1.00 |       259.2 |   342.4 |   332.0 
     abjc-cbka-kj | 257091 |     51 |    71 | 0.96 | 1.00 |       110.6 |    88.6 |   110.2 
     ajbc-ckba-jk | 257091 |     71 |    51 | 0.96 | 1.00 |        48.9 |    38.8 |    42.9 
     abjc-kbac-jk | 184671 |     71 |    71 | 0.96 | 1.00 |       200.6 |   275.5 |   270.0 
   abjcd-dkbac-jk | 279841 |     23 |    23 | 0.87 | 1.00 |        47.7 |    47.2 |    47.7 
   adbjc-cbdka-kj | 279841 |     23 |    23 | 0.87 | 1.00 |        47.4 |    46.3 |    47.1 
   ajbdc-ckbad-jk | 279841 |     23 |    23 | 0.87 | 1.00 |        46.6 |    46.0 |    49.3 
 abcijk-ijma-mkbc |   7935 |   3375 |    23 | 0.87 | 1.00 |       124.9 |   119.6 |   111.9 
 abcijk-ijmb-mkac |   5175 |   5175 |    23 | 0.99 | 1.00 |       143.6 |   153.9 |   144.9 
 abcijk-ijmc-mkab |   5175 |   5175 |    23 | 0.99 | 1.00 |       172.3 |   174.5 |   165.9 
 abcijk-ikma-mjbc |   7935 |   3375 |    23 | 0.87 | 1.00 |       123.6 |   118.7 |   111.3 
 abcijk-ikmb-mjac |   5175 |   5175 |    23 | 0.99 | 1.00 |       144.1 |   154.3 |   146.1 
 abcijk-ikmc-mjab |   5175 |   5175 |    23 | 0.99 | 1.00 |       172.0 |   175.3 |   164.3 
 abcijk-jkma-mibc |   7935 |   3375 |    23 | 0.87 | 1.00 |       123.6 |   118.6 |   110.4 
 abcijk-jkmb-miac |   5175 |   5175 |    23 | 0.99 | 1.00 |       143.4 |   154.6 |   146.1 
 abcijk-jkmc-miab |   5175 |   5175 |    23 | 0.99 | 1.00 |       174.7 |   175.5 |   167.8 
 abcijk-eiab-jkec |   5175 |   5175 |    23 | 0.99 | 1.00 |       172.7 |   175.4 |   172.0 
 abcijk-eiac-jkeb |   5175 |   5175 |    23 | 0.99 | 1.00 |       142.9 |   153.3 |   146.2 
 abcijk-eibc-jkea |   3375 |   7935 |    23 | 0.87 | 1.00 |       123.2 |   118.7 |   110.5 
 abcijk-ejab-ikec |   5175 |   5175 |    23 | 0.99 | 1.00 |       173.1 |   175.8 |   168.5 
 abcijk-ejac-ikeb |   5175 |   5175 |    23 | 0.99 | 1.00 |       144.4 |   155.1 |   145.8 
 abcijk-ejbc-ikea |   3375 |   7935 |    23 | 0.87 | 1.00 |       123.7 |   120.0 |   110.9 
 abcijk-ekab-ijec |   5175 |   5175 |    23 | 0.99 | 1.00 |       171.8 |   176.8 |   168.2 
 abcijk-ekac-ijeb |   5175 |   5175 |    23 | 0.99 | 1.00 |       143.7 |   154.5 |   146.9 
 abcijk-ekbc-ijea |   3375 |   7935 |    23 | 0.87 | 1.00 |       124.5 |   120.3 |   111.9 
       abc-bk-akc |    215 |  43645 |   203 | 0.99 | 1.00 |       222.2 |   276.3 |   281.5 

=== complex efficiency ratio (c64 GF/s over f64 GF/s; 1.0 = no penalty) ===
             case | planar c64/f64 | 1m c64/f64 | 3m c64/f64 
------------------+----------------+------------+------------
         ij-ik-kj |          1.193 |      1.186 |      1.133 
       ij-ikl-ljk |          2.127 |      2.144 |      1.832 
       ij-kil-lkj |          1.798 |      1.809 |      1.613 
       ijk-ikl-lj |          1.263 |      1.203 |      1.027 
       ijk-il-jlk |          1.685 |      1.515 |      1.412 
       ijk-ilk-jl |          1.286 |      1.262 |      1.262 
       ijk-ilk-lj |          1.967 |      1.901 |      1.353 
     ijk-ilmk-mjl |          1.613 |      1.512 |      1.554 
   ijkl-imjn-lnkm |          1.158 |      1.163 |      1.111 
   ijkl-imjn-nlmk |          1.137 |      1.136 |      1.097 
   ijkl-imkn-jnlm |          1.173 |      1.141 |      1.083 
   ijkl-imkn-njml |          1.179 |      1.154 |      1.081 
   ijkl-imln-jnkm |          1.176 |      1.149 |      1.078 
   ijkl-imln-njmk |          1.163 |      1.148 |      1.095 
   ijkl-imnj-nlkm |          1.144 |      1.144 |      1.063 
   ijkl-imnk-njml |          1.192 |      1.155 |      1.109 
   ijkl-minj-nlmk |          1.115 |      1.164 |      1.119 
   ijkl-mink-jnlm |          1.177 |      1.197 |      1.144 
   ijkl-minl-njmk |          1.185 |      1.199 |      1.140 
     aqrs-pa-pqrs |          1.385 |      1.475 |      1.198 
     abrs-qb-aqrs |          1.336 |      1.590 |      1.665 
     abcs-rc-abrs |          1.369 |      1.569 |      1.753 
       abj-bka-kj |          1.427 |      1.390 |      1.274 
       ajb-kba-jk |          0.918 |      1.213 |      1.176 
     abjc-cbka-kj |          3.495 |      2.802 |      3.483 
     ajbc-ckba-jk |          2.326 |      1.849 |      2.040 
     abjc-kbac-jk |          1.232 |      1.692 |      1.659 
   abjcd-dkbac-jk |          3.966 |      3.926 |      3.962 
   adbjc-cbdka-kj |          2.958 |      2.893 |      2.943 
   ajbdc-ckbad-jk |          3.833 |      3.788 |      4.058 
 abcijk-ijma-mkbc |          1.611 |      1.543 |      1.443 
 abcijk-ijmb-mkac |          1.720 |      1.843 |      1.736 
 abcijk-ijmc-mkab |          1.888 |      1.913 |      1.818 
 abcijk-ikma-mjbc |          1.600 |      1.536 |      1.441 
 abcijk-ikmb-mjac |          1.716 |      1.837 |      1.740 
 abcijk-ikmc-mjab |          1.884 |      1.920 |      1.799 
 abcijk-jkma-mibc |          1.589 |      1.524 |      1.420 
 abcijk-jkmb-miac |          1.712 |      1.846 |      1.745 
 abcijk-jkmc-miab |          1.900 |      1.908 |      1.825 
 abcijk-eiab-jkec |          1.885 |      1.915 |      1.879 
 abcijk-eiac-jkeb |          1.708 |      1.831 |      1.747 
 abcijk-eibc-jkea |          1.577 |      1.518 |      1.413 
 abcijk-ejab-ikec |          1.873 |      1.903 |      1.824 
 abcijk-ejac-ikeb |          1.730 |      1.859 |      1.748 
 abcijk-ejbc-ikea |          1.573 |      1.526 |      1.410 
 abcijk-ekab-ijec |          1.885 |      1.940 |      1.846 
 abcijk-ekac-ijeb |          1.728 |      1.858 |      1.766 
 abcijk-ekbc-ijea |          1.579 |      1.525 |      1.419 
       abc-bk-akc |          1.175 |      1.461 |      1.489 
             MEAN |          1.680 |      1.687 |      1.633 

wrote bench-results/worker5178-zen2/phase4f/rg-t8-f64c64.csv
