host        : worker5178
target      : x86_64 / linux
cpu features: avx2 fma 
caches      : L1=32KiB/8-way/1sh L2=512KiB/8-way/1sh L3=16384KiB/16-way/4sh (via sysfs), blocking=legacy
l3 domains  : t1=1
baselines   : tblis=false blas=false

sweeping 49 cases at 64 MiB nominal tensor size, 3 reps, stress=none


=== f64 ===
             case |      m |      n |     k | regA | regB | planar GF/s | 1m GF/s | 3m GF/s 
------------------+--------+--------+-------+------+------+-------------+---------+---------
         ij-ik-kj |   2904 |   2896 |  2904 | 1.00 | 1.00 |        40.2 |    40.2 |    40.2 
       ij-ikl-ljk |    216 |    204 | 44064 | 1.00 | 1.00 |        31.9 |    31.9 |    31.9 
       ij-kil-lkj |    216 |    204 | 46656 | 1.00 | 1.00 |        31.8 |    31.8 |    31.8 
       ijk-ikl-lj |  44064 |    204 |   216 | 1.00 | 1.00 |        31.6 |    31.6 |    31.6 
       ijk-il-jlk |    216 |  44064 |   204 | 1.00 | 1.00 |        32.9 |    32.9 |    32.9 
       ijk-ilk-jl |  44064 |    216 |   204 | 1.00 | 1.00 |        38.9 |    38.9 |    38.9 
       ijk-ilk-lj |  44064 |    204 |   216 | 1.00 | 1.00 |        38.3 |    38.3 |    38.3 
     ijk-ilmk-mjl |   3744 |     52 |  3744 | 1.00 | 1.00 |        28.1 |    28.1 |    28.1 
   ijkl-imjn-lnkm |   3744 |   3744 |  2704 | 1.00 | 0.92 |        41.0 |    41.0 |    41.0 
   ijkl-imjn-nlmk |   3744 |   2704 |  3744 | 1.00 | 0.92 |        40.8 |    40.8 |    40.8 
   ijkl-imkn-jnlm |   3744 |   3744 |  2704 | 1.00 | 1.00 |        38.5 |    38.5 |    38.5 
   ijkl-imkn-njml |   3744 |   2704 |  3744 | 1.00 | 0.92 |        38.9 |    38.9 |    38.9 
   ijkl-imln-jnkm |   3744 |   3744 |  2704 | 1.00 | 1.00 |        38.4 |    38.4 |    38.4 
   ijkl-imln-njmk |   3744 |   2704 |  3744 | 1.00 | 0.92 |        38.9 |    38.9 |    38.9 
   ijkl-imnj-nlkm |   3744 |   2704 |  3744 | 1.00 | 0.92 |        41.0 |    41.0 |    41.0 
   ijkl-imnk-njml |   3744 |   2704 |  3744 | 1.00 | 0.92 |        38.8 |    38.8 |    38.8 
   ijkl-minj-nlmk |   3744 |   2704 |  5184 | 1.00 | 0.92 |        40.0 |    40.0 |    40.0 
   ijkl-mink-jnlm |   3744 |   3744 |  3744 | 1.00 | 1.00 |        37.9 |    37.9 |    37.9 
   ijkl-minl-njmk |   3744 |   2704 |  5184 | 1.00 | 0.92 |        37.9 |    37.9 |    37.9 
     aqrs-pa-pqrs |     72 | 140608 |    72 | 1.00 | 1.00 |        22.0 |    22.0 |    22.0 
     abrs-qb-aqrs |     52 | 194688 |    72 | 1.00 | 1.00 |        22.3 |    22.3 |    22.3 
     abcs-rc-abrs |     52 | 194688 |    72 | 1.00 | 1.00 |        17.6 |    17.6 |    17.6 
       abj-bka-kj |  46656 |    204 |   216 | 1.00 | 1.00 |        36.0 |    36.0 |    36.0 
       ajb-kba-jk |  44064 |    216 |   216 | 1.00 | 1.00 |        40.5 |    40.5 |    40.5 
     abjc-cbka-kj | 269568 |     52 |    72 | 1.00 | 1.00 |        10.4 |    10.4 |    10.4 
     ajbc-ckba-jk | 269568 |     72 |    52 | 1.00 | 1.00 |        17.5 |    17.5 |    17.5 
     abjc-kbac-jk | 194688 |     72 |    72 | 1.00 | 1.00 |        31.0 |    31.0 |    31.0 
   abjcd-dkbac-jk | 331776 |     24 |    24 | 1.00 | 1.00 |         5.3 |     5.3 |     5.3 
   adbjc-cbdka-kj | 331776 |     24 |    24 | 1.00 | 1.00 |         4.0 |     4.0 |     4.0 
   ajbdc-ckbad-jk | 331776 |     24 |    24 | 1.00 | 1.00 |         4.8 |     4.8 |     4.8 
 abcijk-ijma-mkbc |   9216 |   4096 |    24 | 1.00 | 0.99 |        20.6 |    20.6 |    20.6 
 abcijk-ijmb-mkac |   6144 |   6144 |    24 | 1.00 | 0.75 |        18.3 |    18.3 |    18.3 
 abcijk-ijmc-mkab |   6144 |   6144 |    24 | 1.00 | 0.75 |        23.7 |    23.7 |    23.7 
 abcijk-ikma-mjbc |   9216 |   4096 |    24 | 1.00 | 0.99 |        20.7 |    20.7 |    20.7 
 abcijk-ikmb-mjac |   6144 |   6144 |    24 | 1.00 | 0.75 |        18.2 |    18.2 |    18.2 
 abcijk-ikmc-mjab |   6144 |   6144 |    24 | 1.00 | 0.75 |        23.6 |    23.6 |    23.6 
 abcijk-jkma-mibc |   9216 |   4096 |    24 | 1.00 | 0.99 |        21.1 |    21.1 |    21.1 
 abcijk-jkmb-miac |   6144 |   6144 |    24 | 1.00 | 0.75 |        17.6 |    17.6 |    17.6 
 abcijk-jkmc-miab |   6144 |   6144 |    24 | 1.00 | 0.75 |        21.4 |    21.4 |    21.4 
 abcijk-eiab-jkec |   6144 |   6144 |    24 | 1.00 | 0.75 |        21.4 |    21.4 |    21.4 
 abcijk-eiac-jkeb |   6144 |   6144 |    24 | 1.00 | 0.75 |        17.9 |    17.9 |    17.9 
 abcijk-eibc-jkea |   4096 |   9216 |    24 | 1.00 | 0.99 |        21.2 |    21.2 |    21.2 
 abcijk-ejab-ikec |   6144 |   6144 |    24 | 1.00 | 0.75 |        23.3 |    23.3 |    23.3 
 abcijk-ejac-ikeb |   6144 |   6144 |    24 | 1.00 | 0.75 |        18.1 |    18.1 |    18.1 
 abcijk-ejbc-ikea |   4096 |   9216 |    24 | 1.00 | 0.99 |        20.6 |    20.6 |    20.6 
 abcijk-ekab-ijec |   6144 |   6144 |    24 | 1.00 | 0.75 |        23.4 |    23.4 |    23.4 
 abcijk-ekac-ijeb |   6144 |   6144 |    24 | 1.00 | 0.75 |        18.0 |    18.0 |    18.0 
 abcijk-ekbc-ijea |   4096 |   9216 |    24 | 1.00 | 0.99 |        20.8 |    20.8 |    20.8 
       abc-bk-akc |    216 |  44064 |   204 | 1.00 | 1.00 |        38.6 |    38.6 |    38.6 

=== c64 ===
             case |      m |      n |     k | regA | regB | planar GF/s | 1m GF/s | 3m GF/s 
------------------+--------+--------+-------+------+------+-------------+---------+---------
         ij-ik-kj |   2904 |   2896 |  2904 | 1.00 | 1.00 |        42.6 |    42.9 |    41.8 
       ij-ikl-ljk |    216 |    204 | 44064 | 1.00 | 1.00 |        37.8 |    40.2 |    34.5 
       ij-kil-lkj |    216 |    204 | 46656 | 1.00 | 1.00 |        38.3 |    39.6 |    38.5 
       ijk-ikl-lj |  44064 |    204 |   216 | 1.00 | 1.00 |        38.4 |    37.4 |    38.2 
       ijk-il-jlk |    216 |  44064 |   204 | 1.00 | 0.98 |        41.5 |    43.6 |    38.7 
       ijk-ilk-jl |  44064 |    216 |   204 | 1.00 | 1.00 |        42.1 |    44.8 |    38.7 
       ijk-ilk-lj |  44064 |    204 |   216 | 1.00 | 1.00 |        42.5 |    45.2 |    38.6 
     ijk-ilmk-mjl |   3744 |     52 |  3744 | 1.00 | 1.00 |        32.4 |    34.5 |    26.2 
   ijkl-imjn-lnkm |   3744 |   3744 |  2704 | 1.00 | 0.92 |        43.5 |    45.3 |    41.6 
   ijkl-imjn-nlmk |   3744 |   2704 |  3744 | 1.00 | 0.92 |        43.4 |    45.2 |    41.5 
   ijkl-imkn-jnlm |   3744 |   3744 |  2704 | 1.00 | 0.95 |        42.4 |    43.3 |    39.5 
   ijkl-imkn-njml |   3744 |   2704 |  3744 | 1.00 | 0.92 |        42.4 |    43.3 |    39.6 
   ijkl-imln-jnkm |   3744 |   3744 |  2704 | 1.00 | 0.95 |        42.4 |    43.3 |    39.5 
   ijkl-imln-njmk |   3744 |   2704 |  3744 | 1.00 | 0.92 |        42.4 |    43.3 |    39.6 
   ijkl-imnj-nlkm |   3744 |   2704 |  3744 | 1.00 | 0.92 |        43.4 |    45.2 |    41.6 
   ijkl-imnk-njml |   3744 |   2704 |  3744 | 1.00 | 0.92 |        42.5 |    43.3 |    39.5 
   ijkl-minj-nlmk |   3744 |   2704 |  5184 | 1.00 | 0.92 |        43.0 |    44.5 |    43.1 
   ijkl-mink-jnlm |   3744 |   3744 |  3744 | 1.00 | 0.95 |        42.1 |    42.8 |    40.9 
   ijkl-minl-njmk |   3744 |   2704 |  5184 | 1.00 | 0.92 |        42.1 |    42.7 |    41.1 
     aqrs-pa-pqrs |     72 | 140608 |    72 | 1.00 | 1.00 |        31.3 |    33.4 |    30.6 
     abrs-qb-aqrs |     52 | 194688 |    72 | 1.00 | 1.00 |        28.5 |    31.1 |    24.2 
     abcs-rc-abrs |     52 | 194688 |    72 | 1.00 | 1.00 |        26.2 |    26.4 |    27.8 
       abj-bka-kj |  46656 |    204 |   216 | 1.00 | 1.00 |        40.7 |    40.4 |    41.0 
       ajb-kba-jk |  44064 |    216 |   216 | 1.00 | 1.00 |        43.6 |    46.1 |    45.0 
     abjc-cbka-kj | 269568 |     52 |    72 | 1.00 | 1.00 |        18.1 |    15.7 |    18.1 
     ajbc-ckba-jk | 269568 |     72 |    52 | 1.00 | 1.00 |        19.8 |    18.0 |    19.5 
     abjc-kbac-jk | 194688 |     72 |    72 | 1.00 | 1.00 |        35.4 |    38.6 |    38.0 
   abjcd-dkbac-jk | 331776 |     24 |    24 | 1.00 | 1.00 |        10.6 |     9.5 |    10.4 
   adbjc-cbdka-kj | 331776 |     24 |    24 | 1.00 | 1.00 |         9.1 |     8.0 |     8.8 
   ajbdc-ckbad-jk | 331776 |     24 |    24 | 1.00 | 1.00 |        10.1 |     9.1 |     9.9 
 abcijk-ijma-mkbc |   9216 |   4096 |    24 | 1.00 | 0.99 |        25.6 |    28.2 |    25.7 
 abcijk-ijmb-mkac |   6144 |   6144 |    24 | 1.00 | 0.75 |        25.6 |    28.1 |    25.2 
 abcijk-ijmc-mkab |   6144 |   6144 |    24 | 1.00 | 0.75 |        29.5 |    33.3 |    28.8 
 abcijk-ikma-mjbc |   9216 |   4096 |    24 | 1.00 | 0.99 |        25.5 |    28.1 |    25.7 
 abcijk-ikmb-mjac |   6144 |   6144 |    24 | 1.00 | 0.75 |        25.6 |    28.1 |    25.3 
 abcijk-ikmc-mjab |   6144 |   6144 |    24 | 1.00 | 0.75 |        29.4 |    33.3 |    28.8 
 abcijk-jkma-mibc |   9216 |   4096 |    24 | 1.00 | 0.99 |        25.5 |    28.1 |    25.7 
 abcijk-jkmb-miac |   6144 |   6144 |    24 | 1.00 | 0.75 |        24.9 |    26.4 |    25.0 
 abcijk-jkmc-miab |   6144 |   6144 |    24 | 1.00 | 0.75 |        28.1 |    29.3 |    28.1 
 abcijk-eiab-jkec |   6144 |   6144 |    24 | 1.00 | 0.75 |        28.1 |    29.3 |    28.1 
 abcijk-eiac-jkeb |   6144 |   6144 |    24 | 1.00 | 0.75 |        24.9 |    26.4 |    25.0 
 abcijk-eibc-jkea |   4096 |   9216 |    24 | 1.00 | 0.99 |        25.5 |    28.1 |    25.7 
 abcijk-ejab-ikec |   6144 |   6144 |    24 | 1.00 | 0.75 |        29.4 |    33.3 |    28.6 
 abcijk-ejac-ikeb |   6144 |   6144 |    24 | 1.00 | 0.75 |        25.5 |    28.1 |    25.2 
 abcijk-ejbc-ikea |   4096 |   9216 |    24 | 1.00 | 0.99 |        25.5 |    28.1 |    25.8 
 abcijk-ekab-ijec |   6144 |   6144 |    24 | 1.00 | 0.75 |        29.4 |    33.3 |    28.7 
 abcijk-ekac-ijeb |   6144 |   6144 |    24 | 1.00 | 0.75 |        25.6 |    28.1 |    25.2 
 abcijk-ekbc-ijea |   4096 |   9216 |    24 | 1.00 | 0.99 |        25.6 |    28.1 |    25.7 
       abc-bk-akc |    216 |  44064 |   204 | 1.00 | 1.00 |        42.1 |    45.3 |    38.8 

=== complex efficiency ratio (c64 GF/s over f64 GF/s; 1.0 = no penalty) ===
             case | planar c64/f64 | 1m c64/f64 | 3m c64/f64 
------------------+----------------+------------+------------
         ij-ik-kj |          1.058 |      1.068 |      1.040 
       ij-ikl-ljk |          1.186 |      1.259 |      1.081 
       ij-kil-lkj |          1.204 |      1.243 |      1.209 
       ijk-ikl-lj |          1.213 |      1.181 |      1.206 
       ijk-il-jlk |          1.263 |      1.324 |      1.175 
       ijk-ilk-jl |          1.081 |      1.151 |      0.993 
       ijk-ilk-lj |          1.110 |      1.179 |      1.006 
     ijk-ilmk-mjl |          1.154 |      1.230 |      0.932 
   ijkl-imjn-lnkm |          1.061 |      1.105 |      1.014 
   ijkl-imjn-nlmk |          1.063 |      1.107 |      1.018 
   ijkl-imkn-jnlm |          1.100 |      1.124 |      1.025 
   ijkl-imkn-njml |          1.090 |      1.112 |      1.018 
   ijkl-imln-jnkm |          1.104 |      1.128 |      1.030 
   ijkl-imln-njmk |          1.092 |      1.115 |      1.019 
   ijkl-imnj-nlkm |          1.059 |      1.103 |      1.015 
   ijkl-imnk-njml |          1.094 |      1.116 |      1.018 
   ijkl-minj-nlmk |          1.075 |      1.112 |      1.078 
   ijkl-mink-jnlm |          1.111 |      1.129 |      1.080 
   ijkl-minl-njmk |          1.110 |      1.125 |      1.084 
     aqrs-pa-pqrs |          1.421 |      1.519 |      1.390 
     abrs-qb-aqrs |          1.277 |      1.390 |      1.084 
     abcs-rc-abrs |          1.493 |      1.503 |      1.586 
       abj-bka-kj |          1.131 |      1.120 |      1.137 
       ajb-kba-jk |          1.075 |      1.138 |      1.111 
     abjc-cbka-kj |          1.736 |      1.507 |      1.737 
     ajbc-ckba-jk |          1.131 |      1.032 |      1.114 
     abjc-kbac-jk |          1.141 |      1.243 |      1.224 
   abjcd-dkbac-jk |          2.014 |      1.812 |      1.974 
   adbjc-cbdka-kj |          2.287 |      1.996 |      2.211 
   ajbdc-ckbad-jk |          2.118 |      1.902 |      2.086 
 abcijk-ijma-mkbc |          1.243 |      1.366 |      1.245 
 abcijk-ijmb-mkac |          1.401 |      1.536 |      1.376 
 abcijk-ijmc-mkab |          1.246 |      1.407 |      1.217 
 abcijk-ikma-mjbc |          1.235 |      1.359 |      1.240 
 abcijk-ikmb-mjac |          1.409 |      1.546 |      1.392 
 abcijk-ikmc-mjab |          1.246 |      1.412 |      1.218 
 abcijk-jkma-mibc |          1.208 |      1.329 |      1.219 
 abcijk-jkmb-miac |          1.414 |      1.494 |      1.417 
 abcijk-jkmc-miab |          1.315 |      1.371 |      1.317 
 abcijk-eiab-jkec |          1.315 |      1.369 |      1.314 
 abcijk-eiac-jkeb |          1.387 |      1.472 |      1.397 
 abcijk-eibc-jkea |          1.202 |      1.325 |      1.213 
 abcijk-ejab-ikec |          1.262 |      1.427 |      1.230 
 abcijk-ejac-ikeb |          1.409 |      1.549 |      1.387 
 abcijk-ejbc-ikea |          1.239 |      1.364 |      1.250 
 abcijk-ekab-ijec |          1.260 |      1.426 |      1.229 
 abcijk-ekac-ijeb |          1.416 |      1.557 |      1.396 
 abcijk-ekbc-ijea |          1.228 |      1.351 |      1.237 
       abc-bk-akc |          1.091 |      1.173 |      1.004 
             MEAN |          1.277 |      1.325 |      1.245 

wrote bench-results/worker5178-zen2/phase4f/th-t1b-f64c64.csv
