host        : worker5178
target      : x86_64 / linux
cpu features: avx2 fma 
caches      : L1=32KiB/8-way/1sh L2=512KiB/8-way/1sh L3=16384KiB/16-way/4sh (via sysfs), blocking=legacy
l3 domains  : t1=1 t4=1
baselines   : tblis=false blas=false

sweeping 49 cases at 64 MiB nominal tensor size, 3 reps, stress=none


=== f32 ===
             case |      m |      n |     k | regA | regB | planar GF/s | 1m GF/s | 3m GF/s 
------------------+--------+--------+-------+------+------+-------------+---------+---------
         ij-ik-kj |   2904 |   2896 |  2904 | 1.00 | 1.00 |       161.0 |   161.0 |   161.0 
       ij-ikl-ljk |    216 |    204 | 44064 | 1.00 | 1.00 |        83.1 |    83.1 |    83.1 
       ij-kil-lkj |    216 |    204 | 46656 | 1.00 | 1.00 |        97.3 |    97.3 |    97.3 
       ijk-ikl-lj |  44064 |    204 |   216 | 1.00 | 1.00 |       121.2 |   121.2 |   121.2 
       ijk-il-jlk |    216 |  44064 |   204 | 1.00 | 1.00 |       119.4 |   119.4 |   119.4 
       ijk-ilk-jl |  44064 |    216 |   204 | 0.96 | 1.00 |       115.0 |   115.0 |   115.0 
       ijk-ilk-lj |  44064 |    204 |   216 | 0.96 | 1.00 |       116.5 |   116.5 |   116.5 
     ijk-ilmk-mjl |   3744 |     52 |  3744 | 0.89 | 1.00 |        69.9 |    69.9 |    69.9 
   ijkl-imjn-lnkm |   3744 |   3744 |  2704 | 0.89 | 0.92 |       160.1 |   160.1 |   160.1 
   ijkl-imjn-nlmk |   3744 |   2704 |  3744 | 0.89 | 0.92 |       160.4 |   160.4 |   160.4 
   ijkl-imkn-jnlm |   3744 |   3744 |  2704 | 0.89 | 1.00 |       154.7 |   154.7 |   154.7 
   ijkl-imkn-njml |   3744 |   2704 |  3744 | 0.89 | 0.92 |       153.8 |   153.8 |   153.8 
   ijkl-imln-jnkm |   3744 |   3744 |  2704 | 0.89 | 1.00 |       155.7 |   155.7 |   155.7 
   ijkl-imln-njmk |   3744 |   2704 |  3744 | 0.89 | 0.92 |       155.5 |   155.5 |   155.5 
   ijkl-imnj-nlkm |   3744 |   2704 |  3744 | 0.89 | 0.92 |       160.0 |   160.0 |   160.0 
   ijkl-imnk-njml |   3744 |   2704 |  3744 | 0.89 | 0.92 |       155.2 |   155.2 |   155.2 
   ijkl-minj-nlmk |   3744 |   2704 |  5184 | 0.89 | 0.92 |       160.3 |   160.3 |   160.3 
   ijkl-mink-jnlm |   3744 |   3744 |  3744 | 0.89 | 1.00 |       156.9 |   156.9 |   156.9 
   ijkl-minl-njmk |   3744 |   2704 |  5184 | 0.89 | 0.92 |       155.1 |   155.1 |   155.1 
     aqrs-pa-pqrs |     72 | 140608 |    72 | 1.00 | 1.00 |        70.4 |    70.4 |    70.4 
     abrs-qb-aqrs |     52 | 194688 |    72 | 0.89 | 1.00 |        74.8 |    74.8 |    74.8 
     abcs-rc-abrs |     52 | 194688 |    72 | 1.00 | 1.00 |        62.5 |    62.5 |    62.5 
       abj-bka-kj |  46656 |    204 |   216 | 0.96 | 1.00 |       134.5 |   134.5 |   134.5 
       ajb-kba-jk |  44064 |    216 |   216 | 0.96 | 1.00 |       151.1 |   151.1 |   151.1 
     abjc-cbka-kj | 269568 |     52 |    72 | 0.89 | 1.00 |        24.4 |    24.4 |    24.4 
     ajbc-ckba-jk | 269568 |     72 |    52 | 0.89 | 1.00 |        30.0 |    30.0 |    30.0 
     abjc-kbac-jk | 194688 |     72 |    72 | 0.89 | 1.00 |       100.9 |   100.9 |   100.9 
   abjcd-dkbac-jk | 331776 |     24 |    24 | 0.67 | 1.00 |        15.9 |    15.9 |    15.9 
   adbjc-cbdka-kj | 331776 |     24 |    24 | 0.67 | 1.00 |         8.0 |     8.0 |     8.0 
   ajbdc-ckbad-jk | 331776 |     24 |    24 | 1.00 | 1.00 |         9.4 |     9.4 |     9.4 
 abcijk-ijma-mkbc |   9216 |   4096 |    24 | 1.00 | 1.00 |        58.8 |    58.8 |    58.8 
 abcijk-ijmb-mkac |   6144 |   6144 |    24 | 1.00 | 1.00 |        44.8 |    44.8 |    44.8 
 abcijk-ijmc-mkab |   6144 |   6144 |    24 | 1.00 | 0.75 |        77.6 |    77.6 |    77.6 
 abcijk-ikma-mjbc |   9216 |   4096 |    24 | 1.00 | 1.00 |        58.9 |    58.9 |    58.9 
 abcijk-ikmb-mjac |   6144 |   6144 |    24 | 1.00 | 1.00 |        46.1 |    46.1 |    46.1 
 abcijk-ikmc-mjab |   6144 |   6144 |    24 | 1.00 | 0.75 |        76.7 |    76.7 |    76.7 
 abcijk-jkma-mibc |   9216 |   4096 |    24 | 1.00 | 1.00 |        58.4 |    58.4 |    58.4 
 abcijk-jkmb-miac |   6144 |   6144 |    24 | 1.00 | 1.00 |        46.0 |    46.0 |    46.0 
 abcijk-jkmc-miab |   6144 |   6144 |    24 | 1.00 | 0.75 |        72.5 |    72.5 |    72.5 
 abcijk-eiab-jkec |   6144 |   6144 |    24 | 1.00 | 0.75 |        72.6 |    72.6 |    72.6 
 abcijk-eiac-jkeb |   6144 |   6144 |    24 | 1.00 | 1.00 |        46.0 |    46.0 |    46.0 
 abcijk-eibc-jkea |   4096 |   9216 |    24 | 1.00 | 1.00 |        58.7 |    58.7 |    58.7 
 abcijk-ejab-ikec |   6144 |   6144 |    24 | 1.00 | 0.75 |        76.2 |    76.2 |    76.2 
 abcijk-ejac-ikeb |   6144 |   6144 |    24 | 1.00 | 1.00 |        46.1 |    46.1 |    46.1 
 abcijk-ejbc-ikea |   4096 |   9216 |    24 | 1.00 | 1.00 |        58.7 |    58.7 |    58.7 
 abcijk-ekab-ijec |   6144 |   6144 |    24 | 1.00 | 0.75 |        77.8 |    77.8 |    77.8 
 abcijk-ekac-ijeb |   6144 |   6144 |    24 | 1.00 | 1.00 |        46.1 |    46.1 |    46.1 
 abcijk-ekbc-ijea |   4096 |   9216 |    24 | 1.00 | 1.00 |        58.8 |    58.8 |    58.8 
       abc-bk-akc |    216 |  44064 |   204 | 0.96 | 1.00 |       120.1 |   120.1 |   120.1 

=== c32 ===
             case |      m |      n |     k | regA | regB | planar GF/s | 1m GF/s | 3m GF/s 
------------------+--------+--------+-------+------+------+-------------+---------+---------
         ij-ik-kj |   2904 |   2896 |  2904 | 1.00 | 1.00 |       167.5 |   169.1 |   167.8 
       ij-ikl-ljk |    216 |    204 | 44064 | 1.00 | 1.00 |       132.2 |   122.4 |   121.4 
       ij-kil-lkj |    216 |    204 | 46656 | 1.00 | 1.00 |       133.8 |   140.0 |   138.7 
       ijk-ikl-lj |  44064 |    204 |   216 | 1.00 | 1.00 |       144.6 |   150.3 |   147.0 
       ijk-il-jlk |    216 |  44064 |   204 | 1.00 | 0.98 |       153.2 |   149.4 |   140.3 
       ijk-ilk-jl |  44064 |    216 |   204 | 1.00 | 1.00 |       155.8 |   149.1 |   148.8 
       ijk-ilk-lj |  44064 |    204 |   216 | 1.00 | 1.00 |       157.7 |   149.2 |   146.7 
     ijk-ilmk-mjl |   3744 |     52 |  3744 | 1.00 | 1.00 |       112.9 |   112.0 |   109.5 
   ijkl-imjn-lnkm |   3744 |   3744 |  2704 | 1.00 | 0.92 |       169.1 |   169.9 |   170.0 
   ijkl-imjn-nlmk |   3744 |   2704 |  3744 | 1.00 | 0.92 |       170.8 |   171.6 |   173.1 
   ijkl-imkn-jnlm |   3744 |   3744 |  2704 | 1.00 | 0.95 |       165.0 |   164.3 |   165.8 
   ijkl-imkn-njml |   3744 |   2704 |  3744 | 1.00 | 0.92 |       167.5 |   166.6 |   168.9 
   ijkl-imln-jnkm |   3744 |   3744 |  2704 | 1.00 | 0.95 |       165.4 |   164.5 |   167.2 
   ijkl-imln-njmk |   3744 |   2704 |  3744 | 1.00 | 0.92 |       167.5 |   166.3 |   168.7 
   ijkl-imnj-nlkm |   3744 |   2704 |  3744 | 1.00 | 0.92 |       171.3 |   171.5 |   173.1 
   ijkl-imnk-njml |   3744 |   2704 |  3744 | 1.00 | 0.92 |       167.6 |   167.0 |   169.0 
   ijkl-minj-nlmk |   3744 |   2704 |  5184 | 1.00 | 0.92 |       170.0 |   171.4 |   174.1 
   ijkl-mink-jnlm |   3744 |   3744 |  3744 | 1.00 | 0.95 |       166.9 |   167.3 |   169.8 
   ijkl-minl-njmk |   3744 |   2704 |  5184 | 1.00 | 0.92 |       166.8 |   167.5 |   171.6 
     aqrs-pa-pqrs |     72 | 140608 |    72 | 1.00 | 1.00 |        96.7 |   107.5 |    98.1 
     abrs-qb-aqrs |     52 | 194688 |    72 | 1.00 | 1.00 |        98.9 |    96.5 |    89.1 
     abcs-rc-abrs |     52 | 194688 |    72 | 1.00 | 1.00 |        97.5 |   123.0 |    98.1 
       abj-bka-kj |  46656 |    204 |   216 | 1.00 | 1.00 |       154.8 |   154.9 |   155.1 
       ajb-kba-jk |  44064 |    216 |   216 | 1.00 | 1.00 |       168.8 |   176.6 |   172.9 
     abjc-cbka-kj | 269568 |     52 |    72 | 1.00 | 1.00 |        56.3 |    39.5 |    49.4 
     ajbc-ckba-jk | 269568 |     72 |    52 | 1.00 | 1.00 |        63.8 |    47.7 |    54.0 
     abjc-kbac-jk | 194688 |     72 |    72 | 1.00 | 1.00 |       131.1 |   137.8 |   140.4 
   abjcd-dkbac-jk | 331776 |     24 |    24 | 1.00 | 1.00 |        30.6 |    24.7 |    27.1 
   adbjc-cbdka-kj | 331776 |     24 |    24 | 1.00 | 1.00 |        25.8 |    20.5 |    23.1 
   ajbdc-ckbad-jk | 331776 |     24 |    24 | 1.00 | 1.00 |        29.5 |    23.8 |    26.6 
 abcijk-ijma-mkbc |   9216 |   4096 |    24 | 1.00 | 0.99 |        99.8 |   114.3 |   102.1 
 abcijk-ijmb-mkac |   6144 |   6144 |    24 | 1.00 | 0.75 |        94.8 |   106.8 |    95.4 
 abcijk-ijmc-mkab |   6144 |   6144 |    24 | 1.00 | 0.75 |       105.8 |   120.2 |   104.7 
 abcijk-ikma-mjbc |   9216 |   4096 |    24 | 1.00 | 0.99 |        99.9 |   114.3 |   102.0 
 abcijk-ikmb-mjac |   6144 |   6144 |    24 | 1.00 | 0.75 |        94.8 |   107.0 |    95.3 
 abcijk-ikmc-mjab |   6144 |   6144 |    24 | 1.00 | 0.75 |       105.2 |   121.2 |   104.2 
 abcijk-jkma-mibc |   9216 |   4096 |    24 | 1.00 | 0.99 |       100.0 |   114.9 |   102.7 
 abcijk-jkmb-miac |   6144 |   6144 |    24 | 1.00 | 0.75 |        94.1 |   105.1 |    95.9 
 abcijk-jkmc-miab |   6144 |   6144 |    24 | 1.00 | 0.75 |       102.7 |   117.1 |   101.9 
 abcijk-eiab-jkec |   6144 |   6144 |    24 | 1.00 | 0.75 |       103.0 |   117.1 |   102.1 
 abcijk-eiac-jkeb |   6144 |   6144 |    24 | 1.00 | 0.75 |        94.4 |   105.2 |    95.7 
 abcijk-eibc-jkea |   4096 |   9216 |    24 | 1.00 | 0.99 |       100.2 |   115.0 |   102.7 
 abcijk-ejab-ikec |   6144 |   6144 |    24 | 1.00 | 0.75 |       105.2 |   119.6 |   104.7 
 abcijk-ejac-ikeb |   6144 |   6144 |    24 | 1.00 | 0.75 |        94.4 |   106.6 |    94.9 
 abcijk-ejbc-ikea |   4096 |   9216 |    24 | 1.00 | 0.99 |        99.5 |   114.5 |   102.1 
 abcijk-ekab-ijec |   6144 |   6144 |    24 | 1.00 | 0.75 |       105.7 |   120.1 |   104.6 
 abcijk-ekac-ijeb |   6144 |   6144 |    24 | 1.00 | 0.75 |        95.1 |   107.3 |    95.3 
 abcijk-ekbc-ijea |   4096 |   9216 |    24 | 1.00 | 0.99 |        99.9 |   114.0 |   102.0 
       abc-bk-akc |    216 |  44064 |   204 | 1.00 | 1.00 |       155.6 |   148.4 |   150.3 

=== complex efficiency ratio (c32 GF/s over f32 GF/s; 1.0 = no penalty) ===
             case | planar c32/f32 | 1m c32/f32 | 3m c32/f32 
------------------+----------------+------------+------------
         ij-ik-kj |          1.040 |      1.050 |      1.042 
       ij-ikl-ljk |          1.590 |      1.472 |      1.460 
       ij-kil-lkj |          1.375 |      1.439 |      1.426 
       ijk-ikl-lj |          1.193 |      1.240 |      1.213 
       ijk-il-jlk |          1.283 |      1.251 |      1.175 
       ijk-ilk-jl |          1.354 |      1.296 |      1.293 
       ijk-ilk-lj |          1.353 |      1.281 |      1.260 
     ijk-ilmk-mjl |          1.617 |      1.603 |      1.567 
   ijkl-imjn-lnkm |          1.056 |      1.062 |      1.062 
   ijkl-imjn-nlmk |          1.065 |      1.070 |      1.079 
   ijkl-imkn-jnlm |          1.067 |      1.062 |      1.072 
   ijkl-imkn-njml |          1.089 |      1.084 |      1.098 
   ijkl-imln-jnkm |          1.062 |      1.057 |      1.074 
   ijkl-imln-njmk |          1.077 |      1.069 |      1.085 
   ijkl-imnj-nlkm |          1.071 |      1.072 |      1.082 
   ijkl-imnk-njml |          1.079 |      1.076 |      1.088 
   ijkl-minj-nlmk |          1.061 |      1.070 |      1.087 
   ijkl-mink-jnlm |          1.064 |      1.066 |      1.082 
   ijkl-minl-njmk |          1.075 |      1.080 |      1.107 
     aqrs-pa-pqrs |          1.375 |      1.528 |      1.394 
     abrs-qb-aqrs |          1.321 |      1.290 |      1.190 
     abcs-rc-abrs |          1.559 |      1.967 |      1.569 
       abj-bka-kj |          1.151 |      1.152 |      1.153 
       ajb-kba-jk |          1.117 |      1.169 |      1.145 
     abjc-cbka-kj |          2.308 |      1.621 |      2.023 
     ajbc-ckba-jk |          2.126 |      1.589 |      1.800 
     abjc-kbac-jk |          1.299 |      1.366 |      1.392 
   abjcd-dkbac-jk |          1.927 |      1.557 |      1.710 
   adbjc-cbdka-kj |          3.248 |      2.577 |      2.910 
   ajbdc-ckbad-jk |          3.130 |      2.524 |      2.821 
 abcijk-ijma-mkbc |          1.699 |      1.945 |      1.737 
 abcijk-ijmb-mkac |          2.117 |      2.384 |      2.129 
 abcijk-ijmc-mkab |          1.363 |      1.549 |      1.349 
 abcijk-ikma-mjbc |          1.698 |      1.941 |      1.733 
 abcijk-ikmb-mjac |          2.056 |      2.321 |      2.067 
 abcijk-ikmc-mjab |          1.372 |      1.580 |      1.359 
 abcijk-jkma-mibc |          1.713 |      1.968 |      1.760 
 abcijk-jkmb-miac |          2.044 |      2.283 |      2.084 
 abcijk-jkmc-miab |          1.417 |      1.615 |      1.406 
 abcijk-eiab-jkec |          1.418 |      1.613 |      1.406 
 abcijk-eiac-jkeb |          2.055 |      2.290 |      2.083 
 abcijk-eibc-jkea |          1.707 |      1.960 |      1.749 
 abcijk-ejab-ikec |          1.380 |      1.570 |      1.374 
 abcijk-ejac-ikeb |          2.046 |      2.310 |      2.057 
 abcijk-ejbc-ikea |          1.697 |      1.952 |      1.741 
 abcijk-ekab-ijec |          1.358 |      1.544 |      1.345 
 abcijk-ekac-ijeb |          2.065 |      2.330 |      2.069 
 abcijk-ekbc-ijea |          1.699 |      1.938 |      1.734 
       abc-bk-akc |          1.296 |      1.235 |      1.251 
             MEAN |          1.537 |      1.573 |      1.508 

wrote bench-results/worker5178-zen2/phase4f/th-t2-f32c32.csv
