host        : worker5178
target      : x86_64 / linux
cpu features: avx2 fma 
caches      : L1=32KiB/8-way/1sh L2=512KiB/8-way/1sh L3=16384KiB/16-way/4sh (via sysfs), blocking=legacy
l3 domains  : t1=1 t4=1 t8=2 t16=4 t32=8
baselines   : tblis=false blas=false

sweeping 49 cases at 64 MiB nominal tensor size, 3 reps, stress=none


=== f64 ===
             case |      m |      n |     k | regA | regB | planar GF/s | 1m GF/s | 3m GF/s 
------------------+--------+--------+-------+------+------+-------------+---------+---------
         ij-ik-kj |   2904 |   2896 |  2904 | 1.00 | 1.00 |       343.6 |   343.6 |   343.6 
       ij-ikl-ljk |    216 |    204 | 44064 | 1.00 | 1.00 |       118.0 |   118.0 |   118.0 
       ij-kil-lkj |    216 |    204 | 46656 | 1.00 | 1.00 |       118.7 |   118.7 |   118.7 
       ijk-ikl-lj |  44064 |    204 |   216 | 1.00 | 1.00 |       252.0 |   252.0 |   252.0 
       ijk-il-jlk |    216 |  44064 |   204 | 1.00 | 1.00 |       152.8 |   152.8 |   152.8 
       ijk-ilk-jl |  44064 |    216 |   204 | 1.00 | 1.00 |       334.3 |   334.3 |   334.3 
       ijk-ilk-lj |  44064 |    204 |   216 | 1.00 | 1.00 |       325.6 |   325.6 |   325.6 
     ijk-ilmk-mjl |   3744 |     52 |  3744 | 1.00 | 1.00 |       120.3 |   120.3 |   120.3 
   ijkl-imjn-lnkm |   3744 |   3744 |  2704 | 1.00 | 0.92 |       415.0 |   415.0 |   415.0 
   ijkl-imjn-nlmk |   3744 |   2704 |  3744 | 1.00 | 0.92 |       421.4 |   421.4 |   421.4 
   ijkl-imkn-jnlm |   3744 |   3744 |  2704 | 1.00 | 1.00 |       450.2 |   450.2 |   450.2 
   ijkl-imkn-njml |   3744 |   2704 |  3744 | 1.00 | 0.92 |       470.2 |   470.2 |   470.2 
   ijkl-imln-jnkm |   3744 |   3744 |  2704 | 1.00 | 1.00 |       465.0 |   465.0 |   465.0 
   ijkl-imln-njmk |   3744 |   2704 |  3744 | 1.00 | 0.92 |       485.8 |   485.8 |   485.8 
   ijkl-imnj-nlkm |   3744 |   2704 |  3744 | 1.00 | 0.92 |       390.1 |   390.1 |   390.1 
   ijkl-imnk-njml |   3744 |   2704 |  3744 | 1.00 | 0.92 |       417.5 |   417.5 |   417.5 
   ijkl-minj-nlmk |   3744 |   2704 |  5184 | 1.00 | 0.92 |       400.2 |   400.2 |   400.2 
   ijkl-mink-jnlm |   3744 |   3744 |  3744 | 1.00 | 1.00 |       474.4 |   474.4 |   474.4 
   ijkl-minl-njmk |   3744 |   2704 |  5184 | 1.00 | 0.92 |       461.9 |   461.9 |   461.9 
     aqrs-pa-pqrs |     72 | 140608 |    72 | 1.00 | 1.00 |       205.5 |   205.5 |   205.5 
     abrs-qb-aqrs |     52 | 194688 |    72 | 1.00 | 1.00 |       149.9 |   149.9 |   149.9 
     abcs-rc-abrs |     52 | 194688 |    72 | 1.00 | 1.00 |       119.6 |   119.6 |   119.6 
       abj-bka-kj |  46656 |    204 |   216 | 1.00 | 1.00 |       228.7 |   228.7 |   228.7 
       ajb-kba-jk |  44064 |    216 |   216 | 1.00 | 1.00 |       363.9 |   363.9 |   363.9 
     abjc-cbka-kj | 269568 |     52 |    72 | 1.00 | 1.00 |        39.1 |    39.1 |    39.1 
     ajbc-ckba-jk | 269568 |     72 |    52 | 1.00 | 1.00 |        51.0 |    51.0 |    51.0 
     abjc-kbac-jk | 194688 |     72 |    72 | 1.00 | 1.00 |       180.4 |   180.4 |   180.4 
   abjcd-dkbac-jk | 331776 |     24 |    24 | 1.00 | 1.00 |        20.8 |    20.8 |    20.8 
   adbjc-cbdka-kj | 331776 |     24 |    24 | 1.00 | 1.00 |        19.4 |    19.4 |    19.4 
   ajbdc-ckbad-jk | 331776 |     24 |    24 | 1.00 | 1.00 |        20.5 |    20.5 |    20.5 
 abcijk-ijma-mkbc |   9216 |   4096 |    24 | 1.00 | 0.99 |       104.5 |   104.5 |   104.5 
 abcijk-ijmb-mkac |   6144 |   6144 |    24 | 1.00 | 0.75 |       110.6 |   110.6 |   110.6 
 abcijk-ijmc-mkab |   6144 |   6144 |    24 | 1.00 | 0.75 |       108.8 |   108.8 |   108.8 
 abcijk-ikma-mjbc |   9216 |   4096 |    24 | 1.00 | 0.99 |       104.9 |   104.9 |   104.9 
 abcijk-ikmb-mjac |   6144 |   6144 |    24 | 1.00 | 0.75 |       110.7 |   110.7 |   110.7 
 abcijk-ikmc-mjab |   6144 |   6144 |    24 | 1.00 | 0.75 |       109.8 |   109.8 |   109.8 
 abcijk-jkma-mibc |   9216 |   4096 |    24 | 1.00 | 0.99 |       108.6 |   108.6 |   108.6 
 abcijk-jkmb-miac |   6144 |   6144 |    24 | 1.00 | 0.75 |       110.9 |   110.9 |   110.9 
 abcijk-jkmc-miab |   6144 |   6144 |    24 | 1.00 | 0.75 |       109.3 |   109.3 |   109.3 
 abcijk-eiab-jkec |   6144 |   6144 |    24 | 1.00 | 0.75 |       109.5 |   109.5 |   109.5 
 abcijk-eiac-jkeb |   6144 |   6144 |    24 | 1.00 | 0.75 |       110.4 |   110.4 |   110.4 
 abcijk-eibc-jkea |   4096 |   9216 |    24 | 1.00 | 0.99 |       108.6 |   108.6 |   108.6 
 abcijk-ejab-ikec |   6144 |   6144 |    24 | 1.00 | 0.75 |       109.7 |   109.7 |   109.7 
 abcijk-ejac-ikeb |   6144 |   6144 |    24 | 1.00 | 0.75 |       111.4 |   111.4 |   111.4 
 abcijk-ejbc-ikea |   4096 |   9216 |    24 | 1.00 | 0.99 |       105.2 |   105.2 |   105.2 
 abcijk-ekab-ijec |   6144 |   6144 |    24 | 1.00 | 0.75 |       109.2 |   109.2 |   109.2 
 abcijk-ekac-ijeb |   6144 |   6144 |    24 | 1.00 | 0.75 |       110.1 |   110.1 |   110.1 
 abcijk-ekbc-ijea |   4096 |   9216 |    24 | 1.00 | 0.99 |       103.6 |   103.6 |   103.6 
       abc-bk-akc |    216 |  44064 |   204 | 1.00 | 1.00 |       278.7 |   278.7 |   278.7 

=== c64 ===
             case |      m |      n |     k | regA | regB | planar GF/s | 1m GF/s | 3m GF/s 
------------------+--------+--------+-------+------+------+-------------+---------+---------
         ij-ik-kj |   2904 |   2896 |  2904 | 1.00 | 1.00 |       547.6 |   574.5 |   544.8 
       ij-ikl-ljk |    216 |    204 | 44064 | 1.00 | 1.00 |       248.3 |   230.8 |   211.7 
       ij-kil-lkj |    216 |    204 | 46656 | 1.00 | 1.00 |       276.0 |   256.5 |   219.8 
       ijk-ikl-lj |  44064 |    204 |   216 | 1.00 | 1.00 |       389.1 |   385.5 |   376.5 
       ijk-il-jlk |    216 |  44064 |   204 | 1.00 | 0.98 |       294.3 |   282.8 |   241.4 
       ijk-ilk-jl |  44064 |    216 |   204 | 1.00 | 1.00 |       419.6 |   432.6 |   394.2 
       ijk-ilk-lj |  44064 |    204 |   216 | 1.00 | 1.00 |       429.6 |   441.8 |   387.4 
     ijk-ilmk-mjl |   3744 |     52 |  3744 | 1.00 | 1.00 |       325.9 |   233.7 |   224.0 
   ijkl-imjn-lnkm |   3744 |   3744 |  2704 | 1.00 | 0.92 |       565.7 |   575.6 |   553.0 
   ijkl-imjn-nlmk |   3744 |   2704 |  3744 | 1.00 | 0.92 |       601.5 |   595.0 |   555.5 
   ijkl-imkn-jnlm |   3744 |   3744 |  2704 | 1.00 | 0.95 |       552.6 |   560.8 |   550.6 
   ijkl-imkn-njml |   3744 |   2704 |  3744 | 1.00 | 0.92 |       587.1 |   589.2 |   523.5 
   ijkl-imln-jnkm |   3744 |   3744 |  2704 | 1.00 | 0.95 |       572.0 |   546.5 |   505.6 
   ijkl-imln-njmk |   3744 |   2704 |  3744 | 1.00 | 0.92 |       563.9 |   572.8 |   514.8 
   ijkl-imnj-nlkm |   3744 |   2704 |  3744 | 1.00 | 0.92 |       571.7 |   591.3 |   512.0 
   ijkl-imnk-njml |   3744 |   2704 |  3744 | 1.00 | 0.92 |       561.0 |   565.5 |   532.0 
   ijkl-minj-nlmk |   3744 |   2704 |  5184 | 1.00 | 0.92 |       588.6 |   567.9 |   549.1 
   ijkl-mink-jnlm |   3744 |   3744 |  3744 | 1.00 | 0.95 |       568.3 |   593.2 |   554.6 
   ijkl-minl-njmk |   3744 |   2704 |  5184 | 1.00 | 0.92 |       587.9 |   591.5 |   555.6 
     aqrs-pa-pqrs |     72 | 140608 |    72 | 1.00 | 1.00 |       100.4 |   125.4 |    87.9 
     abrs-qb-aqrs |     52 | 194688 |    72 | 1.00 | 1.00 |       228.6 |   260.5 |   228.4 
     abcs-rc-abrs |     52 | 194688 |    72 | 1.00 | 1.00 |       237.6 |   240.0 |   242.0 
       abj-bka-kj |  46656 |    204 |   216 | 1.00 | 1.00 |       345.2 |   334.2 |   333.3 
       ajb-kba-jk |  44064 |    216 |   216 | 1.00 | 1.00 |       430.6 |   443.1 |   422.9 
     abjc-cbka-kj | 269568 |     52 |    72 | 1.00 | 1.00 |       134.4 |   126.8 |   140.9 
     ajbc-ckba-jk | 269568 |     72 |    52 | 1.00 | 1.00 |       152.8 |   148.0 |    31.9 
     abjc-kbac-jk | 194688 |     72 |    72 | 1.00 | 1.00 |       319.3 |   318.6 |   321.0 
   abjcd-dkbac-jk | 331776 |     24 |    24 | 1.00 | 1.00 |        61.3 |    56.0 |    58.6 
   adbjc-cbdka-kj | 331776 |     24 |    24 | 1.00 | 1.00 |        54.3 |    53.5 |    56.7 
   ajbdc-ckbad-jk | 331776 |     24 |    24 | 1.00 | 1.00 |        62.3 |    56.8 |    57.3 
 abcijk-ijma-mkbc |   9216 |   4096 |    24 | 1.00 | 0.99 |       192.6 |   192.5 |   187.6 
 abcijk-ijmb-mkac |   6144 |   6144 |    24 | 1.00 | 0.75 |       203.5 |   216.2 |   219.7 
 abcijk-ijmc-mkab |   6144 |   6144 |    24 | 1.00 | 0.75 |       207.5 |   208.3 |   216.0 
 abcijk-ikma-mjbc |   9216 |   4096 |    24 | 1.00 | 0.99 |       191.3 |   189.8 |   189.2 
 abcijk-ikmb-mjac |   6144 |   6144 |    24 | 1.00 | 0.75 |       203.8 |   218.2 |   221.0 
 abcijk-ikmc-mjab |   6144 |   6144 |    24 | 1.00 | 0.75 |       209.4 |   211.3 |   217.6 
 abcijk-jkma-mibc |   9216 |   4096 |    24 | 1.00 | 0.99 |       206.3 |   206.0 |   203.5 
 abcijk-jkmb-miac |   6144 |   6144 |    24 | 1.00 | 0.75 |       204.0 |   219.2 |   221.6 
 abcijk-jkmc-miab |   6144 |   6144 |    24 | 1.00 | 0.75 |       207.5 |   213.3 |   217.9 
 abcijk-eiab-jkec |   6144 |   6144 |    24 | 1.00 | 0.75 |       208.4 |   212.7 |   218.4 
 abcijk-eiac-jkeb |   6144 |   6144 |    24 | 1.00 | 0.75 |       203.2 |   219.9 |   221.0 
 abcijk-eibc-jkea |   4096 |   9216 |    24 | 1.00 | 0.99 |       202.8 |   205.3 |   204.0 
 abcijk-ejab-ikec |   6144 |   6144 |    24 | 1.00 | 0.75 |       207.8 |   210.8 |   214.6 
 abcijk-ejac-ikeb |   6144 |   6144 |    24 | 1.00 | 0.75 |       203.0 |   216.8 |   222.1 
 abcijk-ejbc-ikea |   4096 |   9216 |    24 | 1.00 | 0.99 |       191.4 |   191.6 |   190.1 
 abcijk-ekab-ijec |   6144 |   6144 |    24 | 1.00 | 0.75 |       207.5 |   209.4 |   210.9 
 abcijk-ekac-ijeb |   6144 |   6144 |    24 | 1.00 | 0.75 |       202.3 |   217.4 |   218.0 
 abcijk-ekbc-ijea |   4096 |   9216 |    24 | 1.00 | 0.99 |       191.5 |   189.8 |   190.7 
       abc-bk-akc |    216 |  44064 |   204 | 1.00 | 1.00 |       395.2 |   475.3 |   394.7 

=== complex efficiency ratio (c64 GF/s over f64 GF/s; 1.0 = no penalty) ===
             case | planar c64/f64 | 1m c64/f64 | 3m c64/f64 
------------------+----------------+------------+------------
         ij-ik-kj |          1.594 |      1.672 |      1.586 
       ij-ikl-ljk |          2.104 |      1.955 |      1.794 
       ij-kil-lkj |          2.326 |      2.162 |      1.852 
       ijk-ikl-lj |          1.544 |      1.530 |      1.494 
       ijk-il-jlk |          1.926 |      1.850 |      1.579 
       ijk-ilk-jl |          1.255 |      1.294 |      1.179 
       ijk-ilk-lj |          1.319 |      1.357 |      1.190 
     ijk-ilmk-mjl |          2.710 |      1.944 |      1.862 
   ijkl-imjn-lnkm |          1.363 |      1.387 |      1.332 
   ijkl-imjn-nlmk |          1.427 |      1.412 |      1.318 
   ijkl-imkn-jnlm |          1.227 |      1.246 |      1.223 
   ijkl-imkn-njml |          1.249 |      1.253 |      1.113 
   ijkl-imln-jnkm |          1.230 |      1.175 |      1.087 
   ijkl-imln-njmk |          1.161 |      1.179 |      1.060 
   ijkl-imnj-nlkm |          1.465 |      1.516 |      1.312 
   ijkl-imnk-njml |          1.344 |      1.355 |      1.274 
   ijkl-minj-nlmk |          1.471 |      1.419 |      1.372 
   ijkl-mink-jnlm |          1.198 |      1.250 |      1.169 
   ijkl-minl-njmk |          1.273 |      1.281 |      1.203 
     aqrs-pa-pqrs |          0.489 |      0.610 |      0.428 
     abrs-qb-aqrs |          1.525 |      1.738 |      1.524 
     abcs-rc-abrs |          1.987 |      2.008 |      2.024 
       abj-bka-kj |          1.509 |      1.461 |      1.457 
       ajb-kba-jk |          1.183 |      1.218 |      1.162 
     abjc-cbka-kj |          3.439 |      3.245 |      3.607 
     ajbc-ckba-jk |          2.995 |      2.900 |      0.626 
     abjc-kbac-jk |          1.770 |      1.766 |      1.779 
   abjcd-dkbac-jk |          2.944 |      2.693 |      2.816 
   adbjc-cbdka-kj |          2.802 |      2.759 |      2.928 
   ajbdc-ckbad-jk |          3.035 |      2.768 |      2.790 
 abcijk-ijma-mkbc |          1.844 |      1.842 |      1.796 
 abcijk-ijmb-mkac |          1.840 |      1.955 |      1.987 
 abcijk-ijmc-mkab |          1.907 |      1.914 |      1.985 
 abcijk-ikma-mjbc |          1.824 |      1.810 |      1.805 
 abcijk-ikmb-mjac |          1.841 |      1.970 |      1.996 
 abcijk-ikmc-mjab |          1.908 |      1.925 |      1.982 
 abcijk-jkma-mibc |          1.900 |      1.897 |      1.874 
 abcijk-jkmb-miac |          1.840 |      1.977 |      1.999 
 abcijk-jkmc-miab |          1.898 |      1.951 |      1.994 
 abcijk-eiab-jkec |          1.903 |      1.943 |      1.995 
 abcijk-eiac-jkeb |          1.841 |      1.992 |      2.002 
 abcijk-eibc-jkea |          1.867 |      1.890 |      1.878 
 abcijk-ejab-ikec |          1.893 |      1.921 |      1.956 
 abcijk-ejac-ikeb |          1.822 |      1.947 |      1.994 
 abcijk-ejbc-ikea |          1.819 |      1.821 |      1.807 
 abcijk-ekab-ijec |          1.900 |      1.917 |      1.931 
 abcijk-ekac-ijeb |          1.837 |      1.975 |      1.980 
 abcijk-ekbc-ijea |          1.849 |      1.833 |      1.842 
       abc-bk-akc |          1.418 |      1.705 |      1.416 
             MEAN |          1.792 |      1.788 |      1.701 

wrote bench-results/worker5178-zen2/phase4f/th-t16-f64c64.csv
