host        : worker5178
target      : x86_64 / linux
cpu features: avx2 fma 
caches      : L1=32KiB/8-way/1sh L2=512KiB/8-way/1sh L3=16384KiB/16-way/4sh (via sysfs), blocking=legacy
l3 domains  : t1=1
baselines   : tblis=false blas=false

sweeping 49 cases at 64 MiB nominal tensor size, 3 reps, stress=none


=== f32 ===
             case |      m |      n |     k | regA | regB | planar GF/s | 1m GF/s | 3m GF/s 
------------------+--------+--------+-------+------+------+-------------+---------+---------
         ij-ik-kj |   2904 |   2896 |  2904 | 1.00 | 1.00 |        82.7 |    82.7 |    82.7 
       ij-ikl-ljk |    216 |    204 | 44064 | 1.00 | 1.00 |        45.0 |    45.0 |    45.0 
       ij-kil-lkj |    216 |    204 | 46656 | 1.00 | 1.00 |        53.0 |    53.0 |    53.0 
       ijk-ikl-lj |  44064 |    204 |   216 | 1.00 | 1.00 |        61.1 |    61.1 |    61.1 
       ijk-il-jlk |    216 |  44064 |   204 | 1.00 | 1.00 |        65.6 |    65.6 |    65.6 
       ijk-ilk-jl |  44064 |    216 |   204 | 0.96 | 1.00 |        59.3 |    59.3 |    59.3 
       ijk-ilk-lj |  44064 |    204 |   216 | 0.96 | 1.00 |        57.3 |    57.3 |    57.3 
     ijk-ilmk-mjl |   3744 |     52 |  3744 | 0.89 | 1.00 |        35.5 |    35.5 |    35.5 
   ijkl-imjn-lnkm |   3744 |   3744 |  2704 | 0.89 | 0.92 |        82.4 |    82.4 |    82.4 
   ijkl-imjn-nlmk |   3744 |   2704 |  3744 | 0.89 | 0.92 |        82.0 |    82.0 |    82.0 
   ijkl-imkn-jnlm |   3744 |   3744 |  2704 | 0.89 | 1.00 |        77.6 |    77.6 |    77.6 
   ijkl-imkn-njml |   3744 |   2704 |  3744 | 0.89 | 0.92 |        77.4 |    77.4 |    77.4 
   ijkl-imln-jnkm |   3744 |   3744 |  2704 | 0.89 | 1.00 |        78.1 |    78.1 |    78.1 
   ijkl-imln-njmk |   3744 |   2704 |  3744 | 0.89 | 0.92 |        78.1 |    78.1 |    78.1 
   ijkl-imnj-nlkm |   3744 |   2704 |  3744 | 0.89 | 0.92 |        81.6 |    81.6 |    81.6 
   ijkl-imnk-njml |   3744 |   2704 |  3744 | 0.89 | 0.92 |        77.2 |    77.2 |    77.2 
   ijkl-minj-nlmk |   3744 |   2704 |  5184 | 0.89 | 0.92 |        81.7 |    81.7 |    81.7 
   ijkl-mink-jnlm |   3744 |   3744 |  3744 | 0.89 | 1.00 |        79.6 |    79.6 |    79.6 
   ijkl-minl-njmk |   3744 |   2704 |  5184 | 0.89 | 0.92 |        78.3 |    78.3 |    78.3 
     aqrs-pa-pqrs |     72 | 140608 |    72 | 1.00 | 1.00 |        43.6 |    43.6 |    43.6 
     abrs-qb-aqrs |     52 | 194688 |    72 | 0.89 | 1.00 |        38.3 |    38.3 |    38.3 
     abcs-rc-abrs |     52 | 194688 |    72 | 1.00 | 1.00 |        35.2 |    35.2 |    35.2 
       abj-bka-kj |  46656 |    204 |   216 | 0.96 | 1.00 |        66.6 |    66.6 |    66.6 
       ajb-kba-jk |  44064 |    216 |   216 | 0.96 | 1.00 |        77.4 |    77.4 |    77.4 
     abjc-cbka-kj | 269568 |     52 |    72 | 0.89 | 1.00 |        15.1 |    15.1 |    15.1 
     ajbc-ckba-jk | 269568 |     72 |    52 | 0.89 | 1.00 |        31.2 |    31.2 |    31.2 
     abjc-kbac-jk | 194688 |     72 |    72 | 0.89 | 1.00 |        52.4 |    52.4 |    52.4 
   abjcd-dkbac-jk | 331776 |     24 |    24 | 0.67 | 1.00 |         7.5 |     7.5 |     7.5 
   adbjc-cbdka-kj | 331776 |     24 |    24 | 0.67 | 1.00 |         5.0 |     5.0 |     5.0 
   ajbdc-ckbad-jk | 331776 |     24 |    24 | 1.00 | 1.00 |         5.6 |     5.6 |     5.6 
 abcijk-ijma-mkbc |   9216 |   4096 |    24 | 1.00 | 1.00 |        29.3 |    29.3 |    29.3 
 abcijk-ijmb-mkac |   6144 |   6144 |    24 | 1.00 | 1.00 |        23.3 |    23.3 |    23.3 
 abcijk-ijmc-mkab |   6144 |   6144 |    24 | 1.00 | 0.75 |        39.3 |    39.3 |    39.3 
 abcijk-ikma-mjbc |   9216 |   4096 |    24 | 1.00 | 1.00 |        29.3 |    29.3 |    29.3 
 abcijk-ikmb-mjac |   6144 |   6144 |    24 | 1.00 | 1.00 |        23.3 |    23.3 |    23.3 
 abcijk-ikmc-mjab |   6144 |   6144 |    24 | 1.00 | 0.75 |        39.0 |    39.0 |    39.0 
 abcijk-jkma-mibc |   9216 |   4096 |    24 | 1.00 | 1.00 |        29.6 |    29.6 |    29.6 
 abcijk-jkmb-miac |   6144 |   6144 |    24 | 1.00 | 1.00 |        23.1 |    23.1 |    23.1 
 abcijk-jkmc-miab |   6144 |   6144 |    24 | 1.00 | 0.75 |        38.1 |    38.1 |    38.1 
 abcijk-eiab-jkec |   6144 |   6144 |    24 | 1.00 | 0.75 |        37.6 |    37.6 |    37.6 
 abcijk-eiac-jkeb |   6144 |   6144 |    24 | 1.00 | 1.00 |        23.1 |    23.1 |    23.1 
 abcijk-eibc-jkea |   4096 |   9216 |    24 | 1.00 | 1.00 |        29.6 |    29.6 |    29.6 
 abcijk-ejab-ikec |   6144 |   6144 |    24 | 1.00 | 0.75 |        39.1 |    39.1 |    39.1 
 abcijk-ejac-ikeb |   6144 |   6144 |    24 | 1.00 | 1.00 |        23.1 |    23.1 |    23.1 
 abcijk-ejbc-ikea |   4096 |   9216 |    24 | 1.00 | 1.00 |        29.3 |    29.3 |    29.3 
 abcijk-ekab-ijec |   6144 |   6144 |    24 | 1.00 | 0.75 |        39.3 |    39.3 |    39.3 
 abcijk-ekac-ijeb |   6144 |   6144 |    24 | 1.00 | 1.00 |        22.9 |    22.9 |    22.9 
 abcijk-ekbc-ijea |   4096 |   9216 |    24 | 1.00 | 1.00 |        29.3 |    29.3 |    29.3 
       abc-bk-akc |    216 |  44064 |   204 | 0.96 | 1.00 |        60.8 |    60.8 |    60.8 

=== c32 ===
             case |      m |      n |     k | regA | regB | planar GF/s | 1m GF/s | 3m GF/s 
------------------+--------+--------+-------+------+------+-------------+---------+---------
         ij-ik-kj |   2904 |   2896 |  2904 | 1.00 | 1.00 |        85.3 |    85.9 |    84.6 
       ij-ikl-ljk |    216 |    204 | 44064 | 1.00 | 1.00 |        70.1 |    65.7 |    64.5 
       ij-kil-lkj |    216 |    204 | 46656 | 1.00 | 1.00 |        72.4 |    74.1 |    73.0 
       ijk-ikl-lj |  44064 |    204 |   216 | 1.00 | 1.00 |        71.9 |    70.9 |    72.9 
       ijk-il-jlk |    216 |  44064 |   204 | 1.00 | 0.98 |        79.4 |    79.3 |    72.4 
       ijk-ilk-jl |  44064 |    216 |   204 | 1.00 | 1.00 |        77.6 |    73.3 |    72.4 
       ijk-ilk-lj |  44064 |    204 |   216 | 1.00 | 1.00 |        78.7 |    73.9 |    73.4 
     ijk-ilmk-mjl |   3744 |     52 |  3744 | 1.00 | 1.00 |        57.4 |    56.2 |    55.0 
   ijkl-imjn-lnkm |   3744 |   3744 |  2704 | 1.00 | 0.92 |        85.9 |    85.1 |    85.6 
   ijkl-imjn-nlmk |   3744 |   2704 |  3744 | 1.00 | 0.92 |        86.6 |    85.4 |    86.9 
   ijkl-imkn-jnlm |   3744 |   3744 |  2704 | 1.00 | 0.95 |        82.6 |    82.7 |    83.2 
   ijkl-imkn-njml |   3744 |   2704 |  3744 | 1.00 | 0.92 |        83.4 |    84.1 |    84.6 
   ijkl-imln-jnkm |   3744 |   3744 |  2704 | 1.00 | 0.95 |        82.3 |    82.6 |    83.2 
   ijkl-imln-njmk |   3744 |   2704 |  3744 | 1.00 | 0.92 |        83.8 |    84.4 |    85.2 
   ijkl-imnj-nlkm |   3744 |   2704 |  3744 | 1.00 | 0.92 |        86.4 |    86.5 |    87.3 
   ijkl-imnk-njml |   3744 |   2704 |  3744 | 1.00 | 0.92 |        83.6 |    84.5 |    85.0 
   ijkl-minj-nlmk |   3744 |   2704 |  5184 | 1.00 | 0.92 |        85.9 |    85.9 |    87.9 
   ijkl-mink-jnlm |   3744 |   3744 |  3744 | 1.00 | 0.95 |        83.3 |    84.2 |    85.4 
   ijkl-minl-njmk |   3744 |   2704 |  5184 | 1.00 | 0.92 |        83.0 |    84.1 |    85.6 
     aqrs-pa-pqrs |     72 | 140608 |    72 | 1.00 | 1.00 |        56.1 |    60.8 |    57.1 
     abrs-qb-aqrs |     52 | 194688 |    72 | 1.00 | 1.00 |        50.4 |    46.9 |    44.9 
     abcs-rc-abrs |     52 | 194688 |    72 | 1.00 | 1.00 |        48.7 |    49.1 |    46.2 
       abj-bka-kj |  46656 |    204 |   216 | 1.00 | 1.00 |        78.3 |    79.9 |    80.3 
       ajb-kba-jk |  44064 |    216 |   216 | 1.00 | 1.00 |        84.6 |    88.9 |    89.2 
     abjc-cbka-kj | 269568 |     52 |    72 | 1.00 | 1.00 |        27.7 |    20.3 |    24.0 
     ajbc-ckba-jk | 269568 |     72 |    52 | 1.00 | 1.00 |        44.2 |    39.0 |    41.8 
     abjc-kbac-jk | 194688 |     72 |    72 | 1.00 | 1.00 |        66.3 |    70.0 |    70.8 
   abjcd-dkbac-jk | 331776 |     24 |    24 | 1.00 | 1.00 |        15.2 |    11.8 |    13.3 
   adbjc-cbdka-kj | 331776 |     24 |    24 | 1.00 | 1.00 |        12.1 |     9.2 |    10.5 
   ajbdc-ckbad-jk | 331776 |     24 |    24 | 1.00 | 1.00 |        14.7 |    11.6 |    13.0 
 abcijk-ijma-mkbc |   9216 |   4096 |    24 | 1.00 | 0.99 |        50.9 |    57.6 |    50.7 
 abcijk-ijmb-mkac |   6144 |   6144 |    24 | 1.00 | 0.75 |        47.8 |    54.1 |    47.1 
 abcijk-ijmc-mkab |   6144 |   6144 |    24 | 1.00 | 0.75 |        53.0 |    60.5 |    51.4 
 abcijk-ikma-mjbc |   9216 |   4096 |    24 | 1.00 | 0.99 |        50.5 |    57.6 |    50.6 
 abcijk-ikmb-mjac |   6144 |   6144 |    24 | 1.00 | 0.75 |        47.6 |    53.9 |    47.4 
 abcijk-ikmc-mjab |   6144 |   6144 |    24 | 1.00 | 0.75 |        52.9 |    60.5 |    51.6 
 abcijk-jkma-mibc |   9216 |   4096 |    24 | 1.00 | 0.99 |        50.7 |    57.8 |    51.1 
 abcijk-jkmb-miac |   6144 |   6144 |    24 | 1.00 | 0.75 |        47.2 |    53.0 |    47.4 
 abcijk-jkmc-miab |   6144 |   6144 |    24 | 1.00 | 0.75 |        51.7 |    59.0 |    50.1 
 abcijk-eiab-jkec |   6144 |   6144 |    24 | 1.00 | 0.75 |        51.8 |    59.0 |    50.3 
 abcijk-eiac-jkeb |   6144 |   6144 |    24 | 1.00 | 0.75 |        47.3 |    53.2 |    47.6 
 abcijk-eibc-jkea |   4096 |   9216 |    24 | 1.00 | 0.99 |        50.7 |    57.7 |    51.0 
 abcijk-ejab-ikec |   6144 |   6144 |    24 | 1.00 | 0.75 |        53.1 |    60.7 |    51.8 
 abcijk-ejac-ikeb |   6144 |   6144 |    24 | 1.00 | 0.75 |        47.7 |    54.1 |    47.5 
 abcijk-ejbc-ikea |   4096 |   9216 |    24 | 1.00 | 0.99 |        50.7 |    57.8 |    50.8 
 abcijk-ekab-ijec |   6144 |   6144 |    24 | 1.00 | 0.75 |        53.1 |    60.8 |    51.8 
 abcijk-ekac-ijeb |   6144 |   6144 |    24 | 1.00 | 0.75 |        47.6 |    54.1 |    47.4 
 abcijk-ekbc-ijea |   4096 |   9216 |    24 | 1.00 | 0.99 |        50.7 |    57.8 |    50.8 
       abc-bk-akc |    216 |  44064 |   204 | 1.00 | 1.00 |        78.4 |    75.5 |    75.7 

=== complex efficiency ratio (c32 GF/s over f32 GF/s; 1.0 = no penalty) ===
             case | planar c32/f32 | 1m c32/f32 | 3m c32/f32 
------------------+----------------+------------+------------
         ij-ik-kj |          1.031 |      1.038 |      1.023 
       ij-ikl-ljk |          1.555 |      1.458 |      1.432 
       ij-kil-lkj |          1.366 |      1.397 |      1.377 
       ijk-ikl-lj |          1.176 |      1.160 |      1.192 
       ijk-il-jlk |          1.212 |      1.209 |      1.104 
       ijk-ilk-jl |          1.307 |      1.235 |      1.221 
       ijk-ilk-lj |          1.373 |      1.290 |      1.281 
     ijk-ilmk-mjl |          1.618 |      1.584 |      1.551 
   ijkl-imjn-lnkm |          1.043 |      1.033 |      1.039 
   ijkl-imjn-nlmk |          1.056 |      1.042 |      1.060 
   ijkl-imkn-jnlm |          1.064 |      1.066 |      1.072 
   ijkl-imkn-njml |          1.078 |      1.086 |      1.093 
   ijkl-imln-jnkm |          1.054 |      1.057 |      1.065 
   ijkl-imln-njmk |          1.073 |      1.081 |      1.091 
   ijkl-imnj-nlkm |          1.058 |      1.060 |      1.070 
   ijkl-imnk-njml |          1.084 |      1.094 |      1.102 
   ijkl-minj-nlmk |          1.051 |      1.051 |      1.076 
   ijkl-mink-jnlm |          1.046 |      1.057 |      1.072 
   ijkl-minl-njmk |          1.059 |      1.073 |      1.093 
     aqrs-pa-pqrs |          1.287 |      1.396 |      1.312 
     abrs-qb-aqrs |          1.317 |      1.225 |      1.173 
     abcs-rc-abrs |          1.385 |      1.395 |      1.313 
       abj-bka-kj |          1.174 |      1.199 |      1.205 
       ajb-kba-jk |          1.093 |      1.150 |      1.153 
     abjc-cbka-kj |          1.832 |      1.344 |      1.592 
     ajbc-ckba-jk |          1.415 |      1.251 |      1.339 
     abjc-kbac-jk |          1.265 |      1.336 |      1.352 
   abjcd-dkbac-jk |          2.027 |      1.574 |      1.780 
   adbjc-cbdka-kj |          2.438 |      1.860 |      2.122 
   ajbdc-ckbad-jk |          2.626 |      2.076 |      2.325 
 abcijk-ijma-mkbc |          1.735 |      1.966 |      1.729 
 abcijk-ijmb-mkac |          2.047 |      2.320 |      2.020 
 abcijk-ijmc-mkab |          1.349 |      1.541 |      1.310 
 abcijk-ikma-mjbc |          1.727 |      1.969 |      1.731 
 abcijk-ikmb-mjac |          2.049 |      2.316 |      2.038 
 abcijk-ikmc-mjab |          1.355 |      1.552 |      1.322 
 abcijk-jkma-mibc |          1.716 |      1.953 |      1.728 
 abcijk-jkmb-miac |          2.045 |      2.298 |      2.052 
 abcijk-jkmc-miab |          1.357 |      1.547 |      1.315 
 abcijk-eiab-jkec |          1.375 |      1.568 |      1.336 
 abcijk-eiac-jkeb |          2.049 |      2.305 |      2.061 
 abcijk-eibc-jkea |          1.715 |      1.952 |      1.724 
 abcijk-ejab-ikec |          1.358 |      1.554 |      1.326 
 abcijk-ejac-ikeb |          2.069 |      2.346 |      2.062 
 abcijk-ejbc-ikea |          1.733 |      1.973 |      1.737 
 abcijk-ekab-ijec |          1.352 |      1.547 |      1.318 
 abcijk-ekac-ijeb |          2.076 |      2.357 |      2.064 
 abcijk-ekbc-ijea |          1.729 |      1.970 |      1.734 
       abc-bk-akc |          1.291 |      1.242 |      1.245 
             MEAN |          1.475 |      1.513 |      1.439 

wrote bench-results/worker5178-zen2/phase4f/th-t1b-f32c32.csv
