host        : worker5178
target      : x86_64 / linux
cpu features: avx2 fma 
caches      : L1=32KiB/8-way/1sh L2=512KiB/8-way/1sh L3=16384KiB/16-way/4sh (via sysfs), blocking=legacy
l3 domains  : t1=1
baselines   : tblis=false blas=false

sweeping 49 cases at 64 MiB nominal tensor size, 3 reps, stress=none


=== f64 ===
             case |      m |      n |     k | regA | regB | planar GF/s | 1m GF/s | 3m GF/s 
------------------+--------+--------+-------+------+------+-------------+---------+---------
         ij-ik-kj |   2904 |   2896 |  2904 | 1.00 | 1.00 |        41.3 |    41.3 |    41.3 
       ij-ikl-ljk |    216 |    204 | 44064 | 1.00 | 1.00 |        33.4 |    33.4 |    33.4 
       ij-kil-lkj |    216 |    204 | 46656 | 1.00 | 1.00 |        32.8 |    32.8 |    32.8 
       ijk-ikl-lj |  44064 |    204 |   216 | 1.00 | 1.00 |        35.3 |    35.3 |    35.3 
       ijk-il-jlk |    216 |  44064 |   204 | 1.00 | 1.00 |        36.0 |    36.0 |    36.0 
       ijk-ilk-jl |  44064 |    216 |   204 | 1.00 | 1.00 |        40.4 |    40.4 |    40.4 
       ijk-ilk-lj |  44064 |    204 |   216 | 1.00 | 1.00 |        40.6 |    40.6 |    40.6 
     ijk-ilmk-mjl |   3744 |     52 |  3744 | 1.00 | 1.00 |        30.5 |    30.5 |    30.5 
   ijkl-imjn-lnkm |   3744 |   3744 |  2704 | 1.00 | 0.92 |        42.3 |    42.3 |    42.3 
   ijkl-imjn-nlmk |   3744 |   2704 |  3744 | 1.00 | 0.92 |        42.2 |    42.2 |    42.2 
   ijkl-imkn-jnlm |   3744 |   3744 |  2704 | 1.00 | 1.00 |        40.8 |    40.8 |    40.8 
   ijkl-imkn-njml |   3744 |   2704 |  3744 | 1.00 | 0.92 |        40.8 |    40.8 |    40.8 
   ijkl-imln-jnkm |   3744 |   3744 |  2704 | 1.00 | 1.00 |        40.8 |    40.8 |    40.8 
   ijkl-imln-njmk |   3744 |   2704 |  3744 | 1.00 | 0.92 |        40.9 |    40.9 |    40.9 
   ijkl-imnj-nlkm |   3744 |   2704 |  3744 | 1.00 | 0.92 |        42.3 |    42.3 |    42.3 
   ijkl-imnk-njml |   3744 |   2704 |  3744 | 1.00 | 0.92 |        40.9 |    40.9 |    40.9 
   ijkl-minj-nlmk |   3744 |   2704 |  5184 | 1.00 | 0.92 |        41.5 |    41.5 |    41.5 
   ijkl-mink-jnlm |   3744 |   3744 |  3744 | 1.00 | 1.00 |        40.2 |    40.2 |    40.2 
   ijkl-minl-njmk |   3744 |   2704 |  5184 | 1.00 | 0.92 |        40.1 |    40.1 |    40.1 
     aqrs-pa-pqrs |     72 | 140608 |    72 | 1.00 | 1.00 |        24.7 |    24.7 |    24.7 
     abrs-qb-aqrs |     52 | 194688 |    72 | 1.00 | 1.00 |        24.8 |    24.8 |    24.8 
     abcs-rc-abrs |     52 | 194688 |    72 | 1.00 | 1.00 |        25.7 |    25.7 |    25.7 
       abj-bka-kj |  46656 |    204 |   216 | 1.00 | 1.00 |        36.5 |    36.5 |    36.5 
       ajb-kba-jk |  44064 |    216 |   216 | 1.00 | 1.00 |        41.1 |    41.1 |    41.1 
     abjc-cbka-kj | 269568 |     52 |    72 | 1.00 | 1.00 |        12.6 |    12.6 |    12.6 
     ajbc-ckba-jk | 269568 |     72 |    52 | 1.00 | 1.00 |        19.1 |    19.1 |    19.1 
     abjc-kbac-jk | 194688 |     72 |    72 | 1.00 | 1.00 |        31.5 |    31.5 |    31.5 
   abjcd-dkbac-jk | 331776 |     24 |    24 | 1.00 | 1.00 |         5.9 |     5.9 |     5.9 
   adbjc-cbdka-kj | 331776 |     24 |    24 | 1.00 | 1.00 |         4.8 |     4.8 |     4.8 
   ajbdc-ckbad-jk | 331776 |     24 |    24 | 1.00 | 1.00 |         5.7 |     5.7 |     5.7 
 abcijk-ijma-mkbc |   9216 |   4096 |    24 | 1.00 | 0.99 |        22.1 |    22.1 |    22.1 
 abcijk-ijmb-mkac |   6144 |   6144 |    24 | 1.00 | 0.75 |        20.1 |    20.1 |    20.1 
 abcijk-ijmc-mkab |   6144 |   6144 |    24 | 1.00 | 0.75 |        24.4 |    24.4 |    24.4 
 abcijk-ikma-mjbc |   9216 |   4096 |    24 | 1.00 | 0.99 |        22.1 |    22.1 |    22.1 
 abcijk-ikmb-mjac |   6144 |   6144 |    24 | 1.00 | 0.75 |        20.0 |    20.0 |    20.0 
 abcijk-ikmc-mjab |   6144 |   6144 |    24 | 1.00 | 0.75 |        24.2 |    24.2 |    24.2 
 abcijk-jkma-mibc |   9216 |   4096 |    24 | 1.00 | 0.99 |        22.5 |    22.5 |    22.5 
 abcijk-jkmb-miac |   6144 |   6144 |    24 | 1.00 | 0.75 |        19.5 |    19.5 |    19.5 
 abcijk-jkmc-miab |   6144 |   6144 |    24 | 1.00 | 0.75 |        22.6 |    22.6 |    22.6 
 abcijk-eiab-jkec |   6144 |   6144 |    24 | 1.00 | 0.75 |        22.6 |    22.6 |    22.6 
 abcijk-eiac-jkeb |   6144 |   6144 |    24 | 1.00 | 0.75 |        19.5 |    19.5 |    19.5 
 abcijk-eibc-jkea |   4096 |   9216 |    24 | 1.00 | 0.99 |        22.5 |    22.5 |    22.5 
 abcijk-ejab-ikec |   6144 |   6144 |    24 | 1.00 | 0.75 |        24.2 |    24.2 |    24.2 
 abcijk-ejac-ikeb |   6144 |   6144 |    24 | 1.00 | 0.75 |        20.0 |    20.0 |    20.0 
 abcijk-ejbc-ikea |   4096 |   9216 |    24 | 1.00 | 0.99 |        22.1 |    22.1 |    22.1 
 abcijk-ekab-ijec |   6144 |   6144 |    24 | 1.00 | 0.75 |        24.2 |    24.2 |    24.2 
 abcijk-ekac-ijeb |   6144 |   6144 |    24 | 1.00 | 0.75 |        19.9 |    19.9 |    19.9 
 abcijk-ekbc-ijea |   4096 |   9216 |    24 | 1.00 | 0.99 |        22.2 |    22.2 |    22.2 
       abc-bk-akc |    216 |  44064 |   204 | 1.00 | 1.00 |        39.6 |    39.6 |    39.6 

=== c64 ===
             case |      m |      n |     k | regA | regB | planar GF/s | 1m GF/s | 3m GF/s 
------------------+--------+--------+-------+------+------+-------------+---------+---------
         ij-ik-kj |   2904 |   2896 |  2904 | 1.00 | 1.00 |        43.0 |    43.6 |    42.5 
       ij-ikl-ljk |    216 |    204 | 44064 | 1.00 | 1.00 |        38.9 |    41.4 |    37.0 
       ij-kil-lkj |    216 |    204 | 46656 | 1.00 | 1.00 |        39.5 |    41.0 |    40.1 
       ijk-ikl-lj |  44064 |    204 |   216 | 1.00 | 1.00 |        40.3 |    39.8 |    39.9 
       ijk-il-jlk |    216 |  44064 |   204 | 1.00 | 0.98 |        42.5 |    44.8 |    40.6 
       ijk-ilk-jl |  44064 |    216 |   204 | 1.00 | 1.00 |        42.9 |    46.2 |    41.2 
       ijk-ilk-lj |  44064 |    204 |   216 | 1.00 | 1.00 |        43.6 |    46.3 |    41.1 
     ijk-ilmk-mjl |   3744 |     52 |  3744 | 1.00 | 1.00 |        34.5 |    36.6 |    30.2 
   ijkl-imjn-lnkm |   3744 |   3744 |  2704 | 1.00 | 0.92 |        44.2 |    46.0 |    43.1 
   ijkl-imjn-nlmk |   3744 |   2704 |  3744 | 1.00 | 0.92 |        44.0 |    45.7 |    43.0 
   ijkl-imkn-jnlm |   3744 |   3744 |  2704 | 1.00 | 0.95 |        43.4 |    44.9 |    41.6 
   ijkl-imkn-njml |   3744 |   2704 |  3744 | 1.00 | 0.92 |        43.4 |    44.8 |    41.6 
   ijkl-imln-jnkm |   3744 |   3744 |  2704 | 1.00 | 0.95 |        43.4 |    44.9 |    41.6 
   ijkl-imln-njmk |   3744 |   2704 |  3744 | 1.00 | 0.92 |        43.4 |    44.8 |    41.6 
   ijkl-imnj-nlkm |   3744 |   2704 |  3744 | 1.00 | 0.92 |        44.2 |    46.0 |    43.1 
   ijkl-imnk-njml |   3744 |   2704 |  3744 | 1.00 | 0.92 |        43.5 |    44.9 |    41.6 
   ijkl-minj-nlmk |   3744 |   2704 |  5184 | 1.00 | 0.92 |        43.8 |    45.4 |    44.1 
   ijkl-mink-jnlm |   3744 |   3744 |  3744 | 1.00 | 0.95 |        43.2 |    44.5 |    42.6 
   ijkl-minl-njmk |   3744 |   2704 |  5184 | 1.00 | 0.92 |        43.1 |    44.2 |    42.6 
     aqrs-pa-pqrs |     72 | 140608 |    72 | 1.00 | 1.00 |        33.1 |    35.5 |    33.0 
     abrs-qb-aqrs |     52 | 194688 |    72 | 1.00 | 1.00 |        30.5 |    33.3 |    29.0 
     abcs-rc-abrs |     52 | 194688 |    72 | 1.00 | 1.00 |        29.7 |    33.4 |    32.2 
       abj-bka-kj |  46656 |    204 |   216 | 1.00 | 1.00 |        42.1 |    42.1 |    42.6 
       ajb-kba-jk |  44064 |    216 |   216 | 1.00 | 1.00 |        44.1 |    46.2 |    45.0 
     abjc-cbka-kj | 269568 |     52 |    72 | 1.00 | 1.00 |        20.9 |    18.8 |    21.3 
     ajbc-ckba-jk | 269568 |     72 |    52 | 1.00 | 1.00 |        22.6 |    21.2 |    22.5 
     abjc-kbac-jk | 194688 |     72 |    72 | 1.00 | 1.00 |        35.9 |    39.1 |    38.5 
   abjcd-dkbac-jk | 331776 |     24 |    24 | 1.00 | 1.00 |        12.4 |    11.4 |    12.1 
   adbjc-cbdka-kj | 331776 |     24 |    24 | 1.00 | 1.00 |        11.1 |    10.2 |    10.9 
   ajbdc-ckbad-jk | 331776 |     24 |    24 | 1.00 | 1.00 |        11.9 |    10.8 |    11.6 
 abcijk-ijma-mkbc |   9216 |   4096 |    24 | 1.00 | 0.99 |        27.0 |    30.0 |    26.9 
 abcijk-ijmb-mkac |   6144 |   6144 |    24 | 1.00 | 0.75 |        27.0 |    30.0 |    26.5 
 abcijk-ijmc-mkab |   6144 |   6144 |    24 | 1.00 | 0.75 |        29.7 |    33.7 |    29.2 
 abcijk-ikma-mjbc |   9216 |   4096 |    24 | 1.00 | 0.99 |        26.9 |    30.0 |    26.9 
 abcijk-ikmb-mjac |   6144 |   6144 |    24 | 1.00 | 0.75 |        27.0 |    29.9 |    26.6 
 abcijk-ikmc-mjab |   6144 |   6144 |    24 | 1.00 | 0.75 |        29.7 |    33.7 |    29.2 
 abcijk-jkma-mibc |   9216 |   4096 |    24 | 1.00 | 0.99 |        26.9 |    30.0 |    27.0 
 abcijk-jkmb-miac |   6144 |   6144 |    24 | 1.00 | 0.75 |        26.5 |    28.6 |    26.4 
 abcijk-jkmc-miab |   6144 |   6144 |    24 | 1.00 | 0.75 |        28.7 |    30.6 |    28.7 
 abcijk-eiab-jkec |   6144 |   6144 |    24 | 1.00 | 0.75 |        28.7 |    30.5 |    28.6 
 abcijk-eiac-jkeb |   6144 |   6144 |    24 | 1.00 | 0.75 |        26.4 |    28.5 |    26.3 
 abcijk-eibc-jkea |   4096 |   9216 |    24 | 1.00 | 0.99 |        26.9 |    30.0 |    27.0 
 abcijk-ejab-ikec |   6144 |   6144 |    24 | 1.00 | 0.75 |        29.7 |    33.7 |    29.1 
 abcijk-ejac-ikeb |   6144 |   6144 |    24 | 1.00 | 0.75 |        26.9 |    29.9 |    26.5 
 abcijk-ejbc-ikea |   4096 |   9216 |    24 | 1.00 | 0.99 |        26.9 |    30.0 |    27.0 
 abcijk-ekab-ijec |   6144 |   6144 |    24 | 1.00 | 0.75 |        29.7 |    33.7 |    29.1 
 abcijk-ekac-ijeb |   6144 |   6144 |    24 | 1.00 | 0.75 |        26.9 |    29.9 |    26.4 
 abcijk-ekbc-ijea |   4096 |   9216 |    24 | 1.00 | 0.99 |        26.9 |    30.0 |    26.9 
       abc-bk-akc |    216 |  44064 |   204 | 1.00 | 1.00 |        42.9 |    46.1 |    41.0 

=== complex efficiency ratio (c64 GF/s over f64 GF/s; 1.0 = no penalty) ===
             case | planar c64/f64 | 1m c64/f64 | 3m c64/f64 
------------------+----------------+------------+------------
         ij-ik-kj |          1.043 |      1.057 |      1.030 
       ij-ikl-ljk |          1.165 |      1.238 |      1.108 
       ij-kil-lkj |          1.202 |      1.249 |      1.221 
       ijk-ikl-lj |          1.143 |      1.129 |      1.130 
       ijk-il-jlk |          1.178 |      1.242 |      1.125 
       ijk-ilk-jl |          1.062 |      1.144 |      1.021 
       ijk-ilk-lj |          1.074 |      1.140 |      1.014 
     ijk-ilmk-mjl |          1.130 |      1.199 |      0.989 
   ijkl-imjn-lnkm |          1.045 |      1.087 |      1.018 
   ijkl-imjn-nlmk |          1.044 |      1.084 |      1.019 
   ijkl-imkn-jnlm |          1.063 |      1.099 |      1.019 
   ijkl-imkn-njml |          1.064 |      1.098 |      1.018 
   ijkl-imln-jnkm |          1.065 |      1.102 |      1.020 
   ijkl-imln-njmk |          1.062 |      1.096 |      1.017 
   ijkl-imnj-nlkm |          1.043 |      1.086 |      1.019 
   ijkl-imnk-njml |          1.064 |      1.098 |      1.017 
   ijkl-minj-nlmk |          1.055 |      1.092 |      1.063 
   ijkl-mink-jnlm |          1.074 |      1.107 |      1.060 
   ijkl-minl-njmk |          1.075 |      1.102 |      1.060 
     aqrs-pa-pqrs |          1.340 |      1.437 |      1.337 
     abrs-qb-aqrs |          1.230 |      1.342 |      1.170 
     abcs-rc-abrs |          1.156 |      1.301 |      1.253 
       abj-bka-kj |          1.153 |      1.152 |      1.166 
       ajb-kba-jk |          1.073 |      1.124 |      1.095 
     abjc-cbka-kj |          1.667 |      1.499 |      1.692 
     ajbc-ckba-jk |          1.184 |      1.113 |      1.180 
     abjc-kbac-jk |          1.138 |      1.239 |      1.222 
   abjcd-dkbac-jk |          2.101 |      1.929 |      2.055 
   adbjc-cbdka-kj |          2.308 |      2.105 |      2.256 
   ajbdc-ckbad-jk |          2.099 |      1.920 |      2.055 
 abcijk-ijma-mkbc |          1.218 |      1.354 |      1.215 
 abcijk-ijmb-mkac |          1.348 |      1.494 |      1.321 
 abcijk-ijmc-mkab |          1.220 |      1.383 |      1.198 
 abcijk-ikma-mjbc |          1.219 |      1.359 |      1.218 
 abcijk-ikmb-mjac |          1.351 |      1.497 |      1.330 
 abcijk-ikmc-mjab |          1.224 |      1.392 |      1.205 
 abcijk-jkma-mibc |          1.196 |      1.333 |      1.199 
 abcijk-jkmb-miac |          1.357 |      1.463 |      1.350 
 abcijk-jkmc-miab |          1.271 |      1.354 |      1.270 
 abcijk-eiab-jkec |          1.268 |      1.352 |      1.267 
 abcijk-eiac-jkeb |          1.351 |      1.461 |      1.345 
 abcijk-eibc-jkea |          1.196 |      1.335 |      1.199 
 abcijk-ejab-ikec |          1.227 |      1.392 |      1.202 
 abcijk-ejac-ikeb |          1.350 |      1.500 |      1.326 
 abcijk-ejbc-ikea |          1.217 |      1.357 |      1.219 
 abcijk-ekab-ijec |          1.224 |      1.392 |      1.199 
 abcijk-ekac-ijeb |          1.350 |      1.499 |      1.324 
 abcijk-ekbc-ijea |          1.215 |      1.353 |      1.215 
       abc-bk-akc |          1.083 |      1.165 |      1.034 
             MEAN |          1.245 |      1.307 |      1.226 

wrote bench-results/worker5178-zen2/phase4f/th-t1-f64c64.csv
