host        : worker5178
target      : x86_64 / linux
cpu features: avx2 fma 
caches      : L1=32KiB/8-way/1sh L2=512KiB/8-way/1sh L3=16384KiB/16-way/4sh (via sysfs), blocking=legacy
l3 domains  : t1=1 t4=1 t8=2 t16=4 t32=8
baselines   : tblis=false blas=false

sweeping 49 cases at 64 MiB nominal tensor size, 3 reps, stress=none


=== f32 ===
             case |      m |      n |     k | regA | regB | planar GF/s | 1m GF/s | 3m GF/s 
------------------+--------+--------+-------+------+------+-------------+---------+---------
         ij-ik-kj |   2904 |   2896 |  2904 | 1.00 | 1.00 |       534.3 |   534.3 |   534.3 
       ij-ikl-ljk |    216 |    204 | 44064 | 1.00 | 1.00 |       227.3 |   227.3 |   227.3 
       ij-kil-lkj |    216 |    204 | 46656 | 1.00 | 1.00 |       245.2 |   245.2 |   245.2 
       ijk-ikl-lj |  44064 |    204 |   216 | 1.00 | 1.00 |       495.5 |   495.5 |   495.5 
       ijk-il-jlk |    216 |  44064 |   204 | 1.00 | 1.00 |       513.9 |   513.9 |   513.9 
       ijk-ilk-jl |  44064 |    216 |   204 | 0.96 | 1.00 |       465.7 |   465.7 |   465.7 
       ijk-ilk-lj |  44064 |    204 |   216 | 0.96 | 1.00 |       483.4 |   483.4 |   483.4 
     ijk-ilmk-mjl |   3744 |     52 |  3744 | 0.89 | 1.00 |       179.8 |   179.8 |   179.8 
   ijkl-imjn-lnkm |   3744 |   3744 |  2704 | 0.89 | 0.92 |       719.4 |   719.4 |   719.4 
   ijkl-imjn-nlmk |   3744 |   2704 |  3744 | 0.89 | 0.92 |       666.8 |   666.8 |   666.8 
   ijkl-imkn-jnlm |   3744 |   3744 |  2704 | 0.89 | 1.00 |       701.5 |   701.5 |   701.5 
   ijkl-imkn-njml |   3744 |   2704 |  3744 | 0.89 | 0.92 |       767.5 |   767.5 |   767.5 
   ijkl-imln-jnkm |   3744 |   3744 |  2704 | 0.89 | 1.00 |       653.0 |   653.0 |   653.0 
   ijkl-imln-njmk |   3744 |   2704 |  3744 | 0.89 | 0.92 |       852.2 |   852.2 |   852.2 
   ijkl-imnj-nlkm |   3744 |   2704 |  3744 | 0.89 | 0.92 |       682.6 |   682.6 |   682.6 
   ijkl-imnk-njml |   3744 |   2704 |  3744 | 0.89 | 0.92 |       833.4 |   833.4 |   833.4 
   ijkl-minj-nlmk |   3744 |   2704 |  5184 | 0.89 | 0.92 |       800.8 |   800.8 |   800.8 
   ijkl-mink-jnlm |   3744 |   3744 |  3744 | 0.89 | 1.00 |       893.5 |   893.5 |   893.5 
   ijkl-minl-njmk |   3744 |   2704 |  5184 | 0.89 | 0.92 |       985.5 |   985.5 |   985.5 
     aqrs-pa-pqrs |     72 | 140608 |    72 | 1.00 | 1.00 |       384.7 |   384.7 |   384.7 
     abrs-qb-aqrs |     52 | 194688 |    72 | 0.89 | 1.00 |       235.0 |   235.0 |   235.0 
     abcs-rc-abrs |     52 | 194688 |    72 | 1.00 | 1.00 |       176.7 |   176.7 |   176.7 
       abj-bka-kj |  46656 |    204 |   216 | 0.96 | 1.00 |       404.7 |   404.7 |   404.7 
       ajb-kba-jk |  44064 |    216 |   216 | 0.96 | 1.00 |       560.7 |   560.7 |   560.7 
     abjc-cbka-kj | 269568 |     52 |    72 | 0.89 | 1.00 |        44.3 |    44.3 |    44.3 
     ajbc-ckba-jk | 269568 |     72 |    52 | 0.89 | 1.00 |        64.8 |    64.8 |    64.8 
     abjc-kbac-jk | 194688 |     72 |    72 | 0.89 | 1.00 |       307.2 |   307.2 |   307.2 
   abjcd-dkbac-jk | 331776 |     24 |    24 | 0.67 | 1.00 |        28.5 |    28.5 |    28.5 
   adbjc-cbdka-kj | 331776 |     24 |    24 | 0.67 | 1.00 |        28.1 |    28.1 |    28.1 
   ajbdc-ckbad-jk | 331776 |     24 |    24 | 1.00 | 1.00 |        26.5 |    26.5 |    26.5 
 abcijk-ijma-mkbc |   9216 |   4096 |    24 | 1.00 | 1.00 |       207.7 |   207.7 |   207.7 
 abcijk-ijmb-mkac |   6144 |   6144 |    24 | 1.00 | 1.00 |       210.2 |   210.2 |   210.2 
 abcijk-ijmc-mkab |   6144 |   6144 |    24 | 1.00 | 0.75 |       214.0 |   214.0 |   214.0 
 abcijk-ikma-mjbc |   9216 |   4096 |    24 | 1.00 | 1.00 |       211.0 |   211.0 |   211.0 
 abcijk-ikmb-mjac |   6144 |   6144 |    24 | 1.00 | 1.00 |       209.1 |   209.1 |   209.1 
 abcijk-ikmc-mjab |   6144 |   6144 |    24 | 1.00 | 0.75 |       209.3 |   209.3 |   209.3 
 abcijk-jkma-mibc |   9216 |   4096 |    24 | 1.00 | 1.00 |       205.8 |   205.8 |   205.8 
 abcijk-jkmb-miac |   6144 |   6144 |    24 | 1.00 | 1.00 |       199.5 |   199.5 |   199.5 
 abcijk-jkmc-miab |   6144 |   6144 |    24 | 1.00 | 0.75 |       211.0 |   211.0 |   211.0 
 abcijk-eiab-jkec |   6144 |   6144 |    24 | 1.00 | 0.75 |       210.5 |   210.5 |   210.5 
 abcijk-eiac-jkeb |   6144 |   6144 |    24 | 1.00 | 1.00 |       210.6 |   210.6 |   210.6 
 abcijk-eibc-jkea |   4096 |   9216 |    24 | 1.00 | 1.00 |       207.5 |   207.5 |   207.5 
 abcijk-ejab-ikec |   6144 |   6144 |    24 | 1.00 | 0.75 |       210.3 |   210.3 |   210.3 
 abcijk-ejac-ikeb |   6144 |   6144 |    24 | 1.00 | 1.00 |       211.1 |   211.1 |   211.1 
 abcijk-ejbc-ikea |   4096 |   9216 |    24 | 1.00 | 1.00 |       210.8 |   210.8 |   210.8 
 abcijk-ekab-ijec |   6144 |   6144 |    24 | 1.00 | 0.75 |       218.2 |   218.2 |   218.2 
 abcijk-ekac-ijeb |   6144 |   6144 |    24 | 1.00 | 1.00 |       214.8 |   214.8 |   214.8 
 abcijk-ekbc-ijea |   4096 |   9216 |    24 | 1.00 | 1.00 |       207.9 |   207.9 |   207.9 
       abc-bk-akc |    216 |  44064 |   204 | 0.96 | 1.00 |       420.1 |   420.1 |   420.1 

=== c32 ===
             case |      m |      n |     k | regA | regB | planar GF/s | 1m GF/s | 3m GF/s 
------------------+--------+--------+-------+------+------+-------------+---------+---------
         ij-ik-kj |   2904 |   2896 |  2904 | 1.00 | 1.00 |       924.7 |   948.5 |   949.4 
       ij-ikl-ljk |    216 |    204 | 44064 | 1.00 | 1.00 |       296.1 |   418.8 |   366.1 
       ij-kil-lkj |    216 |    204 | 46656 | 1.00 | 1.00 |       435.4 |   483.7 |   413.6 
       ijk-ikl-lj |  44064 |    204 |   216 | 1.00 | 1.00 |       647.7 |   751.7 |   716.9 
       ijk-il-jlk |    216 |  44064 |   204 | 1.00 | 0.98 |       454.5 |   361.3 |   335.9 
       ijk-ilk-jl |  44064 |    216 |   204 | 1.00 | 1.00 |       755.8 |   741.7 |   729.2 
       ijk-ilk-lj |  44064 |    204 |   216 | 1.00 | 1.00 |       728.0 |   735.3 |   695.6 
     ijk-ilmk-mjl |   3744 |     52 |  3744 | 1.00 | 1.00 |       344.0 |   297.2 |   280.1 
   ijkl-imjn-lnkm |   3744 |   3744 |  2704 | 1.00 | 0.92 |      1052.3 |   996.4 |  1004.1 
   ijkl-imjn-nlmk |   3744 |   2704 |  3744 | 1.00 | 0.92 |       983.9 |  1029.2 |  1059.4 
   ijkl-imkn-jnlm |   3744 |   3744 |  2704 | 1.00 | 0.95 |      1054.2 |  1113.6 |  1089.7 
   ijkl-imkn-njml |   3744 |   2704 |  3744 | 1.00 | 0.92 |      1060.5 |  1040.1 |  1065.4 
   ijkl-imln-jnkm |   3744 |   3744 |  2704 | 1.00 | 0.95 |      1086.2 |  1043.5 |  1010.4 
   ijkl-imln-njmk |   3744 |   2704 |  3744 | 1.00 | 0.92 |      1142.0 |  1041.4 |  1118.3 
   ijkl-imnj-nlkm |   3744 |   2704 |  3744 | 1.00 | 0.92 |      1040.5 |  1036.6 |   999.2 
   ijkl-imnk-njml |   3744 |   2704 |  3744 | 1.00 | 0.92 |      1083.7 |  1077.4 |  1057.3 
   ijkl-minj-nlmk |   3744 |   2704 |  5184 | 1.00 | 0.92 |      1046.9 |  1045.7 |  1018.3 
   ijkl-mink-jnlm |   3744 |   3744 |  3744 | 1.00 | 0.95 |      1164.1 |  1194.7 |  1062.6 
   ijkl-minl-njmk |   3744 |   2704 |  5184 | 1.00 | 0.92 |      1007.8 |  1112.2 |  1056.6 
     aqrs-pa-pqrs |     72 | 140608 |    72 | 1.00 | 1.00 |       659.6 |   668.5 |   622.8 
     abrs-qb-aqrs |     52 | 194688 |    72 | 1.00 | 1.00 |       365.5 |   362.8 |   356.3 
     abcs-rc-abrs |     52 | 194688 |    72 | 1.00 | 1.00 |       379.2 |   381.8 |   375.6 
       abj-bka-kj |  46656 |    204 |   216 | 1.00 | 1.00 |       569.1 |   583.2 |   586.6 
       ajb-kba-jk |  44064 |    216 |   216 | 1.00 | 1.00 |       799.7 |   862.5 |   844.1 
     abjc-cbka-kj | 269568 |     52 |    72 | 1.00 | 1.00 |       142.5 |   136.6 |   136.4 
     ajbc-ckba-jk | 269568 |     72 |    52 | 1.00 | 1.00 |       179.0 |   173.0 |    98.9 
     abjc-kbac-jk | 194688 |     72 |    72 | 1.00 | 1.00 |       500.4 |   593.3 |   598.6 
   abjcd-dkbac-jk | 331776 |     24 |    24 | 1.00 | 1.00 |        75.5 |    65.4 |    69.4 
   adbjc-cbdka-kj | 331776 |     24 |    24 | 1.00 | 1.00 |        65.6 |    68.3 |    69.8 
   ajbdc-ckbad-jk | 331776 |     24 |    24 | 1.00 | 1.00 |        74.7 |    72.7 |    69.6 
 abcijk-ijma-mkbc |   9216 |   4096 |    24 | 1.00 | 0.99 |       385.8 |   393.1 |   363.4 
 abcijk-ijmb-mkac |   6144 |   6144 |    24 | 1.00 | 0.75 |       409.7 |   405.4 |   386.5 
 abcijk-ijmc-mkab |   6144 |   6144 |    24 | 1.00 | 0.75 |       418.0 |   416.4 |   428.3 
 abcijk-ikma-mjbc |   9216 |   4096 |    24 | 1.00 | 0.99 |       394.3 |   395.8 |   364.7 
 abcijk-ikmb-mjac |   6144 |   6144 |    24 | 1.00 | 0.75 |       404.2 |   402.0 |   376.1 
 abcijk-ikmc-mjab |   6144 |   6144 |    24 | 1.00 | 0.75 |       413.4 |   412.6 |   419.0 
 abcijk-jkma-mibc |   9216 |   4096 |    24 | 1.00 | 0.99 |       403.6 |   400.7 |   378.5 
 abcijk-jkmb-miac |   6144 |   6144 |    24 | 1.00 | 0.75 |       409.8 |   401.8 |   380.8 
 abcijk-jkmc-miab |   6144 |   6144 |    24 | 1.00 | 0.75 |       417.8 |   414.5 |   424.0 
 abcijk-eiab-jkec |   6144 |   6144 |    24 | 1.00 | 0.75 |       417.5 |   415.6 |   419.8 
 abcijk-eiac-jkeb |   6144 |   6144 |    24 | 1.00 | 0.75 |       406.5 |   404.6 |   345.7 
 abcijk-eibc-jkea |   4096 |   9216 |    24 | 1.00 | 0.99 |       406.7 |   402.1 |   380.1 
 abcijk-ejab-ikec |   6144 |   6144 |    24 | 1.00 | 0.75 |       413.5 |   412.7 |   423.0 
 abcijk-ejac-ikeb |   6144 |   6144 |    24 | 1.00 | 0.75 |       404.7 |   399.2 |   378.2 
 abcijk-ejbc-ikea |   4096 |   9216 |    24 | 1.00 | 0.99 |       394.4 |   394.0 |   375.6 
 abcijk-ekab-ijec |   6144 |   6144 |    24 | 1.00 | 0.75 |       419.4 |   419.6 |   429.8 
 abcijk-ekac-ijeb |   6144 |   6144 |    24 | 1.00 | 0.75 |       414.3 |   408.5 |   385.3 
 abcijk-ekbc-ijea |   4096 |   9216 |    24 | 1.00 | 0.99 |       393.4 |   391.5 |   365.2 
       abc-bk-akc |    216 |  44064 |   204 | 1.00 | 1.00 |       737.7 |   756.6 |   667.4 

=== complex efficiency ratio (c32 GF/s over f32 GF/s; 1.0 = no penalty) ===
             case | planar c32/f32 | 1m c32/f32 | 3m c32/f32 
------------------+----------------+------------+------------
         ij-ik-kj |          1.731 |      1.775 |      1.777 
       ij-ikl-ljk |          1.303 |      1.843 |      1.611 
       ij-kil-lkj |          1.776 |      1.973 |      1.687 
       ijk-ikl-lj |          1.307 |      1.517 |      1.447 
       ijk-il-jlk |          0.884 |      0.703 |      0.654 
       ijk-ilk-jl |          1.623 |      1.593 |      1.566 
       ijk-ilk-lj |          1.506 |      1.521 |      1.439 
     ijk-ilmk-mjl |          1.913 |      1.653 |      1.558 
   ijkl-imjn-lnkm |          1.463 |      1.385 |      1.396 
   ijkl-imjn-nlmk |          1.476 |      1.544 |      1.589 
   ijkl-imkn-jnlm |          1.503 |      1.587 |      1.553 
   ijkl-imkn-njml |          1.382 |      1.355 |      1.388 
   ijkl-imln-jnkm |          1.663 |      1.598 |      1.547 
   ijkl-imln-njmk |          1.340 |      1.222 |      1.312 
   ijkl-imnj-nlkm |          1.524 |      1.518 |      1.464 
   ijkl-imnk-njml |          1.300 |      1.293 |      1.269 
   ijkl-minj-nlmk |          1.307 |      1.306 |      1.272 
   ijkl-mink-jnlm |          1.303 |      1.337 |      1.189 
   ijkl-minl-njmk |          1.023 |      1.129 |      1.072 
     aqrs-pa-pqrs |          1.715 |      1.738 |      1.619 
     abrs-qb-aqrs |          1.555 |      1.544 |      1.516 
     abcs-rc-abrs |          2.146 |      2.161 |      2.125 
       abj-bka-kj |          1.406 |      1.441 |      1.449 
       ajb-kba-jk |          1.426 |      1.538 |      1.505 
     abjc-cbka-kj |          3.219 |      3.087 |      3.082 
     ajbc-ckba-jk |          2.761 |      2.670 |      1.527 
     abjc-kbac-jk |          1.629 |      1.932 |      1.949 
   abjcd-dkbac-jk |          2.646 |      2.294 |      2.433 
   adbjc-cbdka-kj |          2.339 |      2.435 |      2.487 
   ajbdc-ckbad-jk |          2.814 |      2.739 |      2.622 
 abcijk-ijma-mkbc |          1.858 |      1.893 |      1.750 
 abcijk-ijmb-mkac |          1.950 |      1.929 |      1.839 
 abcijk-ijmc-mkab |          1.953 |      1.946 |      2.002 
 abcijk-ikma-mjbc |          1.869 |      1.876 |      1.729 
 abcijk-ikmb-mjac |          1.933 |      1.923 |      1.799 
 abcijk-ikmc-mjab |          1.975 |      1.971 |      2.002 
 abcijk-jkma-mibc |          1.961 |      1.947 |      1.839 
 abcijk-jkmb-miac |          2.054 |      2.014 |      1.909 
 abcijk-jkmc-miab |          1.981 |      1.965 |      2.010 
 abcijk-eiab-jkec |          1.983 |      1.974 |      1.994 
 abcijk-eiac-jkeb |          1.930 |      1.921 |      1.642 
 abcijk-eibc-jkea |          1.960 |      1.938 |      1.832 
 abcijk-ejab-ikec |          1.966 |      1.962 |      2.011 
 abcijk-ejac-ikeb |          1.917 |      1.891 |      1.792 
 abcijk-ejbc-ikea |          1.871 |      1.869 |      1.782 
 abcijk-ekab-ijec |          1.923 |      1.924 |      1.970 
 abcijk-ekac-ijeb |          1.929 |      1.902 |      1.794 
 abcijk-ekbc-ijea |          1.892 |      1.883 |      1.757 
       abc-bk-akc |          1.756 |      1.801 |      1.589 
             MEAN |          1.789 |      1.795 |      1.717 

wrote bench-results/worker5178-zen2/phase4f/th-t16-f32c32.csv
