host        : worker5178
target      : x86_64 / linux
cpu features: avx2 fma 
caches      : L1=32KiB/8-way/1sh L2=512KiB/8-way/1sh L3=16384KiB/16-way/4sh (via sysfs), blocking=legacy
l3 domains  : t1=1 t4=1 t8=2 t16=4 t32=8 t64=16 t128=32
baselines   : tblis=false blas=false

sweeping 49 cases at 64 MiB nominal tensor size, 3 reps, stress=none


=== f64 ===
             case |      m |      n |     k | regA | regB | planar GF/s | 1m GF/s | 3m GF/s 
------------------+--------+--------+-------+------+------+-------------+---------+---------
         ij-ik-kj |   2904 |   2896 |  2904 | 1.00 | 1.00 |       334.1 |   334.1 |   334.1 
       ij-ikl-ljk |    216 |    204 | 44064 | 1.00 | 1.00 |        74.9 |    74.9 |    74.9 
       ij-kil-lkj |    216 |    204 | 46656 | 1.00 | 1.00 |        79.7 |    79.7 |    79.7 
       ijk-ikl-lj |  44064 |    204 |   216 | 1.00 | 1.00 |       232.2 |   232.2 |   232.2 
       ijk-il-jlk |    216 |  44064 |   204 | 1.00 | 1.00 |       474.5 |   474.5 |   474.5 
       ijk-ilk-jl |  44064 |    216 |   204 | 1.00 | 1.00 |       238.1 |   238.1 |   238.1 
       ijk-ilk-lj |  44064 |    204 |   216 | 1.00 | 1.00 |       269.5 |   269.5 |   269.5 
     ijk-ilmk-mjl |   3744 |     52 |  3744 | 1.00 | 1.00 |        74.8 |    74.8 |    74.8 
   ijkl-imjn-lnkm |   3744 |   3744 |  2704 | 1.00 | 0.92 |       419.3 |   419.3 |   419.3 
   ijkl-imjn-nlmk |   3744 |   2704 |  3744 | 1.00 | 0.92 |       406.0 |   406.0 |   406.0 
   ijkl-imkn-jnlm |   3744 |   3744 |  2704 | 1.00 | 1.00 |       475.1 |   475.1 |   475.1 
   ijkl-imkn-njml |   3744 |   2704 |  3744 | 1.00 | 0.92 |       498.5 |   498.5 |   498.5 
   ijkl-imln-jnkm |   3744 |   3744 |  2704 | 1.00 | 1.00 |       390.1 |   390.1 |   390.1 
   ijkl-imln-njmk |   3744 |   2704 |  3744 | 1.00 | 0.92 |       411.6 |   411.6 |   411.6 
   ijkl-imnj-nlkm |   3744 |   2704 |  3744 | 1.00 | 0.92 |       406.7 |   406.7 |   406.7 
   ijkl-imnk-njml |   3744 |   2704 |  3744 | 1.00 | 0.92 |       420.8 |   420.8 |   420.8 
   ijkl-minj-nlmk |   3744 |   2704 |  5184 | 1.00 | 0.92 |       433.7 |   433.7 |   433.7 
   ijkl-mink-jnlm |   3744 |   3744 |  3744 | 1.00 | 1.00 |       450.1 |   450.1 |   450.1 
   ijkl-minl-njmk |   3744 |   2704 |  5184 | 1.00 | 0.92 |       412.0 |   412.0 |   412.0 
     aqrs-pa-pqrs |     72 | 140608 |    72 | 1.00 | 1.00 |       165.6 |   165.6 |   165.6 
     abrs-qb-aqrs |     52 | 194688 |    72 | 1.00 | 1.00 |       110.9 |   110.9 |   110.9 
     abcs-rc-abrs |     52 | 194688 |    72 | 1.00 | 1.00 |        97.5 |    97.5 |    97.5 
       abj-bka-kj |  46656 |    204 |   216 | 1.00 | 1.00 |       169.7 |   169.7 |   169.7 
       ajb-kba-jk |  44064 |    216 |   216 | 1.00 | 1.00 |       218.5 |   218.5 |   218.5 
     abjc-cbka-kj | 269568 |     52 |    72 | 1.00 | 1.00 |        40.9 |    40.9 |    40.9 
     ajbc-ckba-jk | 269568 |     72 |    52 | 1.00 | 1.00 |        54.9 |    54.9 |    54.9 
     abjc-kbac-jk | 194688 |     72 |    72 | 1.00 | 1.00 |       158.2 |   158.2 |   158.2 
   abjcd-dkbac-jk | 331776 |     24 |    24 | 1.00 | 1.00 |        19.9 |    19.9 |    19.9 
   adbjc-cbdka-kj | 331776 |     24 |    24 | 1.00 | 1.00 |        17.8 |    17.8 |    17.8 
   ajbdc-ckbad-jk | 331776 |     24 |    24 | 1.00 | 1.00 |        18.3 |    18.3 |    18.3 
 abcijk-ijma-mkbc |   9216 |   4096 |    24 | 1.00 | 0.99 |       101.3 |   101.3 |   101.3 
 abcijk-ijmb-mkac |   6144 |   6144 |    24 | 1.00 | 0.75 |       115.8 |   115.8 |   115.8 
 abcijk-ijmc-mkab |   6144 |   6144 |    24 | 1.00 | 0.75 |        76.7 |    76.7 |    76.7 
 abcijk-ikma-mjbc |   9216 |   4096 |    24 | 1.00 | 0.99 |       110.8 |   110.8 |   110.8 
 abcijk-ikmb-mjac |   6144 |   6144 |    24 | 1.00 | 0.75 |       111.0 |   111.0 |   111.0 
 abcijk-ikmc-mjab |   6144 |   6144 |    24 | 1.00 | 0.75 |        74.4 |    74.4 |    74.4 
 abcijk-jkma-mibc |   9216 |   4096 |    24 | 1.00 | 0.99 |        93.7 |    93.7 |    93.7 
 abcijk-jkmb-miac |   6144 |   6144 |    24 | 1.00 | 0.75 |        81.9 |    81.9 |    81.9 
 abcijk-jkmc-miab |   6144 |   6144 |    24 | 1.00 | 0.75 |        62.7 |    62.7 |    62.7 
 abcijk-eiab-jkec |   6144 |   6144 |    24 | 1.00 | 0.75 |        74.2 |    74.2 |    74.2 
 abcijk-eiac-jkeb |   6144 |   6144 |    24 | 1.00 | 0.75 |        97.7 |    97.7 |    97.7 
 abcijk-eibc-jkea |   4096 |   9216 |    24 | 1.00 | 0.99 |        96.9 |    96.9 |    96.9 
 abcijk-ejab-ikec |   6144 |   6144 |    24 | 1.00 | 0.75 |        73.5 |    73.5 |    73.5 
 abcijk-ejac-ikeb |   6144 |   6144 |    24 | 1.00 | 0.75 |        80.3 |    80.3 |    80.3 
 abcijk-ejbc-ikea |   4096 |   9216 |    24 | 1.00 | 0.99 |       118.4 |   118.4 |   118.4 
 abcijk-ekab-ijec |   6144 |   6144 |    24 | 1.00 | 0.75 |        69.2 |    69.2 |    69.2 
 abcijk-ekac-ijeb |   6144 |   6144 |    24 | 1.00 | 0.75 |        84.1 |    84.1 |    84.1 
 abcijk-ekbc-ijea |   4096 |   9216 |    24 | 1.00 | 0.99 |       112.9 |   112.9 |   112.9 
       abc-bk-akc |    216 |  44064 |   204 | 1.00 | 1.00 |       237.8 |   237.8 |   237.8 

=== c64 ===
             case |      m |      n |     k | regA | regB | planar GF/s | 1m GF/s | 3m GF/s 
------------------+--------+--------+-------+------+------+-------------+---------+---------
         ij-ik-kj |   2904 |   2896 |  2904 | 1.00 | 1.00 |       620.3 |   617.0 |   473.7 
       ij-ikl-ljk |    216 |    204 | 44064 | 1.00 | 1.00 |       115.2 |   118.6 |   109.9 
       ij-kil-lkj |    216 |    204 | 46656 | 1.00 | 1.00 |       126.9 |   119.8 |   102.0 
       ijk-ikl-lj |  44064 |    204 |   216 | 1.00 | 1.00 |       484.3 |   421.0 |   464.6 
       ijk-il-jlk |    216 |  44064 |   204 | 1.00 | 0.98 |       625.9 |   469.1 |   485.6 
       ijk-ilk-jl |  44064 |    216 |   204 | 1.00 | 1.00 |       493.3 |   440.7 |   364.0 
       ijk-ilk-lj |  44064 |    204 |   216 | 1.00 | 1.00 |       467.6 |   445.3 |   419.1 
     ijk-ilmk-mjl |   3744 |     52 |  3744 | 1.00 | 1.00 |       170.8 |   161.8 |   163.6 
   ijkl-imjn-lnkm |   3744 |   3744 |  2704 | 1.00 | 0.92 |       697.5 |   677.9 |   611.9 
   ijkl-imjn-nlmk |   3744 |   2704 |  3744 | 1.00 | 0.92 |       668.8 |   645.5 |   639.4 
   ijkl-imkn-jnlm |   3744 |   3744 |  2704 | 1.00 | 0.95 |       692.4 |   682.2 |   615.3 
   ijkl-imkn-njml |   3744 |   2704 |  3744 | 1.00 | 0.92 |       647.3 |   615.9 |   632.8 
   ijkl-imln-jnkm |   3744 |   3744 |  2704 | 1.00 | 0.95 |       621.3 |   559.4 |   509.0 
   ijkl-imln-njmk |   3744 |   2704 |  3744 | 1.00 | 0.92 |       634.8 |   608.6 |   544.5 
   ijkl-imnj-nlkm |   3744 |   2704 |  3744 | 1.00 | 0.92 |       603.2 |   572.8 |   503.7 
   ijkl-imnk-njml |   3744 |   2704 |  3744 | 1.00 | 0.92 |       657.3 |   657.5 |   547.9 
   ijkl-minj-nlmk |   3744 |   2704 |  5184 | 1.00 | 0.92 |       656.4 |   673.3 |   585.9 
   ijkl-mink-jnlm |   3744 |   3744 |  3744 | 1.00 | 0.95 |       675.4 |   630.2 |   628.3 
   ijkl-minl-njmk |   3744 |   2704 |  5184 | 1.00 | 0.92 |       680.4 |   656.1 |   593.6 
     aqrs-pa-pqrs |     72 | 140608 |    72 | 1.00 | 1.00 |       255.5 |   266.9 |   220.4 
     abrs-qb-aqrs |     52 | 194688 |    72 | 1.00 | 1.00 |       212.8 |   184.8 |   174.6 
     abcs-rc-abrs |     52 | 194688 |    72 | 1.00 | 1.00 |       204.2 |   187.4 |   258.5 
       abj-bka-kj |  46656 |    204 |   216 | 1.00 | 1.00 |       314.6 |   336.3 |   346.7 
       ajb-kba-jk |  44064 |    216 |   216 | 1.00 | 1.00 |       377.2 |   408.4 |   417.4 
     abjc-cbka-kj | 269568 |     52 |    72 | 1.00 | 1.00 |       123.8 |   119.1 |   127.4 
     ajbc-ckba-jk | 269568 |     72 |    52 | 1.00 | 1.00 |       144.8 |   140.1 |   143.3 
     abjc-kbac-jk | 194688 |     72 |    72 | 1.00 | 1.00 |       274.5 |   287.8 |   279.5 
   abjcd-dkbac-jk | 331776 |     24 |    24 | 1.00 | 1.00 |        53.4 |    54.6 |    49.8 
   adbjc-cbdka-kj | 331776 |     24 |    24 | 1.00 | 1.00 |        55.1 |    49.5 |    52.2 
   ajbdc-ckbad-jk | 331776 |     24 |    24 | 1.00 | 1.00 |        54.5 |    49.7 |    50.8 
 abcijk-ijma-mkbc |   9216 |   4096 |    24 | 1.00 | 0.99 |       162.2 |   169.2 |   159.3 
 abcijk-ijmb-mkac |   6144 |   6144 |    24 | 1.00 | 0.75 |       166.9 |   171.6 |   150.0 
 abcijk-ijmc-mkab |   6144 |   6144 |    24 | 1.00 | 0.75 |       116.8 |   125.1 |   112.3 
 abcijk-ikma-mjbc |   9216 |   4096 |    24 | 1.00 | 0.99 |       157.5 |   161.6 |   161.2 
 abcijk-ikmb-mjac |   6144 |   6144 |    24 | 1.00 | 0.75 |       164.3 |   161.6 |   153.4 
 abcijk-ikmc-mjab |   6144 |   6144 |    24 | 1.00 | 0.75 |       115.8 |   123.5 |   115.9 
 abcijk-jkma-mibc |   9216 |   4096 |    24 | 1.00 | 0.99 |       163.4 |   162.2 |   160.6 
 abcijk-jkmb-miac |   6144 |   6144 |    24 | 1.00 | 0.75 |       161.6 |   153.3 |   150.1 
 abcijk-jkmc-miab |   6144 |   6144 |    24 | 1.00 | 0.75 |       111.0 |   102.9 |   107.4 
 abcijk-eiab-jkec |   6144 |   6144 |    24 | 1.00 | 0.75 |       112.1 |   101.5 |   110.7 
 abcijk-eiac-jkeb |   6144 |   6144 |    24 | 1.00 | 0.75 |       172.2 |   151.8 |   151.2 
 abcijk-eibc-jkea |   4096 |   9216 |    24 | 1.00 | 0.99 |       166.6 |   165.4 |   158.2 
 abcijk-ejab-ikec |   6144 |   6144 |    24 | 1.00 | 0.75 |       113.0 |   125.3 |   112.4 
 abcijk-ejac-ikeb |   6144 |   6144 |    24 | 1.00 | 0.75 |       167.2 |   162.3 |   148.7 
 abcijk-ejbc-ikea |   4096 |   9216 |    24 | 1.00 | 0.99 |       167.3 |   174.0 |   159.9 
 abcijk-ekab-ijec |   6144 |   6144 |    24 | 1.00 | 0.75 |       116.7 |   129.8 |   113.6 
 abcijk-ekac-ijeb |   6144 |   6144 |    24 | 1.00 | 0.75 |       163.1 |   158.6 |   155.2 
 abcijk-ekbc-ijea |   4096 |   9216 |    24 | 1.00 | 0.99 |       168.8 |   164.7 |   166.8 
       abc-bk-akc |    216 |  44064 |   204 | 1.00 | 1.00 |       401.6 |   410.7 |   383.5 

=== complex efficiency ratio (c64 GF/s over f64 GF/s; 1.0 = no penalty) ===
             case | planar c64/f64 | 1m c64/f64 | 3m c64/f64 
------------------+----------------+------------+------------
         ij-ik-kj |          1.857 |      1.847 |      1.418 
       ij-ikl-ljk |          1.538 |      1.585 |      1.468 
       ij-kil-lkj |          1.593 |      1.504 |      1.281 
       ijk-ikl-lj |          2.086 |      1.813 |      2.001 
       ijk-il-jlk |          1.319 |      0.989 |      1.023 
       ijk-ilk-jl |          2.072 |      1.851 |      1.529 
       ijk-ilk-lj |          1.735 |      1.652 |      1.555 
     ijk-ilmk-mjl |          2.283 |      2.162 |      2.186 
   ijkl-imjn-lnkm |          1.664 |      1.617 |      1.459 
   ijkl-imjn-nlmk |          1.647 |      1.590 |      1.575 
   ijkl-imkn-jnlm |          1.458 |      1.436 |      1.295 
   ijkl-imkn-njml |          1.299 |      1.236 |      1.269 
   ijkl-imln-jnkm |          1.593 |      1.434 |      1.305 
   ijkl-imln-njmk |          1.542 |      1.479 |      1.323 
   ijkl-imnj-nlkm |          1.483 |      1.408 |      1.239 
   ijkl-imnk-njml |          1.562 |      1.563 |      1.302 
   ijkl-minj-nlmk |          1.513 |      1.552 |      1.351 
   ijkl-mink-jnlm |          1.500 |      1.400 |      1.396 
   ijkl-minl-njmk |          1.652 |      1.592 |      1.441 
     aqrs-pa-pqrs |          1.543 |      1.612 |      1.331 
     abrs-qb-aqrs |          1.918 |      1.666 |      1.574 
     abcs-rc-abrs |          2.094 |      1.921 |      2.651 
       abj-bka-kj |          1.854 |      1.982 |      2.044 
       ajb-kba-jk |          1.726 |      1.869 |      1.910 
     abjc-cbka-kj |          3.024 |      2.907 |      3.111 
     ajbc-ckba-jk |          2.637 |      2.551 |      2.609 
     abjc-kbac-jk |          1.735 |      1.819 |      1.767 
   abjcd-dkbac-jk |          2.690 |      2.751 |      2.507 
   adbjc-cbdka-kj |          3.096 |      2.784 |      2.932 
   ajbdc-ckbad-jk |          2.974 |      2.711 |      2.772 
 abcijk-ijma-mkbc |          1.601 |      1.671 |      1.573 
 abcijk-ijmb-mkac |          1.441 |      1.482 |      1.295 
 abcijk-ijmc-mkab |          1.522 |      1.631 |      1.464 
 abcijk-ikma-mjbc |          1.421 |      1.458 |      1.454 
 abcijk-ikmb-mjac |          1.480 |      1.456 |      1.381 
 abcijk-ikmc-mjab |          1.557 |      1.660 |      1.558 
 abcijk-jkma-mibc |          1.744 |      1.732 |      1.715 
 abcijk-jkmb-miac |          1.973 |      1.872 |      1.833 
 abcijk-jkmc-miab |          1.770 |      1.640 |      1.713 
 abcijk-eiab-jkec |          1.511 |      1.368 |      1.492 
 abcijk-eiac-jkeb |          1.763 |      1.554 |      1.548 
 abcijk-eibc-jkea |          1.720 |      1.707 |      1.633 
 abcijk-ejab-ikec |          1.539 |      1.706 |      1.531 
 abcijk-ejac-ikeb |          2.083 |      2.022 |      1.852 
 abcijk-ejbc-ikea |          1.413 |      1.470 |      1.351 
 abcijk-ekab-ijec |          1.685 |      1.875 |      1.641 
 abcijk-ekac-ijeb |          1.939 |      1.885 |      1.845 
 abcijk-ekbc-ijea |          1.495 |      1.459 |      1.477 
       abc-bk-akc |          1.689 |      1.727 |      1.613 
             MEAN |          1.797 |      1.748 |      1.686 

wrote bench-results/worker5178-zen2/phase4f/th-t64-leg-f64c64.csv
