host        : worker5178
target      : x86_64 / linux
cpu features: avx2 fma 
caches      : L1=32KiB/8-way/1sh L2=512KiB/8-way/1sh L3=16384KiB/16-way/4sh (via sysfs), blocking=legacy
l3 domains  : t1=1 t4=1
baselines   : tblis=false blas=false

sweeping 49 cases at 64 MiB nominal tensor size, 3 reps, stress=none


=== f64 ===
             case |      m |      n |     k | regA | regB | planar GF/s | 1m GF/s | 3m GF/s 
------------------+--------+--------+-------+------+------+-------------+---------+---------
         ij-ik-kj |   2904 |   2896 |  2904 | 1.00 | 1.00 |        80.8 |    80.8 |    80.8 
       ij-ikl-ljk |    216 |    204 | 44064 | 1.00 | 1.00 |        59.5 |    59.5 |    59.5 
       ij-kil-lkj |    216 |    204 | 46656 | 1.00 | 1.00 |        59.0 |    59.0 |    59.0 
       ijk-ikl-lj |  44064 |    204 |   216 | 1.00 | 1.00 |        68.8 |    68.8 |    68.8 
       ijk-il-jlk |    216 |  44064 |   204 | 1.00 | 1.00 |        68.6 |    68.6 |    68.6 
       ijk-ilk-jl |  44064 |    216 |   204 | 1.00 | 1.00 |        80.7 |    80.7 |    80.7 
       ijk-ilk-lj |  44064 |    204 |   216 | 1.00 | 1.00 |        80.3 |    80.3 |    80.3 
     ijk-ilmk-mjl |   3744 |     52 |  3744 | 1.00 | 1.00 |        58.9 |    58.9 |    58.9 
   ijkl-imjn-lnkm |   3744 |   3744 |  2704 | 1.00 | 0.92 |        82.4 |    82.4 |    82.4 
   ijkl-imjn-nlmk |   3744 |   2704 |  3744 | 1.00 | 0.92 |        82.8 |    82.8 |    82.8 
   ijkl-imkn-jnlm |   3744 |   3744 |  2704 | 1.00 | 1.00 |        79.5 |    79.5 |    79.5 
   ijkl-imkn-njml |   3744 |   2704 |  3744 | 1.00 | 0.92 |        80.1 |    80.1 |    80.1 
   ijkl-imln-jnkm |   3744 |   3744 |  2704 | 1.00 | 1.00 |        79.6 |    79.6 |    79.6 
   ijkl-imln-njmk |   3744 |   2704 |  3744 | 1.00 | 0.92 |        80.0 |    80.0 |    80.0 
   ijkl-imnj-nlkm |   3744 |   2704 |  3744 | 1.00 | 0.92 |        82.9 |    82.9 |    82.9 
   ijkl-imnk-njml |   3744 |   2704 |  3744 | 1.00 | 0.92 |        80.1 |    80.1 |    80.1 
   ijkl-minj-nlmk |   3744 |   2704 |  5184 | 1.00 | 0.92 |        81.4 |    81.4 |    81.4 
   ijkl-mink-jnlm |   3744 |   3744 |  3744 | 1.00 | 1.00 |        78.7 |    78.7 |    78.7 
   ijkl-minl-njmk |   3744 |   2704 |  5184 | 1.00 | 0.92 |        78.7 |    78.7 |    78.7 
     aqrs-pa-pqrs |     72 | 140608 |    72 | 1.00 | 1.00 |        42.1 |    42.1 |    42.1 
     abrs-qb-aqrs |     52 | 194688 |    72 | 1.00 | 1.00 |        48.2 |    48.2 |    48.2 
     abcs-rc-abrs |     52 | 194688 |    72 | 1.00 | 1.00 |        44.3 |    44.3 |    44.3 
       abj-bka-kj |  46656 |    204 |   216 | 1.00 | 1.00 |        74.2 |    74.2 |    74.2 
       ajb-kba-jk |  44064 |    216 |   216 | 1.00 | 1.00 |        82.2 |    82.2 |    82.2 
     abjc-cbka-kj | 269568 |     52 |    72 | 1.00 | 1.00 |        20.5 |    20.5 |    20.5 
     ajbc-ckba-jk | 269568 |     72 |    52 | 1.00 | 1.00 |        24.9 |    24.9 |    24.9 
     abjc-kbac-jk | 194688 |     72 |    72 | 1.00 | 1.00 |        61.6 |    61.6 |    61.6 
   abjcd-dkbac-jk | 331776 |     24 |    24 | 1.00 | 1.00 |        10.3 |    10.3 |    10.3 
   adbjc-cbdka-kj | 331776 |     24 |    24 | 1.00 | 1.00 |         8.8 |     8.8 |     8.8 
   ajbdc-ckbad-jk | 331776 |     24 |    24 | 1.00 | 1.00 |         9.9 |     9.9 |     9.9 
 abcijk-ijma-mkbc |   9216 |   4096 |    24 | 1.00 | 0.99 |        42.8 |    42.8 |    42.8 
 abcijk-ijmb-mkac |   6144 |   6144 |    24 | 1.00 | 0.75 |        38.7 |    38.7 |    38.7 
 abcijk-ijmc-mkab |   6144 |   6144 |    24 | 1.00 | 0.75 |        46.6 |    46.6 |    46.6 
 abcijk-ikma-mjbc |   9216 |   4096 |    24 | 1.00 | 0.99 |        42.8 |    42.8 |    42.8 
 abcijk-ikmb-mjac |   6144 |   6144 |    24 | 1.00 | 0.75 |        38.3 |    38.3 |    38.3 
 abcijk-ikmc-mjab |   6144 |   6144 |    24 | 1.00 | 0.75 |        45.9 |    45.9 |    45.9 
 abcijk-jkma-mibc |   9216 |   4096 |    24 | 1.00 | 0.99 |        43.7 |    43.7 |    43.7 
 abcijk-jkmb-miac |   6144 |   6144 |    24 | 1.00 | 0.75 |        37.6 |    37.6 |    37.6 
 abcijk-jkmc-miab |   6144 |   6144 |    24 | 1.00 | 0.75 |        43.3 |    43.3 |    43.3 
 abcijk-eiab-jkec |   6144 |   6144 |    24 | 1.00 | 0.75 |        43.3 |    43.3 |    43.3 
 abcijk-eiac-jkeb |   6144 |   6144 |    24 | 1.00 | 0.75 |        37.8 |    37.8 |    37.8 
 abcijk-eibc-jkea |   4096 |   9216 |    24 | 1.00 | 0.99 |        43.6 |    43.6 |    43.6 
 abcijk-ejab-ikec |   6144 |   6144 |    24 | 1.00 | 0.75 |        46.2 |    46.2 |    46.2 
 abcijk-ejac-ikeb |   6144 |   6144 |    24 | 1.00 | 0.75 |        38.5 |    38.5 |    38.5 
 abcijk-ejbc-ikea |   4096 |   9216 |    24 | 1.00 | 0.99 |        42.9 |    42.9 |    42.9 
 abcijk-ekab-ijec |   6144 |   6144 |    24 | 1.00 | 0.75 |        46.5 |    46.5 |    46.5 
 abcijk-ekac-ijeb |   6144 |   6144 |    24 | 1.00 | 0.75 |        38.5 |    38.5 |    38.5 
 abcijk-ekbc-ijea |   4096 |   9216 |    24 | 1.00 | 0.99 |        42.6 |    42.6 |    42.6 
       abc-bk-akc |    216 |  44064 |   204 | 1.00 | 1.00 |        79.3 |    79.3 |    79.3 

=== c64 ===
             case |      m |      n |     k | regA | regB | planar GF/s | 1m GF/s | 3m GF/s 
------------------+--------+--------+-------+------+------+-------------+---------+---------
         ij-ik-kj |   2904 |   2896 |  2904 | 1.00 | 1.00 |        86.0 |    87.1 |    85.2 
       ij-ikl-ljk |    216 |    204 | 44064 | 1.00 | 1.00 |        74.8 |    81.1 |    71.9 
       ij-kil-lkj |    216 |    204 | 46656 | 1.00 | 1.00 |        75.7 |    80.1 |    77.8 
       ijk-ikl-lj |  44064 |    204 |   216 | 1.00 | 1.00 |        81.2 |    83.4 |    81.2 
       ijk-il-jlk |    216 |  44064 |   204 | 1.00 | 0.98 |        84.0 |    87.7 |    78.7 
       ijk-ilk-jl |  44064 |    216 |   204 | 1.00 | 1.00 |        85.9 |    92.1 |    81.9 
       ijk-ilk-lj |  44064 |    204 |   216 | 1.00 | 1.00 |        86.9 |    92.1 |    81.8 
     ijk-ilmk-mjl |   3744 |     52 |  3744 | 1.00 | 1.00 |        67.8 |    71.6 |    59.2 
   ijkl-imjn-lnkm |   3744 |   3744 |  2704 | 1.00 | 0.92 |        86.9 |    90.5 |    84.6 
   ijkl-imjn-nlmk |   3744 |   2704 |  3744 | 1.00 | 0.92 |        87.0 |    90.2 |    84.5 
   ijkl-imkn-jnlm |   3744 |   3744 |  2704 | 1.00 | 0.95 |        86.1 |    87.8 |    81.9 
   ijkl-imkn-njml |   3744 |   2704 |  3744 | 1.00 | 0.92 |        86.1 |    87.5 |    82.1 
   ijkl-imln-jnkm |   3744 |   3744 |  2704 | 1.00 | 0.95 |        85.8 |    87.9 |    81.9 
   ijkl-imln-njmk |   3744 |   2704 |  3744 | 1.00 | 0.92 |        86.3 |    87.7 |    82.0 
   ijkl-imnj-nlkm |   3744 |   2704 |  3744 | 1.00 | 0.92 |        87.2 |    90.6 |    84.5 
   ijkl-imnk-njml |   3744 |   2704 |  3744 | 1.00 | 0.92 |        86.4 |    88.0 |    82.0 
   ijkl-minj-nlmk |   3744 |   2704 |  5184 | 1.00 | 0.92 |        86.6 |    89.6 |    87.1 
   ijkl-mink-jnlm |   3744 |   3744 |  3744 | 1.00 | 0.95 |        86.0 |    87.2 |    84.4 
   ijkl-minl-njmk |   3744 |   2704 |  5184 | 1.00 | 0.92 |        85.5 |    86.7 |    84.2 
     aqrs-pa-pqrs |     72 | 140608 |    72 | 1.00 | 1.00 |        61.1 |    65.4 |    59.4 
     abrs-qb-aqrs |     52 | 194688 |    72 | 1.00 | 1.00 |        60.4 |    65.3 |    59.0 
     abcs-rc-abrs |     52 | 194688 |    72 | 1.00 | 1.00 |        58.8 |    66.0 |    61.3 
       abj-bka-kj |  46656 |    204 |   216 | 1.00 | 1.00 |        81.4 |    82.1 |    82.1 
       ajb-kba-jk |  44064 |    216 |   216 | 1.00 | 1.00 |        87.9 |    92.8 |    91.2 
     abjc-cbka-kj | 269568 |     52 |    72 | 1.00 | 1.00 |        40.9 |    36.9 |    40.9 
     ajbc-ckba-jk | 269568 |     72 |    52 | 1.00 | 1.00 |        44.1 |    41.1 |    43.7 
     abjc-kbac-jk | 194688 |     72 |    72 | 1.00 | 1.00 |        70.6 |    76.9 |    75.7 
   abjcd-dkbac-jk | 331776 |     24 |    24 | 1.00 | 1.00 |        23.0 |    20.9 |    22.5 
   adbjc-cbdka-kj | 331776 |     24 |    24 | 1.00 | 1.00 |        20.6 |    18.5 |    20.1 
   ajbdc-ckbad-jk | 331776 |     24 |    24 | 1.00 | 1.00 |        22.1 |    20.1 |    21.6 
 abcijk-ijma-mkbc |   9216 |   4096 |    24 | 1.00 | 0.99 |        52.9 |    58.1 |    53.1 
 abcijk-ijmb-mkac |   6144 |   6144 |    24 | 1.00 | 0.75 |        52.6 |    58.1 |    51.8 
 abcijk-ijmc-mkab |   6144 |   6144 |    24 | 1.00 | 0.75 |        58.5 |    66.1 |    57.6 
 abcijk-ikma-mjbc |   9216 |   4096 |    24 | 1.00 | 0.99 |        53.1 |    58.4 |    53.0 
 abcijk-ikmb-mjac |   6144 |   6144 |    24 | 1.00 | 0.75 |        52.5 |    58.0 |    51.5 
 abcijk-ikmc-mjab |   6144 |   6144 |    24 | 1.00 | 0.75 |        58.3 |    66.1 |    57.3 
 abcijk-jkma-mibc |   9216 |   4096 |    24 | 1.00 | 0.99 |        53.2 |    58.3 |    53.3 
 abcijk-jkmb-miac |   6144 |   6144 |    24 | 1.00 | 0.75 |        51.4 |    55.4 |    51.4 
 abcijk-jkmc-miab |   6144 |   6144 |    24 | 1.00 | 0.75 |        56.0 |    59.0 |    56.5 
 abcijk-eiab-jkec |   6144 |   6144 |    24 | 1.00 | 0.75 |        56.1 |    58.9 |    56.3 
 abcijk-eiac-jkeb |   6144 |   6144 |    24 | 1.00 | 0.75 |        51.6 |    55.5 |    51.5 
 abcijk-eibc-jkea |   4096 |   9216 |    24 | 1.00 | 0.99 |        53.1 |    58.4 |    53.4 
 abcijk-ejab-ikec |   6144 |   6144 |    24 | 1.00 | 0.75 |        58.4 |    66.1 |    57.7 
 abcijk-ejac-ikeb |   6144 |   6144 |    24 | 1.00 | 0.75 |        52.7 |    58.1 |    51.7 
 abcijk-ejbc-ikea |   4096 |   9216 |    24 | 1.00 | 0.99 |        53.1 |    58.4 |    53.2 
 abcijk-ekab-ijec |   6144 |   6144 |    24 | 1.00 | 0.75 |        58.3 |    65.9 |    57.6 
 abcijk-ekac-ijeb |   6144 |   6144 |    24 | 1.00 | 0.75 |        52.5 |    58.0 |    51.7 
 abcijk-ekbc-ijea |   4096 |   9216 |    24 | 1.00 | 0.99 |        52.9 |    58.4 |    53.2 
       abc-bk-akc |    216 |  44064 |   204 | 1.00 | 1.00 |        85.4 |    91.5 |    82.1 

=== complex efficiency ratio (c64 GF/s over f64 GF/s; 1.0 = no penalty) ===
             case | planar c64/f64 | 1m c64/f64 | 3m c64/f64 
------------------+----------------+------------+------------
         ij-ik-kj |          1.064 |      1.079 |      1.055 
       ij-ikl-ljk |          1.257 |      1.363 |      1.208 
       ij-kil-lkj |          1.283 |      1.358 |      1.319 
       ijk-ikl-lj |          1.182 |      1.214 |      1.181 
       ijk-il-jlk |          1.225 |      1.278 |      1.147 
       ijk-ilk-jl |          1.064 |      1.141 |      1.015 
       ijk-ilk-lj |          1.081 |      1.147 |      1.018 
     ijk-ilmk-mjl |          1.150 |      1.215 |      1.005 
   ijkl-imjn-lnkm |          1.055 |      1.099 |      1.026 
   ijkl-imjn-nlmk |          1.050 |      1.089 |      1.020 
   ijkl-imkn-jnlm |          1.084 |      1.105 |      1.031 
   ijkl-imkn-njml |          1.075 |      1.091 |      1.024 
   ijkl-imln-jnkm |          1.079 |      1.105 |      1.030 
   ijkl-imln-njmk |          1.079 |      1.096 |      1.024 
   ijkl-imnj-nlkm |          1.053 |      1.094 |      1.020 
   ijkl-imnk-njml |          1.078 |      1.098 |      1.024 
   ijkl-minj-nlmk |          1.064 |      1.101 |      1.070 
   ijkl-mink-jnlm |          1.092 |      1.108 |      1.071 
   ijkl-minl-njmk |          1.086 |      1.102 |      1.070 
     aqrs-pa-pqrs |          1.453 |      1.555 |      1.412 
     abrs-qb-aqrs |          1.253 |      1.354 |      1.224 
     abcs-rc-abrs |          1.328 |      1.489 |      1.383 
       abj-bka-kj |          1.097 |      1.107 |      1.106 
       ajb-kba-jk |          1.070 |      1.130 |      1.109 
     abjc-cbka-kj |          2.000 |      1.805 |      1.999 
     ajbc-ckba-jk |          1.772 |      1.653 |      1.756 
     abjc-kbac-jk |          1.147 |      1.249 |      1.230 
   abjcd-dkbac-jk |          2.222 |      2.020 |      2.178 
   adbjc-cbdka-kj |          2.332 |      2.095 |      2.280 
   ajbdc-ckbad-jk |          2.222 |      2.018 |      2.172 
 abcijk-ijma-mkbc |          1.235 |      1.357 |      1.241 
 abcijk-ijmb-mkac |          1.361 |      1.504 |      1.339 
 abcijk-ijmc-mkab |          1.255 |      1.418 |      1.235 
 abcijk-ikma-mjbc |          1.241 |      1.365 |      1.240 
 abcijk-ikmb-mjac |          1.372 |      1.515 |      1.346 
 abcijk-ikmc-mjab |          1.271 |      1.441 |      1.249 
 abcijk-jkma-mibc |          1.218 |      1.335 |      1.220 
 abcijk-jkmb-miac |          1.365 |      1.471 |      1.367 
 abcijk-jkmc-miab |          1.295 |      1.363 |      1.306 
 abcijk-eiab-jkec |          1.295 |      1.359 |      1.298 
 abcijk-eiac-jkeb |          1.366 |      1.470 |      1.363 
 abcijk-eibc-jkea |          1.218 |      1.339 |      1.225 
 abcijk-ejab-ikec |          1.264 |      1.430 |      1.247 
 abcijk-ejac-ikeb |          1.369 |      1.511 |      1.345 
 abcijk-ejbc-ikea |          1.238 |      1.362 |      1.242 
 abcijk-ekab-ijec |          1.255 |      1.417 |      1.239 
 abcijk-ekac-ijeb |          1.363 |      1.505 |      1.341 
 abcijk-ekbc-ijea |          1.244 |      1.373 |      1.251 
       abc-bk-akc |          1.077 |      1.153 |      1.034 
             MEAN |          1.292 |      1.348 |      1.272 

wrote bench-results/worker5178-zen2/phase4f/th-t2-f64c64.csv
