host        : worker5178
target      : x86_64 / linux
cpu features: avx2 fma 
caches      : L1=32KiB/8-way/1sh L2=512KiB/8-way/1sh L3=16384KiB/16-way/4sh (via sysfs), blocking=legacy
l3 domains  : t1=1 t4=1 t8=2
baselines   : tblis=false blas=false

sweeping 49 cases at 64 MiB nominal tensor size, 3 reps, stress=none


=== f64 ===
             case |      m |      n |     k | regA | regB | planar GF/s | 1m GF/s | 3m GF/s 
------------------+--------+--------+-------+------+------+-------------+---------+---------
         ij-ik-kj |   2904 |   2896 |  2904 | 1.00 | 1.00 |       156.3 |   156.3 |   156.3 
       ij-ikl-ljk |    216 |    204 | 44064 | 1.00 | 1.00 |       110.8 |   110.8 |   110.8 
       ij-kil-lkj |    216 |    204 | 46656 | 1.00 | 1.00 |       108.0 |   108.0 |   108.0 
       ijk-ikl-lj |  44064 |    204 |   216 | 1.00 | 1.00 |       130.0 |   130.0 |   130.0 
       ijk-il-jlk |    216 |  44064 |   204 | 1.00 | 1.00 |       128.7 |   128.7 |   128.7 
       ijk-ilk-jl |  44064 |    216 |   204 | 1.00 | 1.00 |       156.6 |   156.6 |   156.6 
       ijk-ilk-lj |  44064 |    204 |   216 | 1.00 | 1.00 |       156.6 |   156.6 |   156.6 
     ijk-ilmk-mjl |   3744 |     52 |  3744 | 1.00 | 1.00 |       103.1 |   103.1 |   103.1 
   ijkl-imjn-lnkm |   3744 |   3744 |  2704 | 1.00 | 0.92 |       158.1 |   158.1 |   158.1 
   ijkl-imjn-nlmk |   3744 |   2704 |  3744 | 1.00 | 0.92 |       157.4 |   157.4 |   157.4 
   ijkl-imkn-jnlm |   3744 |   3744 |  2704 | 1.00 | 1.00 |       153.8 |   153.8 |   153.8 
   ijkl-imkn-njml |   3744 |   2704 |  3744 | 1.00 | 0.92 |       154.2 |   154.2 |   154.2 
   ijkl-imln-jnkm |   3744 |   3744 |  2704 | 1.00 | 1.00 |       153.9 |   153.9 |   153.9 
   ijkl-imln-njmk |   3744 |   2704 |  3744 | 1.00 | 0.92 |       154.1 |   154.1 |   154.1 
   ijkl-imnj-nlkm |   3744 |   2704 |  3744 | 1.00 | 0.92 |       159.0 |   159.0 |   159.0 
   ijkl-imnk-njml |   3744 |   2704 |  3744 | 1.00 | 0.92 |       154.4 |   154.4 |   154.4 
   ijkl-minj-nlmk |   3744 |   2704 |  5184 | 1.00 | 0.92 |       156.2 |   156.2 |   156.2 
   ijkl-mink-jnlm |   3744 |   3744 |  3744 | 1.00 | 1.00 |       153.2 |   153.2 |   153.2 
   ijkl-minl-njmk |   3744 |   2704 |  5184 | 1.00 | 0.92 |       152.2 |   152.2 |   152.2 
     aqrs-pa-pqrs |     72 | 140608 |    72 | 1.00 | 1.00 |        69.0 |    69.0 |    69.0 
     abrs-qb-aqrs |     52 | 194688 |    72 | 1.00 | 1.00 |        91.6 |    91.6 |    91.6 
     abcs-rc-abrs |     52 | 194688 |    72 | 1.00 | 1.00 |        80.1 |    80.1 |    80.1 
       abj-bka-kj |  46656 |    204 |   216 | 1.00 | 1.00 |       119.7 |   119.7 |   119.7 
       ajb-kba-jk |  44064 |    216 |   216 | 1.00 | 1.00 |       160.1 |   160.1 |   160.1 
     abjc-cbka-kj | 269568 |     52 |    72 | 1.00 | 1.00 |        31.0 |    31.0 |    31.0 
     ajbc-ckba-jk | 269568 |     72 |    52 | 1.00 | 1.00 |        42.0 |    42.0 |    42.0 
     abjc-kbac-jk | 194688 |     72 |    72 | 1.00 | 1.00 |       118.4 |   118.4 |   118.4 
   abjcd-dkbac-jk | 331776 |     24 |    24 | 1.00 | 1.00 |        17.2 |    17.2 |    17.2 
   adbjc-cbdka-kj | 331776 |     24 |    24 | 1.00 | 1.00 |        12.4 |    12.4 |    12.4 
   ajbdc-ckbad-jk | 331776 |     24 |    24 | 1.00 | 1.00 |        16.6 |    16.6 |    16.6 
 abcijk-ijma-mkbc |   9216 |   4096 |    24 | 1.00 | 0.99 |        76.9 |    76.9 |    76.9 
 abcijk-ijmb-mkac |   6144 |   6144 |    24 | 1.00 | 0.75 |        69.4 |    69.4 |    69.4 
 abcijk-ijmc-mkab |   6144 |   6144 |    24 | 1.00 | 0.75 |        73.5 |    73.5 |    73.5 
 abcijk-ikma-mjbc |   9216 |   4096 |    24 | 1.00 | 0.99 |        76.8 |    76.8 |    76.8 
 abcijk-ikmb-mjac |   6144 |   6144 |    24 | 1.00 | 0.75 |        69.1 |    69.1 |    69.1 
 abcijk-ikmc-mjab |   6144 |   6144 |    24 | 1.00 | 0.75 |        72.8 |    72.8 |    72.8 
 abcijk-jkma-mibc |   9216 |   4096 |    24 | 1.00 | 0.99 |        78.3 |    78.3 |    78.3 
 abcijk-jkmb-miac |   6144 |   6144 |    24 | 1.00 | 0.75 |        68.3 |    68.3 |    68.3 
 abcijk-jkmc-miab |   6144 |   6144 |    24 | 1.00 | 0.75 |        71.3 |    71.3 |    71.3 
 abcijk-eiab-jkec |   6144 |   6144 |    24 | 1.00 | 0.75 |        71.3 |    71.3 |    71.3 
 abcijk-eiac-jkeb |   6144 |   6144 |    24 | 1.00 | 0.75 |        68.4 |    68.4 |    68.4 
 abcijk-eibc-jkea |   4096 |   9216 |    24 | 1.00 | 0.99 |        78.6 |    78.6 |    78.6 
 abcijk-ejab-ikec |   6144 |   6144 |    24 | 1.00 | 0.75 |        72.8 |    72.8 |    72.8 
 abcijk-ejac-ikeb |   6144 |   6144 |    24 | 1.00 | 0.75 |        69.1 |    69.1 |    69.1 
 abcijk-ejbc-ikea |   4096 |   9216 |    24 | 1.00 | 0.99 |        76.6 |    76.6 |    76.6 
 abcijk-ekab-ijec |   6144 |   6144 |    24 | 1.00 | 0.75 |        67.5 |    67.5 |    67.5 
 abcijk-ekac-ijeb |   6144 |   6144 |    24 | 1.00 | 0.75 |        69.4 |    69.4 |    69.4 
 abcijk-ekbc-ijea |   4096 |   9216 |    24 | 1.00 | 0.99 |        77.4 |    77.4 |    77.4 
       abc-bk-akc |    216 |  44064 |   204 | 1.00 | 1.00 |       156.4 |   156.4 |   156.4 

=== c64 ===
             case |      m |      n |     k | regA | regB | planar GF/s | 1m GF/s | 3m GF/s 
------------------+--------+--------+-------+------+------+-------------+---------+---------
         ij-ik-kj |   2904 |   2896 |  2904 | 1.00 | 1.00 |       168.6 |   170.8 |   167.8 
       ij-ikl-ljk |    216 |    204 | 44064 | 1.00 | 1.00 |       134.8 |   148.6 |   133.0 
       ij-kil-lkj |    216 |    204 | 46656 | 1.00 | 1.00 |       134.8 |   145.9 |   139.3 
       ijk-ikl-lj |  44064 |    204 |   216 | 1.00 | 1.00 |       158.7 |   156.6 |   158.3 
       ijk-il-jlk |    216 |  44064 |   204 | 1.00 | 0.98 |       157.2 |   163.0 |   147.8 
       ijk-ilk-jl |  44064 |    216 |   204 | 1.00 | 1.00 |       169.3 |   180.1 |   160.5 
       ijk-ilk-lj |  44064 |    204 |   216 | 1.00 | 1.00 |       171.4 |   180.3 |   160.0 
     ijk-ilmk-mjl |   3744 |     52 |  3744 | 1.00 | 1.00 |       130.8 |   138.1 |   111.3 
   ijkl-imjn-lnkm |   3744 |   3744 |  2704 | 1.00 | 0.92 |       169.8 |   177.1 |   165.5 
   ijkl-imjn-nlmk |   3744 |   2704 |  3744 | 1.00 | 0.92 |       169.6 |   177.3 |   165.1 
   ijkl-imkn-jnlm |   3744 |   3744 |  2704 | 1.00 | 0.95 |       168.1 |   172.8 |   160.2 
   ijkl-imkn-njml |   3744 |   2704 |  3744 | 1.00 | 0.92 |       168.4 |   172.3 |   160.9 
   ijkl-imln-jnkm |   3744 |   3744 |  2704 | 1.00 | 0.95 |       168.0 |   172.6 |   160.3 
   ijkl-imln-njmk |   3744 |   2704 |  3744 | 1.00 | 0.92 |       168.3 |   172.3 |   160.5 
   ijkl-imnj-nlkm |   3744 |   2704 |  3744 | 1.00 | 0.92 |       170.4 |   178.1 |   165.2 
   ijkl-imnk-njml |   3744 |   2704 |  3744 | 1.00 | 0.92 |       169.3 |   173.2 |   160.8 
   ijkl-minj-nlmk |   3744 |   2704 |  5184 | 1.00 | 0.92 |       170.0 |   175.4 |   170.4 
   ijkl-mink-jnlm |   3744 |   3744 |  3744 | 1.00 | 0.95 |       169.0 |   172.2 |   163.9 
   ijkl-minl-njmk |   3744 |   2704 |  5184 | 1.00 | 0.92 |       168.2 |   170.6 |   164.6 
     aqrs-pa-pqrs |     72 | 140608 |    72 | 1.00 | 1.00 |       110.4 |   117.1 |   106.4 
     abrs-qb-aqrs |     52 | 194688 |    72 | 1.00 | 1.00 |       117.0 |   125.4 |   102.3 
     abcs-rc-abrs |     52 | 194688 |    72 | 1.00 | 1.00 |       114.1 |   128.8 |   120.2 
       abj-bka-kj |  46656 |    204 |   216 | 1.00 | 1.00 |       144.4 |   139.7 |   142.3 
       ajb-kba-jk |  44064 |    216 |   216 | 1.00 | 1.00 |       173.6 |   182.1 |   176.7 
     abjc-cbka-kj | 269568 |     52 |    72 | 1.00 | 1.00 |        75.5 |    67.4 |    75.1 
     ajbc-ckba-jk | 269568 |     72 |    52 | 1.00 | 1.00 |        82.2 |    75.9 |    80.9 
     abjc-kbac-jk | 194688 |     72 |    72 | 1.00 | 1.00 |       139.3 |   151.3 |   148.4 
   abjcd-dkbac-jk | 331776 |     24 |    24 | 1.00 | 1.00 |        40.1 |    36.9 |    39.1 
   adbjc-cbdka-kj | 331776 |     24 |    24 | 1.00 | 1.00 |        35.8 |    32.6 |    35.1 
   ajbdc-ckbad-jk | 331776 |     24 |    24 | 1.00 | 1.00 |        38.7 |    35.5 |    38.0 
 abcijk-ijma-mkbc |   9216 |   4096 |    24 | 1.00 | 0.99 |       101.5 |   111.1 |   102.2 
 abcijk-ijmb-mkac |   6144 |   6144 |    24 | 1.00 | 0.75 |       100.0 |   110.5 |    99.5 
 abcijk-ijmc-mkab |   6144 |   6144 |    24 | 1.00 | 0.75 |       112.6 |   125.7 |   110.4 
 abcijk-ikma-mjbc |   9216 |   4096 |    24 | 1.00 | 0.99 |       101.4 |   111.6 |   102.7 
 abcijk-ikmb-mjac |   6144 |   6144 |    24 | 1.00 | 0.75 |       100.4 |   110.4 |    98.9 
 abcijk-ikmc-mjab |   6144 |   6144 |    24 | 1.00 | 0.75 |       112.3 |   125.0 |   110.4 
 abcijk-jkma-mibc |   9216 |   4096 |    24 | 1.00 | 0.99 |       102.1 |   111.7 |   103.2 
 abcijk-jkmb-miac |   6144 |   6144 |    24 | 1.00 | 0.75 |        99.0 |   104.9 |    99.1 
 abcijk-jkmc-miab |   6144 |   6144 |    24 | 1.00 | 0.75 |       108.0 |   103.7 |   108.2 
 abcijk-eiab-jkec |   6144 |   6144 |    24 | 1.00 | 0.75 |       108.0 |   108.2 |   108.5 
 abcijk-eiac-jkeb |   6144 |   6144 |    24 | 1.00 | 0.75 |        99.2 |   105.3 |    99.1 
 abcijk-eibc-jkea |   4096 |   9216 |    24 | 1.00 | 0.99 |       102.3 |   112.0 |   103.3 
 abcijk-ejab-ikec |   6144 |   6144 |    24 | 1.00 | 0.75 |       112.3 |   125.2 |   110.7 
 abcijk-ejac-ikeb |   6144 |   6144 |    24 | 1.00 | 0.75 |       100.6 |   110.7 |    95.7 
 abcijk-ejbc-ikea |   4096 |   9216 |    24 | 1.00 | 0.99 |       101.5 |   111.7 |   102.5 
 abcijk-ekab-ijec |   6144 |   6144 |    24 | 1.00 | 0.75 |       113.0 |   126.0 |   109.5 
 abcijk-ekac-ijeb |   6144 |   6144 |    24 | 1.00 | 0.75 |       100.9 |   111.0 |    99.9 
 abcijk-ekbc-ijea |   4096 |   9216 |    24 | 1.00 | 0.99 |       101.3 |   111.4 |   102.6 
       abc-bk-akc |    216 |  44064 |   204 | 1.00 | 1.00 |       169.7 |   180.1 |   159.8 

=== complex efficiency ratio (c64 GF/s over f64 GF/s; 1.0 = no penalty) ===
             case | planar c64/f64 | 1m c64/f64 | 3m c64/f64 
------------------+----------------+------------+------------
         ij-ik-kj |          1.078 |      1.093 |      1.073 
       ij-ikl-ljk |          1.216 |      1.342 |      1.200 
       ij-kil-lkj |          1.249 |      1.351 |      1.290 
       ijk-ikl-lj |          1.220 |      1.204 |      1.217 
       ijk-il-jlk |          1.222 |      1.267 |      1.149 
       ijk-ilk-jl |          1.081 |      1.150 |      1.025 
       ijk-ilk-lj |          1.095 |      1.151 |      1.022 
     ijk-ilmk-mjl |          1.270 |      1.340 |      1.080 
   ijkl-imjn-lnkm |          1.074 |      1.120 |      1.047 
   ijkl-imjn-nlmk |          1.078 |      1.126 |      1.049 
   ijkl-imkn-jnlm |          1.093 |      1.124 |      1.042 
   ijkl-imkn-njml |          1.093 |      1.117 |      1.043 
   ijkl-imln-jnkm |          1.091 |      1.121 |      1.042 
   ijkl-imln-njmk |          1.093 |      1.118 |      1.042 
   ijkl-imnj-nlkm |          1.072 |      1.120 |      1.039 
   ijkl-imnk-njml |          1.096 |      1.121 |      1.042 
   ijkl-minj-nlmk |          1.088 |      1.123 |      1.091 
   ijkl-mink-jnlm |          1.103 |      1.124 |      1.070 
   ijkl-minl-njmk |          1.105 |      1.121 |      1.081 
     aqrs-pa-pqrs |          1.600 |      1.696 |      1.542 
     abrs-qb-aqrs |          1.277 |      1.368 |      1.117 
     abcs-rc-abrs |          1.425 |      1.609 |      1.502 
       abj-bka-kj |          1.206 |      1.167 |      1.189 
       ajb-kba-jk |          1.085 |      1.138 |      1.104 
     abjc-cbka-kj |          2.434 |      2.175 |      2.421 
     ajbc-ckba-jk |          1.957 |      1.807 |      1.926 
     abjc-kbac-jk |          1.177 |      1.278 |      1.254 
   abjcd-dkbac-jk |          2.332 |      2.148 |      2.276 
   adbjc-cbdka-kj |          2.883 |      2.626 |      2.830 
   ajbdc-ckbad-jk |          2.332 |      2.142 |      2.294 
 abcijk-ijma-mkbc |          1.321 |      1.445 |      1.329 
 abcijk-ijmb-mkac |          1.441 |      1.594 |      1.435 
 abcijk-ijmc-mkab |          1.532 |      1.711 |      1.502 
 abcijk-ikma-mjbc |          1.320 |      1.453 |      1.337 
 abcijk-ikmb-mjac |          1.453 |      1.597 |      1.431 
 abcijk-ikmc-mjab |          1.543 |      1.718 |      1.518 
 abcijk-jkma-mibc |          1.304 |      1.428 |      1.318 
 abcijk-jkmb-miac |          1.451 |      1.536 |      1.452 
 abcijk-jkmc-miab |          1.514 |      1.454 |      1.517 
 abcijk-eiab-jkec |          1.515 |      1.518 |      1.522 
 abcijk-eiac-jkeb |          1.449 |      1.538 |      1.447 
 abcijk-eibc-jkea |          1.302 |      1.425 |      1.314 
 abcijk-ejab-ikec |          1.542 |      1.718 |      1.519 
 abcijk-ejac-ikeb |          1.457 |      1.603 |      1.386 
 abcijk-ejbc-ikea |          1.326 |      1.459 |      1.339 
 abcijk-ekab-ijec |          1.674 |      1.867 |      1.622 
 abcijk-ekac-ijeb |          1.455 |      1.600 |      1.441 
 abcijk-ekbc-ijea |          1.310 |      1.440 |      1.327 
       abc-bk-akc |          1.085 |      1.151 |      1.021 
             MEAN |          1.390 |      1.442 |      1.365 

wrote bench-results/worker5178-zen2/phase4f/th-t4-f64c64.csv
