host        : worker6194
target      : x86_64 / linux
cpu features: avx2 fma avx512f avx512dq 
caches      : L1=48KiB/12-way/1sh L2=1280KiB/20-way/1sh L3=49152KiB/12-way/32sh (via sysfs), blocking=legacy
l3 domains  : t1=1 t4=1 t8=1 t16=1 t32=1
baselines   : tblis=false blas=false

sweeping 49 cases at 16 MiB nominal tensor size, 3 reps, stress=none


=== f32 ===
             case |      m |     n |     k | regA | regB | planar GF/s | 1m GF/s | 3m GF/s 
------------------+--------+-------+-------+------+------+-------------+---------+---------
         ij-ik-kj |   1464 |  1448 |  1464 | 1.00 | 1.00 |      1928.1 |  1928.1 |  1928.1 
       ij-ikl-ljk |    144 |   128 | 18432 | 1.00 | 1.00 |        37.6 |    37.6 |    37.6 
       ij-kil-lkj |    144 |   128 | 20736 | 1.00 | 1.00 |        38.7 |    38.7 |    38.7 
       ijk-ikl-lj |  18432 |   128 |   144 | 1.00 | 1.00 |       471.3 |   471.3 |   471.3 
       ijk-il-jlk |    144 | 18432 |   128 | 1.00 | 1.00 |       821.8 |   821.8 |   821.8 
       ijk-ilk-jl |  18432 |   144 |   128 | 1.00 | 1.00 |       524.3 |   524.3 |   524.3 
       ijk-ilk-lj |  18432 |   128 |   144 | 1.00 | 1.00 |       621.6 |   621.6 |   621.6 
     ijk-ilmk-mjl |   1920 |    40 |  1920 | 1.00 | 1.00 |        97.1 |    97.1 |    97.1 
   ijkl-imjn-lnkm |   1920 |  1920 |  1600 | 1.00 | 1.00 |      1245.2 |  1245.2 |  1245.2 
   ijkl-imjn-nlmk |   1920 |  1600 |  1920 | 1.00 | 1.00 |      1283.3 |  1283.3 |  1283.3 
   ijkl-imkn-jnlm |   1920 |  1920 |  1600 | 1.00 | 1.00 |      1459.8 |  1459.8 |  1459.8 
   ijkl-imkn-njml |   1920 |  1600 |  1920 | 1.00 | 1.00 |      1417.2 |  1417.2 |  1417.2 
   ijkl-imln-jnkm |   1920 |  1920 |  1600 | 1.00 | 1.00 |      1347.7 |  1347.7 |  1347.7 
   ijkl-imln-njmk |   1920 |  1600 |  1920 | 1.00 | 1.00 |      1475.9 |  1475.9 |  1475.9 
   ijkl-imnj-nlkm |   1920 |  1600 |  1920 | 1.00 | 1.00 |      1285.8 |  1285.8 |  1285.8 
   ijkl-imnk-njml |   1920 |  1600 |  1920 | 1.00 | 1.00 |      1497.8 |  1497.8 |  1497.8 
   ijkl-minj-nlmk |   1920 |  1600 |  2304 | 1.00 | 1.00 |      1336.2 |  1336.2 |  1336.2 
   ijkl-mink-jnlm |   1920 |  1920 |  1920 | 1.00 | 1.00 |      1529.6 |  1529.6 |  1529.6 
   ijkl-minl-njmk |   1920 |  1600 |  2304 | 1.00 | 1.00 |      1392.9 |  1392.9 |  1392.9 
     aqrs-pa-pqrs |     48 | 64000 |    48 | 1.00 | 1.00 |       369.6 |   369.6 |   369.6 
     abrs-qb-aqrs |     40 | 76800 |    48 | 1.00 | 1.00 |       262.7 |   262.7 |   262.7 
     abcs-rc-abrs |     40 | 76800 |    48 | 1.00 | 1.00 |       286.7 |   286.7 |   286.7 
       abj-bka-kj |  20736 |   128 |   144 | 1.00 | 1.00 |       499.0 |   499.0 |   499.0 
       ajb-kba-jk |  18432 |   144 |   144 | 1.00 | 1.00 |       516.0 |   516.0 |   516.0 
     abjc-cbka-kj |  92160 |    40 |    48 | 1.00 | 1.00 |       213.2 |   213.2 |   213.2 
     ajbc-ckba-jk |  92160 |    48 |    40 | 1.00 | 1.00 |       190.4 |   190.4 |   190.4 
     abjc-kbac-jk |  76800 |    48 |    48 | 1.00 | 1.00 |       311.0 |   311.0 |   311.0 
   abjcd-dkbac-jk | 230400 |    24 |    20 | 0.00 | 1.00 |        97.3 |    97.3 |    97.3 
   adbjc-cbdka-kj | 230400 |    20 |    24 | 0.00 | 1.00 |       104.0 |   104.0 |   104.0 
   ajbdc-ckbad-jk | 230400 |    24 |    20 | 0.00 | 1.00 |        98.8 |    98.8 |    98.8 
 abcijk-ijma-mkbc |   6912 |  1728 |    24 | 0.00 | 1.00 |       382.5 |   382.5 |   382.5 
 abcijk-ijmb-mkac |   3456 |  3456 |    24 | 0.00 | 1.00 |       264.3 |   264.3 |   264.3 
 abcijk-ijmc-mkab |   3456 |  3456 |    24 | 1.00 | 0.67 |       277.2 |   277.2 |   277.2 
 abcijk-ikma-mjbc |   6912 |  1728 |    24 | 0.00 | 1.00 |       372.2 |   372.2 |   372.2 
 abcijk-ikmb-mjac |   3456 |  3456 |    24 | 0.00 | 1.00 |       262.7 |   262.7 |   262.7 
 abcijk-ikmc-mjab |   3456 |  3456 |    24 | 1.00 | 0.67 |       281.8 |   281.8 |   281.8 
 abcijk-jkma-mibc |   6912 |  1728 |    24 | 0.00 | 1.00 |       382.1 |   382.1 |   382.1 
 abcijk-jkmb-miac |   3456 |  3456 |    24 | 0.00 | 1.00 |       259.5 |   259.5 |   259.5 
 abcijk-jkmc-miab |   3456 |  3456 |    24 | 1.00 | 0.67 |       267.8 |   267.8 |   267.8 
 abcijk-eiab-jkec |   3456 |  3456 |    24 | 1.00 | 0.67 |       291.4 |   291.4 |   291.4 
 abcijk-eiac-jkeb |   3456 |  3456 |    24 | 0.00 | 1.00 |       235.2 |   235.2 |   235.2 
 abcijk-eibc-jkea |   1728 |  6912 |    24 | 0.00 | 1.00 |       394.0 |   394.0 |   394.0 
 abcijk-ejab-ikec |   3456 |  3456 |    24 | 1.00 | 0.67 |       261.8 |   261.8 |   261.8 
 abcijk-ejac-ikeb |   3456 |  3456 |    24 | 0.00 | 1.00 |       250.0 |   250.0 |   250.0 
 abcijk-ejbc-ikea |   1728 |  6912 |    24 | 0.00 | 1.00 |       374.1 |   374.1 |   374.1 
 abcijk-ekab-ijec |   3456 |  3456 |    24 | 1.00 | 0.67 |       286.7 |   286.7 |   286.7 
 abcijk-ekac-ijeb |   3456 |  3456 |    24 | 0.00 | 1.00 |       221.6 |   221.6 |   221.6 
 abcijk-ekbc-ijea |   1728 |  6912 |    24 | 0.00 | 1.00 |       355.3 |   355.3 |   355.3 
       abc-bk-akc |    144 | 18432 |   128 | 1.00 | 1.00 |       609.7 |   609.7 |   609.7 

=== c32 ===
             case |      m |     n |     k | regA | regB | planar GF/s | 1m GF/s | 3m GF/s 
------------------+--------+-------+-------+------+------+-------------+---------+---------
         ij-ik-kj |   1464 |  1448 |  1464 | 1.00 | 1.00 |      1608.9 |  1621.5 |  1189.2 
       ij-ikl-ljk |    144 |   128 | 18432 | 1.00 | 1.00 |       111.6 |   106.6 |   125.6 
       ij-kil-lkj |    144 |   128 | 20736 | 1.00 | 1.00 |       107.9 |   105.9 |   156.8 
       ijk-ikl-lj |  18432 |   128 |   144 | 1.00 | 1.00 |      1449.2 |  1274.3 |  1080.8 
       ijk-il-jlk |    144 | 18432 |   128 | 1.00 | 1.00 |      1478.5 |  1350.5 |   995.7 
       ijk-ilk-jl |  18432 |   144 |   128 | 0.89 | 1.00 |      1350.5 |  1367.0 |  1217.2 
       ijk-ilk-lj |  18432 |   128 |   144 | 0.89 | 1.00 |      1406.3 |  1429.1 |  1068.7 
     ijk-ilmk-mjl |   1920 |    40 |  1920 | 0.67 | 1.00 |       304.9 |   315.3 |   301.9 
   ijkl-imjn-lnkm |   1920 |  1920 |  1600 | 0.67 | 0.90 |      1782.1 |  1751.2 |  1294.7 
   ijkl-imjn-nlmk |   1920 |  1600 |  1920 | 0.67 | 0.90 |      1829.0 |  1776.3 |  1321.0 
   ijkl-imkn-jnlm |   1920 |  1920 |  1600 | 0.67 | 1.00 |      1889.0 |  1907.7 |  1369.1 
   ijkl-imkn-njml |   1920 |  1600 |  1920 | 0.67 | 0.90 |      1901.1 |  1911.0 |  1361.7 
   ijkl-imln-jnkm |   1920 |  1920 |  1600 | 0.67 | 1.00 |      1884.5 |  1897.7 |  1355.4 
   ijkl-imln-njmk |   1920 |  1600 |  1920 | 0.67 | 0.90 |      1926.5 |  1927.7 |  1377.8 
   ijkl-imnj-nlkm |   1920 |  1600 |  1920 | 0.67 | 0.90 |      1857.0 |  1801.4 |  1328.4 
   ijkl-imnk-njml |   1920 |  1600 |  1920 | 0.67 | 0.90 |      1930.2 |  1909.9 |  1375.1 
   ijkl-minj-nlmk |   1920 |  1600 |  2304 | 0.67 | 0.90 |      1828.3 |  1788.3 |  1303.3 
   ijkl-mink-jnlm |   1920 |  1920 |  1920 | 0.67 | 1.00 |      2039.0 |  2016.2 |  1428.4 
   ijkl-minl-njmk |   1920 |  1600 |  2304 | 0.67 | 0.90 |      1893.6 |  1878.5 |  1383.4 
     aqrs-pa-pqrs |     48 | 64000 |    48 | 1.00 | 1.00 |        62.2 |    56.7 |   638.1 
     abrs-qb-aqrs |     40 | 76800 |    48 | 0.67 | 1.00 |       665.2 |   698.2 |   584.3 
     abcs-rc-abrs |     40 | 76800 |    48 | 1.00 | 1.00 |       623.0 |   641.2 |   589.2 
       abj-bka-kj |  20736 |   128 |   144 | 0.89 | 1.00 |      1161.4 |  1108.9 |  1078.5 
       ajb-kba-jk |  18432 |   144 |   144 | 0.89 | 1.00 |      1381.6 |  1454.1 |  1234.6 
     abjc-cbka-kj |  92160 |    40 |    48 | 0.67 | 1.00 |       583.7 |   527.7 |   523.8 
     ajbc-ckba-jk |  92160 |    48 |    40 | 0.67 | 1.00 |       562.7 |   499.4 |   480.4 
     abjc-kbac-jk |  76800 |    48 |    48 | 0.67 | 1.00 |       741.0 |   757.3 |   680.9 
   abjcd-dkbac-jk | 230400 |    24 |    20 | 0.00 | 1.00 |       290.4 |   270.0 |   253.8 
   adbjc-cbdka-kj | 230400 |    20 |    24 | 0.00 | 1.00 |       257.1 |   254.7 |   232.6 
   ajbdc-ckbad-jk | 230400 |    24 |    20 | 0.00 | 1.00 |       270.4 |   252.7 |   242.4 
 abcijk-ijma-mkbc |   6912 |  1728 |    24 | 0.00 | 1.00 |       660.0 |   696.9 |   597.8 
 abcijk-ijmb-mkac |   3456 |  3456 |    24 | 0.00 | 1.00 |       498.8 |   556.9 |   401.5 
 abcijk-ijmc-mkab |   3456 |  3456 |    24 | 1.00 | 1.00 |       489.6 |   487.7 |   403.1 
 abcijk-ikma-mjbc |   6912 |  1728 |    24 | 0.00 | 1.00 |       700.9 |   720.9 |   628.8 
 abcijk-ikmb-mjac |   3456 |  3456 |    24 | 0.00 | 1.00 |       443.2 |   521.6 |   406.9 
 abcijk-ikmc-mjab |   3456 |  3456 |    24 | 1.00 | 1.00 |       506.7 |   486.0 |   399.7 
 abcijk-jkma-mibc |   6912 |  1728 |    24 | 0.00 | 1.00 |       707.8 |   714.3 |   562.1 
 abcijk-jkmb-miac |   3456 |  3456 |    24 | 0.00 | 1.00 |       484.3 |   570.5 |   431.0 
 abcijk-jkmc-miab |   3456 |  3456 |    24 | 1.00 | 1.00 |       547.3 |   478.8 |   395.3 
 abcijk-eiab-jkec |   3456 |  3456 |    24 | 1.00 | 1.00 |       483.4 |   538.3 |   379.4 
 abcijk-eiac-jkeb |   3456 |  3456 |    24 | 0.00 | 1.00 |       494.4 |   559.1 |   392.6 
 abcijk-eibc-jkea |   1728 |  6912 |    24 | 0.00 | 1.00 |       701.3 |   768.0 |   590.6 
 abcijk-ejab-ikec |   3456 |  3456 |    24 | 1.00 | 1.00 |       518.6 |   490.5 |   392.5 
 abcijk-ejac-ikeb |   3456 |  3456 |    24 | 0.00 | 1.00 |       523.5 |   531.3 |   396.1 
 abcijk-ejbc-ikea |   1728 |  6912 |    24 | 0.00 | 1.00 |       653.3 |   767.5 |   552.8 
 abcijk-ekab-ijec |   3456 |  3456 |    24 | 1.00 | 1.00 |       512.1 |   475.3 |   390.5 
 abcijk-ekac-ijeb |   3456 |  3456 |    24 | 0.00 | 1.00 |       476.0 |   531.8 |   378.7 
 abcijk-ekbc-ijea |   1728 |  6912 |    24 | 0.00 | 1.00 |       715.1 |   809.2 |   613.1 
       abc-bk-akc |    144 | 18432 |   128 | 0.89 | 1.00 |      1379.2 |  1445.2 |  1168.9 

=== complex efficiency ratio (c32 GF/s over f32 GF/s; 1.0 = no penalty) ===
             case | planar c32/f32 | 1m c32/f32 | 3m c32/f32 
------------------+----------------+------------+------------
         ij-ik-kj |          0.834 |      0.841 |      0.617 
       ij-ikl-ljk |          2.969 |      2.833 |      3.340 
       ij-kil-lkj |          2.790 |      2.738 |      4.056 
       ijk-ikl-lj |          3.075 |      2.704 |      2.293 
       ijk-il-jlk |          1.799 |      1.643 |      1.212 
       ijk-ilk-jl |          2.576 |      2.607 |      2.322 
       ijk-ilk-lj |          2.262 |      2.299 |      1.719 
     ijk-ilmk-mjl |          3.139 |      3.246 |      3.108 
   ijkl-imjn-lnkm |          1.431 |      1.406 |      1.040 
   ijkl-imjn-nlmk |          1.425 |      1.384 |      1.029 
   ijkl-imkn-jnlm |          1.294 |      1.307 |      0.938 
   ijkl-imkn-njml |          1.341 |      1.348 |      0.961 
   ijkl-imln-jnkm |          1.398 |      1.408 |      1.006 
   ijkl-imln-njmk |          1.305 |      1.306 |      0.934 
   ijkl-imnj-nlkm |          1.444 |      1.401 |      1.033 
   ijkl-imnk-njml |          1.289 |      1.275 |      0.918 
   ijkl-minj-nlmk |          1.368 |      1.338 |      0.975 
   ijkl-mink-jnlm |          1.333 |      1.318 |      0.934 
   ijkl-minl-njmk |          1.359 |      1.349 |      0.993 
     aqrs-pa-pqrs |          0.168 |      0.154 |      1.727 
     abrs-qb-aqrs |          2.532 |      2.658 |      2.224 
     abcs-rc-abrs |          2.173 |      2.237 |      2.055 
       abj-bka-kj |          2.328 |      2.222 |      2.161 
       ajb-kba-jk |          2.677 |      2.818 |      2.392 
     abjc-cbka-kj |          2.737 |      2.475 |      2.457 
     ajbc-ckba-jk |          2.955 |      2.623 |      2.523 
     abjc-kbac-jk |          2.382 |      2.435 |      2.189 
   abjcd-dkbac-jk |          2.985 |      2.775 |      2.609 
   adbjc-cbdka-kj |          2.473 |      2.450 |      2.238 
   ajbdc-ckbad-jk |          2.738 |      2.558 |      2.454 
 abcijk-ijma-mkbc |          1.726 |      1.822 |      1.563 
 abcijk-ijmb-mkac |          1.887 |      2.107 |      1.519 
 abcijk-ijmc-mkab |          1.766 |      1.759 |      1.454 
 abcijk-ikma-mjbc |          1.883 |      1.937 |      1.689 
 abcijk-ikmb-mjac |          1.687 |      1.986 |      1.549 
 abcijk-ikmc-mjab |          1.798 |      1.725 |      1.418 
 abcijk-jkma-mibc |          1.852 |      1.869 |      1.471 
 abcijk-jkmb-miac |          1.866 |      2.198 |      1.661 
 abcijk-jkmc-miab |          2.043 |      1.788 |      1.476 
 abcijk-eiab-jkec |          1.659 |      1.847 |      1.302 
 abcijk-eiac-jkeb |          2.102 |      2.377 |      1.669 
 abcijk-eibc-jkea |          1.780 |      1.949 |      1.499 
 abcijk-ejab-ikec |          1.981 |      1.874 |      1.500 
 abcijk-ejac-ikeb |          2.094 |      2.125 |      1.584 
 abcijk-ejbc-ikea |          1.746 |      2.051 |      1.477 
 abcijk-ekab-ijec |          1.786 |      1.658 |      1.362 
 abcijk-ekac-ijeb |          2.148 |      2.400 |      1.709 
 abcijk-ekbc-ijea |          2.013 |      2.277 |      1.726 
       abc-bk-akc |          2.262 |      2.371 |      1.917 
             MEAN |          1.973 |      1.985 |      1.714 

wrote bench-results/worker6194-icelake/phase4g/sm-pool-s16-t16-f32c32.csv
