host        : worker6194
target      : x86_64 / linux
cpu features: avx2 fma avx512f avx512dq 
caches      : L1=48KiB/12-way/1sh L2=1280KiB/20-way/1sh L3=49152KiB/12-way/32sh (via sysfs), blocking=legacy
l3 domains  : t1=1 t4=1
baselines   : tblis=false blas=false

sweeping 49 cases at 64 MiB nominal tensor size, 3 reps, stress=none


=== f64 ===
             case |      m |      n |     k | regA | regB | planar GF/s | 1m GF/s | 3m GF/s 
------------------+--------+--------+-------+------+------+-------------+---------+---------
         ij-ik-kj |   2904 |   2896 |  2904 | 1.00 | 1.00 |       140.9 |   140.9 |   140.9 
       ij-ikl-ljk |    216 |    204 | 44064 | 1.00 | 1.00 |        70.7 |    70.7 |    70.7 
       ij-kil-lkj |    216 |    204 | 46656 | 1.00 | 1.00 |        71.1 |    71.1 |    71.1 
       ijk-ikl-lj |  44064 |    204 |   216 | 1.00 | 1.00 |       116.4 |   116.4 |   116.4 
       ijk-il-jlk |    216 |  44064 |   204 | 1.00 | 1.00 |        87.2 |    87.2 |    87.2 
       ijk-ilk-jl |  44064 |    216 |   204 | 1.00 | 1.00 |       125.9 |   125.9 |   125.9 
       ijk-ilk-lj |  44064 |    204 |   216 | 1.00 | 1.00 |       122.6 |   122.6 |   122.6 
     ijk-ilmk-mjl |   3744 |     52 |  3744 | 1.00 | 1.00 |        87.5 |    87.5 |    87.5 
   ijkl-imjn-lnkm |   3744 |   3744 |  2704 | 1.00 | 0.92 |       138.9 |   138.9 |   138.9 
   ijkl-imjn-nlmk |   3744 |   2704 |  3744 | 1.00 | 0.92 |       139.8 |   139.8 |   139.8 
   ijkl-imkn-jnlm |   3744 |   3744 |  2704 | 1.00 | 1.00 |       137.8 |   137.8 |   137.8 
   ijkl-imkn-njml |   3744 |   2704 |  3744 | 1.00 | 0.92 |       137.5 |   137.5 |   137.5 
   ijkl-imln-jnkm |   3744 |   3744 |  2704 | 1.00 | 1.00 |       138.0 |   138.0 |   138.0 
   ijkl-imln-njmk |   3744 |   2704 |  3744 | 1.00 | 0.92 |       137.3 |   137.3 |   137.3 
   ijkl-imnj-nlkm |   3744 |   2704 |  3744 | 1.00 | 0.92 |       139.0 |   139.0 |   139.0 
   ijkl-imnk-njml |   3744 |   2704 |  3744 | 1.00 | 0.92 |       137.8 |   137.8 |   137.8 
   ijkl-minj-nlmk |   3744 |   2704 |  5184 | 1.00 | 0.92 |       137.3 |   137.3 |   137.3 
   ijkl-mink-jnlm |   3744 |   3744 |  3744 | 1.00 | 1.00 |       136.6 |   136.6 |   136.6 
   ijkl-minl-njmk |   3744 |   2704 |  5184 | 1.00 | 0.92 |       135.9 |   135.9 |   135.9 
     aqrs-pa-pqrs |     72 | 140608 |    72 | 1.00 | 1.00 |        42.8 |    42.8 |    42.8 
     abrs-qb-aqrs |     52 | 194688 |    72 | 1.00 | 1.00 |        83.1 |    83.1 |    83.1 
     abcs-rc-abrs |     52 | 194688 |    72 | 1.00 | 1.00 |        96.7 |    96.7 |    96.7 
       abj-bka-kj |  46656 |    204 |   216 | 1.00 | 1.00 |        90.5 |    90.5 |    90.5 
       ajb-kba-jk |  44064 |    216 |   216 | 1.00 | 1.00 |       128.4 |   128.4 |   128.4 
     abjc-cbka-kj | 269568 |     52 |    72 | 1.00 | 1.00 |        29.6 |    29.6 |    29.6 
     ajbc-ckba-jk | 269568 |     72 |    52 | 1.00 | 1.00 |        41.7 |    41.7 |    41.7 
     abjc-kbac-jk | 194688 |     72 |    72 | 1.00 | 1.00 |       107.6 |   107.6 |   107.6 
   abjcd-dkbac-jk | 331776 |     24 |    24 | 1.00 | 1.00 |        15.4 |    15.4 |    15.4 
   adbjc-cbdka-kj | 331776 |     24 |    24 | 1.00 | 1.00 |        12.7 |    12.7 |    12.7 
   ajbdc-ckbad-jk | 331776 |     24 |    24 | 1.00 | 1.00 |        15.1 |    15.1 |    15.1 
 abcijk-ijma-mkbc |   9216 |   4096 |    24 | 1.00 | 1.00 |        86.1 |    86.1 |    86.1 
 abcijk-ijmb-mkac |   6144 |   6144 |    24 | 1.00 | 1.00 |        75.6 |    75.6 |    75.6 
 abcijk-ijmc-mkab |   6144 |   6144 |    24 | 1.00 | 1.00 |        79.5 |    79.5 |    79.5 
 abcijk-ikma-mjbc |   9216 |   4096 |    24 | 1.00 | 1.00 |        87.9 |    87.9 |    87.9 
 abcijk-ikmb-mjac |   6144 |   6144 |    24 | 1.00 | 1.00 |        75.2 |    75.2 |    75.2 
 abcijk-ikmc-mjab |   6144 |   6144 |    24 | 1.00 | 1.00 |        77.7 |    77.7 |    77.7 
 abcijk-jkma-mibc |   9216 |   4096 |    24 | 1.00 | 1.00 |        84.1 |    84.1 |    84.1 
 abcijk-jkmb-miac |   6144 |   6144 |    24 | 1.00 | 1.00 |        72.3 |    72.3 |    72.3 
 abcijk-jkmc-miab |   6144 |   6144 |    24 | 1.00 | 1.00 |        75.0 |    75.0 |    75.0 
 abcijk-eiab-jkec |   6144 |   6144 |    24 | 1.00 | 1.00 |        75.5 |    75.5 |    75.5 
 abcijk-eiac-jkeb |   6144 |   6144 |    24 | 1.00 | 1.00 |        71.5 |    71.5 |    71.5 
 abcijk-eibc-jkea |   4096 |   9216 |    24 | 1.00 | 1.00 |        83.4 |    83.4 |    83.4 
 abcijk-ejab-ikec |   6144 |   6144 |    24 | 1.00 | 1.00 |        79.2 |    79.2 |    79.2 
 abcijk-ejac-ikeb |   6144 |   6144 |    24 | 1.00 | 1.00 |        76.4 |    76.4 |    76.4 
 abcijk-ejbc-ikea |   4096 |   9216 |    24 | 1.00 | 1.00 |        87.0 |    87.0 |    87.0 
 abcijk-ekab-ijec |   6144 |   6144 |    24 | 1.00 | 1.00 |        78.0 |    78.0 |    78.0 
 abcijk-ekac-ijeb |   6144 |   6144 |    24 | 1.00 | 1.00 |        75.2 |    75.2 |    75.2 
 abcijk-ekbc-ijea |   4096 |   9216 |    24 | 1.00 | 1.00 |        86.3 |    86.3 |    86.3 
       abc-bk-akc |    216 |  44064 |   204 | 1.00 | 1.00 |       125.4 |   125.4 |   125.4 

=== c64 ===
             case |      m |      n |     k | regA | regB | planar GF/s | 1m GF/s | 3m GF/s 
------------------+--------+--------+-------+------+------+-------------+---------+---------
         ij-ik-kj |   2904 |   2896 |  2904 | 1.00 | 1.00 |       178.9 |   145.6 |   116.6 
       ij-ikl-ljk |    216 |    204 | 44064 | 1.00 | 1.00 |       116.9 |   100.8 |    81.1 
       ij-kil-lkj |    216 |    204 | 46656 | 1.00 | 1.00 |       120.6 |   103.9 |    84.2 
       ijk-ikl-lj |  44064 |    204 |   216 | 1.00 | 1.00 |       166.7 |   132.8 |   109.1 
       ijk-il-jlk |    216 |  44064 |   204 | 1.00 | 1.00 |       153.1 |   129.8 |    97.5 
       ijk-ilk-jl |  44064 |    216 |   204 | 0.96 | 1.00 |       170.6 |   138.3 |   111.4 
       ijk-ilk-lj |  44064 |    204 |   216 | 0.96 | 1.00 |       170.5 |   135.8 |   110.3 
     ijk-ilmk-mjl |   3744 |     52 |  3744 | 0.89 | 1.00 |       129.1 |   104.8 |    81.1 
   ijkl-imjn-lnkm |   3744 |   3744 |  2704 | 0.89 | 0.92 |       178.8 |   145.6 |   114.5 
   ijkl-imjn-nlmk |   3744 |   2704 |  3744 | 0.89 | 0.92 |       179.5 |   146.0 |   115.7 
   ijkl-imkn-jnlm |   3744 |   3744 |  2704 | 0.89 | 1.00 |       176.6 |   145.7 |   115.3 
   ijkl-imkn-njml |   3744 |   2704 |  3744 | 0.89 | 0.92 |       175.7 |   145.2 |   114.7 
   ijkl-imln-jnkm |   3744 |   3744 |  2704 | 0.89 | 1.00 |       176.5 |   145.6 |   115.3 
   ijkl-imln-njmk |   3744 |   2704 |  3744 | 0.89 | 0.92 |       175.7 |   145.1 |   114.5 
   ijkl-imnj-nlkm |   3744 |   2704 |  3744 | 0.89 | 0.92 |       179.6 |   146.7 |   115.6 
   ijkl-imnk-njml |   3744 |   2704 |  3744 | 0.89 | 0.92 |       175.6 |   145.4 |   114.8 
   ijkl-minj-nlmk |   3744 |   2704 |  5184 | 0.89 | 0.92 |       178.1 |   144.9 |   114.5 
   ijkl-mink-jnlm |   3744 |   3744 |  3744 | 0.89 | 1.00 |       176.3 |   144.7 |   114.5 
   ijkl-minl-njmk |   3744 |   2704 |  5184 | 0.89 | 0.92 |       174.5 |   143.8 |   113.8 
     aqrs-pa-pqrs |     72 | 140608 |    72 | 1.00 | 1.00 |        85.3 |   104.5 |    73.9 
     abrs-qb-aqrs |     52 | 194688 |    72 | 0.89 | 1.00 |       117.3 |   111.7 |    81.1 
     abcs-rc-abrs |     52 | 194688 |    72 | 1.00 | 1.00 |       130.9 |   118.3 |    87.1 
       abj-bka-kj |  46656 |    204 |   216 | 0.96 | 1.00 |       142.2 |   113.2 |    97.3 
       ajb-kba-jk |  44064 |    216 |   216 | 0.96 | 1.00 |       183.3 |   148.1 |   117.4 
     abjc-cbka-kj | 269568 |     52 |    72 | 0.89 | 1.00 |        61.9 |    51.3 |    48.6 
     ajbc-ckba-jk | 269568 |     72 |    52 | 0.89 | 1.00 |        70.9 |    65.0 |    57.2 
     abjc-kbac-jk | 194688 |     72 |    72 | 0.89 | 1.00 |       131.9 |   123.2 |    90.2 
   abjcd-dkbac-jk | 331776 |     24 |    24 | 0.67 | 1.00 |        30.4 |    25.6 |    24.8 
   adbjc-cbdka-kj | 331776 |     24 |    24 | 0.67 | 1.00 |        30.4 |    24.6 |    24.7 
   ajbdc-ckbad-jk | 331776 |     24 |    24 | 1.00 | 1.00 |        31.6 |    24.8 |    24.3 
 abcijk-ijma-mkbc |   9216 |   4096 |    24 | 1.00 | 0.99 |       120.9 |   106.5 |    84.2 
 abcijk-ijmb-mkac |   6144 |   6144 |    24 | 1.00 | 0.88 |       116.8 |   106.2 |    83.8 
 abcijk-ijmc-mkab |   6144 |   6144 |    24 | 1.00 | 0.75 |       119.0 |   114.7 |    91.5 
 abcijk-ikma-mjbc |   9216 |   4096 |    24 | 1.00 | 0.99 |       120.8 |   106.2 |    84.4 
 abcijk-ikmb-mjac |   6144 |   6144 |    24 | 1.00 | 0.88 |       117.4 |   106.5 |    84.7 
 abcijk-ikmc-mjab |   6144 |   6144 |    24 | 1.00 | 0.75 |       119.2 |   115.1 |    91.5 
 abcijk-jkma-mibc |   9216 |   4096 |    24 | 1.00 | 0.99 |       120.3 |   106.3 |    84.7 
 abcijk-jkmb-miac |   6144 |   6144 |    24 | 1.00 | 0.88 |       116.2 |   105.6 |    83.9 
 abcijk-jkmc-miab |   6144 |   6144 |    24 | 1.00 | 0.75 |       118.6 |   112.2 |    90.6 
 abcijk-eiab-jkec |   6144 |   6144 |    24 | 1.00 | 0.75 |       117.6 |   112.9 |    89.6 
 abcijk-eiac-jkeb |   6144 |   6144 |    24 | 1.00 | 0.88 |       116.2 |   105.8 |    82.0 
 abcijk-eibc-jkea |   4096 |   9216 |    24 | 1.00 | 0.99 |       119.2 |   106.6 |    84.3 
 abcijk-ejab-ikec |   6144 |   6144 |    24 | 1.00 | 0.75 |       118.6 |   114.0 |    90.2 
 abcijk-ejac-ikeb |   6144 |   6144 |    24 | 1.00 | 0.88 |       117.8 |   107.0 |    83.9 
 abcijk-ejbc-ikea |   4096 |   9216 |    24 | 1.00 | 0.99 |       120.3 |   106.0 |    84.5 
 abcijk-ekab-ijec |   6144 |   6144 |    24 | 1.00 | 0.75 |       118.8 |   114.8 |    90.2 
 abcijk-ekac-ijeb |   6144 |   6144 |    24 | 1.00 | 0.88 |       117.8 |   107.0 |    83.5 
 abcijk-ekbc-ijea |   4096 |   9216 |    24 | 1.00 | 0.99 |       121.9 |   106.3 |    83.9 
       abc-bk-akc |    216 |  44064 |   204 | 0.96 | 1.00 |       171.9 |   138.1 |   111.6 

=== complex efficiency ratio (c64 GF/s over f64 GF/s; 1.0 = no penalty) ===
             case | planar c64/f64 | 1m c64/f64 | 3m c64/f64 
------------------+----------------+------------+------------
         ij-ik-kj |          1.269 |      1.033 |      0.827 
       ij-ikl-ljk |          1.654 |      1.426 |      1.147 
       ij-kil-lkj |          1.696 |      1.461 |      1.185 
       ijk-ikl-lj |          1.432 |      1.141 |      0.937 
       ijk-il-jlk |          1.757 |      1.489 |      1.119 
       ijk-ilk-jl |          1.355 |      1.098 |      0.885 
       ijk-ilk-lj |          1.391 |      1.108 |      0.899 
     ijk-ilmk-mjl |          1.476 |      1.198 |      0.928 
   ijkl-imjn-lnkm |          1.287 |      1.048 |      0.825 
   ijkl-imjn-nlmk |          1.284 |      1.044 |      0.828 
   ijkl-imkn-jnlm |          1.282 |      1.057 |      0.837 
   ijkl-imkn-njml |          1.278 |      1.056 |      0.834 
   ijkl-imln-jnkm |          1.279 |      1.055 |      0.836 
   ijkl-imln-njmk |          1.280 |      1.057 |      0.834 
   ijkl-imnj-nlkm |          1.292 |      1.055 |      0.831 
   ijkl-imnk-njml |          1.274 |      1.055 |      0.833 
   ijkl-minj-nlmk |          1.298 |      1.055 |      0.834 
   ijkl-mink-jnlm |          1.291 |      1.060 |      0.839 
   ijkl-minl-njmk |          1.284 |      1.058 |      0.837 
     aqrs-pa-pqrs |          1.993 |      2.440 |      1.726 
     abrs-qb-aqrs |          1.412 |      1.345 |      0.977 
     abcs-rc-abrs |          1.355 |      1.224 |      0.901 
       abj-bka-kj |          1.571 |      1.251 |      1.075 
       ajb-kba-jk |          1.428 |      1.154 |      0.914 
     abjc-cbka-kj |          2.092 |      1.735 |      1.642 
     ajbc-ckba-jk |          1.698 |      1.557 |      1.371 
     abjc-kbac-jk |          1.226 |      1.146 |      0.838 
   abjcd-dkbac-jk |          1.967 |      1.657 |      1.606 
   adbjc-cbdka-kj |          2.395 |      1.936 |      1.947 
   ajbdc-ckbad-jk |          2.085 |      1.635 |      1.604 
 abcijk-ijma-mkbc |          1.405 |      1.237 |      0.979 
 abcijk-ijmb-mkac |          1.544 |      1.404 |      1.108 
 abcijk-ijmc-mkab |          1.498 |      1.443 |      1.151 
 abcijk-ikma-mjbc |          1.375 |      1.209 |      0.960 
 abcijk-ikmb-mjac |          1.562 |      1.416 |      1.127 
 abcijk-ikmc-mjab |          1.533 |      1.480 |      1.177 
 abcijk-jkma-mibc |          1.431 |      1.265 |      1.007 
 abcijk-jkmb-miac |          1.607 |      1.460 |      1.161 
 abcijk-jkmc-miab |          1.582 |      1.496 |      1.208 
 abcijk-eiab-jkec |          1.557 |      1.495 |      1.187 
 abcijk-eiac-jkeb |          1.626 |      1.480 |      1.147 
 abcijk-eibc-jkea |          1.428 |      1.277 |      1.011 
 abcijk-ejab-ikec |          1.496 |      1.439 |      1.138 
 abcijk-ejac-ikeb |          1.543 |      1.402 |      1.099 
 abcijk-ejbc-ikea |          1.384 |      1.219 |      0.971 
 abcijk-ekab-ijec |          1.522 |      1.472 |      1.155 
 abcijk-ekac-ijeb |          1.566 |      1.422 |      1.110 
 abcijk-ekbc-ijea |          1.413 |      1.233 |      0.973 
       abc-bk-akc |          1.370 |      1.101 |      0.890 
             MEAN |          1.507 |      1.318 |      1.066 

wrote bench-results/worker6194-icelake/phase4g/sm-pool-s64-t2-f64c64.csv
