host        : worker6194
target      : x86_64 / linux
cpu features: avx2 fma avx512f avx512dq 
caches      : L1=48KiB/12-way/1sh L2=1280KiB/20-way/1sh L3=49152KiB/12-way/32sh (via sysfs), blocking=legacy
l3 domains  : t1=1 t4=1 t8=1 t16=1
baselines   : tblis=false blas=false

sweeping 49 cases at 1 MiB nominal tensor size, 24 reps, stress=none


=== f64 ===
             case |     m |    n |    k | regA | regB | planar GF/s | 1m GF/s | 3m GF/s 
------------------+-------+------+------+------+------+-------------+---------+---------
         ij-ik-kj |   384 |  364 |  384 | 1.00 | 1.00 |       382.3 |   382.3 |   382.3 
       ij-ikl-ljk |    72 |   52 | 3744 | 1.00 | 1.00 |        84.7 |    84.7 |    84.7 
       ij-kil-lkj |    72 |   52 | 5184 | 1.00 | 1.00 |        85.6 |    85.6 |    85.6 
       ijk-ikl-lj |  3744 |   52 |   72 | 1.00 | 1.00 |        64.3 |    64.3 |    64.3 
       ijk-il-jlk |    72 | 3744 |   52 | 1.00 | 1.00 |       350.5 |   350.5 |   350.5 
       ijk-ilk-jl |  3744 |   72 |   52 | 1.00 | 1.00 |        56.7 |    56.7 |    56.7 
       ijk-ilk-lj |  3744 |   52 |   72 | 1.00 | 1.00 |        60.5 |    60.5 |    60.5 
     ijk-ilmk-mjl |   480 |   20 |  480 | 1.00 | 1.00 |        12.3 |    12.3 |    12.3 
   ijkl-imjn-lnkm |   480 |  480 |  400 | 1.00 | 0.80 |       140.6 |   140.6 |   140.6 
   ijkl-imjn-nlmk |   480 |  400 |  480 | 1.00 | 0.80 |       144.8 |   144.8 |   144.8 
   ijkl-imkn-jnlm |   480 |  480 |  400 | 1.00 | 1.00 |       149.6 |   149.6 |   149.6 
   ijkl-imkn-njml |   480 |  400 |  480 | 1.00 | 0.80 |       138.3 |   138.3 |   138.3 
   ijkl-imln-jnkm |   480 |  480 |  400 | 1.00 | 1.00 |       168.0 |   168.0 |   168.0 
   ijkl-imln-njmk |   480 |  400 |  480 | 1.00 | 0.80 |       150.4 |   150.4 |   150.4 
   ijkl-imnj-nlkm |   480 |  400 |  480 | 1.00 | 0.80 |       148.2 |   148.2 |   148.2 
   ijkl-imnk-njml |   480 |  400 |  480 | 1.00 | 0.80 |       166.0 |   166.0 |   166.0 
   ijkl-minj-nlmk |   480 |  400 |  576 | 1.00 | 0.80 |       117.8 |   117.8 |   117.8 
   ijkl-mink-jnlm |   480 |  480 |  480 | 1.00 | 1.00 |       163.2 |   163.2 |   163.2 
   ijkl-minl-njmk |   480 |  400 |  576 | 1.00 | 0.80 |       133.8 |   133.8 |   133.8 
     aqrs-pa-pqrs |    24 | 8000 |   24 | 1.00 | 1.00 |       138.9 |   138.9 |   138.9 
     abrs-qb-aqrs |    20 | 9600 |   24 | 1.00 | 1.00 |        28.5 |    28.5 |    28.5 
     abcs-rc-abrs |    20 | 9600 |   24 | 1.00 | 1.00 |        40.8 |    40.8 |    40.8 
       abj-bka-kj |  5184 |   52 |   72 | 1.00 | 1.00 |       110.2 |   110.2 |   110.2 
       ajb-kba-jk |  3744 |   72 |   72 | 1.00 | 1.00 |       117.7 |   117.7 |   117.7 
     abjc-cbka-kj | 11520 |   20 |   24 | 1.00 | 1.00 |        35.0 |    35.0 |    35.0 
     ajbc-ckba-jk | 11520 |   24 |   20 | 1.00 | 1.00 |        38.0 |    38.0 |    38.0 
     abjc-kbac-jk |  9600 |   24 |   24 | 1.00 | 1.00 |        29.4 |    29.4 |    29.4 
   abjcd-dkbac-jk | 82944 |   24 |   12 | 1.00 | 1.00 |        47.7 |    47.7 |    47.7 
   adbjc-cbdka-kj | 82944 |   12 |   24 | 1.00 | 1.00 |        35.9 |    35.9 |    35.9 
   ajbdc-ckbad-jk | 82944 |   24 |   12 | 1.00 | 1.00 |        39.1 |    39.1 |    39.1 
 abcijk-ijma-mkbc |  4608 |  512 |   24 | 1.00 | 1.00 |       141.9 |   141.9 |   141.9 
 abcijk-ijmb-mkac |  1536 | 1536 |   24 | 1.00 | 1.00 |       212.0 |   212.0 |   212.0 
 abcijk-ijmc-mkab |  1536 | 1536 |   24 | 1.00 | 1.00 |       140.1 |   140.1 |   140.1 
 abcijk-ikma-mjbc |  4608 |  512 |   24 | 1.00 | 1.00 |       156.2 |   156.2 |   156.2 
 abcijk-ikmb-mjac |  1536 | 1536 |   24 | 1.00 | 1.00 |       213.0 |   213.0 |   213.0 
 abcijk-ikmc-mjab |  1536 | 1536 |   24 | 1.00 | 1.00 |       151.3 |   151.3 |   151.3 
 abcijk-jkma-mibc |  4608 |  512 |   24 | 1.00 | 1.00 |       218.2 |   218.2 |   218.2 
 abcijk-jkmb-miac |  1536 | 1536 |   24 | 1.00 | 1.00 |       190.1 |   190.1 |   190.1 
 abcijk-jkmc-miab |  1536 | 1536 |   24 | 1.00 | 1.00 |       218.1 |   218.1 |   218.1 
 abcijk-eiab-jkec |  1536 | 1536 |   24 | 1.00 | 1.00 |       206.1 |   206.1 |   206.1 
 abcijk-eiac-jkeb |  1536 | 1536 |   24 | 1.00 | 1.00 |       165.3 |   165.3 |   165.3 
 abcijk-eibc-jkea |   512 | 4608 |   24 | 1.00 | 1.00 |       217.8 |   217.8 |   217.8 
 abcijk-ejab-ikec |  1536 | 1536 |   24 | 1.00 | 1.00 |       194.2 |   194.2 |   194.2 
 abcijk-ejac-ikeb |  1536 | 1536 |   24 | 1.00 | 1.00 |       210.3 |   210.3 |   210.3 
 abcijk-ejbc-ikea |   512 | 4608 |   24 | 1.00 | 1.00 |       155.6 |   155.6 |   155.6 
 abcijk-ekab-ijec |  1536 | 1536 |   24 | 1.00 | 1.00 |       181.5 |   181.5 |   181.5 
 abcijk-ekac-ijeb |  1536 | 1536 |   24 | 1.00 | 1.00 |       223.6 |   223.6 |   223.6 
 abcijk-ekbc-ijea |   512 | 4608 |   24 | 1.00 | 1.00 |       224.0 |   224.0 |   224.0 
       abc-bk-akc |    72 | 3744 |   52 | 1.00 | 1.00 |        83.1 |    83.1 |    83.1 

=== c64 ===
             case |     m |    n |    k | regA | regB | planar GF/s | 1m GF/s | 3m GF/s 
------------------+-------+------+------+------+------+-------------+---------+---------
         ij-ik-kj |   384 |  364 |  384 | 1.00 | 1.00 |       342.3 |   380.0 |   230.2 
       ij-ikl-ljk |    72 |   52 | 3744 | 1.00 | 1.00 |        30.2 |   175.1 |    19.3 
       ij-kil-lkj |    72 |   52 | 5184 | 1.00 | 1.00 |       170.7 |   166.4 |    21.8 
       ijk-ikl-lj |  3744 |   52 |   72 | 1.00 | 1.00 |       163.8 |   140.6 |   132.7 
       ijk-il-jlk |    72 | 3744 |   52 | 1.00 | 1.00 |       423.6 |    81.0 |    39.3 
       ijk-ilk-jl |  3744 |   72 |   52 | 0.89 | 1.00 |       233.8 |   216.8 |   133.7 
       ijk-ilk-lj |  3744 |   52 |   72 | 0.89 | 1.00 |       242.7 |   204.7 |   193.8 
     ijk-ilmk-mjl |   480 |   20 |  480 | 0.67 | 1.00 |        50.0 |    51.5 |    42.2 
   ijkl-imjn-lnkm |   480 |  480 |  400 | 0.67 | 0.80 |       396.0 |   331.0 |   311.0 
   ijkl-imjn-nlmk |   480 |  400 |  480 | 0.67 | 0.81 |       373.3 |   442.7 |   324.6 
   ijkl-imkn-jnlm |   480 |  480 |  400 | 0.67 | 1.00 |       403.6 |   381.1 |   288.0 
   ijkl-imkn-njml |   480 |  400 |  480 | 0.67 | 0.81 |       410.2 |   462.7 |   309.3 
   ijkl-imln-jnkm |   480 |  480 |  400 | 0.67 | 1.00 |       514.8 |   551.4 |   421.0 
   ijkl-imln-njmk |   480 |  400 |  480 | 0.67 | 0.81 |       486.7 |   556.7 |   317.3 
   ijkl-imnj-nlkm |   480 |  400 |  480 | 0.67 | 0.81 |       402.3 |   458.7 |   312.3 
   ijkl-imnk-njml |   480 |  400 |  480 | 0.67 | 0.81 |       440.6 |   351.9 |   323.0 
   ijkl-minj-nlmk |   480 |  400 |  576 | 0.67 | 0.81 |       377.9 |   302.5 |   264.4 
   ijkl-mink-jnlm |   480 |  480 |  480 | 0.67 | 1.00 |       423.5 |   539.4 |   333.3 
   ijkl-minl-njmk |   480 |  400 |  576 | 0.67 | 0.81 |       352.7 |   320.2 |   298.5 
     aqrs-pa-pqrs |    24 | 8000 |   24 | 1.00 | 1.00 |       166.8 |   167.2 |   211.6 
     abrs-qb-aqrs |    20 | 9600 |   24 | 1.00 | 1.00 |       108.1 |    65.9 |    97.8 
     abcs-rc-abrs |    20 | 9600 |   24 | 1.00 | 1.00 |        61.1 |    98.3 |   104.8 
       abj-bka-kj |  5184 |   52 |   72 | 0.89 | 1.00 |       256.2 |   253.5 |   229.0 
       ajb-kba-jk |  3744 |   72 |   72 | 0.89 | 1.00 |       289.8 |   272.5 |   185.6 
     abjc-cbka-kj | 11520 |   20 |   24 | 0.67 | 1.00 |        83.9 |    97.7 |    63.9 
     ajbc-ckba-jk | 11520 |   24 |   20 | 1.00 | 1.00 |       106.2 |    63.5 |    88.4 
     abjc-kbac-jk |  9600 |   24 |   24 | 0.67 | 1.00 |       120.2 |   123.4 |   114.0 
   abjcd-dkbac-jk | 82944 |   24 |   12 | 0.67 | 1.00 |       125.7 |   114.2 |   107.4 
   adbjc-cbdka-kj | 82944 |   12 |   24 | 0.67 | 1.00 |       105.9 |    99.8 |    81.9 
   ajbdc-ckbad-jk | 82944 |   24 |   12 | 1.00 | 1.00 |       150.9 |   116.6 |    99.2 
 abcijk-ijma-mkbc |  4608 |  512 |   24 | 1.00 | 0.97 |       415.2 |   460.5 |   319.1 
 abcijk-ijmb-mkac |  1536 | 1536 |   24 | 1.00 | 0.75 |       269.8 |   273.8 |   189.2 
 abcijk-ijmc-mkab |  1536 | 1536 |   24 | 1.00 | 0.50 |       276.3 |   267.7 |   182.8 
 abcijk-ikma-mjbc |  4608 |  512 |   24 | 1.00 | 0.97 |       412.7 |   337.0 |   314.1 
 abcijk-ikmb-mjac |  1536 | 1536 |   24 | 1.00 | 0.75 |       247.6 |   275.1 |   262.0 
 abcijk-ikmc-mjab |  1536 | 1536 |   24 | 1.00 | 0.50 |       311.0 |   407.9 |   189.5 
 abcijk-jkma-mibc |  4608 |  512 |   24 | 1.00 | 0.97 |       474.4 |   344.0 |   281.1 
 abcijk-jkmb-miac |  1536 | 1536 |   24 | 1.00 | 0.75 |       257.9 |   272.2 |   210.7 
 abcijk-jkmc-miab |  1536 | 1536 |   24 | 1.00 | 0.50 |       272.4 |   397.2 |   220.5 
 abcijk-eiab-jkec |  1536 | 1536 |   24 | 1.00 | 0.50 |       259.6 |   263.4 |   236.5 
 abcijk-eiac-jkeb |  1536 | 1536 |   24 | 1.00 | 0.75 |       254.2 |   275.4 |   181.8 
 abcijk-eibc-jkea |   512 | 4608 |   24 | 1.00 | 0.97 |       388.6 |   420.6 |   325.5 
 abcijk-ejab-ikec |  1536 | 1536 |   24 | 1.00 | 0.50 |       260.7 |   261.6 |   332.8 
 abcijk-ejac-ikeb |  1536 | 1536 |   24 | 1.00 | 0.75 |       302.2 |   270.2 |   226.7 
 abcijk-ejbc-ikea |   512 | 4608 |   24 | 1.00 | 0.97 |       328.2 |   499.6 |   326.9 
 abcijk-ekab-ijec |  1536 | 1536 |   24 | 1.00 | 0.50 |       243.5 |   330.7 |   188.4 
 abcijk-ekac-ijeb |  1536 | 1536 |   24 | 1.00 | 0.75 |       330.0 |   279.3 |   199.2 
 abcijk-ekbc-ijea |   512 | 4608 |   24 | 1.00 | 0.97 |       354.8 |   350.5 |   291.7 
       abc-bk-akc |    72 | 3744 |   52 | 0.89 | 1.00 |       176.9 |   228.8 |   146.7 

=== complex efficiency ratio (c64 GF/s over f64 GF/s; 1.0 = no penalty) ===
             case | planar c64/f64 | 1m c64/f64 | 3m c64/f64 
------------------+----------------+------------+------------
         ij-ik-kj |          0.895 |      0.994 |      0.602 
       ij-ikl-ljk |          0.357 |      2.068 |      0.228 
       ij-kil-lkj |          1.995 |      1.945 |      0.255 
       ijk-ikl-lj |          2.545 |      2.185 |      2.063 
       ijk-il-jlk |          1.209 |      0.231 |      0.112 
       ijk-ilk-jl |          4.123 |      3.823 |      2.358 
       ijk-ilk-lj |          4.015 |      3.385 |      3.206 
     ijk-ilmk-mjl |          4.060 |      4.183 |      3.428 
   ijkl-imjn-lnkm |          2.816 |      2.354 |      2.212 
   ijkl-imjn-nlmk |          2.579 |      3.058 |      2.242 
   ijkl-imkn-jnlm |          2.698 |      2.547 |      1.925 
   ijkl-imkn-njml |          2.965 |      3.345 |      2.236 
   ijkl-imln-jnkm |          3.065 |      3.282 |      2.507 
   ijkl-imln-njmk |          3.237 |      3.702 |      2.111 
   ijkl-imnj-nlkm |          2.715 |      3.096 |      2.108 
   ijkl-imnk-njml |          2.654 |      2.119 |      1.945 
   ijkl-minj-nlmk |          3.209 |      2.569 |      2.245 
   ijkl-mink-jnlm |          2.596 |      3.306 |      2.043 
   ijkl-minl-njmk |          2.636 |      2.392 |      2.230 
     aqrs-pa-pqrs |          1.201 |      1.204 |      1.523 
     abrs-qb-aqrs |          3.793 |      2.313 |      3.432 
     abcs-rc-abrs |          1.497 |      2.408 |      2.569 
       abj-bka-kj |          2.325 |      2.300 |      2.078 
       ajb-kba-jk |          2.462 |      2.315 |      1.576 
     abjc-cbka-kj |          2.396 |      2.791 |      1.826 
     ajbc-ckba-jk |          2.791 |      1.668 |      2.322 
     abjc-kbac-jk |          4.094 |      4.201 |      3.883 
   abjcd-dkbac-jk |          2.637 |      2.395 |      2.252 
   adbjc-cbdka-kj |          2.950 |      2.780 |      2.282 
   ajbdc-ckbad-jk |          3.862 |      2.983 |      2.538 
 abcijk-ijma-mkbc |          2.927 |      3.246 |      2.250 
 abcijk-ijmb-mkac |          1.273 |      1.292 |      0.893 
 abcijk-ijmc-mkab |          1.972 |      1.910 |      1.305 
 abcijk-ikma-mjbc |          2.643 |      2.158 |      2.012 
 abcijk-ikmb-mjac |          1.162 |      1.292 |      1.230 
 abcijk-ikmc-mjab |          2.055 |      2.696 |      1.252 
 abcijk-jkma-mibc |          2.174 |      1.576 |      1.288 
 abcijk-jkmb-miac |          1.357 |      1.432 |      1.109 
 abcijk-jkmc-miab |          1.249 |      1.821 |      1.011 
 abcijk-eiab-jkec |          1.260 |      1.278 |      1.148 
 abcijk-eiac-jkeb |          1.537 |      1.666 |      1.100 
 abcijk-eibc-jkea |          1.784 |      1.931 |      1.495 
 abcijk-ejab-ikec |          1.343 |      1.347 |      1.714 
 abcijk-ejac-ikeb |          1.437 |      1.285 |      1.078 
 abcijk-ejbc-ikea |          2.109 |      3.210 |      2.100 
 abcijk-ekab-ijec |          1.342 |      1.822 |      1.038 
 abcijk-ekac-ijeb |          1.476 |      1.249 |      0.891 
 abcijk-ekbc-ijea |          1.584 |      1.565 |      1.302 
       abc-bk-akc |          2.130 |      2.754 |      1.767 
             MEAN |          2.310 |      2.316 |      1.802 

wrote bench-results/worker6194-icelake/phase4g/sm-pool-s1-t8-f64c64.csv
