host        : worker6194
target      : x86_64 / linux
cpu features: avx2 fma avx512f avx512dq 
caches      : L1=48KiB/12-way/1sh L2=1280KiB/20-way/1sh L3=49152KiB/12-way/32sh (via sysfs), blocking=legacy
l3 domains  : t1=1 t4=1 t8=1 t16=1
baselines   : tblis=false blas=false

sweeping 49 cases at 64 MiB nominal tensor size, 3 reps, stress=none


=== f64 ===
             case |      m |      n |     k | regA | regB | planar GF/s | 1m GF/s | 3m GF/s 
------------------+--------+--------+-------+------+------+-------------+---------+---------
         ij-ik-kj |   2904 |   2896 |  2904 | 1.00 | 1.00 |       501.0 |   501.0 |   501.0 
       ij-ikl-ljk |    216 |    204 | 44064 | 1.00 | 1.00 |        44.7 |    44.7 |    44.7 
       ij-kil-lkj |    216 |    204 | 46656 | 1.00 | 1.00 |        45.8 |    45.8 |    45.8 
       ijk-ikl-lj |  44064 |    204 |   216 | 1.00 | 1.00 |       428.7 |   428.7 |   428.7 
       ijk-il-jlk |    216 |  44064 |   204 | 1.00 | 1.00 |       150.5 |   150.5 |   150.5 
       ijk-ilk-jl |  44064 |    216 |   204 | 1.00 | 1.00 |       459.0 |   459.0 |   459.0 
       ijk-ilk-lj |  44064 |    204 |   216 | 1.00 | 1.00 |       454.4 |   454.4 |   454.4 
     ijk-ilmk-mjl |   3744 |     52 |  3744 | 1.00 | 1.00 |       125.4 |   125.4 |   125.4 
   ijkl-imjn-lnkm |   3744 |   3744 |  2704 | 1.00 | 0.92 |       503.3 |   503.3 |   503.3 
   ijkl-imjn-nlmk |   3744 |   2704 |  3744 | 1.00 | 0.92 |       507.0 |   507.0 |   507.0 
   ijkl-imkn-jnlm |   3744 |   3744 |  2704 | 1.00 | 1.00 |       496.6 |   496.6 |   496.6 
   ijkl-imkn-njml |   3744 |   2704 |  3744 | 1.00 | 0.92 |       502.0 |   502.0 |   502.0 
   ijkl-imln-jnkm |   3744 |   3744 |  2704 | 1.00 | 1.00 |       498.8 |   498.8 |   498.8 
   ijkl-imln-njmk |   3744 |   2704 |  3744 | 1.00 | 0.92 |       501.6 |   501.6 |   501.6 
   ijkl-imnj-nlkm |   3744 |   2704 |  3744 | 1.00 | 0.92 |       506.3 |   506.3 |   506.3 
   ijkl-imnk-njml |   3744 |   2704 |  3744 | 1.00 | 0.92 |       501.4 |   501.4 |   501.4 
   ijkl-minj-nlmk |   3744 |   2704 |  5184 | 1.00 | 0.92 |       499.0 |   499.0 |   499.0 
   ijkl-mink-jnlm |   3744 |   3744 |  3744 | 1.00 | 1.00 |       496.0 |   496.0 |   496.0 
   ijkl-minl-njmk |   3744 |   2704 |  5184 | 1.00 | 0.92 |       493.2 |   493.2 |   493.2 
     aqrs-pa-pqrs |     72 | 140608 |    72 | 1.00 | 1.00 |       253.6 |   253.6 |   253.6 
     abrs-qb-aqrs |     52 | 194688 |    72 | 1.00 | 1.00 |       263.8 |   263.8 |   263.8 
     abcs-rc-abrs |     52 | 194688 |    72 | 1.00 | 1.00 |       308.0 |   308.0 |   308.0 
       abj-bka-kj |  46656 |    204 |   216 | 1.00 | 1.00 |       333.8 |   333.8 |   333.8 
       ajb-kba-jk |  44064 |    216 |   216 | 1.00 | 1.00 |       469.8 |   469.8 |   469.8 
     abjc-cbka-kj | 269568 |     52 |    72 | 1.00 | 1.00 |        78.5 |    78.5 |    78.5 
     ajbc-ckba-jk | 269568 |     72 |    52 | 1.00 | 1.00 |       110.8 |   110.8 |   110.8 
     abjc-kbac-jk | 194688 |     72 |    72 | 1.00 | 1.00 |       352.1 |   352.1 |   352.1 
   abjcd-dkbac-jk | 331776 |     24 |    24 | 1.00 | 1.00 |        42.6 |    42.6 |    42.6 
   adbjc-cbdka-kj | 331776 |     24 |    24 | 1.00 | 1.00 |        40.1 |    40.1 |    40.1 
   ajbdc-ckbad-jk | 331776 |     24 |    24 | 1.00 | 1.00 |        42.7 |    42.7 |    42.7 
 abcijk-ijma-mkbc |   9216 |   4096 |    24 | 1.00 | 1.00 |       219.1 |   219.1 |   219.1 
 abcijk-ijmb-mkac |   6144 |   6144 |    24 | 1.00 | 1.00 |       204.8 |   204.8 |   204.8 
 abcijk-ijmc-mkab |   6144 |   6144 |    24 | 1.00 | 1.00 |       199.1 |   199.1 |   199.1 
 abcijk-ikma-mjbc |   9216 |   4096 |    24 | 1.00 | 1.00 |       220.7 |   220.7 |   220.7 
 abcijk-ikmb-mjac |   6144 |   6144 |    24 | 1.00 | 1.00 |       193.1 |   193.1 |   193.1 
 abcijk-ikmc-mjab |   6144 |   6144 |    24 | 1.00 | 1.00 |       204.3 |   204.3 |   204.3 
 abcijk-jkma-mibc |   9216 |   4096 |    24 | 1.00 | 1.00 |       227.5 |   227.5 |   227.5 
 abcijk-jkmb-miac |   6144 |   6144 |    24 | 1.00 | 1.00 |       194.6 |   194.6 |   194.6 
 abcijk-jkmc-miab |   6144 |   6144 |    24 | 1.00 | 1.00 |       195.2 |   195.2 |   195.2 
 abcijk-eiab-jkec |   6144 |   6144 |    24 | 1.00 | 1.00 |       200.8 |   200.8 |   200.8 
 abcijk-eiac-jkeb |   6144 |   6144 |    24 | 1.00 | 1.00 |       189.2 |   189.2 |   189.2 
 abcijk-eibc-jkea |   4096 |   9216 |    24 | 1.00 | 1.00 |       219.7 |   219.7 |   219.7 
 abcijk-ejab-ikec |   6144 |   6144 |    24 | 1.00 | 1.00 |       204.7 |   204.7 |   204.7 
 abcijk-ejac-ikeb |   6144 |   6144 |    24 | 1.00 | 1.00 |       196.5 |   196.5 |   196.5 
 abcijk-ejbc-ikea |   4096 |   9216 |    24 | 1.00 | 1.00 |       222.1 |   222.1 |   222.1 
 abcijk-ekab-ijec |   6144 |   6144 |    24 | 1.00 | 1.00 |       201.5 |   201.5 |   201.5 
 abcijk-ekac-ijeb |   6144 |   6144 |    24 | 1.00 | 1.00 |       193.4 |   193.4 |   193.4 
 abcijk-ekbc-ijea |   4096 |   9216 |    24 | 1.00 | 1.00 |       220.6 |   220.6 |   220.6 
       abc-bk-akc |    216 |  44064 |   204 | 1.00 | 1.00 |       465.3 |   465.3 |   465.3 

=== c64 ===
             case |      m |      n |     k | regA | regB | planar GF/s | 1m GF/s | 3m GF/s 
------------------+--------+--------+-------+------+------+-------------+---------+---------
         ij-ik-kj |   2904 |   2896 |  2904 | 1.00 | 1.00 |       662.7 |   547.0 |   434.2 
       ij-ikl-ljk |    216 |    204 | 44064 | 1.00 | 1.00 |       131.3 |   123.3 |   120.6 
       ij-kil-lkj |    216 |    204 | 46656 | 1.00 | 1.00 |       128.4 |   124.1 |   121.3 
       ijk-ikl-lj |  44064 |    204 |   216 | 1.00 | 1.00 |       642.8 |   518.0 |   431.0 
       ijk-il-jlk |    216 |  44064 |   204 | 1.00 | 1.00 |       276.2 |   259.1 |   201.6 
       ijk-ilk-jl |  44064 |    216 |   204 | 0.96 | 1.00 |       652.8 |   534.8 |   437.3 
       ijk-ilk-lj |  44064 |    204 |   216 | 0.96 | 1.00 |       652.7 |   527.1 |   434.6 
     ijk-ilmk-mjl |   3744 |     52 |  3744 | 0.89 | 1.00 |       313.1 |   279.6 |   246.6 
   ijkl-imjn-lnkm |   3744 |   3744 |  2704 | 0.89 | 0.92 |       672.4 |   558.7 |   439.4 
   ijkl-imjn-nlmk |   3744 |   2704 |  3744 | 0.89 | 0.92 |       672.7 |   557.9 |   439.8 
   ijkl-imkn-jnlm |   3744 |   3744 |  2704 | 0.89 | 1.00 |       666.3 |   556.8 |   439.4 
   ijkl-imkn-njml |   3744 |   2704 |  3744 | 0.89 | 0.92 |       664.1 |   553.8 |   437.8 
   ijkl-imln-jnkm |   3744 |   3744 |  2704 | 0.89 | 1.00 |       668.9 |   558.0 |   440.2 
   ijkl-imln-njmk |   3744 |   2704 |  3744 | 0.89 | 0.92 |       662.3 |   554.1 |   437.6 
   ijkl-imnj-nlkm |   3744 |   2704 |  3744 | 0.89 | 0.92 |       673.1 |   558.3 |   441.2 
   ijkl-imnk-njml |   3744 |   2704 |  3744 | 0.89 | 0.92 |       661.6 |   554.2 |   437.6 
   ijkl-minj-nlmk |   3744 |   2704 |  5184 | 0.89 | 0.92 |       675.3 |   555.2 |   437.2 
   ijkl-mink-jnlm |   3744 |   3744 |  3744 | 0.89 | 1.00 |       668.8 |   558.3 |   438.6 
   ijkl-minl-njmk |   3744 |   2704 |  5184 | 0.89 | 0.92 |       658.6 |   552.2 |   435.8 
     aqrs-pa-pqrs |     72 | 140608 |    72 | 1.00 | 1.00 |       398.7 |   208.0 |    45.0 
     abrs-qb-aqrs |     52 | 194688 |    72 | 0.89 | 1.00 |       434.9 |   403.9 |   310.6 
     abcs-rc-abrs |     52 | 194688 |    72 | 1.00 | 1.00 |       484.8 |   437.8 |   335.0 
       abj-bka-kj |  46656 |    204 |   216 | 0.96 | 1.00 |       534.5 |   411.2 |   367.6 
       ajb-kba-jk |  44064 |    216 |   216 | 0.96 | 1.00 |       703.7 |   575.1 |   460.0 
     abjc-cbka-kj | 269568 |     52 |    72 | 0.89 | 1.00 |       208.0 |   165.2 |   165.4 
     ajbc-ckba-jk | 269568 |     72 |    52 | 0.89 | 1.00 |       232.1 |   201.9 |   192.9 
     abjc-kbac-jk | 194688 |     72 |    72 | 0.89 | 1.00 |       488.9 |   460.1 |   345.5 
   abjcd-dkbac-jk | 331776 |     24 |    24 | 0.67 | 1.00 |       101.7 |    82.4 |    79.7 
   adbjc-cbdka-kj | 331776 |     24 |    24 | 0.67 | 1.00 |        99.2 |    80.9 |    82.2 
   ajbdc-ckbad-jk | 331776 |     24 |    24 | 1.00 | 1.00 |       105.0 |    80.1 |    78.1 
 abcijk-ijma-mkbc |   9216 |   4096 |    24 | 1.00 | 0.99 |       384.1 |   349.9 |   296.6 
 abcijk-ijmb-mkac |   6144 |   6144 |    24 | 1.00 | 0.88 |       357.2 |   331.7 |   263.0 
 abcijk-ijmc-mkab |   6144 |   6144 |    24 | 1.00 | 0.75 |       365.0 |   352.0 |   289.4 
 abcijk-ikma-mjbc |   9216 |   4096 |    24 | 1.00 | 0.99 |       384.2 |   346.9 |   281.1 
 abcijk-ikmb-mjac |   6144 |   6144 |    24 | 1.00 | 0.88 |       362.1 |   328.6 |   266.0 
 abcijk-ikmc-mjab |   6144 |   6144 |    24 | 1.00 | 0.75 |       361.8 |   350.3 |   346.8 
 abcijk-jkma-mibc |   9216 |   4096 |    24 | 1.00 | 0.99 |       382.1 |   351.2 |   284.0 
 abcijk-jkmb-miac |   6144 |   6144 |    24 | 1.00 | 0.88 |       358.8 |   330.6 |   261.7 
 abcijk-jkmc-miab |   6144 |   6144 |    24 | 1.00 | 0.75 |       359.1 |   339.6 |   279.1 
 abcijk-eiab-jkec |   6144 |   6144 |    24 | 1.00 | 0.75 |       367.8 |   342.7 |   284.5 
 abcijk-eiac-jkeb |   6144 |   6144 |    24 | 1.00 | 0.88 |       357.9 |   332.0 |   263.8 
 abcijk-eibc-jkea |   4096 |   9216 |    24 | 1.00 | 0.99 |       378.9 |   347.6 |   284.9 
 abcijk-ejab-ikec |   6144 |   6144 |    24 | 1.00 | 0.75 |       371.9 |   353.2 |   292.3 
 abcijk-ejac-ikeb |   6144 |   6144 |    24 | 1.00 | 0.88 |       361.9 |   332.5 |   266.4 
 abcijk-ejbc-ikea |   4096 |   9216 |    24 | 1.00 | 0.99 |       380.7 |   346.4 |   278.7 
 abcijk-ekab-ijec |   6144 |   6144 |    24 | 1.00 | 0.75 |       359.2 |   351.7 |   313.1 
 abcijk-ekac-ijeb |   6144 |   6144 |    24 | 1.00 | 0.88 |       356.9 |   331.1 |   266.4 
 abcijk-ekbc-ijea |   4096 |   9216 |    24 | 1.00 | 0.99 |       381.8 |   346.5 |   281.4 
       abc-bk-akc |    216 |  44064 |   204 | 0.96 | 1.00 |       653.9 |   535.7 |   438.3 

=== complex efficiency ratio (c64 GF/s over f64 GF/s; 1.0 = no penalty) ===
             case | planar c64/f64 | 1m c64/f64 | 3m c64/f64 
------------------+----------------+------------+------------
         ij-ik-kj |          1.323 |      1.092 |      0.867 
       ij-ikl-ljk |          2.937 |      2.757 |      2.697 
       ij-kil-lkj |          2.804 |      2.708 |      2.648 
       ijk-ikl-lj |          1.500 |      1.208 |      1.006 
       ijk-il-jlk |          1.836 |      1.722 |      1.340 
       ijk-ilk-jl |          1.422 |      1.165 |      0.953 
       ijk-ilk-lj |          1.436 |      1.160 |      0.956 
     ijk-ilmk-mjl |          2.496 |      2.229 |      1.966 
   ijkl-imjn-lnkm |          1.336 |      1.110 |      0.873 
   ijkl-imjn-nlmk |          1.327 |      1.100 |      0.867 
   ijkl-imkn-jnlm |          1.342 |      1.121 |      0.885 
   ijkl-imkn-njml |          1.323 |      1.103 |      0.872 
   ijkl-imln-jnkm |          1.341 |      1.119 |      0.883 
   ijkl-imln-njmk |          1.320 |      1.105 |      0.872 
   ijkl-imnj-nlkm |          1.330 |      1.103 |      0.871 
   ijkl-imnk-njml |          1.319 |      1.105 |      0.873 
   ijkl-minj-nlmk |          1.353 |      1.113 |      0.876 
   ijkl-mink-jnlm |          1.348 |      1.125 |      0.884 
   ijkl-minl-njmk |          1.335 |      1.120 |      0.884 
     aqrs-pa-pqrs |          1.572 |      0.820 |      0.177 
     abrs-qb-aqrs |          1.648 |      1.531 |      1.177 
     abcs-rc-abrs |          1.574 |      1.422 |      1.087 
       abj-bka-kj |          1.601 |      1.232 |      1.101 
       ajb-kba-jk |          1.498 |      1.224 |      0.979 
     abjc-cbka-kj |          2.650 |      2.105 |      2.108 
     ajbc-ckba-jk |          2.095 |      1.822 |      1.741 
     abjc-kbac-jk |          1.389 |      1.307 |      0.981 
   abjcd-dkbac-jk |          2.387 |      1.934 |      1.870 
   adbjc-cbdka-kj |          2.474 |      2.018 |      2.050 
   ajbdc-ckbad-jk |          2.458 |      1.876 |      1.828 
 abcijk-ijma-mkbc |          1.753 |      1.597 |      1.354 
 abcijk-ijmb-mkac |          1.744 |      1.620 |      1.284 
 abcijk-ijmc-mkab |          1.834 |      1.768 |      1.454 
 abcijk-ikma-mjbc |          1.741 |      1.572 |      1.274 
 abcijk-ikmb-mjac |          1.875 |      1.702 |      1.377 
 abcijk-ikmc-mjab |          1.771 |      1.715 |      1.697 
 abcijk-jkma-mibc |          1.679 |      1.544 |      1.248 
 abcijk-jkmb-miac |          1.844 |      1.699 |      1.345 
 abcijk-jkmc-miab |          1.840 |      1.740 |      1.430 
 abcijk-eiab-jkec |          1.831 |      1.706 |      1.417 
 abcijk-eiac-jkeb |          1.892 |      1.755 |      1.394 
 abcijk-eibc-jkea |          1.725 |      1.582 |      1.297 
 abcijk-ejab-ikec |          1.817 |      1.726 |      1.428 
 abcijk-ejac-ikeb |          1.842 |      1.692 |      1.356 
 abcijk-ejbc-ikea |          1.714 |      1.560 |      1.255 
 abcijk-ekab-ijec |          1.782 |      1.745 |      1.553 
 abcijk-ekac-ijeb |          1.845 |      1.712 |      1.377 
 abcijk-ekbc-ijea |          1.730 |      1.571 |      1.275 
       abc-bk-akc |          1.405 |      1.151 |      0.942 
             MEAN |          1.744 |      1.525 |      1.284 

wrote bench-results/worker6194-icelake/phase4g/sm-pool-s64-t8-f64c64.csv
