host        : worker6194
target      : x86_64 / linux
cpu features: avx2 fma avx512f avx512dq 
caches      : L1=48KiB/12-way/1sh L2=1280KiB/20-way/1sh L3=49152KiB/12-way/32sh (via sysfs), blocking=legacy
l3 domains  : t1=1 t4=1 t8=1 t16=1 t32=1 t64=2
baselines   : tblis=false blas=false

sweeping 49 cases at 64 MiB nominal tensor size, 3 reps, stress=none


=== f32 ===
             case |      m |      n |     k | regA | regB | planar GF/s | 1m GF/s | 3m GF/s 
------------------+--------+--------+-------+------+------+-------------+---------+---------
         ij-ik-kj |   2904 |   2896 |  2904 | 1.00 | 1.00 |      1906.6 |  1906.6 |  1906.6 
       ij-ikl-ljk |    216 |    204 | 44064 | 1.00 | 1.00 |        62.2 |    62.2 |    62.2 
       ij-kil-lkj |    216 |    204 | 46656 | 1.00 | 1.00 |        63.0 |    63.0 |    63.0 
       ijk-ikl-lj |  44064 |    204 |   216 | 1.00 | 1.00 |      1643.8 |  1643.8 |  1643.8 
       ijk-il-jlk |    216 |  44064 |   204 | 1.00 | 1.00 |      1700.9 |  1700.9 |  1700.9 
       ijk-ilk-jl |  44064 |    216 |   204 | 0.89 | 1.00 |      1657.5 |  1657.5 |  1657.5 
       ijk-ilk-lj |  44064 |    204 |   216 | 0.89 | 1.00 |      1560.3 |  1560.3 |  1560.3 
     ijk-ilmk-mjl |   3744 |     52 |  3744 | 0.67 | 1.00 |       144.9 |   144.9 |   144.9 
   ijkl-imjn-lnkm |   3744 |   3744 |  2704 | 0.67 | 0.92 |      1901.1 |  1901.1 |  1901.1 
   ijkl-imjn-nlmk |   3744 |   2704 |  3744 | 0.67 | 0.92 |      1701.4 |  1701.4 |  1701.4 
   ijkl-imkn-jnlm |   3744 |   3744 |  2704 | 0.67 | 1.00 |      2077.3 |  2077.3 |  2077.3 
   ijkl-imkn-njml |   3744 |   2704 |  3744 | 0.67 | 0.92 |      1810.1 |  1810.1 |  1810.1 
   ijkl-imln-jnkm |   3744 |   3744 |  2704 | 0.67 | 1.00 |      2075.9 |  2075.9 |  2075.9 
   ijkl-imln-njmk |   3744 |   2704 |  3744 | 0.67 | 0.92 |      1808.5 |  1808.5 |  1808.5 
   ijkl-imnj-nlkm |   3744 |   2704 |  3744 | 0.67 | 0.92 |      1726.9 |  1726.9 |  1726.9 
   ijkl-imnk-njml |   3744 |   2704 |  3744 | 0.67 | 0.92 |      1838.2 |  1838.2 |  1838.2 
   ijkl-minj-nlmk |   3744 |   2704 |  5184 | 0.67 | 0.92 |      1696.8 |  1696.8 |  1696.8 
   ijkl-mink-jnlm |   3744 |   3744 |  3744 | 0.67 | 1.00 |      2151.5 |  2151.5 |  2151.5 
   ijkl-minl-njmk |   3744 |   2704 |  5184 | 0.67 | 0.92 |      1783.7 |  1783.7 |  1783.7 
     aqrs-pa-pqrs |     72 | 140608 |    72 | 1.00 | 1.00 |        58.1 |    58.1 |    58.1 
     abrs-qb-aqrs |     52 | 194688 |    72 | 0.67 | 1.00 |       649.3 |   649.3 |   649.3 
     abcs-rc-abrs |     52 | 194688 |    72 | 1.00 | 1.00 |       569.0 |   569.0 |   569.0 
       abj-bka-kj |  46656 |    204 |   216 | 0.89 | 1.00 |      1142.7 |  1142.7 |  1142.7 
       ajb-kba-jk |  44064 |    216 |   216 | 0.89 | 1.00 |      1510.2 |  1510.2 |  1510.2 
     abjc-cbka-kj | 269568 |     52 |    72 | 0.67 | 1.00 |       276.3 |   276.3 |   276.3 
     ajbc-ckba-jk | 269568 |     72 |    52 | 0.67 | 1.00 |       380.5 |   380.5 |   380.5 
     abjc-kbac-jk | 194688 |     72 |    72 | 0.67 | 1.00 |       888.8 |   888.8 |   888.8 
   abjcd-dkbac-jk | 331776 |     24 |    24 | 0.00 | 1.00 |       136.9 |   136.9 |   136.9 
   adbjc-cbdka-kj | 331776 |     24 |    24 | 0.00 | 1.00 |       145.7 |   145.7 |   145.7 
   ajbdc-ckbad-jk | 331776 |     24 |    24 | 0.00 | 1.00 |       128.8 |   128.8 |   128.8 
 abcijk-ijma-mkbc |   9216 |   4096 |    24 | 0.00 | 1.00 |       458.0 |   458.0 |   458.0 
 abcijk-ijmb-mkac |   6144 |   6144 |    24 | 0.00 | 1.00 |       379.3 |   379.3 |   379.3 
 abcijk-ijmc-mkab |   6144 |   6144 |    24 | 1.00 | 1.00 |       375.0 |   375.0 |   375.0 
 abcijk-ikma-mjbc |   9216 |   4096 |    24 | 0.00 | 1.00 |       457.1 |   457.1 |   457.1 
 abcijk-ikmb-mjac |   6144 |   6144 |    24 | 0.00 | 1.00 |       391.4 |   391.4 |   391.4 
 abcijk-ikmc-mjab |   6144 |   6144 |    24 | 1.00 | 1.00 |       383.9 |   383.9 |   383.9 
 abcijk-jkma-mibc |   9216 |   4096 |    24 | 0.00 | 1.00 |       460.7 |   460.7 |   460.7 
 abcijk-jkmb-miac |   6144 |   6144 |    24 | 0.00 | 1.00 |       346.6 |   346.6 |   346.6 
 abcijk-jkmc-miab |   6144 |   6144 |    24 | 1.00 | 1.00 |       362.1 |   362.1 |   362.1 
 abcijk-eiab-jkec |   6144 |   6144 |    24 | 1.00 | 1.00 |       373.8 |   373.8 |   373.8 
 abcijk-eiac-jkeb |   6144 |   6144 |    24 | 0.00 | 1.00 |       357.2 |   357.2 |   357.2 
 abcijk-eibc-jkea |   4096 |   9216 |    24 | 0.00 | 1.00 |       447.1 |   447.1 |   447.1 
 abcijk-ejab-ikec |   6144 |   6144 |    24 | 1.00 | 1.00 |       375.9 |   375.9 |   375.9 
 abcijk-ejac-ikeb |   6144 |   6144 |    24 | 0.00 | 1.00 |       375.7 |   375.7 |   375.7 
 abcijk-ejbc-ikea |   4096 |   9216 |    24 | 0.00 | 1.00 |       464.5 |   464.5 |   464.5 
 abcijk-ekab-ijec |   6144 |   6144 |    24 | 1.00 | 1.00 |       382.8 |   382.8 |   382.8 
 abcijk-ekac-ijeb |   6144 |   6144 |    24 | 0.00 | 1.00 |       370.3 |   370.3 |   370.3 
 abcijk-ekbc-ijea |   4096 |   9216 |    24 | 0.00 | 1.00 |       442.9 |   442.9 |   442.9 
       abc-bk-akc |    216 |  44064 |   204 | 0.89 | 1.00 |      1577.9 |  1577.9 |  1577.9 

=== c32 ===
             case |      m |      n |     k | regA | regB | planar GF/s | 1m GF/s | 3m GF/s 
------------------+--------+--------+-------+------+------+-------------+---------+---------
         ij-ik-kj |   2904 |   2896 |  2904 | 1.00 | 1.00 |      2668.5 |  2618.9 |  1887.8 
       ij-ikl-ljk |    216 |    204 | 44064 | 1.00 | 1.00 |       208.6 |   204.0 |   174.5 
       ij-kil-lkj |    216 |    204 | 46656 | 1.00 | 1.00 |       205.6 |   197.9 |   176.0 
       ijk-ikl-lj |  44064 |    204 |   216 | 1.00 | 1.00 |      2986.0 |  2606.2 |  2288.9 
       ijk-il-jlk |    216 |  44064 |   204 | 1.00 | 1.00 |      2601.7 |  2290.8 |   530.4 
       ijk-ilk-jl |  44064 |    216 |   204 | 0.89 | 1.00 |      2721.3 |  2651.8 |  2413.8 
       ijk-ilk-lj |  44064 |    204 |   216 | 0.89 | 1.00 |      3061.0 |  2751.2 |  2268.1 
     ijk-ilmk-mjl |   3744 |     52 |  3744 | 0.67 | 1.00 |       484.3 |   488.5 |   466.1 
   ijkl-imjn-lnkm |   3744 |   3744 |  2704 | 0.67 | 0.92 |      2743.6 |  2610.0 |  2022.9 
   ijkl-imjn-nlmk |   3744 |   2704 |  3744 | 0.67 | 0.92 |      2826.9 |  2721.3 |  2170.0 
   ijkl-imkn-jnlm |   3744 |   3744 |  2704 | 0.67 | 1.00 |      2815.5 |  2754.0 |  2075.6 
   ijkl-imkn-njml |   3744 |   2704 |  3744 | 0.67 | 0.92 |      2949.6 |  2843.1 |  2200.7 
   ijkl-imln-jnkm |   3744 |   3744 |  2704 | 0.67 | 1.00 |      2853.1 |  2741.8 |  2072.9 
   ijkl-imln-njmk |   3744 |   2704 |  3744 | 0.67 | 0.92 |      2907.6 |  2854.1 |  2211.1 
   ijkl-imnj-nlkm |   3744 |   2704 |  3744 | 0.67 | 0.92 |      2843.9 |  2735.7 |  2152.3 
   ijkl-imnk-njml |   3744 |   2704 |  3744 | 0.67 | 0.92 |      2913.9 |  2842.5 |  2185.5 
   ijkl-minj-nlmk |   3744 |   2704 |  5184 | 0.67 | 0.92 |      2795.2 |  2687.0 |  2146.7 
   ijkl-mink-jnlm |   3744 |   3744 |  3744 | 0.67 | 1.00 |      2964.3 |  2898.8 |  2163.1 
   ijkl-minl-njmk |   3744 |   2704 |  5184 | 0.67 | 0.92 |      2888.6 |  2821.4 |  2184.6 
     aqrs-pa-pqrs |     72 | 140608 |    72 | 1.00 | 1.00 |      1286.1 |  1183.6 |   925.7 
     abrs-qb-aqrs |     52 | 194688 |    72 | 0.67 | 1.00 |      1478.3 |  1377.0 |  1224.3 
     abcs-rc-abrs |     52 | 194688 |    72 | 1.00 | 1.00 |      1555.0 |  1301.1 |  1199.2 
       abj-bka-kj |  46656 |    204 |   216 | 0.89 | 1.00 |      2044.2 |  1774.9 |  1674.2 
       ajb-kba-jk |  44064 |    216 |   216 | 0.89 | 1.00 |      2950.8 |  2815.2 |  2393.2 
     abjc-cbka-kj | 269568 |     52 |    72 | 0.67 | 1.00 |       683.9 |   521.7 |   557.6 
     ajbc-ckba-jk | 269568 |     72 |    52 | 0.67 | 1.00 |       836.6 |   715.7 |   734.6 
     abjc-kbac-jk | 194688 |     72 |    72 | 0.67 | 1.00 |      1648.5 |  1572.1 |  1413.7 
   abjcd-dkbac-jk | 331776 |     24 |    24 | 0.00 | 1.00 |       299.1 |   278.3 |   290.6 
   adbjc-cbdka-kj | 331776 |     24 |    24 | 0.00 | 1.00 |       301.3 |   276.1 |   274.0 
   ajbdc-ckbad-jk | 331776 |     24 |    24 | 0.00 | 1.00 |       308.7 |   282.2 |   284.0 
 abcijk-ijma-mkbc |   9216 |   4096 |    24 | 0.00 | 0.99 |       881.5 |   927.2 |   746.2 
 abcijk-ijmb-mkac |   6144 |   6144 |    24 | 0.00 | 1.00 |       710.8 |   752.6 |   580.5 
 abcijk-ijmc-mkab |   6144 |   6144 |    24 | 1.00 | 0.75 |       758.6 |   744.3 |   581.6 
 abcijk-ikma-mjbc |   9216 |   4096 |    24 | 0.00 | 0.99 |       864.9 |   925.8 |   760.6 
 abcijk-ikmb-mjac |   6144 |   6144 |    24 | 0.00 | 1.00 |       705.7 |   739.4 |   603.4 
 abcijk-ikmc-mjab |   6144 |   6144 |    24 | 1.00 | 0.75 |       759.5 |   719.7 |   577.3 
 abcijk-jkma-mibc |   9216 |   4096 |    24 | 0.00 | 0.99 |       895.2 |   966.0 |   719.6 
 abcijk-jkmb-miac |   6144 |   6144 |    24 | 0.00 | 1.00 |       689.4 |   747.7 |   569.2 
 abcijk-jkmc-miab |   6144 |   6144 |    24 | 1.00 | 0.75 |       751.2 |   712.6 |   568.5 
 abcijk-eiab-jkec |   6144 |   6144 |    24 | 1.00 | 0.75 |       761.6 |   710.2 |   574.7 
 abcijk-eiac-jkeb |   6144 |   6144 |    24 | 0.00 | 1.00 |       726.8 |   755.9 |   568.4 
 abcijk-eibc-jkea |   4096 |   9216 |    24 | 0.00 | 0.99 |       871.5 |   910.1 |   732.6 
 abcijk-ejab-ikec |   6144 |   6144 |    24 | 1.00 | 0.75 |       760.4 |   744.1 |   584.8 
 abcijk-ejac-ikeb |   6144 |   6144 |    24 | 0.00 | 1.00 |       678.4 |   784.5 |   606.2 
 abcijk-ejbc-ikea |   4096 |   9216 |    24 | 0.00 | 0.99 |       918.8 |   917.3 |   729.9 
 abcijk-ekab-ijec |   6144 |   6144 |    24 | 1.00 | 0.75 |       764.3 |   737.0 |   583.5 
 abcijk-ekac-ijeb |   6144 |   6144 |    24 | 0.00 | 1.00 |       698.3 |   749.6 |   587.1 
 abcijk-ekbc-ijea |   4096 |   9216 |    24 | 0.00 | 0.99 |       933.5 |   994.1 |   780.3 
       abc-bk-akc |    216 |  44064 |   204 | 0.89 | 1.00 |      3019.1 |  3019.6 |  2320.7 

=== complex efficiency ratio (c32 GF/s over f32 GF/s; 1.0 = no penalty) ===
             case | planar c32/f32 | 1m c32/f32 | 3m c32/f32 
------------------+----------------+------------+------------
         ij-ik-kj |          1.400 |      1.374 |      0.990 
       ij-ikl-ljk |          3.352 |      3.277 |      2.803 
       ij-kil-lkj |          3.262 |      3.140 |      2.793 
       ijk-ikl-lj |          1.817 |      1.586 |      1.392 
       ijk-il-jlk |          1.530 |      1.347 |      0.312 
       ijk-ilk-jl |          1.642 |      1.600 |      1.456 
       ijk-ilk-lj |          1.962 |      1.763 |      1.454 
     ijk-ilmk-mjl |          3.343 |      3.372 |      3.218 
   ijkl-imjn-lnkm |          1.443 |      1.373 |      1.064 
   ijkl-imjn-nlmk |          1.661 |      1.599 |      1.275 
   ijkl-imkn-jnlm |          1.355 |      1.326 |      0.999 
   ijkl-imkn-njml |          1.630 |      1.571 |      1.216 
   ijkl-imln-jnkm |          1.374 |      1.321 |      0.999 
   ijkl-imln-njmk |          1.608 |      1.578 |      1.223 
   ijkl-imnj-nlkm |          1.647 |      1.584 |      1.246 
   ijkl-imnk-njml |          1.585 |      1.546 |      1.189 
   ijkl-minj-nlmk |          1.647 |      1.584 |      1.265 
   ijkl-mink-jnlm |          1.378 |      1.347 |      1.005 
   ijkl-minl-njmk |          1.619 |      1.582 |      1.225 
     aqrs-pa-pqrs |         22.142 |     20.378 |     15.937 
     abrs-qb-aqrs |          2.277 |      2.121 |      1.885 
     abcs-rc-abrs |          2.733 |      2.287 |      2.108 
       abj-bka-kj |          1.789 |      1.553 |      1.465 
       ajb-kba-jk |          1.954 |      1.864 |      1.585 
     abjc-cbka-kj |          2.475 |      1.888 |      2.018 
     ajbc-ckba-jk |          2.199 |      1.881 |      1.931 
     abjc-kbac-jk |          1.855 |      1.769 |      1.591 
   abjcd-dkbac-jk |          2.185 |      2.033 |      2.123 
   adbjc-cbdka-kj |          2.068 |      1.895 |      1.881 
   ajbdc-ckbad-jk |          2.396 |      2.191 |      2.205 
 abcijk-ijma-mkbc |          1.925 |      2.024 |      1.629 
 abcijk-ijmb-mkac |          1.874 |      1.984 |      1.531 
 abcijk-ijmc-mkab |          2.023 |      1.984 |      1.551 
 abcijk-ikma-mjbc |          1.892 |      2.025 |      1.664 
 abcijk-ikmb-mjac |          1.803 |      1.889 |      1.542 
 abcijk-ikmc-mjab |          1.978 |      1.875 |      1.504 
 abcijk-jkma-mibc |          1.943 |      2.097 |      1.562 
 abcijk-jkmb-miac |          1.989 |      2.157 |      1.642 
 abcijk-jkmc-miab |          2.074 |      1.968 |      1.570 
 abcijk-eiab-jkec |          2.038 |      1.900 |      1.537 
 abcijk-eiac-jkeb |          2.035 |      2.116 |      1.592 
 abcijk-eibc-jkea |          1.949 |      2.035 |      1.638 
 abcijk-ejab-ikec |          2.023 |      1.979 |      1.556 
 abcijk-ejac-ikeb |          1.806 |      2.088 |      1.614 
 abcijk-ejbc-ikea |          1.978 |      1.975 |      1.572 
 abcijk-ekab-ijec |          1.997 |      1.925 |      1.524 
 abcijk-ekac-ijeb |          1.886 |      2.024 |      1.585 
 abcijk-ekbc-ijea |          2.108 |      2.244 |      1.762 
       abc-bk-akc |          1.913 |      1.914 |      1.471 
             MEAN |          2.379 |      2.284 |      1.875 

wrote bench-results/worker6194-icelake/phase4g/sm-pool-s64-t32-f32c32.csv
