host        : worker6194
target      : x86_64 / linux
cpu features: avx2 fma avx512f avx512dq 
caches      : L1=48KiB/12-way/1sh L2=1280KiB/20-way/1sh L3=49152KiB/12-way/32sh (via sysfs), blocking=legacy
l3 domains  : t1=1 t4=1 t8=1
baselines   : tblis=false blas=false

sweeping 49 cases at 1 MiB nominal tensor size, 24 reps, stress=none


=== f32 ===
             case |     m |    n |    k | regA | regB | planar GF/s | 1m GF/s | 3m GF/s 
------------------+-------+------+------+------+------+-------------+---------+---------
         ij-ik-kj |   384 |  364 |  384 | 1.00 | 1.00 |       559.0 |   559.0 |   559.0 
       ij-ikl-ljk |    72 |   52 | 3744 | 1.00 | 1.00 |        96.0 |    96.0 |    96.0 
       ij-kil-lkj |    72 |   52 | 5184 | 1.00 | 1.00 |       102.5 |   102.5 |   102.5 
       ijk-ikl-lj |  3744 |   52 |   72 | 1.00 | 1.00 |       218.6 |   218.6 |   218.6 
       ijk-il-jlk |    72 | 3744 |   52 | 1.00 | 1.00 |        73.7 |    73.7 |    73.7 
       ijk-ilk-jl |  3744 |   72 |   52 | 0.67 | 1.00 |       105.2 |   105.2 |   105.2 
       ijk-ilk-lj |  3744 |   52 |   72 | 0.67 | 1.00 |       198.5 |   198.5 |   198.5 
     ijk-ilmk-mjl |   480 |   20 |  480 | 0.00 | 1.00 |        15.7 |    15.7 |    15.7 
   ijkl-imjn-lnkm |   480 |  480 |  400 | 0.00 | 0.80 |       260.9 |   260.9 |   260.9 
   ijkl-imjn-nlmk |   480 |  400 |  480 | 0.00 | 0.80 |       231.5 |   231.5 |   231.5 
   ijkl-imkn-jnlm |   480 |  480 |  400 | 0.00 | 1.00 |       423.4 |   423.4 |   423.4 
   ijkl-imkn-njml |   480 |  400 |  480 | 0.11 | 1.00 |       225.8 |   225.8 |   225.8 
   ijkl-imln-jnkm |   480 |  480 |  400 | 0.00 | 1.00 |       214.1 |   214.1 |   214.1 
   ijkl-imln-njmk |   480 |  400 |  480 | 0.00 | 0.80 |       254.8 |   254.8 |   254.8 
   ijkl-imnj-nlkm |   480 |  400 |  480 | 0.00 | 0.80 |       253.2 |   253.2 |   253.2 
   ijkl-imnk-njml |   480 |  400 |  480 | 0.11 | 1.00 |       230.6 |   230.6 |   230.6 
   ijkl-minj-nlmk |   480 |  400 |  576 | 0.00 | 0.80 |       280.1 |   280.1 |   280.1 
   ijkl-mink-jnlm |   480 |  480 |  480 | 0.00 | 1.00 |       280.7 |   280.7 |   280.7 
   ijkl-minl-njmk |   480 |  400 |  576 | 0.00 | 0.80 |       256.0 |   256.0 |   256.0 
     aqrs-pa-pqrs |    24 | 8000 |   24 | 1.00 | 1.00 |        20.1 |    20.1 |    20.1 
     abrs-qb-aqrs |    20 | 9600 |   24 | 0.00 | 1.00 |       105.2 |   105.2 |   105.2 
     abcs-rc-abrs |    20 | 9600 |   24 | 1.00 | 1.00 |       155.4 |   155.4 |   155.4 
       abj-bka-kj |  5184 |   52 |   72 | 0.67 | 1.00 |       240.4 |   240.4 |   240.4 
       ajb-kba-jk |  3744 |   72 |   72 | 0.67 | 1.00 |       262.8 |   262.8 |   262.8 
     abjc-cbka-kj | 11520 |   20 |   24 | 0.00 | 1.00 |        43.4 |    43.4 |    43.4 
     ajbc-ckba-jk | 11520 |   24 |   20 | 0.00 | 1.00 |        74.0 |    74.0 |    74.0 
     abjc-kbac-jk |  9600 |   24 |   24 | 0.00 | 1.00 |        90.6 |    90.6 |    90.6 
   abjcd-dkbac-jk | 82944 |   24 |   12 | 0.00 | 1.00 |        39.4 |    39.4 |    39.4 
   adbjc-cbdka-kj | 82944 |   12 |   24 | 0.00 | 1.00 |        26.8 |    26.8 |    26.8 
   ajbdc-ckbad-jk | 82944 |   24 |   12 | 0.00 | 1.00 |        36.9 |    36.9 |    36.9 
 abcijk-ijma-mkbc |  4608 |  512 |   24 | 0.00 | 1.00 |       256.5 |   256.5 |   256.5 
 abcijk-ijmb-mkac |  1536 | 1536 |   24 | 0.00 | 1.00 |       222.3 |   222.3 |   222.3 
 abcijk-ijmc-mkab |  1536 | 1536 |   24 | 1.00 | 1.00 |       274.9 |   274.9 |   274.9 
 abcijk-ikma-mjbc |  4608 |  512 |   24 | 0.00 | 1.00 |       262.1 |   262.1 |   262.1 
 abcijk-ikmb-mjac |  1536 | 1536 |   24 | 0.00 | 1.00 |       226.1 |   226.1 |   226.1 
 abcijk-ikmc-mjab |  1536 | 1536 |   24 | 1.00 | 1.00 |       281.5 |   281.5 |   281.5 
 abcijk-jkma-mibc |  4608 |  512 |   24 | 0.00 | 1.00 |       232.8 |   232.8 |   232.8 
 abcijk-jkmb-miac |  1536 | 1536 |   24 | 0.00 | 1.00 |       167.1 |   167.1 |   167.1 
 abcijk-jkmc-miab |  1536 | 1536 |   24 | 1.00 | 1.00 |       333.7 |   333.7 |   333.7 
 abcijk-eiab-jkec |  1536 | 1536 |   24 | 1.00 | 1.00 |       222.8 |   222.8 |   222.8 
 abcijk-eiac-jkeb |  1536 | 1536 |   24 | 0.00 | 1.00 |       135.4 |   135.4 |   135.4 
 abcijk-eibc-jkea |   512 | 4608 |   24 | 0.00 | 1.00 |       150.7 |   150.7 |   150.7 
 abcijk-ejab-ikec |  1536 | 1536 |   24 | 1.00 | 1.00 |       413.7 |   413.7 |   413.7 
 abcijk-ejac-ikeb |  1536 | 1536 |   24 | 0.00 | 1.00 |       234.8 |   234.8 |   234.8 
 abcijk-ejbc-ikea |   512 | 4608 |   24 | 0.00 | 1.00 |       184.8 |   184.8 |   184.8 
 abcijk-ekab-ijec |  1536 | 1536 |   24 | 1.00 | 1.00 |       392.6 |   392.6 |   392.6 
 abcijk-ekac-ijeb |  1536 | 1536 |   24 | 0.00 | 1.00 |       211.5 |   211.5 |   211.5 
 abcijk-ekbc-ijea |   512 | 4608 |   24 | 0.00 | 1.00 |       262.2 |   262.2 |   262.2 
       abc-bk-akc |    72 | 3744 |   52 | 0.67 | 1.00 |       247.2 |   247.2 |   247.2 

=== c32 ===
             case |     m |    n |    k | regA | regB | planar GF/s | 1m GF/s | 3m GF/s 
------------------+-------+------+------+------+------+-------------+---------+---------
         ij-ik-kj |   384 |  364 |  384 | 1.00 | 1.00 |       716.3 |   687.8 |   464.4 
       ij-ikl-ljk |    72 |   52 | 3744 | 1.00 | 1.00 |       197.2 |   183.7 |   131.4 
       ij-kil-lkj |    72 |   52 | 5184 | 1.00 | 1.00 |       191.6 |   176.2 |   133.4 
       ijk-ikl-lj |  3744 |   52 |   72 | 1.00 | 1.00 |       276.4 |   439.4 |   268.7 
       ijk-il-jlk |    72 | 3744 |   52 | 1.00 | 1.00 |       355.7 |   349.2 |    59.5 
       ijk-ilk-jl |  3744 |   72 |   52 | 0.67 | 1.00 |       325.5 |   281.4 |   281.8 
       ijk-ilk-lj |  3744 |   52 |   72 | 0.67 | 1.00 |       394.0 |   405.3 |   212.8 
     ijk-ilmk-mjl |   480 |   20 |  480 | 0.00 | 1.00 |       188.8 |   164.8 |    66.0 
   ijkl-imjn-lnkm |   480 |  480 |  400 | 0.00 | 0.80 |       485.2 |   494.4 |   348.6 
   ijkl-imjn-nlmk |   480 |  400 |  480 | 0.00 | 0.81 |       423.5 |   419.9 |   374.2 
   ijkl-imkn-jnlm |   480 |  480 |  400 | 0.00 | 1.00 |       407.7 |   602.1 |   403.0 
   ijkl-imkn-njml |   480 |  400 |  480 | 0.08 | 1.00 |       467.4 |   462.1 |   356.6 
   ijkl-imln-jnkm |   480 |  480 |  400 | 0.00 | 1.00 |       465.9 |   580.9 |   334.0 
   ijkl-imln-njmk |   480 |  400 |  480 | 0.00 | 0.81 |       574.9 |   475.7 |   355.1 
   ijkl-imnj-nlkm |   480 |  400 |  480 | 0.00 | 0.81 |       424.3 |   502.4 |   370.9 
   ijkl-imnk-njml |   480 |  400 |  480 | 0.08 | 1.00 |       468.5 |   430.1 |   393.4 
   ijkl-minj-nlmk |   480 |  400 |  576 | 0.00 | 0.81 |       575.8 |   561.3 |   375.9 
   ijkl-mink-jnlm |   480 |  480 |  480 | 0.00 | 1.00 |       612.0 |   611.2 |   364.2 
   ijkl-minl-njmk |   480 |  400 |  576 | 0.00 | 0.81 |       561.3 |   536.6 |   362.4 
     aqrs-pa-pqrs |    24 | 8000 |   24 | 1.00 | 1.00 |       116.6 |   171.4 |   121.1 
     abrs-qb-aqrs |    20 | 9600 |   24 | 0.00 | 1.00 |       225.0 |   272.6 |   188.3 
     abcs-rc-abrs |    20 | 9600 |   24 | 1.00 | 1.00 |       302.6 |   272.4 |   195.7 
       abj-bka-kj |  5184 |   52 |   72 | 0.67 | 1.00 |       278.4 |   253.8 |   276.6 
       ajb-kba-jk |  3744 |   72 |   72 | 0.67 | 1.00 |       429.6 |   306.9 |   255.4 
     abjc-cbka-kj | 11520 |   20 |   24 | 0.00 | 1.00 |       111.7 |   106.7 |   147.1 
     ajbc-ckba-jk | 11520 |   24 |   20 | 0.00 | 1.00 |        94.1 |    82.8 |    83.5 
     abjc-kbac-jk |  9600 |   24 |   24 | 0.00 | 1.00 |       157.3 |   201.4 |   195.9 
   abjcd-dkbac-jk | 82944 |   24 |   12 | 0.00 | 1.00 |        88.5 |    85.6 |    77.8 
   adbjc-cbdka-kj | 82944 |   12 |   24 | 0.00 | 1.00 |        84.6 |    73.9 |    73.5 
   ajbdc-ckbad-jk | 82944 |   24 |   12 | 0.00 | 1.00 |        93.7 |    79.8 |    75.0 
 abcijk-ijma-mkbc |  4608 |  512 |   24 | 0.00 | 0.94 |       420.4 |   529.5 |   360.4 
 abcijk-ijmb-mkac |  1536 | 1536 |   24 | 0.00 | 1.00 |       312.7 |   330.7 |   313.5 
 abcijk-ijmc-mkab |  1536 | 1536 |   24 | 1.00 | 0.50 |       516.7 |   423.6 |   375.9 
 abcijk-ikma-mjbc |  4608 |  512 |   24 | 0.00 | 0.94 |       369.6 |   505.7 |   353.4 
 abcijk-ikmb-mjac |  1536 | 1536 |   24 | 0.00 | 1.00 |       401.0 |   533.3 |   356.2 
 abcijk-ikmc-mjab |  1536 | 1536 |   24 | 1.00 | 0.50 |       540.5 |   527.4 |   377.6 
 abcijk-jkma-mibc |  4608 |  512 |   24 | 0.00 | 0.94 |       418.8 |   531.8 |   339.1 
 abcijk-jkmb-miac |  1536 | 1536 |   24 | 0.00 | 1.00 |       306.0 |   532.9 |   316.0 
 abcijk-jkmc-miab |  1536 | 1536 |   24 | 1.00 | 0.50 |       542.8 |   419.7 |   355.9 
 abcijk-eiab-jkec |  1536 | 1536 |   24 | 1.00 | 0.50 |       396.7 |   535.7 |   378.7 
 abcijk-eiac-jkeb |  1536 | 1536 |   24 | 0.00 | 1.00 |       292.5 |   511.0 |   261.8 
 abcijk-eibc-jkea |   512 | 4608 |   24 | 0.00 | 0.94 |       369.8 |   510.5 |   353.1 
 abcijk-ejab-ikec |  1536 | 1536 |   24 | 1.00 | 0.50 |       388.8 |   353.9 |   346.1 
 abcijk-ejac-ikeb |  1536 | 1536 |   24 | 0.00 | 1.00 |       401.7 |   386.3 |   326.6 
 abcijk-ejbc-ikea |   512 | 4608 |   24 | 0.00 | 0.94 |       412.8 |   494.0 |   345.2 
 abcijk-ekab-ijec |  1536 | 1536 |   24 | 1.00 | 0.50 |       389.7 |   416.0 |   320.0 
 abcijk-ekac-ijeb |  1536 | 1536 |   24 | 0.00 | 1.00 |       339.2 |   476.2 |   294.8 
 abcijk-ekbc-ijea |   512 | 4608 |   24 | 0.00 | 0.94 |       437.5 |   504.7 |   360.1 
       abc-bk-akc |    72 | 3744 |   52 | 0.67 | 1.00 |       402.3 |   404.0 |   263.9 

=== complex efficiency ratio (c32 GF/s over f32 GF/s; 1.0 = no penalty) ===
             case | planar c32/f32 | 1m c32/f32 | 3m c32/f32 
------------------+----------------+------------+------------
         ij-ik-kj |          1.281 |      1.230 |      0.831 
       ij-ikl-ljk |          2.054 |      1.913 |      1.369 
       ij-kil-lkj |          1.871 |      1.720 |      1.302 
       ijk-ikl-lj |          1.264 |      2.010 |      1.229 
       ijk-il-jlk |          4.828 |      4.741 |      0.808 
       ijk-ilk-jl |          3.093 |      2.674 |      2.678 
       ijk-ilk-lj |          1.985 |      2.042 |      1.072 
     ijk-ilmk-mjl |         12.030 |     10.502 |      4.206 
   ijkl-imjn-lnkm |          1.859 |      1.895 |      1.336 
   ijkl-imjn-nlmk |          1.829 |      1.814 |      1.616 
   ijkl-imkn-jnlm |          0.963 |      1.422 |      0.952 
   ijkl-imkn-njml |          2.070 |      2.047 |      1.579 
   ijkl-imln-jnkm |          2.176 |      2.713 |      1.560 
   ijkl-imln-njmk |          2.256 |      1.867 |      1.393 
   ijkl-imnj-nlkm |          1.676 |      1.984 |      1.465 
   ijkl-imnk-njml |          2.031 |      1.865 |      1.706 
   ijkl-minj-nlmk |          2.056 |      2.004 |      1.342 
   ijkl-mink-jnlm |          2.180 |      2.178 |      1.297 
   ijkl-minl-njmk |          2.192 |      2.096 |      1.415 
     aqrs-pa-pqrs |          5.786 |      8.509 |      6.009 
     abrs-qb-aqrs |          2.139 |      2.592 |      1.790 
     abcs-rc-abrs |          1.947 |      1.753 |      1.259 
       abj-bka-kj |          1.158 |      1.056 |      1.150 
       ajb-kba-jk |          1.635 |      1.168 |      0.972 
     abjc-cbka-kj |          2.576 |      2.460 |      3.391 
     ajbc-ckba-jk |          1.272 |      1.119 |      1.128 
     abjc-kbac-jk |          1.737 |      2.223 |      2.163 
   abjcd-dkbac-jk |          2.247 |      2.173 |      1.974 
   adbjc-cbdka-kj |          3.162 |      2.760 |      2.744 
   ajbdc-ckbad-jk |          2.538 |      2.160 |      2.031 
 abcijk-ijma-mkbc |          1.639 |      2.064 |      1.405 
 abcijk-ijmb-mkac |          1.407 |      1.488 |      1.410 
 abcijk-ijmc-mkab |          1.880 |      1.541 |      1.367 
 abcijk-ikma-mjbc |          1.410 |      1.929 |      1.348 
 abcijk-ikmb-mjac |          1.774 |      2.359 |      1.575 
 abcijk-ikmc-mjab |          1.920 |      1.874 |      1.341 
 abcijk-jkma-mibc |          1.799 |      2.285 |      1.457 
 abcijk-jkmb-miac |          1.832 |      3.190 |      1.892 
 abcijk-jkmc-miab |          1.627 |      1.258 |      1.067 
 abcijk-eiab-jkec |          1.780 |      2.404 |      1.700 
 abcijk-eiac-jkeb |          2.161 |      3.775 |      1.934 
 abcijk-eibc-jkea |          2.454 |      3.387 |      2.343 
 abcijk-ejab-ikec |          0.940 |      0.855 |      0.836 
 abcijk-ejac-ikeb |          1.711 |      1.646 |      1.391 
 abcijk-ejbc-ikea |          2.234 |      2.674 |      1.868 
 abcijk-ekab-ijec |          0.993 |      1.060 |      0.815 
 abcijk-ekac-ijeb |          1.603 |      2.251 |      1.394 
 abcijk-ekbc-ijea |          1.669 |      1.925 |      1.374 
       abc-bk-akc |          1.628 |      1.634 |      1.068 
             MEAN |          2.211 |      2.373 |      1.660 

wrote bench-results/worker6194-icelake/phase4g/sm-pool-s1-t4-f32c32.csv
