host        : worker6194
target      : x86_64 / linux
cpu features: avx2 fma avx512f avx512dq 
caches      : L1=48KiB/12-way/1sh L2=1280KiB/20-way/1sh L3=49152KiB/12-way/32sh (via sysfs), blocking=legacy
l3 domains  : t1=1 t4=1 t8=1 t16=1 t32=1
baselines   : tblis=false blas=false

sweeping 49 cases at 1 MiB nominal tensor size, 24 reps, stress=none


=== f32 ===
             case |     m |    n |    k | regA | regB | planar GF/s | 1m GF/s | 3m GF/s 
------------------+-------+------+------+------+------+-------------+---------+---------
         ij-ik-kj |   384 |  364 |  384 | 1.00 | 1.00 |      1332.5 |  1332.5 |  1332.5 
       ij-ikl-ljk |    72 |   52 | 3744 | 1.00 | 1.00 |         9.1 |     9.1 |     9.1 
       ij-kil-lkj |    72 |   52 | 5184 | 1.00 | 1.00 |         9.9 |     9.9 |     9.9 
       ijk-ikl-lj |  3744 |   52 |   72 | 1.00 | 1.00 |        48.7 |    48.7 |    48.7 
       ijk-il-jlk |    72 | 3744 |   52 | 1.00 | 1.00 |        72.7 |    72.7 |    72.7 
       ijk-ilk-jl |  3744 |   72 |   52 | 0.67 | 1.00 |        44.1 |    44.1 |    44.1 
       ijk-ilk-lj |  3744 |   52 |   72 | 0.67 | 1.00 |        44.5 |    44.5 |    44.5 
     ijk-ilmk-mjl |   480 |   20 |  480 | 0.00 | 1.00 |        12.7 |    12.7 |    12.7 
   ijkl-imjn-lnkm |   480 |  480 |  400 | 0.00 | 0.80 |       255.3 |   255.3 |   255.3 
   ijkl-imjn-nlmk |   480 |  400 |  480 | 0.00 | 0.80 |       260.8 |   260.8 |   260.8 
   ijkl-imkn-jnlm |   480 |  480 |  400 | 0.00 | 1.00 |       255.5 |   255.5 |   255.5 
   ijkl-imkn-njml |   480 |  400 |  480 | 0.11 | 1.00 |       231.3 |   231.3 |   231.3 
   ijkl-imln-jnkm |   480 |  480 |  400 | 0.00 | 1.00 |       256.0 |   256.0 |   256.0 
   ijkl-imln-njmk |   480 |  400 |  480 | 0.00 | 0.80 |       239.3 |   239.3 |   239.3 
   ijkl-imnj-nlkm |   480 |  400 |  480 | 0.00 | 0.80 |       218.7 |   218.7 |   218.7 
   ijkl-imnk-njml |   480 |  400 |  480 | 0.11 | 1.00 |       245.5 |   245.5 |   245.5 
   ijkl-minj-nlmk |   480 |  400 |  576 | 0.00 | 0.80 |       228.4 |   228.4 |   228.4 
   ijkl-mink-jnlm |   480 |  480 |  480 | 0.00 | 1.00 |       210.5 |   210.5 |   210.5 
   ijkl-minl-njmk |   480 |  400 |  576 | 0.00 | 0.80 |       344.1 |   344.1 |   344.1 
     aqrs-pa-pqrs |    24 | 8000 |   24 | 1.00 | 1.00 |        16.3 |    16.3 |    16.3 
     abrs-qb-aqrs |    20 | 9600 |   24 | 0.00 | 1.00 |        14.5 |    14.5 |    14.5 
     abcs-rc-abrs |    20 | 9600 |   24 | 1.00 | 1.00 |        18.3 |    18.3 |    18.3 
       abj-bka-kj |  5184 |   52 |   72 | 0.67 | 1.00 |        60.2 |    60.2 |    60.2 
       ajb-kba-jk |  3744 |   72 |   72 | 0.67 | 1.00 |        53.5 |    53.5 |    53.5 
     abjc-cbka-kj | 11520 |   20 |   24 | 0.00 | 1.00 |        14.2 |    14.2 |    14.2 
     ajbc-ckba-jk | 11520 |   24 |   20 | 0.00 | 1.00 |        15.9 |    15.9 |    15.9 
     abjc-kbac-jk |  9600 |   24 |   24 | 0.00 | 1.00 |        21.2 |    21.2 |    21.2 
   abjcd-dkbac-jk | 82944 |   24 |   12 | 0.00 | 1.00 |        84.1 |    84.1 |    84.1 
   adbjc-cbdka-kj | 82944 |   12 |   24 | 0.00 | 1.00 |        44.1 |    44.1 |    44.1 
   ajbdc-ckbad-jk | 82944 |   24 |   12 | 0.00 | 1.00 |        53.4 |    53.4 |    53.4 
 abcijk-ijma-mkbc |  4608 |  512 |   24 | 0.00 | 1.00 |       148.5 |   148.5 |   148.5 
 abcijk-ijmb-mkac |  1536 | 1536 |   24 | 0.00 | 1.00 |       165.3 |   165.3 |   165.3 
 abcijk-ijmc-mkab |  1536 | 1536 |   24 | 1.00 | 1.00 |       193.1 |   193.1 |   193.1 
 abcijk-ikma-mjbc |  4608 |  512 |   24 | 0.00 | 1.00 |       155.4 |   155.4 |   155.4 
 abcijk-ikmb-mjac |  1536 | 1536 |   24 | 0.00 | 1.00 |       145.5 |   145.5 |   145.5 
 abcijk-ikmc-mjab |  1536 | 1536 |   24 | 1.00 | 1.00 |       156.3 |   156.3 |   156.3 
 abcijk-jkma-mibc |  4608 |  512 |   24 | 0.00 | 1.00 |       173.0 |   173.0 |   173.0 
 abcijk-jkmb-miac |  1536 | 1536 |   24 | 0.00 | 1.00 |       274.2 |   274.2 |   274.2 
 abcijk-jkmc-miab |  1536 | 1536 |   24 | 1.00 | 1.00 |       158.1 |   158.1 |   158.1 
 abcijk-eiab-jkec |  1536 | 1536 |   24 | 1.00 | 1.00 |       309.6 |   309.6 |   309.6 
 abcijk-eiac-jkeb |  1536 | 1536 |   24 | 0.00 | 1.00 |       159.9 |   159.9 |   159.9 
 abcijk-eibc-jkea |   512 | 4608 |   24 | 0.00 | 1.00 |       146.4 |   146.4 |   146.4 
 abcijk-ejab-ikec |  1536 | 1536 |   24 | 1.00 | 1.00 |       310.7 |   310.7 |   310.7 
 abcijk-ejac-ikeb |  1536 | 1536 |   24 | 0.00 | 1.00 |       166.5 |   166.5 |   166.5 
 abcijk-ejbc-ikea |   512 | 4608 |   24 | 0.00 | 1.00 |       171.2 |   171.2 |   171.2 
 abcijk-ekab-ijec |  1536 | 1536 |   24 | 1.00 | 1.00 |       170.2 |   170.2 |   170.2 
 abcijk-ekac-ijeb |  1536 | 1536 |   24 | 0.00 | 1.00 |       162.6 |   162.6 |   162.6 
 abcijk-ekbc-ijea |   512 | 4608 |   24 | 0.00 | 1.00 |       154.3 |   154.3 |   154.3 
       abc-bk-akc |    72 | 3744 |   52 | 0.67 | 1.00 |        56.5 |    56.5 |    56.5 

=== c32 ===
             case |     m |    n |    k | regA | regB | planar GF/s | 1m GF/s | 3m GF/s 
------------------+-------+------+------+------+------+-------------+---------+---------
         ij-ik-kj |   384 |  364 |  384 | 1.00 | 1.00 |      2190.2 |  2070.3 |   765.0 
       ij-ikl-ljk |    72 |   52 | 3744 | 1.00 | 1.00 |        27.0 |    27.2 |    25.6 
       ij-kil-lkj |    72 |   52 | 5184 | 1.00 | 1.00 |        28.5 |    29.3 |    24.0 
       ijk-ikl-lj |  3744 |   52 |   72 | 1.00 | 1.00 |       171.2 |   141.8 |   150.8 
       ijk-il-jlk |    72 | 3744 |   52 | 1.00 | 1.00 |       311.6 |   303.7 |   274.0 
       ijk-ilk-jl |  3744 |   72 |   52 | 0.67 | 1.00 |       171.8 |   160.5 |   171.5 
       ijk-ilk-lj |  3744 |   52 |   72 | 0.67 | 1.00 |       163.3 |   160.8 |   132.2 
     ijk-ilmk-mjl |   480 |   20 |  480 | 0.00 | 1.00 |        35.4 |    33.4 |    35.8 
   ijkl-imjn-lnkm |   480 |  480 |  400 | 0.00 | 0.80 |       517.9 |   484.6 |   435.1 
   ijkl-imjn-nlmk |   480 |  400 |  480 | 0.00 | 0.81 |       540.3 |   497.7 |   421.7 
   ijkl-imkn-jnlm |   480 |  480 |  400 | 0.00 | 1.00 |       488.3 |   488.5 |   437.9 
   ijkl-imkn-njml |   480 |  400 |  480 | 0.08 | 1.00 |       516.0 |   534.8 |   477.5 
   ijkl-imln-jnkm |   480 |  480 |  400 | 0.00 | 1.00 |       501.0 |   601.9 |   456.6 
   ijkl-imln-njmk |   480 |  400 |  480 | 0.00 | 0.81 |       521.9 |   550.7 |   452.8 
   ijkl-imnj-nlkm |   480 |  400 |  480 | 0.00 | 0.81 |       512.1 |   618.2 |   464.5 
   ijkl-imnk-njml |   480 |  400 |  480 | 0.08 | 1.00 |       555.5 |   520.9 |   445.3 
   ijkl-minj-nlmk |   480 |  400 |  576 | 0.00 | 0.81 |       622.0 |   608.6 |   501.8 
   ijkl-mink-jnlm |   480 |  480 |  480 | 0.00 | 1.00 |       572.1 |   550.4 |   637.3 
   ijkl-minl-njmk |   480 |  400 |  576 | 0.00 | 0.81 |       677.2 |   535.5 |   503.0 
     aqrs-pa-pqrs |    24 | 8000 |   24 | 1.00 | 1.00 |        64.4 |    66.8 |    10.3 
     abrs-qb-aqrs |    20 | 9600 |   24 | 0.00 | 1.00 |        63.7 |    59.1 |    64.6 
     abcs-rc-abrs |    20 | 9600 |   24 | 1.00 | 1.00 |        52.8 |    50.6 |    51.9 
       abj-bka-kj |  5184 |   52 |   72 | 0.67 | 1.00 |       214.0 |   213.0 |   181.4 
       ajb-kba-jk |  3744 |   72 |   72 | 0.67 | 1.00 |       205.8 |   300.2 |   208.7 
     abjc-cbka-kj | 11520 |   20 |   24 | 0.00 | 1.00 |        60.1 |    58.4 |    59.0 
     ajbc-ckba-jk | 11520 |   24 |   20 | 0.00 | 1.00 |        71.7 |    56.6 |    63.4 
     abjc-kbac-jk |  9600 |   24 |   24 | 0.00 | 1.00 |        60.8 |    69.1 |    59.0 
   abjcd-dkbac-jk | 82944 |   24 |   12 | 0.00 | 1.00 |       166.1 |   154.1 |   144.4 
   adbjc-cbdka-kj | 82944 |   12 |   24 | 0.00 | 1.00 |       158.0 |   137.8 |   133.0 
   ajbdc-ckbad-jk | 82944 |   24 |   12 | 0.00 | 1.00 |       165.5 |   148.5 |   133.2 
 abcijk-ijma-mkbc |  4608 |  512 |   24 | 0.00 | 0.94 |       510.8 |   540.8 |   475.0 
 abcijk-ijmb-mkac |  1536 | 1536 |   24 | 0.00 | 1.00 |       305.2 |   357.7 |   239.1 
 abcijk-ijmc-mkab |  1536 | 1536 |   24 | 1.00 | 0.50 |       334.3 |   337.2 |   272.1 
 abcijk-ikma-mjbc |  4608 |  512 |   24 | 0.00 | 0.94 |       756.5 |   530.7 |   432.7 
 abcijk-ikmb-mjac |  1536 | 1536 |   24 | 0.00 | 1.00 |       435.9 |   369.5 |   246.2 
 abcijk-ikmc-mjab |  1536 | 1536 |   24 | 1.00 | 0.50 |       329.4 |   313.7 |   251.7 
 abcijk-jkma-mibc |  4608 |  512 |   24 | 0.00 | 0.94 |       574.4 |   550.5 |   508.6 
 abcijk-jkmb-miac |  1536 | 1536 |   24 | 0.00 | 1.00 |       333.0 |   334.4 |   243.8 
 abcijk-jkmc-miab |  1536 | 1536 |   24 | 1.00 | 0.50 |       395.6 |   325.5 |   243.7 
 abcijk-eiab-jkec |  1536 | 1536 |   24 | 1.00 | 0.50 |       329.3 |   332.2 |   219.6 
 abcijk-eiac-jkeb |  1536 | 1536 |   24 | 0.00 | 1.00 |       272.9 |   303.7 |   197.1 
 abcijk-eibc-jkea |   512 | 4608 |   24 | 0.00 | 0.94 |       440.3 |   509.6 |   399.0 
 abcijk-ejab-ikec |  1536 | 1536 |   24 | 1.00 | 0.50 |       337.0 |   337.6 |   272.5 
 abcijk-ejac-ikeb |  1536 | 1536 |   24 | 0.00 | 1.00 |       334.9 |   333.6 |   244.3 
 abcijk-ejbc-ikea |   512 | 4608 |   24 | 0.00 | 0.94 |       555.0 |   844.7 |   491.2 
 abcijk-ekab-ijec |  1536 | 1536 |   24 | 1.00 | 0.50 |       442.3 |   359.1 |   303.4 
 abcijk-ekac-ijeb |  1536 | 1536 |   24 | 0.00 | 1.00 |       320.7 |   341.5 |   251.1 
 abcijk-ekbc-ijea |   512 | 4608 |   24 | 0.00 | 0.94 |       522.0 |   516.4 |   463.5 
       abc-bk-akc |    72 | 3744 |   52 | 0.67 | 1.00 |       169.0 |   138.6 |   142.5 

=== complex efficiency ratio (c32 GF/s over f32 GF/s; 1.0 = no penalty) ===
             case | planar c32/f32 | 1m c32/f32 | 3m c32/f32 
------------------+----------------+------------+------------
         ij-ik-kj |          1.644 |      1.554 |      0.574 
       ij-ikl-ljk |          2.950 |      2.969 |      2.800 
       ij-kil-lkj |          2.874 |      2.950 |      2.421 
       ijk-ikl-lj |          3.519 |      2.915 |      3.100 
       ijk-il-jlk |          4.288 |      4.181 |      3.772 
       ijk-ilk-jl |          3.900 |      3.643 |      3.892 
       ijk-ilk-lj |          3.669 |      3.614 |      2.971 
     ijk-ilmk-mjl |          2.784 |      2.627 |      2.812 
   ijkl-imjn-lnkm |          2.028 |      1.898 |      1.704 
   ijkl-imjn-nlmk |          2.071 |      1.908 |      1.617 
   ijkl-imkn-jnlm |          1.911 |      1.912 |      1.714 
   ijkl-imkn-njml |          2.231 |      2.312 |      2.065 
   ijkl-imln-jnkm |          1.957 |      2.351 |      1.784 
   ijkl-imln-njmk |          2.180 |      2.301 |      1.892 
   ijkl-imnj-nlkm |          2.341 |      2.826 |      2.123 
   ijkl-imnk-njml |          2.263 |      2.122 |      1.814 
   ijkl-minj-nlmk |          2.723 |      2.665 |      2.197 
   ijkl-mink-jnlm |          2.718 |      2.615 |      3.028 
   ijkl-minl-njmk |          1.968 |      1.556 |      1.462 
     aqrs-pa-pqrs |          3.960 |      4.103 |      0.633 
     abrs-qb-aqrs |          4.385 |      4.070 |      4.446 
     abcs-rc-abrs |          2.879 |      2.759 |      2.828 
       abj-bka-kj |          3.554 |      3.537 |      3.013 
       ajb-kba-jk |          3.846 |      5.610 |      3.899 
     abjc-cbka-kj |          4.230 |      4.105 |      4.152 
     ajbc-ckba-jk |          4.514 |      3.564 |      3.993 
     abjc-kbac-jk |          2.860 |      3.254 |      2.775 
   abjcd-dkbac-jk |          1.975 |      1.832 |      1.716 
   adbjc-cbdka-kj |          3.583 |      3.124 |      3.016 
   ajbdc-ckbad-jk |          3.099 |      2.779 |      2.493 
 abcijk-ijma-mkbc |          3.441 |      3.643 |      3.199 
 abcijk-ijmb-mkac |          1.847 |      2.164 |      1.447 
 abcijk-ijmc-mkab |          1.731 |      1.746 |      1.409 
 abcijk-ikma-mjbc |          4.868 |      3.415 |      2.785 
 abcijk-ikmb-mjac |          2.997 |      2.541 |      1.693 
 abcijk-ikmc-mjab |          2.108 |      2.008 |      1.611 
 abcijk-jkma-mibc |          3.321 |      3.182 |      2.940 
 abcijk-jkmb-miac |          1.215 |      1.220 |      0.889 
 abcijk-jkmc-miab |          2.502 |      2.059 |      1.541 
 abcijk-eiab-jkec |          1.064 |      1.073 |      0.709 
 abcijk-eiac-jkeb |          1.706 |      1.899 |      1.232 
 abcijk-eibc-jkea |          3.007 |      3.481 |      2.725 
 abcijk-ejab-ikec |          1.085 |      1.087 |      0.877 
 abcijk-ejac-ikeb |          2.012 |      2.004 |      1.467 
 abcijk-ejbc-ikea |          3.241 |      4.933 |      2.869 
 abcijk-ekab-ijec |          2.598 |      2.110 |      1.782 
 abcijk-ekac-ijeb |          1.972 |      2.100 |      1.544 
 abcijk-ekbc-ijea |          3.382 |      3.346 |      3.003 
       abc-bk-akc |          2.990 |      2.452 |      2.521 
             MEAN |          2.775 |      2.737 |      2.305 

wrote bench-results/worker6194-icelake/phase4g/sm-pool-s1-t16-f32c32.csv
