host        : worker6194
target      : x86_64 / linux
cpu features: avx2 fma avx512f avx512dq 
caches      : L1=48KiB/12-way/1sh L2=1280KiB/20-way/1sh L3=49152KiB/12-way/32sh (via sysfs), blocking=legacy
l3 domains  : t1=1 t4=1 t8=1 t16=1 t32=1 t64=2
baselines   : tblis=false blas=false

sweeping 49 cases at 16 MiB nominal tensor size, 3 reps, stress=none


=== f64 ===
             case |      m |     n |     k | regA | regB | planar GF/s | 1m GF/s | 3m GF/s 
------------------+--------+-------+-------+------+------+-------------+---------+---------
         ij-ik-kj |   1464 |  1448 |  1464 | 1.00 | 1.00 |      1147.2 |  1147.2 |  1147.2 
       ij-ikl-ljk |    144 |   128 | 18432 | 1.00 | 1.00 |        16.7 |    16.7 |    16.7 
       ij-kil-lkj |    144 |   128 | 20736 | 1.00 | 1.00 |        17.1 |    17.1 |    17.1 
       ijk-ikl-lj |  18432 |   128 |   144 | 1.00 | 1.00 |       416.9 |   416.9 |   416.9 
       ijk-il-jlk |    144 | 18432 |   128 | 1.00 | 1.00 |       117.2 |   117.2 |   117.2 
       ijk-ilk-jl |  18432 |   144 |   128 | 1.00 | 1.00 |       409.8 |   409.8 |   409.8 
       ijk-ilk-lj |  18432 |   128 |   144 | 1.00 | 1.00 |       376.6 |   376.6 |   376.6 
     ijk-ilmk-mjl |   1920 |    40 |  1920 | 1.00 | 1.00 |        41.5 |    41.5 |    41.5 
   ijkl-imjn-lnkm |   1920 |  1920 |  1600 | 1.00 | 1.00 |       540.6 |   540.6 |   540.6 
   ijkl-imjn-nlmk |   1920 |  1600 |  1920 | 1.00 | 1.00 |       510.7 |   510.7 |   510.7 
   ijkl-imkn-jnlm |   1920 |  1920 |  1600 | 1.00 | 1.00 |       542.7 |   542.7 |   542.7 
   ijkl-imkn-njml |   1920 |  1600 |  1920 | 1.00 | 1.00 |       528.9 |   528.9 |   528.9 
   ijkl-imln-jnkm |   1920 |  1920 |  1600 | 1.00 | 1.00 |       582.4 |   582.4 |   582.4 
   ijkl-imln-njmk |   1920 |  1600 |  1920 | 1.00 | 1.00 |       517.6 |   517.6 |   517.6 
   ijkl-imnj-nlkm |   1920 |  1600 |  1920 | 1.00 | 1.00 |       519.6 |   519.6 |   519.6 
   ijkl-imnk-njml |   1920 |  1600 |  1920 | 1.00 | 1.00 |       520.3 |   520.3 |   520.3 
   ijkl-minj-nlmk |   1920 |  1600 |  2304 | 1.00 | 1.00 |       515.7 |   515.7 |   515.7 
   ijkl-mink-jnlm |   1920 |  1920 |  1920 | 1.00 | 1.00 |       555.0 |   555.0 |   555.0 
   ijkl-minl-njmk |   1920 |  1600 |  2304 | 1.00 | 1.00 |       533.1 |   533.1 |   533.1 
     aqrs-pa-pqrs |     48 | 64000 |    48 | 1.00 | 1.00 |        19.4 |    19.4 |    19.4 
     abrs-qb-aqrs |     40 | 76800 |    48 | 1.00 | 1.00 |       190.2 |   190.2 |   190.2 
     abcs-rc-abrs |     40 | 76800 |    48 | 1.00 | 1.00 |       198.5 |   198.5 |   198.5 
       abj-bka-kj |  20736 |   128 |   144 | 1.00 | 1.00 |       393.3 |   393.3 |   393.3 
       ajb-kba-jk |  18432 |   144 |   144 | 1.00 | 1.00 |       415.0 |   415.0 |   415.0 
     abjc-cbka-kj |  92160 |    40 |    48 | 1.00 | 1.00 |       143.3 |   143.3 |   143.3 
     ajbc-ckba-jk |  92160 |    48 |    40 | 1.00 | 1.00 |       175.4 |   175.4 |   175.4 
     abjc-kbac-jk |  76800 |    48 |    48 | 1.00 | 1.00 |       239.5 |   239.5 |   239.5 
   abjcd-dkbac-jk | 230400 |    24 |    20 | 1.00 | 1.00 |        83.9 |    83.9 |    83.9 
   adbjc-cbdka-kj | 230400 |    20 |    24 | 1.00 | 1.00 |        71.9 |    71.9 |    71.9 
   ajbdc-ckbad-jk | 230400 |    24 |    20 | 1.00 | 1.00 |        92.2 |    92.2 |    92.2 
 abcijk-ijma-mkbc |   6912 |  1728 |    24 | 1.00 | 1.00 |       171.8 |   171.8 |   171.8 
 abcijk-ijmb-mkac |   3456 |  3456 |    24 | 1.00 | 0.67 |       145.4 |   145.4 |   145.4 
 abcijk-ijmc-mkab |   3456 |  3456 |    24 | 1.00 | 0.67 |       143.1 |   143.1 |   143.1 
 abcijk-ikma-mjbc |   6912 |  1728 |    24 | 1.00 | 1.00 |       184.9 |   184.9 |   184.9 
 abcijk-ikmb-mjac |   3456 |  3456 |    24 | 1.00 | 0.67 |       149.9 |   149.9 |   149.9 
 abcijk-ikmc-mjab |   3456 |  3456 |    24 | 1.00 | 0.67 |       138.6 |   138.6 |   138.6 
 abcijk-jkma-mibc |   6912 |  1728 |    24 | 1.00 | 1.00 |       187.3 |   187.3 |   187.3 
 abcijk-jkmb-miac |   3456 |  3456 |    24 | 1.00 | 0.67 |       138.6 |   138.6 |   138.6 
 abcijk-jkmc-miab |   3456 |  3456 |    24 | 1.00 | 0.67 |       141.4 |   141.4 |   141.4 
 abcijk-eiab-jkec |   3456 |  3456 |    24 | 1.00 | 0.67 |       151.4 |   151.4 |   151.4 
 abcijk-eiac-jkeb |   3456 |  3456 |    24 | 1.00 | 0.67 |       139.7 |   139.7 |   139.7 
 abcijk-eibc-jkea |   1728 |  6912 |    24 | 1.00 | 1.00 |       209.8 |   209.8 |   209.8 
 abcijk-ejab-ikec |   3456 |  3456 |    24 | 1.00 | 0.67 |       149.7 |   149.7 |   149.7 
 abcijk-ejac-ikeb |   3456 |  3456 |    24 | 1.00 | 0.67 |       143.2 |   143.2 |   143.2 
 abcijk-ejbc-ikea |   1728 |  6912 |    24 | 1.00 | 1.00 |       191.7 |   191.7 |   191.7 
 abcijk-ekab-ijec |   3456 |  3456 |    24 | 1.00 | 0.67 |       133.3 |   133.3 |   133.3 
 abcijk-ekac-ijeb |   3456 |  3456 |    24 | 1.00 | 0.67 |       149.2 |   149.2 |   149.2 
 abcijk-ekbc-ijea |   1728 |  6912 |    24 | 1.00 | 1.00 |       184.1 |   184.1 |   184.1 
       abc-bk-akc |    144 | 18432 |   128 | 1.00 | 1.00 |       372.6 |   372.6 |   372.6 

=== c64 ===
             case |      m |     n |     k | regA | regB | planar GF/s | 1m GF/s | 3m GF/s 
------------------+--------+-------+-------+------+------+-------------+---------+---------
         ij-ik-kj |   1464 |  1448 |  1464 | 1.00 | 1.00 |       986.2 |   926.5 |   732.7 
       ij-ikl-ljk |    144 |   128 | 18432 | 1.00 | 1.00 |        59.4 |    55.5 |    56.2 
       ij-kil-lkj |    144 |   128 | 20736 | 1.00 | 1.00 |        62.6 |    59.4 |    55.6 
       ijk-ikl-lj |  18432 |   128 |   144 | 1.00 | 1.00 |      1066.4 |   888.2 |   758.6 
       ijk-il-jlk |    144 | 18432 |   128 | 1.00 | 1.00 |      1080.5 |   173.0 |   150.1 
       ijk-ilk-jl |  18432 |   144 |   128 | 1.00 | 1.00 |      1018.4 |   911.4 |   833.9 
       ijk-ilk-lj |  18432 |   128 |   144 | 1.00 | 1.00 |       937.1 |   958.2 |   793.9 
     ijk-ilmk-mjl |   1920 |    40 |  1920 | 1.00 | 1.00 |       152.6 |   131.0 |   136.9 
   ijkl-imjn-lnkm |   1920 |  1920 |  1600 | 1.00 | 0.90 |      1048.8 |   971.6 |   795.7 
   ijkl-imjn-nlmk |   1920 |  1600 |  1920 | 1.00 | 0.90 |       979.7 |   911.4 |   754.0 
   ijkl-imkn-jnlm |   1920 |  1920 |  1600 | 1.00 | 1.00 |      1054.3 |   972.6 |   817.3 
   ijkl-imkn-njml |   1920 |  1600 |  1920 | 1.00 | 0.90 |       977.7 |   913.0 |   750.3 
   ijkl-imln-jnkm |   1920 |  1920 |  1600 | 1.00 | 1.00 |      1006.1 |   994.8 |   806.6 
   ijkl-imln-njmk |   1920 |  1600 |  1920 | 1.00 | 0.90 |       960.4 |   932.6 |   759.1 
   ijkl-imnj-nlkm |   1920 |  1600 |  1920 | 1.00 | 0.90 |       977.8 |   912.9 |   762.3 
   ijkl-imnk-njml |   1920 |  1600 |  1920 | 1.00 | 0.90 |       980.2 |   921.5 |   755.1 
   ijkl-minj-nlmk |   1920 |  1600 |  2304 | 1.00 | 0.90 |       977.7 |   937.5 |   787.6 
   ijkl-mink-jnlm |   1920 |  1920 |  1920 | 1.00 | 1.00 |      1084.8 |  1015.1 |   832.2 
   ijkl-minl-njmk |   1920 |  1600 |  2304 | 1.00 | 0.90 |       979.5 |   927.7 |   761.2 
     aqrs-pa-pqrs |     48 | 64000 |    48 | 1.00 | 1.00 |       676.2 |    26.9 |    50.7 
     abrs-qb-aqrs |     40 | 76800 |    48 | 1.00 | 1.00 |       506.0 |   510.2 |   466.0 
     abcs-rc-abrs |     40 | 76800 |    48 | 1.00 | 1.00 |       488.2 |   498.4 |   456.0 
       abj-bka-kj |  20736 |   128 |   144 | 1.00 | 1.00 |       854.4 |   830.3 |   739.1 
       ajb-kba-jk |  18432 |   144 |   144 | 1.00 | 1.00 |      1038.7 |   991.7 |   884.6 
     abjc-cbka-kj |  92160 |    40 |    48 | 1.00 | 1.00 |       368.5 |   332.6 |   321.4 
     ajbc-ckba-jk |  92160 |    48 |    40 | 1.00 | 1.00 |       394.6 |   366.7 |   363.8 
     abjc-kbac-jk |  76800 |    48 |    48 | 1.00 | 1.00 |       516.0 |   584.9 |   515.7 
   abjcd-dkbac-jk | 230400 |    24 |    20 | 0.67 | 1.00 |       205.2 |   187.3 |   185.0 
   adbjc-cbdka-kj | 230400 |    20 |    24 | 0.67 | 1.00 |       188.8 |   166.8 |   179.3 
   ajbdc-ckbad-jk | 230400 |    24 |    20 | 1.00 | 1.00 |       208.0 |   184.3 |   189.4 
 abcijk-ijma-mkbc |   6912 |  1728 |    24 | 1.00 | 1.00 |       402.4 |   392.5 |   356.1 
 abcijk-ijmb-mkac |   3456 |  3456 |    24 | 1.00 | 1.00 |       319.3 |   310.0 |   246.4 
 abcijk-ijmc-mkab |   3456 |  3456 |    24 | 1.00 | 1.00 |       320.4 |   303.8 |   260.2 
 abcijk-ikma-mjbc |   6912 |  1728 |    24 | 1.00 | 1.00 |       423.1 |   413.0 |   342.0 
 abcijk-ikmb-mjac |   3456 |  3456 |    24 | 1.00 | 1.00 |       295.7 |   310.2 |   261.4 
 abcijk-ikmc-mjab |   3456 |  3456 |    24 | 1.00 | 1.00 |       311.5 |   310.5 |   264.5 
 abcijk-jkma-mibc |   6912 |  1728 |    24 | 1.00 | 1.00 |       398.7 |   391.4 |   326.2 
 abcijk-jkmb-miac |   3456 |  3456 |    24 | 1.00 | 1.00 |       320.3 |   301.2 |   244.0 
 abcijk-jkmc-miab |   3456 |  3456 |    24 | 1.00 | 1.00 |       314.7 |   310.4 |   255.6 
 abcijk-eiab-jkec |   3456 |  3456 |    24 | 1.00 | 1.00 |       337.9 |   314.3 |   252.2 
 abcijk-eiac-jkeb |   3456 |  3456 |    24 | 1.00 | 1.00 |       315.5 |   312.7 |   254.1 
 abcijk-eibc-jkea |   1728 |  6912 |    24 | 1.00 | 1.00 |       407.2 |   403.1 |   348.5 
 abcijk-ejab-ikec |   3456 |  3456 |    24 | 1.00 | 1.00 |       290.5 |   303.0 |   243.1 
 abcijk-ejac-ikeb |   3456 |  3456 |    24 | 1.00 | 1.00 |       299.1 |   313.3 |   284.1 
 abcijk-ejbc-ikea |   1728 |  6912 |    24 | 1.00 | 1.00 |       409.6 |   403.2 |   337.7 
 abcijk-ekab-ijec |   3456 |  3456 |    24 | 1.00 | 1.00 |       317.1 |   301.3 |   256.5 
 abcijk-ekac-ijeb |   3456 |  3456 |    24 | 1.00 | 1.00 |       311.5 |   301.2 |   243.3 
 abcijk-ekbc-ijea |   1728 |  6912 |    24 | 1.00 | 1.00 |       399.7 |   400.1 |   364.9 
       abc-bk-akc |    144 | 18432 |   128 | 1.00 | 1.00 |       962.5 |   956.4 |   865.2 

=== complex efficiency ratio (c64 GF/s over f64 GF/s; 1.0 = no penalty) ===
             case | planar c64/f64 | 1m c64/f64 | 3m c64/f64 
------------------+----------------+------------+------------
         ij-ik-kj |          0.860 |      0.808 |      0.639 
       ij-ikl-ljk |          3.563 |      3.330 |      3.372 
       ij-kil-lkj |          3.656 |      3.469 |      3.247 
       ijk-ikl-lj |          2.558 |      2.131 |      1.820 
       ijk-il-jlk |          9.221 |      1.476 |      1.281 
       ijk-ilk-jl |          2.485 |      2.224 |      2.035 
       ijk-ilk-lj |          2.489 |      2.545 |      2.108 
     ijk-ilmk-mjl |          3.674 |      3.155 |      3.298 
   ijkl-imjn-lnkm |          1.940 |      1.797 |      1.472 
   ijkl-imjn-nlmk |          1.918 |      1.785 |      1.476 
   ijkl-imkn-jnlm |          1.943 |      1.792 |      1.506 
   ijkl-imkn-njml |          1.849 |      1.726 |      1.419 
   ijkl-imln-jnkm |          1.727 |      1.708 |      1.385 
   ijkl-imln-njmk |          1.856 |      1.802 |      1.467 
   ijkl-imnj-nlkm |          1.882 |      1.757 |      1.467 
   ijkl-imnk-njml |          1.884 |      1.771 |      1.451 
   ijkl-minj-nlmk |          1.896 |      1.818 |      1.527 
   ijkl-mink-jnlm |          1.955 |      1.829 |      1.499 
   ijkl-minl-njmk |          1.837 |      1.740 |      1.428 
     aqrs-pa-pqrs |         34.919 |      1.391 |      2.618 
     abrs-qb-aqrs |          2.660 |      2.682 |      2.450 
     abcs-rc-abrs |          2.459 |      2.511 |      2.297 
       abj-bka-kj |          2.172 |      2.111 |      1.879 
       ajb-kba-jk |          2.503 |      2.390 |      2.131 
     abjc-cbka-kj |          2.573 |      2.322 |      2.244 
     ajbc-ckba-jk |          2.250 |      2.091 |      2.074 
     abjc-kbac-jk |          2.154 |      2.442 |      2.153 
   abjcd-dkbac-jk |          2.447 |      2.233 |      2.206 
   adbjc-cbdka-kj |          2.627 |      2.320 |      2.495 
   ajbdc-ckbad-jk |          2.255 |      1.998 |      2.053 
 abcijk-ijma-mkbc |          2.342 |      2.285 |      2.073 
 abcijk-ijmb-mkac |          2.197 |      2.133 |      1.695 
 abcijk-ijmc-mkab |          2.239 |      2.123 |      1.818 
 abcijk-ikma-mjbc |          2.288 |      2.234 |      1.850 
 abcijk-ikmb-mjac |          1.972 |      2.069 |      1.744 
 abcijk-ikmc-mjab |          2.248 |      2.241 |      1.909 
 abcijk-jkma-mibc |          2.128 |      2.089 |      1.741 
 abcijk-jkmb-miac |          2.311 |      2.173 |      1.761 
 abcijk-jkmc-miab |          2.225 |      2.195 |      1.807 
 abcijk-eiab-jkec |          2.231 |      2.075 |      1.665 
 abcijk-eiac-jkeb |          2.259 |      2.239 |      1.819 
 abcijk-eibc-jkea |          1.941 |      1.921 |      1.661 
 abcijk-ejab-ikec |          1.940 |      2.024 |      1.624 
 abcijk-ejac-ikeb |          2.088 |      2.188 |      1.984 
 abcijk-ejbc-ikea |          2.137 |      2.104 |      1.762 
 abcijk-ekab-ijec |          2.379 |      2.260 |      1.925 
 abcijk-ekac-ijeb |          2.087 |      2.018 |      1.630 
 abcijk-ekbc-ijea |          2.171 |      2.173 |      1.982 
       abc-bk-akc |          2.583 |      2.567 |      2.322 
             MEAN |          3.061 |      2.128 |      1.903 

wrote bench-results/worker6194-icelake/phase4g/sm-pool-s16-t32-f64c64.csv
