host        : worker6194
target      : x86_64 / linux
cpu features: avx2 fma avx512f avx512dq 
caches      : L1=48KiB/12-way/1sh L2=1280KiB/20-way/1sh L3=49152KiB/12-way/32sh (via sysfs), blocking=legacy
l3 domains  : t1=1 t4=1 t8=1 t16=1
baselines   : tblis=false blas=false

sweeping 49 cases at 64 MiB nominal tensor size, 3 reps, stress=none


=== f32 ===
             case |      m |      n |     k | regA | regB | planar GF/s | 1m GF/s | 3m GF/s 
------------------+--------+--------+-------+------+------+-------------+---------+---------
         ij-ik-kj |   2904 |   2896 |  2904 | 1.00 | 1.00 |      1052.8 |  1052.8 |  1052.8 
       ij-ikl-ljk |    216 |    204 | 44064 | 1.00 | 1.00 |       122.3 |   122.3 |   122.3 
       ij-kil-lkj |    216 |    204 | 46656 | 1.00 | 1.00 |        96.7 |    96.7 |    96.7 
       ijk-ikl-lj |  44064 |    204 |   216 | 1.00 | 1.00 |       942.3 |   942.3 |   942.3 
       ijk-il-jlk |    216 |  44064 |   204 | 1.00 | 1.00 |       839.7 |   839.7 |   839.7 
       ijk-ilk-jl |  44064 |    216 |   204 | 0.89 | 1.00 |       972.7 |   972.7 |   972.7 
       ijk-ilk-lj |  44064 |    204 |   216 | 0.89 | 1.00 |       942.5 |   942.5 |   942.5 
     ijk-ilmk-mjl |   3744 |     52 |  3744 | 0.67 | 1.00 |       211.1 |   211.1 |   211.1 
   ijkl-imjn-lnkm |   3744 |   3744 |  2704 | 0.67 | 0.92 |      1104.0 |  1104.0 |  1104.0 
   ijkl-imjn-nlmk |   3744 |   2704 |  3744 | 0.67 | 0.92 |      1111.2 |  1111.2 |  1111.2 
   ijkl-imkn-jnlm |   3744 |   3744 |  2704 | 0.67 | 1.00 |      1165.7 |  1165.7 |  1165.7 
   ijkl-imkn-njml |   3744 |   2704 |  3744 | 0.67 | 0.92 |      1125.8 |  1125.8 |  1125.8 
   ijkl-imln-jnkm |   3744 |   3744 |  2704 | 0.67 | 1.00 |      1163.5 |  1163.5 |  1163.5 
   ijkl-imln-njmk |   3744 |   2704 |  3744 | 0.67 | 0.92 |      1116.7 |  1116.7 |  1116.7 
   ijkl-imnj-nlkm |   3744 |   2704 |  3744 | 0.67 | 0.92 |      1107.7 |  1107.7 |  1107.7 
   ijkl-imnk-njml |   3744 |   2704 |  3744 | 0.67 | 0.92 |      1127.1 |  1127.1 |  1127.1 
   ijkl-minj-nlmk |   3744 |   2704 |  5184 | 0.67 | 0.92 |      1085.2 |  1085.2 |  1085.2 
   ijkl-mink-jnlm |   3744 |   3744 |  3744 | 0.67 | 1.00 |      1187.1 |  1187.1 |  1187.1 
   ijkl-minl-njmk |   3744 |   2704 |  5184 | 0.67 | 0.92 |      1106.7 |  1106.7 |  1106.7 
     aqrs-pa-pqrs |     72 | 140608 |    72 | 1.00 | 1.00 |       118.7 |   118.7 |   118.7 
     abrs-qb-aqrs |     52 | 194688 |    72 | 0.67 | 1.00 |       454.5 |   454.5 |   454.5 
     abcs-rc-abrs |     52 | 194688 |    72 | 1.00 | 1.00 |       457.0 |   457.0 |   457.0 
       abj-bka-kj |  46656 |    204 |   216 | 0.89 | 1.00 |       509.8 |   509.8 |   509.8 
       ajb-kba-jk |  44064 |    216 |   216 | 0.89 | 1.00 |       957.0 |   957.0 |   957.0 
     abjc-cbka-kj | 269568 |     52 |    72 | 0.67 | 1.00 |       111.1 |   111.1 |   111.1 
     ajbc-ckba-jk | 269568 |     72 |    52 | 0.67 | 1.00 |       171.4 |   171.4 |   171.4 
     abjc-kbac-jk | 194688 |     72 |    72 | 0.67 | 1.00 |       444.1 |   444.1 |   444.1 
   abjcd-dkbac-jk | 331776 |     24 |    24 | 0.00 | 1.00 |        74.1 |    74.1 |    74.1 
   adbjc-cbdka-kj | 331776 |     24 |    24 | 0.00 | 1.00 |        87.4 |    87.4 |    87.4 
   ajbdc-ckbad-jk | 331776 |     24 |    24 | 0.00 | 1.00 |        70.6 |    70.6 |    70.6 
 abcijk-ijma-mkbc |   9216 |   4096 |    24 | 0.00 | 1.00 |       384.8 |   384.8 |   384.8 
 abcijk-ijmb-mkac |   6144 |   6144 |    24 | 0.00 | 1.00 |       295.6 |   295.6 |   295.6 
 abcijk-ijmc-mkab |   6144 |   6144 |    24 | 1.00 | 1.00 |       374.1 |   374.1 |   374.1 
 abcijk-ikma-mjbc |   9216 |   4096 |    24 | 0.00 | 1.00 |       383.5 |   383.5 |   383.5 
 abcijk-ikmb-mjac |   6144 |   6144 |    24 | 0.00 | 1.00 |       296.2 |   296.2 |   296.2 
 abcijk-ikmc-mjab |   6144 |   6144 |    24 | 1.00 | 1.00 |       360.5 |   360.5 |   360.5 
 abcijk-jkma-mibc |   9216 |   4096 |    24 | 0.00 | 1.00 |       366.3 |   366.3 |   366.3 
 abcijk-jkmb-miac |   6144 |   6144 |    24 | 0.00 | 1.00 |       218.8 |   218.8 |   218.8 
 abcijk-jkmc-miab |   6144 |   6144 |    24 | 1.00 | 1.00 |       369.9 |   369.9 |   369.9 
 abcijk-eiab-jkec |   6144 |   6144 |    24 | 1.00 | 1.00 |       365.7 |   365.7 |   365.7 
 abcijk-eiac-jkeb |   6144 |   6144 |    24 | 0.00 | 1.00 |       215.7 |   215.7 |   215.7 
 abcijk-eibc-jkea |   4096 |   9216 |    24 | 0.00 | 1.00 |       373.9 |   373.9 |   373.9 
 abcijk-ejab-ikec |   6144 |   6144 |    24 | 1.00 | 1.00 |       371.5 |   371.5 |   371.5 
 abcijk-ejac-ikeb |   6144 |   6144 |    24 | 0.00 | 1.00 |       293.7 |   293.7 |   293.7 
 abcijk-ejbc-ikea |   4096 |   9216 |    24 | 0.00 | 1.00 |       390.0 |   390.0 |   390.0 
 abcijk-ekab-ijec |   6144 |   6144 |    24 | 1.00 | 1.00 |       356.7 |   356.7 |   356.7 
 abcijk-ekac-ijeb |   6144 |   6144 |    24 | 0.00 | 1.00 |       301.4 |   301.4 |   301.4 
 abcijk-ekbc-ijea |   4096 |   9216 |    24 | 0.00 | 1.00 |       422.9 |   422.9 |   422.9 
       abc-bk-akc |    216 |  44064 |   204 | 0.89 | 1.00 |       971.0 |   971.0 |   971.0 

=== c32 ===
             case |      m |      n |     k | regA | regB | planar GF/s | 1m GF/s | 3m GF/s 
------------------+--------+--------+-------+------+------+-------------+---------+---------
         ij-ik-kj |   2904 |   2896 |  2904 | 1.00 | 1.00 |      1273.2 |  1241.5 |   878.8 
       ij-ikl-ljk |    216 |    204 | 44064 | 1.00 | 1.00 |       215.9 |   636.4 |   203.2 
       ij-kil-lkj |    216 |    204 | 46656 | 1.00 | 1.00 |       213.1 |   214.9 |   207.3 
       ijk-ikl-lj |  44064 |    204 |   216 | 1.00 | 1.00 |      1282.0 |  1189.6 |   833.8 
       ijk-il-jlk |    216 |  44064 |   204 | 1.00 | 1.00 |      1173.9 |  1105.3 |   317.6 
       ijk-ilk-jl |  44064 |    216 |   204 | 0.89 | 1.00 |      1307.6 |  1246.7 |   869.0 
       ijk-ilk-lj |  44064 |    204 |   216 | 0.89 | 1.00 |      1285.7 |  1215.4 |   860.5 
     ijk-ilmk-mjl |   3744 |     52 |  3744 | 0.67 | 1.00 |       538.9 |   506.0 |   412.4 
   ijkl-imjn-lnkm |   3744 |   3744 |  2704 | 0.67 | 0.92 |      1255.4 |  1229.8 |   878.5 
   ijkl-imjn-nlmk |   3744 |   2704 |  3744 | 0.67 | 0.92 |      1303.9 |  1275.3 |   905.7 
   ijkl-imkn-jnlm |   3744 |   3744 |  2704 | 0.67 | 1.00 |      1302.3 |  1283.0 |   888.3 
   ijkl-imkn-njml |   3744 |   2704 |  3744 | 0.67 | 0.92 |      1317.0 |  1295.1 |   905.2 
   ijkl-imln-jnkm |   3744 |   3744 |  2704 | 0.67 | 1.00 |      1299.7 |  1283.1 |   889.9 
   ijkl-imln-njmk |   3744 |   2704 |  3744 | 0.67 | 0.92 |      1315.6 |  1294.6 |   905.0 
   ijkl-imnj-nlkm |   3744 |   2704 |  3744 | 0.67 | 0.92 |      1303.0 |  1275.0 |   906.2 
   ijkl-imnk-njml |   3744 |   2704 |  3744 | 0.67 | 0.92 |      1313.0 |  1293.6 |   906.5 
   ijkl-minj-nlmk |   3744 |   2704 |  5184 | 0.67 | 0.92 |      1291.3 |  1258.8 |   899.5 
   ijkl-mink-jnlm |   3744 |   3744 |  3744 | 0.67 | 1.00 |      1322.5 |  1299.4 |   905.2 
   ijkl-minl-njmk |   3744 |   2704 |  5184 | 0.67 | 0.92 |      1300.7 |  1278.2 |   904.9 
     aqrs-pa-pqrs |     72 | 140608 |    72 | 1.00 | 1.00 |       633.1 |   600.8 |   501.0 
     abrs-qb-aqrs |     52 | 194688 |    72 | 0.67 | 1.00 |       775.2 |   720.7 |   538.2 
     abcs-rc-abrs |     52 | 194688 |    72 | 1.00 | 1.00 |       903.1 |   597.6 |   535.2 
       abj-bka-kj |  46656 |    204 |   216 | 0.89 | 1.00 |       957.7 |   837.1 |   705.4 
       ajb-kba-jk |  44064 |    216 |   216 | 0.89 | 1.00 |      1293.4 |  1245.3 |   905.3 
     abjc-cbka-kj | 269568 |     52 |    72 | 0.67 | 1.00 |       264.2 |   192.1 |   200.6 
     ajbc-ckba-jk | 269568 |     72 |    52 | 0.67 | 1.00 |       345.7 |   272.2 |   280.1 
     abjc-kbac-jk | 194688 |     72 |    72 | 0.67 | 1.00 |       826.4 |   687.1 |   572.7 
   abjcd-dkbac-jk | 331776 |     24 |    24 | 0.00 | 1.00 |       152.2 |   125.7 |   121.7 
   adbjc-cbdka-kj | 331776 |     24 |    24 | 0.00 | 1.00 |       129.6 |   111.6 |   116.2 
   ajbdc-ckbad-jk | 331776 |     24 |    24 | 0.00 | 1.00 |       138.9 |   115.9 |   116.0 
 abcijk-ijma-mkbc |   9216 |   4096 |    24 | 0.00 | 0.99 |       652.2 |   725.5 |   537.1 
 abcijk-ijmb-mkac |   6144 |   6144 |    24 | 0.00 | 1.00 |       506.7 |   633.5 |   473.8 
 abcijk-ijmc-mkab |   6144 |   6144 |    24 | 1.00 | 0.75 |       648.0 |   604.8 |   481.5 
 abcijk-ikma-mjbc |   9216 |   4096 |    24 | 0.00 | 0.99 |       655.8 |   726.3 |   528.2 
 abcijk-ikmb-mjac |   6144 |   6144 |    24 | 0.00 | 1.00 |       496.3 |   604.4 |   462.4 
 abcijk-ikmc-mjab |   6144 |   6144 |    24 | 1.00 | 0.75 |       661.2 |   608.9 |   483.5 
 abcijk-jkma-mibc |   9216 |   4096 |    24 | 0.00 | 0.99 |       631.2 |   719.5 |   543.0 
 abcijk-jkmb-miac |   6144 |   6144 |    24 | 0.00 | 1.00 |       478.4 |   605.8 |   461.9 
 abcijk-jkmc-miab |   6144 |   6144 |    24 | 1.00 | 0.75 |       644.2 |   595.2 |   483.5 
 abcijk-eiab-jkec |   6144 |   6144 |    24 | 1.00 | 0.75 |       645.6 |   593.7 |   471.7 
 abcijk-eiac-jkeb |   6144 |   6144 |    24 | 0.00 | 1.00 |       477.4 |   618.3 |   458.7 
 abcijk-eibc-jkea |   4096 |   9216 |    24 | 0.00 | 0.99 |       641.9 |   716.1 |   529.3 
 abcijk-ejab-ikec |   6144 |   6144 |    24 | 1.00 | 0.75 |       649.2 |   611.8 |   475.6 
 abcijk-ejac-ikeb |   6144 |   6144 |    24 | 0.00 | 1.00 |       505.1 |   608.6 |   470.7 
 abcijk-ejbc-ikea |   4096 |   9216 |    24 | 0.00 | 0.99 |       659.1 |   716.8 |   529.2 
 abcijk-ekab-ijec |   6144 |   6144 |    24 | 1.00 | 0.75 |       661.7 |   608.7 |   483.4 
 abcijk-ekac-ijeb |   6144 |   6144 |    24 | 0.00 | 1.00 |       502.1 |   600.1 |   460.3 
 abcijk-ekbc-ijea |   4096 |   9216 |    24 | 0.00 | 0.99 |       649.9 |   718.4 |   531.3 
       abc-bk-akc |    216 |  44064 |   204 | 0.89 | 1.00 |      1309.1 |  1256.8 |   877.5 

=== complex efficiency ratio (c32 GF/s over f32 GF/s; 1.0 = no penalty) ===
             case | planar c32/f32 | 1m c32/f32 | 3m c32/f32 
------------------+----------------+------------+------------
         ij-ik-kj |          1.209 |      1.179 |      0.835 
       ij-ikl-ljk |          1.766 |      5.204 |      1.662 
       ij-kil-lkj |          2.203 |      2.221 |      2.142 
       ijk-ikl-lj |          1.360 |      1.262 |      0.885 
       ijk-il-jlk |          1.398 |      1.316 |      0.378 
       ijk-ilk-jl |          1.344 |      1.282 |      0.893 
       ijk-ilk-lj |          1.364 |      1.290 |      0.913 
     ijk-ilmk-mjl |          2.553 |      2.398 |      1.954 
   ijkl-imjn-lnkm |          1.137 |      1.114 |      0.796 
   ijkl-imjn-nlmk |          1.173 |      1.148 |      0.815 
   ijkl-imkn-jnlm |          1.117 |      1.101 |      0.762 
   ijkl-imkn-njml |          1.170 |      1.150 |      0.804 
   ijkl-imln-jnkm |          1.117 |      1.103 |      0.765 
   ijkl-imln-njmk |          1.178 |      1.159 |      0.810 
   ijkl-imnj-nlkm |          1.176 |      1.151 |      0.818 
   ijkl-imnk-njml |          1.165 |      1.148 |      0.804 
   ijkl-minj-nlmk |          1.190 |      1.160 |      0.829 
   ijkl-mink-jnlm |          1.114 |      1.095 |      0.762 
   ijkl-minl-njmk |          1.175 |      1.155 |      0.818 
     aqrs-pa-pqrs |          5.335 |      5.063 |      4.222 
     abrs-qb-aqrs |          1.706 |      1.586 |      1.184 
     abcs-rc-abrs |          1.976 |      1.308 |      1.171 
       abj-bka-kj |          1.878 |      1.642 |      1.384 
       ajb-kba-jk |          1.352 |      1.301 |      0.946 
     abjc-cbka-kj |          2.378 |      1.729 |      1.806 
     ajbc-ckba-jk |          2.017 |      1.588 |      1.634 
     abjc-kbac-jk |          1.861 |      1.547 |      1.290 
   abjcd-dkbac-jk |          2.052 |      1.696 |      1.642 
   adbjc-cbdka-kj |          1.482 |      1.276 |      1.328 
   ajbdc-ckbad-jk |          1.969 |      1.642 |      1.644 
 abcijk-ijma-mkbc |          1.695 |      1.885 |      1.396 
 abcijk-ijmb-mkac |          1.714 |      2.143 |      1.603 
 abcijk-ijmc-mkab |          1.732 |      1.616 |      1.287 
 abcijk-ikma-mjbc |          1.710 |      1.894 |      1.377 
 abcijk-ikmb-mjac |          1.675 |      2.040 |      1.561 
 abcijk-ikmc-mjab |          1.834 |      1.689 |      1.341 
 abcijk-jkma-mibc |          1.723 |      1.964 |      1.482 
 abcijk-jkmb-miac |          2.187 |      2.769 |      2.111 
 abcijk-jkmc-miab |          1.742 |      1.609 |      1.307 
 abcijk-eiab-jkec |          1.766 |      1.624 |      1.290 
 abcijk-eiac-jkeb |          2.213 |      2.866 |      2.126 
 abcijk-eibc-jkea |          1.717 |      1.915 |      1.416 
 abcijk-ejab-ikec |          1.747 |      1.647 |      1.280 
 abcijk-ejac-ikeb |          1.720 |      2.072 |      1.603 
 abcijk-ejbc-ikea |          1.690 |      1.838 |      1.357 
 abcijk-ekab-ijec |          1.855 |      1.706 |      1.355 
 abcijk-ekac-ijeb |          1.666 |      1.991 |      1.527 
 abcijk-ekbc-ijea |          1.537 |      1.699 |      1.256 
       abc-bk-akc |          1.348 |      1.294 |      0.904 
             MEAN |          1.698 |      1.740 |      1.312 

wrote bench-results/worker6194-icelake/phase4g/sm-pool-s64-t8-f32c32.csv
