host        : worker6194
target      : x86_64 / linux
cpu features: avx2 fma avx512f avx512dq 
caches      : L1=48KiB/12-way/1sh L2=1280KiB/20-way/1sh L3=49152KiB/12-way/32sh (via sysfs), blocking=legacy
l3 domains  : t1=1
baselines   : tblis=false blas=false

sweeping 49 cases at 64 MiB nominal tensor size, 3 reps, stress=none


=== f64 ===
             case |      m |      n |     k | regA | regB | planar GF/s | 1m GF/s | 3m GF/s 
------------------+--------+--------+-------+------+------+-------------+---------+---------
         ij-ik-kj |   2904 |   2896 |  2904 | 1.00 | 1.00 |        71.9 |    71.9 |    71.9 
       ij-ikl-ljk |    216 |    204 | 44064 | 1.00 | 1.00 |        40.9 |    40.9 |    40.9 
       ij-kil-lkj |    216 |    204 | 46656 | 1.00 | 1.00 |        40.4 |    40.4 |    40.4 
       ijk-ikl-lj |  44064 |    204 |   216 | 1.00 | 1.00 |        58.4 |    58.4 |    58.4 
       ijk-il-jlk |    216 |  44064 |   204 | 1.00 | 1.00 |        48.8 |    48.8 |    48.8 
       ijk-ilk-jl |  44064 |    216 |   204 | 1.00 | 1.00 |        63.4 |    63.4 |    63.4 
       ijk-ilk-lj |  44064 |    204 |   216 | 1.00 | 1.00 |        61.5 |    61.5 |    61.5 
     ijk-ilmk-mjl |   3744 |     52 |  3744 | 1.00 | 1.00 |        44.3 |    44.3 |    44.3 
   ijkl-imjn-lnkm |   3744 |   3744 |  2704 | 1.00 | 0.92 |        71.0 |    71.0 |    71.0 
   ijkl-imjn-nlmk |   3744 |   2704 |  3744 | 1.00 | 0.92 |        70.7 |    70.7 |    70.7 
   ijkl-imkn-jnlm |   3744 |   3744 |  2704 | 1.00 | 1.00 |        69.7 |    69.7 |    69.7 
   ijkl-imkn-njml |   3744 |   2704 |  3744 | 1.00 | 0.92 |        69.6 |    69.6 |    69.6 
   ijkl-imln-jnkm |   3744 |   3744 |  2704 | 1.00 | 1.00 |        69.8 |    69.8 |    69.8 
   ijkl-imln-njmk |   3744 |   2704 |  3744 | 1.00 | 0.92 |        69.7 |    69.7 |    69.7 
   ijkl-imnj-nlkm |   3744 |   2704 |  3744 | 1.00 | 0.92 |        70.8 |    70.8 |    70.8 
   ijkl-imnk-njml |   3744 |   2704 |  3744 | 1.00 | 0.92 |        69.6 |    69.6 |    69.6 
   ijkl-minj-nlmk |   3744 |   2704 |  5184 | 1.00 | 0.92 |        69.8 |    69.8 |    69.8 
   ijkl-mink-jnlm |   3744 |   3744 |  3744 | 1.00 | 1.00 |        69.2 |    69.2 |    69.2 
   ijkl-minl-njmk |   3744 |   2704 |  5184 | 1.00 | 0.92 |        68.9 |    68.9 |    68.9 
     aqrs-pa-pqrs |     72 | 140608 |    72 | 1.00 | 1.00 |        38.2 |    38.2 |    38.2 
     abrs-qb-aqrs |     52 | 194688 |    72 | 1.00 | 1.00 |        42.9 |    42.9 |    42.9 
     abcs-rc-abrs |     52 | 194688 |    72 | 1.00 | 1.00 |        49.4 |    49.4 |    49.4 
       abj-bka-kj |  46656 |    204 |   216 | 1.00 | 1.00 |        44.5 |    44.5 |    44.5 
       ajb-kba-jk |  44064 |    216 |   216 | 1.00 | 1.00 |        64.2 |    64.2 |    64.2 
     abjc-cbka-kj | 269568 |     52 |    72 | 1.00 | 1.00 |        15.5 |    15.5 |    15.5 
     ajbc-ckba-jk | 269568 |     72 |    52 | 1.00 | 1.00 |        22.5 |    22.5 |    22.5 
     abjc-kbac-jk | 194688 |     72 |    72 | 1.00 | 1.00 |        55.9 |    55.9 |    55.9 
   abjcd-dkbac-jk | 331776 |     24 |    24 | 1.00 | 1.00 |         9.2 |     9.2 |     9.2 
   adbjc-cbdka-kj | 331776 |     24 |    24 | 1.00 | 1.00 |         7.1 |     7.1 |     7.1 
   ajbdc-ckbad-jk | 331776 |     24 |    24 | 1.00 | 1.00 |         9.1 |     9.1 |     9.1 
 abcijk-ijma-mkbc |   9216 |   4096 |    24 | 1.00 | 1.00 |        45.3 |    45.3 |    45.3 
 abcijk-ijmb-mkac |   6144 |   6144 |    24 | 1.00 | 1.00 |        39.5 |    39.5 |    39.5 
 abcijk-ijmc-mkab |   6144 |   6144 |    24 | 1.00 | 1.00 |        41.0 |    41.0 |    41.0 
 abcijk-ikma-mjbc |   9216 |   4096 |    24 | 1.00 | 1.00 |        44.9 |    44.9 |    44.9 
 abcijk-ikmb-mjac |   6144 |   6144 |    24 | 1.00 | 1.00 |        39.5 |    39.5 |    39.5 
 abcijk-ikmc-mjab |   6144 |   6144 |    24 | 1.00 | 1.00 |        40.5 |    40.5 |    40.5 
 abcijk-jkma-mibc |   9216 |   4096 |    24 | 1.00 | 1.00 |        42.7 |    42.7 |    42.7 
 abcijk-jkmb-miac |   6144 |   6144 |    24 | 1.00 | 1.00 |        38.0 |    38.0 |    38.0 
 abcijk-jkmc-miab |   6144 |   6144 |    24 | 1.00 | 1.00 |        40.3 |    40.3 |    40.3 
 abcijk-eiab-jkec |   6144 |   6144 |    24 | 1.00 | 1.00 |        40.2 |    40.2 |    40.2 
 abcijk-eiac-jkeb |   6144 |   6144 |    24 | 1.00 | 1.00 |        38.4 |    38.4 |    38.4 
 abcijk-eibc-jkea |   4096 |   9216 |    24 | 1.00 | 1.00 |        43.3 |    43.3 |    43.3 
 abcijk-ejab-ikec |   6144 |   6144 |    24 | 1.00 | 1.00 |        41.3 |    41.3 |    41.3 
 abcijk-ejac-ikeb |   6144 |   6144 |    24 | 1.00 | 1.00 |        39.7 |    39.7 |    39.7 
 abcijk-ejbc-ikea |   4096 |   9216 |    24 | 1.00 | 1.00 |        45.1 |    45.1 |    45.1 
 abcijk-ekab-ijec |   6144 |   6144 |    24 | 1.00 | 1.00 |        41.3 |    41.3 |    41.3 
 abcijk-ekac-ijeb |   6144 |   6144 |    24 | 1.00 | 1.00 |        39.5 |    39.5 |    39.5 
 abcijk-ekbc-ijea |   4096 |   9216 |    24 | 1.00 | 1.00 |        45.4 |    45.4 |    45.4 
       abc-bk-akc |    216 |  44064 |   204 | 1.00 | 1.00 |        63.2 |    63.2 |    63.2 

=== c64 ===
             case |      m |      n |     k | regA | regB | planar GF/s | 1m GF/s | 3m GF/s 
------------------+--------+--------+-------+------+------+-------------+---------+---------
         ij-ik-kj |   2904 |   2896 |  2904 | 1.00 | 1.00 |        90.7 |    73.4 |    58.4 
       ij-ikl-ljk |    216 |    204 | 44064 | 1.00 | 1.00 |        62.3 |    53.0 |    44.3 
       ij-kil-lkj |    216 |    204 | 46656 | 1.00 | 1.00 |        64.6 |    54.8 |    45.7 
       ijk-ikl-lj |  44064 |    204 |   216 | 1.00 | 1.00 |        83.3 |    66.0 |    54.5 
       ijk-il-jlk |    216 |  44064 |   204 | 1.00 | 1.00 |        80.5 |    68.1 |    54.3 
       ijk-ilk-jl |  44064 |    216 |   204 | 0.96 | 1.00 |        85.5 |    68.8 |    55.6 
       ijk-ilk-lj |  44064 |    204 |   216 | 0.96 | 1.00 |        85.3 |    67.5 |    55.0 
     ijk-ilmk-mjl |   3744 |     52 |  3744 | 0.89 | 1.00 |        64.8 |    52.8 |    40.7 
   ijkl-imjn-lnkm |   3744 |   3744 |  2704 | 0.89 | 0.92 |        90.9 |    73.6 |    58.0 
   ijkl-imjn-nlmk |   3744 |   2704 |  3744 | 0.89 | 0.92 |        90.8 |    73.8 |    58.2 
   ijkl-imkn-jnlm |   3744 |   3744 |  2704 | 0.89 | 1.00 |        89.3 |    73.2 |    58.1 
   ijkl-imkn-njml |   3744 |   2704 |  3744 | 0.89 | 0.92 |        89.1 |    73.1 |    57.7 
   ijkl-imln-jnkm |   3744 |   3744 |  2704 | 0.89 | 1.00 |        89.4 |    73.3 |    58.1 
   ijkl-imln-njmk |   3744 |   2704 |  3744 | 0.89 | 0.92 |        89.1 |    73.1 |    57.7 
   ijkl-imnj-nlkm |   3744 |   2704 |  3744 | 0.89 | 0.92 |        90.8 |    73.8 |    58.1 
   ijkl-imnk-njml |   3744 |   2704 |  3744 | 0.89 | 0.92 |        89.1 |    73.1 |    57.7 
   ijkl-minj-nlmk |   3744 |   2704 |  5184 | 0.89 | 0.92 |        90.0 |    72.9 |    57.7 
   ijkl-mink-jnlm |   3744 |   3744 |  3744 | 0.89 | 1.00 |        89.0 |    72.6 |    57.8 
   ijkl-minl-njmk |   3744 |   2704 |  5184 | 0.89 | 0.92 |        88.5 |    72.3 |    57.3 
     aqrs-pa-pqrs |     72 | 140608 |    72 | 1.00 | 1.00 |        56.5 |    57.1 |    44.1 
     abrs-qb-aqrs |     52 | 194688 |    72 | 0.89 | 1.00 |        60.6 |    56.2 |    41.5 
     abcs-rc-abrs |     52 | 194688 |    72 | 1.00 | 1.00 |        67.6 |    59.5 |    44.6 
       abj-bka-kj |  46656 |    204 |   216 | 0.96 | 1.00 |        70.6 |    56.3 |    48.3 
       ajb-kba-jk |  44064 |    216 |   216 | 0.96 | 1.00 |        91.1 |    73.8 |    58.5 
     abjc-cbka-kj | 269568 |     52 |    72 | 0.89 | 1.00 |        32.3 |    30.2 |    25.7 
     ajbc-ckba-jk | 269568 |     72 |    52 | 0.89 | 1.00 |        36.5 |    36.9 |    30.3 
     abjc-kbac-jk | 194688 |     72 |    72 | 0.89 | 1.00 |        66.9 |    62.4 |    45.5 
   abjcd-dkbac-jk | 331776 |     24 |    24 | 0.67 | 1.00 |        15.8 |    13.1 |    12.9 
   adbjc-cbdka-kj | 331776 |     24 |    24 | 0.67 | 1.00 |        16.0 |    13.7 |    13.0 
   ajbdc-ckbad-jk | 331776 |     24 |    24 | 1.00 | 1.00 |        16.3 |    12.4 |    12.6 
 abcijk-ijma-mkbc |   9216 |   4096 |    24 | 1.00 | 0.99 |        61.6 |    54.6 |    42.7 
 abcijk-ijmb-mkac |   6144 |   6144 |    24 | 1.00 | 0.88 |        60.5 |    54.7 |    42.6 
 abcijk-ijmc-mkab |   6144 |   6144 |    24 | 1.00 | 0.75 |        61.1 |    59.5 |    45.8 
 abcijk-ikma-mjbc |   9216 |   4096 |    24 | 1.00 | 0.99 |        62.0 |    54.6 |    42.6 
 abcijk-ikmb-mjac |   6144 |   6144 |    24 | 1.00 | 0.88 |        59.9 |    54.0 |    42.6 
 abcijk-ikmc-mjab |   6144 |   6144 |    24 | 1.00 | 0.75 |        60.2 |    59.1 |    45.6 
 abcijk-jkma-mibc |   9216 |   4096 |    24 | 1.00 | 0.99 |        59.9 |    53.9 |    42.7 
 abcijk-jkmb-miac |   6144 |   6144 |    24 | 1.00 | 0.88 |        59.3 |    54.6 |    42.2 
 abcijk-jkmc-miab |   6144 |   6144 |    24 | 1.00 | 0.75 |        60.5 |    59.0 |    45.3 
 abcijk-eiab-jkec |   6144 |   6144 |    24 | 1.00 | 0.75 |        60.5 |    58.9 |    45.4 
 abcijk-eiac-jkeb |   6144 |   6144 |    24 | 1.00 | 0.88 |        60.7 |    54.6 |    42.3 
 abcijk-eibc-jkea |   4096 |   9216 |    24 | 1.00 | 0.99 |        61.0 |    54.8 |    42.8 
 abcijk-ejab-ikec |   6144 |   6144 |    24 | 1.00 | 0.75 |        61.1 |    59.9 |    45.7 
 abcijk-ejac-ikeb |   6144 |   6144 |    24 | 1.00 | 0.88 |        60.6 |    55.0 |    42.6 
 abcijk-ejbc-ikea |   4096 |   9216 |    24 | 1.00 | 0.99 |        61.9 |    54.8 |    42.6 
 abcijk-ekab-ijec |   6144 |   6144 |    24 | 1.00 | 0.75 |        60.8 |    60.0 |    45.8 
 abcijk-ekac-ijeb |   6144 |   6144 |    24 | 1.00 | 0.88 |        60.6 |    54.9 |    42.7 
 abcijk-ekbc-ijea |   4096 |   9216 |    24 | 1.00 | 0.99 |        61.9 |    54.8 |    42.5 
       abc-bk-akc |    216 |  44064 |   204 | 0.96 | 1.00 |        85.6 |    68.9 |    55.6 

=== complex efficiency ratio (c64 GF/s over f64 GF/s; 1.0 = no penalty) ===
             case | planar c64/f64 | 1m c64/f64 | 3m c64/f64 
------------------+----------------+------------+------------
         ij-ik-kj |          1.262 |      1.022 |      0.813 
       ij-ikl-ljk |          1.523 |      1.297 |      1.084 
       ij-kil-lkj |          1.599 |      1.357 |      1.133 
       ijk-ikl-lj |          1.425 |      1.130 |      0.932 
       ijk-il-jlk |          1.650 |      1.396 |      1.114 
       ijk-ilk-jl |          1.350 |      1.085 |      0.878 
       ijk-ilk-lj |          1.386 |      1.097 |      0.894 
     ijk-ilmk-mjl |          1.463 |      1.193 |      0.919 
   ijkl-imjn-lnkm |          1.279 |      1.037 |      0.817 
   ijkl-imjn-nlmk |          1.283 |      1.043 |      0.823 
   ijkl-imkn-jnlm |          1.281 |      1.049 |      0.833 
   ijkl-imkn-njml |          1.281 |      1.050 |      0.830 
   ijkl-imln-jnkm |          1.280 |      1.049 |      0.832 
   ijkl-imln-njmk |          1.278 |      1.049 |      0.827 
   ijkl-imnj-nlkm |          1.284 |      1.043 |      0.822 
   ijkl-imnk-njml |          1.280 |      1.050 |      0.828 
   ijkl-minj-nlmk |          1.291 |      1.045 |      0.827 
   ijkl-mink-jnlm |          1.288 |      1.050 |      0.836 
   ijkl-minl-njmk |          1.285 |      1.050 |      0.832 
     aqrs-pa-pqrs |          1.478 |      1.493 |      1.153 
     abrs-qb-aqrs |          1.414 |      1.310 |      0.968 
     abcs-rc-abrs |          1.368 |      1.204 |      0.902 
       abj-bka-kj |          1.586 |      1.264 |      1.085 
       ajb-kba-jk |          1.419 |      1.149 |      0.911 
     abjc-cbka-kj |          2.079 |      1.946 |      1.653 
     ajbc-ckba-jk |          1.621 |      1.641 |      1.346 
     abjc-kbac-jk |          1.195 |      1.115 |      0.813 
   abjcd-dkbac-jk |          1.713 |      1.420 |      1.402 
   adbjc-cbdka-kj |          2.273 |      1.942 |      1.846 
   ajbdc-ckbad-jk |          1.800 |      1.366 |      1.385 
 abcijk-ijma-mkbc |          1.361 |      1.206 |      0.943 
 abcijk-ijmb-mkac |          1.532 |      1.385 |      1.077 
 abcijk-ijmc-mkab |          1.490 |      1.450 |      1.115 
 abcijk-ikma-mjbc |          1.379 |      1.216 |      0.948 
 abcijk-ikmb-mjac |          1.517 |      1.368 |      1.079 
 abcijk-ikmc-mjab |          1.486 |      1.458 |      1.125 
 abcijk-jkma-mibc |          1.401 |      1.262 |      1.001 
 abcijk-jkmb-miac |          1.562 |      1.438 |      1.111 
 abcijk-jkmc-miab |          1.500 |      1.462 |      1.123 
 abcijk-eiab-jkec |          1.503 |      1.464 |      1.128 
 abcijk-eiac-jkeb |          1.580 |      1.420 |      1.101 
 abcijk-eibc-jkea |          1.410 |      1.266 |      0.989 
 abcijk-ejab-ikec |          1.481 |      1.452 |      1.108 
 abcijk-ejac-ikeb |          1.525 |      1.384 |      1.074 
 abcijk-ejbc-ikea |          1.373 |      1.215 |      0.945 
 abcijk-ekab-ijec |          1.474 |      1.454 |      1.111 
 abcijk-ekac-ijeb |          1.533 |      1.390 |      1.080 
 abcijk-ekbc-ijea |          1.364 |      1.207 |      0.936 
       abc-bk-akc |          1.354 |      1.090 |      0.880 
             MEAN |          1.460 |      1.276 |      1.025 

wrote bench-results/worker6194-icelake/phase4g/sm-pool-s64-t1-f64c64.csv
