host        : worker6194
target      : x86_64 / linux
cpu features: avx2 fma avx512f avx512dq 
caches      : L1=48KiB/12-way/1sh L2=1280KiB/20-way/1sh L3=49152KiB/12-way/32sh (via sysfs), blocking=legacy
l3 domains  : t1=1
baselines   : tblis=false blas=false

sweeping 49 cases at 64 MiB nominal tensor size, 3 reps, stress=none


=== f32 ===
             case |      m |      n |     k | regA | regB | planar GF/s | 1m GF/s | 3m GF/s 
------------------+--------+--------+-------+------+------+-------------+---------+---------
         ij-ik-kj |   2904 |   2896 |  2904 | 1.00 | 1.00 |       168.8 |   168.8 |   168.8 
       ij-ikl-ljk |    216 |    204 | 44064 | 1.00 | 1.00 |        81.5 |    81.5 |    81.5 
       ij-kil-lkj |    216 |    204 | 46656 | 1.00 | 1.00 |        76.4 |    76.4 |    76.4 
       ijk-ikl-lj |  44064 |    204 |   216 | 1.00 | 1.00 |       140.6 |   140.6 |   140.6 
       ijk-il-jlk |    216 |  44064 |   204 | 1.00 | 1.00 |       121.9 |   121.9 |   121.9 
       ijk-ilk-jl |  44064 |    216 |   204 | 0.89 | 1.00 |       149.9 |   149.9 |   149.9 
       ijk-ilk-lj |  44064 |    204 |   216 | 0.89 | 1.00 |       147.1 |   147.1 |   147.1 
     ijk-ilmk-mjl |   3744 |     52 |  3744 | 0.67 | 1.00 |       100.8 |   100.8 |   100.8 
   ijkl-imjn-lnkm |   3744 |   3744 |  2704 | 0.67 | 0.92 |       165.8 |   165.8 |   165.8 
   ijkl-imjn-nlmk |   3744 |   2704 |  3744 | 0.67 | 0.92 |       167.0 |   167.0 |   167.0 
   ijkl-imkn-jnlm |   3744 |   3744 |  2704 | 0.67 | 1.00 |       168.4 |   168.4 |   168.4 
   ijkl-imkn-njml |   3744 |   2704 |  3744 | 0.67 | 0.92 |       166.6 |   166.6 |   166.6 
   ijkl-imln-jnkm |   3744 |   3744 |  2704 | 0.67 | 1.00 |       169.5 |   169.5 |   169.5 
   ijkl-imln-njmk |   3744 |   2704 |  3744 | 0.67 | 0.92 |       167.4 |   167.4 |   167.4 
   ijkl-imnj-nlkm |   3744 |   2704 |  3744 | 0.67 | 0.92 |       166.7 |   166.7 |   166.7 
   ijkl-imnk-njml |   3744 |   2704 |  3744 | 0.67 | 0.92 |       167.3 |   167.3 |   167.3 
   ijkl-minj-nlmk |   3744 |   2704 |  5184 | 0.67 | 0.92 |       162.4 |   162.4 |   162.4 
   ijkl-mink-jnlm |   3744 |   3744 |  3744 | 0.67 | 1.00 |       168.8 |   168.8 |   168.8 
   ijkl-minl-njmk |   3744 |   2704 |  5184 | 0.67 | 0.92 |       163.6 |   163.6 |   163.6 
     aqrs-pa-pqrs |     72 | 140608 |    72 | 1.00 | 1.00 |        69.2 |    69.2 |    69.2 
     abrs-qb-aqrs |     52 | 194688 |    72 | 0.67 | 1.00 |        82.8 |    82.8 |    82.8 
     abcs-rc-abrs |     52 | 194688 |    72 | 1.00 | 1.00 |        83.4 |    83.4 |    83.4 
       abj-bka-kj |  46656 |    204 |   216 | 0.89 | 1.00 |        70.7 |    70.7 |    70.7 
       ajb-kba-jk |  44064 |    216 |   216 | 0.89 | 1.00 |       141.8 |   141.8 |   141.8 
     abjc-cbka-kj | 269568 |     52 |    72 | 0.67 | 1.00 |        21.2 |    21.2 |    21.2 
     ajbc-ckba-jk | 269568 |     72 |    52 | 0.67 | 1.00 |        28.4 |    28.4 |    28.4 
     abjc-kbac-jk | 194688 |     72 |    72 | 0.67 | 1.00 |        71.1 |    71.1 |    71.1 
   abjcd-dkbac-jk | 331776 |     24 |    24 | 0.00 | 1.00 |        12.4 |    12.4 |    12.4 
   adbjc-cbdka-kj | 331776 |     24 |    24 | 0.00 | 1.00 |        11.4 |    11.4 |    11.4 
   ajbdc-ckbad-jk | 331776 |     24 |    24 | 0.00 | 1.00 |        11.2 |    11.2 |    11.2 
 abcijk-ijma-mkbc |   9216 |   4096 |    24 | 0.00 | 1.00 |        65.1 |    65.1 |    65.1 
 abcijk-ijmb-mkac |   6144 |   6144 |    24 | 0.00 | 1.00 |        48.8 |    48.8 |    48.8 
 abcijk-ijmc-mkab |   6144 |   6144 |    24 | 1.00 | 1.00 |        74.9 |    74.9 |    74.9 
 abcijk-ikma-mjbc |   9216 |   4096 |    24 | 0.00 | 1.00 |        65.2 |    65.2 |    65.2 
 abcijk-ikmb-mjac |   6144 |   6144 |    24 | 0.00 | 1.00 |        48.3 |    48.3 |    48.3 
 abcijk-ikmc-mjab |   6144 |   6144 |    24 | 1.00 | 1.00 |        76.7 |    76.7 |    76.7 
 abcijk-jkma-mibc |   9216 |   4096 |    24 | 0.00 | 1.00 |        60.3 |    60.3 |    60.3 
 abcijk-jkmb-miac |   6144 |   6144 |    24 | 0.00 | 1.00 |        32.2 |    32.2 |    32.2 
 abcijk-jkmc-miab |   6144 |   6144 |    24 | 1.00 | 1.00 |        75.2 |    75.2 |    75.2 
 abcijk-eiab-jkec |   6144 |   6144 |    24 | 1.00 | 1.00 |        75.0 |    75.0 |    75.0 
 abcijk-eiac-jkeb |   6144 |   6144 |    24 | 0.00 | 1.00 |        31.9 |    31.9 |    31.9 
 abcijk-eibc-jkea |   4096 |   9216 |    24 | 0.00 | 1.00 |        60.0 |    60.0 |    60.0 
 abcijk-ejab-ikec |   6144 |   6144 |    24 | 1.00 | 1.00 |        76.9 |    76.9 |    76.9 
 abcijk-ejac-ikeb |   6144 |   6144 |    24 | 0.00 | 1.00 |        48.6 |    48.6 |    48.6 
 abcijk-ejbc-ikea |   4096 |   9216 |    24 | 0.00 | 1.00 |        64.7 |    64.7 |    64.7 
 abcijk-ekab-ijec |   6144 |   6144 |    24 | 1.00 | 1.00 |        74.4 |    74.4 |    74.4 
 abcijk-ekac-ijeb |   6144 |   6144 |    24 | 0.00 | 1.00 |        48.9 |    48.9 |    48.9 
 abcijk-ekbc-ijea |   4096 |   9216 |    24 | 0.00 | 1.00 |        65.2 |    65.2 |    65.2 
       abc-bk-akc |    216 |  44064 |   204 | 0.89 | 1.00 |       150.0 |   150.0 |   150.0 

=== c32 ===
             case |      m |      n |     k | regA | regB | planar GF/s | 1m GF/s | 3m GF/s 
------------------+--------+--------+-------+------+------+-------------+---------+---------
         ij-ik-kj |   2904 |   2896 |  2904 | 1.00 | 1.00 |       178.7 |   173.2 |   119.5 
       ij-ikl-ljk |    216 |    204 | 44064 | 1.00 | 1.00 |       122.3 |   116.7 |    85.5 
       ij-kil-lkj |    216 |    204 | 46656 | 1.00 | 1.00 |       117.7 |   111.7 |    84.8 
       ijk-ikl-lj |  44064 |    204 |   216 | 1.00 | 1.00 |       169.9 |   157.9 |   108.1 
       ijk-il-jlk |    216 |  44064 |   204 | 1.00 | 1.00 |       165.4 |   159.7 |   109.4 
       ijk-ilk-jl |  44064 |    216 |   204 | 0.89 | 1.00 |       174.1 |   166.0 |   112.9 
       ijk-ilk-lj |  44064 |    204 |   216 | 0.89 | 1.00 |       172.9 |   165.3 |   111.4 
     ijk-ilmk-mjl |   3744 |     52 |  3744 | 0.67 | 1.00 |       122.6 |   114.2 |    75.6 
   ijkl-imjn-lnkm |   3744 |   3744 |  2704 | 0.67 | 0.92 |       173.9 |   169.5 |   118.2 
   ijkl-imjn-nlmk |   3744 |   2704 |  3744 | 0.67 | 0.92 |       177.6 |   173.7 |   120.5 
   ijkl-imkn-jnlm |   3744 |   3744 |  2704 | 0.67 | 1.00 |       178.1 |   176.0 |   119.6 
   ijkl-imkn-njml |   3744 |   2704 |  3744 | 0.67 | 0.92 |       178.9 |   176.5 |   120.3 
   ijkl-imln-jnkm |   3744 |   3744 |  2704 | 0.67 | 1.00 |       178.3 |   176.2 |   119.5 
   ijkl-imln-njmk |   3744 |   2704 |  3744 | 0.67 | 0.92 |       178.8 |   176.5 |   120.3 
   ijkl-imnj-nlkm |   3744 |   2704 |  3744 | 0.67 | 0.92 |       177.2 |   173.2 |   120.5 
   ijkl-imnk-njml |   3744 |   2704 |  3744 | 0.67 | 0.92 |       178.7 |   176.5 |   120.4 
   ijkl-minj-nlmk |   3744 |   2704 |  5184 | 0.67 | 0.92 |       175.3 |   171.0 |   119.7 
   ijkl-mink-jnlm |   3744 |   3744 |  3744 | 0.67 | 1.00 |       179.3 |   176.3 |   120.6 
   ijkl-minl-njmk |   3744 |   2704 |  5184 | 0.67 | 0.92 |       177.1 |   174.2 |   120.1 
     aqrs-pa-pqrs |     72 | 140608 |    72 | 1.00 | 1.00 |        97.5 |    94.9 |    79.5 
     abrs-qb-aqrs |     52 | 194688 |    72 | 0.67 | 1.00 |       114.1 |   105.7 |    74.3 
     abcs-rc-abrs |     52 | 194688 |    72 | 1.00 | 1.00 |       137.1 |    85.2 |    72.6 
       abj-bka-kj |  46656 |    204 |   216 | 0.89 | 1.00 |       127.1 |   122.2 |    92.6 
       ajb-kba-jk |  44064 |    216 |   216 | 0.89 | 1.00 |       173.0 |   166.6 |   117.0 
     abjc-cbka-kj | 269568 |     52 |    72 | 0.67 | 1.00 |        53.9 |    43.6 |    39.9 
     ajbc-ckba-jk | 269568 |     72 |    52 | 0.67 | 1.00 |        66.6 |    63.7 |    54.9 
     abjc-kbac-jk | 194688 |     72 |    72 | 0.67 | 1.00 |       116.9 |    95.7 |    77.3 
   abjcd-dkbac-jk | 331776 |     24 |    24 | 0.00 | 1.00 |        29.5 |    23.9 |    23.3 
   adbjc-cbdka-kj | 331776 |     24 |    24 | 0.00 | 1.00 |        25.2 |    23.7 |    22.1 
   ajbdc-ckbad-jk | 331776 |     24 |    24 | 0.00 | 1.00 |        27.6 |    24.9 |    23.0 
 abcijk-ijma-mkbc |   9216 |   4096 |    24 | 0.00 | 0.99 |       103.5 |   125.2 |    85.2 
 abcijk-ijmb-mkac |   6144 |   6144 |    24 | 0.00 | 1.00 |        79.6 |   110.4 |    81.2 
 abcijk-ijmc-mkab |   6144 |   6144 |    24 | 1.00 | 0.75 |       121.8 |   105.5 |    85.1 
 abcijk-ikma-mjbc |   9216 |   4096 |    24 | 0.00 | 0.99 |       103.4 |   125.8 |    85.0 
 abcijk-ikmb-mjac |   6144 |   6144 |    24 | 0.00 | 1.00 |        79.6 |   110.3 |    81.4 
 abcijk-ikmc-mjab |   6144 |   6144 |    24 | 1.00 | 0.75 |       121.7 |   105.6 |    85.1 
 abcijk-jkma-mibc |   9216 |   4096 |    24 | 0.00 | 0.99 |       100.2 |   125.5 |    84.4 
 abcijk-jkmb-miac |   6144 |   6144 |    24 | 0.00 | 1.00 |        74.9 |   111.8 |    80.2 
 abcijk-jkmc-miab |   6144 |   6144 |    24 | 1.00 | 0.75 |       120.7 |   103.2 |    83.7 
 abcijk-eiab-jkec |   6144 |   6144 |    24 | 1.00 | 0.75 |       120.6 |   103.1 |    84.5 
 abcijk-eiac-jkeb |   6144 |   6144 |    24 | 0.00 | 1.00 |        74.9 |   112.2 |    80.7 
 abcijk-eibc-jkea |   4096 |   9216 |    24 | 0.00 | 0.99 |        99.9 |   125.4 |    84.6 
 abcijk-ejab-ikec |   6144 |   6144 |    24 | 1.00 | 0.75 |       121.8 |   105.6 |    84.6 
 abcijk-ejac-ikeb |   6144 |   6144 |    24 | 0.00 | 1.00 |        79.4 |   110.2 |    81.3 
 abcijk-ejbc-ikea |   4096 |   9216 |    24 | 0.00 | 0.99 |       103.2 |   124.1 |    84.7 
 abcijk-ekab-ijec |   6144 |   6144 |    24 | 1.00 | 0.75 |       121.7 |   105.5 |    84.8 
 abcijk-ekac-ijeb |   6144 |   6144 |    24 | 0.00 | 1.00 |        80.0 |   110.2 |    80.9 
 abcijk-ekbc-ijea |   4096 |   9216 |    24 | 0.00 | 0.99 |       103.8 |   125.2 |    84.6 
       abc-bk-akc |    216 |  44064 |   204 | 0.89 | 1.00 |       174.2 |   166.4 |   113.0 

=== complex efficiency ratio (c32 GF/s over f32 GF/s; 1.0 = no penalty) ===
             case | planar c32/f32 | 1m c32/f32 | 3m c32/f32 
------------------+----------------+------------+------------
         ij-ik-kj |          1.059 |      1.026 |      0.708 
       ij-ikl-ljk |          1.500 |      1.431 |      1.048 
       ij-kil-lkj |          1.539 |      1.462 |      1.109 
       ijk-ikl-lj |          1.208 |      1.123 |      0.768 
       ijk-il-jlk |          1.357 |      1.310 |      0.897 
       ijk-ilk-jl |          1.161 |      1.108 |      0.753 
       ijk-ilk-lj |          1.175 |      1.123 |      0.757 
     ijk-ilmk-mjl |          1.216 |      1.133 |      0.749 
   ijkl-imjn-lnkm |          1.048 |      1.022 |      0.713 
   ijkl-imjn-nlmk |          1.064 |      1.040 |      0.721 
   ijkl-imkn-jnlm |          1.057 |      1.045 |      0.710 
   ijkl-imkn-njml |          1.074 |      1.059 |      0.722 
   ijkl-imln-jnkm |          1.052 |      1.039 |      0.705 
   ijkl-imln-njmk |          1.068 |      1.054 |      0.719 
   ijkl-imnj-nlkm |          1.063 |      1.039 |      0.723 
   ijkl-imnk-njml |          1.069 |      1.055 |      0.720 
   ijkl-minj-nlmk |          1.079 |      1.053 |      0.737 
   ijkl-mink-jnlm |          1.062 |      1.044 |      0.714 
   ijkl-minl-njmk |          1.083 |      1.065 |      0.735 
     aqrs-pa-pqrs |          1.409 |      1.371 |      1.148 
     abrs-qb-aqrs |          1.377 |      1.276 |      0.896 
     abcs-rc-abrs |          1.644 |      1.022 |      0.871 
       abj-bka-kj |          1.798 |      1.729 |      1.309 
       ajb-kba-jk |          1.220 |      1.174 |      0.825 
     abjc-cbka-kj |          2.548 |      2.062 |      1.887 
     ajbc-ckba-jk |          2.344 |      2.241 |      1.930 
     abjc-kbac-jk |          1.646 |      1.347 |      1.087 
   abjcd-dkbac-jk |          2.386 |      1.935 |      1.885 
   adbjc-cbdka-kj |          2.204 |      2.073 |      1.936 
   ajbdc-ckbad-jk |          2.474 |      2.232 |      2.062 
 abcijk-ijma-mkbc |          1.590 |      1.924 |      1.309 
 abcijk-ijmb-mkac |          1.630 |      2.260 |      1.662 
 abcijk-ijmc-mkab |          1.627 |      1.410 |      1.137 
 abcijk-ikma-mjbc |          1.585 |      1.928 |      1.304 
 abcijk-ikmb-mjac |          1.647 |      2.281 |      1.683 
 abcijk-ikmc-mjab |          1.587 |      1.377 |      1.109 
 abcijk-jkma-mibc |          1.660 |      2.080 |      1.399 
 abcijk-jkmb-miac |          2.327 |      3.477 |      2.493 
 abcijk-jkmc-miab |          1.605 |      1.372 |      1.114 
 abcijk-eiab-jkec |          1.609 |      1.375 |      1.127 
 abcijk-eiac-jkeb |          2.347 |      3.516 |      2.529 
 abcijk-eibc-jkea |          1.665 |      2.089 |      1.409 
 abcijk-ejab-ikec |          1.584 |      1.373 |      1.100 
 abcijk-ejac-ikeb |          1.635 |      2.268 |      1.674 
 abcijk-ejbc-ikea |          1.594 |      1.917 |      1.308 
 abcijk-ekab-ijec |          1.637 |      1.419 |      1.140 
 abcijk-ekac-ijeb |          1.635 |      2.252 |      1.653 
 abcijk-ekbc-ijea |          1.593 |      1.921 |      1.298 
       abc-bk-akc |          1.162 |      1.110 |      0.753 
             MEAN |          1.525 |      1.572 |      1.179 

wrote bench-results/worker6194-icelake/phase4g/sm-pool-s64-t1-f32c32.csv
