host        : worker6194
target      : x86_64 / linux
cpu features: avx2 fma avx512f avx512dq 
caches      : L1=48KiB/12-way/1sh L2=1280KiB/20-way/1sh L3=49152KiB/12-way/32sh (via sysfs), blocking=legacy
l3 domains  : t1=1 t4=1
baselines   : tblis=false blas=false

sweeping 49 cases at 1 MiB nominal tensor size, 24 reps, stress=none


=== f32 ===
             case |     m |    n |    k | regA | regB | planar GF/s | 1m GF/s | 3m GF/s 
------------------+-------+------+------+------+------+-------------+---------+---------
         ij-ik-kj |   384 |  364 |  384 | 1.00 | 1.00 |       291.6 |   291.6 |   291.6 
       ij-ikl-ljk |    72 |   52 | 3744 | 1.00 | 1.00 |        81.4 |    81.4 |    81.4 
       ij-kil-lkj |    72 |   52 | 5184 | 1.00 | 1.00 |        77.7 |    77.7 |    77.7 
       ijk-ikl-lj |  3744 |   52 |   72 | 1.00 | 1.00 |       205.1 |   205.1 |   205.1 
       ijk-il-jlk |    72 | 3744 |   52 | 1.00 | 1.00 |       127.8 |   127.8 |   127.8 
       ijk-ilk-jl |  3744 |   72 |   52 | 0.67 | 1.00 |       193.0 |   193.0 |   193.0 
       ijk-ilk-lj |  3744 |   52 |   72 | 0.67 | 1.00 |       182.4 |   182.4 |   182.4 
     ijk-ilmk-mjl |   480 |   20 |  480 | 0.00 | 1.00 |        88.9 |    88.9 |    88.9 
   ijkl-imjn-lnkm |   480 |  480 |  400 | 0.00 | 0.80 |       240.3 |   240.3 |   240.3 
   ijkl-imjn-nlmk |   480 |  400 |  480 | 0.00 | 0.80 |       254.3 |   254.3 |   254.3 
   ijkl-imkn-jnlm |   480 |  480 |  400 | 0.00 | 1.00 |       256.5 |   256.5 |   256.5 
   ijkl-imkn-njml |   480 |  400 |  480 | 0.11 | 1.00 |       223.4 |   223.4 |   223.4 
   ijkl-imln-jnkm |   480 |  480 |  400 | 0.00 | 1.00 |       260.4 |   260.4 |   260.4 
   ijkl-imln-njmk |   480 |  400 |  480 | 0.00 | 0.80 |       257.9 |   257.9 |   257.9 
   ijkl-imnj-nlkm |   480 |  400 |  480 | 0.00 | 0.80 |       254.1 |   254.1 |   254.1 
   ijkl-imnk-njml |   480 |  400 |  480 | 0.11 | 1.00 |       222.5 |   222.5 |   222.5 
   ijkl-minj-nlmk |   480 |  400 |  576 | 0.00 | 0.80 |       259.7 |   259.7 |   259.7 
   ijkl-mink-jnlm |   480 |  480 |  480 | 0.00 | 1.00 |       266.7 |   266.7 |   266.7 
   ijkl-minl-njmk |   480 |  400 |  576 | 0.00 | 0.80 |       261.3 |   261.3 |   261.3 
     aqrs-pa-pqrs |    24 | 8000 |   24 | 1.00 | 1.00 |        75.0 |    75.0 |    75.0 
     abrs-qb-aqrs |    20 | 9600 |   24 | 0.00 | 1.00 |        63.0 |    63.0 |    63.0 
     abcs-rc-abrs |    20 | 9600 |   24 | 1.00 | 1.00 |       102.7 |   102.7 |   102.7 
       abj-bka-kj |  5184 |   52 |   72 | 0.67 | 1.00 |       124.7 |   124.7 |   124.7 
       ajb-kba-jk |  3744 |   72 |   72 | 0.67 | 1.00 |       180.9 |   180.9 |   180.9 
     abjc-cbka-kj | 11520 |   20 |   24 | 0.00 | 1.00 |        53.6 |    53.6 |    53.6 
     ajbc-ckba-jk | 11520 |   24 |   20 | 0.00 | 1.00 |        51.8 |    51.8 |    51.8 
     abjc-kbac-jk |  9600 |   24 |   24 | 0.00 | 1.00 |        84.7 |    84.7 |    84.7 
   abjcd-dkbac-jk | 82944 |   24 |   12 | 0.00 | 1.00 |        27.0 |    27.0 |    27.0 
   adbjc-cbdka-kj | 82944 |   12 |   24 | 0.00 | 1.00 |        12.7 |    12.7 |    12.7 
   ajbdc-ckbad-jk | 82944 |   24 |   12 | 0.00 | 1.00 |        23.7 |    23.7 |    23.7 
 abcijk-ijma-mkbc |  4608 |  512 |   24 | 0.00 | 1.00 |       134.2 |   134.2 |   134.2 
 abcijk-ijmb-mkac |  1536 | 1536 |   24 | 0.00 | 1.00 |       121.3 |   121.3 |   121.3 
 abcijk-ijmc-mkab |  1536 | 1536 |   24 | 1.00 | 1.00 |       213.1 |   213.1 |   213.1 
 abcijk-ikma-mjbc |  4608 |  512 |   24 | 0.00 | 1.00 |       133.5 |   133.5 |   133.5 
 abcijk-ikmb-mjac |  1536 | 1536 |   24 | 0.00 | 1.00 |       121.6 |   121.6 |   121.6 
 abcijk-ikmc-mjab |  1536 | 1536 |   24 | 1.00 | 1.00 |       213.9 |   213.9 |   213.9 
 abcijk-jkma-mibc |  4608 |  512 |   24 | 0.00 | 1.00 |       133.7 |   133.7 |   133.7 
 abcijk-jkmb-miac |  1536 | 1536 |   24 | 0.00 | 1.00 |       105.5 |   105.5 |   105.5 
 abcijk-jkmc-miab |  1536 | 1536 |   24 | 1.00 | 1.00 |       212.2 |   212.2 |   212.2 
 abcijk-eiab-jkec |  1536 | 1536 |   24 | 1.00 | 1.00 |       211.8 |   211.8 |   211.8 
 abcijk-eiac-jkeb |  1536 | 1536 |   24 | 0.00 | 1.00 |       106.0 |   106.0 |   106.0 
 abcijk-eibc-jkea |   512 | 4608 |   24 | 0.00 | 1.00 |       133.8 |   133.8 |   133.8 
 abcijk-ejab-ikec |  1536 | 1536 |   24 | 1.00 | 1.00 |       213.0 |   213.0 |   213.0 
 abcijk-ejac-ikeb |  1536 | 1536 |   24 | 0.00 | 1.00 |       121.7 |   121.7 |   121.7 
 abcijk-ejbc-ikea |   512 | 4608 |   24 | 0.00 | 1.00 |       134.4 |   134.4 |   134.4 
 abcijk-ekab-ijec |  1536 | 1536 |   24 | 1.00 | 1.00 |       213.6 |   213.6 |   213.6 
 abcijk-ekac-ijeb |  1536 | 1536 |   24 | 0.00 | 1.00 |       122.1 |   122.1 |   122.1 
 abcijk-ekbc-ijea |   512 | 4608 |   24 | 0.00 | 1.00 |       133.8 |   133.8 |   133.8 
       abc-bk-akc |    72 | 3744 |   52 | 0.67 | 1.00 |       195.7 |   195.7 |   195.7 

=== c32 ===
             case |     m |    n |    k | regA | regB | planar GF/s | 1m GF/s | 3m GF/s 
------------------+-------+------+------+------+------+-------------+---------+---------
         ij-ik-kj |   384 |  364 |  384 | 1.00 | 1.00 |       367.9 |   356.0 |   237.6 
       ij-ikl-ljk |    72 |   52 | 3744 | 1.00 | 1.00 |       122.7 |   117.5 |    91.9 
       ij-kil-lkj |    72 |   52 | 5184 | 1.00 | 1.00 |       114.8 |   107.3 |    90.4 
       ijk-ikl-lj |  3744 |   52 |   72 | 1.00 | 1.00 |       276.4 |   256.2 |   160.6 
       ijk-il-jlk |    72 | 3744 |   52 | 1.00 | 1.00 |       159.6 |   152.3 |   132.6 
       ijk-ilk-jl |  3744 |   72 |   52 | 0.67 | 1.00 |       269.0 |   254.8 |   172.7 
       ijk-ilk-lj |  3744 |   52 |   72 | 0.67 | 1.00 |       258.8 |   237.2 |   161.3 
     ijk-ilmk-mjl |   480 |   20 |  480 | 0.00 | 1.00 |       135.2 |   120.0 |   114.5 
   ijkl-imjn-lnkm |   480 |  480 |  400 | 0.00 | 0.80 |       296.9 |   288.0 |   220.6 
   ijkl-imjn-nlmk |   480 |  400 |  480 | 0.00 | 0.81 |       305.9 |   291.9 |   224.6 
   ijkl-imkn-jnlm |   480 |  480 |  400 | 0.00 | 1.00 |       300.2 |   298.8 |   226.0 
   ijkl-imkn-njml |   480 |  400 |  480 | 0.08 | 1.00 |       292.9 |   279.2 |   226.8 
   ijkl-imln-jnkm |   480 |  480 |  400 | 0.00 | 1.00 |       300.5 |   299.5 |   225.7 
   ijkl-imln-njmk |   480 |  400 |  480 | 0.00 | 0.81 |       303.1 |   300.1 |   227.4 
   ijkl-imnj-nlkm |   480 |  400 |  480 | 0.00 | 0.81 |       298.6 |   291.5 |   224.5 
   ijkl-imnk-njml |   480 |  400 |  480 | 0.08 | 1.00 |       290.1 |   281.8 |   227.0 
   ijkl-minj-nlmk |   480 |  400 |  576 | 0.00 | 0.81 |       305.1 |   298.1 |   226.8 
   ijkl-mink-jnlm |   480 |  480 |  480 | 0.00 | 1.00 |       308.8 |   304.5 |   230.3 
   ijkl-minl-njmk |   480 |  400 |  576 | 0.00 | 0.81 |       307.2 |   308.2 |   229.7 
     aqrs-pa-pqrs |    24 | 8000 |   24 | 1.00 | 1.00 |       117.3 |   115.9 |    72.5 
     abrs-qb-aqrs |    20 | 9600 |   24 | 0.00 | 1.00 |       118.5 |   148.1 |   100.3 
     abcs-rc-abrs |    20 | 9600 |   24 | 1.00 | 1.00 |       164.3 |   147.8 |   104.3 
       abj-bka-kj |  5184 |   52 |   72 | 0.67 | 1.00 |       212.3 |   194.8 |   148.3 
       ajb-kba-jk |  3744 |   72 |   72 | 0.67 | 1.00 |       259.3 |   252.4 |   180.2 
     abjc-cbka-kj | 11520 |   20 |   24 | 0.00 | 1.00 |       110.4 |    89.2 |    87.7 
     ajbc-ckba-jk | 11520 |   24 |   20 | 0.00 | 1.00 |        92.0 |    75.3 |    65.0 
     abjc-kbac-jk |  9600 |   24 |   24 | 0.00 | 1.00 |       156.9 |   143.2 |   103.7 
   abjcd-dkbac-jk | 82944 |   24 |   12 | 0.00 | 1.00 |        68.9 |    60.3 |    52.7 
   adbjc-cbdka-kj | 82944 |   12 |   24 | 0.00 | 1.00 |        46.1 |    42.9 |    38.6 
   ajbdc-ckbad-jk | 82944 |   24 |   12 | 0.00 | 1.00 |        61.4 |    58.9 |    48.8 
 abcijk-ijma-mkbc |  4608 |  512 |   24 | 0.00 | 0.94 |       222.4 |   269.2 |   182.9 
 abcijk-ijmb-mkac |  1536 | 1536 |   24 | 0.00 | 1.00 |       199.3 |   271.2 |   182.2 
 abcijk-ijmc-mkab |  1536 | 1536 |   24 | 1.00 | 0.50 |       274.6 |   273.5 |   192.4 
 abcijk-ikma-mjbc |  4608 |  512 |   24 | 0.00 | 0.94 |       223.0 |   273.9 |   183.0 
 abcijk-ikmb-mjac |  1536 | 1536 |   24 | 0.00 | 1.00 |       201.1 |   272.4 |   181.7 
 abcijk-ikmc-mjab |  1536 | 1536 |   24 | 1.00 | 0.50 |       274.6 |   271.6 |   192.4 
 abcijk-jkma-mibc |  4608 |  512 |   24 | 0.00 | 0.94 |       222.9 |   272.3 |   181.9 
 abcijk-jkmb-miac |  1536 | 1536 |   24 | 0.00 | 1.00 |       191.0 |   275.0 |   181.6 
 abcijk-jkmc-miab |  1536 | 1536 |   24 | 1.00 | 0.50 |       276.4 |   273.5 |   191.9 
 abcijk-eiab-jkec |  1536 | 1536 |   24 | 1.00 | 0.50 |       276.1 |   273.2 |   192.8 
 abcijk-eiac-jkeb |  1536 | 1536 |   24 | 0.00 | 1.00 |       191.0 |   273.8 |   182.8 
 abcijk-eibc-jkea |   512 | 4608 |   24 | 0.00 | 0.94 |       221.9 |   271.2 |   183.3 
 abcijk-ejab-ikec |  1536 | 1536 |   24 | 1.00 | 0.50 |       274.7 |   273.7 |   192.2 
 abcijk-ejac-ikeb |  1536 | 1536 |   24 | 0.00 | 1.00 |       201.4 |   275.3 |   181.2 
 abcijk-ejbc-ikea |   512 | 4608 |   24 | 0.00 | 0.94 |       222.2 |   272.1 |   182.4 
 abcijk-ekab-ijec |  1536 | 1536 |   24 | 1.00 | 0.50 |       275.9 |   274.9 |   191.3 
 abcijk-ekac-ijeb |  1536 | 1536 |   24 | 0.00 | 1.00 |       201.5 |   274.7 |   181.3 
 abcijk-ekbc-ijea |   512 | 4608 |   24 | 0.00 | 0.94 |       222.0 |   273.5 |   181.9 
       abc-bk-akc |    72 | 3744 |   52 | 0.67 | 1.00 |       268.9 |   254.3 |   172.1 

=== complex efficiency ratio (c32 GF/s over f32 GF/s; 1.0 = no penalty) ===
             case | planar c32/f32 | 1m c32/f32 | 3m c32/f32 
------------------+----------------+------------+------------
         ij-ik-kj |          1.261 |      1.221 |      0.815 
       ij-ikl-ljk |          1.507 |      1.443 |      1.128 
       ij-kil-lkj |          1.479 |      1.382 |      1.165 
       ijk-ikl-lj |          1.347 |      1.249 |      0.783 
       ijk-il-jlk |          1.249 |      1.191 |      1.037 
       ijk-ilk-jl |          1.394 |      1.320 |      0.895 
       ijk-ilk-lj |          1.419 |      1.300 |      0.884 
     ijk-ilmk-mjl |          1.521 |      1.351 |      1.289 
   ijkl-imjn-lnkm |          1.235 |      1.199 |      0.918 
   ijkl-imjn-nlmk |          1.203 |      1.148 |      0.883 
   ijkl-imkn-jnlm |          1.170 |      1.165 |      0.881 
   ijkl-imkn-njml |          1.311 |      1.250 |      1.015 
   ijkl-imln-jnkm |          1.154 |      1.150 |      0.867 
   ijkl-imln-njmk |          1.175 |      1.164 |      0.882 
   ijkl-imnj-nlkm |          1.175 |      1.147 |      0.883 
   ijkl-imnk-njml |          1.304 |      1.266 |      1.020 
   ijkl-minj-nlmk |          1.175 |      1.148 |      0.873 
   ijkl-mink-jnlm |          1.158 |      1.142 |      0.864 
   ijkl-minl-njmk |          1.175 |      1.179 |      0.879 
     aqrs-pa-pqrs |          1.563 |      1.545 |      0.966 
     abrs-qb-aqrs |          1.879 |      2.349 |      1.592 
     abcs-rc-abrs |          1.599 |      1.439 |      1.015 
       abj-bka-kj |          1.703 |      1.562 |      1.189 
       ajb-kba-jk |          1.433 |      1.395 |      0.996 
     abjc-cbka-kj |          2.061 |      1.665 |      1.637 
     ajbc-ckba-jk |          1.775 |      1.454 |      1.254 
     abjc-kbac-jk |          1.852 |      1.690 |      1.224 
   abjcd-dkbac-jk |          2.551 |      2.233 |      1.952 
   adbjc-cbdka-kj |          3.644 |      3.388 |      3.045 
   ajbdc-ckbad-jk |          2.593 |      2.484 |      2.058 
 abcijk-ijma-mkbc |          1.657 |      2.005 |      1.363 
 abcijk-ijmb-mkac |          1.643 |      2.236 |      1.503 
 abcijk-ijmc-mkab |          1.289 |      1.284 |      0.903 
 abcijk-ikma-mjbc |          1.670 |      2.051 |      1.371 
 abcijk-ikmb-mjac |          1.654 |      2.239 |      1.493 
 abcijk-ikmc-mjab |          1.284 |      1.270 |      0.899 
 abcijk-jkma-mibc |          1.667 |      2.036 |      1.361 
 abcijk-jkmb-miac |          1.811 |      2.607 |      1.722 
 abcijk-jkmc-miab |          1.303 |      1.289 |      0.905 
 abcijk-eiab-jkec |          1.304 |      1.290 |      0.910 
 abcijk-eiac-jkeb |          1.802 |      2.583 |      1.724 
 abcijk-eibc-jkea |          1.658 |      2.026 |      1.370 
 abcijk-ejab-ikec |          1.289 |      1.285 |      0.902 
 abcijk-ejac-ikeb |          1.654 |      2.262 |      1.489 
 abcijk-ejbc-ikea |          1.653 |      2.024 |      1.357 
 abcijk-ekab-ijec |          1.292 |      1.287 |      0.896 
 abcijk-ekac-ijeb |          1.651 |      2.251 |      1.486 
 abcijk-ekbc-ijea |          1.659 |      2.044 |      1.359 
       abc-bk-akc |          1.374 |      1.300 |      0.879 
             MEAN |          1.559 |      1.632 |      1.200 

wrote bench-results/worker6194-icelake/phase4g/sm-pool-s1-t2-f32c32.csv
