host        : worker6194
target      : x86_64 / linux
cpu features: avx2 fma avx512f avx512dq 
caches      : L1=48KiB/12-way/1sh L2=1280KiB/20-way/1sh L3=49152KiB/12-way/32sh (via sysfs), blocking=legacy
l3 domains  : t1=1 t4=1 t8=1 t16=1 t32=1 t64=2
baselines   : tblis=false blas=false

sweeping 49 cases at 1 MiB nominal tensor size, 24 reps, stress=none


=== f32 ===
             case |     m |    n |    k | regA | regB | planar GF/s | 1m GF/s | 3m GF/s 
------------------+-------+------+------+------+------+-------------+---------+---------
         ij-ik-kj |   384 |  364 |  384 | 1.00 | 1.00 |       200.7 |   200.7 |   200.7 
       ij-ikl-ljk |    72 |   52 | 3744 | 1.00 | 1.00 |        78.4 |    78.4 |    78.4 
       ij-kil-lkj |    72 |   52 | 5184 | 1.00 | 1.00 |        85.5 |    85.5 |    85.5 
       ijk-ikl-lj |  3744 |   52 |   72 | 1.00 | 1.00 |        55.3 |    55.3 |    55.3 
       ijk-il-jlk |    72 | 3744 |   52 | 1.00 | 1.00 |        58.4 |    58.4 |    58.4 
       ijk-ilk-jl |  3744 |   72 |   52 | 0.67 | 1.00 |        60.2 |    60.2 |    60.2 
       ijk-ilk-lj |  3744 |   52 |   72 | 0.67 | 1.00 |        60.1 |    60.1 |    60.1 
     ijk-ilmk-mjl |   480 |   20 |  480 | 0.00 | 1.00 |        21.5 |    21.5 |    21.5 
   ijkl-imjn-lnkm |   480 |  480 |  400 | 0.00 | 0.80 |       319.2 |   319.2 |   319.2 
   ijkl-imjn-nlmk |   480 |  400 |  480 | 0.00 | 0.80 |       339.8 |   339.8 |   339.8 
   ijkl-imkn-jnlm |   480 |  480 |  400 | 0.00 | 1.00 |       364.0 |   364.0 |   364.0 
   ijkl-imkn-njml |   480 |  400 |  480 | 0.11 | 1.00 |       348.4 |   348.4 |   348.4 
   ijkl-imln-jnkm |   480 |  480 |  400 | 0.00 | 1.00 |       351.3 |   351.3 |   351.3 
   ijkl-imln-njmk |   480 |  400 |  480 | 0.00 | 0.80 |       354.3 |   354.3 |   354.3 
   ijkl-imnj-nlkm |   480 |  400 |  480 | 0.00 | 0.80 |       351.9 |   351.9 |   351.9 
   ijkl-imnk-njml |   480 |  400 |  480 | 0.11 | 1.00 |       368.1 |   368.1 |   368.1 
   ijkl-minj-nlmk |   480 |  400 |  576 | 0.00 | 0.80 |       376.9 |   376.9 |   376.9 
   ijkl-mink-jnlm |   480 |  480 |  480 | 0.00 | 1.00 |       395.6 |   395.6 |   395.6 
   ijkl-minl-njmk |   480 |  400 |  576 | 0.00 | 0.80 |       405.0 |   405.0 |   405.0 
     aqrs-pa-pqrs |    24 | 8000 |   24 | 1.00 | 1.00 |        18.7 |    18.7 |    18.7 
     abrs-qb-aqrs |    20 | 9600 |   24 | 0.00 | 1.00 |        19.9 |    19.9 |    19.9 
     abcs-rc-abrs |    20 | 9600 |   24 | 1.00 | 1.00 |        19.2 |    19.2 |    19.2 
       abj-bka-kj |  5184 |   52 |   72 | 0.67 | 1.00 |        77.5 |    77.5 |    77.5 
       ajb-kba-jk |  3744 |   72 |   72 | 0.67 | 1.00 |        75.8 |    75.8 |    75.8 
     abjc-cbka-kj | 11520 |   20 |   24 | 0.00 | 1.00 |        21.2 |    21.2 |    21.2 
     ajbc-ckba-jk | 11520 |   24 |   20 | 0.00 | 1.00 |        20.2 |    20.2 |    20.2 
     abjc-kbac-jk |  9600 |   24 |   24 | 0.00 | 1.00 |        23.2 |    23.2 |    23.2 
   abjcd-dkbac-jk | 82944 |   24 |   12 | 0.00 | 1.00 |        64.7 |    64.7 |    64.7 
   adbjc-cbdka-kj | 82944 |   12 |   24 | 0.00 | 1.00 |        50.4 |    50.4 |    50.4 
   ajbdc-ckbad-jk | 82944 |   24 |   12 | 0.00 | 1.00 |        54.7 |    54.7 |    54.7 
 abcijk-ijma-mkbc |  4608 |  512 |   24 | 0.00 | 1.00 |       187.6 |   187.6 |   187.6 
 abcijk-ijmb-mkac |  1536 | 1536 |   24 | 0.00 | 1.00 |       190.1 |   190.1 |   190.1 
 abcijk-ijmc-mkab |  1536 | 1536 |   24 | 1.00 | 1.00 |       194.4 |   194.4 |   194.4 
 abcijk-ikma-mjbc |  4608 |  512 |   24 | 0.00 | 1.00 |       196.1 |   196.1 |   196.1 
 abcijk-ikmb-mjac |  1536 | 1536 |   24 | 0.00 | 1.00 |       171.7 |   171.7 |   171.7 
 abcijk-ikmc-mjab |  1536 | 1536 |   24 | 1.00 | 1.00 |       191.7 |   191.7 |   191.7 
 abcijk-jkma-mibc |  4608 |  512 |   24 | 0.00 | 1.00 |       180.2 |   180.2 |   180.2 
 abcijk-jkmb-miac |  1536 | 1536 |   24 | 0.00 | 1.00 |       173.3 |   173.3 |   173.3 
 abcijk-jkmc-miab |  1536 | 1536 |   24 | 1.00 | 1.00 |       181.2 |   181.2 |   181.2 
 abcijk-eiab-jkec |  1536 | 1536 |   24 | 1.00 | 1.00 |       190.8 |   190.8 |   190.8 
 abcijk-eiac-jkeb |  1536 | 1536 |   24 | 0.00 | 1.00 |       185.1 |   185.1 |   185.1 
 abcijk-eibc-jkea |   512 | 4608 |   24 | 0.00 | 1.00 |       168.8 |   168.8 |   168.8 
 abcijk-ejab-ikec |  1536 | 1536 |   24 | 1.00 | 1.00 |       208.0 |   208.0 |   208.0 
 abcijk-ejac-ikeb |  1536 | 1536 |   24 | 0.00 | 1.00 |       157.8 |   157.8 |   157.8 
 abcijk-ejbc-ikea |   512 | 4608 |   24 | 0.00 | 1.00 |       191.4 |   191.4 |   191.4 
 abcijk-ekab-ijec |  1536 | 1536 |   24 | 1.00 | 1.00 |       208.4 |   208.4 |   208.4 
 abcijk-ekac-ijeb |  1536 | 1536 |   24 | 0.00 | 1.00 |       170.9 |   170.9 |   170.9 
 abcijk-ekbc-ijea |   512 | 4608 |   24 | 0.00 | 1.00 |       177.0 |   177.0 |   177.0 
       abc-bk-akc |    72 | 3744 |   52 | 0.67 | 1.00 |        59.2 |    59.2 |    59.2 

=== c32 ===
             case |     m |    n |    k | regA | regB | planar GF/s | 1m GF/s | 3m GF/s 
------------------+-------+------+------+------+------+-------------+---------+---------
         ij-ik-kj |   384 |  364 |  384 | 1.00 | 1.00 |       499.3 |   677.5 |   668.0 
       ij-ikl-ljk |    72 |   52 | 3744 | 1.00 | 1.00 |       162.4 |   182.0 |   158.8 
       ij-kil-lkj |    72 |   52 | 5184 | 1.00 | 1.00 |       200.6 |   178.8 |   182.6 
       ijk-ikl-lj |  3744 |   52 |   72 | 1.00 | 1.00 |       223.0 |   205.9 |   215.8 
       ijk-il-jlk |    72 | 3744 |   52 | 1.00 | 1.00 |       258.6 |   251.7 |   222.6 
       ijk-ilk-jl |  3744 |   72 |   52 | 0.67 | 1.00 |       213.6 |   209.7 |   205.7 
       ijk-ilk-lj |  3744 |   52 |   72 | 0.67 | 1.00 |       195.4 |   217.4 |   199.3 
     ijk-ilmk-mjl |   480 |   20 |  480 | 0.00 | 1.00 |        82.0 |    80.6 |    68.9 
   ijkl-imjn-lnkm |   480 |  480 |  400 | 0.00 | 0.80 |      1033.3 |   958.3 |   831.5 
   ijkl-imjn-nlmk |   480 |  400 |  480 | 0.00 | 0.81 |      1005.0 |   937.4 |   813.8 
   ijkl-imkn-jnlm |   480 |  480 |  400 | 0.00 | 1.00 |       932.6 |   954.1 |   857.4 
   ijkl-imkn-njml |   480 |  400 |  480 | 0.08 | 1.00 |      1123.7 |  1103.1 |   838.7 
   ijkl-imln-jnkm |   480 |  480 |  400 | 0.00 | 1.00 |       953.0 |   937.8 |   812.5 
   ijkl-imln-njmk |   480 |  400 |  480 | 0.00 | 0.81 |      1025.0 |   926.0 |   852.9 
   ijkl-imnj-nlkm |   480 |  400 |  480 | 0.00 | 0.81 |       989.9 |   967.8 |   844.7 
   ijkl-imnk-njml |   480 |  400 |  480 | 0.08 | 1.00 |       982.0 |   982.9 |   746.0 
   ijkl-minj-nlmk |   480 |  400 |  576 | 0.00 | 0.81 |      1065.5 |  1009.8 |   894.9 
   ijkl-mink-jnlm |   480 |  480 |  480 | 0.00 | 1.00 |      1147.8 |  1101.6 |   709.7 
   ijkl-minl-njmk |   480 |  400 |  576 | 0.00 | 0.81 |      1198.1 |  1075.7 |   925.8 
     aqrs-pa-pqrs |    24 | 8000 |   24 | 1.00 | 1.00 |        69.2 |    75.0 |    57.9 
     abrs-qb-aqrs |    20 | 9600 |   24 | 0.00 | 1.00 |        74.7 |    73.9 |    66.8 
     abcs-rc-abrs |    20 | 9600 |   24 | 1.00 | 1.00 |        68.9 |    74.3 |    73.9 
       abj-bka-kj |  5184 |   52 |   72 | 0.67 | 1.00 |       219.6 |   242.9 |   250.9 
       ajb-kba-jk |  3744 |   72 |   72 | 0.67 | 1.00 |       281.1 |   266.0 |   283.3 
     abjc-cbka-kj | 11520 |   20 |   24 | 0.00 | 1.00 |        85.7 |    72.9 |    76.5 
     ajbc-ckba-jk | 11520 |   24 |   20 | 0.00 | 1.00 |        82.7 |    67.4 |    84.7 
     abjc-kbac-jk |  9600 |   24 |   24 | 0.00 | 1.00 |        82.6 |    90.2 |    95.5 
   abjcd-dkbac-jk | 82944 |   24 |   12 | 0.00 | 1.00 |       178.3 |   178.2 |   161.8 
   adbjc-cbdka-kj | 82944 |   12 |   24 | 0.00 | 1.00 |       187.0 |   180.3 |   152.4 
   ajbdc-ckbad-jk | 82944 |   24 |   12 | 0.00 | 1.00 |       178.9 |   163.2 |   178.7 
 abcijk-ijma-mkbc |  4608 |  512 |   24 | 0.00 | 0.94 |       435.8 |   523.8 |   478.6 
 abcijk-ijmb-mkac |  1536 | 1536 |   24 | 0.00 | 1.00 |       518.6 |   642.5 |   437.4 
 abcijk-ijmc-mkab |  1536 | 1536 |   24 | 1.00 | 0.50 |       580.8 |   627.8 |   503.2 
 abcijk-ikma-mjbc |  4608 |  512 |   24 | 0.00 | 0.94 |       412.6 |   523.4 |   445.9 
 abcijk-ikmb-mjac |  1536 | 1536 |   24 | 0.00 | 1.00 |       573.9 |   529.3 |   436.7 
 abcijk-ikmc-mjab |  1536 | 1536 |   24 | 1.00 | 0.50 |       595.2 |   578.9 |   463.4 
 abcijk-jkma-mibc |  4608 |  512 |   24 | 0.00 | 0.94 |       667.0 |   515.5 |   482.9 
 abcijk-jkmb-miac |  1536 | 1536 |   24 | 0.00 | 1.00 |       546.2 |   608.4 |   512.7 
 abcijk-jkmc-miab |  1536 | 1536 |   24 | 1.00 | 0.50 |       589.8 |   586.8 |   405.1 
 abcijk-eiab-jkec |  1536 | 1536 |   24 | 1.00 | 0.50 |       575.6 |   604.4 |   537.0 
 abcijk-eiac-jkeb |  1536 | 1536 |   24 | 0.00 | 1.00 |       439.6 |   564.8 |   534.7 
 abcijk-eibc-jkea |   512 | 4608 |   24 | 0.00 | 0.94 |       494.0 |   514.0 |   495.0 
 abcijk-ejab-ikec |  1536 | 1536 |   24 | 1.00 | 0.50 |       576.5 |   618.8 |   437.5 
 abcijk-ejac-ikeb |  1536 | 1536 |   24 | 0.00 | 1.00 |       529.0 |   584.8 |   422.9 
 abcijk-ejbc-ikea |   512 | 4608 |   24 | 0.00 | 0.94 |       450.5 |   520.6 |   467.7 
 abcijk-ekab-ijec |  1536 | 1536 |   24 | 1.00 | 0.50 |       614.2 |   467.5 |   542.0 
 abcijk-ekac-ijeb |  1536 | 1536 |   24 | 0.00 | 1.00 |       591.6 |   590.8 |   526.5 
 abcijk-ekbc-ijea |   512 | 4608 |   24 | 0.00 | 0.94 |       511.8 |   490.0 |   475.8 
       abc-bk-akc |    72 | 3744 |   52 | 0.67 | 1.00 |       209.7 |   207.6 |   202.9 

=== complex efficiency ratio (c32 GF/s over f32 GF/s; 1.0 = no penalty) ===
             case | planar c32/f32 | 1m c32/f32 | 3m c32/f32 
------------------+----------------+------------+------------
         ij-ik-kj |          2.488 |      3.376 |      3.329 
       ij-ikl-ljk |          2.072 |      2.323 |      2.026 
       ij-kil-lkj |          2.345 |      2.090 |      2.134 
       ijk-ikl-lj |          4.030 |      3.721 |      3.900 
       ijk-il-jlk |          4.432 |      4.313 |      3.815 
       ijk-ilk-jl |          3.546 |      3.482 |      3.415 
       ijk-ilk-lj |          3.254 |      3.620 |      3.318 
     ijk-ilmk-mjl |          3.820 |      3.755 |      3.211 
   ijkl-imjn-lnkm |          3.237 |      3.002 |      2.605 
   ijkl-imjn-nlmk |          2.958 |      2.759 |      2.395 
   ijkl-imkn-jnlm |          2.562 |      2.621 |      2.355 
   ijkl-imkn-njml |          3.225 |      3.166 |      2.407 
   ijkl-imln-jnkm |          2.713 |      2.670 |      2.313 
   ijkl-imln-njmk |          2.893 |      2.614 |      2.407 
   ijkl-imnj-nlkm |          2.813 |      2.750 |      2.400 
   ijkl-imnk-njml |          2.668 |      2.670 |      2.027 
   ijkl-minj-nlmk |          2.827 |      2.679 |      2.374 
   ijkl-mink-jnlm |          2.902 |      2.785 |      1.794 
   ijkl-minl-njmk |          2.958 |      2.656 |      2.286 
     aqrs-pa-pqrs |          3.695 |      4.007 |      3.091 
     abrs-qb-aqrs |          3.750 |      3.712 |      3.357 
     abcs-rc-abrs |          3.581 |      3.862 |      3.841 
       abj-bka-kj |          2.834 |      3.135 |      3.238 
       ajb-kba-jk |          3.710 |      3.512 |      3.740 
     abjc-cbka-kj |          4.038 |      3.434 |      3.602 
     ajbc-ckba-jk |          4.101 |      3.340 |      4.200 
     abjc-kbac-jk |          3.562 |      3.888 |      4.117 
   abjcd-dkbac-jk |          2.756 |      2.755 |      2.501 
   adbjc-cbdka-kj |          3.710 |      3.577 |      3.024 
   ajbdc-ckbad-jk |          3.268 |      2.981 |      3.265 
 abcijk-ijma-mkbc |          2.323 |      2.792 |      2.551 
 abcijk-ijmb-mkac |          2.729 |      3.381 |      2.301 
 abcijk-ijmc-mkab |          2.987 |      3.229 |      2.588 
 abcijk-ikma-mjbc |          2.105 |      2.670 |      2.274 
 abcijk-ikmb-mjac |          3.342 |      3.082 |      2.543 
 abcijk-ikmc-mjab |          3.104 |      3.019 |      2.417 
 abcijk-jkma-mibc |          3.702 |      2.861 |      2.680 
 abcijk-jkmb-miac |          3.152 |      3.511 |      2.959 
 abcijk-jkmc-miab |          3.254 |      3.238 |      2.235 
 abcijk-eiab-jkec |          3.017 |      3.167 |      2.815 
 abcijk-eiac-jkeb |          2.376 |      3.052 |      2.889 
 abcijk-eibc-jkea |          2.927 |      3.046 |      2.933 
 abcijk-ejab-ikec |          2.771 |      2.975 |      2.103 
 abcijk-ejac-ikeb |          3.352 |      3.706 |      2.680 
 abcijk-ejbc-ikea |          2.354 |      2.720 |      2.444 
 abcijk-ekab-ijec |          2.947 |      2.243 |      2.600 
 abcijk-ekac-ijeb |          3.461 |      3.456 |      3.080 
 abcijk-ekbc-ijea |          2.892 |      2.769 |      2.688 
       abc-bk-akc |          3.544 |      3.510 |      3.429 
             MEAN |          3.124 |      3.136 |      2.831 

wrote bench-results/worker6194-icelake/phase4g/sm-s1-t32-f32c32.csv
