host        : worker6194
target      : x86_64 / linux
cpu features: avx2 fma avx512f avx512dq 
caches      : L1=48KiB/12-way/1sh L2=1280KiB/20-way/1sh L3=49152KiB/12-way/32sh (via sysfs), blocking=legacy
l3 domains  : t1=1 t4=1 t8=1
baselines   : tblis=false blas=false

sweeping 49 cases at 16 MiB nominal tensor size, 3 reps, stress=none


=== f32 ===
             case |      m |     n |     k | regA | regB | planar GF/s | 1m GF/s | 3m GF/s 
------------------+--------+-------+-------+------+------+-------------+---------+---------
         ij-ik-kj |   1464 |  1448 |  1464 | 1.00 | 1.00 |       612.6 |   612.6 |   612.6 
       ij-ikl-ljk |    144 |   128 | 18432 | 1.00 | 1.00 |       274.4 |   274.4 |   274.4 
       ij-kil-lkj |    144 |   128 | 20736 | 1.00 | 1.00 |       249.7 |   249.7 |   249.7 
       ijk-ikl-lj |  18432 |   128 |   144 | 1.00 | 1.00 |       574.6 |   574.6 |   574.6 
       ijk-il-jlk |    144 | 18432 |   128 | 1.00 | 1.00 |       505.1 |   505.1 |   505.1 
       ijk-ilk-jl |  18432 |   144 |   128 | 1.00 | 1.00 |       577.2 |   577.2 |   577.2 
       ijk-ilk-lj |  18432 |   128 |   144 | 1.00 | 1.00 |       576.8 |   576.8 |   576.8 
     ijk-ilmk-mjl |   1920 |    40 |  1920 | 1.00 | 1.00 |       371.2 |   371.2 |   371.2 
   ijkl-imjn-lnkm |   1920 |  1920 |  1600 | 1.00 | 1.00 |       632.0 |   632.0 |   632.0 
   ijkl-imjn-nlmk |   1920 |  1600 |  1920 | 1.00 | 1.00 |       634.4 |   634.4 |   634.4 
   ijkl-imkn-jnlm |   1920 |  1920 |  1600 | 1.00 | 1.00 |       688.7 |   688.7 |   688.7 
   ijkl-imkn-njml |   1920 |  1600 |  1920 | 1.00 | 1.00 |       689.5 |   689.5 |   689.5 
   ijkl-imln-jnkm |   1920 |  1920 |  1600 | 1.00 | 1.00 |       691.6 |   691.6 |   691.6 
   ijkl-imln-njmk |   1920 |  1600 |  1920 | 1.00 | 1.00 |       690.4 |   690.4 |   690.4 
   ijkl-imnj-nlkm |   1920 |  1600 |  1920 | 1.00 | 1.00 |       656.3 |   656.3 |   656.3 
   ijkl-imnk-njml |   1920 |  1600 |  1920 | 1.00 | 1.00 |       689.0 |   689.0 |   689.0 
   ijkl-minj-nlmk |   1920 |  1600 |  2304 | 1.00 | 1.00 |       643.2 |   643.2 |   643.2 
   ijkl-mink-jnlm |   1920 |  1920 |  1920 | 1.00 | 1.00 |       701.1 |   701.1 |   701.1 
   ijkl-minl-njmk |   1920 |  1600 |  2304 | 1.00 | 1.00 |       684.1 |   684.1 |   684.1 
     aqrs-pa-pqrs |     48 | 64000 |    48 | 1.00 | 1.00 |       260.0 |   260.0 |   260.0 
     abrs-qb-aqrs |     40 | 76800 |    48 | 1.00 | 1.00 |       344.9 |   344.9 |   344.9 
     abcs-rc-abrs |     40 | 76800 |    48 | 1.00 | 1.00 |       345.6 |   345.6 |   345.6 
       abj-bka-kj |  20736 |   128 |   144 | 1.00 | 1.00 |       264.6 |   264.6 |   264.6 
       ajb-kba-jk |  18432 |   144 |   144 | 1.00 | 1.00 |       466.4 |   466.4 |   466.4 
     abjc-cbka-kj |  92160 |    40 |    48 | 1.00 | 1.00 |        77.9 |    77.9 |    77.9 
     ajbc-ckba-jk |  92160 |    48 |    40 | 1.00 | 1.00 |        73.4 |    73.4 |    73.4 
     abjc-kbac-jk |  76800 |    48 |    48 | 1.00 | 1.00 |       311.4 |   311.4 |   311.4 
   abjcd-dkbac-jk | 230400 |    24 |    20 | 0.00 | 1.00 |        44.0 |    44.0 |    44.0 
   adbjc-cbdka-kj | 230400 |    20 |    24 | 0.00 | 1.00 |        45.2 |    45.2 |    45.2 
   ajbdc-ckbad-jk | 230400 |    24 |    20 | 0.00 | 1.00 |        40.8 |    40.8 |    40.8 
 abcijk-ijma-mkbc |   6912 |  1728 |    24 | 0.00 | 1.00 |       258.2 |   258.2 |   258.2 
 abcijk-ijmb-mkac |   3456 |  3456 |    24 | 0.00 | 1.00 |       202.5 |   202.5 |   202.5 
 abcijk-ijmc-mkab |   3456 |  3456 |    24 | 1.00 | 0.67 |       316.3 |   316.3 |   316.3 
 abcijk-ikma-mjbc |   6912 |  1728 |    24 | 0.00 | 1.00 |       239.2 |   239.2 |   239.2 
 abcijk-ikmb-mjac |   3456 |  3456 |    24 | 0.00 | 1.00 |       202.8 |   202.8 |   202.8 
 abcijk-ikmc-mjab |   3456 |  3456 |    24 | 1.00 | 0.67 |       292.6 |   292.6 |   292.6 
 abcijk-jkma-mibc |   6912 |  1728 |    24 | 0.00 | 1.00 |       248.8 |   248.8 |   248.8 
 abcijk-jkmb-miac |   3456 |  3456 |    24 | 0.00 | 1.00 |       201.0 |   201.0 |   201.0 
 abcijk-jkmc-miab |   3456 |  3456 |    24 | 1.00 | 0.67 |       311.9 |   311.9 |   311.9 
 abcijk-eiab-jkec |   3456 |  3456 |    24 | 1.00 | 0.67 |       308.3 |   308.3 |   308.3 
 abcijk-eiac-jkeb |   3456 |  3456 |    24 | 0.00 | 1.00 |       207.0 |   207.0 |   207.0 
 abcijk-eibc-jkea |   1728 |  6912 |    24 | 0.00 | 1.00 |       256.8 |   256.8 |   256.8 
 abcijk-ejab-ikec |   3456 |  3456 |    24 | 1.00 | 0.67 |       333.3 |   333.3 |   333.3 
 abcijk-ejac-ikeb |   3456 |  3456 |    24 | 0.00 | 1.00 |       214.0 |   214.0 |   214.0 
 abcijk-ejbc-ikea |   1728 |  6912 |    24 | 0.00 | 1.00 |       261.3 |   261.3 |   261.3 
 abcijk-ekab-ijec |   3456 |  3456 |    24 | 1.00 | 0.67 |       332.7 |   332.7 |   332.7 
 abcijk-ekac-ijeb |   3456 |  3456 |    24 | 0.00 | 1.00 |       215.3 |   215.3 |   215.3 
 abcijk-ekbc-ijea |   1728 |  6912 |    24 | 0.00 | 1.00 |       256.1 |   256.1 |   256.1 
       abc-bk-akc |    144 | 18432 |   128 | 1.00 | 1.00 |       574.9 |   574.9 |   574.9 

=== c32 ===
             case |      m |     n |     k | regA | regB | planar GF/s | 1m GF/s | 3m GF/s 
------------------+--------+-------+-------+------+------+-------------+---------+---------
         ij-ik-kj |   1464 |  1448 |  1464 | 1.00 | 1.00 |       653.4 |   639.9 |   478.1 
       ij-ikl-ljk |    144 |   128 | 18432 | 1.00 | 1.00 |       199.1 |   149.7 |   218.8 
       ij-kil-lkj |    144 |   128 | 20736 | 1.00 | 1.00 |       214.2 |   163.0 |   246.1 
       ijk-ikl-lj |  18432 |   128 |   144 | 1.00 | 1.00 |       679.4 |   620.5 |   428.5 
       ijk-il-jlk |    144 | 18432 |   128 | 1.00 | 1.00 |       375.7 |   368.0 |   323.7 
       ijk-ilk-jl |  18432 |   144 |   128 | 0.89 | 1.00 |       699.6 |   654.6 |   444.0 
       ijk-ilk-lj |  18432 |   128 |   144 | 0.89 | 1.00 |       683.8 |   644.3 |   444.4 
     ijk-ilmk-mjl |   1920 |    40 |  1920 | 0.67 | 1.00 |       482.2 |   444.5 |   318.2 
   ijkl-imjn-lnkm |   1920 |  1920 |  1600 | 0.67 | 0.90 |       645.1 |   633.4 |   449.4 
   ijkl-imjn-nlmk |   1920 |  1600 |  1920 | 0.67 | 0.90 |       706.1 |   691.3 |   464.3 
   ijkl-imkn-jnlm |   1920 |  1920 |  1600 | 0.67 | 1.00 |       709.9 |   680.0 |   477.7 
   ijkl-imkn-njml |   1920 |  1600 |  1920 | 0.67 | 0.90 |       709.6 |   690.0 |   478.3 
   ijkl-imln-jnkm |   1920 |  1920 |  1600 | 0.67 | 1.00 |       710.3 |   700.0 |   477.8 
   ijkl-imln-njmk |   1920 |  1600 |  1920 | 0.67 | 0.90 |       715.8 |   684.2 |   477.4 
   ijkl-imnj-nlkm |   1920 |  1600 |  1920 | 0.67 | 0.90 |       686.1 |   671.3 |   467.1 
   ijkl-imnk-njml |   1920 |  1600 |  1920 | 0.67 | 0.90 |       689.1 |   685.2 |   479.6 
   ijkl-minj-nlmk |   1920 |  1600 |  2304 | 0.67 | 0.90 |       691.5 |   679.6 |   463.9 
   ijkl-mink-jnlm |   1920 |  1920 |  1920 | 0.67 | 1.00 |       717.8 |   692.2 |   473.0 
   ijkl-minl-njmk |   1920 |  1600 |  2304 | 0.67 | 0.90 |       698.9 |   674.0 |   473.1 
     aqrs-pa-pqrs |     48 | 64000 |    48 | 1.00 | 1.00 |       289.7 |   285.1 |   278.0 
     abrs-qb-aqrs |     40 | 76800 |    48 | 0.67 | 1.00 |       417.9 |   396.1 |   294.5 
     abcs-rc-abrs |     40 | 76800 |    48 | 1.00 | 1.00 |       465.3 |   422.6 |   306.6 
       abj-bka-kj |  20736 |   128 |   144 | 0.89 | 1.00 |       458.6 |   438.9 |   360.7 
       ajb-kba-jk |  18432 |   144 |   144 | 0.89 | 1.00 |       629.8 |   603.5 |   438.1 
     abjc-cbka-kj |  92160 |    40 |    48 | 0.67 | 1.00 |       192.5 |   171.8 |   173.9 
     ajbc-ckba-jk |  92160 |    48 |    40 | 0.67 | 1.00 |       230.9 |   176.0 |   182.2 
     abjc-kbac-jk |  76800 |    48 |    48 | 0.67 | 1.00 |       433.7 |   339.8 |   306.4 
   abjcd-dkbac-jk | 230400 |    24 |    20 | 0.00 | 1.00 |       104.1 |    91.3 |    82.0 
   adbjc-cbdka-kj | 230400 |    20 |    24 | 0.00 | 1.00 |        93.7 |    80.8 |    82.1 
   ajbdc-ckbad-jk | 230400 |    24 |    20 | 0.00 | 1.00 |        98.1 |    83.9 |    80.2 
 abcijk-ijma-mkbc |   6912 |  1728 |    24 | 0.00 | 1.00 |       391.6 |   465.8 |   331.3 
 abcijk-ijmb-mkac |   3456 |  3456 |    24 | 0.00 | 1.00 |       325.0 |   431.7 |   322.6 
 abcijk-ijmc-mkab |   3456 |  3456 |    24 | 1.00 | 1.00 |       438.7 |   374.7 |   307.5 
 abcijk-ikma-mjbc |   6912 |  1728 |    24 | 0.00 | 1.00 |       387.9 |   456.0 |   330.0 
 abcijk-ikmb-mjac |   3456 |  3456 |    24 | 0.00 | 1.00 |       305.4 |   433.7 |   321.2 
 abcijk-ikmc-mjab |   3456 |  3456 |    24 | 1.00 | 1.00 |       442.1 |   377.2 |   309.6 
 abcijk-jkma-mibc |   6912 |  1728 |    24 | 0.00 | 1.00 |       400.2 |   474.2 |   332.2 
 abcijk-jkmb-miac |   3456 |  3456 |    24 | 0.00 | 1.00 |       326.5 |   424.5 |   318.3 
 abcijk-jkmc-miab |   3456 |  3456 |    24 | 1.00 | 1.00 |       429.3 |   360.3 |   304.1 
 abcijk-eiab-jkec |   3456 |  3456 |    24 | 1.00 | 1.00 |       423.6 |   362.5 |   304.5 
 abcijk-eiac-jkeb |   3456 |  3456 |    24 | 0.00 | 1.00 |       327.5 |   424.7 |   317.4 
 abcijk-eibc-jkea |   1728 |  6912 |    24 | 0.00 | 1.00 |       398.7 |   476.6 |   333.2 
 abcijk-ejab-ikec |   3456 |  3456 |    24 | 1.00 | 1.00 |       441.4 |   370.5 |   308.4 
 abcijk-ejac-ikeb |   3456 |  3456 |    24 | 0.00 | 1.00 |       310.6 |   432.9 |   322.8 
 abcijk-ejbc-ikea |   1728 |  6912 |    24 | 0.00 | 1.00 |       380.5 |   467.7 |   331.0 
 abcijk-ekab-ijec |   3456 |  3456 |    24 | 1.00 | 1.00 |       440.4 |   377.6 |   309.4 
 abcijk-ekac-ijeb |   3456 |  3456 |    24 | 0.00 | 1.00 |       329.7 |   434.1 |   322.0 
 abcijk-ekbc-ijea |   1728 |  6912 |    24 | 0.00 | 1.00 |       389.3 |   468.2 |   329.4 
       abc-bk-akc |    144 | 18432 |   128 | 0.89 | 1.00 |       697.2 |   656.8 |   443.3 

=== complex efficiency ratio (c32 GF/s over f32 GF/s; 1.0 = no penalty) ===
             case | planar c32/f32 | 1m c32/f32 | 3m c32/f32 
------------------+----------------+------------+------------
         ij-ik-kj |          1.067 |      1.045 |      0.780 
       ij-ikl-ljk |          0.726 |      0.545 |      0.797 
       ij-kil-lkj |          0.858 |      0.653 |      0.986 
       ijk-ikl-lj |          1.182 |      1.080 |      0.746 
       ijk-il-jlk |          0.744 |      0.729 |      0.641 
       ijk-ilk-jl |          1.212 |      1.134 |      0.769 
       ijk-ilk-lj |          1.186 |      1.117 |      0.771 
     ijk-ilmk-mjl |          1.299 |      1.197 |      0.857 
   ijkl-imjn-lnkm |          1.021 |      1.002 |      0.711 
   ijkl-imjn-nlmk |          1.113 |      1.090 |      0.732 
   ijkl-imkn-jnlm |          1.031 |      0.987 |      0.694 
   ijkl-imkn-njml |          1.029 |      1.001 |      0.694 
   ijkl-imln-jnkm |          1.027 |      1.012 |      0.691 
   ijkl-imln-njmk |          1.037 |      0.991 |      0.691 
   ijkl-imnj-nlkm |          1.045 |      1.023 |      0.712 
   ijkl-imnk-njml |          1.000 |      0.994 |      0.696 
   ijkl-minj-nlmk |          1.075 |      1.057 |      0.721 
   ijkl-mink-jnlm |          1.024 |      0.987 |      0.675 
   ijkl-minl-njmk |          1.022 |      0.985 |      0.692 
     aqrs-pa-pqrs |          1.114 |      1.097 |      1.069 
     abrs-qb-aqrs |          1.212 |      1.148 |      0.854 
     abcs-rc-abrs |          1.347 |      1.223 |      0.887 
       abj-bka-kj |          1.733 |      1.659 |      1.363 
       ajb-kba-jk |          1.350 |      1.294 |      0.939 
     abjc-cbka-kj |          2.473 |      2.206 |      2.233 
     ajbc-ckba-jk |          3.146 |      2.398 |      2.482 
     abjc-kbac-jk |          1.393 |      1.091 |      0.984 
   abjcd-dkbac-jk |          2.365 |      2.074 |      1.864 
   adbjc-cbdka-kj |          2.075 |      1.790 |      1.819 
   ajbdc-ckbad-jk |          2.406 |      2.059 |      1.966 
 abcijk-ijma-mkbc |          1.517 |      1.804 |      1.283 
 abcijk-ijmb-mkac |          1.605 |      2.132 |      1.593 
 abcijk-ijmc-mkab |          1.387 |      1.185 |      0.972 
 abcijk-ikma-mjbc |          1.622 |      1.906 |      1.380 
 abcijk-ikmb-mjac |          1.506 |      2.139 |      1.584 
 abcijk-ikmc-mjab |          1.511 |      1.289 |      1.058 
 abcijk-jkma-mibc |          1.609 |      1.906 |      1.335 
 abcijk-jkmb-miac |          1.624 |      2.112 |      1.583 
 abcijk-jkmc-miab |          1.377 |      1.155 |      0.975 
 abcijk-eiab-jkec |          1.374 |      1.176 |      0.988 
 abcijk-eiac-jkeb |          1.582 |      2.052 |      1.533 
 abcijk-eibc-jkea |          1.552 |      1.856 |      1.297 
 abcijk-ejab-ikec |          1.324 |      1.112 |      0.925 
 abcijk-ejac-ikeb |          1.452 |      2.023 |      1.508 
 abcijk-ejbc-ikea |          1.456 |      1.790 |      1.267 
 abcijk-ekab-ijec |          1.324 |      1.135 |      0.930 
 abcijk-ekac-ijeb |          1.532 |      2.017 |      1.496 
 abcijk-ekbc-ijea |          1.520 |      1.829 |      1.286 
       abc-bk-akc |          1.213 |      1.142 |      0.771 
             MEAN |          1.396 |      1.396 |      1.108 

wrote bench-results/worker6194-icelake/phase4g/sm-s16-t4-f32c32.csv
