host        : worker6194
target      : x86_64 / linux
cpu features: avx2 fma avx512f avx512dq 
caches      : L1=48KiB/12-way/1sh L2=1280KiB/20-way/1sh L3=49152KiB/12-way/32sh (via sysfs), blocking=legacy
l3 domains  : t1=1 t4=1 t8=1 t16=1 t32=1 t64=2
baselines   : tblis=false blas=false

sweeping 49 cases at 64 MiB nominal tensor size, 3 reps, stress=none


=== f64 ===
             case |      m |      n |     k | regA | regB | planar GF/s | 1m GF/s | 3m GF/s 
------------------+--------+--------+-------+------+------+-------------+---------+---------
         ij-ik-kj |   2904 |   2896 |  2904 | 1.00 | 1.00 |       944.3 |   944.3 |   944.3 
       ij-ikl-ljk |    216 |    204 | 44064 | 1.00 | 1.00 |       399.2 |   399.2 |   399.2 
       ij-kil-lkj |    216 |    204 | 46656 | 1.00 | 1.00 |       425.2 |   425.2 |   425.2 
       ijk-ikl-lj |  44064 |    204 |   216 | 1.00 | 1.00 |       847.9 |   847.9 |   847.9 
       ijk-il-jlk |    216 |  44064 |   204 | 1.00 | 1.00 |       859.3 |   859.3 |   859.3 
       ijk-ilk-jl |  44064 |    216 |   204 | 1.00 | 1.00 |       848.6 |   848.6 |   848.6 
       ijk-ilk-lj |  44064 |    204 |   216 | 1.00 | 1.00 |       878.0 |   878.0 |   878.0 
     ijk-ilmk-mjl |   3744 |     52 |  3744 | 1.00 | 1.00 |       432.7 |   432.7 |   432.7 
   ijkl-imjn-lnkm |   3744 |   3744 |  2704 | 1.00 | 0.92 |       939.9 |   939.9 |   939.9 
   ijkl-imjn-nlmk |   3744 |   2704 |  3744 | 1.00 | 0.92 |      1035.9 |  1035.9 |  1035.9 
   ijkl-imkn-jnlm |   3744 |   3744 |  2704 | 1.00 | 1.00 |       983.5 |   983.5 |   983.5 
   ijkl-imkn-njml |   3744 |   2704 |  3744 | 1.00 | 0.92 |      1068.1 |  1068.1 |  1068.1 
   ijkl-imln-jnkm |   3744 |   3744 |  2704 | 1.00 | 1.00 |       966.5 |   966.5 |   966.5 
   ijkl-imln-njmk |   3744 |   2704 |  3744 | 1.00 | 0.92 |      1056.4 |  1056.4 |  1056.4 
   ijkl-imnj-nlkm |   3744 |   2704 |  3744 | 1.00 | 0.92 |      1023.6 |  1023.6 |  1023.6 
   ijkl-imnk-njml |   3744 |   2704 |  3744 | 1.00 | 0.92 |      1104.4 |  1104.4 |  1104.4 
   ijkl-minj-nlmk |   3744 |   2704 |  5184 | 1.00 | 0.92 |      1010.4 |  1010.4 |  1010.4 
   ijkl-mink-jnlm |   3744 |   3744 |  3744 | 1.00 | 1.00 |       978.6 |   978.6 |   978.6 
   ijkl-minl-njmk |   3744 |   2704 |  5184 | 1.00 | 0.92 |      1025.2 |  1025.2 |  1025.2 
     aqrs-pa-pqrs |     72 | 140608 |    72 | 1.00 | 1.00 |       490.6 |   490.6 |   490.6 
     abrs-qb-aqrs |     52 | 194688 |    72 | 1.00 | 1.00 |       354.2 |   354.2 |   354.2 
     abcs-rc-abrs |     52 | 194688 |    72 | 1.00 | 1.00 |       392.8 |   392.8 |   392.8 
       abj-bka-kj |  46656 |    204 |   216 | 1.00 | 1.00 |       571.0 |   571.0 |   571.0 
       ajb-kba-jk |  44064 |    216 |   216 | 1.00 | 1.00 |       939.9 |   939.9 |   939.9 
     abjc-cbka-kj | 269568 |     52 |    72 | 1.00 | 1.00 |       172.9 |   172.9 |   172.9 
     ajbc-ckba-jk | 269568 |     72 |    52 | 1.00 | 1.00 |       215.8 |   215.8 |   215.8 
     abjc-kbac-jk | 194688 |     72 |    72 | 1.00 | 1.00 |       415.2 |   415.2 |   415.2 
   abjcd-dkbac-jk | 331776 |     24 |    24 | 1.00 | 1.00 |        91.1 |    91.1 |    91.1 
   adbjc-cbdka-kj | 331776 |     24 |    24 | 1.00 | 1.00 |        70.8 |    70.8 |    70.8 
   ajbdc-ckbad-jk | 331776 |     24 |    24 | 1.00 | 1.00 |        81.2 |    81.2 |    81.2 
 abcijk-ijma-mkbc |   9216 |   4096 |    24 | 1.00 | 1.00 |       353.2 |   353.2 |   353.2 
 abcijk-ijmb-mkac |   6144 |   6144 |    24 | 1.00 | 1.00 |       338.3 |   338.3 |   338.3 
 abcijk-ijmc-mkab |   6144 |   6144 |    24 | 1.00 | 1.00 |       363.5 |   363.5 |   363.5 
 abcijk-ikma-mjbc |   9216 |   4096 |    24 | 1.00 | 1.00 |       346.8 |   346.8 |   346.8 
 abcijk-ikmb-mjac |   6144 |   6144 |    24 | 1.00 | 1.00 |       339.4 |   339.4 |   339.4 
 abcijk-ikmc-mjab |   6144 |   6144 |    24 | 1.00 | 1.00 |       343.7 |   343.7 |   343.7 
 abcijk-jkma-mibc |   9216 |   4096 |    24 | 1.00 | 1.00 |       360.9 |   360.9 |   360.9 
 abcijk-jkmb-miac |   6144 |   6144 |    24 | 1.00 | 1.00 |       323.8 |   323.8 |   323.8 
 abcijk-jkmc-miab |   6144 |   6144 |    24 | 1.00 | 1.00 |       308.1 |   308.1 |   308.1 
 abcijk-eiab-jkec |   6144 |   6144 |    24 | 1.00 | 1.00 |       308.7 |   308.7 |   308.7 
 abcijk-eiac-jkeb |   6144 |   6144 |    24 | 1.00 | 1.00 |       334.6 |   334.6 |   334.6 
 abcijk-eibc-jkea |   4096 |   9216 |    24 | 1.00 | 1.00 |       357.4 |   357.4 |   357.4 
 abcijk-ejab-ikec |   6144 |   6144 |    24 | 1.00 | 1.00 |       350.4 |   350.4 |   350.4 
 abcijk-ejac-ikeb |   6144 |   6144 |    24 | 1.00 | 1.00 |       349.6 |   349.6 |   349.6 
 abcijk-ejbc-ikea |   4096 |   9216 |    24 | 1.00 | 1.00 |       365.6 |   365.6 |   365.6 
 abcijk-ekab-ijec |   6144 |   6144 |    24 | 1.00 | 1.00 |       312.8 |   312.8 |   312.8 
 abcijk-ekac-ijeb |   6144 |   6144 |    24 | 1.00 | 1.00 |       353.9 |   353.9 |   353.9 
 abcijk-ekbc-ijea |   4096 |   9216 |    24 | 1.00 | 1.00 |       352.0 |   352.0 |   352.0 
       abc-bk-akc |    216 |  44064 |   204 | 1.00 | 1.00 |       596.5 |   596.5 |   596.5 

=== c64 ===
             case |      m |      n |     k | regA | regB | planar GF/s | 1m GF/s | 3m GF/s 
------------------+--------+--------+-------+------+------+-------------+---------+---------
         ij-ik-kj |   2904 |   2896 |  2904 | 1.00 | 1.00 |      1383.0 |  1181.3 |   972.5 
       ij-ikl-ljk |    216 |    204 | 44064 | 1.00 | 1.00 |       750.1 |   743.1 |   387.4 
       ij-kil-lkj |    216 |    204 | 46656 | 1.00 | 1.00 |       797.4 |   770.1 |   408.8 
       ijk-ikl-lj |  44064 |    204 |   216 | 1.00 | 1.00 |      1570.2 |  1330.3 |  1219.5 
       ijk-il-jlk |    216 |  44064 |   204 | 1.00 | 1.00 |      1323.0 |  1178.1 |   719.1 
       ijk-ilk-jl |  44064 |    216 |   204 | 0.96 | 1.00 |      1337.6 |  1246.0 |  1200.0 
       ijk-ilk-lj |  44064 |    204 |   216 | 0.96 | 1.00 |      1408.6 |  1201.7 |  1234.4 
     ijk-ilmk-mjl |   3744 |     52 |  3744 | 0.89 | 1.00 |       889.4 |   821.1 |   700.6 
   ijkl-imjn-lnkm |   3744 |   3744 |  2704 | 0.89 | 0.92 |      1485.6 |  1316.9 |  1053.9 
   ijkl-imjn-nlmk |   3744 |   2704 |  3744 | 0.89 | 0.92 |      1424.1 |  1253.4 |  1043.1 
   ijkl-imkn-jnlm |   3744 |   3744 |  2704 | 0.89 | 1.00 |      1444.8 |  1288.0 |  1057.5 
   ijkl-imkn-njml |   3744 |   2704 |  3744 | 0.89 | 0.92 |      1398.3 |  1259.0 |  1050.5 
   ijkl-imln-jnkm |   3744 |   3744 |  2704 | 0.89 | 1.00 |      1412.8 |  1315.8 |  1064.1 
   ijkl-imln-njmk |   3744 |   2704 |  3744 | 0.89 | 0.92 |      1442.4 |  1253.4 |  1050.9 
   ijkl-imnj-nlkm |   3744 |   2704 |  3744 | 0.89 | 0.92 |      1437.9 |  1292.1 |  1042.9 
   ijkl-imnk-njml |   3744 |   2704 |  3744 | 0.89 | 0.92 |      1413.7 |  1255.4 |  1051.0 
   ijkl-minj-nlmk |   3744 |   2704 |  5184 | 0.89 | 0.92 |      1436.4 |  1283.2 |  1053.3 
   ijkl-mink-jnlm |   3744 |   3744 |  3744 | 0.89 | 1.00 |      1472.1 |  1283.4 |  1067.7 
   ijkl-minl-njmk |   3744 |   2704 |  5184 | 0.89 | 0.92 |      1408.0 |  1270.4 |  1042.0 
     aqrs-pa-pqrs |     72 | 140608 |    72 | 1.00 | 1.00 |       853.4 |   745.3 |   583.7 
     abrs-qb-aqrs |     52 | 194688 |    72 | 0.89 | 1.00 |       921.7 |   675.9 |   762.6 
     abcs-rc-abrs |     52 | 194688 |    72 | 1.00 | 1.00 |       912.4 |   896.7 |   651.8 
       abj-bka-kj |  46656 |    204 |   216 | 0.96 | 1.00 |      1225.5 |  1017.5 |   723.2 
       ajb-kba-jk |  44064 |    216 |   216 | 0.96 | 1.00 |      1631.7 |  1451.7 |  1295.2 
     abjc-cbka-kj | 269568 |     52 |    72 | 0.89 | 1.00 |       527.8 |   422.8 |   440.5 
     ajbc-ckba-jk | 269568 |     72 |    52 | 0.89 | 1.00 |       531.3 |   468.6 |   480.8 
     abjc-kbac-jk | 194688 |     72 |    72 | 0.89 | 1.00 |      1060.5 |  1020.8 |   828.9 
   abjcd-dkbac-jk | 331776 |     24 |    24 | 0.67 | 1.00 |       171.2 |   187.4 |   194.0 
   adbjc-cbdka-kj | 331776 |     24 |    24 | 0.67 | 1.00 |       183.8 |   151.5 |   193.1 
   ajbdc-ckbad-jk | 331776 |     24 |    24 | 1.00 | 1.00 |       210.6 |   188.1 |   191.9 
 abcijk-ijma-mkbc |   9216 |   4096 |    24 | 1.00 | 0.99 |       707.3 |   650.3 |   605.0 
 abcijk-ijmb-mkac |   6144 |   6144 |    24 | 1.00 | 0.88 |       679.1 |   678.7 |   620.5 
 abcijk-ijmc-mkab |   6144 |   6144 |    24 | 1.00 | 0.75 |       604.5 |   594.6 |   609.6 
 abcijk-ikma-mjbc |   9216 |   4096 |    24 | 1.00 | 0.99 |       667.7 |   683.9 |   597.1 
 abcijk-ikmb-mjac |   6144 |   6144 |    24 | 1.00 | 0.88 |       716.8 |   681.3 |   632.1 
 abcijk-ikmc-mjab |   6144 |   6144 |    24 | 1.00 | 0.75 |       629.2 |   609.4 |   591.0 
 abcijk-jkma-mibc |   9216 |   4096 |    24 | 1.00 | 0.99 |       665.7 |   653.5 |   647.9 
 abcijk-jkmb-miac |   6144 |   6144 |    24 | 1.00 | 0.88 |       653.9 |   661.3 |   563.4 
 abcijk-jkmc-miab |   6144 |   6144 |    24 | 1.00 | 0.75 |       575.3 |   548.3 |   543.8 
 abcijk-eiab-jkec |   6144 |   6144 |    24 | 1.00 | 0.75 |       584.8 |   559.9 |   566.1 
 abcijk-eiac-jkeb |   6144 |   6144 |    24 | 1.00 | 0.88 |       674.5 |   621.2 |   576.1 
 abcijk-eibc-jkea |   4096 |   9216 |    24 | 1.00 | 0.99 |       664.8 |   684.7 |   647.8 
 abcijk-ejab-ikec |   6144 |   6144 |    24 | 1.00 | 0.75 |       614.4 |   579.4 |   608.7 
 abcijk-ejac-ikeb |   6144 |   6144 |    24 | 1.00 | 0.88 |       696.2 |   667.8 |   601.4 
 abcijk-ejbc-ikea |   4096 |   9216 |    24 | 1.00 | 0.99 |       721.7 |   689.1 |   582.2 
 abcijk-ekab-ijec |   6144 |   6144 |    24 | 1.00 | 0.75 |       610.0 |   618.1 |   589.6 
 abcijk-ekac-ijeb |   6144 |   6144 |    24 | 1.00 | 0.88 |       677.1 |   659.5 |   591.9 
 abcijk-ekbc-ijea |   4096 |   9216 |    24 | 1.00 | 0.99 |       688.7 |   617.4 |   631.0 
       abc-bk-akc |    216 |  44064 |   204 | 0.96 | 1.00 |      1534.0 |  1388.8 |   983.0 

=== complex efficiency ratio (c64 GF/s over f64 GF/s; 1.0 = no penalty) ===
             case | planar c64/f64 | 1m c64/f64 | 3m c64/f64 
------------------+----------------+------------+------------
         ij-ik-kj |          1.464 |      1.251 |      1.030 
       ij-ikl-ljk |          1.879 |      1.861 |      0.970 
       ij-kil-lkj |          1.876 |      1.811 |      0.962 
       ijk-ikl-lj |          1.852 |      1.569 |      1.438 
       ijk-il-jlk |          1.540 |      1.371 |      0.837 
       ijk-ilk-jl |          1.576 |      1.468 |      1.414 
       ijk-ilk-lj |          1.604 |      1.369 |      1.406 
     ijk-ilmk-mjl |          2.056 |      1.898 |      1.619 
   ijkl-imjn-lnkm |          1.581 |      1.401 |      1.121 
   ijkl-imjn-nlmk |          1.375 |      1.210 |      1.007 
   ijkl-imkn-jnlm |          1.469 |      1.310 |      1.075 
   ijkl-imkn-njml |          1.309 |      1.179 |      0.984 
   ijkl-imln-jnkm |          1.462 |      1.361 |      1.101 
   ijkl-imln-njmk |          1.365 |      1.186 |      0.995 
   ijkl-imnj-nlkm |          1.405 |      1.262 |      1.019 
   ijkl-imnk-njml |          1.280 |      1.137 |      0.952 
   ijkl-minj-nlmk |          1.422 |      1.270 |      1.042 
   ijkl-mink-jnlm |          1.504 |      1.311 |      1.091 
   ijkl-minl-njmk |          1.373 |      1.239 |      1.016 
     aqrs-pa-pqrs |          1.740 |      1.519 |      1.190 
     abrs-qb-aqrs |          2.602 |      1.908 |      2.153 
     abcs-rc-abrs |          2.323 |      2.283 |      1.659 
       abj-bka-kj |          2.146 |      1.782 |      1.267 
       ajb-kba-jk |          1.736 |      1.545 |      1.378 
     abjc-cbka-kj |          3.052 |      2.445 |      2.547 
     ajbc-ckba-jk |          2.462 |      2.171 |      2.228 
     abjc-kbac-jk |          2.554 |      2.458 |      1.996 
   abjcd-dkbac-jk |          1.880 |      2.058 |      2.130 
   adbjc-cbdka-kj |          2.595 |      2.140 |      2.726 
   ajbdc-ckbad-jk |          2.592 |      2.315 |      2.362 
 abcijk-ijma-mkbc |          2.002 |      1.841 |      1.713 
 abcijk-ijmb-mkac |          2.007 |      2.006 |      1.834 
 abcijk-ijmc-mkab |          1.663 |      1.636 |      1.677 
 abcijk-ikma-mjbc |          1.925 |      1.972 |      1.722 
 abcijk-ikmb-mjac |          2.112 |      2.007 |      1.862 
 abcijk-ikmc-mjab |          1.831 |      1.773 |      1.720 
 abcijk-jkma-mibc |          1.845 |      1.811 |      1.795 
 abcijk-jkmb-miac |          2.019 |      2.042 |      1.740 
 abcijk-jkmc-miab |          1.867 |      1.780 |      1.765 
 abcijk-eiab-jkec |          1.895 |      1.814 |      1.834 
 abcijk-eiac-jkeb |          2.016 |      1.856 |      1.721 
 abcijk-eibc-jkea |          1.860 |      1.916 |      1.812 
 abcijk-ejab-ikec |          1.753 |      1.654 |      1.737 
 abcijk-ejac-ikeb |          1.992 |      1.911 |      1.720 
 abcijk-ejbc-ikea |          1.974 |      1.885 |      1.593 
 abcijk-ekab-ijec |          1.950 |      1.976 |      1.885 
 abcijk-ekac-ijeb |          1.913 |      1.864 |      1.672 
 abcijk-ekbc-ijea |          1.957 |      1.754 |      1.793 
       abc-bk-akc |          2.572 |      2.328 |      1.648 
             MEAN |          1.882 |      1.733 |      1.550 

wrote bench-results/worker6194-icelake/phase4g/sm-s64-t32-f64c64.csv
