host        : worker6194
target      : x86_64 / linux
cpu features: avx2 fma avx512f avx512dq 
caches      : L1=48KiB/12-way/1sh L2=1280KiB/20-way/1sh L3=49152KiB/12-way/32sh (via sysfs), blocking=legacy
l3 domains  : t1=1
baselines   : tblis=false blas=false

sweeping 49 cases at 64 MiB nominal tensor size, 3 reps, stress=none


=== f32 ===
             case |      m |      n |     k | regA | regB | planar GF/s | 1m GF/s | 3m GF/s 
------------------+--------+--------+-------+------+------+-------------+---------+---------
         ij-ik-kj |   2904 |   2896 |  2904 | 1.00 | 1.00 |       168.6 |   168.6 |   168.6 
       ij-ikl-ljk |    216 |    204 | 44064 | 1.00 | 1.00 |        81.5 |    81.5 |    81.5 
       ij-kil-lkj |    216 |    204 | 46656 | 1.00 | 1.00 |        75.7 |    75.7 |    75.7 
       ijk-ikl-lj |  44064 |    204 |   216 | 1.00 | 1.00 |       140.8 |   140.8 |   140.8 
       ijk-il-jlk |    216 |  44064 |   204 | 1.00 | 1.00 |       121.2 |   121.2 |   121.2 
       ijk-ilk-jl |  44064 |    216 |   204 | 0.89 | 1.00 |       149.2 |   149.2 |   149.2 
       ijk-ilk-lj |  44064 |    204 |   216 | 0.89 | 1.00 |       147.2 |   147.2 |   147.2 
     ijk-ilmk-mjl |   3744 |     52 |  3744 | 0.67 | 1.00 |       101.1 |   101.1 |   101.1 
   ijkl-imjn-lnkm |   3744 |   3744 |  2704 | 0.67 | 0.92 |       165.5 |   165.5 |   165.5 
   ijkl-imjn-nlmk |   3744 |   2704 |  3744 | 0.67 | 0.92 |       166.9 |   166.9 |   166.9 
   ijkl-imkn-jnlm |   3744 |   3744 |  2704 | 0.67 | 1.00 |       168.8 |   168.8 |   168.8 
   ijkl-imkn-njml |   3744 |   2704 |  3744 | 0.67 | 0.92 |       166.4 |   166.4 |   166.4 
   ijkl-imln-jnkm |   3744 |   3744 |  2704 | 0.67 | 1.00 |       169.7 |   169.7 |   169.7 
   ijkl-imln-njmk |   3744 |   2704 |  3744 | 0.67 | 0.92 |       167.5 |   167.5 |   167.5 
   ijkl-imnj-nlkm |   3744 |   2704 |  3744 | 0.67 | 0.92 |       166.3 |   166.3 |   166.3 
   ijkl-imnk-njml |   3744 |   2704 |  3744 | 0.67 | 0.92 |       166.9 |   166.9 |   166.9 
   ijkl-minj-nlmk |   3744 |   2704 |  5184 | 0.67 | 0.92 |       162.0 |   162.0 |   162.0 
   ijkl-mink-jnlm |   3744 |   3744 |  3744 | 0.67 | 1.00 |       168.9 |   168.9 |   168.9 
   ijkl-minl-njmk |   3744 |   2704 |  5184 | 0.67 | 0.92 |       163.5 |   163.5 |   163.5 
     aqrs-pa-pqrs |     72 | 140608 |    72 | 1.00 | 1.00 |        69.5 |    69.5 |    69.5 
     abrs-qb-aqrs |     52 | 194688 |    72 | 0.67 | 1.00 |        83.0 |    83.0 |    83.0 
     abcs-rc-abrs |     52 | 194688 |    72 | 1.00 | 1.00 |        82.3 |    82.3 |    82.3 
       abj-bka-kj |  46656 |    204 |   216 | 0.89 | 1.00 |        70.6 |    70.6 |    70.6 
       ajb-kba-jk |  44064 |    216 |   216 | 0.89 | 1.00 |       142.4 |   142.4 |   142.4 
     abjc-cbka-kj | 269568 |     52 |    72 | 0.67 | 1.00 |        21.2 |    21.2 |    21.2 
     ajbc-ckba-jk | 269568 |     72 |    52 | 0.67 | 1.00 |        28.5 |    28.5 |    28.5 
     abjc-kbac-jk | 194688 |     72 |    72 | 0.67 | 1.00 |        71.2 |    71.2 |    71.2 
   abjcd-dkbac-jk | 331776 |     24 |    24 | 0.00 | 1.00 |        12.4 |    12.4 |    12.4 
   adbjc-cbdka-kj | 331776 |     24 |    24 | 0.00 | 1.00 |        11.0 |    11.0 |    11.0 
   ajbdc-ckbad-jk | 331776 |     24 |    24 | 0.00 | 1.00 |        11.0 |    11.0 |    11.0 
 abcijk-ijma-mkbc |   9216 |   4096 |    24 | 0.00 | 1.00 |        65.1 |    65.1 |    65.1 
 abcijk-ijmb-mkac |   6144 |   6144 |    24 | 0.00 | 1.00 |        48.6 |    48.6 |    48.6 
 abcijk-ijmc-mkab |   6144 |   6144 |    24 | 1.00 | 1.00 |        74.9 |    74.9 |    74.9 
 abcijk-ikma-mjbc |   9216 |   4096 |    24 | 0.00 | 1.00 |        65.1 |    65.1 |    65.1 
 abcijk-ikmb-mjac |   6144 |   6144 |    24 | 0.00 | 1.00 |        48.3 |    48.3 |    48.3 
 abcijk-ikmc-mjab |   6144 |   6144 |    24 | 1.00 | 1.00 |        76.7 |    76.7 |    76.7 
 abcijk-jkma-mibc |   9216 |   4096 |    24 | 0.00 | 1.00 |        59.9 |    59.9 |    59.9 
 abcijk-jkmb-miac |   6144 |   6144 |    24 | 0.00 | 1.00 |        32.3 |    32.3 |    32.3 
 abcijk-jkmc-miab |   6144 |   6144 |    24 | 1.00 | 1.00 |        75.5 |    75.5 |    75.5 
 abcijk-eiab-jkec |   6144 |   6144 |    24 | 1.00 | 1.00 |        74.9 |    74.9 |    74.9 
 abcijk-eiac-jkeb |   6144 |   6144 |    24 | 0.00 | 1.00 |        32.2 |    32.2 |    32.2 
 abcijk-eibc-jkea |   4096 |   9216 |    24 | 0.00 | 1.00 |        59.9 |    59.9 |    59.9 
 abcijk-ejab-ikec |   6144 |   6144 |    24 | 1.00 | 1.00 |        76.1 |    76.1 |    76.1 
 abcijk-ejac-ikeb |   6144 |   6144 |    24 | 0.00 | 1.00 |        48.4 |    48.4 |    48.4 
 abcijk-ejbc-ikea |   4096 |   9216 |    24 | 0.00 | 1.00 |        64.8 |    64.8 |    64.8 
 abcijk-ekab-ijec |   6144 |   6144 |    24 | 1.00 | 1.00 |        74.1 |    74.1 |    74.1 
 abcijk-ekac-ijeb |   6144 |   6144 |    24 | 0.00 | 1.00 |        48.6 |    48.6 |    48.6 
 abcijk-ekbc-ijea |   4096 |   9216 |    24 | 0.00 | 1.00 |        65.0 |    65.0 |    65.0 
       abc-bk-akc |    216 |  44064 |   204 | 0.89 | 1.00 |       149.1 |   149.1 |   149.1 

=== c32 ===
             case |      m |      n |     k | regA | regB | planar GF/s | 1m GF/s | 3m GF/s 
------------------+--------+--------+-------+------+------+-------------+---------+---------
         ij-ik-kj |   2904 |   2896 |  2904 | 1.00 | 1.00 |       178.7 |   173.1 |   119.4 
       ij-ikl-ljk |    216 |    204 | 44064 | 1.00 | 1.00 |       122.3 |   116.4 |    85.5 
       ij-kil-lkj |    216 |    204 | 46656 | 1.00 | 1.00 |       117.8 |   111.9 |    84.8 
       ijk-ikl-lj |  44064 |    204 |   216 | 1.00 | 1.00 |       169.5 |   157.4 |   107.7 
       ijk-il-jlk |    216 |  44064 |   204 | 1.00 | 1.00 |       165.2 |   159.7 |   109.3 
       ijk-ilk-jl |  44064 |    216 |   204 | 0.89 | 1.00 |       173.8 |   166.2 |   113.0 
       ijk-ilk-lj |  44064 |    204 |   216 | 0.89 | 1.00 |       172.8 |   165.2 |   111.5 
     ijk-ilmk-mjl |   3744 |     52 |  3744 | 0.67 | 1.00 |       121.9 |   113.2 |    75.2 
   ijkl-imjn-lnkm |   3744 |   3744 |  2704 | 0.67 | 0.92 |       173.5 |   169.1 |   118.1 
   ijkl-imjn-nlmk |   3744 |   2704 |  3744 | 0.67 | 0.92 |       177.3 |   173.2 |   120.3 
   ijkl-imkn-jnlm |   3744 |   3744 |  2704 | 0.67 | 1.00 |       177.6 |   175.8 |   119.4 
   ijkl-imkn-njml |   3744 |   2704 |  3744 | 0.67 | 0.92 |       178.6 |   176.4 |   120.2 
   ijkl-imln-jnkm |   3744 |   3744 |  2704 | 0.67 | 1.00 |       178.0 |   176.1 |   119.4 
   ijkl-imln-njmk |   3744 |   2704 |  3744 | 0.67 | 0.92 |       178.7 |   176.4 |   120.2 
   ijkl-imnj-nlkm |   3744 |   2704 |  3744 | 0.67 | 0.92 |       177.1 |   173.1 |   120.5 
   ijkl-imnk-njml |   3744 |   2704 |  3744 | 0.67 | 0.92 |       178.6 |   176.4 |   120.2 
   ijkl-minj-nlmk |   3744 |   2704 |  5184 | 0.67 | 0.92 |       175.2 |   170.8 |   119.6 
   ijkl-mink-jnlm |   3744 |   3744 |  3744 | 0.67 | 1.00 |       179.2 |   176.2 |   120.5 
   ijkl-minl-njmk |   3744 |   2704 |  5184 | 0.67 | 0.92 |       177.1 |   174.2 |   120.0 
     aqrs-pa-pqrs |     72 | 140608 |    72 | 1.00 | 1.00 |        97.5 |    94.9 |    79.3 
     abrs-qb-aqrs |     52 | 194688 |    72 | 0.67 | 1.00 |       114.0 |   105.7 |    74.0 
     abcs-rc-abrs |     52 | 194688 |    72 | 1.00 | 1.00 |       136.4 |    85.2 |    72.0 
       abj-bka-kj |  46656 |    204 |   216 | 0.89 | 1.00 |       127.8 |   122.6 |    92.6 
       ajb-kba-jk |  44064 |    216 |   216 | 0.89 | 1.00 |       173.0 |   166.0 |   116.8 
     abjc-cbka-kj | 269568 |     52 |    72 | 0.67 | 1.00 |        53.8 |    43.8 |    39.9 
     ajbc-ckba-jk | 269568 |     72 |    52 | 0.67 | 1.00 |        66.2 |    63.8 |    55.0 
     abjc-kbac-jk | 194688 |     72 |    72 | 0.67 | 1.00 |       116.8 |    94.9 |    76.5 
   abjcd-dkbac-jk | 331776 |     24 |    24 | 0.00 | 1.00 |        29.5 |    23.6 |    23.2 
   adbjc-cbdka-kj | 331776 |     24 |    24 | 0.00 | 1.00 |        25.0 |    23.6 |    22.1 
   ajbdc-ckbad-jk | 331776 |     24 |    24 | 0.00 | 1.00 |        27.6 |    25.1 |    23.0 
 abcijk-ijma-mkbc |   9216 |   4096 |    24 | 0.00 | 0.99 |       103.4 |   124.8 |    85.0 
 abcijk-ijmb-mkac |   6144 |   6144 |    24 | 0.00 | 1.00 |        79.7 |   110.4 |    81.0 
 abcijk-ijmc-mkab |   6144 |   6144 |    24 | 1.00 | 0.75 |       121.8 |   105.7 |    84.9 
 abcijk-ikma-mjbc |   9216 |   4096 |    24 | 0.00 | 0.99 |       103.2 |   125.3 |    84.8 
 abcijk-ikmb-mjac |   6144 |   6144 |    24 | 0.00 | 1.00 |        79.8 |   110.3 |    81.2 
 abcijk-ikmc-mjab |   6144 |   6144 |    24 | 1.00 | 0.75 |       121.6 |   105.9 |    84.7 
 abcijk-jkma-mibc |   9216 |   4096 |    24 | 0.00 | 0.99 |        99.7 |   125.2 |    84.1 
 abcijk-jkmb-miac |   6144 |   6144 |    24 | 0.00 | 1.00 |        74.6 |   111.8 |    79.9 
 abcijk-jkmc-miab |   6144 |   6144 |    24 | 1.00 | 0.75 |       120.9 |   103.3 |    83.5 
 abcijk-eiab-jkec |   6144 |   6144 |    24 | 1.00 | 0.75 |       120.8 |   103.3 |    84.1 
 abcijk-eiac-jkeb |   6144 |   6144 |    24 | 0.00 | 1.00 |        74.7 |   112.2 |    80.5 
 abcijk-eibc-jkea |   4096 |   9216 |    24 | 0.00 | 0.99 |        99.7 |   125.1 |    84.5 
 abcijk-ejab-ikec |   6144 |   6144 |    24 | 1.00 | 0.75 |       121.8 |   105.7 |    84.3 
 abcijk-ejac-ikeb |   6144 |   6144 |    24 | 0.00 | 1.00 |        79.7 |   110.3 |    81.2 
 abcijk-ejbc-ikea |   4096 |   9216 |    24 | 0.00 | 0.99 |       102.9 |   123.5 |    84.6 
 abcijk-ekab-ijec |   6144 |   6144 |    24 | 1.00 | 0.75 |       121.8 |   105.9 |    84.6 
 abcijk-ekac-ijeb |   6144 |   6144 |    24 | 0.00 | 1.00 |        79.8 |   110.2 |    80.8 
 abcijk-ekbc-ijea |   4096 |   9216 |    24 | 0.00 | 0.99 |       103.6 |   124.6 |    84.4 
       abc-bk-akc |    216 |  44064 |   204 | 0.89 | 1.00 |       173.8 |   166.3 |   112.8 

=== complex efficiency ratio (c32 GF/s over f32 GF/s; 1.0 = no penalty) ===
             case | planar c32/f32 | 1m c32/f32 | 3m c32/f32 
------------------+----------------+------------+------------
         ij-ik-kj |          1.060 |      1.027 |      0.708 
       ij-ikl-ljk |          1.501 |      1.429 |      1.049 
       ij-kil-lkj |          1.556 |      1.477 |      1.120 
       ijk-ikl-lj |          1.204 |      1.118 |      0.765 
       ijk-il-jlk |          1.363 |      1.317 |      0.902 
       ijk-ilk-jl |          1.165 |      1.114 |      0.757 
       ijk-ilk-lj |          1.174 |      1.123 |      0.758 
     ijk-ilmk-mjl |          1.206 |      1.121 |      0.744 
   ijkl-imjn-lnkm |          1.048 |      1.021 |      0.714 
   ijkl-imjn-nlmk |          1.062 |      1.038 |      0.721 
   ijkl-imkn-jnlm |          1.052 |      1.042 |      0.707 
   ijkl-imkn-njml |          1.073 |      1.060 |      0.722 
   ijkl-imln-jnkm |          1.049 |      1.038 |      0.704 
   ijkl-imln-njmk |          1.067 |      1.053 |      0.718 
   ijkl-imnj-nlkm |          1.065 |      1.041 |      0.724 
   ijkl-imnk-njml |          1.070 |      1.057 |      0.720 
   ijkl-minj-nlmk |          1.081 |      1.054 |      0.738 
   ijkl-mink-jnlm |          1.061 |      1.044 |      0.713 
   ijkl-minl-njmk |          1.083 |      1.065 |      0.734 
     aqrs-pa-pqrs |          1.403 |      1.365 |      1.141 
     abrs-qb-aqrs |          1.375 |      1.274 |      0.892 
     abcs-rc-abrs |          1.659 |      1.035 |      0.875 
       abj-bka-kj |          1.809 |      1.736 |      1.312 
       ajb-kba-jk |          1.215 |      1.166 |      0.820 
     abjc-cbka-kj |          2.539 |      2.064 |      1.881 
     ajbc-ckba-jk |          2.319 |      2.238 |      1.929 
     abjc-kbac-jk |          1.640 |      1.333 |      1.074 
   abjcd-dkbac-jk |          2.384 |      1.905 |      1.874 
   adbjc-cbdka-kj |          2.281 |      2.152 |      2.014 
   ajbdc-ckbad-jk |          2.511 |      2.281 |      2.093 
 abcijk-ijma-mkbc |          1.588 |      1.917 |      1.306 
 abcijk-ijmb-mkac |          1.640 |      2.271 |      1.665 
 abcijk-ijmc-mkab |          1.626 |      1.412 |      1.133 
 abcijk-ikma-mjbc |          1.585 |      1.923 |      1.302 
 abcijk-ikmb-mjac |          1.654 |      2.286 |      1.682 
 abcijk-ikmc-mjab |          1.585 |      1.380 |      1.104 
 abcijk-jkma-mibc |          1.664 |      2.090 |      1.404 
 abcijk-jkmb-miac |          2.314 |      3.467 |      2.479 
 abcijk-jkmc-miab |          1.600 |      1.367 |      1.105 
 abcijk-eiab-jkec |          1.612 |      1.379 |      1.123 
 abcijk-eiac-jkeb |          2.321 |      3.487 |      2.504 
 abcijk-eibc-jkea |          1.663 |      2.088 |      1.410 
 abcijk-ejab-ikec |          1.600 |      1.388 |      1.107 
 abcijk-ejac-ikeb |          1.646 |      2.279 |      1.677 
 abcijk-ejbc-ikea |          1.586 |      1.905 |      1.305 
 abcijk-ekab-ijec |          1.643 |      1.429 |      1.141 
 abcijk-ekac-ijeb |          1.643 |      2.269 |      1.663 
 abcijk-ekbc-ijea |          1.594 |      1.917 |      1.298 
       abc-bk-akc |          1.165 |      1.115 |      0.757 
             MEAN |          1.527 |      1.575 |      1.179 

wrote bench-results/worker6194-icelake/phase4g/sm-s64-t1-f32c32.csv
