host        : worker6194
target      : x86_64 / linux
cpu features: avx2 fma avx512f avx512dq 
caches      : L1=48KiB/12-way/1sh L2=1280KiB/20-way/1sh L3=49152KiB/12-way/32sh (via sysfs), blocking=legacy
l3 domains  : t1=1 t4=1 t8=1
baselines   : tblis=false blas=false

sweeping 49 cases at 64 MiB nominal tensor size, 3 reps, stress=none


=== f32 ===
             case |      m |      n |     k | regA | regB | planar GF/s | 1m GF/s | 3m GF/s 
------------------+--------+--------+-------+------+------+-------------+---------+---------
         ij-ik-kj |   2904 |   2896 |  2904 | 1.00 | 1.00 |       626.3 |   626.3 |   626.3 
       ij-ikl-ljk |    216 |    204 | 44064 | 1.00 | 1.00 |       164.9 |   164.9 |   164.9 
       ij-kil-lkj |    216 |    204 | 46656 | 1.00 | 1.00 |       206.4 |   206.4 |   206.4 
       ijk-ikl-lj |  44064 |    204 |   216 | 1.00 | 1.00 |       550.0 |   550.0 |   550.0 
       ijk-il-jlk |    216 |  44064 |   204 | 1.00 | 1.00 |       276.7 |   276.7 |   276.7 
       ijk-ilk-jl |  44064 |    216 |   204 | 0.89 | 1.00 |       577.1 |   577.1 |   577.1 
       ijk-ilk-lj |  44064 |    204 |   216 | 0.89 | 1.00 |       571.4 |   571.4 |   571.4 
     ijk-ilmk-mjl |   3744 |     52 |  3744 | 0.67 | 1.00 |       360.3 |   360.3 |   360.3 
   ijkl-imjn-lnkm |   3744 |   3744 |  2704 | 0.67 | 0.92 |       611.5 |   611.5 |   611.5 
   ijkl-imjn-nlmk |   3744 |   2704 |  3744 | 0.67 | 0.92 |       620.3 |   620.3 |   620.3 
   ijkl-imkn-jnlm |   3744 |   3744 |  2704 | 0.67 | 1.00 |       640.2 |   640.2 |   640.2 
   ijkl-imkn-njml |   3744 |   2704 |  3744 | 0.67 | 0.92 |       621.0 |   621.0 |   621.0 
   ijkl-imln-jnkm |   3744 |   3744 |  2704 | 0.67 | 1.00 |       641.2 |   641.2 |   641.2 
   ijkl-imln-njmk |   3744 |   2704 |  3744 | 0.67 | 0.92 |       622.4 |   622.4 |   622.4 
   ijkl-imnj-nlkm |   3744 |   2704 |  3744 | 0.67 | 0.92 |       620.7 |   620.7 |   620.7 
   ijkl-imnk-njml |   3744 |   2704 |  3744 | 0.67 | 0.92 |       620.3 |   620.3 |   620.3 
   ijkl-minj-nlmk |   3744 |   2704 |  5184 | 0.67 | 0.92 |       604.5 |   604.5 |   604.5 
   ijkl-mink-jnlm |   3744 |   3744 |  3744 | 0.67 | 1.00 |       639.1 |   639.1 |   639.1 
   ijkl-minl-njmk |   3744 |   2704 |  5184 | 0.67 | 0.92 |       607.1 |   607.1 |   607.1 
     aqrs-pa-pqrs |     72 | 140608 |    72 | 1.00 | 1.00 |       209.3 |   209.3 |   209.3 
     abrs-qb-aqrs |     52 | 194688 |    72 | 0.67 | 1.00 |       303.4 |   303.4 |   303.4 
     abcs-rc-abrs |     52 | 194688 |    72 | 1.00 | 1.00 |       305.0 |   305.0 |   305.0 
       abj-bka-kj |  46656 |    204 |   216 | 0.89 | 1.00 |       274.3 |   274.3 |   274.3 
       ajb-kba-jk |  44064 |    216 |   216 | 0.89 | 1.00 |       553.1 |   553.1 |   553.1 
     abjc-cbka-kj | 269568 |     52 |    72 | 0.67 | 1.00 |        53.9 |    53.9 |    53.9 
     ajbc-ckba-jk | 269568 |     72 |    52 | 0.67 | 1.00 |        84.7 |    84.7 |    84.7 
     abjc-kbac-jk | 194688 |     72 |    72 | 0.67 | 1.00 |       264.0 |   264.0 |   264.0 
   abjcd-dkbac-jk | 331776 |     24 |    24 | 0.00 | 1.00 |        43.8 |    43.8 |    43.8 
   adbjc-cbdka-kj | 331776 |     24 |    24 | 0.00 | 1.00 |        41.8 |    41.8 |    41.8 
   ajbdc-ckbad-jk | 331776 |     24 |    24 | 0.00 | 1.00 |        38.2 |    38.2 |    38.2 
 abcijk-ijma-mkbc |   9216 |   4096 |    24 | 0.00 | 1.00 |       250.0 |   250.0 |   250.0 
 abcijk-ijmb-mkac |   6144 |   6144 |    24 | 0.00 | 1.00 |       189.1 |   189.1 |   189.1 
 abcijk-ijmc-mkab |   6144 |   6144 |    24 | 1.00 | 1.00 |       270.9 |   270.9 |   270.9 
 abcijk-ikma-mjbc |   9216 |   4096 |    24 | 0.00 | 1.00 |       251.1 |   251.1 |   251.1 
 abcijk-ikmb-mjac |   6144 |   6144 |    24 | 0.00 | 1.00 |       188.9 |   188.9 |   188.9 
 abcijk-ikmc-mjab |   6144 |   6144 |    24 | 1.00 | 1.00 |       276.4 |   276.4 |   276.4 
 abcijk-jkma-mibc |   9216 |   4096 |    24 | 0.00 | 1.00 |       231.3 |   231.3 |   231.3 
 abcijk-jkmb-miac |   6144 |   6144 |    24 | 0.00 | 1.00 |       126.8 |   126.8 |   126.8 
 abcijk-jkmc-miab |   6144 |   6144 |    24 | 1.00 | 1.00 |       270.0 |   270.0 |   270.0 
 abcijk-eiab-jkec |   6144 |   6144 |    24 | 1.00 | 1.00 |       273.9 |   273.9 |   273.9 
 abcijk-eiac-jkeb |   6144 |   6144 |    24 | 0.00 | 1.00 |       125.9 |   125.9 |   125.9 
 abcijk-eibc-jkea |   4096 |   9216 |    24 | 0.00 | 1.00 |       231.9 |   231.9 |   231.9 
 abcijk-ejab-ikec |   6144 |   6144 |    24 | 1.00 | 1.00 |       274.7 |   274.7 |   274.7 
 abcijk-ejac-ikeb |   6144 |   6144 |    24 | 0.00 | 1.00 |       187.7 |   187.7 |   187.7 
 abcijk-ejbc-ikea |   4096 |   9216 |    24 | 0.00 | 1.00 |       250.5 |   250.5 |   250.5 
 abcijk-ekab-ijec |   6144 |   6144 |    24 | 1.00 | 1.00 |       274.5 |   274.5 |   274.5 
 abcijk-ekac-ijeb |   6144 |   6144 |    24 | 0.00 | 1.00 |       189.1 |   189.1 |   189.1 
 abcijk-ekbc-ijea |   4096 |   9216 |    24 | 0.00 | 1.00 |       249.5 |   249.5 |   249.5 
       abc-bk-akc |    216 |  44064 |   204 | 0.89 | 1.00 |       577.4 |   577.4 |   577.4 

=== c32 ===
             case |      m |      n |     k | regA | regB | planar GF/s | 1m GF/s | 3m GF/s 
------------------+--------+--------+-------+------+------+-------------+---------+---------
         ij-ik-kj |   2904 |   2896 |  2904 | 1.00 | 1.00 |       688.0 |   668.8 |   464.4 
       ij-ikl-ljk |    216 |    204 | 44064 | 1.00 | 1.00 |       246.6 |   233.9 |   209.5 
       ij-kil-lkj |    216 |    204 | 46656 | 1.00 | 1.00 |       241.6 |   223.2 |   194.8 
       ijk-ikl-lj |  44064 |    204 |   216 | 1.00 | 1.00 |       671.2 |   627.0 |   431.9 
       ijk-il-jlk |    216 |  44064 |   204 | 1.00 | 1.00 |       434.2 |   425.1 |   286.9 
       ijk-ilk-jl |  44064 |    216 |   204 | 0.89 | 1.00 |       687.2 |   658.9 |   450.4 
       ijk-ilk-lj |  44064 |    204 |   216 | 0.89 | 1.00 |       684.8 |   654.7 |   444.2 
     ijk-ilmk-mjl |   3744 |     52 |  3744 | 0.67 | 1.00 |       465.4 |   430.3 |   293.2 
   ijkl-imjn-lnkm |   3744 |   3744 |  2704 | 0.67 | 0.92 |       658.6 |   647.8 |   459.3 
   ijkl-imjn-nlmk |   3744 |   2704 |  3744 | 0.67 | 0.92 |       686.1 |   673.8 |   472.1 
   ijkl-imkn-jnlm |   3744 |   3744 |  2704 | 0.67 | 1.00 |       688.5 |   676.4 |   465.8 
   ijkl-imkn-njml |   3744 |   2704 |  3744 | 0.67 | 0.92 |       692.6 |   682.0 |   471.3 
   ijkl-imln-jnkm |   3744 |   3744 |  2704 | 0.67 | 1.00 |       685.7 |   679.1 |   465.4 
   ijkl-imln-njmk |   3744 |   2704 |  3744 | 0.67 | 0.92 |       690.9 |   681.7 |   470.9 
   ijkl-imnj-nlkm |   3744 |   2704 |  3744 | 0.67 | 0.92 |       684.6 |   672.4 |   471.7 
   ijkl-imnk-njml |   3744 |   2704 |  3744 | 0.67 | 0.92 |       689.4 |   682.8 |   471.0 
   ijkl-minj-nlmk |   3744 |   2704 |  5184 | 0.67 | 0.92 |       675.1 |   664.3 |   467.1 
   ijkl-mink-jnlm |   3744 |   3744 |  3744 | 0.67 | 1.00 |       692.4 |   684.5 |   472.0 
   ijkl-minl-njmk |   3744 |   2704 |  5184 | 0.67 | 0.92 |       685.4 |   674.5 |   470.0 
     aqrs-pa-pqrs |     72 | 140608 |    72 | 1.00 | 1.00 |       355.6 |   348.2 |   194.6 
     abrs-qb-aqrs |     52 | 194688 |    72 | 0.67 | 1.00 |       436.1 |   408.0 |   291.2 
     abcs-rc-abrs |     52 | 194688 |    72 | 1.00 | 1.00 |       523.1 |   326.4 |   285.5 
       abj-bka-kj |  46656 |    204 |   216 | 0.89 | 1.00 |       516.3 |   487.7 |   379.0 
       ajb-kba-jk |  44064 |    216 |   216 | 0.89 | 1.00 |       686.2 |   662.2 |   467.1 
     abjc-cbka-kj | 269568 |     52 |    72 | 0.67 | 1.00 |       151.6 |   113.0 |   115.0 
     ajbc-ckba-jk | 269568 |     72 |    52 | 0.67 | 1.00 |       196.6 |   155.1 |   157.2 
     abjc-kbac-jk | 194688 |     72 |    72 | 0.67 | 1.00 |       450.5 |   370.8 |   303.8 
   abjcd-dkbac-jk | 331776 |     24 |    24 | 0.00 | 1.00 |        91.1 |    76.8 |    73.9 
   adbjc-cbdka-kj | 331776 |     24 |    24 | 0.00 | 1.00 |        76.9 |    64.1 |    67.5 
   ajbdc-ckbad-jk | 331776 |     24 |    24 | 0.00 | 1.00 |        85.8 |    76.1 |    72.2 
 abcijk-ijma-mkbc |   9216 |   4096 |    24 | 0.00 | 0.99 |       402.0 |   474.3 |   332.7 
 abcijk-ijmb-mkac |   6144 |   6144 |    24 | 0.00 | 1.00 |       297.0 |   390.6 |   312.8 
 abcijk-ijmc-mkab |   6144 |   6144 |    24 | 1.00 | 0.75 |       451.6 |   385.9 |   325.0 
 abcijk-ikma-mjbc |   9216 |   4096 |    24 | 0.00 | 0.99 |       401.9 |   475.9 |   333.2 
 abcijk-ikmb-mjac |   6144 |   6144 |    24 | 0.00 | 1.00 |       311.8 |   411.4 |   311.8 
 abcijk-ikmc-mjab |   6144 |   6144 |    24 | 1.00 | 0.75 |       454.9 |   389.0 |   325.5 
 abcijk-jkma-mibc |   9216 |   4096 |    24 | 0.00 | 0.99 |       378.3 |   457.3 |   330.4 
 abcijk-jkmb-miac |   6144 |   6144 |    24 | 0.00 | 1.00 |       286.0 |   426.1 |   310.3 
 abcijk-jkmc-miab |   6144 |   6144 |    24 | 1.00 | 0.75 |       434.0 |   370.2 |   320.0 
 abcijk-eiab-jkec |   6144 |   6144 |    24 | 1.00 | 0.75 |       431.1 |   387.0 |   319.5 
 abcijk-eiac-jkeb |   6144 |   6144 |    24 | 0.00 | 1.00 |       278.6 |   426.3 |   309.8 
 abcijk-eibc-jkea |   4096 |   9216 |    24 | 0.00 | 0.99 |       374.2 |   465.8 |   330.5 
 abcijk-ejab-ikec |   6144 |   6144 |    24 | 1.00 | 0.75 |       455.5 |   375.8 |   323.8 
 abcijk-ejac-ikeb |   6144 |   6144 |    24 | 0.00 | 1.00 |       311.4 |   386.1 |   312.8 
 abcijk-ejbc-ikea |   4096 |   9216 |    24 | 0.00 | 0.99 |       403.1 |   452.5 |   332.0 
 abcijk-ekab-ijec |   6144 |   6144 |    24 | 1.00 | 0.75 |       454.8 |   374.7 |   324.0 
 abcijk-ekac-ijeb |   6144 |   6144 |    24 | 0.00 | 1.00 |       311.3 |   386.1 |   310.9 
 abcijk-ekbc-ijea |   4096 |   9216 |    24 | 0.00 | 0.99 |       403.4 |   476.9 |   331.8 
       abc-bk-akc |    216 |  44064 |   204 | 0.89 | 1.00 |       687.8 |   658.6 |   449.2 

=== complex efficiency ratio (c32 GF/s over f32 GF/s; 1.0 = no penalty) ===
             case | planar c32/f32 | 1m c32/f32 | 3m c32/f32 
------------------+----------------+------------+------------
         ij-ik-kj |          1.098 |      1.068 |      0.741 
       ij-ikl-ljk |          1.496 |      1.419 |      1.271 
       ij-kil-lkj |          1.170 |      1.081 |      0.944 
       ijk-ikl-lj |          1.220 |      1.140 |      0.785 
       ijk-il-jlk |          1.569 |      1.536 |      1.037 
       ijk-ilk-jl |          1.191 |      1.142 |      0.780 
       ijk-ilk-lj |          1.199 |      1.146 |      0.777 
     ijk-ilmk-mjl |          1.292 |      1.194 |      0.814 
   ijkl-imjn-lnkm |          1.077 |      1.059 |      0.751 
   ijkl-imjn-nlmk |          1.106 |      1.086 |      0.761 
   ijkl-imkn-jnlm |          1.075 |      1.057 |      0.728 
   ijkl-imkn-njml |          1.115 |      1.098 |      0.759 
   ijkl-imln-jnkm |          1.069 |      1.059 |      0.726 
   ijkl-imln-njmk |          1.110 |      1.095 |      0.757 
   ijkl-imnj-nlkm |          1.103 |      1.083 |      0.760 
   ijkl-imnk-njml |          1.111 |      1.101 |      0.759 
   ijkl-minj-nlmk |          1.117 |      1.099 |      0.773 
   ijkl-mink-jnlm |          1.083 |      1.071 |      0.738 
   ijkl-minl-njmk |          1.129 |      1.111 |      0.774 
     aqrs-pa-pqrs |          1.699 |      1.664 |      0.930 
     abrs-qb-aqrs |          1.438 |      1.345 |      0.960 
     abcs-rc-abrs |          1.715 |      1.070 |      0.936 
       abj-bka-kj |          1.882 |      1.778 |      1.382 
       ajb-kba-jk |          1.241 |      1.197 |      0.844 
     abjc-cbka-kj |          2.813 |      2.097 |      2.134 
     ajbc-ckba-jk |          2.323 |      1.832 |      1.857 
     abjc-kbac-jk |          1.706 |      1.405 |      1.151 
   abjcd-dkbac-jk |          2.080 |      1.753 |      1.688 
   adbjc-cbdka-kj |          1.839 |      1.534 |      1.615 
   ajbdc-ckbad-jk |          2.243 |      1.991 |      1.890 
 abcijk-ijma-mkbc |          1.608 |      1.898 |      1.331 
 abcijk-ijmb-mkac |          1.571 |      2.066 |      1.655 
 abcijk-ijmc-mkab |          1.667 |      1.425 |      1.200 
 abcijk-ikma-mjbc |          1.601 |      1.895 |      1.327 
 abcijk-ikmb-mjac |          1.651 |      2.178 |      1.651 
 abcijk-ikmc-mjab |          1.646 |      1.408 |      1.178 
 abcijk-jkma-mibc |          1.635 |      1.977 |      1.428 
 abcijk-jkmb-miac |          2.255 |      3.360 |      2.446 
 abcijk-jkmc-miab |          1.608 |      1.371 |      1.185 
 abcijk-eiab-jkec |          1.573 |      1.413 |      1.166 
 abcijk-eiac-jkeb |          2.213 |      3.386 |      2.460 
 abcijk-eibc-jkea |          1.614 |      2.009 |      1.425 
 abcijk-ejab-ikec |          1.658 |      1.368 |      1.179 
 abcijk-ejac-ikeb |          1.659 |      2.057 |      1.667 
 abcijk-ejbc-ikea |          1.609 |      1.807 |      1.326 
 abcijk-ekab-ijec |          1.657 |      1.365 |      1.180 
 abcijk-ekac-ijeb |          1.646 |      2.042 |      1.644 
 abcijk-ekbc-ijea |          1.617 |      1.911 |      1.330 
       abc-bk-akc |          1.191 |      1.141 |      0.778 
             MEAN |          1.530 |      1.538 |      1.191 

wrote bench-results/worker6194-icelake/phase4g/sm-s64-t4-f32c32.csv
