host        : worker6194
target      : x86_64 / linux
cpu features: avx2 fma avx512f avx512dq 
caches      : L1=48KiB/12-way/1sh L2=1280KiB/20-way/1sh L3=49152KiB/12-way/32sh (via sysfs), blocking=legacy
l3 domains  : t1=1 t4=1
baselines   : tblis=false blas=false

sweeping 49 cases at 1 MiB nominal tensor size, 24 reps, stress=none


=== f64 ===
             case |     m |    n |    k | regA | regB | planar GF/s | 1m GF/s | 3m GF/s 
------------------+-------+------+------+------+------+-------------+---------+---------
         ij-ik-kj |   384 |  364 |  384 | 1.00 | 1.00 |       121.1 |   121.1 |   121.1 
       ij-ikl-ljk |    72 |   52 | 3744 | 1.00 | 1.00 |        45.2 |    45.2 |    45.2 
       ij-kil-lkj |    72 |   52 | 5184 | 1.00 | 1.00 |        44.9 |    44.9 |    44.9 
       ijk-ikl-lj |  3744 |   52 |   72 | 1.00 | 1.00 |        91.1 |    91.1 |    91.1 
       ijk-il-jlk |    72 | 3744 |   52 | 1.00 | 1.00 |        66.2 |    66.2 |    66.2 
       ijk-ilk-jl |  3744 |   72 |   52 | 1.00 | 1.00 |       100.5 |   100.5 |   100.5 
       ijk-ilk-lj |  3744 |   52 |   72 | 1.00 | 1.00 |        96.7 |    96.7 |    96.7 
     ijk-ilmk-mjl |   480 |   20 |  480 | 1.00 | 1.00 |        54.9 |    54.9 |    54.9 
   ijkl-imjn-lnkm |   480 |  480 |  400 | 1.00 | 0.80 |       123.3 |   123.3 |   123.3 
   ijkl-imjn-nlmk |   480 |  400 |  480 | 1.00 | 0.80 |       122.9 |   122.9 |   122.9 
   ijkl-imkn-jnlm |   480 |  480 |  400 | 1.00 | 1.00 |       133.1 |   133.1 |   133.1 
   ijkl-imkn-njml |   480 |  400 |  480 | 1.00 | 0.80 |       126.8 |   126.8 |   126.8 
   ijkl-imln-jnkm |   480 |  480 |  400 | 1.00 | 1.00 |       134.1 |   134.1 |   134.1 
   ijkl-imln-njmk |   480 |  400 |  480 | 1.00 | 0.80 |       128.7 |   128.7 |   128.7 
   ijkl-imnj-nlkm |   480 |  400 |  480 | 1.00 | 0.80 |       124.1 |   124.1 |   124.1 
   ijkl-imnk-njml |   480 |  400 |  480 | 1.00 | 0.80 |       126.2 |   126.2 |   126.2 
   ijkl-minj-nlmk |   480 |  400 |  576 | 1.00 | 0.80 |       122.2 |   122.2 |   122.2 
   ijkl-mink-jnlm |   480 |  480 |  480 | 1.00 | 1.00 |       128.7 |   128.7 |   128.7 
   ijkl-minl-njmk |   480 |  400 |  576 | 1.00 | 0.80 |       126.3 |   126.3 |   126.3 
     aqrs-pa-pqrs |    24 | 8000 |   24 | 1.00 | 1.00 |        45.9 |    45.9 |    45.9 
     abrs-qb-aqrs |    20 | 9600 |   24 | 1.00 | 1.00 |        47.9 |    47.9 |    47.9 
     abcs-rc-abrs |    20 | 9600 |   24 | 1.00 | 1.00 |        45.9 |    45.9 |    45.9 
       abj-bka-kj |  5184 |   52 |   72 | 1.00 | 1.00 |        81.9 |    81.9 |    81.9 
       ajb-kba-jk |  3744 |   72 |   72 | 1.00 | 1.00 |       109.2 |   109.2 |   109.2 
     abjc-cbka-kj | 11520 |   20 |   24 | 1.00 | 1.00 |        31.4 |    31.4 |    31.4 
     ajbc-ckba-jk | 11520 |   24 |   20 | 1.00 | 1.00 |        33.8 |    33.8 |    33.8 
     abjc-kbac-jk |  9600 |   24 |   24 | 1.00 | 1.00 |        49.1 |    49.1 |    49.1 
   abjcd-dkbac-jk | 82944 |   24 |   12 | 1.00 | 1.00 |        19.4 |    19.4 |    19.4 
   adbjc-cbdka-kj | 82944 |   12 |   24 | 1.00 | 1.00 |        11.7 |    11.7 |    11.7 
   ajbdc-ckbad-jk | 82944 |   24 |   12 | 1.00 | 1.00 |        19.7 |    19.7 |    19.7 
 abcijk-ijma-mkbc |  4608 |  512 |   24 | 1.00 | 1.00 |       102.5 |   102.5 |   102.5 
 abcijk-ijmb-mkac |  1536 | 1536 |   24 | 1.00 | 1.00 |       106.5 |   106.5 |   106.5 
 abcijk-ijmc-mkab |  1536 | 1536 |   24 | 1.00 | 1.00 |       102.6 |   102.6 |   102.6 
 abcijk-ikma-mjbc |  4608 |  512 |   24 | 1.00 | 1.00 |       102.4 |   102.4 |   102.4 
 abcijk-ikmb-mjac |  1536 | 1536 |   24 | 1.00 | 1.00 |       106.3 |   106.3 |   106.3 
 abcijk-ikmc-mjab |  1536 | 1536 |   24 | 1.00 | 1.00 |       102.6 |   102.6 |   102.6 
 abcijk-jkma-mibc |  4608 |  512 |   24 | 1.00 | 1.00 |       103.1 |   103.1 |   103.1 
 abcijk-jkmb-miac |  1536 | 1536 |   24 | 1.00 | 1.00 |       106.3 |   106.3 |   106.3 
 abcijk-jkmc-miab |  1536 | 1536 |   24 | 1.00 | 1.00 |       102.8 |   102.8 |   102.8 
 abcijk-eiab-jkec |  1536 | 1536 |   24 | 1.00 | 1.00 |       102.7 |   102.7 |   102.7 
 abcijk-eiac-jkeb |  1536 | 1536 |   24 | 1.00 | 1.00 |       106.4 |   106.4 |   106.4 
 abcijk-eibc-jkea |   512 | 4608 |   24 | 1.00 | 1.00 |       102.6 |   102.6 |   102.6 
 abcijk-ejab-ikec |  1536 | 1536 |   24 | 1.00 | 1.00 |       102.5 |   102.5 |   102.5 
 abcijk-ejac-ikeb |  1536 | 1536 |   24 | 1.00 | 1.00 |       106.1 |   106.1 |   106.1 
 abcijk-ejbc-ikea |   512 | 4608 |   24 | 1.00 | 1.00 |       102.8 |   102.8 |   102.8 
 abcijk-ekab-ijec |  1536 | 1536 |   24 | 1.00 | 1.00 |       102.9 |   102.9 |   102.9 
 abcijk-ekac-ijeb |  1536 | 1536 |   24 | 1.00 | 1.00 |       106.3 |   106.3 |   106.3 
 abcijk-ekbc-ijea |   512 | 4608 |   24 | 1.00 | 1.00 |       102.9 |   102.9 |   102.9 
       abc-bk-akc |    72 | 3744 |   52 | 1.00 | 1.00 |        94.7 |    94.7 |    94.7 

=== c64 ===
             case |     m |    n |    k | regA | regB | planar GF/s | 1m GF/s | 3m GF/s 
------------------+-------+------+------+------+------+-------------+---------+---------
         ij-ik-kj |   384 |  364 |  384 | 1.00 | 1.00 |       166.2 |   136.9 |   108.0 
       ij-ikl-ljk |    72 |   52 | 3744 | 1.00 | 1.00 |        83.4 |    76.3 |    56.2 
       ij-kil-lkj |    72 |   52 | 5184 | 1.00 | 1.00 |        80.9 |    74.3 |    55.6 
       ijk-ikl-lj |  3744 |   52 |   72 | 1.00 | 1.00 |       141.9 |   127.7 |    88.4 
       ijk-il-jlk |    72 | 3744 |   52 | 1.00 | 1.00 |        99.0 |   114.6 |    76.4 
       ijk-ilk-jl |  3744 |   72 |   52 | 0.89 | 1.00 |       142.6 |   137.0 |    92.1 
       ijk-ilk-lj |  3744 |   52 |   72 | 0.89 | 1.00 |       139.9 |   126.9 |    88.5 
     ijk-ilmk-mjl |   480 |   20 |  480 | 0.67 | 1.00 |        87.0 |    75.7 |    65.0 
   ijkl-imjn-lnkm |   480 |  480 |  400 | 0.67 | 0.80 |       172.8 |   142.0 |   112.6 
   ijkl-imjn-nlmk |   480 |  400 |  480 | 0.67 | 0.81 |       173.4 |   144.1 |   113.7 
   ijkl-imkn-jnlm |   480 |  480 |  400 | 0.67 | 1.00 |       174.9 |   144.9 |   114.6 
   ijkl-imkn-njml |   480 |  400 |  480 | 0.67 | 0.81 |       175.2 |   146.1 |   114.7 
   ijkl-imln-jnkm |   480 |  480 |  400 | 0.67 | 1.00 |       175.3 |   145.3 |   114.9 
   ijkl-imln-njmk |   480 |  400 |  480 | 0.67 | 0.81 |       176.0 |   146.5 |   114.9 
   ijkl-imnj-nlkm |   480 |  400 |  480 | 0.67 | 0.81 |       173.5 |   143.1 |   113.8 
   ijkl-imnk-njml |   480 |  400 |  480 | 0.67 | 0.81 |       175.5 |   145.2 |   114.9 
   ijkl-minj-nlmk |   480 |  400 |  576 | 0.67 | 0.81 |       165.7 |   139.3 |   111.4 
   ijkl-mink-jnlm |   480 |  480 |  480 | 0.67 | 1.00 |       178.8 |   147.6 |   116.5 
   ijkl-minl-njmk |   480 |  400 |  576 | 0.67 | 0.81 |       167.7 |   141.6 |   112.2 
     aqrs-pa-pqrs |    24 | 8000 |   24 | 1.00 | 1.00 |        55.8 |    55.8 |    39.3 
     abrs-qb-aqrs |    20 | 9600 |   24 | 1.00 | 1.00 |        85.8 |    74.9 |    60.4 
     abcs-rc-abrs |    20 | 9600 |   24 | 1.00 | 1.00 |        80.3 |    75.2 |    60.2 
       abj-bka-kj |  5184 |   52 |   72 | 0.89 | 1.00 |       124.4 |   107.3 |    81.4 
       ajb-kba-jk |  3744 |   72 |   72 | 0.89 | 1.00 |       148.3 |   135.5 |    95.1 
     abjc-cbka-kj | 11520 |   20 |   24 | 0.67 | 1.00 |        53.2 |    50.2 |    47.1 
     ajbc-ckba-jk | 11520 |   24 |   20 | 1.00 | 1.00 |        62.2 |    53.4 |    44.0 
     abjc-kbac-jk |  9600 |   24 |   24 | 0.67 | 1.00 |        88.1 |    83.6 |    58.0 
   abjcd-dkbac-jk | 82944 |   24 |   12 | 0.67 | 1.00 |        44.0 |    40.6 |    35.8 
   adbjc-cbdka-kj | 82944 |   12 |   24 | 0.67 | 1.00 |        33.2 |    28.8 |    25.8 
   ajbdc-ckbad-jk | 82944 |   24 |   12 | 1.00 | 1.00 |        48.5 |    43.8 |    36.9 
 abcijk-ijma-mkbc |  4608 |  512 |   24 | 1.00 | 0.97 |       132.8 |   134.3 |    95.1 
 abcijk-ijmb-mkac |  1536 | 1536 |   24 | 1.00 | 0.75 |       132.5 |   134.8 |    95.8 
 abcijk-ijmc-mkab |  1536 | 1536 |   24 | 1.00 | 0.50 |       133.3 |   132.6 |    95.5 
 abcijk-ikma-mjbc |  4608 |  512 |   24 | 1.00 | 0.97 |       133.6 |   134.1 |    95.0 
 abcijk-ikmb-mjac |  1536 | 1536 |   24 | 1.00 | 0.75 |       132.8 |   135.2 |    95.8 
 abcijk-ikmc-mjab |  1536 | 1536 |   24 | 1.00 | 0.50 |       134.1 |   132.8 |    95.6 
 abcijk-jkma-mibc |  4608 |  512 |   24 | 1.00 | 0.97 |       133.3 |   134.8 |    95.1 
 abcijk-jkmb-miac |  1536 | 1536 |   24 | 1.00 | 0.75 |       133.1 |   136.4 |    95.9 
 abcijk-jkmc-miab |  1536 | 1536 |   24 | 1.00 | 0.50 |       133.7 |   133.8 |    95.7 
 abcijk-eiab-jkec |  1536 | 1536 |   24 | 1.00 | 0.50 |       134.2 |   134.0 |    95.6 
 abcijk-eiac-jkeb |  1536 | 1536 |   24 | 1.00 | 0.75 |       133.1 |   136.2 |    95.7 
 abcijk-eibc-jkea |   512 | 4608 |   24 | 1.00 | 0.97 |       133.1 |   134.5 |    95.0 
 abcijk-ejab-ikec |  1536 | 1536 |   24 | 1.00 | 0.50 |       134.3 |   132.9 |    95.6 
 abcijk-ejac-ikeb |  1536 | 1536 |   24 | 1.00 | 0.75 |       133.3 |   135.1 |    95.8 
 abcijk-ejbc-ikea |   512 | 4608 |   24 | 1.00 | 0.97 |       133.6 |   134.3 |    95.2 
 abcijk-ekab-ijec |  1536 | 1536 |   24 | 1.00 | 0.50 |       133.9 |   132.5 |    95.7 
 abcijk-ekac-ijeb |  1536 | 1536 |   24 | 1.00 | 0.75 |       132.3 |   134.4 |    95.6 
 abcijk-ekbc-ijea |   512 | 4608 |   24 | 1.00 | 0.97 |       133.6 |   134.3 |    95.1 
       abc-bk-akc |    72 | 3744 |   52 | 0.89 | 1.00 |       142.2 |   137.7 |    92.3 

=== complex efficiency ratio (c64 GF/s over f64 GF/s; 1.0 = no penalty) ===
             case | planar c64/f64 | 1m c64/f64 | 3m c64/f64 
------------------+----------------+------------+------------
         ij-ik-kj |          1.373 |      1.130 |      0.892 
       ij-ikl-ljk |          1.846 |      1.690 |      1.244 
       ij-kil-lkj |          1.801 |      1.654 |      1.239 
       ijk-ikl-lj |          1.558 |      1.402 |      0.971 
       ijk-il-jlk |          1.494 |      1.731 |      1.153 
       ijk-ilk-jl |          1.419 |      1.363 |      0.917 
       ijk-ilk-lj |          1.447 |      1.312 |      0.915 
     ijk-ilmk-mjl |          1.584 |      1.378 |      1.184 
   ijkl-imjn-lnkm |          1.402 |      1.152 |      0.913 
   ijkl-imjn-nlmk |          1.410 |      1.172 |      0.925 
   ijkl-imkn-jnlm |          1.314 |      1.089 |      0.861 
   ijkl-imkn-njml |          1.381 |      1.152 |      0.905 
   ijkl-imln-jnkm |          1.307 |      1.083 |      0.856 
   ijkl-imln-njmk |          1.367 |      1.138 |      0.893 
   ijkl-imnj-nlkm |          1.398 |      1.153 |      0.916 
   ijkl-imnk-njml |          1.390 |      1.150 |      0.911 
   ijkl-minj-nlmk |          1.356 |      1.140 |      0.911 
   ijkl-mink-jnlm |          1.389 |      1.146 |      0.905 
   ijkl-minl-njmk |          1.328 |      1.121 |      0.889 
     aqrs-pa-pqrs |          1.215 |      1.216 |      0.855 
     abrs-qb-aqrs |          1.793 |      1.565 |      1.262 
     abcs-rc-abrs |          1.750 |      1.639 |      1.313 
       abj-bka-kj |          1.518 |      1.310 |      0.994 
       ajb-kba-jk |          1.358 |      1.241 |      0.871 
     abjc-cbka-kj |          1.696 |      1.601 |      1.501 
     ajbc-ckba-jk |          1.843 |      1.582 |      1.305 
     abjc-kbac-jk |          1.796 |      1.704 |      1.182 
   abjcd-dkbac-jk |          2.270 |      2.096 |      1.849 
   adbjc-cbdka-kj |          2.846 |      2.471 |      2.215 
   ajbdc-ckbad-jk |          2.460 |      2.218 |      1.868 
 abcijk-ijma-mkbc |          1.295 |      1.310 |      0.928 
 abcijk-ijmb-mkac |          1.245 |      1.267 |      0.900 
 abcijk-ijmc-mkab |          1.299 |      1.293 |      0.932 
 abcijk-ikma-mjbc |          1.305 |      1.310 |      0.928 
 abcijk-ikmb-mjac |          1.249 |      1.272 |      0.901 
 abcijk-ikmc-mjab |          1.307 |      1.294 |      0.932 
 abcijk-jkma-mibc |          1.292 |      1.308 |      0.922 
 abcijk-jkmb-miac |          1.251 |      1.282 |      0.901 
 abcijk-jkmc-miab |          1.300 |      1.301 |      0.931 
 abcijk-eiab-jkec |          1.307 |      1.306 |      0.931 
 abcijk-eiac-jkeb |          1.251 |      1.280 |      0.900 
 abcijk-eibc-jkea |          1.297 |      1.310 |      0.925 
 abcijk-ejab-ikec |          1.310 |      1.297 |      0.933 
 abcijk-ejac-ikeb |          1.256 |      1.273 |      0.903 
 abcijk-ejbc-ikea |          1.300 |      1.307 |      0.926 
 abcijk-ekab-ijec |          1.302 |      1.289 |      0.930 
 abcijk-ekac-ijeb |          1.244 |      1.264 |      0.899 
 abcijk-ekbc-ijea |          1.298 |      1.305 |      0.924 
       abc-bk-akc |          1.501 |      1.454 |      0.974 
             MEAN |          1.484 |      1.378 |      1.044 

wrote bench-results/worker6194-icelake/phase4g/sm-s1-t2-f64c64.csv
