host        : worker6194
target      : x86_64 / linux
cpu features: avx2 fma avx512f avx512dq 
caches      : L1=48KiB/12-way/1sh L2=1280KiB/20-way/1sh L3=49152KiB/12-way/32sh (via sysfs), blocking=legacy
l3 domains  : t1=1 t4=1
baselines   : tblis=false blas=false

sweeping 49 cases at 16 MiB nominal tensor size, 3 reps, stress=none


=== f32 ===
             case |      m |     n |     k | regA | regB | planar GF/s | 1m GF/s | 3m GF/s 
------------------+--------+-------+-------+------+------+-------------+---------+---------
         ij-ik-kj |   1464 |  1448 |  1464 | 1.00 | 1.00 |       316.9 |   316.9 |   316.9 
       ij-ikl-ljk |    144 |   128 | 18432 | 1.00 | 1.00 |       135.6 |   135.6 |   135.6 
       ij-kil-lkj |    144 |   128 | 20736 | 1.00 | 1.00 |       130.7 |   130.7 |   130.7 
       ijk-ikl-lj |  18432 |   128 |   144 | 1.00 | 1.00 |       304.9 |   304.9 |   304.9 
       ijk-il-jlk |    144 | 18432 |   128 | 1.00 | 1.00 |       193.6 |   193.6 |   193.6 
       ijk-ilk-jl |  18432 |   144 |   128 | 1.00 | 1.00 |       309.5 |   309.5 |   309.5 
       ijk-ilk-lj |  18432 |   128 |   144 | 1.00 | 1.00 |       307.4 |   307.4 |   307.4 
     ijk-ilmk-mjl |   1920 |    40 |  1920 | 1.00 | 1.00 |       224.9 |   224.9 |   224.9 
   ijkl-imjn-lnkm |   1920 |  1920 |  1600 | 1.00 | 1.00 |       317.0 |   317.0 |   317.0 
   ijkl-imjn-nlmk |   1920 |  1600 |  1920 | 1.00 | 1.00 |       332.6 |   332.6 |   332.6 
   ijkl-imkn-jnlm |   1920 |  1920 |  1600 | 1.00 | 1.00 |       343.4 |   343.4 |   343.4 
   ijkl-imkn-njml |   1920 |  1600 |  1920 | 1.00 | 1.00 |       345.3 |   345.3 |   345.3 
   ijkl-imln-jnkm |   1920 |  1920 |  1600 | 1.00 | 1.00 |       344.2 |   344.2 |   344.2 
   ijkl-imln-njmk |   1920 |  1600 |  1920 | 1.00 | 1.00 |       345.7 |   345.7 |   345.7 
   ijkl-imnj-nlkm |   1920 |  1600 |  1920 | 1.00 | 1.00 |       332.7 |   332.7 |   332.7 
   ijkl-imnk-njml |   1920 |  1600 |  1920 | 1.00 | 1.00 |       345.1 |   345.1 |   345.1 
   ijkl-minj-nlmk |   1920 |  1600 |  2304 | 1.00 | 1.00 |       327.5 |   327.5 |   327.5 
   ijkl-mink-jnlm |   1920 |  1920 |  1920 | 1.00 | 1.00 |       347.6 |   347.6 |   347.6 
   ijkl-minl-njmk |   1920 |  1600 |  2304 | 1.00 | 1.00 |       339.8 |   339.8 |   339.8 
     aqrs-pa-pqrs |     48 | 64000 |    48 | 1.00 | 1.00 |       140.3 |   140.3 |   140.3 
     abrs-qb-aqrs |     40 | 76800 |    48 | 1.00 | 1.00 |       200.6 |   200.6 |   200.6 
     abcs-rc-abrs |     40 | 76800 |    48 | 1.00 | 1.00 |       191.7 |   191.7 |   191.7 
       abj-bka-kj |  20736 |   128 |   144 | 1.00 | 1.00 |       146.0 |   146.0 |   146.0 
       ajb-kba-jk |  18432 |   144 |   144 | 1.00 | 1.00 |       243.1 |   243.1 |   243.1 
     abjc-cbka-kj |  92160 |    40 |    48 | 1.00 | 1.00 |        40.0 |    40.0 |    40.0 
     ajbc-ckba-jk |  92160 |    48 |    40 | 1.00 | 1.00 |        50.1 |    50.1 |    50.1 
     abjc-kbac-jk |  76800 |    48 |    48 | 1.00 | 1.00 |       171.1 |   171.1 |   171.1 
   abjcd-dkbac-jk | 230400 |    24 |    20 | 0.00 | 1.00 |        27.0 |    27.0 |    27.0 
   adbjc-cbdka-kj | 230400 |    20 |    24 | 0.00 | 1.00 |        20.5 |    20.5 |    20.5 
   ajbdc-ckbad-jk | 230400 |    24 |    20 | 0.00 | 1.00 |        23.5 |    23.5 |    23.5 
 abcijk-ijma-mkbc |   6912 |  1728 |    24 | 0.00 | 1.00 |       135.4 |   135.4 |   135.4 
 abcijk-ijmb-mkac |   3456 |  3456 |    24 | 0.00 | 1.00 |       106.3 |   106.3 |   106.3 
 abcijk-ijmc-mkab |   3456 |  3456 |    24 | 1.00 | 0.67 |       193.8 |   193.8 |   193.8 
 abcijk-ikma-mjbc |   6912 |  1728 |    24 | 0.00 | 1.00 |       133.1 |   133.1 |   133.1 
 abcijk-ikmb-mjac |   3456 |  3456 |    24 | 0.00 | 1.00 |       108.5 |   108.5 |   108.5 
 abcijk-ikmc-mjab |   3456 |  3456 |    24 | 1.00 | 0.67 |       192.9 |   192.9 |   192.9 
 abcijk-jkma-mibc |   6912 |  1728 |    24 | 0.00 | 1.00 |       133.6 |   133.6 |   133.6 
 abcijk-jkmb-miac |   3456 |  3456 |    24 | 0.00 | 1.00 |       109.4 |   109.4 |   109.4 
 abcijk-jkmc-miab |   3456 |  3456 |    24 | 1.00 | 0.67 |       177.0 |   177.0 |   177.0 
 abcijk-eiab-jkec |   3456 |  3456 |    24 | 1.00 | 0.67 |       190.0 |   190.0 |   190.0 
 abcijk-eiac-jkeb |   3456 |  3456 |    24 | 0.00 | 1.00 |       109.0 |   109.0 |   109.0 
 abcijk-eibc-jkea |   1728 |  6912 |    24 | 0.00 | 1.00 |       132.7 |   132.7 |   132.7 
 abcijk-ejab-ikec |   3456 |  3456 |    24 | 1.00 | 0.67 |       193.7 |   193.7 |   193.7 
 abcijk-ejac-ikeb |   3456 |  3456 |    24 | 0.00 | 1.00 |       104.7 |   104.7 |   104.7 
 abcijk-ejbc-ikea |   1728 |  6912 |    24 | 0.00 | 1.00 |       132.8 |   132.8 |   132.8 
 abcijk-ekab-ijec |   3456 |  3456 |    24 | 1.00 | 0.67 |       187.9 |   187.9 |   187.9 
 abcijk-ekac-ijeb |   3456 |  3456 |    24 | 0.00 | 1.00 |       109.0 |   109.0 |   109.0 
 abcijk-ekbc-ijea |   1728 |  6912 |    24 | 0.00 | 1.00 |       130.5 |   130.5 |   130.5 
       abc-bk-akc |    144 | 18432 |   128 | 1.00 | 1.00 |       305.9 |   305.9 |   305.9 

=== c32 ===
             case |      m |     n |     k | regA | regB | planar GF/s | 1m GF/s | 3m GF/s 
------------------+--------+-------+-------+------+------+-------------+---------+---------
         ij-ik-kj |   1464 |  1448 |  1464 | 1.00 | 1.00 |       356.4 |   348.1 |   238.7 
       ij-ikl-ljk |    144 |   128 | 18432 | 1.00 | 1.00 |       167.5 |   157.2 |   133.1 
       ij-kil-lkj |    144 |   128 | 20736 | 1.00 | 1.00 |       177.2 |   169.9 |   133.5 
       ijk-ikl-lj |  18432 |   128 |   144 | 1.00 | 1.00 |       344.1 |   315.4 |   209.2 
       ijk-il-jlk |    144 | 18432 |   128 | 1.00 | 1.00 |       248.3 |   233.3 |   196.5 
       ijk-ilk-jl |  18432 |   144 |   128 | 0.89 | 1.00 |       358.2 |   336.8 |   225.4 
       ijk-ilk-lj |  18432 |   128 |   144 | 0.89 | 1.00 |       347.5 |   325.6 |   223.1 
     ijk-ilmk-mjl |   1920 |    40 |  1920 | 0.67 | 1.00 |       256.1 |   233.4 |   163.8 
   ijkl-imjn-lnkm |   1920 |  1920 |  1600 | 0.67 | 0.90 |       334.6 |   327.3 |   230.2 
   ijkl-imjn-nlmk |   1920 |  1600 |  1920 | 0.67 | 0.90 |       350.8 |   343.5 |   239.2 
   ijkl-imkn-jnlm |   1920 |  1920 |  1600 | 0.67 | 1.00 |       354.7 |   350.5 |   240.5 
   ijkl-imkn-njml |   1920 |  1600 |  1920 | 0.67 | 0.90 |       356.3 |   352.4 |   240.5 
   ijkl-imln-jnkm |   1920 |  1920 |  1600 | 0.67 | 1.00 |       355.4 |   351.5 |   240.6 
   ijkl-imln-njmk |   1920 |  1600 |  1920 | 0.67 | 0.90 |       356.5 |   352.9 |   240.9 
   ijkl-imnj-nlkm |   1920 |  1600 |  1920 | 0.67 | 0.90 |       350.2 |   343.4 |   238.5 
   ijkl-imnk-njml |   1920 |  1600 |  1920 | 0.67 | 0.90 |       356.8 |   352.7 |   240.2 
   ijkl-minj-nlmk |   1920 |  1600 |  2304 | 0.67 | 0.90 |       343.1 |   335.1 |   234.3 
   ijkl-mink-jnlm |   1920 |  1920 |  1920 | 0.67 | 1.00 |       358.9 |   353.7 |   243.9 
   ijkl-minl-njmk |   1920 |  1600 |  2304 | 0.67 | 0.90 |       348.3 |   343.8 |   238.7 
     aqrs-pa-pqrs |     48 | 64000 |    48 | 1.00 | 1.00 |       158.0 |   154.4 |   112.3 
     abrs-qb-aqrs |     40 | 76800 |    48 | 0.67 | 1.00 |       223.1 |   206.2 |   151.1 
     abcs-rc-abrs |     40 | 76800 |    48 | 1.00 | 1.00 |       245.5 |   213.3 |   156.8 
       abj-bka-kj |  20736 |   128 |   144 | 0.89 | 1.00 |       231.2 |   221.8 |   180.7 
       ajb-kba-jk |  18432 |   144 |   144 | 0.89 | 1.00 |       316.7 |   298.6 |   218.4 
     abjc-cbka-kj |  92160 |    40 |    48 | 0.67 | 1.00 |       108.1 |    98.9 |    94.5 
     ajbc-ckba-jk |  92160 |    48 |    40 | 0.67 | 1.00 |       118.8 |   115.5 |   105.7 
     abjc-kbac-jk |  76800 |    48 |    48 | 0.67 | 1.00 |       222.5 |   171.4 |   150.9 
   abjcd-dkbac-jk | 230400 |    24 |    20 | 0.00 | 1.00 |        67.6 |    56.0 |    48.5 
   adbjc-cbdka-kj | 230400 |    20 |    24 | 0.00 | 1.00 |        48.1 |    40.7 |    43.7 
   ajbdc-ckbad-jk | 230400 |    24 |    20 | 0.00 | 1.00 |        61.8 |    52.2 |    47.2 
 abcijk-ijma-mkbc |   6912 |  1728 |    24 | 0.00 | 1.00 |       199.6 |   241.4 |   169.2 
 abcijk-ijmb-mkac |   3456 |  3456 |    24 | 0.00 | 1.00 |       167.2 |   225.1 |   165.2 
 abcijk-ijmc-mkab |   3456 |  3456 |    24 | 1.00 | 1.00 |       228.6 |   197.6 |   160.0 
 abcijk-ikma-mjbc |   6912 |  1728 |    24 | 0.00 | 1.00 |       194.6 |   241.2 |   168.7 
 abcijk-ikmb-mjac |   3456 |  3456 |    24 | 0.00 | 1.00 |       164.6 |   224.8 |   165.5 
 abcijk-ikmc-mjab |   3456 |  3456 |    24 | 1.00 | 1.00 |       229.8 |   197.1 |   159.7 
 abcijk-jkma-mibc |   6912 |  1728 |    24 | 0.00 | 1.00 |       204.1 |   245.1 |   169.7 
 abcijk-jkmb-miac |   3456 |  3456 |    24 | 0.00 | 1.00 |       164.6 |   222.0 |   163.6 
 abcijk-jkmc-miab |   3456 |  3456 |    24 | 1.00 | 1.00 |       223.3 |   195.2 |   158.2 
 abcijk-eiab-jkec |   3456 |  3456 |    24 | 1.00 | 1.00 |       222.5 |   194.8 |   158.3 
 abcijk-eiac-jkeb |   3456 |  3456 |    24 | 0.00 | 1.00 |       167.5 |   222.8 |   163.8 
 abcijk-eibc-jkea |   1728 |  6912 |    24 | 0.00 | 1.00 |       202.9 |   245.4 |   170.5 
 abcijk-ejab-ikec |   3456 |  3456 |    24 | 1.00 | 1.00 |       229.1 |   197.5 |   159.9 
 abcijk-ejac-ikeb |   3456 |  3456 |    24 | 0.00 | 1.00 |       164.6 |   224.8 |   165.5 
 abcijk-ejbc-ikea |   1728 |  6912 |    24 | 0.00 | 1.00 |       196.0 |   239.2 |   168.6 
 abcijk-ekab-ijec |   3456 |  3456 |    24 | 1.00 | 1.00 |       230.2 |   197.9 |   159.6 
 abcijk-ekac-ijeb |   3456 |  3456 |    24 | 0.00 | 1.00 |       168.1 |   224.4 |   165.4 
 abcijk-ekbc-ijea |   1728 |  6912 |    24 | 0.00 | 1.00 |       199.7 |   241.1 |   168.7 
       abc-bk-akc |    144 | 18432 |   128 | 0.89 | 1.00 |       353.8 |   330.3 |   223.9 

=== complex efficiency ratio (c32 GF/s over f32 GF/s; 1.0 = no penalty) ===
             case | planar c32/f32 | 1m c32/f32 | 3m c32/f32 
------------------+----------------+------------+------------
         ij-ik-kj |          1.125 |      1.098 |      0.753 
       ij-ikl-ljk |          1.235 |      1.159 |      0.982 
       ij-kil-lkj |          1.356 |      1.300 |      1.021 
       ijk-ikl-lj |          1.128 |      1.034 |      0.686 
       ijk-il-jlk |          1.283 |      1.205 |      1.015 
       ijk-ilk-jl |          1.157 |      1.088 |      0.728 
       ijk-ilk-lj |          1.130 |      1.059 |      0.726 
     ijk-ilmk-mjl |          1.139 |      1.038 |      0.728 
   ijkl-imjn-lnkm |          1.056 |      1.033 |      0.726 
   ijkl-imjn-nlmk |          1.055 |      1.033 |      0.719 
   ijkl-imkn-jnlm |          1.033 |      1.021 |      0.701 
   ijkl-imkn-njml |          1.032 |      1.021 |      0.697 
   ijkl-imln-jnkm |          1.033 |      1.021 |      0.699 
   ijkl-imln-njmk |          1.031 |      1.021 |      0.697 
   ijkl-imnj-nlkm |          1.052 |      1.032 |      0.717 
   ijkl-imnk-njml |          1.034 |      1.022 |      0.696 
   ijkl-minj-nlmk |          1.048 |      1.023 |      0.715 
   ijkl-mink-jnlm |          1.033 |      1.018 |      0.702 
   ijkl-minl-njmk |          1.025 |      1.012 |      0.702 
     aqrs-pa-pqrs |          1.126 |      1.101 |      0.801 
     abrs-qb-aqrs |          1.112 |      1.028 |      0.753 
     abcs-rc-abrs |          1.281 |      1.113 |      0.818 
       abj-bka-kj |          1.583 |      1.519 |      1.238 
       ajb-kba-jk |          1.303 |      1.229 |      0.898 
     abjc-cbka-kj |          2.704 |      2.474 |      2.364 
     ajbc-ckba-jk |          2.373 |      2.308 |      2.111 
     abjc-kbac-jk |          1.301 |      1.002 |      0.882 
   abjcd-dkbac-jk |          2.506 |      2.077 |      1.798 
   adbjc-cbdka-kj |          2.350 |      1.988 |      2.135 
   ajbdc-ckbad-jk |          2.628 |      2.221 |      2.009 
 abcijk-ijma-mkbc |          1.475 |      1.784 |      1.250 
 abcijk-ijmb-mkac |          1.573 |      2.118 |      1.554 
 abcijk-ijmc-mkab |          1.180 |      1.020 |      0.825 
 abcijk-ikma-mjbc |          1.462 |      1.812 |      1.267 
 abcijk-ikmb-mjac |          1.517 |      2.072 |      1.526 
 abcijk-ikmc-mjab |          1.191 |      1.022 |      0.828 
 abcijk-jkma-mibc |          1.527 |      1.834 |      1.270 
 abcijk-jkmb-miac |          1.504 |      2.029 |      1.495 
 abcijk-jkmc-miab |          1.262 |      1.103 |      0.894 
 abcijk-eiab-jkec |          1.171 |      1.025 |      0.833 
 abcijk-eiac-jkeb |          1.537 |      2.044 |      1.503 
 abcijk-eibc-jkea |          1.529 |      1.849 |      1.285 
 abcijk-ejab-ikec |          1.183 |      1.020 |      0.825 
 abcijk-ejac-ikeb |          1.572 |      2.147 |      1.580 
 abcijk-ejbc-ikea |          1.476 |      1.802 |      1.270 
 abcijk-ekab-ijec |          1.225 |      1.053 |      0.849 
 abcijk-ekac-ijeb |          1.542 |      2.058 |      1.517 
 abcijk-ekbc-ijea |          1.530 |      1.847 |      1.292 
       abc-bk-akc |          1.157 |      1.080 |      0.732 
             MEAN |          1.385 |      1.408 |      1.078 

wrote bench-results/worker6194-icelake/phase4g/sm-s16-t2-f32c32.csv
