host        : worker6194
target      : x86_64 / linux
cpu features: avx2 fma avx512f avx512dq 
caches      : L1=48KiB/12-way/1sh L2=1280KiB/20-way/1sh L3=49152KiB/12-way/32sh (via sysfs), blocking=legacy
l3 domains  : t1=1 t4=1 t8=1
baselines   : tblis=false blas=false

sweeping 49 cases at 1 MiB nominal tensor size, 24 reps, stress=none


=== f64 ===
             case |     m |    n |    k | regA | regB | planar GF/s | 1m GF/s | 3m GF/s 
------------------+-------+------+------+------+------+-------------+---------+---------
         ij-ik-kj |   384 |  364 |  384 | 1.00 | 1.00 |       205.4 |   205.4 |   205.4 
       ij-ikl-ljk |    72 |   52 | 3744 | 1.00 | 1.00 |        56.9 |    56.9 |    56.9 
       ij-kil-lkj |    72 |   52 | 5184 | 1.00 | 1.00 |        60.4 |    60.4 |    60.4 
       ijk-ikl-lj |  3744 |   52 |   72 | 1.00 | 1.00 |       142.5 |   142.5 |   142.5 
       ijk-il-jlk |    72 | 3744 |   52 | 1.00 | 1.00 |       150.1 |   150.1 |   150.1 
       ijk-ilk-jl |  3744 |   72 |   52 | 1.00 | 1.00 |       155.3 |   155.3 |   155.3 
       ijk-ilk-lj |  3744 |   52 |   72 | 1.00 | 1.00 |       148.3 |   148.3 |   148.3 
     ijk-ilmk-mjl |   480 |   20 |  480 | 1.00 | 1.00 |        69.6 |    69.6 |    69.6 
   ijkl-imjn-lnkm |   480 |  480 |  400 | 1.00 | 0.80 |       225.7 |   225.7 |   225.7 
   ijkl-imjn-nlmk |   480 |  400 |  480 | 1.00 | 0.80 |       229.4 |   229.4 |   229.4 
   ijkl-imkn-jnlm |   480 |  480 |  400 | 1.00 | 1.00 |       247.5 |   247.5 |   247.5 
   ijkl-imkn-njml |   480 |  400 |  480 | 1.00 | 0.80 |       240.1 |   240.1 |   240.1 
   ijkl-imln-jnkm |   480 |  480 |  400 | 1.00 | 1.00 |       249.7 |   249.7 |   249.7 
   ijkl-imln-njmk |   480 |  400 |  480 | 1.00 | 0.80 |       240.8 |   240.8 |   240.8 
   ijkl-imnj-nlkm |   480 |  400 |  480 | 1.00 | 0.80 |       229.4 |   229.4 |   229.4 
   ijkl-imnk-njml |   480 |  400 |  480 | 1.00 | 0.80 |       242.2 |   242.2 |   242.2 
   ijkl-minj-nlmk |   480 |  400 |  576 | 1.00 | 0.80 |       221.1 |   221.1 |   221.1 
   ijkl-mink-jnlm |   480 |  480 |  480 | 1.00 | 1.00 |       247.9 |   247.9 |   247.9 
   ijkl-minl-njmk |   480 |  400 |  576 | 1.00 | 0.80 |       231.4 |   231.4 |   231.4 
     aqrs-pa-pqrs |    24 | 8000 |   24 | 1.00 | 1.00 |        67.2 |    67.2 |    67.2 
     abrs-qb-aqrs |    20 | 9600 |   24 | 1.00 | 1.00 |        62.8 |    62.8 |    62.8 
     abcs-rc-abrs |    20 | 9600 |   24 | 1.00 | 1.00 |        63.5 |    63.5 |    63.5 
       abj-bka-kj |  5184 |   52 |   72 | 1.00 | 1.00 |       136.0 |   136.0 |   136.0 
       ajb-kba-jk |  3744 |   72 |   72 | 1.00 | 1.00 |       174.2 |   174.2 |   174.2 
     abjc-cbka-kj | 11520 |   20 |   24 | 1.00 | 1.00 |        48.8 |    48.8 |    48.8 
     ajbc-ckba-jk | 11520 |   24 |   20 | 1.00 | 1.00 |        46.3 |    46.3 |    46.3 
     abjc-kbac-jk |  9600 |   24 |   24 | 1.00 | 1.00 |        69.4 |    69.4 |    69.4 
   abjcd-dkbac-jk | 82944 |   24 |   12 | 1.00 | 1.00 |        28.4 |    28.4 |    28.4 
   adbjc-cbdka-kj | 82944 |   12 |   24 | 1.00 | 1.00 |        22.2 |    22.2 |    22.2 
   ajbdc-ckbad-jk | 82944 |   24 |   12 | 1.00 | 1.00 |        28.4 |    28.4 |    28.4 
 abcijk-ijma-mkbc |  4608 |  512 |   24 | 1.00 | 1.00 |       189.4 |   189.4 |   189.4 
 abcijk-ijmb-mkac |  1536 | 1536 |   24 | 1.00 | 1.00 |       195.3 |   195.3 |   195.3 
 abcijk-ijmc-mkab |  1536 | 1536 |   24 | 1.00 | 1.00 |       190.8 |   190.8 |   190.8 
 abcijk-ikma-mjbc |  4608 |  512 |   24 | 1.00 | 1.00 |       189.4 |   189.4 |   189.4 
 abcijk-ikmb-mjac |  1536 | 1536 |   24 | 1.00 | 1.00 |       195.2 |   195.2 |   195.2 
 abcijk-ikmc-mjab |  1536 | 1536 |   24 | 1.00 | 1.00 |       191.6 |   191.6 |   191.6 
 abcijk-jkma-mibc |  4608 |  512 |   24 | 1.00 | 1.00 |       189.5 |   189.5 |   189.5 
 abcijk-jkmb-miac |  1536 | 1536 |   24 | 1.00 | 1.00 |       195.4 |   195.4 |   195.4 
 abcijk-jkmc-miab |  1536 | 1536 |   24 | 1.00 | 1.00 |       190.1 |   190.1 |   190.1 
 abcijk-eiab-jkec |  1536 | 1536 |   24 | 1.00 | 1.00 |       191.6 |   191.6 |   191.6 
 abcijk-eiac-jkeb |  1536 | 1536 |   24 | 1.00 | 1.00 |       196.4 |   196.4 |   196.4 
 abcijk-eibc-jkea |   512 | 4608 |   24 | 1.00 | 1.00 |       189.1 |   189.1 |   189.1 
 abcijk-ejab-ikec |  1536 | 1536 |   24 | 1.00 | 1.00 |       191.4 |   191.4 |   191.4 
 abcijk-ejac-ikeb |  1536 | 1536 |   24 | 1.00 | 1.00 |       195.2 |   195.2 |   195.2 
 abcijk-ejbc-ikea |   512 | 4608 |   24 | 1.00 | 1.00 |       189.6 |   189.6 |   189.6 
 abcijk-ekab-ijec |  1536 | 1536 |   24 | 1.00 | 1.00 |       192.4 |   192.4 |   192.4 
 abcijk-ekac-ijeb |  1536 | 1536 |   24 | 1.00 | 1.00 |       196.4 |   196.4 |   196.4 
 abcijk-ekbc-ijea |   512 | 4608 |   24 | 1.00 | 1.00 |       190.5 |   190.5 |   190.5 
       abc-bk-akc |    72 | 3744 |   52 | 1.00 | 1.00 |       148.7 |   148.7 |   148.7 

=== c64 ===
             case |     m |    n |    k | regA | regB | planar GF/s | 1m GF/s | 3m GF/s 
------------------+-------+------+------+------+------+-------------+---------+---------
         ij-ik-kj |   384 |  364 |  384 | 1.00 | 1.00 |       315.5 |   260.6 |   202.5 
       ij-ikl-ljk |    72 |   52 | 3744 | 1.00 | 1.00 |       116.2 |   107.7 |    85.3 
       ij-kil-lkj |    72 |   52 | 5184 | 1.00 | 1.00 |       117.8 |   107.1 |    86.7 
       ijk-ikl-lj |  3744 |   52 |   72 | 1.00 | 1.00 |       252.7 |   229.6 |   164.6 
       ijk-il-jlk |    72 | 3744 |   52 | 1.00 | 1.00 |       142.7 |   158.4 |   119.7 
       ijk-ilk-jl |  3744 |   72 |   52 | 0.89 | 1.00 |       253.8 |   245.9 |   170.4 
       ijk-ilk-lj |  3744 |   52 |   72 | 0.89 | 1.00 |       248.4 |   227.5 |   163.8 
     ijk-ilmk-mjl |   480 |   20 |  480 | 0.67 | 1.00 |       134.1 |   117.8 |   107.0 
   ijkl-imjn-lnkm |   480 |  480 |  400 | 0.67 | 0.80 |       315.0 |   273.5 |   217.0 
   ijkl-imjn-nlmk |   480 |  400 |  480 | 0.67 | 0.81 |       321.7 |   277.5 |   219.4 
   ijkl-imkn-jnlm |   480 |  480 |  400 | 0.67 | 1.00 |       326.7 |   283.0 |   221.8 
   ijkl-imkn-njml |   480 |  400 |  480 | 0.67 | 0.81 |       327.4 |   282.6 |   222.3 
   ijkl-imln-jnkm |   480 |  480 |  400 | 0.67 | 1.00 |       327.3 |   283.5 |   221.9 
   ijkl-imln-njmk |   480 |  400 |  480 | 0.67 | 0.81 |       327.7 |   283.6 |   222.0 
   ijkl-imnj-nlkm |   480 |  400 |  480 | 0.67 | 0.81 |       321.5 |   278.2 |   219.6 
   ijkl-imnk-njml |   480 |  400 |  480 | 0.67 | 0.81 |       327.3 |   282.1 |   222.0 
   ijkl-minj-nlmk |   480 |  400 |  576 | 0.67 | 0.81 |       309.3 |   271.9 |   215.7 
   ijkl-mink-jnlm |   480 |  480 |  480 | 0.67 | 1.00 |       332.0 |   285.9 |   224.8 
   ijkl-minl-njmk |   480 |  400 |  576 | 0.67 | 0.81 |       315.0 |   276.1 |   217.8 
     aqrs-pa-pqrs |    24 | 8000 |   24 | 1.00 | 1.00 |        87.5 |    90.1 |   107.8 
     abrs-qb-aqrs |    20 | 9600 |   24 | 1.00 | 1.00 |       136.5 |   121.3 |   103.0 
     abcs-rc-abrs |    20 | 9600 |   24 | 1.00 | 1.00 |       132.4 |   125.0 |   102.6 
       abj-bka-kj |  5184 |   52 |   72 | 0.89 | 1.00 |       232.1 |   195.0 |   153.7 
       ajb-kba-jk |  3744 |   72 |   72 | 0.89 | 1.00 |       269.8 |   247.7 |   178.3 
     abjc-cbka-kj | 11520 |   20 |   24 | 0.67 | 1.00 |        97.5 |    89.7 |    87.0 
     ajbc-ckba-jk | 11520 |   24 |   20 | 1.00 | 1.00 |       107.4 |    72.6 |    70.1 
     abjc-kbac-jk |  9600 |   24 |   24 | 0.67 | 1.00 |       146.8 |   138.0 |   101.5 
   abjcd-dkbac-jk | 82944 |   24 |   12 | 0.67 | 1.00 |        88.1 |    75.8 |    68.7 
   adbjc-cbdka-kj | 82944 |   12 |   24 | 0.67 | 1.00 |        69.4 |    57.1 |    53.7 
   ajbdc-ckbad-jk | 82944 |   24 |   12 | 1.00 | 1.00 |        91.1 |    75.5 |    68.1 
 abcijk-ijma-mkbc |  4608 |  512 |   24 | 1.00 | 0.97 |       252.8 |   244.0 |   180.9 
 abcijk-ijmb-mkac |  1536 | 1536 |   24 | 1.00 | 0.75 |       238.1 |   244.4 |   180.7 
 abcijk-ijmc-mkab |  1536 | 1536 |   24 | 1.00 | 0.50 |       251.9 |   245.2 |   182.1 
 abcijk-ikma-mjbc |  4608 |  512 |   24 | 1.00 | 0.97 |       252.0 |   243.0 |   180.2 
 abcijk-ikmb-mjac |  1536 | 1536 |   24 | 1.00 | 0.75 |       244.9 |   248.1 |   181.7 
 abcijk-ikmc-mjab |  1536 | 1536 |   24 | 1.00 | 0.50 |       253.6 |   246.0 |   182.4 
 abcijk-jkma-mibc |  4608 |  512 |   24 | 1.00 | 0.97 |       251.7 |   240.8 |   179.8 
 abcijk-jkmb-miac |  1536 | 1536 |   24 | 1.00 | 0.75 |       246.6 |   250.7 |   182.5 
 abcijk-jkmc-miab |  1536 | 1536 |   24 | 1.00 | 0.50 |       252.2 |   248.3 |   182.7 
 abcijk-eiab-jkec |  1536 | 1536 |   24 | 1.00 | 0.50 |       253.3 |   247.4 |   182.7 
 abcijk-eiac-jkeb |  1536 | 1536 |   24 | 1.00 | 0.75 |       245.8 |   250.8 |   181.8 
 abcijk-eibc-jkea |   512 | 4608 |   24 | 1.00 | 0.97 |       251.0 |   240.5 |   180.0 
 abcijk-ejab-ikec |  1536 | 1536 |   24 | 1.00 | 0.50 |       253.6 |   246.9 |   182.5 
 abcijk-ejac-ikeb |  1536 | 1536 |   24 | 1.00 | 0.75 |       244.6 |   247.7 |   181.0 
 abcijk-ejbc-ikea |   512 | 4608 |   24 | 1.00 | 0.97 |       252.5 |   241.7 |   180.3 
 abcijk-ekab-ijec |  1536 | 1536 |   24 | 1.00 | 0.50 |       251.8 |   245.0 |   181.8 
 abcijk-ekac-ijeb |  1536 | 1536 |   24 | 1.00 | 0.75 |       237.5 |   244.4 |   180.5 
 abcijk-ekbc-ijea |   512 | 4608 |   24 | 1.00 | 0.97 |       252.7 |   242.9 |   180.8 
       abc-bk-akc |    72 | 3744 |   52 | 0.89 | 1.00 |       252.1 |   246.5 |   170.5 

=== complex efficiency ratio (c64 GF/s over f64 GF/s; 1.0 = no penalty) ===
             case | planar c64/f64 | 1m c64/f64 | 3m c64/f64 
------------------+----------------+------------+------------
         ij-ik-kj |          1.536 |      1.269 |      0.986 
       ij-ikl-ljk |          2.041 |      1.892 |      1.498 
       ij-kil-lkj |          1.949 |      1.772 |      1.434 
       ijk-ikl-lj |          1.773 |      1.611 |      1.155 
       ijk-il-jlk |          0.951 |      1.055 |      0.797 
       ijk-ilk-jl |          1.634 |      1.584 |      1.097 
       ijk-ilk-lj |          1.675 |      1.534 |      1.105 
     ijk-ilmk-mjl |          1.927 |      1.693 |      1.537 
   ijkl-imjn-lnkm |          1.396 |      1.212 |      0.961 
   ijkl-imjn-nlmk |          1.402 |      1.210 |      0.956 
   ijkl-imkn-jnlm |          1.320 |      1.144 |      0.896 
   ijkl-imkn-njml |          1.364 |      1.177 |      0.926 
   ijkl-imln-jnkm |          1.311 |      1.135 |      0.888 
   ijkl-imln-njmk |          1.361 |      1.178 |      0.922 
   ijkl-imnj-nlkm |          1.402 |      1.213 |      0.957 
   ijkl-imnk-njml |          1.352 |      1.165 |      0.917 
   ijkl-minj-nlmk |          1.399 |      1.229 |      0.975 
   ijkl-mink-jnlm |          1.339 |      1.153 |      0.907 
   ijkl-minl-njmk |          1.361 |      1.193 |      0.941 
     aqrs-pa-pqrs |          1.301 |      1.340 |      1.604 
     abrs-qb-aqrs |          2.173 |      1.931 |      1.640 
     abcs-rc-abrs |          2.085 |      1.969 |      1.616 
       abj-bka-kj |          1.706 |      1.433 |      1.130 
       ajb-kba-jk |          1.549 |      1.422 |      1.024 
     abjc-cbka-kj |          1.999 |      1.838 |      1.784 
     ajbc-ckba-jk |          2.320 |      1.570 |      1.515 
     abjc-kbac-jk |          2.115 |      1.988 |      1.462 
   abjcd-dkbac-jk |          3.104 |      2.671 |      2.420 
   adbjc-cbdka-kj |          3.119 |      2.569 |      2.413 
   ajbdc-ckbad-jk |          3.202 |      2.655 |      2.394 
 abcijk-ijma-mkbc |          1.335 |      1.288 |      0.955 
 abcijk-ijmb-mkac |          1.219 |      1.251 |      0.925 
 abcijk-ijmc-mkab |          1.320 |      1.285 |      0.954 
 abcijk-ikma-mjbc |          1.331 |      1.283 |      0.951 
 abcijk-ikmb-mjac |          1.254 |      1.271 |      0.931 
 abcijk-ikmc-mjab |          1.323 |      1.284 |      0.952 
 abcijk-jkma-mibc |          1.328 |      1.270 |      0.949 
 abcijk-jkmb-miac |          1.262 |      1.283 |      0.934 
 abcijk-jkmc-miab |          1.327 |      1.306 |      0.961 
 abcijk-eiab-jkec |          1.322 |      1.291 |      0.953 
 abcijk-eiac-jkeb |          1.252 |      1.277 |      0.926 
 abcijk-eibc-jkea |          1.327 |      1.271 |      0.952 
 abcijk-ejab-ikec |          1.325 |      1.290 |      0.954 
 abcijk-ejac-ikeb |          1.254 |      1.269 |      0.927 
 abcijk-ejbc-ikea |          1.332 |      1.275 |      0.951 
 abcijk-ekab-ijec |          1.309 |      1.274 |      0.945 
 abcijk-ekac-ijeb |          1.209 |      1.244 |      0.919 
 abcijk-ekbc-ijea |          1.327 |      1.275 |      0.949 
       abc-bk-akc |          1.696 |      1.658 |      1.147 
             MEAN |          1.596 |      1.458 |      1.163 

wrote bench-results/worker6194-icelake/phase4g/sm-s1-t4-f64c64.csv
