host        : worker6194
target      : x86_64 / linux
cpu features: avx2 fma avx512f avx512dq 
caches      : L1=48KiB/12-way/1sh L2=1280KiB/20-way/1sh L3=49152KiB/12-way/32sh (via sysfs), blocking=legacy
l3 domains  : t1=1 t4=1 t8=1 t16=1 t32=1 t64=2
baselines   : tblis=false blas=false

sweeping 49 cases at 1 MiB nominal tensor size, 24 reps, stress=none


=== f64 ===
             case |     m |    n |    k | regA | regB | planar GF/s | 1m GF/s | 3m GF/s 
------------------+-------+------+------+------+------+-------------+---------+---------
         ij-ik-kj |   384 |  364 |  384 | 1.00 | 1.00 |       156.6 |   156.6 |   156.6 
       ij-ikl-ljk |    72 |   52 | 3744 | 1.00 | 1.00 |        56.1 |    56.1 |    56.1 
       ij-kil-lkj |    72 |   52 | 5184 | 1.00 | 1.00 |        66.9 |    66.9 |    66.9 
       ijk-ikl-lj |  3744 |   52 |   72 | 1.00 | 1.00 |        57.1 |    57.1 |    57.1 
       ijk-il-jlk |    72 | 3744 |   52 | 1.00 | 1.00 |        60.0 |    60.0 |    60.0 
       ijk-ilk-jl |  3744 |   72 |   52 | 1.00 | 1.00 |        58.4 |    58.4 |    58.4 
       ijk-ilk-lj |  3744 |   52 |   72 | 1.00 | 1.00 |        52.0 |    52.0 |    52.0 
     ijk-ilmk-mjl |   480 |   20 |  480 | 1.00 | 1.00 |        27.8 |    27.8 |    27.8 
   ijkl-imjn-lnkm |   480 |  480 |  400 | 1.00 | 0.80 |       313.6 |   313.6 |   313.6 
   ijkl-imjn-nlmk |   480 |  400 |  480 | 1.00 | 0.80 |       303.7 |   303.7 |   303.7 
   ijkl-imkn-jnlm |   480 |  480 |  400 | 1.00 | 1.00 |       316.5 |   316.5 |   316.5 
   ijkl-imkn-njml |   480 |  400 |  480 | 1.00 | 0.80 |       279.8 |   279.8 |   279.8 
   ijkl-imln-jnkm |   480 |  480 |  400 | 1.00 | 1.00 |       307.4 |   307.4 |   307.4 
   ijkl-imln-njmk |   480 |  400 |  480 | 1.00 | 0.80 |       302.6 |   302.6 |   302.6 
   ijkl-imnj-nlkm |   480 |  400 |  480 | 1.00 | 0.80 |       307.6 |   307.6 |   307.6 
   ijkl-imnk-njml |   480 |  400 |  480 | 1.00 | 0.80 |       308.5 |   308.5 |   308.5 
   ijkl-minj-nlmk |   480 |  400 |  576 | 1.00 | 0.80 |       339.9 |   339.9 |   339.9 
   ijkl-mink-jnlm |   480 |  480 |  480 | 1.00 | 1.00 |       338.5 |   338.5 |   338.5 
   ijkl-minl-njmk |   480 |  400 |  576 | 1.00 | 0.80 |       355.6 |   355.6 |   355.6 
     aqrs-pa-pqrs |    24 | 8000 |   24 | 1.00 | 1.00 |        24.2 |    24.2 |    24.2 
     abrs-qb-aqrs |    20 | 9600 |   24 | 1.00 | 1.00 |        16.0 |    16.0 |    16.0 
     abcs-rc-abrs |    20 | 9600 |   24 | 1.00 | 1.00 |        18.5 |    18.5 |    18.5 
       abj-bka-kj |  5184 |   52 |   72 | 1.00 | 1.00 |        67.9 |    67.9 |    67.9 
       ajb-kba-jk |  3744 |   72 |   72 | 1.00 | 1.00 |        71.8 |    71.8 |    71.8 
     abjc-cbka-kj | 11520 |   20 |   24 | 1.00 | 1.00 |        20.3 |    20.3 |    20.3 
     ajbc-ckba-jk | 11520 |   24 |   20 | 1.00 | 1.00 |        18.9 |    18.9 |    18.9 
     abjc-kbac-jk |  9600 |   24 |   24 | 1.00 | 1.00 |        20.5 |    20.5 |    20.5 
   abjcd-dkbac-jk | 82944 |   24 |   12 | 1.00 | 1.00 |        48.3 |    48.3 |    48.3 
   adbjc-cbdka-kj | 82944 |   12 |   24 | 1.00 | 1.00 |        47.7 |    47.7 |    47.7 
   ajbdc-ckbad-jk | 82944 |   24 |   12 | 1.00 | 1.00 |        55.2 |    55.2 |    55.2 
 abcijk-ijma-mkbc |  4608 |  512 |   24 | 1.00 | 1.00 |       179.7 |   179.7 |   179.7 
 abcijk-ijmb-mkac |  1536 | 1536 |   24 | 1.00 | 1.00 |       177.4 |   177.4 |   177.4 
 abcijk-ijmc-mkab |  1536 | 1536 |   24 | 1.00 | 1.00 |       147.0 |   147.0 |   147.0 
 abcijk-ikma-mjbc |  4608 |  512 |   24 | 1.00 | 1.00 |       168.0 |   168.0 |   168.0 
 abcijk-ikmb-mjac |  1536 | 1536 |   24 | 1.00 | 1.00 |       160.0 |   160.0 |   160.0 
 abcijk-ikmc-mjab |  1536 | 1536 |   24 | 1.00 | 1.00 |       168.2 |   168.2 |   168.2 
 abcijk-jkma-mibc |  4608 |  512 |   24 | 1.00 | 1.00 |       143.7 |   143.7 |   143.7 
 abcijk-jkmb-miac |  1536 | 1536 |   24 | 1.00 | 1.00 |       191.6 |   191.6 |   191.6 
 abcijk-jkmc-miab |  1536 | 1536 |   24 | 1.00 | 1.00 |       186.5 |   186.5 |   186.5 
 abcijk-eiab-jkec |  1536 | 1536 |   24 | 1.00 | 1.00 |       182.3 |   182.3 |   182.3 
 abcijk-eiac-jkeb |  1536 | 1536 |   24 | 1.00 | 1.00 |       155.7 |   155.7 |   155.7 
 abcijk-eibc-jkea |   512 | 4608 |   24 | 1.00 | 1.00 |       181.0 |   181.0 |   181.0 
 abcijk-ejab-ikec |  1536 | 1536 |   24 | 1.00 | 1.00 |       164.3 |   164.3 |   164.3 
 abcijk-ejac-ikeb |  1536 | 1536 |   24 | 1.00 | 1.00 |       175.4 |   175.4 |   175.4 
 abcijk-ejbc-ikea |   512 | 4608 |   24 | 1.00 | 1.00 |       171.9 |   171.9 |   171.9 
 abcijk-ekab-ijec |  1536 | 1536 |   24 | 1.00 | 1.00 |       178.8 |   178.8 |   178.8 
 abcijk-ekac-ijeb |  1536 | 1536 |   24 | 1.00 | 1.00 |       169.6 |   169.6 |   169.6 
 abcijk-ekbc-ijea |   512 | 4608 |   24 | 1.00 | 1.00 |       180.6 |   180.6 |   180.6 
       abc-bk-akc |    72 | 3744 |   52 | 1.00 | 1.00 |        56.9 |    56.9 |    56.9 

=== c64 ===
             case |     m |    n |    k | regA | regB | planar GF/s | 1m GF/s | 3m GF/s 
------------------+-------+------+------+------+------+-------------+---------+---------
         ij-ik-kj |   384 |  364 |  384 | 1.00 | 1.00 |       400.5 |   334.2 |   339.6 
       ij-ikl-ljk |    72 |   52 | 3744 | 1.00 | 1.00 |       146.3 |   141.2 |   117.8 
       ij-kil-lkj |    72 |   52 | 5184 | 1.00 | 1.00 |       160.3 |   152.6 |   134.8 
       ijk-ikl-lj |  3744 |   52 |   72 | 1.00 | 1.00 |       177.6 |   166.2 |   168.0 
       ijk-il-jlk |    72 | 3744 |   52 | 1.00 | 1.00 |       202.5 |   166.0 |   200.4 
       ijk-ilk-jl |  3744 |   72 |   52 | 0.89 | 1.00 |       199.5 |   178.2 |   186.4 
       ijk-ilk-lj |  3744 |   52 |   72 | 0.89 | 1.00 |       204.0 |   197.1 |   176.1 
     ijk-ilmk-mjl |   480 |   20 |  480 | 0.67 | 1.00 |        70.0 |    63.3 |    62.6 
   ijkl-imjn-lnkm |   480 |  480 |  400 | 0.67 | 0.80 |       619.0 |   452.0 |   518.8 
   ijkl-imjn-nlmk |   480 |  400 |  480 | 0.67 | 0.81 |       592.0 |   471.7 |   517.6 
   ijkl-imkn-jnlm |   480 |  480 |  400 | 0.67 | 1.00 |       576.3 |   591.1 |   516.3 
   ijkl-imkn-njml |   480 |  400 |  480 | 0.67 | 0.81 |       694.4 |   476.0 |   518.1 
   ijkl-imln-jnkm |   480 |  480 |  400 | 0.67 | 1.00 |       525.4 |   465.1 |   526.0 
   ijkl-imln-njmk |   480 |  400 |  480 | 0.67 | 0.81 |       561.2 |   474.5 |   517.2 
   ijkl-imnj-nlkm |   480 |  400 |  480 | 0.67 | 0.81 |       649.9 |   461.2 |   513.5 
   ijkl-imnk-njml |   480 |  400 |  480 | 0.67 | 0.81 |       677.0 |   468.9 |   523.2 
   ijkl-minj-nlmk |   480 |  400 |  576 | 0.67 | 0.81 |       681.0 |   473.8 |   513.4 
   ijkl-mink-jnlm |   480 |  480 |  480 | 0.67 | 1.00 |       763.8 |   555.9 |   596.2 
   ijkl-minl-njmk |   480 |  400 |  576 | 0.67 | 0.81 |       748.4 |   463.2 |   519.0 
     aqrs-pa-pqrs |    24 | 8000 |   24 | 1.00 | 1.00 |        54.2 |    55.8 |    86.3 
     abrs-qb-aqrs |    20 | 9600 |   24 | 1.00 | 1.00 |        71.6 |    64.4 |    61.4 
     abcs-rc-abrs |    20 | 9600 |   24 | 1.00 | 1.00 |        65.6 |    67.0 |    73.6 
       abj-bka-kj |  5184 |   52 |   72 | 0.89 | 1.00 |       192.8 |   183.4 |   227.9 
       ajb-kba-jk |  3744 |   72 |   72 | 0.89 | 1.00 |       209.1 |   255.3 |   229.1 
     abjc-cbka-kj | 11520 |   20 |   24 | 0.67 | 1.00 |        79.1 |    74.4 |    78.6 
     ajbc-ckba-jk | 11520 |   24 |   20 | 1.00 | 1.00 |        68.8 |    67.5 |    76.3 
     abjc-kbac-jk |  9600 |   24 |   24 | 0.67 | 1.00 |        78.8 |    81.4 |    73.8 
   abjcd-dkbac-jk | 82944 |   24 |   12 | 0.67 | 1.00 |       149.8 |   157.1 |   142.2 
   adbjc-cbdka-kj | 82944 |   12 |   24 | 0.67 | 1.00 |       136.3 |   132.4 |   131.4 
   ajbdc-ckbad-jk | 82944 |   24 |   12 | 1.00 | 1.00 |       155.9 |   145.3 |   142.5 
 abcijk-ijma-mkbc |  4608 |  512 |   24 | 1.00 | 0.97 |       419.9 |   445.3 |   405.1 
 abcijk-ijmb-mkac |  1536 | 1536 |   24 | 1.00 | 0.75 |       408.6 |   414.1 |   440.1 
 abcijk-ijmc-mkab |  1536 | 1536 |   24 | 1.00 | 0.50 |       492.6 |   418.4 |   345.6 
 abcijk-ikma-mjbc |  4608 |  512 |   24 | 1.00 | 0.97 |       408.5 |   360.5 |   425.7 
 abcijk-ikmb-mjac |  1536 | 1536 |   24 | 1.00 | 0.75 |       353.9 |   375.3 |   327.7 
 abcijk-ikmc-mjab |  1536 | 1536 |   24 | 1.00 | 0.50 |       413.0 |   364.9 |   359.5 
 abcijk-jkma-mibc |  4608 |  512 |   24 | 1.00 | 0.97 |       466.1 |   410.9 |   396.3 
 abcijk-jkmb-miac |  1536 | 1536 |   24 | 1.00 | 0.75 |       515.7 |   536.0 |   366.3 
 abcijk-jkmc-miab |  1536 | 1536 |   24 | 1.00 | 0.50 |       534.7 |   399.4 |   334.3 
 abcijk-eiab-jkec |  1536 | 1536 |   24 | 1.00 | 0.50 |       460.4 |   518.9 |   338.7 
 abcijk-eiac-jkeb |  1536 | 1536 |   24 | 1.00 | 0.75 |       414.0 |   519.8 |   416.4 
 abcijk-eibc-jkea |   512 | 4608 |   24 | 1.00 | 0.97 |       409.8 |   401.7 |   366.7 
 abcijk-ejab-ikec |  1536 | 1536 |   24 | 1.00 | 0.50 |       486.2 |   503.5 |   307.6 
 abcijk-ejac-ikeb |  1536 | 1536 |   24 | 1.00 | 0.75 |       504.8 |   427.7 |   338.1 
 abcijk-ejbc-ikea |   512 | 4608 |   24 | 1.00 | 0.97 |       418.9 |   419.3 |   445.8 
 abcijk-ekab-ijec |  1536 | 1536 |   24 | 1.00 | 0.50 |       371.7 |   505.8 |   363.2 
 abcijk-ekac-ijeb |  1536 | 1536 |   24 | 1.00 | 0.75 |       510.6 |   527.6 |   355.4 
 abcijk-ekbc-ijea |   512 | 4608 |   24 | 1.00 | 0.97 |       416.6 |   427.0 |   429.8 
       abc-bk-akc |    72 | 3744 |   52 | 0.89 | 1.00 |       176.9 |   175.3 |   173.1 

=== complex efficiency ratio (c64 GF/s over f64 GF/s; 1.0 = no penalty) ===
             case | planar c64/f64 | 1m c64/f64 | 3m c64/f64 
------------------+----------------+------------+------------
         ij-ik-kj |          2.558 |      2.134 |      2.169 
       ij-ikl-ljk |          2.607 |      2.516 |      2.098 
       ij-kil-lkj |          2.397 |      2.281 |      2.015 
       ijk-ikl-lj |          3.111 |      2.910 |      2.943 
       ijk-il-jlk |          3.374 |      2.765 |      3.338 
       ijk-ilk-jl |          3.413 |      3.049 |      3.189 
       ijk-ilk-lj |          3.924 |      3.792 |      3.388 
     ijk-ilmk-mjl |          2.519 |      2.279 |      2.252 
   ijkl-imjn-lnkm |          1.974 |      1.441 |      1.654 
   ijkl-imjn-nlmk |          1.949 |      1.553 |      1.704 
   ijkl-imkn-jnlm |          1.821 |      1.868 |      1.631 
   ijkl-imkn-njml |          2.481 |      1.701 |      1.851 
   ijkl-imln-jnkm |          1.709 |      1.513 |      1.711 
   ijkl-imln-njmk |          1.855 |      1.568 |      1.709 
   ijkl-imnj-nlkm |          2.113 |      1.500 |      1.670 
   ijkl-imnk-njml |          2.195 |      1.520 |      1.696 
   ijkl-minj-nlmk |          2.004 |      1.394 |      1.511 
   ijkl-mink-jnlm |          2.256 |      1.642 |      1.761 
   ijkl-minl-njmk |          2.105 |      1.303 |      1.460 
     aqrs-pa-pqrs |          2.245 |      2.311 |      3.575 
     abrs-qb-aqrs |          4.484 |      4.033 |      3.844 
     abcs-rc-abrs |          3.535 |      3.611 |      3.965 
       abj-bka-kj |          2.839 |      2.701 |      3.355 
       ajb-kba-jk |          2.914 |      3.558 |      3.192 
     abjc-cbka-kj |          3.886 |      3.658 |      3.864 
     ajbc-ckba-jk |          3.638 |      3.571 |      4.035 
     abjc-kbac-jk |          3.843 |      3.972 |      3.600 
   abjcd-dkbac-jk |          3.101 |      3.252 |      2.944 
   adbjc-cbdka-kj |          2.861 |      2.779 |      2.757 
   ajbdc-ckbad-jk |          2.826 |      2.634 |      2.583 
 abcijk-ijma-mkbc |          2.337 |      2.479 |      2.255 
 abcijk-ijmb-mkac |          2.304 |      2.335 |      2.481 
 abcijk-ijmc-mkab |          3.352 |      2.847 |      2.351 
 abcijk-ikma-mjbc |          2.431 |      2.146 |      2.534 
 abcijk-ikmb-mjac |          2.212 |      2.345 |      2.048 
 abcijk-ikmc-mjab |          2.455 |      2.169 |      2.137 
 abcijk-jkma-mibc |          3.244 |      2.860 |      2.758 
 abcijk-jkmb-miac |          2.692 |      2.798 |      1.912 
 abcijk-jkmc-miab |          2.867 |      2.142 |      1.793 
 abcijk-eiab-jkec |          2.526 |      2.847 |      1.858 
 abcijk-eiac-jkeb |          2.659 |      3.338 |      2.674 
 abcijk-eibc-jkea |          2.264 |      2.220 |      2.026 
 abcijk-ejab-ikec |          2.959 |      3.065 |      1.872 
 abcijk-ejac-ikeb |          2.879 |      2.439 |      1.928 
 abcijk-ejbc-ikea |          2.437 |      2.440 |      2.594 
 abcijk-ekab-ijec |          2.079 |      2.829 |      2.032 
 abcijk-ekac-ijeb |          3.010 |      3.111 |      2.096 
 abcijk-ekbc-ijea |          2.307 |      2.364 |      2.379 
       abc-bk-akc |          3.109 |      3.081 |      3.043 
             MEAN |          2.707 |      2.544 |      2.454 

wrote bench-results/worker6194-icelake/phase4g/sm-s1-t32-f64c64.csv
