host        : worker6194
target      : x86_64 / linux
cpu features: avx2 fma avx512f avx512dq 
caches      : L1=48KiB/12-way/1sh L2=1280KiB/20-way/1sh L3=49152KiB/12-way/32sh (via sysfs), blocking=legacy
l3 domains  : t1=1 t4=1 t8=1 t16=1 t32=1 t64=2
baselines   : tblis=false blas=false

sweeping 49 cases at 64 MiB nominal tensor size, 3 reps, stress=none


=== f64 ===
             case |      m |      n |     k | regA | regB | planar GF/s | 1m GF/s | 3m GF/s 
------------------+--------+--------+-------+------+------+-------------+---------+---------
         ij-ik-kj |   2904 |   2896 |  2904 | 1.00 | 1.00 |       918.8 |   918.8 |   918.8 
       ij-ikl-ljk |    216 |    204 | 44064 | 1.00 | 1.00 |       401.4 |   401.4 |   401.4 
       ij-kil-lkj |    216 |    204 | 46656 | 1.00 | 1.00 |       424.0 |   424.0 |   424.0 
       ijk-ikl-lj |  44064 |    204 |   216 | 1.00 | 1.00 |       842.7 |   842.7 |   842.7 
       ijk-il-jlk |    216 |  44064 |   204 | 1.00 | 1.00 |       825.4 |   825.4 |   825.4 
       ijk-ilk-jl |  44064 |    216 |   204 | 1.00 | 1.00 |       805.1 |   805.1 |   805.1 
       ijk-ilk-lj |  44064 |    204 |   216 | 1.00 | 1.00 |       848.7 |   848.7 |   848.7 
     ijk-ilmk-mjl |   3744 |     52 |  3744 | 1.00 | 1.00 |       438.7 |   438.7 |   438.7 
   ijkl-imjn-lnkm |   3744 |   3744 |  2704 | 1.00 | 0.92 |       981.2 |   981.2 |   981.2 
   ijkl-imjn-nlmk |   3744 |   2704 |  3744 | 1.00 | 0.92 |      1025.3 |  1025.3 |  1025.3 
   ijkl-imkn-jnlm |   3744 |   3744 |  2704 | 1.00 | 1.00 |      1018.3 |  1018.3 |  1018.3 
   ijkl-imkn-njml |   3744 |   2704 |  3744 | 1.00 | 0.92 |       994.8 |   994.8 |   994.8 
   ijkl-imln-jnkm |   3744 |   3744 |  2704 | 1.00 | 1.00 |       967.7 |   967.7 |   967.7 
   ijkl-imln-njmk |   3744 |   2704 |  3744 | 1.00 | 0.92 |      1051.3 |  1051.3 |  1051.3 
   ijkl-imnj-nlkm |   3744 |   2704 |  3744 | 1.00 | 0.92 |      1051.5 |  1051.5 |  1051.5 
   ijkl-imnk-njml |   3744 |   2704 |  3744 | 1.00 | 0.92 |      1028.5 |  1028.5 |  1028.5 
   ijkl-minj-nlmk |   3744 |   2704 |  5184 | 1.00 | 0.92 |      1010.2 |  1010.2 |  1010.2 
   ijkl-mink-jnlm |   3744 |   3744 |  3744 | 1.00 | 1.00 |       972.5 |   972.5 |   972.5 
   ijkl-minl-njmk |   3744 |   2704 |  5184 | 1.00 | 0.92 |      1007.6 |  1007.6 |  1007.6 
     aqrs-pa-pqrs |     72 | 140608 |    72 | 1.00 | 1.00 |       496.6 |   496.6 |   496.6 
     abrs-qb-aqrs |     52 | 194688 |    72 | 1.00 | 1.00 |       411.2 |   411.2 |   411.2 
     abcs-rc-abrs |     52 | 194688 |    72 | 1.00 | 1.00 |       343.6 |   343.6 |   343.6 
       abj-bka-kj |  46656 |    204 |   216 | 1.00 | 1.00 |       563.4 |   563.4 |   563.4 
       ajb-kba-jk |  44064 |    216 |   216 | 1.00 | 1.00 |       938.7 |   938.7 |   938.7 
     abjc-cbka-kj | 269568 |     52 |    72 | 1.00 | 1.00 |       148.5 |   148.5 |   148.5 
     ajbc-ckba-jk | 269568 |     72 |    52 | 1.00 | 1.00 |       220.5 |   220.5 |   220.5 
     abjc-kbac-jk | 194688 |     72 |    72 | 1.00 | 1.00 |       387.9 |   387.9 |   387.9 
   abjcd-dkbac-jk | 331776 |     24 |    24 | 1.00 | 1.00 |        66.6 |    66.6 |    66.6 
   adbjc-cbdka-kj | 331776 |     24 |    24 | 1.00 | 1.00 |        68.7 |    68.7 |    68.7 
   ajbdc-ckbad-jk | 331776 |     24 |    24 | 1.00 | 1.00 |        69.0 |    69.0 |    69.0 
 abcijk-ijma-mkbc |   9216 |   4096 |    24 | 1.00 | 1.00 |       329.2 |   329.2 |   329.2 
 abcijk-ijmb-mkac |   6144 |   6144 |    24 | 1.00 | 1.00 |       334.2 |   334.2 |   334.2 
 abcijk-ijmc-mkab |   6144 |   6144 |    24 | 1.00 | 1.00 |       339.2 |   339.2 |   339.2 
 abcijk-ikma-mjbc |   9216 |   4096 |    24 | 1.00 | 1.00 |       367.6 |   367.6 |   367.6 
 abcijk-ikmb-mjac |   6144 |   6144 |    24 | 1.00 | 1.00 |       351.3 |   351.3 |   351.3 
 abcijk-ikmc-mjab |   6144 |   6144 |    24 | 1.00 | 1.00 |       343.5 |   343.5 |   343.5 
 abcijk-jkma-mibc |   9216 |   4096 |    24 | 1.00 | 1.00 |       357.0 |   357.0 |   357.0 
 abcijk-jkmb-miac |   6144 |   6144 |    24 | 1.00 | 1.00 |       312.6 |   312.6 |   312.6 
 abcijk-jkmc-miab |   6144 |   6144 |    24 | 1.00 | 1.00 |       318.6 |   318.6 |   318.6 
 abcijk-eiab-jkec |   6144 |   6144 |    24 | 1.00 | 1.00 |       316.4 |   316.4 |   316.4 
 abcijk-eiac-jkeb |   6144 |   6144 |    24 | 1.00 | 1.00 |       303.7 |   303.7 |   303.7 
 abcijk-eibc-jkea |   4096 |   9216 |    24 | 1.00 | 1.00 |       326.3 |   326.3 |   326.3 
 abcijk-ejab-ikec |   6144 |   6144 |    24 | 1.00 | 1.00 |       354.8 |   354.8 |   354.8 
 abcijk-ejac-ikeb |   6144 |   6144 |    24 | 1.00 | 1.00 |       321.9 |   321.9 |   321.9 
 abcijk-ejbc-ikea |   4096 |   9216 |    24 | 1.00 | 1.00 |       342.1 |   342.1 |   342.1 
 abcijk-ekab-ijec |   6144 |   6144 |    24 | 1.00 | 1.00 |       333.1 |   333.1 |   333.1 
 abcijk-ekac-ijeb |   6144 |   6144 |    24 | 1.00 | 1.00 |       365.4 |   365.4 |   365.4 
 abcijk-ekbc-ijea |   4096 |   9216 |    24 | 1.00 | 1.00 |       366.6 |   366.6 |   366.6 
       abc-bk-akc |    216 |  44064 |   204 | 1.00 | 1.00 |       898.3 |   898.3 |   898.3 

=== c64 ===
             case |      m |      n |     k | regA | regB | planar GF/s | 1m GF/s | 3m GF/s 
------------------+--------+--------+-------+------+------+-------------+---------+---------
         ij-ik-kj |   2904 |   2896 |  2904 | 1.00 | 1.00 |      1342.9 |  1179.6 |   970.7 
       ij-ikl-ljk |    216 |    204 | 44064 | 1.00 | 1.00 |       758.7 |   718.9 |   150.8 
       ij-kil-lkj |    216 |    204 | 46656 | 1.00 | 1.00 |       797.1 |   750.9 |   163.4 
       ijk-ikl-lj |  44064 |    204 |   216 | 1.00 | 1.00 |      1548.7 |  1247.3 |  1243.2 
       ijk-il-jlk |    216 |  44064 |   204 | 1.00 | 1.00 |      1363.9 |  1174.1 |   719.3 
       ijk-ilk-jl |  44064 |    216 |   204 | 0.96 | 1.00 |      1623.7 |  1428.2 |  1242.8 
       ijk-ilk-lj |  44064 |    204 |   216 | 0.96 | 1.00 |      1356.7 |  1369.4 |   998.4 
     ijk-ilmk-mjl |   3744 |     52 |  3744 | 0.89 | 1.00 |       844.4 |   807.8 |   701.0 
   ijkl-imjn-lnkm |   3744 |   3744 |  2704 | 0.89 | 0.92 |      1478.6 |  1284.9 |  1047.7 
   ijkl-imjn-nlmk |   3744 |   2704 |  3744 | 0.89 | 0.92 |      1416.9 |  1267.1 |  1035.8 
   ijkl-imkn-jnlm |   3744 |   3744 |  2704 | 0.89 | 1.00 |      1413.1 |  1291.1 |  1063.2 
   ijkl-imkn-njml |   3744 |   2704 |  3744 | 0.89 | 0.92 |      1418.4 |  1278.0 |  1055.8 
   ijkl-imln-jnkm |   3744 |   3744 |  2704 | 0.89 | 1.00 |      1444.9 |  1287.6 |  1069.7 
   ijkl-imln-njmk |   3744 |   2704 |  3744 | 0.89 | 0.92 |      1420.0 |  1232.5 |  1063.9 
   ijkl-imnj-nlkm |   3744 |   2704 |  3744 | 0.89 | 0.92 |      1426.4 |  1293.2 |  1049.9 
   ijkl-imnk-njml |   3744 |   2704 |  3744 | 0.89 | 0.92 |      1425.7 |  1263.0 |  1059.3 
   ijkl-minj-nlmk |   3744 |   2704 |  5184 | 0.89 | 0.92 |      1430.1 |  1280.8 |  1048.1 
   ijkl-mink-jnlm |   3744 |   3744 |  3744 | 0.89 | 1.00 |      1468.4 |  1308.7 |  1058.3 
   ijkl-minl-njmk |   3744 |   2704 |  5184 | 0.89 | 0.92 |      1399.0 |  1258.0 |  1043.3 
     aqrs-pa-pqrs |     72 | 140608 |    72 | 1.00 | 1.00 |       813.1 |   767.1 |   578.0 
     abrs-qb-aqrs |     52 | 194688 |    72 | 0.89 | 1.00 |       911.7 |   833.8 |   798.4 
     abcs-rc-abrs |     52 | 194688 |    72 | 1.00 | 1.00 |       887.1 |   878.1 |   776.8 
       abj-bka-kj |  46656 |    204 |   216 | 0.96 | 1.00 |      1284.9 |  1022.2 |   950.7 
       ajb-kba-jk |  44064 |    216 |   216 | 0.96 | 1.00 |      1617.7 |  1431.6 |  1248.9 
     abjc-cbka-kj | 269568 |     52 |    72 | 0.89 | 1.00 |       483.4 |   420.1 |   443.7 
     ajbc-ckba-jk | 269568 |     72 |    52 | 0.89 | 1.00 |       600.8 |   505.1 |   488.6 
     abjc-kbac-jk | 194688 |     72 |    72 | 0.89 | 1.00 |       954.9 |  1019.9 |   803.3 
   abjcd-dkbac-jk | 331776 |     24 |    24 | 0.67 | 1.00 |       212.8 |   195.0 |   200.4 
   adbjc-cbdka-kj | 331776 |     24 |    24 | 0.67 | 1.00 |       225.3 |   194.6 |   185.0 
   ajbdc-ckbad-jk | 331776 |     24 |    24 | 1.00 | 1.00 |       220.9 |   172.8 |   190.6 
 abcijk-ijma-mkbc |   9216 |   4096 |    24 | 1.00 | 0.99 |       670.7 |   710.6 |   589.8 
 abcijk-ijmb-mkac |   6144 |   6144 |    24 | 1.00 | 0.88 |       667.4 |   664.9 |   609.6 
 abcijk-ijmc-mkab |   6144 |   6144 |    24 | 1.00 | 0.75 |       601.2 |   596.1 |   590.2 
 abcijk-ikma-mjbc |   9216 |   4096 |    24 | 1.00 | 0.99 |       726.8 |   631.2 |   595.9 
 abcijk-ikmb-mjac |   6144 |   6144 |    24 | 1.00 | 0.88 |       676.8 |   687.9 |   620.0 
 abcijk-ikmc-mjab |   6144 |   6144 |    24 | 1.00 | 0.75 |       628.1 |   614.4 |   605.7 
 abcijk-jkma-mibc |   9216 |   4096 |    24 | 1.00 | 0.99 |       658.9 |   667.8 |   602.5 
 abcijk-jkmb-miac |   6144 |   6144 |    24 | 1.00 | 0.88 |       670.4 |   653.0 |   565.4 
 abcijk-jkmc-miab |   6144 |   6144 |    24 | 1.00 | 0.75 |       609.2 |   557.7 |   539.1 
 abcijk-eiab-jkec |   6144 |   6144 |    24 | 1.00 | 0.75 |       569.0 |   589.5 |   561.6 
 abcijk-eiac-jkeb |   6144 |   6144 |    24 | 1.00 | 0.88 |       675.5 |   628.4 |   563.2 
 abcijk-eibc-jkea |   4096 |   9216 |    24 | 1.00 | 0.99 |       711.4 |   702.4 |   637.2 
 abcijk-ejab-ikec |   6144 |   6144 |    24 | 1.00 | 0.75 |       595.3 |   593.2 |   592.3 
 abcijk-ejac-ikeb |   6144 |   6144 |    24 | 1.00 | 0.88 |       713.6 |   675.0 |   590.5 
 abcijk-ejbc-ikea |   4096 |   9216 |    24 | 1.00 | 0.99 |       700.0 |   694.7 |   643.3 
 abcijk-ekab-ijec |   6144 |   6144 |    24 | 1.00 | 0.75 |       620.2 |   604.0 |   612.7 
 abcijk-ekac-ijeb |   6144 |   6144 |    24 | 1.00 | 0.88 |       696.3 |   673.9 |   617.2 
 abcijk-ekbc-ijea |   4096 |   9216 |    24 | 1.00 | 0.99 |       633.0 |   692.9 |   593.2 
       abc-bk-akc |    216 |  44064 |   204 | 0.96 | 1.00 |      1466.8 |  1346.0 |  1088.0 

=== complex efficiency ratio (c64 GF/s over f64 GF/s; 1.0 = no penalty) ===
             case | planar c64/f64 | 1m c64/f64 | 3m c64/f64 
------------------+----------------+------------+------------
         ij-ik-kj |          1.462 |      1.284 |      1.057 
       ij-ikl-ljk |          1.890 |      1.791 |      0.376 
       ij-kil-lkj |          1.880 |      1.771 |      0.385 
       ijk-ikl-lj |          1.838 |      1.480 |      1.475 
       ijk-il-jlk |          1.653 |      1.423 |      0.872 
       ijk-ilk-jl |          2.017 |      1.774 |      1.544 
       ijk-ilk-lj |          1.598 |      1.613 |      1.176 
     ijk-ilmk-mjl |          1.925 |      1.841 |      1.598 
   ijkl-imjn-lnkm |          1.507 |      1.309 |      1.068 
   ijkl-imjn-nlmk |          1.382 |      1.236 |      1.010 
   ijkl-imkn-jnlm |          1.388 |      1.268 |      1.044 
   ijkl-imkn-njml |          1.426 |      1.285 |      1.061 
   ijkl-imln-jnkm |          1.493 |      1.331 |      1.105 
   ijkl-imln-njmk |          1.351 |      1.172 |      1.012 
   ijkl-imnj-nlkm |          1.357 |      1.230 |      0.999 
   ijkl-imnk-njml |          1.386 |      1.228 |      1.030 
   ijkl-minj-nlmk |          1.416 |      1.268 |      1.038 
   ijkl-mink-jnlm |          1.510 |      1.346 |      1.088 
   ijkl-minl-njmk |          1.389 |      1.249 |      1.035 
     aqrs-pa-pqrs |          1.637 |      1.545 |      1.164 
     abrs-qb-aqrs |          2.217 |      2.028 |      1.942 
     abcs-rc-abrs |          2.582 |      2.556 |      2.261 
       abj-bka-kj |          2.281 |      1.814 |      1.688 
       ajb-kba-jk |          1.723 |      1.525 |      1.330 
     abjc-cbka-kj |          3.256 |      2.829 |      2.988 
     ajbc-ckba-jk |          2.724 |      2.290 |      2.215 
     abjc-kbac-jk |          2.462 |      2.629 |      2.071 
   abjcd-dkbac-jk |          3.193 |      2.926 |      3.007 
   adbjc-cbdka-kj |          3.280 |      2.833 |      2.693 
   ajbdc-ckbad-jk |          3.200 |      2.503 |      2.761 
 abcijk-ijma-mkbc |          2.038 |      2.159 |      1.792 
 abcijk-ijmb-mkac |          1.997 |      1.989 |      1.824 
 abcijk-ijmc-mkab |          1.772 |      1.757 |      1.740 
 abcijk-ikma-mjbc |          1.977 |      1.717 |      1.621 
 abcijk-ikmb-mjac |          1.927 |      1.958 |      1.765 
 abcijk-ikmc-mjab |          1.829 |      1.789 |      1.763 
 abcijk-jkma-mibc |          1.846 |      1.871 |      1.688 
 abcijk-jkmb-miac |          2.145 |      2.089 |      1.809 
 abcijk-jkmc-miab |          1.912 |      1.750 |      1.692 
 abcijk-eiab-jkec |          1.798 |      1.863 |      1.775 
 abcijk-eiac-jkeb |          2.224 |      2.069 |      1.854 
 abcijk-eibc-jkea |          2.180 |      2.153 |      1.953 
 abcijk-ejab-ikec |          1.678 |      1.672 |      1.669 
 abcijk-ejac-ikeb |          2.217 |      2.097 |      1.835 
 abcijk-ejbc-ikea |          2.046 |      2.031 |      1.880 
 abcijk-ekab-ijec |          1.862 |      1.813 |      1.839 
 abcijk-ekac-ijeb |          1.906 |      1.844 |      1.689 
 abcijk-ekbc-ijea |          1.727 |      1.890 |      1.618 
       abc-bk-akc |          1.633 |      1.498 |      1.211 
             MEAN |          1.941 |      1.804 |      1.574 

wrote bench-results/worker6194-icelake/phase4g/wu-discard.csv
