host        : worker5040
target      : x86_64 / linux
cpu features: avx2 fma 
caches      : L1=32KiB/8-way/1sh L2=512KiB/8-way/1sh L3=16384KiB/16-way/4sh (via sysfs), blocking=legacy
baselines   : tblis=false blas=false

sweeping 49 cases at 64 MiB nominal tensor size, 3 reps, stress=none


=== f64 ===
             case |      m |      n |     k | regA | regB | planar GF/s | 1m GF/s | 3m GF/s 
------------------+--------+--------+-------+------+------+-------------+---------+---------
         ij-ik-kj |   2904 |   2896 |  2904 | 1.00 | 1.00 |       274.2 |   274.2 |   274.2 
       ij-ikl-ljk |    216 |    204 | 44064 | 1.00 | 1.00 |        79.8 |    79.8 |    79.8 
       ij-kil-lkj |    216 |    204 | 46656 | 1.00 | 1.00 |       119.6 |   119.6 |   119.6 
       ijk-ikl-lj |  44064 |    204 |   216 | 1.00 | 1.00 |       241.0 |   241.0 |   241.0 
       ijk-il-jlk |    216 |  44064 |   204 | 1.00 | 1.00 |       164.3 |   164.3 |   164.3 
       ijk-ilk-jl |  44064 |    216 |   204 | 1.00 | 1.00 |       275.7 |   275.7 |   275.7 
       ijk-ilk-lj |  44064 |    204 |   216 | 1.00 | 1.00 |       278.9 |   278.9 |   278.9 
     ijk-ilmk-mjl |   3744 |     52 |  3744 | 1.00 | 1.00 |       165.4 |   165.4 |   165.4 
   ijkl-imjn-lnkm |   3744 |   3744 |  2704 | 1.00 | 0.92 |       288.5 |   288.5 |   288.5 
   ijkl-imjn-nlmk |   3744 |   2704 |  3744 | 1.00 | 0.92 |       284.5 |   284.5 |   284.5 
   ijkl-imkn-jnlm |   3744 |   3744 |  2704 | 1.00 | 1.00 |       287.2 |   287.2 |   287.2 
   ijkl-imkn-njml |   3744 |   2704 |  3744 | 1.00 | 0.92 |       272.5 |   272.5 |   272.5 
   ijkl-imln-jnkm |   3744 |   3744 |  2704 | 1.00 | 1.00 |       289.1 |   289.1 |   289.1 
   ijkl-imln-njmk |   3744 |   2704 |  3744 | 1.00 | 0.92 |       284.6 |   284.6 |   284.6 
   ijkl-imnj-nlkm |   3744 |   2704 |  3744 | 1.00 | 0.92 |       288.5 |   288.5 |   288.5 
   ijkl-imnk-njml |   3744 |   2704 |  3744 | 1.00 | 0.92 |       285.6 |   285.6 |   285.6 
   ijkl-minj-nlmk |   3744 |   2704 |  5184 | 1.00 | 0.92 |       276.1 |   276.1 |   276.1 
   ijkl-mink-jnlm |   3744 |   3744 |  3744 | 1.00 | 1.00 |       288.6 |   288.6 |   288.6 
   ijkl-minl-njmk |   3744 |   2704 |  5184 | 1.00 | 0.92 |       281.3 |   281.3 |   281.3 
     aqrs-pa-pqrs |     72 | 140608 |    72 | 1.00 | 1.00 |        41.9 |    41.9 |    41.9 
     abrs-qb-aqrs |     52 | 194688 |    72 | 1.00 | 1.00 |       146.6 |   146.6 |   146.6 
     abcs-rc-abrs |     52 | 194688 |    72 | 1.00 | 1.00 |        89.1 |    89.1 |    89.1 
       abj-bka-kj |  46656 |    204 |   216 | 1.00 | 1.00 |       203.2 |   203.2 |   203.2 
       ajb-kba-jk |  44064 |    216 |   216 | 1.00 | 1.00 |       247.7 |   247.7 |   247.7 
     abjc-cbka-kj | 269568 |     52 |    72 | 1.00 | 1.00 |        39.2 |    39.2 |    39.2 
     ajbc-ckba-jk | 269568 |     72 |    52 | 1.00 | 1.00 |        49.9 |    49.9 |    49.9 
     abjc-kbac-jk | 194688 |     72 |    72 | 1.00 | 1.00 |       156.1 |   156.1 |   156.1 
   abjcd-dkbac-jk | 331776 |     24 |    24 | 1.00 | 1.00 |        21.6 |    21.6 |    21.6 
   adbjc-cbdka-kj | 331776 |     24 |    24 | 1.00 | 1.00 |        17.3 |    17.3 |    17.3 
   ajbdc-ckbad-jk | 331776 |     24 |    24 | 1.00 | 1.00 |        21.5 |    21.5 |    21.5 
 abcijk-ijma-mkbc |   9216 |   4096 |    24 | 1.00 | 0.99 |        99.5 |    99.5 |    99.5 
 abcijk-ijmb-mkac |   6144 |   6144 |    24 | 1.00 | 0.75 |        93.7 |    93.7 |    93.7 
 abcijk-ijmc-mkab |   6144 |   6144 |    24 | 1.00 | 0.75 |        75.7 |    75.7 |    75.7 
 abcijk-ikma-mjbc |   9216 |   4096 |    24 | 1.00 | 0.99 |        98.2 |    98.2 |    98.2 
 abcijk-ikmb-mjac |   6144 |   6144 |    24 | 1.00 | 0.75 |        95.5 |    95.5 |    95.5 
 abcijk-ikmc-mjab |   6144 |   6144 |    24 | 1.00 | 0.75 |        74.2 |    74.2 |    74.2 
 abcijk-jkma-mibc |   9216 |   4096 |    24 | 1.00 | 0.99 |        93.6 |    93.6 |    93.6 
 abcijk-jkmb-miac |   6144 |   6144 |    24 | 1.00 | 0.75 |        95.6 |    95.6 |    95.6 
 abcijk-jkmc-miab |   6144 |   6144 |    24 | 1.00 | 0.75 |        73.2 |    73.2 |    73.2 
 abcijk-eiab-jkec |   6144 |   6144 |    24 | 1.00 | 0.75 |        69.9 |    69.9 |    69.9 
 abcijk-eiac-jkeb |   6144 |   6144 |    24 | 1.00 | 0.75 |        95.3 |    95.3 |    95.3 
 abcijk-eibc-jkea |   4096 |   9216 |    24 | 1.00 | 0.99 |       100.1 |   100.1 |   100.1 
 abcijk-ejab-ikec |   6144 |   6144 |    24 | 1.00 | 0.75 |        75.3 |    75.3 |    75.3 
 abcijk-ejac-ikeb |   6144 |   6144 |    24 | 1.00 | 0.75 |        95.9 |    95.9 |    95.9 
 abcijk-ejbc-ikea |   4096 |   9216 |    24 | 1.00 | 0.99 |        98.6 |    98.6 |    98.6 
 abcijk-ekab-ijec |   6144 |   6144 |    24 | 1.00 | 0.75 |        72.9 |    72.9 |    72.9 
 abcijk-ekac-ijeb |   6144 |   6144 |    24 | 1.00 | 0.75 |        96.1 |    96.1 |    96.1 
 abcijk-ekbc-ijea |   4096 |   9216 |    24 | 1.00 | 0.99 |        99.8 |    99.8 |    99.8 
       abc-bk-akc |    216 |  44064 |   204 | 1.00 | 1.00 |       194.9 |   194.9 |   194.9 

=== c64 ===
             case |      m |      n |     k | regA | regB | planar GF/s | 1m GF/s | 3m GF/s 
------------------+--------+--------+-------+------+------+-------------+---------+---------
         ij-ik-kj |   2904 |   2896 |  2904 | 1.00 | 1.00 |       317.3 |   317.2 |   308.9 
       ij-ikl-ljk |    216 |    204 | 44064 | 1.00 | 1.00 |       188.3 |   185.6 |   155.5 
       ij-kil-lkj |    216 |    204 | 46656 | 1.00 | 1.00 |       196.3 |   140.2 |   184.5 
       ijk-ikl-lj |  44064 |    204 |   216 | 1.00 | 1.00 |       311.1 |   268.1 |   275.2 
       ijk-il-jlk |    216 |  44064 |   204 | 1.00 | 0.98 |       208.5 |   235.0 |   197.3 
       ijk-ilk-jl |  44064 |    216 |   204 | 1.00 | 1.00 |       247.0 |   341.2 |   306.1 
       ijk-ilk-lj |  44064 |    204 |   216 | 1.00 | 1.00 |       333.5 |   345.8 |   306.1 
     ijk-ilmk-mjl |   3744 |     52 |  3744 | 1.00 | 1.00 |       231.2 |   238.8 |   205.9 
   ijkl-imjn-lnkm |   3744 |   3744 |  2704 | 1.00 | 0.92 |       319.9 |   328.4 |   308.2 
   ijkl-imjn-nlmk |   3744 |   2704 |  3744 | 1.00 | 0.92 |       323.8 |   331.2 |   310.0 
   ijkl-imkn-jnlm |   3744 |   3744 |  2704 | 1.00 | 0.95 |       324.6 |   327.1 |   304.3 
   ijkl-imkn-njml |   3744 |   2704 |  3744 | 1.00 | 0.92 |       322.0 |   322.1 |   305.0 
   ijkl-imln-jnkm |   3744 |   3744 |  2704 | 1.00 | 0.95 |       323.4 |   323.8 |   305.0 
   ijkl-imln-njmk |   3744 |   2704 |  3744 | 1.00 | 0.92 |       323.0 |   323.6 |   305.1 
   ijkl-imnj-nlkm |   3744 |   2704 |  3744 | 1.00 | 0.92 |       324.8 |   333.6 |   308.5 
   ijkl-imnk-njml |   3744 |   2704 |  3744 | 1.00 | 0.92 |       324.4 |   328.6 |   303.4 
   ijkl-minj-nlmk |   3744 |   2704 |  5184 | 1.00 | 0.92 |       322.4 |   329.4 |   317.5 
   ijkl-mink-jnlm |   3744 |   3744 |  3744 | 1.00 | 0.95 |       324.4 |   327.2 |   310.9 
   ijkl-minl-njmk |   3744 |   2704 |  5184 | 1.00 | 0.92 |       322.3 |   322.3 |   314.0 
     aqrs-pa-pqrs |     72 | 140608 |    72 | 1.00 | 1.00 |       123.1 |   125.8 |   106.5 
     abrs-qb-aqrs |     52 | 194688 |    72 | 1.00 | 1.00 |       216.5 |   230.0 |   152.3 
     abcs-rc-abrs |     52 | 194688 |    72 | 1.00 | 1.00 |       204.7 |   206.8 |   214.0 
       abj-bka-kj |  46656 |    204 |   216 | 1.00 | 1.00 |       270.9 |   257.2 |   267.3 
       ajb-kba-jk |  44064 |    216 |   216 | 1.00 | 1.00 |       332.3 |   296.2 |   338.9 
     abjc-cbka-kj | 269568 |     52 |    72 | 1.00 | 1.00 |       123.5 |   107.6 |   121.8 
     ajbc-ckba-jk | 269568 |     72 |    52 | 1.00 | 1.00 |       136.7 |   128.4 |   135.4 
     abjc-kbac-jk | 194688 |     72 |    72 | 1.00 | 1.00 |       257.6 |   279.1 |   277.5 
   abjcd-dkbac-jk | 331776 |     24 |    24 | 1.00 | 1.00 |        57.3 |    56.1 |    55.9 
   adbjc-cbdka-kj | 331776 |     24 |    24 | 1.00 | 1.00 |        53.9 |    52.3 |    54.1 
   ajbdc-ckbad-jk | 331776 |     24 |    24 | 1.00 | 1.00 |        45.5 |    54.1 |    55.7 
 abcijk-ijma-mkbc |   9216 |   4096 |    24 | 1.00 | 0.99 |       176.1 |   180.6 |   175.1 
 abcijk-ijmb-mkac |   6144 |   6144 |    24 | 1.00 | 0.75 |       173.3 |   179.5 |   167.8 
 abcijk-ijmc-mkab |   6144 |   6144 |    24 | 1.00 | 0.75 |       157.1 |   176.6 |   170.8 
 abcijk-ikma-mjbc |   9216 |   4096 |    24 | 1.00 | 0.99 |       177.2 |   183.8 |   176.7 
 abcijk-ikmb-mjac |   6144 |   6144 |    24 | 1.00 | 0.75 |       162.1 |   179.8 |   168.5 
 abcijk-ikmc-mjab |   6144 |   6144 |    24 | 1.00 | 0.75 |       157.5 |   164.8 |   162.5 
 abcijk-jkma-mibc |   9216 |   4096 |    24 | 1.00 | 0.99 |       177.9 |   182.1 |   178.2 
 abcijk-jkmb-miac |   6144 |   6144 |    24 | 1.00 | 0.75 |       167.4 |   155.9 |   158.3 
 abcijk-jkmc-miab |   6144 |   6144 |    24 | 1.00 | 0.75 |       139.3 |   127.8 |   157.6 
 abcijk-eiab-jkec |   6144 |   6144 |    24 | 1.00 | 0.75 |       134.9 |   124.3 |   139.2 
 abcijk-eiac-jkeb |   6144 |   6144 |    24 | 1.00 | 0.75 |       165.8 |   162.9 |   161.4 
 abcijk-eibc-jkea |   4096 |   9216 |    24 | 1.00 | 0.99 |       178.2 |   183.7 |   177.7 
 abcijk-ejab-ikec |   6144 |   6144 |    24 | 1.00 | 0.75 |       156.4 |   174.0 |   155.5 
 abcijk-ejac-ikeb |   6144 |   6144 |    24 | 1.00 | 0.75 |       152.0 |   177.6 |   159.9 
 abcijk-ejbc-ikea |   4096 |   9216 |    24 | 1.00 | 0.99 |       155.0 |   183.5 |   165.1 
 abcijk-ekab-ijec |   6144 |   6144 |    24 | 1.00 | 0.75 |       162.4 |   169.9 |   161.6 
 abcijk-ekac-ijeb |   6144 |   6144 |    24 | 1.00 | 0.75 |       172.9 |   179.0 |   170.9 
 abcijk-ekbc-ijea |   4096 |   9216 |    24 | 1.00 | 0.99 |       174.0 |   173.2 |   164.9 
       abc-bk-akc |    216 |  44064 |   204 | 1.00 | 1.00 |       328.9 |   345.6 |   304.5 

=== complex efficiency ratio (c64 GF/s over f64 GF/s; 1.0 = no penalty) ===
             case | planar c64/f64 | 1m c64/f64 | 3m c64/f64 
------------------+----------------+------------+------------
         ij-ik-kj |          1.157 |      1.157 |      1.127 
       ij-ikl-ljk |          2.361 |      2.327 |      1.950 
       ij-kil-lkj |          1.642 |      1.172 |      1.543 
       ijk-ikl-lj |          1.291 |      1.112 |      1.142 
       ijk-il-jlk |          1.269 |      1.430 |      1.201 
       ijk-ilk-jl |          0.896 |      1.238 |      1.110 
       ijk-ilk-lj |          1.196 |      1.240 |      1.097 
     ijk-ilmk-mjl |          1.398 |      1.444 |      1.245 
   ijkl-imjn-lnkm |          1.109 |      1.138 |      1.068 
   ijkl-imjn-nlmk |          1.138 |      1.164 |      1.090 
   ijkl-imkn-jnlm |          1.130 |      1.139 |      1.060 
   ijkl-imkn-njml |          1.182 |      1.182 |      1.119 
   ijkl-imln-jnkm |          1.119 |      1.120 |      1.055 
   ijkl-imln-njmk |          1.135 |      1.137 |      1.072 
   ijkl-imnj-nlkm |          1.126 |      1.156 |      1.069 
   ijkl-imnk-njml |          1.136 |      1.151 |      1.062 
   ijkl-minj-nlmk |          1.167 |      1.193 |      1.150 
   ijkl-mink-jnlm |          1.124 |      1.134 |      1.077 
   ijkl-minl-njmk |          1.146 |      1.146 |      1.116 
     aqrs-pa-pqrs |          2.935 |      2.998 |      2.538 
     abrs-qb-aqrs |          1.477 |      1.569 |      1.039 
     abcs-rc-abrs |          2.298 |      2.321 |      2.402 
       abj-bka-kj |          1.333 |      1.266 |      1.315 
       ajb-kba-jk |          1.342 |      1.196 |      1.368 
     abjc-cbka-kj |          3.155 |      2.749 |      3.110 
     ajbc-ckba-jk |          2.736 |      2.571 |      2.710 
     abjc-kbac-jk |          1.650 |      1.787 |      1.778 
   abjcd-dkbac-jk |          2.648 |      2.593 |      2.586 
   adbjc-cbdka-kj |          3.108 |      3.018 |      3.122 
   ajbdc-ckbad-jk |          2.118 |      2.521 |      2.593 
 abcijk-ijma-mkbc |          1.770 |      1.815 |      1.760 
 abcijk-ijmb-mkac |          1.848 |      1.915 |      1.790 
 abcijk-ijmc-mkab |          2.076 |      2.334 |      2.258 
 abcijk-ikma-mjbc |          1.805 |      1.872 |      1.799 
 abcijk-ikmb-mjac |          1.698 |      1.884 |      1.765 
 abcijk-ikmc-mjab |          2.123 |      2.221 |      2.191 
 abcijk-jkma-mibc |          1.899 |      1.944 |      1.903 
 abcijk-jkmb-miac |          1.751 |      1.630 |      1.656 
 abcijk-jkmc-miab |          1.902 |      1.745 |      2.152 
 abcijk-eiab-jkec |          1.930 |      1.778 |      1.991 
 abcijk-eiac-jkeb |          1.739 |      1.709 |      1.693 
 abcijk-eibc-jkea |          1.780 |      1.835 |      1.775 
 abcijk-ejab-ikec |          2.077 |      2.311 |      2.066 
 abcijk-ejac-ikeb |          1.585 |      1.852 |      1.667 
 abcijk-ejbc-ikea |          1.572 |      1.860 |      1.674 
 abcijk-ekab-ijec |          2.227 |      2.331 |      2.217 
 abcijk-ekac-ijeb |          1.799 |      1.862 |      1.777 
 abcijk-ekbc-ijea |          1.744 |      1.736 |      1.653 
       abc-bk-akc |          1.688 |      1.774 |      1.562 
             MEAN |          1.705 |      1.730 |      1.679 

wrote bench-results/worker5040-zen2/phase4f/th-t8-f64c64.csv
