host        : worker5040
target      : x86_64 / linux
cpu features: avx2 fma 
caches      : L1=32KiB/8-way/1sh L2=512KiB/8-way/1sh L3=16384KiB/16-way/4sh (via sysfs), blocking=legacy
baselines   : tblis=false blas=false

sweeping 49 cases at 64 MiB nominal tensor size, 3 reps, stress=none


=== f64 ===
             case |      m |      n |     k | regA | regB | planar GF/s | 1m GF/s | 3m GF/s 
------------------+--------+--------+-------+------+------+-------------+---------+---------
         ij-ik-kj |   2904 |   2896 |  2904 | 1.00 | 1.00 |        41.2 |    41.2 |    41.2 
       ij-ikl-ljk |    216 |    204 | 44064 | 1.00 | 1.00 |        33.2 |    33.2 |    33.2 
       ij-kil-lkj |    216 |    204 | 46656 | 1.00 | 1.00 |        32.9 |    32.9 |    32.9 
       ijk-ikl-lj |  44064 |    204 |   216 | 1.00 | 1.00 |        34.7 |    34.7 |    34.7 
       ijk-il-jlk |    216 |  44064 |   204 | 1.00 | 1.00 |        35.4 |    35.4 |    35.4 
       ijk-ilk-jl |  44064 |    216 |   204 | 1.00 | 1.00 |        40.3 |    40.3 |    40.3 
       ijk-ilk-lj |  44064 |    204 |   216 | 1.00 | 1.00 |        39.9 |    39.9 |    39.9 
     ijk-ilmk-mjl |   3744 |     52 |  3744 | 1.00 | 1.00 |        30.2 |    30.2 |    30.2 
   ijkl-imjn-lnkm |   3744 |   3744 |  2704 | 1.00 | 0.92 |        41.4 |    41.4 |    41.4 
   ijkl-imjn-nlmk |   3744 |   2704 |  3744 | 1.00 | 0.92 |        41.2 |    41.2 |    41.2 
   ijkl-imkn-jnlm |   3744 |   3744 |  2704 | 1.00 | 1.00 |        39.9 |    39.9 |    39.9 
   ijkl-imkn-njml |   3744 |   2704 |  3744 | 1.00 | 0.92 |        39.9 |    39.9 |    39.9 
   ijkl-imln-jnkm |   3744 |   3744 |  2704 | 1.00 | 1.00 |        40.0 |    40.0 |    40.0 
   ijkl-imln-njmk |   3744 |   2704 |  3744 | 1.00 | 0.92 |        39.8 |    39.8 |    39.8 
   ijkl-imnj-nlkm |   3744 |   2704 |  3744 | 1.00 | 0.92 |        41.6 |    41.6 |    41.6 
   ijkl-imnk-njml |   3744 |   2704 |  3744 | 1.00 | 0.92 |        40.2 |    40.2 |    40.2 
   ijkl-minj-nlmk |   3744 |   2704 |  5184 | 1.00 | 0.92 |        40.8 |    40.8 |    40.8 
   ijkl-mink-jnlm |   3744 |   3744 |  3744 | 1.00 | 1.00 |        39.7 |    39.7 |    39.7 
   ijkl-minl-njmk |   3744 |   2704 |  5184 | 1.00 | 0.92 |        39.5 |    39.5 |    39.5 
     aqrs-pa-pqrs |     72 | 140608 |    72 | 1.00 | 1.00 |        25.4 |    25.4 |    25.4 
     abrs-qb-aqrs |     52 | 194688 |    72 | 1.00 | 1.00 |        24.9 |    24.9 |    24.9 
     abcs-rc-abrs |     52 | 194688 |    72 | 1.00 | 1.00 |        24.0 |    24.0 |    24.0 
       abj-bka-kj |  46656 |    204 |   216 | 1.00 | 1.00 |        36.4 |    36.4 |    36.4 
       ajb-kba-jk |  44064 |    216 |   216 | 1.00 | 1.00 |        40.5 |    40.5 |    40.5 
     abjc-cbka-kj | 269568 |     52 |    72 | 1.00 | 1.00 |        12.5 |    12.5 |    12.5 
     ajbc-ckba-jk | 269568 |     72 |    52 | 1.00 | 1.00 |        19.1 |    19.1 |    19.1 
     abjc-kbac-jk | 194688 |     72 |    72 | 1.00 | 1.00 |        31.0 |    31.0 |    31.0 
   abjcd-dkbac-jk | 331776 |     24 |    24 | 1.00 | 1.00 |         5.9 |     5.9 |     5.9 
   adbjc-cbdka-kj | 331776 |     24 |    24 | 1.00 | 1.00 |         4.8 |     4.8 |     4.8 
   ajbdc-ckbad-jk | 331776 |     24 |    24 | 1.00 | 1.00 |         5.6 |     5.6 |     5.6 
 abcijk-ijma-mkbc |   9216 |   4096 |    24 | 1.00 | 0.99 |        22.3 |    22.3 |    22.3 
 abcijk-ijmb-mkac |   6144 |   6144 |    24 | 1.00 | 0.75 |        19.9 |    19.9 |    19.9 
 abcijk-ijmc-mkab |   6144 |   6144 |    24 | 1.00 | 0.75 |        24.4 |    24.4 |    24.4 
 abcijk-ikma-mjbc |   9216 |   4096 |    24 | 1.00 | 0.99 |        22.3 |    22.3 |    22.3 
 abcijk-ikmb-mjac |   6144 |   6144 |    24 | 1.00 | 0.75 |        19.8 |    19.8 |    19.8 
 abcijk-ikmc-mjab |   6144 |   6144 |    24 | 1.00 | 0.75 |        24.3 |    24.3 |    24.3 
 abcijk-jkma-mibc |   9216 |   4096 |    24 | 1.00 | 0.99 |        22.5 |    22.5 |    22.5 
 abcijk-jkmb-miac |   6144 |   6144 |    24 | 1.00 | 0.75 |        19.5 |    19.5 |    19.5 
 abcijk-jkmc-miab |   6144 |   6144 |    24 | 1.00 | 0.75 |        22.8 |    22.8 |    22.8 
 abcijk-eiab-jkec |   6144 |   6144 |    24 | 1.00 | 0.75 |        22.5 |    22.5 |    22.5 
 abcijk-eiac-jkeb |   6144 |   6144 |    24 | 1.00 | 0.75 |        19.4 |    19.4 |    19.4 
 abcijk-eibc-jkea |   4096 |   9216 |    24 | 1.00 | 0.99 |        22.4 |    22.4 |    22.4 
 abcijk-ejab-ikec |   6144 |   6144 |    24 | 1.00 | 0.75 |        24.3 |    24.3 |    24.3 
 abcijk-ejac-ikeb |   6144 |   6144 |    24 | 1.00 | 0.75 |        19.9 |    19.9 |    19.9 
 abcijk-ejbc-ikea |   4096 |   9216 |    24 | 1.00 | 0.99 |        22.3 |    22.3 |    22.3 
 abcijk-ekab-ijec |   6144 |   6144 |    24 | 1.00 | 0.75 |        24.4 |    24.4 |    24.4 
 abcijk-ekac-ijeb |   6144 |   6144 |    24 | 1.00 | 0.75 |        19.9 |    19.9 |    19.9 
 abcijk-ekbc-ijea |   4096 |   9216 |    24 | 1.00 | 0.99 |        22.4 |    22.4 |    22.4 
       abc-bk-akc |    216 |  44064 |   204 | 1.00 | 1.00 |        39.9 |    39.9 |    39.9 

=== c64 ===
             case |      m |      n |     k | regA | regB | planar GF/s | 1m GF/s | 3m GF/s 
------------------+--------+--------+-------+------+------+-------------+---------+---------
         ij-ik-kj |   2904 |   2896 |  2904 | 1.00 | 1.00 |        43.0 |    44.0 |    42.8 
       ij-ikl-ljk |    216 |    204 | 44064 | 1.00 | 1.00 |        39.4 |    41.3 |    37.5 
       ij-kil-lkj |    216 |    204 | 46656 | 1.00 | 1.00 |        39.5 |    40.6 |    40.3 
       ijk-ikl-lj |  44064 |    204 |   216 | 1.00 | 1.00 |        40.9 |    40.8 |    40.0 
       ijk-il-jlk |    216 |  44064 |   204 | 1.00 | 0.98 |        42.5 |    44.8 |    40.8 
       ijk-ilk-jl |  44064 |    216 |   204 | 1.00 | 1.00 |        43.2 |    45.0 |    41.4 
       ijk-ilk-lj |  44064 |    204 |   216 | 1.00 | 1.00 |        43.7 |    45.4 |    40.5 
     ijk-ilmk-mjl |   3744 |     52 |  3744 | 1.00 | 1.00 |        35.7 |    36.1 |    30.7 
   ijkl-imjn-lnkm |   3744 |   3744 |  2704 | 1.00 | 0.92 |        43.8 |    45.1 |    42.4 
   ijkl-imjn-nlmk |   3744 |   2704 |  3744 | 1.00 | 0.92 |        43.9 |    44.9 |    42.3 
   ijkl-imkn-jnlm |   3744 |   3744 |  2704 | 1.00 | 0.95 |        43.2 |    43.8 |    41.0 
   ijkl-imkn-njml |   3744 |   2704 |  3744 | 1.00 | 0.92 |        43.5 |    44.3 |    42.0 
   ijkl-imln-jnkm |   3744 |   3744 |  2704 | 1.00 | 0.95 |        43.6 |    44.5 |    42.2 
   ijkl-imln-njmk |   3744 |   2704 |  3744 | 1.00 | 0.92 |        43.5 |    44.5 |    42.0 
   ijkl-imnj-nlkm |   3744 |   2704 |  3744 | 1.00 | 0.92 |        44.3 |    45.6 |    43.7 
   ijkl-imnk-njml |   3744 |   2704 |  3744 | 1.00 | 0.92 |        43.7 |    44.6 |    42.1 
   ijkl-minj-nlmk |   3744 |   2704 |  5184 | 1.00 | 0.92 |        43.9 |    44.9 |    44.8 
   ijkl-mink-jnlm |   3744 |   3744 |  3744 | 1.00 | 0.95 |        43.3 |    44.1 |    43.2 
   ijkl-minl-njmk |   3744 |   2704 |  5184 | 1.00 | 0.92 |        43.2 |    43.8 |    43.0 
     aqrs-pa-pqrs |     72 | 140608 |    72 | 1.00 | 1.00 |        32.9 |    35.2 |    33.0 
     abrs-qb-aqrs |     52 | 194688 |    72 | 1.00 | 1.00 |        30.6 |    32.9 |    27.8 
     abcs-rc-abrs |     52 | 194688 |    72 | 1.00 | 1.00 |        29.9 |    32.9 |    31.2 
       abj-bka-kj |  46656 |    204 |   216 | 1.00 | 1.00 |        42.1 |    41.2 |    41.7 
       ajb-kba-jk |  44064 |    216 |   216 | 1.00 | 1.00 |        43.8 |    45.9 |    45.5 
     abjc-cbka-kj | 269568 |     52 |    72 | 1.00 | 1.00 |        20.8 |    18.8 |    21.2 
     ajbc-ckba-jk | 269568 |     72 |    52 | 1.00 | 1.00 |        22.4 |    21.1 |    22.2 
     abjc-kbac-jk | 194688 |     72 |    72 | 1.00 | 1.00 |        35.4 |    39.0 |    37.9 
   abjcd-dkbac-jk | 331776 |     24 |    24 | 1.00 | 1.00 |        12.4 |    11.3 |    12.1 
   adbjc-cbdka-kj | 331776 |     24 |    24 | 1.00 | 1.00 |        11.0 |    10.1 |    10.8 
   ajbdc-ckbad-jk | 331776 |     24 |    24 | 1.00 | 1.00 |        11.9 |    10.9 |    11.6 
 abcijk-ijma-mkbc |   9216 |   4096 |    24 | 1.00 | 0.99 |        26.9 |    30.2 |    26.6 
 abcijk-ijmb-mkac |   6144 |   6144 |    24 | 1.00 | 0.75 |        27.0 |    29.5 |    25.6 
 abcijk-ijmc-mkab |   6144 |   6144 |    24 | 1.00 | 0.75 |        29.7 |    33.6 |    28.8 
 abcijk-ikma-mjbc |   9216 |   4096 |    24 | 1.00 | 0.99 |        26.9 |    29.8 |    26.5 
 abcijk-ikmb-mjac |   6144 |   6144 |    24 | 1.00 | 0.75 |        27.0 |    29.8 |    26.3 
 abcijk-ikmc-mjab |   6144 |   6144 |    24 | 1.00 | 0.75 |        29.6 |    33.6 |    28.7 
 abcijk-jkma-mibc |   9216 |   4096 |    24 | 1.00 | 0.99 |        26.9 |    30.0 |    26.6 
 abcijk-jkmb-miac |   6144 |   6144 |    24 | 1.00 | 0.75 |        26.4 |    28.6 |    25.9 
 abcijk-jkmc-miab |   6144 |   6144 |    24 | 1.00 | 0.75 |        28.8 |    30.3 |    27.9 
 abcijk-eiab-jkec |   6144 |   6144 |    24 | 1.00 | 0.75 |        28.7 |    30.4 |    28.2 
 abcijk-eiac-jkeb |   6144 |   6144 |    24 | 1.00 | 0.75 |        26.1 |    28.2 |    25.9 
 abcijk-eibc-jkea |   4096 |   9216 |    24 | 1.00 | 0.99 |        27.0 |    30.0 |    26.5 
 abcijk-ejab-ikec |   6144 |   6144 |    24 | 1.00 | 0.75 |        29.7 |    33.6 |    28.8 
 abcijk-ejac-ikeb |   6144 |   6144 |    24 | 1.00 | 0.75 |        26.9 |    29.7 |    26.1 
 abcijk-ejbc-ikea |   4096 |   9216 |    24 | 1.00 | 0.99 |        27.0 |    30.0 |    26.5 
 abcijk-ekab-ijec |   6144 |   6144 |    24 | 1.00 | 0.75 |        29.7 |    33.6 |    28.8 
 abcijk-ekac-ijeb |   6144 |   6144 |    24 | 1.00 | 0.75 |        26.8 |    29.6 |    26.1 
 abcijk-ekbc-ijea |   4096 |   9216 |    24 | 1.00 | 0.99 |        27.0 |    30.0 |    26.5 
       abc-bk-akc |    216 |  44064 |   204 | 1.00 | 1.00 |        43.0 |    44.7 |    40.9 

=== complex efficiency ratio (c64 GF/s over f64 GF/s; 1.0 = no penalty) ===
             case | planar c64/f64 | 1m c64/f64 | 3m c64/f64 
------------------+----------------+------------+------------
         ij-ik-kj |          1.045 |      1.068 |      1.040 
       ij-ikl-ljk |          1.188 |      1.245 |      1.129 
       ij-kil-lkj |          1.200 |      1.232 |      1.223 
       ijk-ikl-lj |          1.177 |      1.176 |      1.152 
       ijk-il-jlk |          1.201 |      1.266 |      1.153 
       ijk-ilk-jl |          1.072 |      1.117 |      1.027 
       ijk-ilk-lj |          1.096 |      1.137 |      1.014 
     ijk-ilmk-mjl |          1.180 |      1.195 |      1.014 
   ijkl-imjn-lnkm |          1.058 |      1.089 |      1.024 
   ijkl-imjn-nlmk |          1.066 |      1.090 |      1.026 
   ijkl-imkn-jnlm |          1.082 |      1.096 |      1.027 
   ijkl-imkn-njml |          1.088 |      1.109 |      1.052 
   ijkl-imln-jnkm |          1.089 |      1.112 |      1.053 
   ijkl-imln-njmk |          1.091 |      1.116 |      1.055 
   ijkl-imnj-nlkm |          1.065 |      1.097 |      1.052 
   ijkl-imnk-njml |          1.086 |      1.108 |      1.047 
   ijkl-minj-nlmk |          1.075 |      1.101 |      1.097 
   ijkl-mink-jnlm |          1.093 |      1.111 |      1.090 
   ijkl-minl-njmk |          1.094 |      1.109 |      1.088 
     aqrs-pa-pqrs |          1.298 |      1.386 |      1.300 
     abrs-qb-aqrs |          1.232 |      1.321 |      1.118 
     abcs-rc-abrs |          1.246 |      1.373 |      1.302 
       abj-bka-kj |          1.157 |      1.130 |      1.145 
       ajb-kba-jk |          1.082 |      1.134 |      1.125 
     abjc-cbka-kj |          1.661 |      1.501 |      1.690 
     ajbc-ckba-jk |          1.174 |      1.105 |      1.162 
     abjc-kbac-jk |          1.142 |      1.256 |      1.223 
   abjcd-dkbac-jk |          2.103 |      1.921 |      2.052 
   adbjc-cbdka-kj |          2.294 |      2.092 |      2.243 
   ajbdc-ckbad-jk |          2.113 |      1.939 |      2.061 
 abcijk-ijma-mkbc |          1.208 |      1.358 |      1.195 
 abcijk-ijmb-mkac |          1.355 |      1.484 |      1.284 
 abcijk-ijmc-mkab |          1.216 |      1.378 |      1.179 
 abcijk-ikma-mjbc |          1.205 |      1.337 |      1.187 
 abcijk-ikmb-mjac |          1.361 |      1.503 |      1.323 
 abcijk-ikmc-mjab |          1.217 |      1.380 |      1.180 
 abcijk-jkma-mibc |          1.194 |      1.332 |      1.181 
 abcijk-jkmb-miac |          1.357 |      1.466 |      1.327 
 abcijk-jkmc-miab |          1.265 |      1.331 |      1.224 
 abcijk-eiab-jkec |          1.276 |      1.354 |      1.253 
 abcijk-eiac-jkeb |          1.346 |      1.453 |      1.336 
 abcijk-eibc-jkea |          1.202 |      1.336 |      1.180 
 abcijk-ejab-ikec |          1.220 |      1.382 |      1.182 
 abcijk-ejac-ikeb |          1.355 |      1.493 |      1.314 
 abcijk-ejbc-ikea |          1.207 |      1.343 |      1.187 
 abcijk-ekab-ijec |          1.217 |      1.380 |      1.181 
 abcijk-ekac-ijeb |          1.345 |      1.484 |      1.310 
 abcijk-ekbc-ijea |          1.206 |      1.339 |      1.187 
       abc-bk-akc |          1.077 |      1.120 |      1.023 
             MEAN |          1.253 |      1.306 |      1.225 

wrote bench-results/worker5040-zen2/phase4f/th-t1-f64c64.csv
