host        : worker5040
target      : x86_64 / linux
cpu features: avx2 fma 
caches      : L1=32KiB/8-way/1sh L2=512KiB/8-way/1sh L3=16384KiB/16-way/4sh (via sysfs), blocking=legacy
baselines   : tblis=false blas=false

sweeping 49 cases at 64 MiB nominal tensor size, 3 reps, stress=none


=== f32 ===
             case |      m |      n |     k | regA | regB | planar GF/s | 1m GF/s | 3m GF/s 
------------------+--------+--------+-------+------+------+-------------+---------+---------
         ij-ik-kj |   2904 |   2896 |  2904 | 1.00 | 1.00 |        82.3 |    82.3 |    82.3 
       ij-ikl-ljk |    216 |    204 | 44064 | 1.00 | 1.00 |        44.8 |    44.8 |    44.8 
       ij-kil-lkj |    216 |    204 | 46656 | 1.00 | 1.00 |        52.6 |    52.6 |    52.6 
       ijk-ikl-lj |  44064 |    204 |   216 | 1.00 | 1.00 |        62.6 |    62.6 |    62.6 
       ijk-il-jlk |    216 |  44064 |   204 | 1.00 | 1.00 |        66.2 |    66.2 |    66.2 
       ijk-ilk-jl |  44064 |    216 |   204 | 0.96 | 1.00 |        59.5 |    59.5 |    59.5 
       ijk-ilk-lj |  44064 |    204 |   216 | 0.96 | 1.00 |        59.2 |    59.2 |    59.2 
     ijk-ilmk-mjl |   3744 |     52 |  3744 | 0.89 | 1.00 |        37.2 |    37.2 |    37.2 
   ijkl-imjn-lnkm |   3744 |   3744 |  2704 | 0.89 | 0.92 |        83.0 |    83.0 |    83.0 
   ijkl-imjn-nlmk |   3744 |   2704 |  3744 | 0.89 | 0.92 |        81.9 |    81.9 |    81.9 
   ijkl-imkn-jnlm |   3744 |   3744 |  2704 | 0.89 | 1.00 |        78.6 |    78.6 |    78.6 
   ijkl-imkn-njml |   3744 |   2704 |  3744 | 0.89 | 0.92 |        78.0 |    78.0 |    78.0 
   ijkl-imln-jnkm |   3744 |   3744 |  2704 | 0.89 | 1.00 |        78.8 |    78.8 |    78.8 
   ijkl-imln-njmk |   3744 |   2704 |  3744 | 0.89 | 0.92 |        78.2 |    78.2 |    78.2 
   ijkl-imnj-nlkm |   3744 |   2704 |  3744 | 0.89 | 0.92 |        82.6 |    82.6 |    82.6 
   ijkl-imnk-njml |   3744 |   2704 |  3744 | 0.89 | 0.92 |        78.0 |    78.0 |    78.0 
   ijkl-minj-nlmk |   3744 |   2704 |  5184 | 0.89 | 0.92 |        80.7 |    80.7 |    80.7 
   ijkl-mink-jnlm |   3744 |   3744 |  3744 | 0.89 | 1.00 |        79.9 |    79.9 |    79.9 
   ijkl-minl-njmk |   3744 |   2704 |  5184 | 0.89 | 0.92 |        77.8 |    77.8 |    77.8 
     aqrs-pa-pqrs |     72 | 140608 |    72 | 1.00 | 1.00 |        43.6 |    43.6 |    43.6 
     abrs-qb-aqrs |     52 | 194688 |    72 | 0.89 | 1.00 |        38.9 |    38.9 |    38.9 
     abcs-rc-abrs |     52 | 194688 |    72 | 1.00 | 1.00 |        37.0 |    37.0 |    37.0 
       abj-bka-kj |  46656 |    204 |   216 | 0.96 | 1.00 |        66.8 |    66.8 |    66.8 
       ajb-kba-jk |  44064 |    216 |   216 | 0.96 | 1.00 |        77.2 |    77.2 |    77.2 
     abjc-cbka-kj | 269568 |     52 |    72 | 0.89 | 1.00 |        15.3 |    15.3 |    15.3 
     ajbc-ckba-jk | 269568 |     72 |    52 | 0.89 | 1.00 |        30.7 |    30.7 |    30.7 
     abjc-kbac-jk | 194688 |     72 |    72 | 0.89 | 1.00 |        53.4 |    53.4 |    53.4 
   abjcd-dkbac-jk | 331776 |     24 |    24 | 0.67 | 1.00 |         7.3 |     7.3 |     7.3 
   adbjc-cbdka-kj | 331776 |     24 |    24 | 0.67 | 1.00 |         5.8 |     5.8 |     5.8 
   ajbdc-ckbad-jk | 331776 |     24 |    24 | 1.00 | 1.00 |         6.2 |     6.2 |     6.2 
 abcijk-ijma-mkbc |   9216 |   4096 |    24 | 1.00 | 1.00 |        29.4 |    29.4 |    29.4 
 abcijk-ijmb-mkac |   6144 |   6144 |    24 | 1.00 | 1.00 |        24.6 |    24.6 |    24.6 
 abcijk-ijmc-mkab |   6144 |   6144 |    24 | 1.00 | 0.75 |        40.1 |    40.1 |    40.1 
 abcijk-ikma-mjbc |   9216 |   4096 |    24 | 1.00 | 1.00 |        29.5 |    29.5 |    29.5 
 abcijk-ikmb-mjac |   6144 |   6144 |    24 | 1.00 | 1.00 |        24.2 |    24.2 |    24.2 
 abcijk-ikmc-mjab |   6144 |   6144 |    24 | 1.00 | 0.75 |        40.5 |    40.5 |    40.5 
 abcijk-jkma-mibc |   9216 |   4096 |    24 | 1.00 | 1.00 |        29.8 |    29.8 |    29.8 
 abcijk-jkmb-miac |   6144 |   6144 |    24 | 1.00 | 1.00 |        24.4 |    24.4 |    24.4 
 abcijk-jkmc-miab |   6144 |   6144 |    24 | 1.00 | 0.75 |        38.5 |    38.5 |    38.5 
 abcijk-eiab-jkec |   6144 |   6144 |    24 | 1.00 | 0.75 |        38.3 |    38.3 |    38.3 
 abcijk-eiac-jkeb |   6144 |   6144 |    24 | 1.00 | 1.00 |        24.0 |    24.0 |    24.0 
 abcijk-eibc-jkea |   4096 |   9216 |    24 | 1.00 | 1.00 |        29.9 |    29.9 |    29.9 
 abcijk-ejab-ikec |   6144 |   6144 |    24 | 1.00 | 0.75 |        39.8 |    39.8 |    39.8 
 abcijk-ejac-ikeb |   6144 |   6144 |    24 | 1.00 | 1.00 |        24.5 |    24.5 |    24.5 
 abcijk-ejbc-ikea |   4096 |   9216 |    24 | 1.00 | 1.00 |        29.5 |    29.5 |    29.5 
 abcijk-ekab-ijec |   6144 |   6144 |    24 | 1.00 | 0.75 |        40.4 |    40.4 |    40.4 
 abcijk-ekac-ijeb |   6144 |   6144 |    24 | 1.00 | 1.00 |        24.0 |    24.0 |    24.0 
 abcijk-ekbc-ijea |   4096 |   9216 |    24 | 1.00 | 1.00 |        29.6 |    29.6 |    29.6 
       abc-bk-akc |    216 |  44064 |   204 | 0.96 | 1.00 |        60.8 |    60.8 |    60.8 

=== c32 ===
             case |      m |      n |     k | regA | regB | planar GF/s | 1m GF/s | 3m GF/s 
------------------+--------+--------+-------+------+------+-------------+---------+---------
         ij-ik-kj |   2904 |   2896 |  2904 | 1.00 | 1.00 |        85.2 |    86.7 |    84.9 
       ij-ikl-ljk |    216 |    204 | 44064 | 1.00 | 1.00 |        72.7 |    66.5 |    65.7 
       ij-kil-lkj |    216 |    204 | 46656 | 1.00 | 1.00 |        73.3 |    74.8 |    73.8 
       ijk-ikl-lj |  44064 |    204 |   216 | 1.00 | 1.00 |        73.4 |    78.5 |    76.1 
       ijk-il-jlk |    216 |  44064 |   204 | 1.00 | 0.98 |        79.4 |    80.1 |    74.1 
       ijk-ilk-jl |  44064 |    216 |   204 | 1.00 | 1.00 |        80.0 |    76.8 |    74.9 
       ijk-ilk-lj |  44064 |    204 |   216 | 1.00 | 1.00 |        81.0 |    77.3 |    73.7 
     ijk-ilmk-mjl |   3744 |     52 |  3744 | 1.00 | 1.00 |        59.7 |    59.5 |    55.9 
   ijkl-imjn-lnkm |   3744 |   3744 |  2704 | 1.00 | 0.92 |        86.5 |    86.5 |    86.0 
   ijkl-imjn-nlmk |   3744 |   2704 |  3744 | 1.00 | 0.92 |        87.1 |    87.3 |    87.3 
   ijkl-imkn-jnlm |   3744 |   3744 |  2704 | 1.00 | 0.95 |        83.4 |    83.7 |    83.9 
   ijkl-imkn-njml |   3744 |   2704 |  3744 | 1.00 | 0.92 |        84.6 |    85.4 |    85.5 
   ijkl-imln-jnkm |   3744 |   3744 |  2704 | 1.00 | 0.95 |        83.2 |    83.8 |    83.8 
   ijkl-imln-njmk |   3744 |   2704 |  3744 | 1.00 | 0.92 |        84.2 |    84.9 |    85.4 
   ijkl-imnj-nlkm |   3744 |   2704 |  3744 | 1.00 | 0.92 |        87.0 |    87.3 |    87.4 
   ijkl-imnk-njml |   3744 |   2704 |  3744 | 1.00 | 0.92 |        84.1 |    83.5 |    83.9 
   ijkl-minj-nlmk |   3744 |   2704 |  5184 | 1.00 | 0.92 |        85.8 |    85.5 |    86.5 
   ijkl-mink-jnlm |   3744 |   3744 |  3744 | 1.00 | 0.95 |        84.0 |    84.2 |    84.6 
   ijkl-minl-njmk |   3744 |   2704 |  5184 | 1.00 | 0.92 |        84.0 |    84.2 |    84.7 
     aqrs-pa-pqrs |     72 | 140608 |    72 | 1.00 | 1.00 |        54.8 |    61.0 |    57.3 
     abrs-qb-aqrs |     52 | 194688 |    72 | 1.00 | 1.00 |        52.8 |    47.8 |    45.0 
     abcs-rc-abrs |     52 | 194688 |    72 | 1.00 | 1.00 |        50.6 |    53.5 |    50.9 
       abj-bka-kj |  46656 |    204 |   216 | 1.00 | 1.00 |        78.5 |    79.7 |    77.5 
       ajb-kba-jk |  44064 |    216 |   216 | 1.00 | 1.00 |        84.6 |    89.3 |    85.2 
     abjc-cbka-kj | 269568 |     52 |    72 | 1.00 | 1.00 |        28.0 |    20.6 |    24.2 
     ajbc-ckba-jk | 269568 |     72 |    52 | 1.00 | 1.00 |        43.7 |    37.7 |    41.0 
     abjc-kbac-jk | 194688 |     72 |    72 | 1.00 | 1.00 |        66.7 |    69.8 |    69.0 
   abjcd-dkbac-jk | 331776 |     24 |    24 | 1.00 | 1.00 |        15.3 |    11.9 |    13.5 
   adbjc-cbdka-kj | 331776 |     24 |    24 | 1.00 | 1.00 |        12.7 |     9.8 |    11.0 
   ajbdc-ckbad-jk | 331776 |     24 |    24 | 1.00 | 1.00 |        15.3 |    12.2 |    13.5 
 abcijk-ijma-mkbc |   9216 |   4096 |    24 | 1.00 | 0.99 |        51.7 |    58.4 |    51.5 
 abcijk-ijmb-mkac |   6144 |   6144 |    24 | 1.00 | 0.75 |        48.9 |    55.1 |    48.8 
 abcijk-ijmc-mkab |   6144 |   6144 |    24 | 1.00 | 0.75 |        53.5 |    61.6 |    53.1 
 abcijk-ikma-mjbc |   9216 |   4096 |    24 | 1.00 | 0.99 |        51.6 |    58.4 |    51.4 
 abcijk-ikmb-mjac |   6144 |   6144 |    24 | 1.00 | 0.75 |        48.7 |    54.8 |    48.3 
 abcijk-ikmc-mjab |   6144 |   6144 |    24 | 1.00 | 0.75 |        53.2 |    61.5 |    52.2 
 abcijk-jkma-mibc |   9216 |   4096 |    24 | 1.00 | 0.99 |        51.8 |    58.9 |    52.0 
 abcijk-jkmb-miac |   6144 |   6144 |    24 | 1.00 | 0.75 |        48.4 |    54.0 |    48.9 
 abcijk-jkmc-miab |   6144 |   6144 |    24 | 1.00 | 0.75 |        51.7 |    59.6 |    50.9 
 abcijk-eiab-jkec |   6144 |   6144 |    24 | 1.00 | 0.75 |        51.7 |    59.0 |    50.8 
 abcijk-eiac-jkeb |   6144 |   6144 |    24 | 1.00 | 0.75 |        47.8 |    53.0 |    47.5 
 abcijk-eibc-jkea |   4096 |   9216 |    24 | 1.00 | 0.99 |        51.8 |    58.8 |    51.7 
 abcijk-ejab-ikec |   6144 |   6144 |    24 | 1.00 | 0.75 |        53.2 |    61.1 |    52.4 
 abcijk-ejac-ikeb |   6144 |   6144 |    24 | 1.00 | 0.75 |        48.6 |    54.9 |    48.4 
 abcijk-ejbc-ikea |   4096 |   9216 |    24 | 1.00 | 0.99 |        51.6 |    58.5 |    51.4 
 abcijk-ekab-ijec |   6144 |   6144 |    24 | 1.00 | 0.75 |        53.2 |    61.3 |    52.6 
 abcijk-ekac-ijeb |   6144 |   6144 |    24 | 1.00 | 0.75 |        48.7 |    54.8 |    48.4 
 abcijk-ekbc-ijea |   4096 |   9216 |    24 | 1.00 | 0.99 |        51.2 |    58.5 |    51.5 
       abc-bk-akc |    216 |  44064 |   204 | 1.00 | 1.00 |        79.6 |    74.2 |    73.6 

=== complex efficiency ratio (c32 GF/s over f32 GF/s; 1.0 = no penalty) ===
             case | planar c32/f32 | 1m c32/f32 | 3m c32/f32 
------------------+----------------+------------+------------
         ij-ik-kj |          1.035 |      1.054 |      1.032 
       ij-ikl-ljk |          1.624 |      1.484 |      1.466 
       ij-kil-lkj |          1.392 |      1.420 |      1.401 
       ijk-ikl-lj |          1.173 |      1.254 |      1.216 
       ijk-il-jlk |          1.199 |      1.209 |      1.120 
       ijk-ilk-jl |          1.344 |      1.291 |      1.258 
       ijk-ilk-lj |          1.368 |      1.306 |      1.245 
     ijk-ilmk-mjl |          1.607 |      1.602 |      1.505 
   ijkl-imjn-lnkm |          1.042 |      1.042 |      1.036 
   ijkl-imjn-nlmk |          1.064 |      1.066 |      1.066 
   ijkl-imkn-jnlm |          1.061 |      1.065 |      1.067 
   ijkl-imkn-njml |          1.084 |      1.095 |      1.095 
   ijkl-imln-jnkm |          1.056 |      1.063 |      1.063 
   ijkl-imln-njmk |          1.076 |      1.085 |      1.092 
   ijkl-imnj-nlkm |          1.053 |      1.057 |      1.058 
   ijkl-imnk-njml |          1.078 |      1.070 |      1.075 
   ijkl-minj-nlmk |          1.063 |      1.060 |      1.072 
   ijkl-mink-jnlm |          1.050 |      1.053 |      1.059 
   ijkl-minl-njmk |          1.079 |      1.082 |      1.088 
     aqrs-pa-pqrs |          1.257 |      1.400 |      1.316 
     abrs-qb-aqrs |          1.355 |      1.227 |      1.156 
     abcs-rc-abrs |          1.369 |      1.447 |      1.377 
       abj-bka-kj |          1.175 |      1.192 |      1.160 
       ajb-kba-jk |          1.096 |      1.158 |      1.104 
     abjc-cbka-kj |          1.827 |      1.346 |      1.582 
     ajbc-ckba-jk |          1.427 |      1.229 |      1.338 
     abjc-kbac-jk |          1.249 |      1.308 |      1.293 
   abjcd-dkbac-jk |          2.099 |      1.631 |      1.844 
   adbjc-cbdka-kj |          2.185 |      1.699 |      1.906 
   ajbdc-ckbad-jk |          2.458 |      1.956 |      2.174 
 abcijk-ijma-mkbc |          1.761 |      1.989 |      1.754 
 abcijk-ijmb-mkac |          1.990 |      2.242 |      1.987 
 abcijk-ijmc-mkab |          1.332 |      1.534 |      1.324 
 abcijk-ikma-mjbc |          1.747 |      1.977 |      1.742 
 abcijk-ikmb-mjac |          2.011 |      2.265 |      1.996 
 abcijk-ikmc-mjab |          1.314 |      1.519 |      1.290 
 abcijk-jkma-mibc |          1.740 |      1.978 |      1.746 
 abcijk-jkmb-miac |          1.982 |      2.212 |      2.004 
 abcijk-jkmc-miab |          1.343 |      1.550 |      1.324 
 abcijk-eiab-jkec |          1.350 |      1.542 |      1.327 
 abcijk-eiac-jkeb |          1.991 |      2.211 |      1.981 
 abcijk-eibc-jkea |          1.736 |      1.969 |      1.731 
 abcijk-ejab-ikec |          1.335 |      1.533 |      1.315 
 abcijk-ejac-ikeb |          1.986 |      2.244 |      1.978 
 abcijk-ejbc-ikea |          1.752 |      1.984 |      1.746 
 abcijk-ekab-ijec |          1.316 |      1.516 |      1.301 
 abcijk-ekac-ijeb |          2.030 |      2.284 |      2.020 
 abcijk-ekbc-ijea |          1.731 |      1.976 |      1.740 
       abc-bk-akc |          1.311 |      1.221 |      1.212 
             MEAN |          1.463 |      1.504 |      1.424 

wrote bench-results/worker5040-zen2/phase4f/th-t1-f32c32.csv
