host        : worker5040
target      : x86_64 / linux
cpu features: avx2 fma 
caches      : L1=32KiB/8-way/1sh L2=512KiB/8-way/1sh L3=16384KiB/16-way/4sh (via sysfs), blocking=legacy
baselines   : tblis=false blas=false

sweeping 49 cases at 64 MiB nominal tensor size, 3 reps, stress=none


=== f32 ===
             case |      m |      n |     k | regA | regB | planar GF/s | 1m GF/s | 3m GF/s 
------------------+--------+--------+-------+------+------+-------------+---------+---------
         ij-ik-kj |   2904 |   2896 |  2904 | 1.00 | 1.00 |        81.7 |    81.7 |    81.7 
       ij-ikl-ljk |    216 |    204 | 44064 | 1.00 | 1.00 |        44.7 |    44.7 |    44.7 
       ij-kil-lkj |    216 |    204 | 46656 | 1.00 | 1.00 |        52.3 |    52.3 |    52.3 
       ijk-ikl-lj |  44064 |    204 |   216 | 1.00 | 1.00 |        60.9 |    60.9 |    60.9 
       ijk-il-jlk |    216 |  44064 |   204 | 1.00 | 1.00 |        65.3 |    65.3 |    65.3 
       ijk-ilk-jl |  44064 |    216 |   204 | 0.96 | 1.00 |        58.0 |    58.0 |    58.0 
       ijk-ilk-lj |  44064 |    204 |   216 | 0.96 | 1.00 |        57.7 |    57.7 |    57.7 
     ijk-ilmk-mjl |   3744 |     52 |  3744 | 0.89 | 1.00 |        34.9 |    34.9 |    34.9 
   ijkl-imjn-lnkm |   3744 |   3744 |  2704 | 0.89 | 0.92 |        81.4 |    81.4 |    81.4 
   ijkl-imjn-nlmk |   3744 |   2704 |  3744 | 0.89 | 0.92 |        80.7 |    80.7 |    80.7 
   ijkl-imkn-jnlm |   3744 |   3744 |  2704 | 0.89 | 1.00 |        76.9 |    76.9 |    76.9 
   ijkl-imkn-njml |   3744 |   2704 |  3744 | 0.89 | 0.92 |        77.5 |    77.5 |    77.5 
   ijkl-imln-jnkm |   3744 |   3744 |  2704 | 0.89 | 1.00 |        77.8 |    77.8 |    77.8 
   ijkl-imln-njmk |   3744 |   2704 |  3744 | 0.89 | 0.92 |        78.0 |    78.0 |    78.0 
   ijkl-imnj-nlkm |   3744 |   2704 |  3744 | 0.89 | 0.92 |        80.9 |    80.9 |    80.9 
   ijkl-imnk-njml |   3744 |   2704 |  3744 | 0.89 | 0.92 |        77.4 |    77.4 |    77.4 
   ijkl-minj-nlmk |   3744 |   2704 |  5184 | 0.89 | 0.92 |        80.6 |    80.6 |    80.6 
   ijkl-mink-jnlm |   3744 |   3744 |  3744 | 0.89 | 1.00 |        79.4 |    79.4 |    79.4 
   ijkl-minl-njmk |   3744 |   2704 |  5184 | 0.89 | 0.92 |        77.2 |    77.2 |    77.2 
     aqrs-pa-pqrs |     72 | 140608 |    72 | 1.00 | 1.00 |        44.0 |    44.0 |    44.0 
     abrs-qb-aqrs |     52 | 194688 |    72 | 0.89 | 1.00 |        38.1 |    38.1 |    38.1 
     abcs-rc-abrs |     52 | 194688 |    72 | 1.00 | 1.00 |        33.3 |    33.3 |    33.3 
       abj-bka-kj |  46656 |    204 |   216 | 0.96 | 1.00 |        65.4 |    65.4 |    65.4 
       ajb-kba-jk |  44064 |    216 |   216 | 0.96 | 1.00 |        76.6 |    76.6 |    76.6 
     abjc-cbka-kj | 269568 |     52 |    72 | 0.89 | 1.00 |        15.0 |    15.0 |    15.0 
     ajbc-ckba-jk | 269568 |     72 |    52 | 0.89 | 1.00 |        30.9 |    30.9 |    30.9 
     abjc-kbac-jk | 194688 |     72 |    72 | 0.89 | 1.00 |        52.4 |    52.4 |    52.4 
   abjcd-dkbac-jk | 331776 |     24 |    24 | 0.67 | 1.00 |         7.4 |     7.4 |     7.4 
   adbjc-cbdka-kj | 331776 |     24 |    24 | 0.67 | 1.00 |         5.3 |     5.3 |     5.3 
   ajbdc-ckbad-jk | 331776 |     24 |    24 | 1.00 | 1.00 |         5.6 |     5.6 |     5.6 
 abcijk-ijma-mkbc |   9216 |   4096 |    24 | 1.00 | 1.00 |        29.2 |    29.2 |    29.2 
 abcijk-ijmb-mkac |   6144 |   6144 |    24 | 1.00 | 1.00 |        23.9 |    23.9 |    23.9 
 abcijk-ijmc-mkab |   6144 |   6144 |    24 | 1.00 | 0.75 |        39.4 |    39.4 |    39.4 
 abcijk-ikma-mjbc |   9216 |   4096 |    24 | 1.00 | 1.00 |        29.3 |    29.3 |    29.3 
 abcijk-ikmb-mjac |   6144 |   6144 |    24 | 1.00 | 1.00 |        23.7 |    23.7 |    23.7 
 abcijk-ikmc-mjab |   6144 |   6144 |    24 | 1.00 | 0.75 |        39.1 |    39.1 |    39.1 
 abcijk-jkma-mibc |   9216 |   4096 |    24 | 1.00 | 1.00 |        29.7 |    29.7 |    29.7 
 abcijk-jkmb-miac |   6144 |   6144 |    24 | 1.00 | 1.00 |        23.7 |    23.7 |    23.7 
 abcijk-jkmc-miab |   6144 |   6144 |    24 | 1.00 | 0.75 |        38.0 |    38.0 |    38.0 
 abcijk-eiab-jkec |   6144 |   6144 |    24 | 1.00 | 0.75 |        38.2 |    38.2 |    38.2 
 abcijk-eiac-jkeb |   6144 |   6144 |    24 | 1.00 | 1.00 |        23.4 |    23.4 |    23.4 
 abcijk-eibc-jkea |   4096 |   9216 |    24 | 1.00 | 1.00 |        29.8 |    29.8 |    29.8 
 abcijk-ejab-ikec |   6144 |   6144 |    24 | 1.00 | 0.75 |        38.9 |    38.9 |    38.9 
 abcijk-ejac-ikeb |   6144 |   6144 |    24 | 1.00 | 1.00 |        24.0 |    24.0 |    24.0 
 abcijk-ejbc-ikea |   4096 |   9216 |    24 | 1.00 | 1.00 |        29.2 |    29.2 |    29.2 
 abcijk-ekab-ijec |   6144 |   6144 |    24 | 1.00 | 0.75 |        39.8 |    39.8 |    39.8 
 abcijk-ekac-ijeb |   6144 |   6144 |    24 | 1.00 | 1.00 |        23.6 |    23.6 |    23.6 
 abcijk-ekbc-ijea |   4096 |   9216 |    24 | 1.00 | 1.00 |        29.3 |    29.3 |    29.3 
       abc-bk-akc |    216 |  44064 |   204 | 0.96 | 1.00 |        60.0 |    60.0 |    60.0 

=== c32 ===
             case |      m |      n |     k | regA | regB | planar GF/s | 1m GF/s | 3m GF/s 
------------------+--------+--------+-------+------+------+-------------+---------+---------
         ij-ik-kj |   2904 |   2896 |  2904 | 1.00 | 1.00 |        85.0 |    86.1 |    84.7 
       ij-ikl-ljk |    216 |    204 | 44064 | 1.00 | 1.00 |        71.6 |    66.0 |    65.0 
       ij-kil-lkj |    216 |    204 | 46656 | 1.00 | 1.00 |        72.6 |    74.8 |    73.2 
       ijk-ikl-lj |  44064 |    204 |   216 | 1.00 | 1.00 |        73.5 |    75.4 |    74.0 
       ijk-il-jlk |    216 |  44064 |   204 | 1.00 | 0.98 |        79.4 |    80.5 |    74.0 
       ijk-ilk-jl |  44064 |    216 |   204 | 1.00 | 1.00 |        78.5 |    72.3 |    71.4 
       ijk-ilk-lj |  44064 |    204 |   216 | 1.00 | 1.00 |        80.5 |    72.9 |    72.2 
     ijk-ilmk-mjl |   3744 |     52 |  3744 | 1.00 | 1.00 |        59.6 |    56.8 |    54.0 
   ijkl-imjn-lnkm |   3744 |   3744 |  2704 | 1.00 | 0.92 |        85.6 |    86.5 |    84.6 
   ijkl-imjn-nlmk |   3744 |   2704 |  3744 | 1.00 | 0.92 |        86.2 |    87.2 |    85.8 
   ijkl-imkn-jnlm |   3744 |   3744 |  2704 | 1.00 | 0.95 |        81.9 |    82.4 |    82.0 
   ijkl-imkn-njml |   3744 |   2704 |  3744 | 1.00 | 0.92 |        83.4 |    84.9 |    83.9 
   ijkl-imln-jnkm |   3744 |   3744 |  2704 | 1.00 | 0.95 |        81.6 |    82.5 |    81.9 
   ijkl-imln-njmk |   3744 |   2704 |  3744 | 1.00 | 0.92 |        83.1 |    84.2 |    83.8 
   ijkl-imnj-nlkm |   3744 |   2704 |  3744 | 1.00 | 0.92 |        86.2 |    87.4 |    86.0 
   ijkl-imnk-njml |   3744 |   2704 |  3744 | 1.00 | 0.92 |        82.9 |    84.3 |    83.9 
   ijkl-minj-nlmk |   3744 |   2704 |  5184 | 1.00 | 0.92 |        85.4 |    87.6 |    86.1 
   ijkl-mink-jnlm |   3744 |   3744 |  3744 | 1.00 | 0.95 |        82.3 |    84.3 |    84.2 
   ijkl-minl-njmk |   3744 |   2704 |  5184 | 1.00 | 0.92 |        82.2 |    84.3 |    84.2 
     aqrs-pa-pqrs |     72 | 140608 |    72 | 1.00 | 1.00 |        55.1 |    60.7 |    57.0 
     abrs-qb-aqrs |     52 | 194688 |    72 | 1.00 | 1.00 |        52.3 |    47.0 |    43.8 
     abcs-rc-abrs |     52 | 194688 |    72 | 1.00 | 1.00 |        46.6 |    47.2 |    44.9 
       abj-bka-kj |  46656 |    204 |   216 | 1.00 | 1.00 |        77.0 |    79.5 |    79.4 
       ajb-kba-jk |  44064 |    216 |   216 | 1.00 | 1.00 |        84.5 |    88.8 |    87.1 
     abjc-cbka-kj | 269568 |     52 |    72 | 1.00 | 1.00 |        27.8 |    20.4 |    24.1 
     ajbc-ckba-jk | 269568 |     72 |    52 | 1.00 | 1.00 |        44.5 |    39.4 |    42.0 
     abjc-kbac-jk | 194688 |     72 |    72 | 1.00 | 1.00 |        66.6 |    69.9 |    68.9 
   abjcd-dkbac-jk | 331776 |     24 |    24 | 1.00 | 1.00 |        15.0 |    11.6 |    13.1 
   adbjc-cbdka-kj | 331776 |     24 |    24 | 1.00 | 1.00 |        12.3 |     9.4 |    10.7 
   ajbdc-ckbad-jk | 331776 |     24 |    24 | 1.00 | 1.00 |        14.8 |    11.7 |    13.1 
 abcijk-ijma-mkbc |   9216 |   4096 |    24 | 1.00 | 0.99 |        51.3 |    58.0 |    51.2 
 abcijk-ijmb-mkac |   6144 |   6144 |    24 | 1.00 | 0.75 |        48.3 |    54.5 |    48.5 
 abcijk-ijmc-mkab |   6144 |   6144 |    24 | 1.00 | 0.75 |        53.0 |    61.3 |    53.0 
 abcijk-ikma-mjbc |   9216 |   4096 |    24 | 1.00 | 0.99 |        51.4 |    58.1 |    51.3 
 abcijk-ikmb-mjac |   6144 |   6144 |    24 | 1.00 | 0.75 |        48.0 |    54.2 |    47.6 
 abcijk-ikmc-mjab |   6144 |   6144 |    24 | 1.00 | 0.75 |        51.9 |    59.7 |    52.1 
 abcijk-jkma-mibc |   9216 |   4096 |    24 | 1.00 | 0.99 |        51.4 |    58.3 |    51.5 
 abcijk-jkmb-miac |   6144 |   6144 |    24 | 1.00 | 0.75 |        47.8 |    53.2 |    48.5 
 abcijk-jkmc-miab |   6144 |   6144 |    24 | 1.00 | 0.75 |        51.6 |    58.9 |    50.4 
 abcijk-eiab-jkec |   6144 |   6144 |    24 | 1.00 | 0.75 |        51.4 |    59.0 |    51.0 
 abcijk-eiac-jkeb |   6144 |   6144 |    24 | 1.00 | 0.75 |        47.7 |    53.5 |    48.0 
 abcijk-eibc-jkea |   4096 |   9216 |    24 | 1.00 | 0.99 |        51.4 |    58.2 |    51.0 
 abcijk-ejab-ikec |   6144 |   6144 |    24 | 1.00 | 0.75 |        52.8 |    60.9 |    52.5 
 abcijk-ejac-ikeb |   6144 |   6144 |    24 | 1.00 | 0.75 |        48.2 |    54.3 |    47.9 
 abcijk-ejbc-ikea |   4096 |   9216 |    24 | 1.00 | 0.99 |        51.3 |    58.0 |    51.3 
 abcijk-ekab-ijec |   6144 |   6144 |    24 | 1.00 | 0.75 |        52.8 |    60.9 |    52.5 
 abcijk-ekac-ijeb |   6144 |   6144 |    24 | 1.00 | 0.75 |        48.2 |    54.2 |    48.0 
 abcijk-ekbc-ijea |   4096 |   9216 |    24 | 1.00 | 0.99 |        51.4 |    58.2 |    51.1 
       abc-bk-akc |    216 |  44064 |   204 | 1.00 | 1.00 |        79.6 |    74.1 |    73.4 

=== complex efficiency ratio (c32 GF/s over f32 GF/s; 1.0 = no penalty) ===
             case | planar c32/f32 | 1m c32/f32 | 3m c32/f32 
------------------+----------------+------------+------------
         ij-ik-kj |          1.041 |      1.054 |      1.038 
       ij-ikl-ljk |          1.603 |      1.476 |      1.454 
       ij-kil-lkj |          1.389 |      1.431 |      1.400 
       ijk-ikl-lj |          1.207 |      1.239 |      1.216 
       ijk-il-jlk |          1.216 |      1.233 |      1.134 
       ijk-ilk-jl |          1.353 |      1.246 |      1.230 
       ijk-ilk-lj |          1.394 |      1.264 |      1.251 
     ijk-ilmk-mjl |          1.706 |      1.627 |      1.546 
   ijkl-imjn-lnkm |          1.052 |      1.063 |      1.040 
   ijkl-imjn-nlmk |          1.069 |      1.081 |      1.063 
   ijkl-imkn-jnlm |          1.065 |      1.070 |      1.065 
   ijkl-imkn-njml |          1.077 |      1.095 |      1.083 
   ijkl-imln-jnkm |          1.048 |      1.060 |      1.053 
   ijkl-imln-njmk |          1.066 |      1.080 |      1.075 
   ijkl-imnj-nlkm |          1.066 |      1.081 |      1.064 
   ijkl-imnk-njml |          1.072 |      1.089 |      1.084 
   ijkl-minj-nlmk |          1.060 |      1.087 |      1.069 
   ijkl-mink-jnlm |          1.036 |      1.061 |      1.061 
   ijkl-minl-njmk |          1.065 |      1.092 |      1.091 
     aqrs-pa-pqrs |          1.252 |      1.377 |      1.295 
     abrs-qb-aqrs |          1.370 |      1.233 |      1.149 
     abcs-rc-abrs |          1.401 |      1.420 |      1.349 
       abj-bka-kj |          1.178 |      1.217 |      1.215 
       ajb-kba-jk |          1.103 |      1.160 |      1.137 
     abjc-cbka-kj |          1.857 |      1.363 |      1.611 
     ajbc-ckba-jk |          1.439 |      1.273 |      1.358 
     abjc-kbac-jk |          1.270 |      1.333 |      1.314 
   abjcd-dkbac-jk |          2.024 |      1.562 |      1.768 
   adbjc-cbdka-kj |          2.321 |      1.767 |      2.023 
   ajbdc-ckbad-jk |          2.656 |      2.098 |      2.336 
 abcijk-ijma-mkbc |          1.755 |      1.984 |      1.753 
 abcijk-ijmb-mkac |          2.017 |      2.278 |      2.028 
 abcijk-ijmc-mkab |          1.347 |      1.558 |      1.347 
 abcijk-ikma-mjbc |          1.756 |      1.985 |      1.752 
 abcijk-ikmb-mjac |          2.026 |      2.286 |      2.007 
 abcijk-ikmc-mjab |          1.329 |      1.526 |      1.333 
 abcijk-jkma-mibc |          1.729 |      1.961 |      1.731 
 abcijk-jkmb-miac |          2.016 |      2.244 |      2.044 
 abcijk-jkmc-miab |          1.358 |      1.551 |      1.327 
 abcijk-eiab-jkec |          1.348 |      1.545 |      1.336 
 abcijk-eiac-jkeb |          2.035 |      2.282 |      2.049 
 abcijk-eibc-jkea |          1.726 |      1.951 |      1.711 
 abcijk-ejab-ikec |          1.356 |      1.565 |      1.349 
 abcijk-ejac-ikeb |          2.010 |      2.266 |      1.998 
 abcijk-ejbc-ikea |          1.759 |      1.989 |      1.758 
 abcijk-ekab-ijec |          1.329 |      1.532 |      1.320 
 abcijk-ekac-ijeb |          2.042 |      2.298 |      2.035 
 abcijk-ekbc-ijea |          1.751 |      1.983 |      1.741 
       abc-bk-akc |          1.325 |      1.234 |      1.223 
             MEAN |          1.479 |      1.515 |      1.437 

wrote bench-results/worker5040-zen2/phase4f/th-t1b-f32c32.csv
