host        : worker5086
target      : x86_64 / linux
cpu features: avx2 fma 
caches      : L1=32KiB/8-way/1sh L2=512KiB/8-way/1sh L3=16384KiB/16-way/4sh (via sysfs), blocking=legacy
l3 domains  : t1=1 t4=1 t8=2 t16=4 t32=8 t64=16 t128=32
baselines   : tblis=false blas=false

sweeping 49 cases at 4 MiB nominal tensor size, 6 reps, stress=none


=== f32 ===
             case |     m |     n |    k | regA | regB | planar GF/s | 1m GF/s | 3m GF/s 
------------------+-------+-------+------+------+------+-------------+---------+---------
         ij-ik-kj |   744 |   724 |  744 | 1.00 | 1.00 |       446.2 |   446.2 |   446.2 
       ij-ikl-ljk |    96 |    80 | 7680 | 1.00 | 1.00 |       125.3 |   125.3 |   125.3 
       ij-kil-lkj |    96 |    80 | 9216 | 1.00 | 1.00 |       120.1 |   120.1 |   120.1 
       ijk-ikl-lj |  7680 |    80 |   96 | 1.00 | 1.00 |       424.5 |   424.5 |   424.5 
       ijk-il-jlk |    96 |  7680 |   80 | 1.00 | 1.00 |       445.9 |   445.9 |   445.9 
       ijk-ilk-jl |  7680 |    96 |   80 | 1.00 | 1.00 |       421.7 |   421.7 |   421.7 
       ijk-ilk-lj |  7680 |    80 |   96 | 1.00 | 1.00 |       407.7 |   407.7 |   407.7 
     ijk-ilmk-mjl |  1344 |    28 | 1344 | 1.00 | 1.00 |       227.8 |   227.8 |   227.8 
   ijkl-imjn-lnkm |  1344 |  1344 |  784 | 1.00 | 0.86 |       648.9 |   648.9 |   648.9 
   ijkl-imjn-nlmk |  1344 |   784 | 1344 | 1.00 | 0.86 |       837.8 |   837.8 |   837.8 
   ijkl-imkn-jnlm |  1344 |  1344 |  784 | 1.00 | 1.00 |       880.6 |   880.6 |   880.6 
   ijkl-imkn-njml |  1344 |   784 | 1344 | 1.00 | 0.86 |       807.5 |   807.5 |   807.5 
   ijkl-imln-jnkm |  1344 |  1344 |  784 | 1.00 | 1.00 |       940.0 |   940.0 |   940.0 
   ijkl-imln-njmk |  1344 |   784 | 1344 | 1.00 | 0.86 |       839.3 |   839.3 |   839.3 
   ijkl-imnj-nlkm |  1344 |   784 | 1344 | 1.00 | 0.86 |       739.4 |   739.4 |   739.4 
   ijkl-imnk-njml |  1344 |   784 | 1344 | 1.00 | 0.86 |       734.8 |   734.8 |   734.8 
   ijkl-minj-nlmk |  1344 |   784 | 2304 | 1.00 | 0.86 |       642.8 |   642.8 |   642.8 
   ijkl-mink-jnlm |  1344 |  1344 | 1344 | 1.00 | 1.00 |       653.5 |   653.5 |   653.5 
   ijkl-minl-njmk |  1344 |   784 | 2304 | 1.00 | 0.86 |       751.1 |   751.1 |   751.1 
     aqrs-pa-pqrs |    48 | 21952 |   48 | 1.00 | 1.00 |       333.8 |   333.8 |   333.8 
     abrs-qb-aqrs |    28 | 37632 |   48 | 1.00 | 1.00 |       332.5 |   332.5 |   332.5 
     abcs-rc-abrs |    28 | 37632 |   48 | 1.00 | 1.00 |       303.1 |   303.1 |   303.1 
       abj-bka-kj |  9216 |    80 |   96 | 1.00 | 1.00 |       340.5 |   340.5 |   340.5 
       ajb-kba-jk |  7680 |    96 |   96 | 1.00 | 1.00 |       481.0 |   481.0 |   481.0 
     abjc-cbka-kj | 64512 |    28 |   48 | 1.00 | 1.00 |       208.0 |   208.0 |   208.0 
     ajbc-ckba-jk | 64512 |    48 |   28 | 1.00 | 1.00 |       281.1 |   281.1 |   281.1 
     abjc-kbac-jk | 37632 |    48 |   48 | 1.00 | 1.00 |       428.6 |   428.6 |   428.6 
   abjcd-dkbac-jk | 82944 |    24 |   12 | 0.67 | 1.00 |        46.1 |    46.1 |    46.1 
   adbjc-cbdka-kj | 82944 |    12 |   24 | 0.67 | 1.00 |        51.6 |    51.6 |    51.6 
   ajbdc-ckbad-jk | 82944 |    24 |   12 | 1.00 | 1.00 |        74.4 |    74.4 |    74.4 
 abcijk-ijma-mkbc |  4608 |   512 |   24 | 1.00 | 1.00 |       233.5 |   233.5 |   233.5 
 abcijk-ijmb-mkac |  1536 |  1536 |   24 | 1.00 | 1.00 |       428.7 |   428.7 |   428.7 
 abcijk-ijmc-mkab |  1536 |  1536 |   24 | 1.00 | 0.50 |       423.3 |   423.3 |   423.3 
 abcijk-ikma-mjbc |  4608 |   512 |   24 | 1.00 | 1.00 |       247.9 |   247.9 |   247.9 
 abcijk-ikmb-mjac |  1536 |  1536 |   24 | 1.00 | 1.00 |       374.9 |   374.9 |   374.9 
 abcijk-ikmc-mjab |  1536 |  1536 |   24 | 1.00 | 0.50 |       384.5 |   384.5 |   384.5 
 abcijk-jkma-mibc |  4608 |   512 |   24 | 1.00 | 1.00 |       225.7 |   225.7 |   225.7 
 abcijk-jkmb-miac |  1536 |  1536 |   24 | 1.00 | 1.00 |       389.5 |   389.5 |   389.5 
 abcijk-jkmc-miab |  1536 |  1536 |   24 | 1.00 | 0.50 |       390.0 |   390.0 |   390.0 
 abcijk-eiab-jkec |  1536 |  1536 |   24 | 1.00 | 0.50 |       406.5 |   406.5 |   406.5 
 abcijk-eiac-jkeb |  1536 |  1536 |   24 | 1.00 | 1.00 |       396.2 |   396.2 |   396.2 
 abcijk-eibc-jkea |   512 |  4608 |   24 | 1.00 | 1.00 |       198.7 |   198.7 |   198.7 
 abcijk-ejab-ikec |  1536 |  1536 |   24 | 1.00 | 0.50 |       412.1 |   412.1 |   412.1 
 abcijk-ejac-ikeb |  1536 |  1536 |   24 | 1.00 | 1.00 |       396.8 |   396.8 |   396.8 
 abcijk-ejbc-ikea |   512 |  4608 |   24 | 1.00 | 1.00 |       192.6 |   192.6 |   192.6 
 abcijk-ekab-ijec |  1536 |  1536 |   24 | 1.00 | 0.50 |       419.9 |   419.9 |   419.9 
 abcijk-ekac-ijeb |  1536 |  1536 |   24 | 1.00 | 1.00 |       406.0 |   406.0 |   406.0 
 abcijk-ekbc-ijea |   512 |  4608 |   24 | 1.00 | 1.00 |       247.1 |   247.1 |   247.1 
       abc-bk-akc |    96 |  7680 |   80 | 1.00 | 1.00 |       448.7 |   448.7 |   448.7 

=== c32 ===
             case |     m |     n |    k | regA | regB | planar GF/s | 1m GF/s | 3m GF/s 
------------------+-------+-------+------+------+------+-------------+---------+---------
         ij-ik-kj |   744 |   724 |  744 | 1.00 | 1.00 |       627.2 |   723.6 |   534.9 
       ij-ikl-ljk |    96 |    80 | 7680 | 1.00 | 1.00 |       284.5 |   289.6 |   192.7 
       ij-kil-lkj |    96 |    80 | 9216 | 1.00 | 1.00 |       285.8 |   249.2 |   236.2 
       ijk-ikl-lj |  7680 |    80 |   96 | 1.00 | 1.00 |       648.2 |   596.5 |   845.5 
       ijk-il-jlk |    96 |  7680 |   80 | 1.00 | 0.96 |       575.6 |   621.4 |   659.9 
       ijk-ilk-jl |  7680 |    96 |   80 | 1.00 | 1.00 |       614.9 |   615.3 |   668.7 
       ijk-ilk-lj |  7680 |    80 |   96 | 1.00 | 1.00 |       653.7 |   635.5 |   645.4 
     ijk-ilmk-mjl |  1344 |    28 | 1344 | 1.00 | 1.00 |       300.4 |   302.4 |   395.6 
   ijkl-imjn-lnkm |  1344 |  1344 |  784 | 1.00 | 0.86 |       837.3 |  1028.2 |  1122.9 
   ijkl-imjn-nlmk |  1344 |   784 | 1344 | 1.00 | 0.86 |      1328.9 |  1238.2 |   933.9 
   ijkl-imkn-jnlm |  1344 |  1344 |  784 | 1.00 | 0.92 |      1185.9 |   882.4 |   801.2 
   ijkl-imkn-njml |  1344 |   784 | 1344 | 1.00 | 0.86 |      1164.6 |  1139.6 |  1010.3 
   ijkl-imln-jnkm |  1344 |  1344 |  784 | 1.00 | 0.92 |      1102.9 |  1056.0 |   976.9 
   ijkl-imln-njmk |  1344 |   784 | 1344 | 1.00 | 0.86 |      1110.3 |   979.6 |   844.9 
   ijkl-imnj-nlkm |  1344 |   784 | 1344 | 1.00 | 0.86 |      1005.9 |   978.4 |   821.3 
   ijkl-imnk-njml |  1344 |   784 | 1344 | 1.00 | 0.86 |      1037.3 |  1073.4 |   999.5 
   ijkl-minj-nlmk |  1344 |   784 | 2304 | 1.00 | 0.86 |      1090.4 |  1280.1 |  1229.9 
   ijkl-mink-jnlm |  1344 |  1344 | 1344 | 1.00 | 0.92 |      1223.6 |  1178.7 |   873.5 
   ijkl-minl-njmk |  1344 |   784 | 2304 | 1.00 | 0.86 |      1430.7 |  1480.3 |  1343.2 
     aqrs-pa-pqrs |    48 | 21952 |   48 | 1.00 | 1.00 |       451.7 |   477.4 |   189.7 
     abrs-qb-aqrs |    28 | 37632 |   48 | 1.00 | 1.00 |       593.6 |   578.1 |   539.4 
     abcs-rc-abrs |    28 | 37632 |   48 | 1.00 | 1.00 |       560.7 |   581.2 |   709.8 
       abj-bka-kj |  9216 |    80 |   96 | 1.00 | 1.00 |       533.4 |   535.8 |   629.6 
       ajb-kba-jk |  7680 |    96 |   96 | 1.00 | 1.00 |       702.3 |   757.7 |   871.8 
     abjc-cbka-kj | 64512 |    28 |   48 | 1.00 | 1.00 |       446.4 |   207.4 |   262.9 
     ajbc-ckba-jk | 64512 |    48 |   28 | 1.00 | 1.00 |       578.8 |   540.4 |   488.3 
     abjc-kbac-jk | 37632 |    48 |   48 | 1.00 | 1.00 |       644.1 |   617.4 |   637.9 
   abjcd-dkbac-jk | 82944 |    24 |   12 | 1.00 | 1.00 |       262.1 |   273.9 |   234.5 
   adbjc-cbdka-kj | 82944 |    12 |   24 | 1.00 | 1.00 |       252.9 |   249.3 |   215.5 
   ajbdc-ckbad-jk | 82944 |    24 |   12 | 1.00 | 1.00 |       300.3 |   304.8 |   218.0 
 abcijk-ijma-mkbc |  4608 |   512 |   24 | 1.00 | 0.94 |       328.2 |   434.4 |   478.1 
 abcijk-ijmb-mkac |  1536 |  1536 |   24 | 1.00 | 0.50 |       660.2 |   670.8 |   735.7 
 abcijk-ijmc-mkab |  1536 |  1536 |   24 | 1.00 | 0.50 |       730.4 |   687.9 |   744.8 
 abcijk-ikma-mjbc |  4608 |   512 |   24 | 1.00 | 0.94 |       417.3 |   433.5 |   511.0 
 abcijk-ikmb-mjac |  1536 |  1536 |   24 | 1.00 | 0.50 |       612.5 |   534.2 |   644.3 
 abcijk-ikmc-mjab |  1536 |  1536 |   24 | 1.00 | 0.50 |       498.7 |   565.6 |   617.4 
 abcijk-jkma-mibc |  4608 |   512 |   24 | 1.00 | 0.94 |       341.8 |   375.2 |   428.1 
 abcijk-jkmb-miac |  1536 |  1536 |   24 | 1.00 | 0.50 |       626.1 |   583.2 |   643.3 
 abcijk-jkmc-miab |  1536 |  1536 |   24 | 1.00 | 0.50 |       682.6 |   657.2 |   721.6 
 abcijk-eiab-jkec |  1536 |  1536 |   24 | 1.00 | 0.50 |       675.7 |   646.2 |   725.6 
 abcijk-eiac-jkeb |  1536 |  1536 |   24 | 1.00 | 0.50 |       625.3 |   517.8 |   582.7 
 abcijk-eibc-jkea |   512 |  4608 |   24 | 1.00 | 0.94 |       334.6 |   377.6 |   433.9 
 abcijk-ejab-ikec |  1536 |  1536 |   24 | 1.00 | 0.50 |       656.4 |   554.1 |   723.7 
 abcijk-ejac-ikeb |  1536 |  1536 |   24 | 1.00 | 0.50 |       698.2 |   625.5 |   627.7 
 abcijk-ejbc-ikea |   512 |  4608 |   24 | 1.00 | 0.94 |       462.3 |   444.4 |   503.4 
 abcijk-ekab-ijec |  1536 |  1536 |   24 | 1.00 | 0.50 |       924.1 |   868.9 |   715.8 
 abcijk-ekac-ijeb |  1536 |  1536 |   24 | 1.00 | 0.50 |       843.5 |   856.8 |   702.5 
 abcijk-ekbc-ijea |   512 |  4608 |   24 | 1.00 | 0.94 |       556.7 |   539.4 |   556.7 
       abc-bk-akc |    96 |  7680 |   80 | 1.00 | 1.00 |       923.0 |   943.2 |   949.5 

=== complex efficiency ratio (c32 GF/s over f32 GF/s; 1.0 = no penalty) ===
             case | planar c32/f32 | 1m c32/f32 | 3m c32/f32 
------------------+----------------+------------+------------
         ij-ik-kj |          1.406 |      1.622 |      1.199 
       ij-ikl-ljk |          2.270 |      2.310 |      1.537 
       ij-kil-lkj |          2.379 |      2.074 |      1.966 
       ijk-ikl-lj |          1.527 |      1.405 |      1.991 
       ijk-il-jlk |          1.291 |      1.394 |      1.480 
       ijk-ilk-jl |          1.458 |      1.459 |      1.586 
       ijk-ilk-lj |          1.603 |      1.559 |      1.583 
     ijk-ilmk-mjl |          1.318 |      1.327 |      1.736 
   ijkl-imjn-lnkm |          1.290 |      1.585 |      1.731 
   ijkl-imjn-nlmk |          1.586 |      1.478 |      1.115 
   ijkl-imkn-jnlm |          1.347 |      1.002 |      0.910 
   ijkl-imkn-njml |          1.442 |      1.411 |      1.251 
   ijkl-imln-jnkm |          1.173 |      1.123 |      1.039 
   ijkl-imln-njmk |          1.323 |      1.167 |      1.007 
   ijkl-imnj-nlkm |          1.360 |      1.323 |      1.111 
   ijkl-imnk-njml |          1.412 |      1.461 |      1.360 
   ijkl-minj-nlmk |          1.696 |      1.992 |      1.913 
   ijkl-mink-jnlm |          1.872 |      1.804 |      1.337 
   ijkl-minl-njmk |          1.905 |      1.971 |      1.788 
     aqrs-pa-pqrs |          1.353 |      1.430 |      0.568 
     abrs-qb-aqrs |          1.786 |      1.739 |      1.622 
     abcs-rc-abrs |          1.850 |      1.918 |      2.342 
       abj-bka-kj |          1.567 |      1.574 |      1.849 
       ajb-kba-jk |          1.460 |      1.575 |      1.812 
     abjc-cbka-kj |          2.147 |      0.997 |      1.264 
     ajbc-ckba-jk |          2.059 |      1.922 |      1.737 
     abjc-kbac-jk |          1.503 |      1.440 |      1.488 
   abjcd-dkbac-jk |          5.690 |      5.946 |      5.090 
   adbjc-cbdka-kj |          4.901 |      4.831 |      4.176 
   ajbdc-ckbad-jk |          4.039 |      4.099 |      2.932 
 abcijk-ijma-mkbc |          1.406 |      1.860 |      2.048 
 abcijk-ijmb-mkac |          1.540 |      1.565 |      1.716 
 abcijk-ijmc-mkab |          1.725 |      1.625 |      1.759 
 abcijk-ikma-mjbc |          1.683 |      1.749 |      2.061 
 abcijk-ikmb-mjac |          1.634 |      1.425 |      1.718 
 abcijk-ikmc-mjab |          1.297 |      1.471 |      1.606 
 abcijk-jkma-mibc |          1.515 |      1.662 |      1.897 
 abcijk-jkmb-miac |          1.607 |      1.497 |      1.651 
 abcijk-jkmc-miab |          1.750 |      1.685 |      1.850 
 abcijk-eiab-jkec |          1.662 |      1.590 |      1.785 
 abcijk-eiac-jkeb |          1.578 |      1.307 |      1.471 
 abcijk-eibc-jkea |          1.684 |      1.900 |      2.183 
 abcijk-ejab-ikec |          1.593 |      1.345 |      1.756 
 abcijk-ejac-ikeb |          1.760 |      1.577 |      1.582 
 abcijk-ejbc-ikea |          2.401 |      2.308 |      2.614 
 abcijk-ekab-ijec |          2.201 |      2.069 |      1.704 
 abcijk-ekac-ijeb |          2.077 |      2.110 |      1.730 
 abcijk-ekbc-ijea |          2.253 |      2.183 |      2.253 
       abc-bk-akc |          2.057 |      2.102 |      2.116 
             MEAN |          1.866 |      1.836 |      1.796 

wrote bench-results/worker5086-zen2/phase4g/sm-both-s4-t64-f32c32.csv
