host        : worker5086
target      : x86_64 / linux
cpu features: avx2 fma 
caches      : L1=32KiB/8-way/1sh L2=512KiB/8-way/1sh L3=16384KiB/16-way/4sh (via sysfs), blocking=legacy
l3 domains  : t1=1 t4=1 t8=2
baselines   : tblis=false blas=false

sweeping 49 cases at 0.25 MiB nominal tensor size, 96 reps, stress=none


=== f64 ===
             case |     m |    n |    k | regA | regB | planar GF/s | 1m GF/s | 3m GF/s 
------------------+-------+------+------+------+------+-------------+---------+---------
         ij-ik-kj |   192 |  180 |  192 | 1.00 | 1.00 |        71.5 |    71.5 |    71.5 
       ij-ikl-ljk |    48 |   32 | 1536 | 1.00 | 1.00 |        21.7 |    21.7 |    21.7 
       ij-kil-lkj |    48 |   32 | 2304 | 1.00 | 1.00 |        20.4 |    20.4 |    20.4 
       ijk-ikl-lj |  1536 |   32 |   48 | 1.00 | 1.00 |        22.9 |    22.9 |    22.9 
       ijk-il-jlk |    48 | 1536 |   32 | 1.00 | 1.00 |        22.9 |    22.9 |    22.9 
       ijk-ilk-jl |  1536 |   48 |   32 | 1.00 | 1.00 |        24.9 |    24.9 |    24.9 
       ijk-ilk-lj |  1536 |   32 |   48 | 1.00 | 1.00 |        24.3 |    24.3 |    24.3 
     ijk-ilmk-mjl |   288 |   12 |  288 | 1.00 | 1.00 |        19.8 |    19.8 |    19.8 
   ijkl-imjn-lnkm |   288 |  288 |  144 | 1.00 | 1.00 |       106.1 |   106.1 |   106.1 
   ijkl-imjn-nlmk |   288 |  144 |  288 | 1.00 | 1.00 |        94.9 |    94.9 |    94.9 
   ijkl-imkn-jnlm |   288 |  288 |  144 | 1.00 | 1.00 |       112.1 |   112.1 |   112.1 
   ijkl-imkn-njml |   288 |  144 |  288 | 1.00 | 1.00 |        96.5 |    96.5 |    96.5 
   ijkl-imln-jnkm |   288 |  288 |  144 | 1.00 | 1.00 |       111.9 |   111.9 |   111.9 
   ijkl-imln-njmk |   288 |  144 |  288 | 1.00 | 1.00 |        96.8 |    96.8 |    96.8 
   ijkl-imnj-nlkm |   288 |  144 |  288 | 1.00 | 1.00 |        95.2 |    95.2 |    95.2 
   ijkl-imnk-njml |   288 |  144 |  288 | 1.00 | 1.00 |        98.6 |    98.6 |    98.6 
   ijkl-minj-nlmk |   288 |  144 |  576 | 1.00 | 1.00 |       127.5 |   127.5 |   127.5 
   ijkl-mink-jnlm |   288 |  288 |  288 | 1.00 | 1.00 |       138.1 |   138.1 |   138.1 
   ijkl-minl-njmk |   288 |  144 |  576 | 1.00 | 1.00 |       130.8 |   130.8 |   130.8 
     aqrs-pa-pqrs |    24 | 1728 |   24 | 1.00 | 1.00 |        16.3 |    16.3 |    16.3 
     abrs-qb-aqrs |    12 | 3456 |   24 | 1.00 | 1.00 |        14.4 |    14.4 |    14.4 
     abcs-rc-abrs |    12 | 3456 |   24 | 1.00 | 1.00 |        14.4 |    14.4 |    14.4 
       abj-bka-kj |  2304 |   32 |   48 | 1.00 | 1.00 |        21.1 |    21.1 |    21.1 
       ajb-kba-jk |  1536 |   48 |   48 | 1.00 | 1.00 |        27.2 |    27.2 |    27.2 
     abjc-cbka-kj |  6912 |   12 |   24 | 1.00 | 1.00 |        10.8 |    10.8 |    10.8 
     ajbc-ckba-jk |  6912 |   24 |   12 | 1.00 | 1.00 |        12.2 |    12.2 |    12.2 
     abjc-kbac-jk |  3456 |   24 |   24 | 1.00 | 1.00 |        17.9 |    17.9 |    17.9 
   abjcd-dkbac-jk | 36864 |   24 |    8 | 1.00 | 1.00 |        16.6 |    16.6 |    16.6 
   adbjc-cbdka-kj | 36864 |    8 |   24 | 1.00 | 1.00 |         4.4 |     4.4 |     4.4 
   ajbdc-ckbad-jk | 36864 |   24 |    8 | 1.00 | 1.00 |        15.9 |    15.9 |    15.9 
 abcijk-ijma-mkbc |  2304 |   64 |   24 | 1.00 | 0.82 |        21.2 |    21.2 |    21.2 
 abcijk-ijmb-mkac |   384 |  384 |   24 | 1.00 | 0.00 |        25.3 |    25.3 |    25.3 
 abcijk-ijmc-mkab |   384 |  384 |   24 | 1.00 | 0.00 |        25.4 |    25.4 |    25.4 
 abcijk-ikma-mjbc |  2304 |   64 |   24 | 1.00 | 0.82 |        21.2 |    21.2 |    21.2 
 abcijk-ikmb-mjac |   384 |  384 |   24 | 1.00 | 0.00 |        25.3 |    25.3 |    25.3 
 abcijk-ikmc-mjab |   384 |  384 |   24 | 1.00 | 0.00 |        25.3 |    25.3 |    25.3 
 abcijk-jkma-mibc |  2304 |   64 |   24 | 1.00 | 0.82 |        21.3 |    21.3 |    21.3 
 abcijk-jkmb-miac |   384 |  384 |   24 | 1.00 | 0.00 |        25.3 |    25.3 |    25.3 
 abcijk-jkmc-miab |   384 |  384 |   24 | 1.00 | 0.00 |        25.3 |    25.3 |    25.3 
 abcijk-eiab-jkec |   384 |  384 |   24 | 1.00 | 0.00 |        25.3 |    25.3 |    25.3 
 abcijk-eiac-jkeb |   384 |  384 |   24 | 1.00 | 0.00 |        25.4 |    25.4 |    25.4 
 abcijk-eibc-jkea |    64 | 2304 |   24 | 1.00 | 0.82 |        21.2 |    21.2 |    21.2 
 abcijk-ejab-ikec |   384 |  384 |   24 | 1.00 | 0.00 |        25.3 |    25.3 |    25.3 
 abcijk-ejac-ikeb |   384 |  384 |   24 | 1.00 | 0.00 |        25.3 |    25.3 |    25.3 
 abcijk-ejbc-ikea |    64 | 2304 |   24 | 1.00 | 0.82 |        21.2 |    21.2 |    21.2 
 abcijk-ekab-ijec |   384 |  384 |   24 | 1.00 | 0.00 |        25.3 |    25.3 |    25.3 
 abcijk-ekac-ijeb |   384 |  384 |   24 | 1.00 | 0.00 |        25.3 |    25.3 |    25.3 
 abcijk-ekbc-ijea |    64 | 2304 |   24 | 1.00 | 0.82 |        21.2 |    21.2 |    21.2 
       abc-bk-akc |    48 | 1536 |   32 | 1.00 | 1.00 |        24.8 |    24.8 |    24.8 

=== c64 ===
             case |     m |    n |    k | regA | regB | planar GF/s | 1m GF/s | 3m GF/s 
------------------+-------+------+------+------+------+-------------+---------+---------
         ij-ik-kj |   192 |  180 |  192 | 1.00 | 1.00 |       156.6 |   164.0 |   155.4 
       ij-ikl-ljk |    48 |   32 | 1536 | 1.00 | 1.00 |        74.8 |    73.3 |    54.6 
       ij-kil-lkj |    48 |   32 | 2304 | 1.00 | 1.00 |        93.0 |    90.2 |    75.5 
       ijk-ikl-lj |  1536 |   32 |   48 | 1.00 | 1.00 |        83.1 |    83.1 |    54.7 
       ijk-il-jlk |    48 | 1536 |   32 | 1.00 | 0.92 |        80.0 |    88.2 |    47.5 
       ijk-ilk-jl |  1536 |   48 |   32 | 1.00 | 1.00 |        83.2 |    91.5 |    50.9 
       ijk-ilk-lj |  1536 |   32 |   48 | 1.00 | 1.00 |        85.9 |    85.2 |    56.4 
     ijk-ilmk-mjl |   288 |   12 |  288 | 1.00 | 1.00 |        25.2 |    25.5 |    26.7 
   ijkl-imjn-lnkm |   288 |  288 |  144 | 1.00 | 0.67 |       156.4 |   169.4 |   154.6 
   ijkl-imjn-nlmk |   288 |  144 |  288 | 1.00 | 0.69 |       151.1 |   158.5 |   153.0 
   ijkl-imkn-jnlm |   288 |  288 |  144 | 1.00 | 0.84 |       158.0 |   171.9 |   155.4 
   ijkl-imkn-njml |   288 |  144 |  288 | 1.00 | 0.69 |       152.7 |   160.9 |   153.7 
   ijkl-imln-jnkm |   288 |  288 |  144 | 1.00 | 0.84 |       158.3 |   170.8 |   154.2 
   ijkl-imln-njmk |   288 |  144 |  288 | 1.00 | 0.69 |       151.8 |   161.3 |   153.8 
   ijkl-imnj-nlkm |   288 |  144 |  288 | 1.00 | 0.69 |       151.3 |   158.5 |   153.2 
   ijkl-imnk-njml |   288 |  144 |  288 | 1.00 | 0.69 |       153.4 |   160.9 |   153.3 
   ijkl-minj-nlmk |   288 |  144 |  576 | 1.00 | 0.69 |       153.2 |   160.8 |   156.6 
   ijkl-mink-jnlm |   288 |  288 |  288 | 1.00 | 0.84 |       158.5 |   168.5 |   159.4 
   ijkl-minl-njmk |   288 |  144 |  576 | 1.00 | 0.69 |       157.1 |   163.5 |   158.5 
     aqrs-pa-pqrs |    24 | 1728 |   24 | 1.00 | 1.00 |        24.8 |    28.2 |    20.5 
     abrs-qb-aqrs |    12 | 3456 |   24 | 1.00 | 1.00 |        18.8 |    20.6 |    17.5 
     abcs-rc-abrs |    12 | 3456 |   24 | 1.00 | 1.00 |        18.2 |    20.6 |    17.6 
       abj-bka-kj |  2304 |   32 |   48 | 1.00 | 1.00 |        98.7 |   100.6 |    75.7 
       ajb-kba-jk |  1536 |   48 |   48 | 1.00 | 1.00 |       120.1 |   130.2 |    87.6 
     abjc-cbka-kj |  6912 |   12 |   24 | 1.00 | 1.00 |        30.4 |    33.2 |    15.5 
     ajbc-ckba-jk |  6912 |   24 |   12 | 1.00 | 1.00 |        32.7 |    36.7 |    13.5 
     abjc-kbac-jk |  3456 |   24 |   24 | 1.00 | 1.00 |        45.5 |    49.9 |    20.6 
   abjcd-dkbac-jk | 36864 |   24 |    8 | 1.00 | 1.00 |        42.4 |    42.7 |    33.3 
   adbjc-cbdka-kj | 36864 |    8 |   24 | 1.00 | 1.00 |        13.4 |    13.0 |    14.3 
   ajbdc-ckbad-jk | 36864 |   24 |    8 | 1.00 | 1.00 |        29.3 |    31.4 |    25.1 
 abcijk-ijma-mkbc |  2304 |   64 |   24 | 1.00 | 0.77 |        99.9 |   109.9 |    66.4 
 abcijk-ijmb-mkac |   384 |  384 |   24 | 1.00 | 0.01 |       110.6 |   125.1 |    70.9 
 abcijk-ijmc-mkab |   384 |  384 |   24 | 1.00 | 0.01 |       112.1 |   126.5 |    71.4 
 abcijk-ikma-mjbc |  2304 |   64 |   24 | 1.00 | 0.77 |       100.2 |   109.9 |    66.5 
 abcijk-ikmb-mjac |   384 |  384 |   24 | 1.00 | 0.01 |       110.1 |   124.8 |    71.1 
 abcijk-ikmc-mjab |   384 |  384 |   24 | 1.00 | 0.01 |       111.5 |   125.1 |    70.9 
 abcijk-jkma-mibc |  2304 |   64 |   24 | 1.00 | 0.77 |       100.1 |   110.1 |    66.3 
 abcijk-jkmb-miac |   384 |  384 |   24 | 1.00 | 0.01 |       111.5 |   125.1 |    71.0 
 abcijk-jkmc-miab |   384 |  384 |   24 | 1.00 | 0.01 |       111.8 |   124.5 |    71.0 
 abcijk-eiab-jkec |   384 |  384 |   24 | 1.00 | 0.01 |       111.3 |   123.8 |    70.6 
 abcijk-eiac-jkeb |   384 |  384 |   24 | 1.00 | 0.01 |       111.6 |   125.7 |    71.4 
 abcijk-eibc-jkea |    64 | 2304 |   24 | 1.00 | 0.77 |       100.1 |   110.4 |    66.2 
 abcijk-ejab-ikec |   384 |  384 |   24 | 1.00 | 0.01 |       112.0 |   125.5 |    71.0 
 abcijk-ejac-ikeb |   384 |  384 |   24 | 1.00 | 0.01 |       111.5 |   125.0 |    70.7 
 abcijk-ejbc-ikea |    64 | 2304 |   24 | 1.00 | 0.77 |       100.3 |   110.3 |    66.4 
 abcijk-ekab-ijec |   384 |  384 |   24 | 1.00 | 0.01 |       112.0 |   125.9 |    71.1 
 abcijk-ekac-ijeb |   384 |  384 |   24 | 1.00 | 0.01 |       111.6 |   125.4 |    70.9 
 abcijk-ekbc-ijea |    64 | 2304 |   24 | 1.00 | 0.77 |       100.1 |   109.8 |    66.3 
       abc-bk-akc |    48 | 1536 |   32 | 1.00 | 1.00 |        83.0 |    91.1 |    50.9 

=== complex efficiency ratio (c64 GF/s over f64 GF/s; 1.0 = no penalty) ===
             case | planar c64/f64 | 1m c64/f64 | 3m c64/f64 
------------------+----------------+------------+------------
         ij-ik-kj |          2.190 |      2.294 |      2.173 
       ij-ikl-ljk |          3.440 |      3.369 |      2.511 
       ij-kil-lkj |          4.562 |      4.423 |      3.705 
       ijk-ikl-lj |          3.627 |      3.628 |      2.386 
       ijk-il-jlk |          3.500 |      3.857 |      2.076 
       ijk-ilk-jl |          3.340 |      3.674 |      2.043 
       ijk-ilk-lj |          3.539 |      3.507 |      2.323 
     ijk-ilmk-mjl |          1.270 |      1.286 |      1.349 
   ijkl-imjn-lnkm |          1.474 |      1.597 |      1.458 
   ijkl-imjn-nlmk |          1.593 |      1.671 |      1.613 
   ijkl-imkn-jnlm |          1.410 |      1.534 |      1.387 
   ijkl-imkn-njml |          1.583 |      1.668 |      1.593 
   ijkl-imln-jnkm |          1.415 |      1.526 |      1.378 
   ijkl-imln-njmk |          1.569 |      1.667 |      1.589 
   ijkl-imnj-nlkm |          1.588 |      1.665 |      1.608 
   ijkl-imnk-njml |          1.555 |      1.631 |      1.554 
   ijkl-minj-nlmk |          1.202 |      1.261 |      1.229 
   ijkl-mink-jnlm |          1.148 |      1.220 |      1.154 
   ijkl-minl-njmk |          1.201 |      1.250 |      1.211 
     aqrs-pa-pqrs |          1.522 |      1.733 |      1.259 
     abrs-qb-aqrs |          1.308 |      1.429 |      1.219 
     abcs-rc-abrs |          1.266 |      1.430 |      1.222 
       abj-bka-kj |          4.686 |      4.774 |      3.593 
       ajb-kba-jk |          4.422 |      4.795 |      3.225 
     abjc-cbka-kj |          2.814 |      3.075 |      1.437 
     ajbc-ckba-jk |          2.678 |      3.000 |      1.106 
     abjc-kbac-jk |          2.547 |      2.796 |      1.155 
   abjcd-dkbac-jk |          2.550 |      2.570 |      2.005 
   adbjc-cbdka-kj |          3.073 |      2.977 |      3.271 
   ajbdc-ckbad-jk |          1.843 |      1.973 |      1.576 
 abcijk-ijma-mkbc |          4.702 |      5.172 |      3.124 
 abcijk-ijmb-mkac |          4.369 |      4.943 |      2.801 
 abcijk-ijmc-mkab |          4.420 |      4.990 |      2.815 
 abcijk-ikma-mjbc |          4.726 |      5.181 |      3.135 
 abcijk-ikmb-mjac |          4.356 |      4.937 |      2.814 
 abcijk-ikmc-mjab |          4.400 |      4.939 |      2.799 
 abcijk-jkma-mibc |          4.709 |      5.180 |      3.117 
 abcijk-jkmb-miac |          4.404 |      4.938 |      2.801 
 abcijk-jkmc-miab |          4.425 |      4.926 |      2.812 
 abcijk-eiab-jkec |          4.403 |      4.899 |      2.796 
 abcijk-eiac-jkeb |          4.400 |      4.959 |      2.817 
 abcijk-eibc-jkea |          4.713 |      5.200 |      3.118 
 abcijk-ejab-ikec |          4.421 |      4.951 |      2.802 
 abcijk-ejac-ikeb |          4.409 |      4.943 |      2.796 
 abcijk-ejbc-ikea |          4.729 |      5.198 |      3.132 
 abcijk-ekab-ijec |          4.422 |      4.972 |      2.808 
 abcijk-ekac-ijeb |          4.409 |      4.957 |      2.802 
 abcijk-ekbc-ijea |          4.723 |      5.180 |      3.130 
       abc-bk-akc |          3.344 |      3.670 |      2.050 
             MEAN |          3.151 |      3.417 |      2.242 

wrote bench-results/worker5086-zen2/phase4g/sm-both-s0.25-t4-f64c64.csv
