host        : worker5086
target      : x86_64 / linux
cpu features: avx2 fma 
caches      : L1=32KiB/8-way/1sh L2=512KiB/8-way/1sh L3=16384KiB/16-way/4sh (via sysfs), blocking=legacy
l3 domains  : t1=1 t4=1
baselines   : tblis=false blas=false

sweeping 49 cases at 0.25 MiB nominal tensor size, 96 reps, stress=none


=== f64 ===
             case |     m |    n |    k | regA | regB | planar GF/s | 1m GF/s | 3m GF/s 
------------------+-------+------+------+------+------+-------------+---------+---------
         ij-ik-kj |   192 |  180 |  192 | 1.00 | 1.00 |        71.0 |    71.0 |    71.0 
       ij-ikl-ljk |    48 |   32 | 1536 | 1.00 | 1.00 |        21.9 |    21.9 |    21.9 
       ij-kil-lkj |    48 |   32 | 2304 | 1.00 | 1.00 |        20.7 |    20.7 |    20.7 
       ijk-ikl-lj |  1536 |   32 |   48 | 1.00 | 1.00 |        23.1 |    23.1 |    23.1 
       ijk-il-jlk |    48 | 1536 |   32 | 1.00 | 1.00 |        23.2 |    23.2 |    23.2 
       ijk-ilk-jl |  1536 |   48 |   32 | 1.00 | 1.00 |        25.0 |    25.0 |    25.0 
       ijk-ilk-lj |  1536 |   32 |   48 | 1.00 | 1.00 |        24.4 |    24.4 |    24.4 
     ijk-ilmk-mjl |   288 |   12 |  288 | 1.00 | 1.00 |        19.5 |    19.5 |    19.5 
   ijkl-imjn-lnkm |   288 |  288 |  144 | 1.00 | 1.00 |        74.0 |    74.0 |    74.0 
   ijkl-imjn-nlmk |   288 |  144 |  288 | 1.00 | 1.00 |        66.1 |    66.1 |    66.1 
   ijkl-imkn-jnlm |   288 |  288 |  144 | 1.00 | 1.00 |        76.9 |    76.9 |    76.9 
   ijkl-imkn-njml |   288 |  144 |  288 | 1.00 | 1.00 |        67.7 |    67.7 |    67.7 
   ijkl-imln-jnkm |   288 |  288 |  144 | 1.00 | 1.00 |        76.3 |    76.3 |    76.3 
   ijkl-imln-njmk |   288 |  144 |  288 | 1.00 | 1.00 |        67.2 |    67.2 |    67.2 
   ijkl-imnj-nlkm |   288 |  144 |  288 | 1.00 | 1.00 |        66.3 |    66.3 |    66.3 
   ijkl-imnk-njml |   288 |  144 |  288 | 1.00 | 1.00 |        67.5 |    67.5 |    67.5 
   ijkl-minj-nlmk |   288 |  144 |  576 | 1.00 | 1.00 |        67.0 |    67.0 |    67.0 
   ijkl-mink-jnlm |   288 |  288 |  288 | 1.00 | 1.00 |        71.7 |    71.7 |    71.7 
   ijkl-minl-njmk |   288 |  144 |  576 | 1.00 | 1.00 |        68.7 |    68.7 |    68.7 
     aqrs-pa-pqrs |    24 | 1728 |   24 | 1.00 | 1.00 |        16.4 |    16.4 |    16.4 
     abrs-qb-aqrs |    12 | 3456 |   24 | 1.00 | 1.00 |        14.4 |    14.4 |    14.4 
     abcs-rc-abrs |    12 | 3456 |   24 | 1.00 | 1.00 |        14.5 |    14.5 |    14.5 
       abj-bka-kj |  2304 |   32 |   48 | 1.00 | 1.00 |        21.0 |    21.0 |    21.0 
       ajb-kba-jk |  1536 |   48 |   48 | 1.00 | 1.00 |        27.2 |    27.2 |    27.2 
     abjc-cbka-kj |  6912 |   12 |   24 | 1.00 | 1.00 |        11.2 |    11.2 |    11.2 
     ajbc-ckba-jk |  6912 |   24 |   12 | 1.00 | 1.00 |        12.3 |    12.3 |    12.3 
     abjc-kbac-jk |  3456 |   24 |   24 | 1.00 | 1.00 |        17.9 |    17.9 |    17.9 
   abjcd-dkbac-jk | 36864 |   24 |    8 | 1.00 | 1.00 |        16.9 |    16.9 |    16.9 
   adbjc-cbdka-kj | 36864 |    8 |   24 | 1.00 | 1.00 |         4.4 |     4.4 |     4.4 
   ajbdc-ckbad-jk | 36864 |   24 |    8 | 1.00 | 1.00 |        15.6 |    15.6 |    15.6 
 abcijk-ijma-mkbc |  2304 |   64 |   24 | 1.00 | 0.82 |        21.3 |    21.3 |    21.3 
 abcijk-ijmb-mkac |   384 |  384 |   24 | 1.00 | 0.00 |        25.3 |    25.3 |    25.3 
 abcijk-ijmc-mkab |   384 |  384 |   24 | 1.00 | 0.00 |        25.4 |    25.4 |    25.4 
 abcijk-ikma-mjbc |  2304 |   64 |   24 | 1.00 | 0.82 |        21.6 |    21.6 |    21.6 
 abcijk-ikmb-mjac |   384 |  384 |   24 | 1.00 | 0.00 |        25.3 |    25.3 |    25.3 
 abcijk-ikmc-mjab |   384 |  384 |   24 | 1.00 | 0.00 |        25.3 |    25.3 |    25.3 
 abcijk-jkma-mibc |  2304 |   64 |   24 | 1.00 | 0.82 |        21.7 |    21.7 |    21.7 
 abcijk-jkmb-miac |   384 |  384 |   24 | 1.00 | 0.00 |        25.3 |    25.3 |    25.3 
 abcijk-jkmc-miab |   384 |  384 |   24 | 1.00 | 0.00 |        25.2 |    25.2 |    25.2 
 abcijk-eiab-jkec |   384 |  384 |   24 | 1.00 | 0.00 |        25.2 |    25.2 |    25.2 
 abcijk-eiac-jkeb |   384 |  384 |   24 | 1.00 | 0.00 |        25.4 |    25.4 |    25.4 
 abcijk-eibc-jkea |    64 | 2304 |   24 | 1.00 | 0.82 |        21.7 |    21.7 |    21.7 
 abcijk-ejab-ikec |   384 |  384 |   24 | 1.00 | 0.00 |        25.3 |    25.3 |    25.3 
 abcijk-ejac-ikeb |   384 |  384 |   24 | 1.00 | 0.00 |        25.3 |    25.3 |    25.3 
 abcijk-ejbc-ikea |    64 | 2304 |   24 | 1.00 | 0.82 |        21.6 |    21.6 |    21.6 
 abcijk-ekab-ijec |   384 |  384 |   24 | 1.00 | 0.00 |        25.3 |    25.3 |    25.3 
 abcijk-ekac-ijeb |   384 |  384 |   24 | 1.00 | 0.00 |        25.3 |    25.3 |    25.3 
 abcijk-ekbc-ijea |    64 | 2304 |   24 | 1.00 | 0.82 |        21.6 |    21.6 |    21.6 
       abc-bk-akc |    48 | 1536 |   32 | 1.00 | 1.00 |        25.0 |    25.0 |    25.0 

=== c64 ===
             case |     m |    n |    k | regA | regB | planar GF/s | 1m GF/s | 3m GF/s 
------------------+-------+------+------+------+------+-------------+---------+---------
         ij-ik-kj |   192 |  180 |  192 | 1.00 | 1.00 |        82.2 |    86.3 |    80.1 
       ij-ikl-ljk |    48 |   32 | 1536 | 1.00 | 1.00 |        55.4 |    51.4 |    54.6 
       ij-kil-lkj |    48 |   32 | 2304 | 1.00 | 1.00 |        52.2 |    51.6 |    53.6 
       ijk-ikl-lj |  1536 |   32 |   48 | 1.00 | 1.00 |        57.1 |    56.9 |    55.2 
       ijk-il-jlk |    48 | 1536 |   32 | 1.00 | 0.92 |        55.7 |    62.4 |    47.4 
       ijk-ilk-jl |  1536 |   48 |   32 | 1.00 | 1.00 |        57.0 |    62.4 |    50.7 
       ijk-ilk-lj |  1536 |   32 |   48 | 1.00 | 1.00 |        58.4 |    58.0 |    56.4 
     ijk-ilmk-mjl |   288 |   12 |  288 | 1.00 | 1.00 |        25.0 |    25.4 |    26.6 
   ijkl-imjn-lnkm |   288 |  288 |  144 | 1.00 | 0.67 |        83.5 |    87.3 |    80.3 
   ijkl-imjn-nlmk |   288 |  144 |  288 | 1.00 | 0.69 |        79.2 |    82.7 |    79.5 
   ijkl-imkn-jnlm |   288 |  288 |  144 | 1.00 | 0.84 |        83.9 |    88.4 |    82.3 
   ijkl-imkn-njml |   288 |  144 |  288 | 1.00 | 0.69 |        79.2 |    82.6 |    79.5 
   ijkl-imln-jnkm |   288 |  288 |  144 | 1.00 | 0.84 |        83.8 |    88.6 |    82.1 
   ijkl-imln-njmk |   288 |  144 |  288 | 1.00 | 0.69 |        78.9 |    82.7 |    79.4 
   ijkl-imnj-nlkm |   288 |  144 |  288 | 1.00 | 0.69 |        80.0 |    82.7 |    79.7 
   ijkl-imnk-njml |   288 |  144 |  288 | 1.00 | 0.69 |        79.1 |    82.4 |    79.7 
   ijkl-minj-nlmk |   288 |  144 |  576 | 1.00 | 0.69 |        80.2 |    82.9 |    81.8 
   ijkl-mink-jnlm |   288 |  288 |  288 | 1.00 | 0.84 |        81.0 |    85.7 |    82.3 
   ijkl-minl-njmk |   288 |  144 |  576 | 1.00 | 0.69 |        80.6 |    83.2 |    81.7 
     aqrs-pa-pqrs |    24 | 1728 |   24 | 1.00 | 1.00 |        24.7 |    28.0 |    20.5 
     abrs-qb-aqrs |    12 | 3456 |   24 | 1.00 | 1.00 |        18.8 |    20.6 |    17.6 
     abcs-rc-abrs |    12 | 3456 |   24 | 1.00 | 1.00 |        18.8 |    20.7 |    17.5 
       abj-bka-kj |  2304 |   32 |   48 | 1.00 | 1.00 |        53.1 |    53.8 |    51.9 
       ajb-kba-jk |  1536 |   48 |   48 | 1.00 | 1.00 |        63.3 |    68.5 |    59.9 
     abjc-cbka-kj |  6912 |   12 |   24 | 1.00 | 1.00 |        30.1 |    33.2 |    15.5 
     ajbc-ckba-jk |  6912 |   24 |   12 | 1.00 | 1.00 |        32.7 |    36.7 |    13.5 
     abjc-kbac-jk |  3456 |   24 |   24 | 1.00 | 1.00 |        45.3 |    50.2 |    20.6 
   abjcd-dkbac-jk | 36864 |   24 |    8 | 1.00 | 1.00 |        20.6 |    21.1 |    16.2 
   adbjc-cbdka-kj | 36864 |    8 |   24 | 1.00 | 1.00 |        11.7 |    11.1 |    11.8 
   ajbdc-ckbad-jk | 36864 |   24 |    8 | 1.00 | 1.00 |        16.9 |    17.2 |    14.0 
 abcijk-ijma-mkbc |  2304 |   64 |   24 | 1.00 | 0.77 |        52.9 |    57.6 |    44.7 
 abcijk-ijmb-mkac |   384 |  384 |   24 | 1.00 | 0.01 |        58.0 |    66.0 |    48.0 
 abcijk-ijmc-mkab |   384 |  384 |   24 | 1.00 | 0.01 |        58.6 |    66.6 |    48.3 
 abcijk-ikma-mjbc |  2304 |   64 |   24 | 1.00 | 0.77 |        53.1 |    57.5 |    44.6 
 abcijk-ikmb-mjac |   384 |  384 |   24 | 1.00 | 0.01 |        58.5 |    66.6 |    48.0 
 abcijk-ikmc-mjab |   384 |  384 |   24 | 1.00 | 0.01 |        58.5 |    66.4 |    48.3 
 abcijk-jkma-mibc |  2304 |   64 |   24 | 1.00 | 0.77 |        53.0 |    57.6 |    44.7 
 abcijk-jkmb-miac |   384 |  384 |   24 | 1.00 | 0.01 |        58.1 |    66.5 |    48.2 
 abcijk-jkmc-miab |   384 |  384 |   24 | 1.00 | 0.01 |        58.1 |    65.9 |    48.3 
 abcijk-eiab-jkec |   384 |  384 |   24 | 1.00 | 0.01 |        58.4 |    65.8 |    48.3 
 abcijk-eiac-jkeb |   384 |  384 |   24 | 1.00 | 0.01 |        58.3 |    66.5 |    48.1 
 abcijk-eibc-jkea |    64 | 2304 |   24 | 1.00 | 0.77 |        53.0 |    57.6 |    44.7 
 abcijk-ejab-ikec |   384 |  384 |   24 | 1.00 | 0.01 |        58.4 |    66.5 |    48.2 
 abcijk-ejac-ikeb |   384 |  384 |   24 | 1.00 | 0.01 |        58.4 |    66.4 |    48.1 
 abcijk-ejbc-ikea |    64 | 2304 |   24 | 1.00 | 0.77 |        53.0 |    57.4 |    44.7 
 abcijk-ekab-ijec |   384 |  384 |   24 | 1.00 | 0.01 |        58.4 |    66.4 |    48.3 
 abcijk-ekac-ijeb |   384 |  384 |   24 | 1.00 | 0.01 |        58.4 |    66.4 |    48.1 
 abcijk-ekbc-ijea |    64 | 2304 |   24 | 1.00 | 0.77 |        53.0 |    57.5 |    44.7 
       abc-bk-akc |    48 | 1536 |   32 | 1.00 | 1.00 |        57.1 |    62.5 |    50.7 

=== complex efficiency ratio (c64 GF/s over f64 GF/s; 1.0 = no penalty) ===
             case | planar c64/f64 | 1m c64/f64 | 3m c64/f64 
------------------+----------------+------------+------------
         ij-ik-kj |          1.157 |      1.215 |      1.128 
       ij-ikl-ljk |          2.530 |      2.351 |      2.497 
       ij-kil-lkj |          2.523 |      2.497 |      2.591 
       ijk-ikl-lj |          2.476 |      2.464 |      2.394 
       ijk-il-jlk |          2.403 |      2.689 |      2.046 
       ijk-ilk-jl |          2.278 |      2.494 |      2.023 
       ijk-ilk-lj |          2.390 |      2.374 |      2.308 
     ijk-ilmk-mjl |          1.286 |      1.304 |      1.365 
   ijkl-imjn-lnkm |          1.129 |      1.180 |      1.086 
   ijkl-imjn-nlmk |          1.198 |      1.251 |      1.202 
   ijkl-imkn-jnlm |          1.090 |      1.149 |      1.069 
   ijkl-imkn-njml |          1.169 |      1.220 |      1.174 
   ijkl-imln-jnkm |          1.098 |      1.162 |      1.076 
   ijkl-imln-njmk |          1.174 |      1.232 |      1.183 
   ijkl-imnj-nlkm |          1.207 |      1.248 |      1.203 
   ijkl-imnk-njml |          1.173 |      1.222 |      1.181 
   ijkl-minj-nlmk |          1.198 |      1.238 |      1.221 
   ijkl-mink-jnlm |          1.130 |      1.195 |      1.148 
   ijkl-minl-njmk |          1.172 |      1.210 |      1.189 
     aqrs-pa-pqrs |          1.510 |      1.711 |      1.253 
     abrs-qb-aqrs |          1.306 |      1.429 |      1.219 
     abcs-rc-abrs |          1.298 |      1.431 |      1.207 
       abj-bka-kj |          2.525 |      2.560 |      2.467 
       ajb-kba-jk |          2.326 |      2.519 |      2.201 
     abjc-cbka-kj |          2.699 |      2.978 |      1.390 
     ajbc-ckba-jk |          2.664 |      2.989 |      1.099 
     abjc-kbac-jk |          2.535 |      2.812 |      1.156 
   abjcd-dkbac-jk |          1.218 |      1.251 |      0.963 
   adbjc-cbdka-kj |          2.653 |      2.505 |      2.657 
   ajbdc-ckbad-jk |          1.082 |      1.101 |      0.898 
 abcijk-ijma-mkbc |          2.478 |      2.700 |      2.096 
 abcijk-ijmb-mkac |          2.297 |      2.610 |      1.901 
 abcijk-ijmc-mkab |          2.309 |      2.625 |      1.904 
 abcijk-ikma-mjbc |          2.454 |      2.657 |      2.065 
 abcijk-ikmb-mjac |          2.313 |      2.633 |      1.901 
 abcijk-ikmc-mjab |          2.312 |      2.625 |      1.909 
 abcijk-jkma-mibc |          2.448 |      2.660 |      2.063 
 abcijk-jkmb-miac |          2.294 |      2.623 |      1.900 
 abcijk-jkmc-miab |          2.303 |      2.611 |      1.914 
 abcijk-eiab-jkec |          2.313 |      2.607 |      1.913 
 abcijk-eiac-jkeb |          2.300 |      2.621 |      1.898 
 abcijk-eibc-jkea |          2.447 |      2.658 |      2.064 
 abcijk-ejab-ikec |          2.306 |      2.626 |      1.903 
 abcijk-ejac-ikeb |          2.308 |      2.625 |      1.901 
 abcijk-ejbc-ikea |          2.451 |      2.654 |      2.068 
 abcijk-ekab-ijec |          2.304 |      2.621 |      1.907 
 abcijk-ekac-ijeb |          2.308 |      2.625 |      1.902 
 abcijk-ekbc-ijea |          2.452 |      2.662 |      2.068 
       abc-bk-akc |          2.281 |      2.498 |      2.026 
             MEAN |          1.965 |      2.121 |      1.692 

wrote bench-results/worker5086-zen2/phase4g/sm-both-s0.25-t2-f64c64.csv
