host        : worker5086
target      : x86_64 / linux
cpu features: avx2 fma 
caches      : L1=32KiB/8-way/1sh L2=512KiB/8-way/1sh L3=16384KiB/16-way/4sh (via sysfs), blocking=legacy
l3 domains  : t1=1
baselines   : tblis=false blas=false

sweeping 49 cases at 4 MiB nominal tensor size, 6 reps, stress=none


=== f64 ===
             case |     m |     n |    k | regA | regB | planar GF/s | 1m GF/s | 3m GF/s 
------------------+-------+-------+------+------+------+-------------+---------+---------
         ij-ik-kj |   744 |   724 |  744 | 1.00 | 1.00 |        40.4 |    40.4 |    40.4 
       ij-ikl-ljk |    96 |    80 | 7680 | 1.00 | 1.00 |        27.3 |    27.3 |    27.3 
       ij-kil-lkj |    96 |    80 | 9216 | 1.00 | 1.00 |        25.4 |    25.4 |    25.4 
       ijk-ikl-lj |  7680 |    80 |   96 | 1.00 | 1.00 |        28.5 |    28.5 |    28.5 
       ijk-il-jlk |    96 |  7680 |   80 | 1.00 | 1.00 |        30.8 |    30.8 |    30.8 
       ijk-ilk-jl |  7680 |    96 |   80 | 1.00 | 1.00 |        35.8 |    35.8 |    35.8 
       ijk-ilk-lj |  7680 |    80 |   96 | 1.00 | 1.00 |        34.4 |    34.4 |    34.4 
     ijk-ilmk-mjl |  1344 |    28 | 1344 | 1.00 | 1.00 |        24.0 |    24.0 |    24.0 
   ijkl-imjn-lnkm |  1344 |  1344 |  784 | 1.00 | 0.86 |        39.2 |    39.2 |    39.2 
   ijkl-imjn-nlmk |  1344 |   784 | 1344 | 1.00 | 0.86 |        38.9 |    38.9 |    38.9 
   ijkl-imkn-jnlm |  1344 |  1344 |  784 | 1.00 | 1.00 |        36.0 |    36.0 |    36.0 
   ijkl-imkn-njml |  1344 |   784 | 1344 | 1.00 | 0.86 |        38.9 |    38.9 |    38.9 
   ijkl-imln-jnkm |  1344 |  1344 |  784 | 1.00 | 1.00 |        36.3 |    36.3 |    36.3 
   ijkl-imln-njmk |  1344 |   784 | 1344 | 1.00 | 0.86 |        38.9 |    38.9 |    38.9 
   ijkl-imnj-nlkm |  1344 |   784 | 1344 | 1.00 | 0.86 |        39.4 |    39.4 |    39.4 
   ijkl-imnk-njml |  1344 |   784 | 1344 | 1.00 | 0.86 |        39.1 |    39.1 |    39.1 
   ijkl-minj-nlmk |  1344 |   784 | 2304 | 1.00 | 0.86 |        38.4 |    38.4 |    38.4 
   ijkl-mink-jnlm |  1344 |  1344 | 1344 | 1.00 | 1.00 |        36.7 |    36.7 |    36.7 
   ijkl-minl-njmk |  1344 |   784 | 2304 | 1.00 | 0.86 |        35.2 |    35.2 |    35.2 
     aqrs-pa-pqrs |    48 | 21952 |   48 | 1.00 | 1.00 |        17.1 |    17.1 |    17.1 
     abrs-qb-aqrs |    28 | 37632 |   48 | 1.00 | 1.00 |        13.9 |    13.9 |    13.9 
     abcs-rc-abrs |    28 | 37632 |   48 | 1.00 | 1.00 |        11.4 |    11.4 |    11.4 
       abj-bka-kj |  9216 |    80 |   96 | 1.00 | 1.00 |        26.7 |    26.7 |    26.7 
       ajb-kba-jk |  7680 |    96 |   96 | 1.00 | 1.00 |        35.6 |    35.6 |    35.6 
     abjc-cbka-kj | 64512 |    28 |   48 | 1.00 | 1.00 |        11.7 |    11.7 |    11.7 
     ajbc-ckba-jk | 64512 |    48 |   28 | 1.00 | 1.00 |        13.1 |    13.1 |    13.1 
     abjc-kbac-jk | 37632 |    48 |   48 | 1.00 | 1.00 |        19.9 |    19.9 |    19.9 
   abjcd-dkbac-jk | 82944 |    24 |   12 | 1.00 | 1.00 |         8.5 |     8.5 |     8.5 
   adbjc-cbdka-kj | 82944 |    12 |   24 | 1.00 | 1.00 |         6.5 |     6.5 |     6.5 
   ajbdc-ckbad-jk | 82944 |    24 |   12 | 1.00 | 1.00 |         5.9 |     5.9 |     5.9 
 abcijk-ijma-mkbc |  4608 |   512 |   24 | 1.00 | 0.94 |        17.2 |    17.2 |    17.2 
 abcijk-ijmb-mkac |  1536 |  1536 |   24 | 1.00 | 0.50 |        16.0 |    16.0 |    16.0 
 abcijk-ijmc-mkab |  1536 |  1536 |   24 | 1.00 | 0.50 |        19.3 |    19.3 |    19.3 
 abcijk-ikma-mjbc |  4608 |   512 |   24 | 1.00 | 0.94 |        17.4 |    17.4 |    17.4 
 abcijk-ikmb-mjac |  1536 |  1536 |   24 | 1.00 | 0.50 |        16.1 |    16.1 |    16.1 
 abcijk-ikmc-mjab |  1536 |  1536 |   24 | 1.00 | 0.50 |        19.5 |    19.5 |    19.5 
 abcijk-jkma-mibc |  4608 |   512 |   24 | 1.00 | 0.94 |        18.1 |    18.1 |    18.1 
 abcijk-jkmb-miac |  1536 |  1536 |   24 | 1.00 | 0.50 |        15.8 |    15.8 |    15.8 
 abcijk-jkmc-miab |  1536 |  1536 |   24 | 1.00 | 0.50 |        19.0 |    19.0 |    19.0 
 abcijk-eiab-jkec |  1536 |  1536 |   24 | 1.00 | 0.50 |        19.1 |    19.1 |    19.1 
 abcijk-eiac-jkeb |  1536 |  1536 |   24 | 1.00 | 0.50 |        15.8 |    15.8 |    15.8 
 abcijk-eibc-jkea |   512 |  4608 |   24 | 1.00 | 0.94 |        18.0 |    18.0 |    18.0 
 abcijk-ejab-ikec |  1536 |  1536 |   24 | 1.00 | 0.50 |        19.3 |    19.3 |    19.3 
 abcijk-ejac-ikeb |  1536 |  1536 |   24 | 1.00 | 0.50 |        16.0 |    16.0 |    16.0 
 abcijk-ejbc-ikea |   512 |  4608 |   24 | 1.00 | 0.94 |        17.3 |    17.3 |    17.3 
 abcijk-ekab-ijec |  1536 |  1536 |   24 | 1.00 | 0.50 |        19.4 |    19.4 |    19.4 
 abcijk-ekac-ijeb |  1536 |  1536 |   24 | 1.00 | 0.50 |        15.9 |    15.9 |    15.9 
 abcijk-ekbc-ijea |   512 |  4608 |   24 | 1.00 | 0.94 |        17.3 |    17.3 |    17.3 
       abc-bk-akc |    96 |  7680 |   80 | 1.00 | 1.00 |        36.2 |    36.2 |    36.2 

=== c64 ===
             case |     m |     n |    k | regA | regB | planar GF/s | 1m GF/s | 3m GF/s 
------------------+-------+-------+------+------+------+-------------+---------+---------
         ij-ik-kj |   744 |   724 |  744 | 1.00 | 1.00 |        42.5 |    43.2 |    40.9 
       ij-ikl-ljk |    96 |    80 | 7680 | 1.00 | 1.00 |        27.7 |    26.6 |    25.2 
       ij-kil-lkj |    96 |    80 | 9216 | 1.00 | 1.00 |        30.1 |    28.5 |    29.8 
       ijk-ikl-lj |  7680 |    80 |   96 | 1.00 | 1.00 |        23.8 |    19.5 |    20.9 
       ijk-il-jlk |    96 |  7680 |   80 | 1.00 | 0.96 |        30.7 |    31.6 |    28.4 
       ijk-ilk-jl |  7680 |    96 |   80 | 1.00 | 1.00 |        31.4 |    32.8 |    28.8 
       ijk-ilk-lj |  7680 |    80 |   96 | 1.00 | 1.00 |        34.1 |    33.4 |    30.2 
     ijk-ilmk-mjl |  1344 |    28 | 1344 | 1.00 | 1.00 |        27.1 |    29.4 |    21.0 
   ijkl-imjn-lnkm |  1344 |  1344 |  784 | 1.00 | 0.86 |        42.4 |    44.0 |    41.9 
   ijkl-imjn-nlmk |  1344 |   784 | 1344 | 1.00 | 0.86 |        41.9 |    43.4 |    42.1 
   ijkl-imkn-jnlm |  1344 |  1344 |  784 | 1.00 | 0.92 |        40.7 |    41.9 |    39.7 
   ijkl-imkn-njml |  1344 |   784 | 1344 | 1.00 | 0.86 |        40.7 |    41.7 |    40.5 
   ijkl-imln-jnkm |  1344 |  1344 |  784 | 1.00 | 0.92 |        40.7 |    41.9 |    39.5 
   ijkl-imln-njmk |  1344 |   784 | 1344 | 1.00 | 0.86 |        40.9 |    41.9 |    40.6 
   ijkl-imnj-nlkm |  1344 |   784 | 1344 | 1.00 | 0.86 |        41.8 |    43.6 |    42.3 
   ijkl-imnk-njml |  1344 |   784 | 1344 | 1.00 | 0.86 |        41.0 |    41.9 |    40.9 
   ijkl-minj-nlmk |  1344 |   784 | 2304 | 1.00 | 0.86 |        41.9 |    43.2 |    42.9 
   ijkl-mink-jnlm |  1344 |  1344 | 1344 | 1.00 | 0.92 |        41.1 |    42.2 |    40.7 
   ijkl-minl-njmk |  1344 |   784 | 2304 | 1.00 | 0.86 |        41.2 |    41.5 |    41.7 
     aqrs-pa-pqrs |    48 | 21952 |   48 | 1.00 | 1.00 |        23.0 |    24.8 |    21.5 
     abrs-qb-aqrs |    28 | 37632 |   48 | 1.00 | 1.00 |        20.4 |    20.5 |    18.6 
     abcs-rc-abrs |    28 | 37632 |   48 | 1.00 | 1.00 |        17.0 |    14.4 |    15.3 
       abj-bka-kj |  9216 |    80 |   96 | 1.00 | 1.00 |        32.0 |    30.2 |    30.4 
       ajb-kba-jk |  7680 |    96 |   96 | 1.00 | 1.00 |        35.5 |    39.2 |    35.0 
     abjc-cbka-kj | 64512 |    28 |   48 | 1.00 | 1.00 |        11.1 |     9.3 |    10.6 
     ajbc-ckba-jk | 64512 |    48 |   28 | 1.00 | 1.00 |        19.6 |    20.2 |    18.0 
     abjc-kbac-jk | 37632 |    48 |   48 | 1.00 | 1.00 |        28.5 |    31.7 |    27.8 
   abjcd-dkbac-jk | 82944 |    24 |   12 | 1.00 | 1.00 |        13.5 |    13.6 |    10.9 
   adbjc-cbdka-kj | 82944 |    12 |   24 | 1.00 | 1.00 |        10.2 |     9.6 |     9.8 
   ajbdc-ckbad-jk | 82944 |    24 |   12 | 1.00 | 1.00 |        11.7 |    11.6 |     9.8 
 abcijk-ijma-mkbc |  4608 |   512 |   24 | 1.00 | 0.94 |        23.0 |    25.2 |    20.7 
 abcijk-ijmb-mkac |  1536 |  1536 |   24 | 1.00 | 0.50 |        21.4 |    22.6 |    18.2 
 abcijk-ijmc-mkab |  1536 |  1536 |   24 | 1.00 | 0.50 |        27.8 |    31.7 |    23.0 
 abcijk-ikma-mjbc |  4608 |   512 |   24 | 1.00 | 0.94 |        23.0 |    25.2 |    20.9 
 abcijk-ikmb-mjac |  1536 |  1536 |   24 | 1.00 | 0.50 |        21.4 |    22.6 |    18.5 
 abcijk-ikmc-mjab |  1536 |  1536 |   24 | 1.00 | 0.50 |        27.7 |    31.6 |    23.0 
 abcijk-jkma-mibc |  4608 |   512 |   24 | 1.00 | 0.94 |        23.3 |    25.6 |    21.2 
 abcijk-jkmb-miac |  1536 |  1536 |   24 | 1.00 | 0.50 |        21.6 |    22.8 |    18.0 
 abcijk-jkmc-miab |  1536 |  1536 |   24 | 1.00 | 0.50 |        27.8 |    31.7 |    22.9 
 abcijk-eiab-jkec |  1536 |  1536 |   24 | 1.00 | 0.50 |        27.8 |    31.5 |    22.8 
 abcijk-eiac-jkeb |  1536 |  1536 |   24 | 1.00 | 0.50 |        21.5 |    22.8 |    18.0 
 abcijk-eibc-jkea |   512 |  4608 |   24 | 1.00 | 0.94 |        23.4 |    25.7 |    21.0 
 abcijk-ejab-ikec |  1536 |  1536 |   24 | 1.00 | 0.50 |        27.9 |    31.5 |    23.0 
 abcijk-ejac-ikeb |  1536 |  1536 |   24 | 1.00 | 0.50 |        21.5 |    22.6 |    18.3 
 abcijk-ejbc-ikea |   512 |  4608 |   24 | 1.00 | 0.94 |        23.3 |    25.1 |    20.9 
 abcijk-ekab-ijec |  1536 |  1536 |   24 | 1.00 | 0.50 |        28.6 |    31.9 |    23.4 
 abcijk-ekac-ijeb |  1536 |  1536 |   24 | 1.00 | 0.50 |        24.8 |    27.4 |    20.5 
 abcijk-ekbc-ijea |   512 |  4608 |   24 | 1.00 | 0.94 |        25.4 |    27.7 |    21.8 
       abc-bk-akc |    96 |  7680 |   80 | 1.00 | 1.00 |        32.8 |    35.6 |    30.3 

=== complex efficiency ratio (c64 GF/s over f64 GF/s; 1.0 = no penalty) ===
             case | planar c64/f64 | 1m c64/f64 | 3m c64/f64 
------------------+----------------+------------+------------
         ij-ik-kj |          1.051 |      1.067 |      1.011 
       ij-ikl-ljk |          1.012 |      0.975 |      0.922 
       ij-kil-lkj |          1.182 |      1.120 |      1.173 
       ijk-ikl-lj |          0.835 |      0.684 |      0.732 
       ijk-il-jlk |          0.999 |      1.027 |      0.923 
       ijk-ilk-jl |          0.875 |      0.916 |      0.804 
       ijk-ilk-lj |          0.990 |      0.970 |      0.876 
     ijk-ilmk-mjl |          1.130 |      1.228 |      0.877 
   ijkl-imjn-lnkm |          1.083 |      1.124 |      1.069 
   ijkl-imjn-nlmk |          1.078 |      1.114 |      1.081 
   ijkl-imkn-jnlm |          1.129 |      1.164 |      1.102 
   ijkl-imkn-njml |          1.048 |      1.074 |      1.042 
   ijkl-imln-jnkm |          1.120 |      1.155 |      1.087 
   ijkl-imln-njmk |          1.050 |      1.076 |      1.043 
   ijkl-imnj-nlkm |          1.063 |      1.107 |      1.075 
   ijkl-imnk-njml |          1.050 |      1.074 |      1.047 
   ijkl-minj-nlmk |          1.090 |      1.125 |      1.116 
   ijkl-mink-jnlm |          1.120 |      1.151 |      1.109 
   ijkl-minl-njmk |          1.169 |      1.177 |      1.183 
     aqrs-pa-pqrs |          1.346 |      1.451 |      1.261 
     abrs-qb-aqrs |          1.463 |      1.474 |      1.336 
     abcs-rc-abrs |          1.496 |      1.266 |      1.345 
       abj-bka-kj |          1.199 |      1.132 |      1.139 
       ajb-kba-jk |          0.996 |      1.100 |      0.982 
     abjc-cbka-kj |          0.950 |      0.793 |      0.903 
     ajbc-ckba-jk |          1.498 |      1.545 |      1.371 
     abjc-kbac-jk |          1.428 |      1.592 |      1.394 
   abjcd-dkbac-jk |          1.581 |      1.591 |      1.278 
   adbjc-cbdka-kj |          1.569 |      1.485 |      1.506 
   ajbdc-ckbad-jk |          2.000 |      1.969 |      1.665 
 abcijk-ijma-mkbc |          1.338 |      1.462 |      1.202 
 abcijk-ijmb-mkac |          1.343 |      1.414 |      1.141 
 abcijk-ijmc-mkab |          1.439 |      1.640 |      1.186 
 abcijk-ikma-mjbc |          1.323 |      1.448 |      1.198 
 abcijk-ikmb-mjac |          1.333 |      1.407 |      1.148 
 abcijk-ikmc-mjab |          1.424 |      1.625 |      1.179 
 abcijk-jkma-mibc |          1.285 |      1.412 |      1.170 
 abcijk-jkmb-miac |          1.367 |      1.444 |      1.142 
 abcijk-jkmc-miab |          1.460 |      1.665 |      1.205 
 abcijk-eiab-jkec |          1.457 |      1.651 |      1.196 
 abcijk-eiac-jkeb |          1.364 |      1.446 |      1.143 
 abcijk-eibc-jkea |          1.302 |      1.427 |      1.168 
 abcijk-ejab-ikec |          1.448 |      1.635 |      1.195 
 abcijk-ejac-ikeb |          1.344 |      1.410 |      1.141 
 abcijk-ejbc-ikea |          1.344 |      1.446 |      1.203 
 abcijk-ekab-ijec |          1.477 |      1.650 |      1.211 
 abcijk-ekac-ijeb |          1.553 |      1.720 |      1.288 
 abcijk-ekbc-ijea |          1.471 |      1.603 |      1.263 
       abc-bk-akc |          0.907 |      0.983 |      0.839 
             MEAN |          1.257 |      1.310 |      1.136 

wrote bench-results/worker5086-zen2/phase4g/sm-both-s4-t1-f64c64.csv
