host        : worker5086
target      : x86_64 / linux
cpu features: avx2 fma 
caches      : L1=32KiB/8-way/1sh L2=512KiB/8-way/1sh L3=16384KiB/16-way/4sh (via sysfs), blocking=legacy
l3 domains  : t1=1 t4=1 t8=2 t16=4
baselines   : tblis=false blas=false

sweeping 49 cases at 1 MiB nominal tensor size, 24 reps, stress=none


=== f32 ===
             case |     m |    n |    k | regA | regB | planar GF/s | 1m GF/s | 3m GF/s 
------------------+-------+------+------+------+------+-------------+---------+---------
         ij-ik-kj |   384 |  364 |  384 | 1.00 | 1.00 |       337.0 |   337.0 |   337.0 
       ij-ikl-ljk |    72 |   52 | 3744 | 1.00 | 1.00 |        45.7 |    45.7 |    45.7 
       ij-kil-lkj |    72 |   52 | 5184 | 1.00 | 1.00 |        62.9 |    62.9 |    62.9 
       ijk-ikl-lj |  3744 |   52 |   72 | 1.00 | 1.00 |       191.1 |   191.1 |   191.1 
       ijk-il-jlk |    72 | 3744 |   52 | 1.00 | 1.00 |        58.2 |    58.2 |    58.2 
       ijk-ilk-jl |  3744 |   72 |   52 | 0.89 | 1.00 |       191.9 |   191.9 |   191.9 
       ijk-ilk-lj |  3744 |   52 |   72 | 0.89 | 1.00 |       191.4 |   191.4 |   191.4 
     ijk-ilmk-mjl |   480 |   20 |  480 | 0.67 | 1.00 |        40.6 |    40.6 |    40.6 
   ijkl-imjn-lnkm |   480 |  480 |  400 | 0.67 | 0.80 |       319.6 |   319.6 |   319.6 
   ijkl-imjn-nlmk |   480 |  400 |  480 | 0.67 | 0.81 |       352.9 |   352.9 |   352.9 
   ijkl-imkn-jnlm |   480 |  480 |  400 | 0.67 | 1.00 |       358.3 |   358.3 |   358.3 
   ijkl-imkn-njml |   480 |  400 |  480 | 0.67 | 0.81 |       371.1 |   371.1 |   371.1 
   ijkl-imln-jnkm |   480 |  480 |  400 | 0.67 | 1.00 |       379.5 |   379.5 |   379.5 
   ijkl-imln-njmk |   480 |  400 |  480 | 0.67 | 0.81 |       381.2 |   381.2 |   381.2 
   ijkl-imnj-nlkm |   480 |  400 |  480 | 0.67 | 0.81 |       342.2 |   342.2 |   342.2 
   ijkl-imnk-njml |   480 |  400 |  480 | 0.67 | 0.81 |       375.2 |   375.2 |   375.2 
   ijkl-minj-nlmk |   480 |  400 |  576 | 0.67 | 0.81 |       350.0 |   350.0 |   350.0 
   ijkl-mink-jnlm |   480 |  480 |  480 | 0.67 | 1.00 |       376.0 |   376.0 |   376.0 
   ijkl-minl-njmk |   480 |  400 |  576 | 0.67 | 0.81 |       392.6 |   392.6 |   392.6 
     aqrs-pa-pqrs |    24 | 8000 |   24 | 1.00 | 1.00 |        21.2 |    21.2 |    21.2 
     abrs-qb-aqrs |    20 | 9600 |   24 | 1.00 | 1.00 |        25.4 |    25.4 |    25.4 
     abcs-rc-abrs |    20 | 9600 |   24 | 1.00 | 1.00 |        32.2 |    32.2 |    32.2 
       abj-bka-kj |  5184 |   52 |   72 | 0.89 | 1.00 |       223.8 |   223.8 |   223.8 
       ajb-kba-jk |  3744 |   72 |   72 | 0.89 | 1.00 |       268.8 |   268.8 |   268.8 
     abjc-cbka-kj | 11520 |   20 |   24 | 0.67 | 1.00 |        20.9 |    20.9 |    20.9 
     ajbc-ckba-jk | 11520 |   24 |   20 | 1.00 | 1.00 |        17.6 |    17.6 |    17.6 
     abjc-kbac-jk |  9600 |   24 |   24 | 0.67 | 1.00 |        30.9 |    30.9 |    30.9 
   abjcd-dkbac-jk | 82944 |   24 |   12 | 0.67 | 1.00 |        92.7 |    92.7 |    92.7 
   adbjc-cbdka-kj | 82944 |   12 |   24 | 0.67 | 1.00 |        54.5 |    54.5 |    54.5 
   ajbdc-ckbad-jk | 82944 |   24 |   12 | 1.00 | 1.00 |        76.1 |    76.1 |    76.1 
 abcijk-ijma-mkbc |  4608 |  512 |   24 | 1.00 | 1.00 |       205.6 |   205.6 |   205.6 
 abcijk-ijmb-mkac |  1536 | 1536 |   24 | 1.00 | 1.00 |       244.7 |   244.7 |   244.7 
 abcijk-ijmc-mkab |  1536 | 1536 |   24 | 1.00 | 0.50 |       339.8 |   339.8 |   339.8 
 abcijk-ikma-mjbc |  4608 |  512 |   24 | 1.00 | 1.00 |       203.9 |   203.9 |   203.9 
 abcijk-ikmb-mjac |  1536 | 1536 |   24 | 1.00 | 1.00 |       248.9 |   248.9 |   248.9 
 abcijk-ikmc-mjab |  1536 | 1536 |   24 | 1.00 | 0.50 |       373.8 |   373.8 |   373.8 
 abcijk-jkma-mibc |  4608 |  512 |   24 | 1.00 | 1.00 |       172.4 |   172.4 |   172.4 
 abcijk-jkmb-miac |  1536 | 1536 |   24 | 1.00 | 1.00 |       245.0 |   245.0 |   245.0 
 abcijk-jkmc-miab |  1536 | 1536 |   24 | 1.00 | 0.50 |       369.8 |   369.8 |   369.8 
 abcijk-eiab-jkec |  1536 | 1536 |   24 | 1.00 | 0.50 |       361.2 |   361.2 |   361.2 
 abcijk-eiac-jkeb |  1536 | 1536 |   24 | 1.00 | 1.00 |       246.9 |   246.9 |   246.9 
 abcijk-eibc-jkea |   512 | 4608 |   24 | 1.00 | 1.00 |       173.1 |   173.1 |   173.1 
 abcijk-ejab-ikec |  1536 | 1536 |   24 | 1.00 | 0.50 |       363.7 |   363.7 |   363.7 
 abcijk-ejac-ikeb |  1536 | 1536 |   24 | 1.00 | 1.00 |       242.8 |   242.8 |   242.8 
 abcijk-ejbc-ikea |   512 | 4608 |   24 | 1.00 | 1.00 |       204.4 |   204.4 |   204.4 
 abcijk-ekab-ijec |  1536 | 1536 |   24 | 1.00 | 0.50 |       359.2 |   359.2 |   359.2 
 abcijk-ekac-ijeb |  1536 | 1536 |   24 | 1.00 | 1.00 |       247.7 |   247.7 |   247.7 
 abcijk-ekbc-ijea |   512 | 4608 |   24 | 1.00 | 1.00 |       204.2 |   204.2 |   204.2 
       abc-bk-akc |    72 | 3744 |   52 | 0.89 | 1.00 |       191.8 |   191.8 |   191.8 

=== c32 ===
             case |     m |    n |    k | regA | regB | planar GF/s | 1m GF/s | 3m GF/s 
------------------+-------+------+------+------+------+-------------+---------+---------
         ij-ik-kj |   384 |  364 |  384 | 1.00 | 1.00 |       498.6 |   477.9 |   399.3 
       ij-ikl-ljk |    72 |   52 | 3744 | 1.00 | 1.00 |       148.4 |   149.4 |   143.4 
       ij-kil-lkj |    72 |   52 | 5184 | 1.00 | 1.00 |       143.4 |   148.9 |   137.4 
       ijk-ikl-lj |  3744 |   52 |   72 | 1.00 | 1.00 |       451.7 |   462.4 |   436.9 
       ijk-il-jlk |    72 | 3744 |   52 | 1.00 | 0.95 |       439.3 |   462.0 |   407.1 
       ijk-ilk-jl |  3744 |   72 |   52 | 1.00 | 1.00 |       271.8 |   224.0 |   220.5 
       ijk-ilk-lj |  3744 |   52 |   72 | 1.00 | 1.00 |       449.0 |   464.0 |   451.2 
     ijk-ilmk-mjl |   480 |   20 |  480 | 1.00 | 1.00 |       242.9 |   206.5 |   164.8 
   ijkl-imjn-lnkm |   480 |  480 |  400 | 1.00 | 1.00 |       445.8 |   472.0 |   438.0 
   ijkl-imjn-nlmk |   480 |  400 |  480 | 1.00 | 1.00 |       475.6 |   482.3 |   457.2 
   ijkl-imkn-jnlm |   480 |  480 |  400 | 1.00 | 0.83 |       527.9 |   532.8 |   515.9 
   ijkl-imkn-njml |   480 |  400 |  480 | 1.00 | 1.00 |       525.5 |   542.8 |   504.4 
   ijkl-imln-jnkm |   480 |  480 |  400 | 1.00 | 0.83 |       547.5 |   539.4 |   523.4 
   ijkl-imln-njmk |   480 |  400 |  480 | 1.00 | 1.00 |       526.2 |   538.6 |   516.3 
   ijkl-imnj-nlkm |   480 |  400 |  480 | 1.00 | 1.00 |       453.2 |   459.9 |   447.1 
   ijkl-imnk-njml |   480 |  400 |  480 | 1.00 | 1.00 |       519.3 |   533.7 |   505.3 
   ijkl-minj-nlmk |   480 |  400 |  576 | 1.00 | 1.00 |       453.4 |   478.2 |   442.0 
   ijkl-mink-jnlm |   480 |  480 |  480 | 1.00 | 0.83 |       539.5 |   544.9 |   517.3 
   ijkl-minl-njmk |   480 |  400 |  576 | 1.00 | 1.00 |       543.7 |   546.4 |   490.0 
     aqrs-pa-pqrs |    24 | 8000 |   24 | 1.00 | 1.00 |        75.6 |    91.6 |   133.1 
     abrs-qb-aqrs |    20 | 9600 |   24 | 1.00 | 1.00 |       206.1 |   191.4 |   135.0 
     abcs-rc-abrs |    20 | 9600 |   24 | 1.00 | 1.00 |       194.6 |   187.2 |   133.3 
       abj-bka-kj |  5184 |   52 |   72 | 1.00 | 1.00 |       391.6 |   407.7 |   413.8 
       ajb-kba-jk |  3744 |   72 |   72 | 1.00 | 1.00 |       473.3 |   501.8 |   494.7 
     abjc-cbka-kj | 11520 |   20 |   24 | 1.00 | 1.00 |       179.5 |   167.1 |    54.5 
     ajbc-ckba-jk | 11520 |   24 |   20 | 1.00 | 1.00 |       186.9 |   197.4 |    56.8 
     abjc-kbac-jk |  9600 |   24 |   24 | 1.00 | 1.00 |       204.2 |   221.7 |    76.2 
   abjcd-dkbac-jk | 82944 |   24 |   12 | 1.00 | 1.00 |       127.6 |   127.3 |   123.3 
   adbjc-cbdka-kj | 82944 |   12 |   24 | 1.00 | 1.00 |        55.9 |    43.9 |    50.6 
   ajbdc-ckbad-jk | 82944 |   24 |   12 | 1.00 | 1.00 |       113.5 |   121.2 |   115.4 
 abcijk-ijma-mkbc |  4608 |  512 |   24 | 1.00 | 0.94 |       333.4 |   371.3 |   360.4 
 abcijk-ijmb-mkac |  1536 | 1536 |   24 | 1.00 | 0.50 |       371.6 |   426.1 |   354.3 
 abcijk-ijmc-mkab |  1536 | 1536 |   24 | 1.00 | 0.50 |       384.0 |   426.4 |   366.8 
 abcijk-ikma-mjbc |  4608 |  512 |   24 | 1.00 | 0.94 |       337.8 |   367.2 |   362.3 
 abcijk-ikmb-mjac |  1536 | 1536 |   24 | 1.00 | 0.50 |       368.9 |   428.8 |   355.8 
 abcijk-ikmc-mjab |  1536 | 1536 |   24 | 1.00 | 0.50 |       379.9 |   427.9 |   362.1 
 abcijk-jkma-mibc |  4608 |  512 |   24 | 1.00 | 0.94 |       321.2 |   349.1 |   322.4 
 abcijk-jkmb-miac |  1536 | 1536 |   24 | 1.00 | 0.50 |       371.0 |   429.0 |   354.4 
 abcijk-jkmc-miab |  1536 | 1536 |   24 | 1.00 | 0.50 |       378.2 |   434.1 |   363.9 
 abcijk-eiab-jkec |  1536 | 1536 |   24 | 1.00 | 0.50 |       377.1 |   423.5 |   367.3 
 abcijk-eiac-jkeb |  1536 | 1536 |   24 | 1.00 | 0.50 |       370.4 |   425.7 |   357.8 
 abcijk-eibc-jkea |   512 | 4608 |   24 | 1.00 | 0.94 |       321.0 |   348.6 |   323.1 
 abcijk-ejab-ikec |  1536 | 1536 |   24 | 1.00 | 0.50 |       373.8 |   423.8 |   356.2 
 abcijk-ejac-ikeb |  1536 | 1536 |   24 | 1.00 | 0.50 |       370.6 |   420.0 |   354.0 
 abcijk-ejbc-ikea |   512 | 4608 |   24 | 1.00 | 0.94 |       335.2 |   372.5 |   358.9 
 abcijk-ekab-ijec |  1536 | 1536 |   24 | 1.00 | 0.50 |       381.0 |   419.9 |   358.1 
 abcijk-ekac-ijeb |  1536 | 1536 |   24 | 1.00 | 0.50 |       376.3 |   420.4 |   350.2 
 abcijk-ekbc-ijea |   512 | 4608 |   24 | 1.00 | 0.94 |       335.6 |   371.4 |   358.8 
       abc-bk-akc |    72 | 3744 |   52 | 1.00 | 1.00 |       261.3 |   221.9 |   217.6 

=== complex efficiency ratio (c32 GF/s over f32 GF/s; 1.0 = no penalty) ===
             case | planar c32/f32 | 1m c32/f32 | 3m c32/f32 
------------------+----------------+------------+------------
         ij-ik-kj |          1.480 |      1.418 |      1.185 
       ij-ikl-ljk |          3.248 |      3.269 |      3.138 
       ij-kil-lkj |          2.279 |      2.366 |      2.183 
       ijk-ikl-lj |          2.364 |      2.420 |      2.287 
       ijk-il-jlk |          7.542 |      7.932 |      6.990 
       ijk-ilk-jl |          1.416 |      1.167 |      1.149 
       ijk-ilk-lj |          2.346 |      2.424 |      2.357 
     ijk-ilmk-mjl |          5.989 |      5.091 |      4.064 
   ijkl-imjn-lnkm |          1.395 |      1.477 |      1.370 
   ijkl-imjn-nlmk |          1.347 |      1.367 |      1.295 
   ijkl-imkn-jnlm |          1.473 |      1.487 |      1.440 
   ijkl-imkn-njml |          1.416 |      1.463 |      1.359 
   ijkl-imln-jnkm |          1.443 |      1.421 |      1.379 
   ijkl-imln-njmk |          1.380 |      1.413 |      1.355 
   ijkl-imnj-nlkm |          1.324 |      1.344 |      1.307 
   ijkl-imnk-njml |          1.384 |      1.423 |      1.347 
   ijkl-minj-nlmk |          1.295 |      1.366 |      1.263 
   ijkl-mink-jnlm |          1.435 |      1.449 |      1.376 
   ijkl-minl-njmk |          1.385 |      1.392 |      1.248 
     aqrs-pa-pqrs |          3.574 |      4.326 |      6.287 
     abrs-qb-aqrs |          8.118 |      7.539 |      5.320 
     abcs-rc-abrs |          6.043 |      5.814 |      4.139 
       abj-bka-kj |          1.750 |      1.822 |      1.849 
       ajb-kba-jk |          1.761 |      1.866 |      1.840 
     abjc-cbka-kj |          8.589 |      7.994 |      2.606 
     ajbc-ckba-jk |         10.641 |     11.242 |      3.234 
     abjc-kbac-jk |          6.599 |      7.162 |      2.463 
   abjcd-dkbac-jk |          1.376 |      1.372 |      1.329 
   adbjc-cbdka-kj |          1.026 |      0.807 |      0.930 
   ajbdc-ckbad-jk |          1.492 |      1.593 |      1.516 
 abcijk-ijma-mkbc |          1.622 |      1.806 |      1.753 
 abcijk-ijmb-mkac |          1.519 |      1.741 |      1.448 
 abcijk-ijmc-mkab |          1.130 |      1.255 |      1.080 
 abcijk-ikma-mjbc |          1.656 |      1.801 |      1.776 
 abcijk-ikmb-mjac |          1.482 |      1.723 |      1.429 
 abcijk-ikmc-mjab |          1.016 |      1.145 |      0.969 
 abcijk-jkma-mibc |          1.863 |      2.025 |      1.870 
 abcijk-jkmb-miac |          1.514 |      1.751 |      1.446 
 abcijk-jkmc-miab |          1.023 |      1.174 |      0.984 
 abcijk-eiab-jkec |          1.044 |      1.173 |      1.017 
 abcijk-eiac-jkeb |          1.501 |      1.724 |      1.449 
 abcijk-eibc-jkea |          1.854 |      2.014 |      1.866 
 abcijk-ejab-ikec |          1.028 |      1.165 |      0.979 
 abcijk-ejac-ikeb |          1.526 |      1.730 |      1.458 
 abcijk-ejbc-ikea |          1.640 |      1.822 |      1.755 
 abcijk-ekab-ijec |          1.061 |      1.169 |      0.997 
 abcijk-ekac-ijeb |          1.519 |      1.697 |      1.414 
 abcijk-ekbc-ijea |          1.644 |      1.819 |      1.757 
       abc-bk-akc |          1.362 |      1.157 |      1.134 
             MEAN |          2.447 |      2.513 |      1.963 

wrote bench-results/worker5086-zen2/phase4g/sm-both-s1-t8-f32c32.csv
