host        : worker5086
target      : x86_64 / linux
cpu features: avx2 fma 
caches      : L1=32KiB/8-way/1sh L2=512KiB/8-way/1sh L3=16384KiB/16-way/4sh (via sysfs), blocking=legacy
l3 domains  : t1=1 t4=1 t8=2 t16=4
baselines   : tblis=false blas=false

sweeping 49 cases at 16 MiB nominal tensor size, 3 reps, stress=none


=== f64 ===
             case |      m |     n |     k | regA | regB | planar GF/s | 1m GF/s | 3m GF/s 
------------------+--------+-------+-------+------+------+-------------+---------+---------
         ij-ik-kj |   1464 |  1448 |  1464 | 1.00 | 1.00 |       214.2 |   214.2 |   214.2 
       ij-ikl-ljk |    144 |   128 | 18432 | 1.00 | 1.00 |        80.1 |    80.1 |    80.1 
       ij-kil-lkj |    144 |   128 | 20736 | 1.00 | 1.00 |        86.7 |    86.7 |    86.7 
       ijk-ikl-lj |  18432 |   128 |   144 | 1.00 | 1.00 |       157.3 |   157.3 |   157.3 
       ijk-il-jlk |    144 | 18432 |   128 | 1.00 | 1.00 |       111.0 |   111.0 |   111.0 
       ijk-ilk-jl |  18432 |   144 |   128 | 1.00 | 1.00 |       206.0 |   206.0 |   206.0 
       ijk-ilk-lj |  18432 |   128 |   144 | 1.00 | 1.00 |       214.0 |   214.0 |   214.0 
     ijk-ilmk-mjl |   1920 |    40 |  1920 | 1.00 | 1.00 |       167.2 |   167.2 |   167.2 
   ijkl-imjn-lnkm |   1920 |  1920 |  1600 | 1.00 | 0.90 |       232.1 |   232.1 |   232.1 
   ijkl-imjn-nlmk |   1920 |  1600 |  1920 | 1.00 | 0.90 |       232.8 |   232.8 |   232.8 
   ijkl-imkn-jnlm |   1920 |  1920 |  1600 | 1.00 | 1.00 |       274.9 |   274.9 |   274.9 
   ijkl-imkn-njml |   1920 |  1600 |  1920 | 1.00 | 0.90 |       263.5 |   263.5 |   263.5 
   ijkl-imln-jnkm |   1920 |  1920 |  1600 | 1.00 | 1.00 |       266.6 |   266.6 |   266.6 
   ijkl-imln-njmk |   1920 |  1600 |  1920 | 1.00 | 0.90 |       261.1 |   261.1 |   261.1 
   ijkl-imnj-nlkm |   1920 |  1600 |  1920 | 1.00 | 0.90 |       235.5 |   235.5 |   235.5 
   ijkl-imnk-njml |   1920 |  1600 |  1920 | 1.00 | 0.90 |       265.3 |   265.3 |   265.3 
   ijkl-minj-nlmk |   1920 |  1600 |  2304 | 1.00 | 0.90 |       232.3 |   232.3 |   232.3 
   ijkl-mink-jnlm |   1920 |  1920 |  1920 | 1.00 | 1.00 |       272.0 |   272.0 |   272.0 
   ijkl-minl-njmk |   1920 |  1600 |  2304 | 1.00 | 0.90 |       236.4 |   236.4 |   236.4 
     aqrs-pa-pqrs |     48 | 64000 |    48 | 1.00 | 1.00 |        55.7 |    55.7 |    55.7 
     abrs-qb-aqrs |     40 | 76800 |    48 | 1.00 | 1.00 |        93.2 |    93.2 |    93.2 
     abcs-rc-abrs |     40 | 76800 |    48 | 1.00 | 1.00 |        60.9 |    60.9 |    60.9 
       abj-bka-kj |  20736 |   128 |   144 | 1.00 | 1.00 |       192.8 |   192.8 |   192.8 
       ajb-kba-jk |  18432 |   144 |   144 | 1.00 | 1.00 |       236.4 |   236.4 |   236.4 
     abjc-cbka-kj |  92160 |    40 |    48 | 1.00 | 1.00 |        34.4 |    34.4 |    34.4 
     ajbc-ckba-jk |  92160 |    48 |    40 | 1.00 | 1.00 |        24.1 |    24.1 |    24.1 
     abjc-kbac-jk |  76800 |    48 |    48 | 1.00 | 1.00 |        52.5 |    52.5 |    52.5 
   abjcd-dkbac-jk | 230400 |    24 |    20 | 1.00 | 1.00 |        21.3 |    21.3 |    21.3 
   adbjc-cbdka-kj | 230400 |    20 |    24 | 1.00 | 1.00 |        15.9 |    15.9 |    15.9 
   ajbdc-ckbad-jk | 230400 |    24 |    20 | 1.00 | 1.00 |        21.2 |    21.2 |    21.2 
 abcijk-ijma-mkbc |   6912 |  1728 |    24 | 1.00 | 1.00 |        94.2 |    94.2 |    94.2 
 abcijk-ijmb-mkac |   3456 |  3456 |    24 | 1.00 | 1.00 |        95.5 |    95.5 |    95.5 
 abcijk-ijmc-mkab |   3456 |  3456 |    24 | 1.00 | 1.00 |        96.7 |    96.7 |    96.7 
 abcijk-ikma-mjbc |   6912 |  1728 |    24 | 1.00 | 1.00 |        93.7 |    93.7 |    93.7 
 abcijk-ikmb-mjac |   3456 |  3456 |    24 | 1.00 | 1.00 |        95.7 |    95.7 |    95.7 
 abcijk-ikmc-mjab |   3456 |  3456 |    24 | 1.00 | 1.00 |        99.3 |    99.3 |    99.3 
 abcijk-jkma-mibc |   6912 |  1728 |    24 | 1.00 | 1.00 |        92.0 |    92.0 |    92.0 
 abcijk-jkmb-miac |   3456 |  3456 |    24 | 1.00 | 1.00 |        95.3 |    95.3 |    95.3 
 abcijk-jkmc-miab |   3456 |  3456 |    24 | 1.00 | 1.00 |        99.7 |    99.7 |    99.7 
 abcijk-eiab-jkec |   3456 |  3456 |    24 | 1.00 | 1.00 |        99.4 |    99.4 |    99.4 
 abcijk-eiac-jkeb |   3456 |  3456 |    24 | 1.00 | 1.00 |        96.0 |    96.0 |    96.0 
 abcijk-eibc-jkea |   1728 |  6912 |    24 | 1.00 | 1.00 |        90.9 |    90.9 |    90.9 
 abcijk-ejab-ikec |   3456 |  3456 |    24 | 1.00 | 1.00 |        99.3 |    99.3 |    99.3 
 abcijk-ejac-ikeb |   3456 |  3456 |    24 | 1.00 | 1.00 |        95.5 |    95.5 |    95.5 
 abcijk-ejbc-ikea |   1728 |  6912 |    24 | 1.00 | 1.00 |        92.4 |    92.4 |    92.4 
 abcijk-ekab-ijec |   3456 |  3456 |    24 | 1.00 | 1.00 |        97.6 |    97.6 |    97.6 
 abcijk-ekac-ijeb |   3456 |  3456 |    24 | 1.00 | 1.00 |        95.6 |    95.6 |    95.6 
 abcijk-ekbc-ijea |   1728 |  6912 |    24 | 1.00 | 1.00 |        94.6 |    94.6 |    94.6 
       abc-bk-akc |    144 | 18432 |   128 | 1.00 | 1.00 |       211.1 |   211.1 |   211.1 

=== c64 ===
             case |      m |     n |     k | regA | regB | planar GF/s | 1m GF/s | 3m GF/s 
------------------+--------+-------+-------+------+------+-------------+---------+---------
         ij-ik-kj |   1464 |  1448 |  1464 | 1.00 | 1.00 |       294.8 |   293.4 |   271.0 
       ij-ikl-ljk |    144 |   128 | 18432 | 1.00 | 1.00 |       141.9 |   147.8 |   144.8 
       ij-kil-lkj |    144 |   128 | 20736 | 1.00 | 1.00 |       153.2 |   161.5 |   156.1 
       ijk-ikl-lj |  18432 |   128 |   144 | 1.00 | 1.00 |       260.6 |   260.0 |   250.4 
       ijk-il-jlk |    144 | 18432 |   128 | 1.00 | 0.97 |       195.3 |   195.5 |   161.2 
       ijk-ilk-jl |  18432 |   144 |   128 | 1.00 | 1.00 |       284.9 |   293.8 |   269.8 
       ijk-ilk-lj |  18432 |   128 |   144 | 1.00 | 1.00 |       293.6 |   298.3 |   247.7 
     ijk-ilmk-mjl |   1920 |    40 |  1920 | 1.00 | 1.00 |       194.1 |   188.2 |   170.2 
   ijkl-imjn-lnkm |   1920 |  1920 |  1600 | 1.00 | 1.00 |       305.3 |   306.1 |   284.3 
   ijkl-imjn-nlmk |   1920 |  1600 |  1920 | 1.00 | 1.00 |       304.0 |   306.2 |   281.1 
   ijkl-imkn-jnlm |   1920 |  1920 |  1600 | 1.00 | 0.92 |       308.9 |   307.5 |   296.5 
   ijkl-imkn-njml |   1920 |  1600 |  1920 | 1.00 | 1.00 |       302.8 |   298.1 |   288.4 
   ijkl-imln-jnkm |   1920 |  1920 |  1600 | 1.00 | 0.92 |       308.8 |   306.5 |   295.4 
   ijkl-imln-njmk |   1920 |  1600 |  1920 | 1.00 | 1.00 |       302.0 |   299.5 |   287.0 
   ijkl-imnj-nlkm |   1920 |  1600 |  1920 | 1.00 | 1.00 |       305.2 |   307.2 |   283.4 
   ijkl-imnk-njml |   1920 |  1600 |  1920 | 1.00 | 1.00 |       303.3 |   302.1 |   289.1 
   ijkl-minj-nlmk |   1920 |  1600 |  2304 | 1.00 | 1.00 |       299.4 |   301.4 |   289.2 
   ijkl-mink-jnlm |   1920 |  1920 |  1920 | 1.00 | 0.92 |       309.6 |   307.6 |   303.1 
   ijkl-minl-njmk |   1920 |  1600 |  2304 | 1.00 | 1.00 |       303.8 |   290.6 |   298.0 
     aqrs-pa-pqrs |     48 | 64000 |    48 | 1.00 | 1.00 |       161.1 |   174.9 |   156.1 
     abrs-qb-aqrs |     40 | 76800 |    48 | 1.00 | 1.00 |        91.7 |   163.6 |    58.0 
     abcs-rc-abrs |     40 | 76800 |    48 | 1.00 | 1.00 |       101.3 |   156.3 |    87.7 
       abj-bka-kj |  20736 |   128 |   144 | 1.00 | 1.00 |       253.9 |   240.5 |   244.0 
       ajb-kba-jk |  18432 |   144 |   144 | 1.00 | 1.00 |       302.9 |   315.2 |   297.5 
     abjc-cbka-kj |  92160 |    40 |    48 | 1.00 | 1.00 |        14.4 |    82.4 |    15.1 
     ajbc-ckba-jk |  92160 |    48 |    40 | 1.00 | 1.00 |        20.4 |    16.0 |    20.0 
     abjc-kbac-jk |  76800 |    48 |    48 | 1.00 | 1.00 |       101.6 |   111.9 |   105.0 
   abjcd-dkbac-jk | 230400 |    24 |    20 | 1.00 | 1.00 |        53.3 |    52.1 |    52.1 
   adbjc-cbdka-kj | 230400 |    20 |    24 | 1.00 | 1.00 |        47.8 |    43.5 |    46.1 
   ajbdc-ckbad-jk | 230400 |    24 |    20 | 1.00 | 1.00 |        52.1 |    50.3 |    50.8 
 abcijk-ijma-mkbc |   6912 |  1728 |    24 | 1.00 | 0.97 |       153.9 |   155.5 |   130.6 
 abcijk-ijmb-mkac |   3456 |  3456 |    24 | 1.00 | 0.67 |       161.7 |   175.5 |   144.6 
 abcijk-ijmc-mkab |   3456 |  3456 |    24 | 1.00 | 0.67 |       180.9 |   187.3 |   163.9 
 abcijk-ikma-mjbc |   6912 |  1728 |    24 | 1.00 | 0.97 |       153.7 |   154.8 |   130.0 
 abcijk-ikmb-mjac |   3456 |  3456 |    24 | 1.00 | 0.67 |       160.4 |   175.3 |   144.7 
 abcijk-ikmc-mjab |   3456 |  3456 |    24 | 1.00 | 0.67 |       181.8 |   189.6 |   164.4 
 abcijk-jkma-mibc |   6912 |  1728 |    24 | 1.00 | 0.97 |       154.5 |   154.4 |   131.2 
 abcijk-jkmb-miac |   3456 |  3456 |    24 | 1.00 | 0.67 |       161.4 |   176.9 |   146.9 
 abcijk-jkmc-miab |   3456 |  3456 |    24 | 1.00 | 0.67 |       178.3 |   188.3 |   167.3 
 abcijk-eiab-jkec |   3456 |  3456 |    24 | 1.00 | 0.67 |       180.3 |   185.0 |   166.7 
 abcijk-eiac-jkeb |   3456 |  3456 |    24 | 1.00 | 0.67 |       159.5 |   172.7 |   142.9 
 abcijk-eibc-jkea |   1728 |  6912 |    24 | 1.00 | 0.97 |       155.1 |   153.9 |   131.0 
 abcijk-ejab-ikec |   3456 |  3456 |    24 | 1.00 | 0.67 |       179.0 |   185.6 |   165.6 
 abcijk-ejac-ikeb |   3456 |  3456 |    24 | 1.00 | 0.67 |       161.7 |   173.3 |   145.0 
 abcijk-ejbc-ikea |   1728 |  6912 |    24 | 1.00 | 0.97 |       155.5 |   155.1 |   131.1 
 abcijk-ekab-ijec |   3456 |  3456 |    24 | 1.00 | 0.67 |       178.4 |   186.7 |   164.2 
 abcijk-ekac-ijeb |   3456 |  3456 |    24 | 1.00 | 0.67 |       162.0 |   173.5 |   143.3 
 abcijk-ekbc-ijea |   1728 |  6912 |    24 | 1.00 | 0.97 |       154.8 |   155.9 |   130.7 
       abc-bk-akc |    144 | 18432 |   128 | 1.00 | 1.00 |       288.4 |   301.6 |   275.0 

=== complex efficiency ratio (c64 GF/s over f64 GF/s; 1.0 = no penalty) ===
             case | planar c64/f64 | 1m c64/f64 | 3m c64/f64 
------------------+----------------+------------+------------
         ij-ik-kj |          1.377 |      1.370 |      1.265 
       ij-ikl-ljk |          1.772 |      1.846 |      1.809 
       ij-kil-lkj |          1.767 |      1.863 |      1.800 
       ijk-ikl-lj |          1.656 |      1.653 |      1.591 
       ijk-il-jlk |          1.759 |      1.762 |      1.452 
       ijk-ilk-jl |          1.383 |      1.426 |      1.310 
       ijk-ilk-lj |          1.372 |      1.394 |      1.157 
     ijk-ilmk-mjl |          1.161 |      1.126 |      1.018 
   ijkl-imjn-lnkm |          1.315 |      1.319 |      1.225 
   ijkl-imjn-nlmk |          1.306 |      1.316 |      1.208 
   ijkl-imkn-jnlm |          1.124 |      1.119 |      1.079 
   ijkl-imkn-njml |          1.149 |      1.132 |      1.094 
   ijkl-imln-jnkm |          1.158 |      1.150 |      1.108 
   ijkl-imln-njmk |          1.157 |      1.147 |      1.099 
   ijkl-imnj-nlkm |          1.296 |      1.304 |      1.203 
   ijkl-imnk-njml |          1.143 |      1.139 |      1.090 
   ijkl-minj-nlmk |          1.289 |      1.298 |      1.245 
   ijkl-mink-jnlm |          1.138 |      1.131 |      1.114 
   ijkl-minl-njmk |          1.285 |      1.229 |      1.261 
     aqrs-pa-pqrs |          2.891 |      3.139 |      2.802 
     abrs-qb-aqrs |          0.983 |      1.754 |      0.622 
     abcs-rc-abrs |          1.662 |      2.566 |      1.440 
       abj-bka-kj |          1.317 |      1.247 |      1.265 
       ajb-kba-jk |          1.281 |      1.333 |      1.259 
     abjc-cbka-kj |          0.419 |      2.394 |      0.440 
     ajbc-ckba-jk |          0.847 |      0.665 |      0.832 
     abjc-kbac-jk |          1.936 |      2.130 |      2.000 
   abjcd-dkbac-jk |          2.497 |      2.440 |      2.444 
   adbjc-cbdka-kj |          3.016 |      2.741 |      2.909 
   ajbdc-ckbad-jk |          2.461 |      2.376 |      2.401 
 abcijk-ijma-mkbc |          1.634 |      1.651 |      1.386 
 abcijk-ijmb-mkac |          1.693 |      1.838 |      1.515 
 abcijk-ijmc-mkab |          1.870 |      1.936 |      1.694 
 abcijk-ikma-mjbc |          1.640 |      1.651 |      1.387 
 abcijk-ikmb-mjac |          1.676 |      1.832 |      1.512 
 abcijk-ikmc-mjab |          1.830 |      1.909 |      1.655 
 abcijk-jkma-mibc |          1.680 |      1.678 |      1.427 
 abcijk-jkmb-miac |          1.693 |      1.856 |      1.541 
 abcijk-jkmc-miab |          1.788 |      1.888 |      1.677 
 abcijk-eiab-jkec |          1.814 |      1.861 |      1.677 
 abcijk-eiac-jkeb |          1.661 |      1.799 |      1.488 
 abcijk-eibc-jkea |          1.705 |      1.692 |      1.441 
 abcijk-ejab-ikec |          1.803 |      1.870 |      1.668 
 abcijk-ejac-ikeb |          1.693 |      1.815 |      1.519 
 abcijk-ejbc-ikea |          1.683 |      1.678 |      1.420 
 abcijk-ekab-ijec |          1.827 |      1.912 |      1.682 
 abcijk-ekac-ijeb |          1.694 |      1.814 |      1.498 
 abcijk-ekbc-ijea |          1.636 |      1.647 |      1.381 
       abc-bk-akc |          1.366 |      1.429 |      1.302 
             MEAN |          1.578 |      1.679 |      1.457 

wrote bench-results/worker5086-zen2/phase4g/sm-both-s16-t8-f64c64.csv
