host        : worker5086
target      : x86_64 / linux
cpu features: avx2 fma 
caches      : L1=32KiB/8-way/1sh L2=512KiB/8-way/1sh L3=16384KiB/16-way/4sh (via sysfs), blocking=legacy
l3 domains  : t1=1 t4=1
baselines   : tblis=false blas=false

sweeping 49 cases at 1 MiB nominal tensor size, 24 reps, stress=none


=== f32 ===
             case |     m |    n |    k | regA | regB | planar GF/s | 1m GF/s | 3m GF/s 
------------------+-------+------+------+------+------+-------------+---------+---------
         ij-ik-kj |   384 |  364 |  384 | 1.00 | 1.00 |       158.9 |   158.9 |   158.9 
       ij-ikl-ljk |    72 |   52 | 3744 | 1.00 | 1.00 |        59.3 |    59.3 |    59.3 
       ij-kil-lkj |    72 |   52 | 5184 | 1.00 | 1.00 |        57.3 |    57.3 |    57.3 
       ijk-ikl-lj |  3744 |   52 |   72 | 1.00 | 1.00 |       113.1 |   113.1 |   113.1 
       ijk-il-jlk |    72 | 3744 |   52 | 1.00 | 1.00 |        71.4 |    71.4 |    71.4 
       ijk-ilk-jl |  3744 |   72 |   52 | 0.89 | 1.00 |       113.7 |   113.7 |   113.7 
       ijk-ilk-lj |  3744 |   52 |   72 | 0.89 | 1.00 |       112.6 |   112.6 |   112.6 
     ijk-ilmk-mjl |   480 |   20 |  480 | 0.67 | 1.00 |        40.4 |    40.4 |    40.4 
   ijkl-imjn-lnkm |   480 |  480 |  400 | 0.67 | 0.80 |       143.2 |   143.2 |   143.2 
   ijkl-imjn-nlmk |   480 |  400 |  480 | 0.67 | 0.81 |       148.7 |   148.7 |   148.7 
   ijkl-imkn-jnlm |   480 |  480 |  400 | 0.67 | 1.00 |       147.6 |   147.6 |   147.6 
   ijkl-imkn-njml |   480 |  400 |  480 | 0.67 | 0.81 |       149.0 |   149.0 |   149.0 
   ijkl-imln-jnkm |   480 |  480 |  400 | 0.67 | 1.00 |       148.1 |   148.1 |   148.1 
   ijkl-imln-njmk |   480 |  400 |  480 | 0.67 | 0.81 |       149.2 |   149.2 |   149.2 
   ijkl-imnj-nlkm |   480 |  400 |  480 | 0.67 | 0.81 |       149.3 |   149.3 |   149.3 
   ijkl-imnk-njml |   480 |  400 |  480 | 0.67 | 0.81 |       149.8 |   149.8 |   149.8 
   ijkl-minj-nlmk |   480 |  400 |  576 | 0.67 | 0.81 |       150.5 |   150.5 |   150.5 
   ijkl-mink-jnlm |   480 |  480 |  480 | 0.67 | 1.00 |       150.8 |   150.8 |   150.8 
   ijkl-minl-njmk |   480 |  400 |  576 | 0.67 | 0.81 |       151.6 |   151.6 |   151.6 
     aqrs-pa-pqrs |    24 | 8000 |   24 | 1.00 | 1.00 |        21.2 |    21.2 |    21.2 
     abrs-qb-aqrs |    20 | 9600 |   24 | 1.00 | 1.00 |        25.4 |    25.4 |    25.4 
     abcs-rc-abrs |    20 | 9600 |   24 | 1.00 | 1.00 |        32.2 |    32.2 |    32.2 
       abj-bka-kj |  5184 |   52 |   72 | 0.89 | 1.00 |        93.2 |    93.2 |    93.2 
       ajb-kba-jk |  3744 |   72 |   72 | 0.89 | 1.00 |       115.3 |   115.3 |   115.3 
     abjc-cbka-kj | 11520 |   20 |   24 | 0.67 | 1.00 |        20.9 |    20.9 |    20.9 
     ajbc-ckba-jk | 11520 |   24 |   20 | 1.00 | 1.00 |        17.7 |    17.7 |    17.7 
     abjc-kbac-jk |  9600 |   24 |   24 | 0.67 | 1.00 |        31.1 |    31.1 |    31.1 
   abjcd-dkbac-jk | 82944 |   24 |   12 | 0.67 | 1.00 |        31.4 |    31.4 |    31.4 
   adbjc-cbdka-kj | 82944 |   12 |   24 | 0.67 | 1.00 |        18.5 |    18.5 |    18.5 
   ajbdc-ckbad-jk | 82944 |   24 |   12 | 1.00 | 1.00 |        27.2 |    27.2 |    27.2 
 abcijk-ijma-mkbc |  4608 |  512 |   24 | 1.00 | 1.00 |        65.2 |    65.2 |    65.2 
 abcijk-ijmb-mkac |  1536 | 1536 |   24 | 1.00 | 1.00 |        66.8 |    66.8 |    66.8 
 abcijk-ijmc-mkab |  1536 | 1536 |   24 | 1.00 | 0.50 |       104.5 |   104.5 |   104.5 
 abcijk-ikma-mjbc |  4608 |  512 |   24 | 1.00 | 1.00 |        65.4 |    65.4 |    65.4 
 abcijk-ikmb-mjac |  1536 | 1536 |   24 | 1.00 | 1.00 |        66.9 |    66.9 |    66.9 
 abcijk-ikmc-mjab |  1536 | 1536 |   24 | 1.00 | 0.50 |       104.5 |   104.5 |   104.5 
 abcijk-jkma-mibc |  4608 |  512 |   24 | 1.00 | 1.00 |        65.2 |    65.2 |    65.2 
 abcijk-jkmb-miac |  1536 | 1536 |   24 | 1.00 | 1.00 |        66.9 |    66.9 |    66.9 
 abcijk-jkmc-miab |  1536 | 1536 |   24 | 1.00 | 0.50 |       104.4 |   104.4 |   104.4 
 abcijk-eiab-jkec |  1536 | 1536 |   24 | 1.00 | 0.50 |       104.5 |   104.5 |   104.5 
 abcijk-eiac-jkeb |  1536 | 1536 |   24 | 1.00 | 1.00 |        66.7 |    66.7 |    66.7 
 abcijk-eibc-jkea |   512 | 4608 |   24 | 1.00 | 1.00 |        65.2 |    65.2 |    65.2 
 abcijk-ejab-ikec |  1536 | 1536 |   24 | 1.00 | 0.50 |       104.9 |   104.9 |   104.9 
 abcijk-ejac-ikeb |  1536 | 1536 |   24 | 1.00 | 1.00 |        66.8 |    66.8 |    66.8 
 abcijk-ejbc-ikea |   512 | 4608 |   24 | 1.00 | 1.00 |        65.4 |    65.4 |    65.4 
 abcijk-ekab-ijec |  1536 | 1536 |   24 | 1.00 | 0.50 |       104.9 |   104.9 |   104.9 
 abcijk-ekac-ijeb |  1536 | 1536 |   24 | 1.00 | 1.00 |        66.9 |    66.9 |    66.9 
 abcijk-ekbc-ijea |   512 | 4608 |   24 | 1.00 | 1.00 |        65.4 |    65.4 |    65.4 
       abc-bk-akc |    72 | 3744 |   52 | 0.89 | 1.00 |       113.8 |   113.8 |   113.8 

=== c32 ===
             case |     m |    n |    k | regA | regB | planar GF/s | 1m GF/s | 3m GF/s 
------------------+-------+------+------+------+------+-------------+---------+---------
         ij-ik-kj |   384 |  364 |  384 | 1.00 | 1.00 |       175.2 |   180.3 |   175.9 
       ij-ikl-ljk |    72 |   52 | 3744 | 1.00 | 1.00 |       104.6 |   105.0 |    98.6 
       ij-kil-lkj |    72 |   52 | 5184 | 1.00 | 1.00 |        98.2 |    98.1 |    99.2 
       ijk-ikl-lj |  3744 |   52 |   72 | 1.00 | 1.00 |       132.8 |   137.1 |   129.2 
       ijk-il-jlk |    72 | 3744 |   52 | 1.00 | 0.95 |       109.0 |   120.4 |   104.0 
       ijk-ilk-jl |  3744 |   72 |   52 | 1.00 | 1.00 |       130.6 |   141.2 |   131.7 
       ijk-ilk-lj |  3744 |   52 |   72 | 1.00 | 1.00 |       134.4 |   138.9 |   134.2 
     ijk-ilmk-mjl |   480 |   20 |  480 | 1.00 | 1.00 |       121.9 |   100.5 |   106.2 
   ijkl-imjn-lnkm |   480 |  480 |  400 | 1.00 | 1.00 |       162.1 |   168.3 |   164.2 
   ijkl-imjn-nlmk |   480 |  400 |  480 | 1.00 | 1.00 |       166.2 |   170.5 |   167.1 
   ijkl-imkn-jnlm |   480 |  480 |  400 | 1.00 | 0.83 |       165.8 |   170.3 |   166.8 
   ijkl-imkn-njml |   480 |  400 |  480 | 1.00 | 1.00 |       167.4 |   171.7 |   168.4 
   ijkl-imln-jnkm |   480 |  480 |  400 | 1.00 | 0.83 |       166.2 |   170.6 |   166.8 
   ijkl-imln-njmk |   480 |  400 |  480 | 1.00 | 1.00 |       167.5 |   171.6 |   168.4 
   ijkl-imnj-nlkm |   480 |  400 |  480 | 1.00 | 1.00 |       166.5 |   170.6 |   168.0 
   ijkl-imnk-njml |   480 |  400 |  480 | 1.00 | 1.00 |       167.2 |   171.5 |   168.5 
   ijkl-minj-nlmk |   480 |  400 |  576 | 1.00 | 1.00 |       167.4 |   171.4 |   169.1 
   ijkl-mink-jnlm |   480 |  480 |  480 | 1.00 | 0.83 |       167.4 |   172.0 |   169.7 
   ijkl-minl-njmk |   480 |  400 |  576 | 1.00 | 1.00 |       168.9 |   172.5 |   170.8 
     aqrs-pa-pqrs |    24 | 8000 |   24 | 1.00 | 1.00 |        54.4 |    62.9 |    49.5 
     abrs-qb-aqrs |    20 | 9600 |   24 | 1.00 | 1.00 |        85.0 |    78.1 |    75.0 
     abcs-rc-abrs |    20 | 9600 |   24 | 1.00 | 1.00 |        85.0 |    78.4 |    74.3 
       abj-bka-kj |  5184 |   52 |   72 | 1.00 | 1.00 |       117.8 |   118.7 |   123.9 
       ajb-kba-jk |  3744 |   72 |   72 | 1.00 | 1.00 |       135.9 |   142.2 |   143.2 
     abjc-cbka-kj | 11520 |   20 |   24 | 1.00 | 1.00 |        68.8 |    61.3 |    63.6 
     ajbc-ckba-jk | 11520 |   24 |   20 | 1.00 | 1.00 |        69.0 |    73.1 |    66.3 
     abjc-kbac-jk |  9600 |   24 |   24 | 1.00 | 1.00 |        80.2 |    83.5 |    79.1 
   abjcd-dkbac-jk | 82944 |   24 |   12 | 1.00 | 1.00 |        41.0 |    40.3 |    40.9 
   adbjc-cbdka-kj | 82944 |   12 |   24 | 1.00 | 1.00 |        24.9 |    20.7 |    21.9 
   ajbdc-ckbad-jk | 82944 |   24 |   12 | 1.00 | 1.00 |        39.2 |    41.1 |    37.9 
 abcijk-ijma-mkbc |  4608 |  512 |   24 | 1.00 | 0.94 |        97.5 |   109.1 |    97.2 
 abcijk-ijmb-mkac |  1536 | 1536 |   24 | 1.00 | 0.50 |        86.5 |   100.8 |    87.1 
 abcijk-ijmc-mkab |  1536 | 1536 |   24 | 1.00 | 0.50 |       100.7 |   112.6 |    98.3 
 abcijk-ikma-mjbc |  4608 |  512 |   24 | 1.00 | 0.94 |        98.4 |   109.5 |    97.1 
 abcijk-ikmb-mjac |  1536 | 1536 |   24 | 1.00 | 0.50 |        91.0 |   105.4 |    91.5 
 abcijk-ikmc-mjab |  1536 | 1536 |   24 | 1.00 | 0.50 |       101.9 |   113.8 |    99.0 
 abcijk-jkma-mibc |  4608 |  512 |   24 | 1.00 | 0.94 |       101.3 |   112.9 |   101.4 
 abcijk-jkmb-miac |  1536 | 1536 |   24 | 1.00 | 0.50 |        91.9 |   106.6 |    92.6 
 abcijk-jkmc-miab |  1536 | 1536 |   24 | 1.00 | 0.50 |       100.8 |   114.5 |    98.4 
 abcijk-eiab-jkec |  1536 | 1536 |   24 | 1.00 | 0.50 |       100.4 |   113.7 |    98.4 
 abcijk-eiac-jkeb |  1536 | 1536 |   24 | 1.00 | 0.50 |        92.0 |   107.4 |    92.9 
 abcijk-eibc-jkea |   512 | 4608 |   24 | 1.00 | 0.94 |        99.7 |   111.1 |   100.1 
 abcijk-ejab-ikec |  1536 | 1536 |   24 | 1.00 | 0.50 |       102.1 |   114.9 |    98.8 
 abcijk-ejac-ikeb |  1536 | 1536 |   24 | 1.00 | 0.50 |        91.4 |   106.0 |    92.0 
 abcijk-ejbc-ikea |   512 | 4608 |   24 | 1.00 | 0.94 |        98.2 |   109.5 |    97.7 
 abcijk-ekab-ijec |  1536 | 1536 |   24 | 1.00 | 0.50 |       100.4 |   111.3 |    97.7 
 abcijk-ekac-ijeb |  1536 | 1536 |   24 | 1.00 | 0.50 |        90.9 |   104.8 |    91.9 
 abcijk-ekbc-ijea |   512 | 4608 |   24 | 1.00 | 0.94 |        98.5 |   110.0 |    98.1 
       abc-bk-akc |    72 | 3744 |   52 | 1.00 | 1.00 |       131.5 |   141.5 |   130.4 

=== complex efficiency ratio (c32 GF/s over f32 GF/s; 1.0 = no penalty) ===
             case | planar c32/f32 | 1m c32/f32 | 3m c32/f32 
------------------+----------------+------------+------------
         ij-ik-kj |          1.103 |      1.135 |      1.107 
       ij-ikl-ljk |          1.765 |      1.771 |      1.663 
       ij-kil-lkj |          1.713 |      1.711 |      1.730 
       ijk-ikl-lj |          1.175 |      1.213 |      1.143 
       ijk-il-jlk |          1.528 |      1.687 |      1.458 
       ijk-ilk-jl |          1.148 |      1.242 |      1.158 
       ijk-ilk-lj |          1.193 |      1.234 |      1.192 
     ijk-ilmk-mjl |          3.017 |      2.489 |      2.630 
   ijkl-imjn-lnkm |          1.132 |      1.175 |      1.147 
   ijkl-imjn-nlmk |          1.118 |      1.147 |      1.124 
   ijkl-imkn-jnlm |          1.123 |      1.154 |      1.130 
   ijkl-imkn-njml |          1.123 |      1.152 |      1.130 
   ijkl-imln-jnkm |          1.123 |      1.153 |      1.127 
   ijkl-imln-njmk |          1.123 |      1.150 |      1.129 
   ijkl-imnj-nlkm |          1.115 |      1.143 |      1.125 
   ijkl-imnk-njml |          1.116 |      1.145 |      1.125 
   ijkl-minj-nlmk |          1.112 |      1.139 |      1.124 
   ijkl-mink-jnlm |          1.110 |      1.140 |      1.125 
   ijkl-minl-njmk |          1.114 |      1.138 |      1.127 
     aqrs-pa-pqrs |          2.561 |      2.961 |      2.332 
     abrs-qb-aqrs |          3.348 |      3.076 |      2.953 
     abcs-rc-abrs |          2.642 |      2.437 |      2.311 
       abj-bka-kj |          1.264 |      1.273 |      1.329 
       ajb-kba-jk |          1.178 |      1.233 |      1.242 
     abjc-cbka-kj |          3.294 |      2.936 |      3.049 
     ajbc-ckba-jk |          3.891 |      4.122 |      3.741 
     abjc-kbac-jk |          2.581 |      2.689 |      2.548 
   abjcd-dkbac-jk |          1.307 |      1.284 |      1.304 
   adbjc-cbdka-kj |          1.345 |      1.122 |      1.183 
   ajbdc-ckbad-jk |          1.438 |      1.509 |      1.392 
 abcijk-ijma-mkbc |          1.497 |      1.674 |      1.492 
 abcijk-ijmb-mkac |          1.294 |      1.508 |      1.304 
 abcijk-ijmc-mkab |          0.963 |      1.077 |      0.940 
 abcijk-ikma-mjbc |          1.505 |      1.674 |      1.485 
 abcijk-ikmb-mjac |          1.360 |      1.575 |      1.367 
 abcijk-ikmc-mjab |          0.975 |      1.089 |      0.947 
 abcijk-jkma-mibc |          1.553 |      1.731 |      1.556 
 abcijk-jkmb-miac |          1.373 |      1.593 |      1.384 
 abcijk-jkmc-miab |          0.965 |      1.097 |      0.942 
 abcijk-eiab-jkec |          0.961 |      1.087 |      0.941 
 abcijk-eiac-jkeb |          1.380 |      1.610 |      1.392 
 abcijk-eibc-jkea |          1.529 |      1.703 |      1.534 
 abcijk-ejab-ikec |          0.973 |      1.095 |      0.941 
 abcijk-ejac-ikeb |          1.369 |      1.587 |      1.378 
 abcijk-ejbc-ikea |          1.502 |      1.675 |      1.494 
 abcijk-ekab-ijec |          0.958 |      1.061 |      0.932 
 abcijk-ekac-ijeb |          1.360 |      1.567 |      1.375 
 abcijk-ekbc-ijea |          1.506 |      1.681 |      1.501 
       abc-bk-akc |          1.155 |      1.244 |      1.146 
             MEAN |          1.510 |      1.573 |      1.468 

wrote bench-results/worker5086-zen2/phase4g/sm-both-s1-t2-f32c32.csv
