host        : worker5086
target      : x86_64 / linux
cpu features: avx2 fma 
caches      : L1=32KiB/8-way/1sh L2=512KiB/8-way/1sh L3=16384KiB/16-way/4sh (via sysfs), blocking=legacy
l3 domains  : t1=1 t4=1 t8=2 t16=4 t32=8 t64=16 t128=32
baselines   : tblis=false blas=false

sweeping 49 cases at 16 MiB nominal tensor size, 3 reps, stress=none


=== f64 ===
             case |      m |     n |     k | regA | regB | planar GF/s | 1m GF/s | 3m GF/s 
------------------+--------+-------+-------+------+------+-------------+---------+---------
         ij-ik-kj |   1464 |  1448 |  1464 | 1.00 | 1.00 |       330.0 |   330.0 |   330.0 
       ij-ikl-ljk |    144 |   128 | 18432 | 1.00 | 1.00 |        74.4 |    74.4 |    74.4 
       ij-kil-lkj |    144 |   128 | 20736 | 1.00 | 1.00 |        85.0 |    85.0 |    85.0 
       ijk-ikl-lj |  18432 |   128 |   144 | 1.00 | 1.00 |       611.8 |   611.8 |   611.8 
       ijk-il-jlk |    144 | 18432 |   128 | 1.00 | 1.00 |       333.7 |   333.7 |   333.7 
       ijk-ilk-jl |  18432 |   144 |   128 | 1.00 | 1.00 |       429.9 |   429.9 |   429.9 
       ijk-ilk-lj |  18432 |   128 |   144 | 1.00 | 1.00 |       689.0 |   689.0 |   689.0 
     ijk-ilmk-mjl |   1920 |    40 |  1920 | 1.00 | 1.00 |       196.8 |   196.8 |   196.8 
   ijkl-imjn-lnkm |   1920 |  1920 |  1600 | 1.00 | 0.90 |       274.6 |   274.6 |   274.6 
   ijkl-imjn-nlmk |   1920 |  1600 |  1920 | 1.00 | 0.90 |       349.5 |   349.5 |   349.5 
   ijkl-imkn-jnlm |   1920 |  1920 |  1600 | 1.00 | 1.00 |       440.6 |   440.6 |   440.6 
   ijkl-imkn-njml |   1920 |  1600 |  1920 | 1.00 | 0.90 |       331.5 |   331.5 |   331.5 
   ijkl-imln-jnkm |   1920 |  1920 |  1600 | 1.00 | 1.00 |       524.1 |   524.1 |   524.1 
   ijkl-imln-njmk |   1920 |  1600 |  1920 | 1.00 | 0.90 |       436.0 |   436.0 |   436.0 
   ijkl-imnj-nlkm |   1920 |  1600 |  1920 | 1.00 | 0.90 |       396.3 |   396.3 |   396.3 
   ijkl-imnk-njml |   1920 |  1600 |  1920 | 1.00 | 0.90 |       462.7 |   462.7 |   462.7 
   ijkl-minj-nlmk |   1920 |  1600 |  2304 | 1.00 | 0.90 |       510.6 |   510.6 |   510.6 
   ijkl-mink-jnlm |   1920 |  1920 |  1920 | 1.00 | 1.00 |       646.6 |   646.6 |   646.6 
   ijkl-minl-njmk |   1920 |  1600 |  2304 | 1.00 | 0.90 |       523.9 |   523.9 |   523.9 
     aqrs-pa-pqrs |     48 | 64000 |    48 | 1.00 | 1.00 |       414.7 |   414.7 |   414.7 
     abrs-qb-aqrs |     40 | 76800 |    48 | 1.00 | 1.00 |       354.4 |   354.4 |   354.4 
     abcs-rc-abrs |     40 | 76800 |    48 | 1.00 | 1.00 |       363.0 |   363.0 |   363.0 
       abj-bka-kj |  20736 |   128 |   144 | 1.00 | 1.00 |       388.6 |   388.6 |   388.6 
       ajb-kba-jk |  18432 |   144 |   144 | 1.00 | 1.00 |       556.4 |   556.4 |   556.4 
     abjc-cbka-kj |  92160 |    40 |    48 | 1.00 | 1.00 |        70.7 |    70.7 |    70.7 
     ajbc-ckba-jk |  92160 |    48 |    40 | 1.00 | 1.00 |        96.9 |    96.9 |    96.9 
     abjc-kbac-jk |  76800 |    48 |    48 | 1.00 | 1.00 |       333.8 |   333.8 |   333.8 
   abjcd-dkbac-jk | 230400 |    24 |    20 | 1.00 | 1.00 |        38.3 |    38.3 |    38.3 
   adbjc-cbdka-kj | 230400 |    20 |    24 | 1.00 | 1.00 |        32.3 |    32.3 |    32.3 
   ajbdc-ckbad-jk | 230400 |    24 |    20 | 1.00 | 1.00 |        48.4 |    48.4 |    48.4 
 abcijk-ijma-mkbc |   6912 |  1728 |    24 | 1.00 | 1.00 |       254.1 |   254.1 |   254.1 
 abcijk-ijmb-mkac |   3456 |  3456 |    24 | 1.00 | 1.00 |       320.1 |   320.1 |   320.1 
 abcijk-ijmc-mkab |   3456 |  3456 |    24 | 1.00 | 1.00 |       338.2 |   338.2 |   338.2 
 abcijk-ikma-mjbc |   6912 |  1728 |    24 | 1.00 | 1.00 |       255.2 |   255.2 |   255.2 
 abcijk-ikmb-mjac |   3456 |  3456 |    24 | 1.00 | 1.00 |       414.4 |   414.4 |   414.4 
 abcijk-ikmc-mjab |   3456 |  3456 |    24 | 1.00 | 1.00 |       319.7 |   319.7 |   319.7 
 abcijk-jkma-mibc |   6912 |  1728 |    24 | 1.00 | 1.00 |       242.8 |   242.8 |   242.8 
 abcijk-jkmb-miac |   3456 |  3456 |    24 | 1.00 | 1.00 |       322.9 |   322.9 |   322.9 
 abcijk-jkmc-miab |   3456 |  3456 |    24 | 1.00 | 1.00 |       347.6 |   347.6 |   347.6 
 abcijk-eiab-jkec |   3456 |  3456 |    24 | 1.00 | 1.00 |       353.3 |   353.3 |   353.3 
 abcijk-eiac-jkeb |   3456 |  3456 |    24 | 1.00 | 1.00 |       350.0 |   350.0 |   350.0 
 abcijk-eibc-jkea |   1728 |  6912 |    24 | 1.00 | 1.00 |       275.0 |   275.0 |   275.0 
 abcijk-ejab-ikec |   3456 |  3456 |    24 | 1.00 | 1.00 |       253.5 |   253.5 |   253.5 
 abcijk-ejac-ikeb |   3456 |  3456 |    24 | 1.00 | 1.00 |       464.2 |   464.2 |   464.2 
 abcijk-ejbc-ikea |   1728 |  6912 |    24 | 1.00 | 1.00 |       279.5 |   279.5 |   279.5 
 abcijk-ekab-ijec |   3456 |  3456 |    24 | 1.00 | 1.00 |       455.4 |   455.4 |   455.4 
 abcijk-ekac-ijeb |   3456 |  3456 |    24 | 1.00 | 1.00 |       470.6 |   470.6 |   470.6 
 abcijk-ekbc-ijea |   1728 |  6912 |    24 | 1.00 | 1.00 |       280.0 |   280.0 |   280.0 
       abc-bk-akc |    144 | 18432 |   128 | 1.00 | 1.00 |       394.1 |   394.1 |   394.1 

=== c64 ===
             case |      m |     n |     k | regA | regB | planar GF/s | 1m GF/s | 3m GF/s 
------------------+--------+-------+-------+------+------+-------------+---------+---------
         ij-ik-kj |   1464 |  1448 |  1464 | 1.00 | 1.00 |       636.2 |   594.1 |   538.2 
       ij-ikl-ljk |    144 |   128 | 18432 | 1.00 | 1.00 |       188.2 |   192.8 |   142.0 
       ij-kil-lkj |    144 |   128 | 20736 | 1.00 | 1.00 |       251.1 |   246.7 |   203.7 
       ijk-ikl-lj |  18432 |   128 |   144 | 1.00 | 1.00 |       815.1 |   886.0 |  1066.8 
       ijk-il-jlk |    144 | 18432 |   128 | 1.00 | 0.97 |       279.8 |   295.7 |   249.9 
       ijk-ilk-jl |  18432 |   144 |   128 | 1.00 | 1.00 |       632.8 |   845.3 |  1041.2 
       ijk-ilk-lj |  18432 |   128 |   144 | 1.00 | 1.00 |      1037.2 |  1028.0 |  1189.9 
     ijk-ilmk-mjl |   1920 |    40 |  1920 | 1.00 | 1.00 |       439.6 |   411.5 |   402.7 
   ijkl-imjn-lnkm |   1920 |  1920 |  1600 | 1.00 | 1.00 |       436.4 |   508.5 |   480.9 
   ijkl-imjn-nlmk |   1920 |  1600 |  1920 | 1.00 | 1.00 |       536.9 |   572.9 |   595.8 
   ijkl-imkn-jnlm |   1920 |  1920 |  1600 | 1.00 | 0.92 |       611.9 |   555.5 |   539.6 
   ijkl-imkn-njml |   1920 |  1600 |  1920 | 1.00 | 1.00 |       572.7 |   571.7 |   493.0 
   ijkl-imln-jnkm |   1920 |  1920 |  1600 | 1.00 | 0.92 |       621.0 |   683.2 |   518.9 
   ijkl-imln-njmk |   1920 |  1600 |  1920 | 1.00 | 1.00 |       573.2 |   637.6 |   494.9 
   ijkl-imnj-nlkm |   1920 |  1600 |  1920 | 1.00 | 1.00 |       484.7 |   554.2 |   461.5 
   ijkl-imnk-njml |   1920 |  1600 |  1920 | 1.00 | 1.00 |       635.4 |   574.8 |   525.1 
   ijkl-minj-nlmk |   1920 |  1600 |  2304 | 1.00 | 1.00 |       824.5 |   758.7 |   580.5 
   ijkl-mink-jnlm |   1920 |  1920 |  1920 | 1.00 | 0.92 |       792.5 |   688.6 |   689.3 
   ijkl-minl-njmk |   1920 |  1600 |  2304 | 1.00 | 1.00 |       924.9 |  1006.2 |   814.5 
     aqrs-pa-pqrs |     48 | 64000 |    48 | 1.00 | 1.00 |       245.8 |   171.8 |   243.6 
     abrs-qb-aqrs |     40 | 76800 |    48 | 1.00 | 1.00 |       583.4 |   447.2 |   481.7 
     abcs-rc-abrs |     40 | 76800 |    48 | 1.00 | 1.00 |       493.3 |   441.7 |   425.0 
       abj-bka-kj |  20736 |   128 |   144 | 1.00 | 1.00 |       628.2 |   645.0 |   632.6 
       ajb-kba-jk |  18432 |   144 |   144 | 1.00 | 1.00 |       844.6 |   873.4 |   795.4 
     abjc-cbka-kj |  92160 |    40 |    48 | 1.00 | 1.00 |       135.8 |   140.3 |   138.5 
     ajbc-ckba-jk |  92160 |    48 |    40 | 1.00 | 1.00 |       177.1 |   186.9 |   183.5 
     abjc-kbac-jk |  76800 |    48 |    48 | 1.00 | 1.00 |       472.5 |   453.3 |   461.9 
   abjcd-dkbac-jk | 230400 |    24 |    20 | 1.00 | 1.00 |        73.4 |    72.0 |    70.7 
   adbjc-cbdka-kj | 230400 |    20 |    24 | 1.00 | 1.00 |        58.4 |    61.8 |    63.3 
   ajbdc-ckbad-jk | 230400 |    24 |    20 | 1.00 | 1.00 |        70.3 |    67.0 |    77.0 
 abcijk-ijma-mkbc |   6912 |  1728 |    24 | 1.00 | 0.97 |       273.8 |   242.1 |   220.3 
 abcijk-ijmb-mkac |   3456 |  3456 |    24 | 1.00 | 0.67 |       304.2 |   394.4 |   257.3 
 abcijk-ijmc-mkab |   3456 |  3456 |    24 | 1.00 | 0.67 |       393.5 |   536.6 |   397.4 
 abcijk-ikma-mjbc |   6912 |  1728 |    24 | 1.00 | 0.97 |       300.6 |   268.5 |   230.9 
 abcijk-ikmb-mjac |   3456 |  3456 |    24 | 1.00 | 0.67 |       295.6 |   365.2 |   251.1 
 abcijk-ikmc-mjab |   3456 |  3456 |    24 | 1.00 | 0.67 |       451.8 |   422.2 |   377.5 
 abcijk-jkma-mibc |   6912 |  1728 |    24 | 1.00 | 0.97 |       269.5 |   241.1 |   201.8 
 abcijk-jkmb-miac |   3456 |  3456 |    24 | 1.00 | 0.67 |       260.5 |   420.2 |   202.3 
 abcijk-jkmc-miab |   3456 |  3456 |    24 | 1.00 | 0.67 |       501.9 |   437.3 |   344.8 
 abcijk-eiab-jkec |   3456 |  3456 |    24 | 1.00 | 0.67 |       527.4 |   458.4 |   348.9 
 abcijk-eiac-jkeb |   3456 |  3456 |    24 | 1.00 | 0.67 |       260.6 |   391.2 |   198.2 
 abcijk-eibc-jkea |   1728 |  6912 |    24 | 1.00 | 0.97 |       267.1 |   245.4 |   186.7 
 abcijk-ejab-ikec |   3456 |  3456 |    24 | 1.00 | 0.67 |       556.4 |   598.5 |   609.9 
 abcijk-ejac-ikeb |   3456 |  3456 |    24 | 1.00 | 0.67 |       301.2 |   587.5 |   264.7 
 abcijk-ejbc-ikea |   1728 |  6912 |    24 | 1.00 | 0.97 |       310.4 |   288.4 |   229.5 
 abcijk-ekab-ijec |   3456 |  3456 |    24 | 1.00 | 0.67 |       700.3 |   652.3 |   440.5 
 abcijk-ekac-ijeb |   3456 |  3456 |    24 | 1.00 | 0.67 |       309.3 |   390.4 |   260.6 
 abcijk-ekbc-ijea |   1728 |  6912 |    24 | 1.00 | 0.97 |       265.5 |   245.3 |   222.0 
       abc-bk-akc |    144 | 18432 |   128 | 1.00 | 1.00 |       565.6 |   658.6 |   738.7 

=== complex efficiency ratio (c64 GF/s over f64 GF/s; 1.0 = no penalty) ===
             case | planar c64/f64 | 1m c64/f64 | 3m c64/f64 
------------------+----------------+------------+------------
         ij-ik-kj |          1.928 |      1.801 |      1.631 
       ij-ikl-ljk |          2.529 |      2.592 |      1.909 
       ij-kil-lkj |          2.953 |      2.902 |      2.395 
       ijk-ikl-lj |          1.332 |      1.448 |      1.744 
       ijk-il-jlk |          0.838 |      0.886 |      0.749 
       ijk-ilk-jl |          1.472 |      1.966 |      2.422 
       ijk-ilk-lj |          1.505 |      1.492 |      1.727 
     ijk-ilmk-mjl |          2.234 |      2.092 |      2.047 
   ijkl-imjn-lnkm |          1.589 |      1.852 |      1.752 
   ijkl-imjn-nlmk |          1.537 |      1.639 |      1.705 
   ijkl-imkn-jnlm |          1.389 |      1.261 |      1.225 
   ijkl-imkn-njml |          1.728 |      1.724 |      1.487 
   ijkl-imln-jnkm |          1.185 |      1.304 |      0.990 
   ijkl-imln-njmk |          1.315 |      1.462 |      1.135 
   ijkl-imnj-nlkm |          1.223 |      1.398 |      1.165 
   ijkl-imnk-njml |          1.373 |      1.242 |      1.135 
   ijkl-minj-nlmk |          1.615 |      1.486 |      1.137 
   ijkl-mink-jnlm |          1.226 |      1.065 |      1.066 
   ijkl-minl-njmk |          1.765 |      1.921 |      1.555 
     aqrs-pa-pqrs |          0.593 |      0.414 |      0.587 
     abrs-qb-aqrs |          1.646 |      1.262 |      1.359 
     abcs-rc-abrs |          1.359 |      1.217 |      1.171 
       abj-bka-kj |          1.617 |      1.660 |      1.628 
       ajb-kba-jk |          1.518 |      1.570 |      1.430 
     abjc-cbka-kj |          1.920 |      1.983 |      1.958 
     ajbc-ckba-jk |          1.827 |      1.929 |      1.894 
     abjc-kbac-jk |          1.415 |      1.358 |      1.384 
   abjcd-dkbac-jk |          1.918 |      1.882 |      1.846 
   adbjc-cbdka-kj |          1.810 |      1.914 |      1.960 
   ajbdc-ckbad-jk |          1.452 |      1.384 |      1.591 
 abcijk-ijma-mkbc |          1.078 |      0.953 |      0.867 
 abcijk-ijmb-mkac |          0.950 |      1.232 |      0.804 
 abcijk-ijmc-mkab |          1.164 |      1.587 |      1.175 
 abcijk-ikma-mjbc |          1.178 |      1.052 |      0.905 
 abcijk-ikmb-mjac |          0.713 |      0.881 |      0.606 
 abcijk-ikmc-mjab |          1.413 |      1.320 |      1.181 
 abcijk-jkma-mibc |          1.110 |      0.993 |      0.831 
 abcijk-jkmb-miac |          0.807 |      1.301 |      0.626 
 abcijk-jkmc-miab |          1.444 |      1.258 |      0.992 
 abcijk-eiab-jkec |          1.493 |      1.297 |      0.987 
 abcijk-eiac-jkeb |          0.745 |      1.118 |      0.566 
 abcijk-eibc-jkea |          0.971 |      0.892 |      0.679 
 abcijk-ejab-ikec |          2.195 |      2.361 |      2.406 
 abcijk-ejac-ikeb |          0.649 |      1.266 |      0.570 
 abcijk-ejbc-ikea |          1.111 |      1.032 |      0.821 
 abcijk-ekab-ijec |          1.538 |      1.432 |      0.967 
 abcijk-ekac-ijeb |          0.657 |      0.830 |      0.554 
 abcijk-ekbc-ijea |          0.948 |      0.876 |      0.793 
       abc-bk-akc |          1.435 |      1.671 |      1.874 
             MEAN |          1.417 |      1.458 |      1.306 

wrote bench-results/worker5086-zen2/phase4g/sm-both-s16-t64-f64c64.csv
