host        : worker5086
target      : x86_64 / linux
cpu features: avx2 fma 
caches      : L1=32KiB/8-way/1sh L2=512KiB/8-way/1sh L3=16384KiB/16-way/4sh (via sysfs), blocking=legacy
l3 domains  : t1=1 t4=1 t8=2 t16=4 t32=8 t64=16 t128=32
baselines   : tblis=false blas=false

sweeping 49 cases at 1 MiB nominal tensor size, 24 reps, stress=none


=== f32 ===
             case |     m |    n |    k | regA | regB | planar GF/s | 1m GF/s | 3m GF/s 
------------------+-------+------+------+------+------+-------------+---------+---------
         ij-ik-kj |   384 |  364 |  384 | 1.00 | 1.00 |       334.7 |   334.7 |   334.7 
       ij-ikl-ljk |    72 |   52 | 3744 | 1.00 | 1.00 |        37.5 |    37.5 |    37.5 
       ij-kil-lkj |    72 |   52 | 5184 | 1.00 | 1.00 |        43.8 |    43.8 |    43.8 
       ijk-ikl-lj |  3744 |   52 |   72 | 1.00 | 1.00 |       178.5 |   178.5 |   178.5 
       ijk-il-jlk |    72 | 3744 |   52 | 1.00 | 1.00 |        47.9 |    47.9 |    47.9 
       ijk-ilk-jl |  3744 |   72 |   52 | 0.89 | 1.00 |       183.8 |   183.8 |   183.8 
       ijk-ilk-lj |  3744 |   52 |   72 | 0.89 | 1.00 |       182.4 |   182.4 |   182.4 
     ijk-ilmk-mjl |   480 |   20 |  480 | 0.67 | 1.00 |        39.9 |    39.9 |    39.9 
   ijkl-imjn-lnkm |   480 |  480 |  400 | 0.67 | 0.80 |       363.0 |   363.0 |   363.0 
   ijkl-imjn-nlmk |   480 |  400 |  480 | 0.67 | 0.81 |       325.2 |   325.2 |   325.2 
   ijkl-imkn-jnlm |   480 |  480 |  400 | 0.67 | 1.00 |       276.7 |   276.7 |   276.7 
   ijkl-imkn-njml |   480 |  400 |  480 | 0.67 | 0.81 |       274.3 |   274.3 |   274.3 
   ijkl-imln-jnkm |   480 |  480 |  400 | 0.67 | 1.00 |       249.0 |   249.0 |   249.0 
   ijkl-imln-njmk |   480 |  400 |  480 | 0.67 | 0.81 |       268.0 |   268.0 |   268.0 
   ijkl-imnj-nlkm |   480 |  400 |  480 | 0.67 | 0.81 |       289.8 |   289.8 |   289.8 
   ijkl-imnk-njml |   480 |  400 |  480 | 0.67 | 0.81 |       258.5 |   258.5 |   258.5 
   ijkl-minj-nlmk |   480 |  400 |  576 | 0.67 | 0.81 |       486.5 |   486.5 |   486.5 
   ijkl-mink-jnlm |   480 |  480 |  480 | 0.67 | 1.00 |       584.9 |   584.9 |   584.9 
   ijkl-minl-njmk |   480 |  400 |  576 | 0.67 | 0.81 |       552.1 |   552.1 |   552.1 
     aqrs-pa-pqrs |    24 | 8000 |   24 | 1.00 | 1.00 |        19.5 |    19.5 |    19.5 
     abrs-qb-aqrs |    20 | 9600 |   24 | 1.00 | 1.00 |        24.7 |    24.7 |    24.7 
     abcs-rc-abrs |    20 | 9600 |   24 | 1.00 | 1.00 |        31.9 |    31.9 |    31.9 
       abj-bka-kj |  5184 |   52 |   72 | 0.89 | 1.00 |       189.4 |   189.4 |   189.4 
       ajb-kba-jk |  3744 |   72 |   72 | 0.89 | 1.00 |       243.0 |   243.0 |   243.0 
     abjc-cbka-kj | 11520 |   20 |   24 | 0.67 | 1.00 |        19.3 |    19.3 |    19.3 
     ajbc-ckba-jk | 11520 |   24 |   20 | 1.00 | 1.00 |        17.5 |    17.5 |    17.5 
     abjc-kbac-jk |  9600 |   24 |   24 | 0.67 | 1.00 |        30.6 |    30.6 |    30.6 
   abjcd-dkbac-jk | 82944 |   24 |   12 | 0.67 | 1.00 |        90.1 |    90.1 |    90.1 
   adbjc-cbdka-kj | 82944 |   12 |   24 | 0.67 | 1.00 |        54.0 |    54.0 |    54.0 
   ajbdc-ckbad-jk | 82944 |   24 |   12 | 1.00 | 1.00 |        72.9 |    72.9 |    72.9 
 abcijk-ijma-mkbc |  4608 |  512 |   24 | 1.00 | 1.00 |       236.3 |   236.3 |   236.3 
 abcijk-ijmb-mkac |  1536 | 1536 |   24 | 1.00 | 1.00 |       435.7 |   435.7 |   435.7 
 abcijk-ijmc-mkab |  1536 | 1536 |   24 | 1.00 | 0.50 |       440.2 |   440.2 |   440.2 
 abcijk-ikma-mjbc |  4608 |  512 |   24 | 1.00 | 1.00 |       227.0 |   227.0 |   227.0 
 abcijk-ikmb-mjac |  1536 | 1536 |   24 | 1.00 | 1.00 |       435.2 |   435.2 |   435.2 
 abcijk-ikmc-mjab |  1536 | 1536 |   24 | 1.00 | 0.50 |       495.1 |   495.1 |   495.1 
 abcijk-jkma-mibc |  4608 |  512 |   24 | 1.00 | 1.00 |       229.3 |   229.3 |   229.3 
 abcijk-jkmb-miac |  1536 | 1536 |   24 | 1.00 | 1.00 |       441.6 |   441.6 |   441.6 
 abcijk-jkmc-miab |  1536 | 1536 |   24 | 1.00 | 0.50 |       489.7 |   489.7 |   489.7 
 abcijk-eiab-jkec |  1536 | 1536 |   24 | 1.00 | 0.50 |       510.0 |   510.0 |   510.0 
 abcijk-eiac-jkeb |  1536 | 1536 |   24 | 1.00 | 1.00 |       418.1 |   418.1 |   418.1 
 abcijk-eibc-jkea |   512 | 4608 |   24 | 1.00 | 1.00 |       233.3 |   233.3 |   233.3 
 abcijk-ejab-ikec |  1536 | 1536 |   24 | 1.00 | 0.50 |       505.5 |   505.5 |   505.5 
 abcijk-ejac-ikeb |  1536 | 1536 |   24 | 1.00 | 1.00 |       421.2 |   421.2 |   421.2 
 abcijk-ejbc-ikea |   512 | 4608 |   24 | 1.00 | 1.00 |       229.3 |   229.3 |   229.3 
 abcijk-ekab-ijec |  1536 | 1536 |   24 | 1.00 | 0.50 |       507.6 |   507.6 |   507.6 
 abcijk-ekac-ijeb |  1536 | 1536 |   24 | 1.00 | 1.00 |       423.5 |   423.5 |   423.5 
 abcijk-ekbc-ijea |   512 | 4608 |   24 | 1.00 | 1.00 |       231.4 |   231.4 |   231.4 
       abc-bk-akc |    72 | 3744 |   52 | 0.89 | 1.00 |       153.8 |   153.8 |   153.8 

=== c32 ===
             case |     m |    n |    k | regA | regB | planar GF/s | 1m GF/s | 3m GF/s 
------------------+-------+------+------+------+------+-------------+---------+---------
         ij-ik-kj |   384 |  364 |  384 | 1.00 | 1.00 |       516.4 |   572.1 |   453.2 
       ij-ikl-ljk |    72 |   52 | 3744 | 1.00 | 1.00 |       157.8 |   163.9 |   121.1 
       ij-kil-lkj |    72 |   52 | 5184 | 1.00 | 1.00 |       198.1 |   194.0 |   166.1 
       ijk-ikl-lj |  3744 |   52 |   72 | 1.00 | 1.00 |       647.5 |   645.3 |   575.1 
       ijk-il-jlk |    72 | 3744 |   52 | 1.00 | 0.95 |       305.3 |   286.0 |   584.1 
       ijk-ilk-jl |  3744 |   72 |   52 | 1.00 | 1.00 |       614.2 |   636.8 |   251.9 
       ijk-ilk-lj |  3744 |   52 |   72 | 1.00 | 1.00 |       642.0 |   646.4 |   597.5 
     ijk-ilmk-mjl |   480 |   20 |  480 | 1.00 | 1.00 |       236.8 |   202.9 |   154.5 
   ijkl-imjn-lnkm |   480 |  480 |  400 | 1.00 | 1.00 |       459.2 |   509.7 |   422.4 
   ijkl-imjn-nlmk |   480 |  400 |  480 | 1.00 | 1.00 |       478.1 |   506.0 |   436.7 
   ijkl-imkn-jnlm |   480 |  480 |  400 | 1.00 | 0.83 |       466.3 |   462.8 |   404.2 
   ijkl-imkn-njml |   480 |  400 |  480 | 1.00 | 1.00 |       481.0 |   550.6 |   515.6 
   ijkl-imln-jnkm |   480 |  480 |  400 | 1.00 | 0.83 |       573.9 |   645.6 |   589.6 
   ijkl-imln-njmk |   480 |  400 |  480 | 1.00 | 1.00 |       605.7 |   607.7 |   572.1 
   ijkl-imnj-nlkm |   480 |  400 |  480 | 1.00 | 1.00 |       613.1 |   651.1 |   533.8 
   ijkl-imnk-njml |   480 |  400 |  480 | 1.00 | 1.00 |       572.3 |   590.5 |   530.5 
   ijkl-minj-nlmk |   480 |  400 |  576 | 1.00 | 1.00 |       689.5 |   785.2 |   640.4 
   ijkl-mink-jnlm |   480 |  480 |  480 | 1.00 | 0.83 |       680.1 |   675.7 |   553.8 
   ijkl-minl-njmk |   480 |  400 |  576 | 1.00 | 1.00 |       672.2 |   655.9 |   615.8 
     aqrs-pa-pqrs |    24 | 8000 |   24 | 1.00 | 1.00 |        67.5 |    75.5 |   117.8 
     abrs-qb-aqrs |    20 | 9600 |   24 | 1.00 | 1.00 |       179.3 |   163.4 |   122.9 
     abcs-rc-abrs |    20 | 9600 |   24 | 1.00 | 1.00 |       157.6 |   167.0 |   130.7 
       abj-bka-kj |  5184 |   52 |   72 | 1.00 | 1.00 |       487.6 |   420.0 |   520.3 
       ajb-kba-jk |  3744 |   72 |   72 | 1.00 | 1.00 |       507.0 |   618.2 |   575.3 
     abjc-cbka-kj | 11520 |   20 |   24 | 1.00 | 1.00 |       163.4 |   154.8 |    52.6 
     ajbc-ckba-jk | 11520 |   24 |   20 | 1.00 | 1.00 |       178.7 |   193.2 |    54.9 
     abjc-kbac-jk |  9600 |   24 |   24 | 1.00 | 1.00 |       179.0 |   200.6 |    73.6 
   abjcd-dkbac-jk | 82944 |   24 |   12 | 1.00 | 1.00 |       280.2 |   287.6 |   261.1 
   adbjc-cbdka-kj | 82944 |   12 |   24 | 1.00 | 1.00 |       178.8 |   152.5 |   148.3 
   ajbdc-ckbad-jk | 82944 |   24 |   12 | 1.00 | 1.00 |       295.1 |   290.2 |   267.2 
 abcijk-ijma-mkbc |  4608 |  512 |   24 | 1.00 | 0.94 |       436.7 |   402.9 |   445.4 
 abcijk-ijmb-mkac |  1536 | 1536 |   24 | 1.00 | 0.50 |       629.4 |   613.2 |   520.3 
 abcijk-ijmc-mkab |  1536 | 1536 |   24 | 1.00 | 0.50 |       655.2 |   670.0 |   576.2 
 abcijk-ikma-mjbc |  4608 |  512 |   24 | 1.00 | 0.94 |       413.5 |   404.6 |   469.2 
 abcijk-ikmb-mjac |  1536 | 1536 |   24 | 1.00 | 0.50 |       680.5 |   579.3 |   495.2 
 abcijk-ikmc-mjab |  1536 | 1536 |   24 | 1.00 | 0.50 |       708.8 |   629.3 |   674.7 
 abcijk-jkma-mibc |  4608 |  512 |   24 | 1.00 | 0.94 |       417.4 |   420.7 |   509.1 
 abcijk-jkmb-miac |  1536 | 1536 |   24 | 1.00 | 0.50 |       657.1 |   605.3 |   599.8 
 abcijk-jkmc-miab |  1536 | 1536 |   24 | 1.00 | 0.50 |       680.9 |   654.0 |   665.1 
 abcijk-eiab-jkec |  1536 | 1536 |   24 | 1.00 | 0.50 |       684.9 |   662.0 |   668.5 
 abcijk-eiac-jkeb |  1536 | 1536 |   24 | 1.00 | 0.50 |       635.4 |   616.9 |   602.9 
 abcijk-eibc-jkea |   512 | 4608 |   24 | 1.00 | 0.94 |       419.1 |   449.1 |   627.0 
 abcijk-ejab-ikec |  1536 | 1536 |   24 | 1.00 | 0.50 |       647.0 |   656.2 |   813.8 
 abcijk-ejac-ikeb |  1536 | 1536 |   24 | 1.00 | 0.50 |       601.1 |   609.5 |   763.4 
 abcijk-ejbc-ikea |   512 | 4608 |   24 | 1.00 | 0.94 |       412.6 |   463.2 |   629.9 
 abcijk-ekab-ijec |  1536 | 1536 |   24 | 1.00 | 0.50 |       740.6 |   680.5 |   815.8 
 abcijk-ekac-ijeb |  1536 | 1536 |   24 | 1.00 | 0.50 |       668.6 |   652.2 |   768.8 
 abcijk-ekbc-ijea |   512 | 4608 |   24 | 1.00 | 0.94 |       427.6 |   467.0 |   654.7 
       abc-bk-akc |    72 | 3744 |   52 | 1.00 | 1.00 |       506.0 |   522.6 |   218.3 

=== complex efficiency ratio (c32 GF/s over f32 GF/s; 1.0 = no penalty) ===
             case | planar c32/f32 | 1m c32/f32 | 3m c32/f32 
------------------+----------------+------------+------------
         ij-ik-kj |          1.543 |      1.709 |      1.354 
       ij-ikl-ljk |          4.206 |      4.370 |      3.229 
       ij-kil-lkj |          4.523 |      4.430 |      3.793 
       ijk-ikl-lj |          3.628 |      3.616 |      3.223 
       ijk-il-jlk |          6.377 |      5.974 |     12.199 
       ijk-ilk-jl |          3.341 |      3.464 |      1.370 
       ijk-ilk-lj |          3.520 |      3.544 |      3.276 
     ijk-ilmk-mjl |          5.940 |      5.090 |      3.875 
   ijkl-imjn-lnkm |          1.265 |      1.404 |      1.164 
   ijkl-imjn-nlmk |          1.470 |      1.556 |      1.343 
   ijkl-imkn-jnlm |          1.685 |      1.672 |      1.461 
   ijkl-imkn-njml |          1.753 |      2.007 |      1.880 
   ijkl-imln-jnkm |          2.305 |      2.592 |      2.368 
   ijkl-imln-njmk |          2.260 |      2.267 |      2.134 
   ijkl-imnj-nlkm |          2.115 |      2.247 |      1.842 
   ijkl-imnk-njml |          2.214 |      2.284 |      2.052 
   ijkl-minj-nlmk |          1.417 |      1.614 |      1.316 
   ijkl-mink-jnlm |          1.163 |      1.155 |      0.947 
   ijkl-minl-njmk |          1.217 |      1.188 |      1.115 
     aqrs-pa-pqrs |          3.466 |      3.878 |      6.046 
     abrs-qb-aqrs |          7.256 |      6.615 |      4.975 
     abcs-rc-abrs |          4.942 |      5.238 |      4.097 
       abj-bka-kj |          2.574 |      2.217 |      2.747 
       ajb-kba-jk |          2.087 |      2.544 |      2.368 
     abjc-cbka-kj |          8.446 |      8.005 |      2.717 
     ajbc-ckba-jk |         10.191 |     11.020 |      3.131 
     abjc-kbac-jk |          5.859 |      6.565 |      2.409 
   abjcd-dkbac-jk |          3.108 |      3.190 |      2.896 
   adbjc-cbdka-kj |          3.309 |      2.822 |      2.746 
   ajbdc-ckbad-jk |          4.045 |      3.979 |      3.664 
 abcijk-ijma-mkbc |          1.848 |      1.705 |      1.885 
 abcijk-ijmb-mkac |          1.445 |      1.407 |      1.194 
 abcijk-ijmc-mkab |          1.488 |      1.522 |      1.309 
 abcijk-ikma-mjbc |          1.822 |      1.783 |      2.067 
 abcijk-ikmb-mjac |          1.564 |      1.331 |      1.138 
 abcijk-ikmc-mjab |          1.432 |      1.271 |      1.363 
 abcijk-jkma-mibc |          1.820 |      1.834 |      2.220 
 abcijk-jkmb-miac |          1.488 |      1.371 |      1.358 
 abcijk-jkmc-miab |          1.391 |      1.336 |      1.358 
 abcijk-eiab-jkec |          1.343 |      1.298 |      1.311 
 abcijk-eiac-jkeb |          1.520 |      1.475 |      1.442 
 abcijk-eibc-jkea |          1.796 |      1.925 |      2.687 
 abcijk-ejab-ikec |          1.280 |      1.298 |      1.610 
 abcijk-ejac-ikeb |          1.427 |      1.447 |      1.812 
 abcijk-ejbc-ikea |          1.799 |      2.020 |      2.747 
 abcijk-ekab-ijec |          1.459 |      1.341 |      1.607 
 abcijk-ekac-ijeb |          1.579 |      1.540 |      1.815 
 abcijk-ekbc-ijea |          1.848 |      2.018 |      2.829 
       abc-bk-akc |          3.290 |      3.398 |      1.419 
             MEAN |          2.834 |      2.849 |      2.468 

wrote bench-results/worker5086-zen2/phase4g/sm-both-s1-t64-f32c32.csv
