host        : worker5086
target      : x86_64 / linux
cpu features: avx2 fma 
caches      : L1=32KiB/8-way/1sh L2=512KiB/8-way/1sh L3=16384KiB/16-way/4sh (via sysfs), blocking=legacy
l3 domains  : t1=1 t4=1 t8=2 t16=4
baselines   : tblis=false blas=false

sweeping 49 cases at 0.25 MiB nominal tensor size, 96 reps, stress=none


=== f64 ===
             case |     m |    n |    k | regA | regB | planar GF/s | 1m GF/s | 3m GF/s 
------------------+-------+------+------+------+------+-------------+---------+---------
         ij-ik-kj |   192 |  180 |  192 | 1.00 | 1.00 |        41.8 |    41.8 |    41.8 
       ij-ikl-ljk |    48 |   32 | 1536 | 1.00 | 1.00 |        21.8 |    21.8 |    21.8 
       ij-kil-lkj |    48 |   32 | 2304 | 1.00 | 1.00 |        20.6 |    20.6 |    20.6 
       ijk-ikl-lj |  1536 |   32 |   48 | 1.00 | 1.00 |        24.0 |    24.0 |    24.0 
       ijk-il-jlk |    48 | 1536 |   32 | 1.00 | 1.00 |        23.2 |    23.2 |    23.2 
       ijk-ilk-jl |  1536 |   48 |   32 | 1.00 | 1.00 |        24.9 |    24.9 |    24.9 
       ijk-ilk-lj |  1536 |   32 |   48 | 1.00 | 1.00 |        24.3 |    24.3 |    24.3 
     ijk-ilmk-mjl |   288 |   12 |  288 | 1.00 | 1.00 |        19.7 |    19.7 |    19.7 
   ijkl-imjn-lnkm |   288 |  288 |  144 | 1.00 | 1.00 |        67.1 |    67.1 |    67.1 
   ijkl-imjn-nlmk |   288 |  144 |  288 | 1.00 | 1.00 |        58.3 |    58.3 |    58.3 
   ijkl-imkn-jnlm |   288 |  288 |  144 | 1.00 | 1.00 |        89.8 |    89.8 |    89.8 
   ijkl-imkn-njml |   288 |  144 |  288 | 1.00 | 1.00 |        73.0 |    73.0 |    73.0 
   ijkl-imln-jnkm |   288 |  288 |  144 | 1.00 | 1.00 |        88.3 |    88.3 |    88.3 
   ijkl-imln-njmk |   288 |  144 |  288 | 1.00 | 1.00 |        76.8 |    76.8 |    76.8 
   ijkl-imnj-nlkm |   288 |  144 |  288 | 1.00 | 1.00 |        58.7 |    58.7 |    58.7 
   ijkl-imnk-njml |   288 |  144 |  288 | 1.00 | 1.00 |        74.0 |    74.0 |    74.0 
   ijkl-minj-nlmk |   288 |  144 |  576 | 1.00 | 1.00 |       124.1 |   124.1 |   124.1 
   ijkl-mink-jnlm |   288 |  288 |  288 | 1.00 | 1.00 |       164.0 |   164.0 |   164.0 
   ijkl-minl-njmk |   288 |  144 |  576 | 1.00 | 1.00 |       144.1 |   144.1 |   144.1 
     aqrs-pa-pqrs |    24 | 1728 |   24 | 1.00 | 1.00 |        16.6 |    16.6 |    16.6 
     abrs-qb-aqrs |    12 | 3456 |   24 | 1.00 | 1.00 |        14.5 |    14.5 |    14.5 
     abcs-rc-abrs |    12 | 3456 |   24 | 1.00 | 1.00 |        14.6 |    14.6 |    14.6 
       abj-bka-kj |  2304 |   32 |   48 | 1.00 | 1.00 |        21.1 |    21.1 |    21.1 
       ajb-kba-jk |  1536 |   48 |   48 | 1.00 | 1.00 |        27.2 |    27.2 |    27.2 
     abjc-cbka-kj |  6912 |   12 |   24 | 1.00 | 1.00 |        11.0 |    11.0 |    11.0 
     ajbc-ckba-jk |  6912 |   24 |   12 | 1.00 | 1.00 |        12.4 |    12.4 |    12.4 
     abjc-kbac-jk |  3456 |   24 |   24 | 1.00 | 1.00 |        17.8 |    17.8 |    17.8 
   abjcd-dkbac-jk | 36864 |   24 |    8 | 1.00 | 1.00 |        16.4 |    16.4 |    16.4 
   adbjc-cbdka-kj | 36864 |    8 |   24 | 1.00 | 1.00 |         4.7 |     4.7 |     4.7 
   ajbdc-ckbad-jk | 36864 |   24 |    8 | 1.00 | 1.00 |        16.1 |    16.1 |    16.1 
 abcijk-ijma-mkbc |  2304 |   64 |   24 | 1.00 | 0.82 |        21.6 |    21.6 |    21.6 
 abcijk-ijmb-mkac |   384 |  384 |   24 | 1.00 | 0.00 |        25.3 |    25.3 |    25.3 
 abcijk-ijmc-mkab |   384 |  384 |   24 | 1.00 | 0.00 |        25.2 |    25.2 |    25.2 
 abcijk-ikma-mjbc |  2304 |   64 |   24 | 1.00 | 0.82 |        21.5 |    21.5 |    21.5 
 abcijk-ikmb-mjac |   384 |  384 |   24 | 1.00 | 0.00 |        25.1 |    25.1 |    25.1 
 abcijk-ikmc-mjab |   384 |  384 |   24 | 1.00 | 0.00 |        25.2 |    25.2 |    25.2 
 abcijk-jkma-mibc |  2304 |   64 |   24 | 1.00 | 0.82 |        21.5 |    21.5 |    21.5 
 abcijk-jkmb-miac |   384 |  384 |   24 | 1.00 | 0.00 |        25.3 |    25.3 |    25.3 
 abcijk-jkmc-miab |   384 |  384 |   24 | 1.00 | 0.00 |        25.2 |    25.2 |    25.2 
 abcijk-eiab-jkec |   384 |  384 |   24 | 1.00 | 0.00 |        25.2 |    25.2 |    25.2 
 abcijk-eiac-jkeb |   384 |  384 |   24 | 1.00 | 0.00 |        25.3 |    25.3 |    25.3 
 abcijk-eibc-jkea |    64 | 2304 |   24 | 1.00 | 0.82 |        21.5 |    21.5 |    21.5 
 abcijk-ejab-ikec |   384 |  384 |   24 | 1.00 | 0.00 |        25.3 |    25.3 |    25.3 
 abcijk-ejac-ikeb |   384 |  384 |   24 | 1.00 | 0.00 |        25.2 |    25.2 |    25.2 
 abcijk-ejbc-ikea |    64 | 2304 |   24 | 1.00 | 0.82 |        21.7 |    21.7 |    21.7 
 abcijk-ekab-ijec |   384 |  384 |   24 | 1.00 | 0.00 |        25.4 |    25.4 |    25.4 
 abcijk-ekac-ijeb |   384 |  384 |   24 | 1.00 | 0.00 |        25.3 |    25.3 |    25.3 
 abcijk-ekbc-ijea |    64 | 2304 |   24 | 1.00 | 0.82 |        21.7 |    21.7 |    21.7 
       abc-bk-akc |    48 | 1536 |   32 | 1.00 | 1.00 |        24.9 |    24.9 |    24.9 

=== c64 ===
             case |     m |    n |    k | regA | regB | planar GF/s | 1m GF/s | 3m GF/s 
------------------+-------+------+------+------+------+-------------+---------+---------
         ij-ik-kj |   192 |  180 |  192 | 1.00 | 1.00 |       210.7 |   215.6 |   157.6 
       ij-ikl-ljk |    48 |   32 | 1536 | 1.00 | 1.00 |        41.2 |    42.2 |    27.6 
       ij-kil-lkj |    48 |   32 | 2304 | 1.00 | 1.00 |        54.9 |    52.9 |    39.9 
       ijk-ikl-lj |  1536 |   32 |   48 | 1.00 | 1.00 |        78.9 |    77.0 |    52.1 
       ijk-il-jlk |    48 | 1536 |   32 | 1.00 | 0.92 |        48.8 |    55.7 |    29.9 
       ijk-ilk-jl |  1536 |   48 |   32 | 1.00 | 1.00 |        78.6 |    86.4 |    48.1 
       ijk-ilk-lj |  1536 |   32 |   48 | 1.00 | 1.00 |        80.6 |    79.7 |    53.6 
     ijk-ilmk-mjl |   288 |   12 |  288 | 1.00 | 1.00 |        25.2 |    25.4 |    26.9 
   ijkl-imjn-lnkm |   288 |  288 |  144 | 1.00 | 0.67 |       245.9 |   246.9 |   220.6 
   ijkl-imjn-nlmk |   288 |  144 |  288 | 1.00 | 0.69 |       221.7 |   224.7 |   197.3 
   ijkl-imkn-jnlm |   288 |  288 |  144 | 1.00 | 0.84 |       262.2 |   273.5 |   235.0 
   ijkl-imkn-njml |   288 |  144 |  288 | 1.00 | 0.69 |       233.9 |   232.6 |   206.2 
   ijkl-imln-jnkm |   288 |  288 |  144 | 1.00 | 0.84 |       252.6 |   263.2 |   239.5 
   ijkl-imln-njmk |   288 |  144 |  288 | 1.00 | 0.69 |       236.3 |   242.8 |   207.3 
   ijkl-imnj-nlkm |   288 |  144 |  288 | 1.00 | 0.69 |       225.0 |   224.2 |   202.0 
   ijkl-imnk-njml |   288 |  144 |  288 | 1.00 | 0.69 |       238.1 |   241.3 |   205.8 
   ijkl-minj-nlmk |   288 |  144 |  576 | 1.00 | 0.69 |       241.7 |   245.1 |   210.0 
   ijkl-mink-jnlm |   288 |  288 |  288 | 1.00 | 0.84 |       246.1 |   255.0 |   225.6 
   ijkl-minl-njmk |   288 |  144 |  576 | 1.00 | 0.69 |       245.0 |   240.2 |   222.9 
     aqrs-pa-pqrs |    24 | 1728 |   24 | 1.00 | 1.00 |        24.8 |    28.3 |    20.6 
     abrs-qb-aqrs |    12 | 3456 |   24 | 1.00 | 1.00 |        18.9 |    20.7 |    17.6 
     abcs-rc-abrs |    12 | 3456 |   24 | 1.00 | 1.00 |        18.8 |    20.8 |    17.6 
       abj-bka-kj |  2304 |   32 |   48 | 1.00 | 1.00 |        95.2 |    95.2 |    73.9 
       ajb-kba-jk |  1536 |   48 |   48 | 1.00 | 1.00 |       116.4 |   124.9 |    84.5 
     abjc-cbka-kj |  6912 |   12 |   24 | 1.00 | 1.00 |        30.6 |    32.7 |    15.9 
     ajbc-ckba-jk |  6912 |   24 |   12 | 1.00 | 1.00 |        32.2 |    35.7 |    13.5 
     abjc-kbac-jk |  3456 |   24 |   24 | 1.00 | 1.00 |        44.0 |    48.0 |    20.6 
   abjcd-dkbac-jk | 36864 |   24 |    8 | 1.00 | 1.00 |        78.0 |    85.3 |    56.2 
   adbjc-cbdka-kj | 36864 |    8 |   24 | 1.00 | 1.00 |        34.5 |    32.3 |    34.2 
   ajbdc-ckbad-jk | 36864 |   24 |    8 | 1.00 | 1.00 |        76.9 |    82.3 |    54.7 
 abcijk-ijma-mkbc |  2304 |   64 |   24 | 1.00 | 0.77 |        97.5 |   104.0 |    63.0 
 abcijk-ijmb-mkac |   384 |  384 |   24 | 1.00 | 0.01 |       105.1 |   115.4 |    55.8 
 abcijk-ijmc-mkab |   384 |  384 |   24 | 1.00 | 0.01 |       105.9 |   116.2 |    55.6 
 abcijk-ikma-mjbc |  2304 |   64 |   24 | 1.00 | 0.77 |        97.8 |   106.1 |    62.6 
 abcijk-ikmb-mjac |   384 |  384 |   24 | 1.00 | 0.01 |       105.6 |   115.8 |    56.1 
 abcijk-ikmc-mjab |   384 |  384 |   24 | 1.00 | 0.01 |       105.4 |   115.1 |    55.4 
 abcijk-jkma-mibc |  2304 |   64 |   24 | 1.00 | 0.77 |        98.0 |   104.8 |    62.4 
 abcijk-jkmb-miac |   384 |  384 |   24 | 1.00 | 0.01 |        92.4 |   102.3 |    57.6 
 abcijk-jkmc-miab |   384 |  384 |   24 | 1.00 | 0.01 |        89.5 |    91.8 |    49.5 
 abcijk-eiab-jkec |   384 |  384 |   24 | 1.00 | 0.01 |        88.7 |    92.2 |    49.1 
 abcijk-eiac-jkeb |   384 |  384 |   24 | 1.00 | 0.01 |        92.6 |   102.3 |    57.8 
 abcijk-eibc-jkea |    64 | 2304 |   24 | 1.00 | 0.77 |        98.0 |   105.8 |    62.5 
 abcijk-ejab-ikec |   384 |  384 |   24 | 1.00 | 0.01 |       104.4 |   113.9 |    55.1 
 abcijk-ejac-ikeb |   384 |  384 |   24 | 1.00 | 0.01 |       105.4 |   116.0 |    56.5 
 abcijk-ejbc-ikea |    64 | 2304 |   24 | 1.00 | 0.77 |        97.5 |   104.5 |    63.0 
 abcijk-ekab-ijec |   384 |  384 |   24 | 1.00 | 0.01 |       104.9 |   115.8 |    55.7 
 abcijk-ekac-ijeb |   384 |  384 |   24 | 1.00 | 0.01 |       106.4 |   117.4 |    57.4 
 abcijk-ekbc-ijea |    64 | 2304 |   24 | 1.00 | 0.77 |        97.1 |   104.8 |    62.8 
       abc-bk-akc |    48 | 1536 |   32 | 1.00 | 1.00 |        77.7 |    86.1 |    48.5 

=== complex efficiency ratio (c64 GF/s over f64 GF/s; 1.0 = no penalty) ===
             case | planar c64/f64 | 1m c64/f64 | 3m c64/f64 
------------------+----------------+------------+------------
         ij-ik-kj |          5.040 |      5.158 |      3.769 
       ij-ikl-ljk |          1.893 |      1.937 |      1.269 
       ij-kil-lkj |          2.661 |      2.562 |      1.936 
       ijk-ikl-lj |          3.281 |      3.202 |      2.168 
       ijk-il-jlk |          2.106 |      2.405 |      1.290 
       ijk-ilk-jl |          3.153 |      3.466 |      1.927 
       ijk-ilk-lj |          3.319 |      3.284 |      2.210 
     ijk-ilmk-mjl |          1.278 |      1.292 |      1.366 
   ijkl-imjn-lnkm |          3.662 |      3.677 |      3.285 
   ijkl-imjn-nlmk |          3.801 |      3.851 |      3.381 
   ijkl-imkn-jnlm |          2.921 |      3.046 |      2.618 
   ijkl-imkn-njml |          3.203 |      3.185 |      2.824 
   ijkl-imln-jnkm |          2.861 |      2.980 |      2.712 
   ijkl-imln-njmk |          3.079 |      3.164 |      2.700 
   ijkl-imnj-nlkm |          3.836 |      3.823 |      3.443 
   ijkl-imnk-njml |          3.216 |      3.260 |      2.781 
   ijkl-minj-nlmk |          1.947 |      1.975 |      1.692 
   ijkl-mink-jnlm |          1.500 |      1.554 |      1.375 
   ijkl-minl-njmk |          1.700 |      1.667 |      1.547 
     aqrs-pa-pqrs |          1.501 |      1.707 |      1.243 
     abrs-qb-aqrs |          1.298 |      1.421 |      1.211 
     abcs-rc-abrs |          1.291 |      1.423 |      1.209 
       abj-bka-kj |          4.512 |      4.515 |      3.503 
       ajb-kba-jk |          4.280 |      4.592 |      3.105 
     abjc-cbka-kj |          2.786 |      2.981 |      1.446 
     ajbc-ckba-jk |          2.605 |      2.888 |      1.091 
     abjc-kbac-jk |          2.479 |      2.705 |      1.158 
   abjcd-dkbac-jk |          4.753 |      5.202 |      3.423 
   adbjc-cbdka-kj |          7.417 |      6.943 |      7.355 
   ajbdc-ckbad-jk |          4.769 |      5.105 |      3.392 
 abcijk-ijma-mkbc |          4.523 |      4.825 |      2.921 
 abcijk-ijmb-mkac |          4.158 |      4.567 |      2.208 
 abcijk-ijmc-mkab |          4.195 |      4.607 |      2.202 
 abcijk-ikma-mjbc |          4.549 |      4.933 |      2.909 
 abcijk-ikmb-mjac |          4.202 |      4.608 |      2.232 
 abcijk-ikmc-mjab |          4.185 |      4.573 |      2.201 
 abcijk-jkma-mibc |          4.557 |      4.876 |      2.903 
 abcijk-jkmb-miac |          3.657 |      4.051 |      2.281 
 abcijk-jkmc-miab |          3.552 |      3.645 |      1.965 
 abcijk-eiab-jkec |          3.525 |      3.662 |      1.950 
 abcijk-eiac-jkeb |          3.660 |      4.045 |      2.286 
 abcijk-eibc-jkea |          4.552 |      4.915 |      2.902 
 abcijk-ejab-ikec |          4.126 |      4.502 |      2.178 
 abcijk-ejac-ikeb |          4.178 |      4.598 |      2.237 
 abcijk-ejbc-ikea |          4.492 |      4.816 |      2.900 
 abcijk-ekab-ijec |          4.135 |      4.567 |      2.198 
 abcijk-ekac-ijeb |          4.208 |      4.645 |      2.269 
 abcijk-ekbc-ijea |          4.478 |      4.832 |      2.894 
       abc-bk-akc |          3.121 |      3.457 |      1.949 
             MEAN |          3.473 |      3.667 |      2.409 

wrote bench-results/worker5086-zen2/phase4g/sm-both-s0.25-t8-f64c64.csv
