host        : worker5086
target      : x86_64 / linux
cpu features: avx2 fma 
caches      : L1=32KiB/8-way/1sh L2=512KiB/8-way/1sh L3=16384KiB/16-way/4sh (via sysfs), blocking=legacy
l3 domains  : t1=1 t4=1 t8=2
baselines   : tblis=false blas=false

sweeping 49 cases at 4 MiB nominal tensor size, 6 reps, stress=none


=== f32 ===
             case |     m |     n |    k | regA | regB | planar GF/s | 1m GF/s | 3m GF/s 
------------------+-------+-------+------+------+------+-------------+---------+---------
         ij-ik-kj |   744 |   724 |  744 | 1.00 | 1.00 |       310.8 |   310.8 |   310.8 
       ij-ikl-ljk |    96 |    80 | 7680 | 1.00 | 1.00 |       130.2 |   130.2 |   130.2 
       ij-kil-lkj |    96 |    80 | 9216 | 1.00 | 1.00 |       120.6 |   120.6 |   120.6 
       ijk-ikl-lj |  7680 |    80 |   96 | 1.00 | 1.00 |       252.3 |   252.3 |   252.3 
       ijk-il-jlk |    96 |  7680 |   80 | 1.00 | 1.00 |       156.3 |   156.3 |   156.3 
       ijk-ilk-jl |  7680 |    96 |   80 | 1.00 | 1.00 |       275.2 |   275.2 |   275.2 
       ijk-ilk-lj |  7680 |    80 |   96 | 1.00 | 1.00 |       260.9 |   260.9 |   260.9 
     ijk-ilmk-mjl |  1344 |    28 | 1344 | 1.00 | 1.00 |       204.4 |   204.4 |   204.4 
   ijkl-imjn-lnkm |  1344 |  1344 |  784 | 1.00 | 0.86 |       297.8 |   297.8 |   297.8 
   ijkl-imjn-nlmk |  1344 |   784 | 1344 | 1.00 | 0.86 |       308.2 |   308.2 |   308.2 
   ijkl-imkn-jnlm |  1344 |  1344 |  784 | 1.00 | 1.00 |       294.9 |   294.9 |   294.9 
   ijkl-imkn-njml |  1344 |   784 | 1344 | 1.00 | 0.86 |       312.4 |   312.4 |   312.4 
   ijkl-imln-jnkm |  1344 |  1344 |  784 | 1.00 | 1.00 |       296.6 |   296.6 |   296.6 
   ijkl-imln-njmk |  1344 |   784 | 1344 | 1.00 | 0.86 |       312.6 |   312.6 |   312.6 
   ijkl-imnj-nlkm |  1344 |   784 | 1344 | 1.00 | 0.86 |       304.2 |   304.2 |   304.2 
   ijkl-imnk-njml |  1344 |   784 | 1344 | 1.00 | 0.86 |       308.7 |   308.7 |   308.7 
   ijkl-minj-nlmk |  1344 |   784 | 2304 | 1.00 | 0.86 |       309.3 |   309.3 |   309.3 
   ijkl-mink-jnlm |  1344 |  1344 | 1344 | 1.00 | 1.00 |       291.2 |   291.2 |   291.2 
   ijkl-minl-njmk |  1344 |   784 | 2304 | 1.00 | 0.86 |       313.3 |   313.3 |   313.3 
     aqrs-pa-pqrs |    48 | 21952 |   48 | 1.00 | 1.00 |       147.6 |   147.6 |   147.6 
     abrs-qb-aqrs |    28 | 37632 |   48 | 1.00 | 1.00 |       174.8 |   174.8 |   174.8 
     abcs-rc-abrs |    28 | 37632 |   48 | 1.00 | 1.00 |       170.3 |   170.3 |   170.3 
       abj-bka-kj |  9216 |    80 |   96 | 1.00 | 1.00 |       150.7 |   150.7 |   150.7 
       ajb-kba-jk |  7680 |    96 |   96 | 1.00 | 1.00 |       256.5 |   256.5 |   256.5 
     abjc-cbka-kj | 64512 |    28 |   48 | 1.00 | 1.00 |        45.7 |    45.7 |    45.7 
     ajbc-ckba-jk | 64512 |    48 |   28 | 1.00 | 1.00 |       104.1 |   104.1 |   104.1 
     abjc-kbac-jk | 37632 |    48 |   48 | 1.00 | 1.00 |       157.0 |   157.0 |   157.0 
   abjcd-dkbac-jk | 82944 |    24 |   12 | 0.67 | 1.00 |        50.6 |    50.6 |    50.6 
   adbjc-cbdka-kj | 82944 |    12 |   24 | 0.67 | 1.00 |        33.2 |    33.2 |    33.2 
   ajbdc-ckbad-jk | 82944 |    24 |   12 | 1.00 | 1.00 |        46.7 |    46.7 |    46.7 
 abcijk-ijma-mkbc |  4608 |   512 |   24 | 1.00 | 1.00 |       126.9 |   126.9 |   126.9 
 abcijk-ijmb-mkac |  1536 |  1536 |   24 | 1.00 | 1.00 |       130.4 |   130.4 |   130.4 
 abcijk-ijmc-mkab |  1536 |  1536 |   24 | 1.00 | 0.50 |       201.1 |   201.1 |   201.1 
 abcijk-ikma-mjbc |  4608 |   512 |   24 | 1.00 | 1.00 |       127.1 |   127.1 |   127.1 
 abcijk-ikmb-mjac |  1536 |  1536 |   24 | 1.00 | 1.00 |       130.1 |   130.1 |   130.1 
 abcijk-ikmc-mjab |  1536 |  1536 |   24 | 1.00 | 0.50 |       202.2 |   202.2 |   202.2 
 abcijk-jkma-mibc |  4608 |   512 |   24 | 1.00 | 1.00 |       127.0 |   127.0 |   127.0 
 abcijk-jkmb-miac |  1536 |  1536 |   24 | 1.00 | 1.00 |       130.2 |   130.2 |   130.2 
 abcijk-jkmc-miab |  1536 |  1536 |   24 | 1.00 | 0.50 |       199.2 |   199.2 |   199.2 
 abcijk-eiab-jkec |  1536 |  1536 |   24 | 1.00 | 0.50 |       198.0 |   198.0 |   198.0 
 abcijk-eiac-jkeb |  1536 |  1536 |   24 | 1.00 | 1.00 |       131.0 |   131.0 |   131.0 
 abcijk-eibc-jkea |   512 |  4608 |   24 | 1.00 | 1.00 |       126.8 |   126.8 |   126.8 
 abcijk-ejab-ikec |  1536 |  1536 |   24 | 1.00 | 0.50 |       202.4 |   202.4 |   202.4 
 abcijk-ejac-ikeb |  1536 |  1536 |   24 | 1.00 | 1.00 |       130.5 |   130.5 |   130.5 
 abcijk-ejbc-ikea |   512 |  4608 |   24 | 1.00 | 1.00 |       127.1 |   127.1 |   127.1 
 abcijk-ekab-ijec |  1536 |  1536 |   24 | 1.00 | 0.50 |       201.2 |   201.2 |   201.2 
 abcijk-ekac-ijeb |  1536 |  1536 |   24 | 1.00 | 1.00 |       130.2 |   130.2 |   130.2 
 abcijk-ekbc-ijea |   512 |  4608 |   24 | 1.00 | 1.00 |       127.4 |   127.4 |   127.4 
       abc-bk-akc |    96 |  7680 |   80 | 1.00 | 1.00 |       272.8 |   272.8 |   272.8 

=== c32 ===
             case |     m |     n |    k | regA | regB | planar GF/s | 1m GF/s | 3m GF/s 
------------------+-------+-------+------+------+------+-------------+---------+---------
         ij-ik-kj |   744 |   724 |  744 | 1.00 | 1.00 |       336.8 |   332.0 |   307.7 
       ij-ikl-ljk |    96 |    80 | 7680 | 1.00 | 1.00 |       236.4 |   221.9 |   219.1 
       ij-kil-lkj |    96 |    80 | 9216 | 1.00 | 1.00 |       215.3 |   200.4 |   207.9 
       ijk-ikl-lj |  7680 |    80 |   96 | 1.00 | 1.00 |       255.1 |   251.0 |   240.8 
       ijk-il-jlk |    96 |  7680 |   80 | 1.00 | 0.96 |       255.3 |   275.9 |   248.3 
       ijk-ilk-jl |  7680 |    96 |   80 | 1.00 | 1.00 |       290.1 |   312.4 |   292.8 
       ijk-ilk-lj |  7680 |    80 |   96 | 1.00 | 1.00 |       296.0 |   293.6 |   291.2 
     ijk-ilmk-mjl |  1344 |    28 | 1344 | 1.00 | 1.00 |       205.2 |   192.9 |   184.8 
   ijkl-imjn-lnkm |  1344 |  1344 |  784 | 1.00 | 0.86 |       311.3 |   310.9 |   312.1 
   ijkl-imjn-nlmk |  1344 |   784 | 1344 | 1.00 | 0.86 |       324.7 |   317.0 |   315.6 
   ijkl-imkn-jnlm |  1344 |  1344 |  784 | 1.00 | 0.92 |       308.9 |   300.7 |   311.3 
   ijkl-imkn-njml |  1344 |   784 | 1344 | 1.00 | 0.86 |       318.0 |   317.7 |   313.2 
   ijkl-imln-jnkm |  1344 |  1344 |  784 | 1.00 | 0.92 |       300.8 |   301.5 |   313.3 
   ijkl-imln-njmk |  1344 |   784 | 1344 | 1.00 | 0.86 |       315.8 |   311.9 |   311.4 
   ijkl-imnj-nlkm |  1344 |   784 | 1344 | 1.00 | 0.86 |       325.8 |   316.1 |   317.1 
   ijkl-imnk-njml |  1344 |   784 | 1344 | 1.00 | 0.86 |       320.0 |   315.4 |   315.6 
   ijkl-minj-nlmk |  1344 |   784 | 2304 | 1.00 | 0.86 |       332.4 |   329.3 |   312.6 
   ijkl-mink-jnlm |  1344 |  1344 | 1344 | 1.00 | 0.92 |       314.1 |   315.4 |   316.1 
   ijkl-minl-njmk |  1344 |   784 | 2304 | 1.00 | 0.86 |       320.6 |   323.9 |   317.1 
     aqrs-pa-pqrs |    48 | 21952 |   48 | 1.00 | 1.00 |       132.0 |   147.9 |   129.0 
     abrs-qb-aqrs |    28 | 37632 |   48 | 1.00 | 1.00 |       131.4 |   104.6 |   143.9 
     abcs-rc-abrs |    28 | 37632 |   48 | 1.00 | 1.00 |       122.7 |   103.2 |   102.0 
       abj-bka-kj |  9216 |    80 |   96 | 1.00 | 1.00 |       238.9 |   248.1 |   257.8 
       ajb-kba-jk |  7680 |    96 |   96 | 1.00 | 1.00 |       278.7 |   299.9 |   296.5 
     abjc-cbka-kj | 64512 |    28 |   48 | 1.00 | 1.00 |        65.9 |    47.1 |    52.1 
     ajbc-ckba-jk | 64512 |    48 |   28 | 1.00 | 1.00 |       122.7 |   116.4 |   116.8 
     abjc-kbac-jk | 37632 |    48 |   48 | 1.00 | 1.00 |       185.9 |   193.4 |   188.1 
   abjcd-dkbac-jk | 82944 |    24 |   12 | 1.00 | 1.00 |        81.2 |    81.7 |    83.0 
   adbjc-cbdka-kj | 82944 |    12 |   24 | 1.00 | 1.00 |        31.5 |    31.2 |    35.7 
   ajbdc-ckbad-jk | 82944 |    24 |   12 | 1.00 | 1.00 |        74.5 |    81.7 |    77.5 
 abcijk-ijma-mkbc |  4608 |   512 |   24 | 1.00 | 0.94 |       193.1 |   218.2 |   189.8 
 abcijk-ijmb-mkac |  1536 |  1536 |   24 | 1.00 | 0.50 |       161.0 |   182.1 |   168.0 
 abcijk-ijmc-mkab |  1536 |  1536 |   24 | 1.00 | 0.50 |       186.9 |   195.9 |   180.6 
 abcijk-ikma-mjbc |  4608 |   512 |   24 | 1.00 | 0.94 |       187.9 |   209.0 |   184.7 
 abcijk-ikmb-mjac |  1536 |  1536 |   24 | 1.00 | 0.50 |       169.3 |   193.4 |   172.7 
 abcijk-ikmc-mjab |  1536 |  1536 |   24 | 1.00 | 0.50 |       191.7 |   205.8 |   186.2 
 abcijk-jkma-mibc |  4608 |   512 |   24 | 1.00 | 0.94 |       190.4 |   216.7 |   186.6 
 abcijk-jkmb-miac |  1536 |  1536 |   24 | 1.00 | 0.50 |       172.2 |   198.9 |   179.4 
 abcijk-jkmc-miab |  1536 |  1536 |   24 | 1.00 | 0.50 |       192.1 |   201.1 |   180.4 
 abcijk-eiab-jkec |  1536 |  1536 |   24 | 1.00 | 0.50 |       190.4 |   201.3 |   181.4 
 abcijk-eiac-jkeb |  1536 |  1536 |   24 | 1.00 | 0.50 |       173.9 |   198.5 |   176.5 
 abcijk-eibc-jkea |   512 |  4608 |   24 | 1.00 | 0.94 |       187.6 |   216.6 |   188.6 
 abcijk-ejab-ikec |  1536 |  1536 |   24 | 1.00 | 0.50 |       194.4 |   205.0 |   185.6 
 abcijk-ejac-ikeb |  1536 |  1536 |   24 | 1.00 | 0.50 |       168.7 |   190.9 |   173.1 
 abcijk-ejbc-ikea |   512 |  4608 |   24 | 1.00 | 0.94 |       185.8 |   209.0 |   187.5 
 abcijk-ekab-ijec |  1536 |  1536 |   24 | 1.00 | 0.50 |       189.9 |   197.3 |   177.7 
 abcijk-ekac-ijeb |  1536 |  1536 |   24 | 1.00 | 0.50 |       160.2 |   181.1 |   169.0 
 abcijk-ekbc-ijea |   512 |  4608 |   24 | 1.00 | 0.94 |       190.5 |   217.1 |   192.6 
       abc-bk-akc |    96 |  7680 |   80 | 1.00 | 1.00 |       286.5 |   304.1 |   297.2 

=== complex efficiency ratio (c32 GF/s over f32 GF/s; 1.0 = no penalty) ===
             case | planar c32/f32 | 1m c32/f32 | 3m c32/f32 
------------------+----------------+------------+------------
         ij-ik-kj |          1.083 |      1.068 |      0.990 
       ij-ikl-ljk |          1.816 |      1.705 |      1.683 
       ij-kil-lkj |          1.785 |      1.661 |      1.724 
       ijk-ikl-lj |          1.011 |      0.995 |      0.954 
       ijk-il-jlk |          1.633 |      1.764 |      1.588 
       ijk-ilk-jl |          1.054 |      1.135 |      1.064 
       ijk-ilk-lj |          1.135 |      1.126 |      1.116 
     ijk-ilmk-mjl |          1.004 |      0.944 |      0.904 
   ijkl-imjn-lnkm |          1.045 |      1.044 |      1.048 
   ijkl-imjn-nlmk |          1.053 |      1.029 |      1.024 
   ijkl-imkn-jnlm |          1.048 |      1.019 |      1.055 
   ijkl-imkn-njml |          1.018 |      1.017 |      1.003 
   ijkl-imln-jnkm |          1.014 |      1.016 |      1.056 
   ijkl-imln-njmk |          1.010 |      0.998 |      0.996 
   ijkl-imnj-nlkm |          1.071 |      1.039 |      1.042 
   ijkl-imnk-njml |          1.037 |      1.022 |      1.022 
   ijkl-minj-nlmk |          1.075 |      1.065 |      1.011 
   ijkl-mink-jnlm |          1.078 |      1.083 |      1.085 
   ijkl-minl-njmk |          1.023 |      1.034 |      1.012 
     aqrs-pa-pqrs |          0.894 |      1.002 |      0.874 
     abrs-qb-aqrs |          0.752 |      0.598 |      0.823 
     abcs-rc-abrs |          0.720 |      0.606 |      0.599 
       abj-bka-kj |          1.585 |      1.647 |      1.711 
       ajb-kba-jk |          1.086 |      1.169 |      1.156 
     abjc-cbka-kj |          1.440 |      1.030 |      1.139 
     ajbc-ckba-jk |          1.179 |      1.118 |      1.122 
     abjc-kbac-jk |          1.184 |      1.232 |      1.198 
   abjcd-dkbac-jk |          1.605 |      1.615 |      1.641 
   adbjc-cbdka-kj |          0.948 |      0.940 |      1.075 
   ajbdc-ckbad-jk |          1.595 |      1.749 |      1.660 
 abcijk-ijma-mkbc |          1.521 |      1.719 |      1.495 
 abcijk-ijmb-mkac |          1.234 |      1.397 |      1.289 
 abcijk-ijmc-mkab |          0.929 |      0.974 |      0.898 
 abcijk-ikma-mjbc |          1.479 |      1.645 |      1.454 
 abcijk-ikmb-mjac |          1.301 |      1.487 |      1.328 
 abcijk-ikmc-mjab |          0.948 |      1.018 |      0.921 
 abcijk-jkma-mibc |          1.499 |      1.706 |      1.470 
 abcijk-jkmb-miac |          1.322 |      1.527 |      1.378 
 abcijk-jkmc-miab |          0.964 |      1.010 |      0.906 
 abcijk-eiab-jkec |          0.961 |      1.017 |      0.916 
 abcijk-eiac-jkeb |          1.328 |      1.516 |      1.348 
 abcijk-eibc-jkea |          1.479 |      1.708 |      1.487 
 abcijk-ejab-ikec |          0.960 |      1.013 |      0.917 
 abcijk-ejac-ikeb |          1.292 |      1.463 |      1.326 
 abcijk-ejbc-ikea |          1.461 |      1.644 |      1.475 
 abcijk-ekab-ijec |          0.944 |      0.981 |      0.883 
 abcijk-ekac-ijeb |          1.230 |      1.390 |      1.298 
 abcijk-ekbc-ijea |          1.495 |      1.703 |      1.511 
       abc-bk-akc |          1.050 |      1.115 |      1.089 
             MEAN |          1.192 |      1.235 |      1.179 

wrote bench-results/worker5086-zen2/phase4g/sm-both-s4-t4-f32c32.csv
