host        : worker5086
target      : x86_64 / linux
cpu features: avx2 fma 
caches      : L1=32KiB/8-way/1sh L2=512KiB/8-way/1sh L3=16384KiB/16-way/4sh (via sysfs), blocking=legacy
l3 domains  : t1=1 t4=1 t8=2 t16=4
baselines   : tblis=false blas=false

sweeping 49 cases at 0.25 MiB nominal tensor size, 96 reps, stress=none


=== f32 ===
             case |     m |    n |    k | regA | regB | planar GF/s | 1m GF/s | 3m GF/s 
------------------+-------+------+------+------+------+-------------+---------+---------
         ij-ik-kj |   192 |  180 |  192 | 1.00 | 1.00 |        76.6 |    76.6 |    76.6 
       ij-ikl-ljk |    48 |   32 | 1536 | 1.00 | 1.00 |        35.0 |    35.0 |    35.0 
       ij-kil-lkj |    48 |   32 | 2304 | 1.00 | 1.00 |        30.7 |    30.7 |    30.7 
       ijk-ikl-lj |  1536 |   32 |   48 | 1.00 | 1.00 |        48.1 |    48.1 |    48.1 
       ijk-il-jlk |    48 | 1536 |   32 | 1.00 | 1.00 |        37.7 |    37.7 |    37.7 
       ijk-ilk-jl |  1536 |   48 |   32 | 1.00 | 1.00 |        49.5 |    49.5 |    49.5 
       ijk-ilk-lj |  1536 |   32 |   48 | 1.00 | 1.00 |        48.2 |    48.2 |    48.2 
     ijk-ilmk-mjl |   288 |   12 |  288 | 0.67 | 1.00 |        34.6 |    34.6 |    34.6 
   ijkl-imjn-lnkm |   288 |  288 |  144 | 0.67 | 1.00 |       117.8 |   117.8 |   117.8 
   ijkl-imjn-nlmk |   288 |  144 |  288 | 0.67 | 1.00 |       166.2 |   166.2 |   166.2 
   ijkl-imkn-jnlm |   288 |  288 |  144 | 0.67 | 1.00 |       136.4 |   136.4 |   136.4 
   ijkl-imkn-njml |   288 |  144 |  288 | 0.67 | 1.00 |       128.7 |   128.7 |   128.7 
   ijkl-imln-jnkm |   288 |  288 |  144 | 0.67 | 1.00 |       131.2 |   131.2 |   131.2 
   ijkl-imln-njmk |   288 |  144 |  288 | 0.67 | 1.00 |       132.2 |   132.2 |   132.2 
   ijkl-imnj-nlkm |   288 |  144 |  288 | 0.67 | 1.00 |       121.8 |   121.8 |   121.8 
   ijkl-imnk-njml |   288 |  144 |  288 | 0.67 | 1.00 |       136.7 |   136.7 |   136.7 
   ijkl-minj-nlmk |   288 |  144 |  576 | 0.67 | 1.00 |       202.5 |   202.5 |   202.5 
   ijkl-mink-jnlm |   288 |  288 |  288 | 0.67 | 1.00 |       270.0 |   270.0 |   270.0 
   ijkl-minl-njmk |   288 |  144 |  576 | 0.67 | 1.00 |       244.0 |   244.0 |   244.0 
     aqrs-pa-pqrs |    24 | 1728 |   24 | 1.00 | 1.00 |        21.1 |    21.1 |    21.1 
     abrs-qb-aqrs |    12 | 3456 |   24 | 1.00 | 1.00 |        22.1 |    22.1 |    22.1 
     abcs-rc-abrs |    12 | 3456 |   24 | 1.00 | 1.00 |        28.1 |    28.1 |    28.1 
       abj-bka-kj |  2304 |   32 |   48 | 1.00 | 1.00 |        35.8 |    35.8 |    35.8 
       ajb-kba-jk |  1536 |   48 |   48 | 1.00 | 1.00 |        49.3 |    49.3 |    49.3 
     abjc-cbka-kj |  6912 |   12 |   24 | 0.67 | 1.00 |        16.9 |    16.9 |    16.9 
     ajbc-ckba-jk |  6912 |   24 |   12 | 1.00 | 1.00 |        16.4 |    16.4 |    16.4 
     abjc-kbac-jk |  3456 |   24 |   24 | 0.67 | 1.00 |        30.8 |    30.8 |    30.8 
   abjcd-dkbac-jk | 36864 |   24 |    8 | 0.67 | 1.00 |        29.0 |    29.0 |    29.0 
   adbjc-cbdka-kj | 36864 |    8 |   24 | 0.67 | 1.00 |        11.6 |    11.6 |    11.6 
   ajbdc-ckbad-jk | 36864 |   24 |    8 | 1.00 | 1.00 |        24.0 |    24.0 |    24.0 
 abcijk-ijma-mkbc |  2304 |   64 |   24 | 1.00 | 1.00 |        25.6 |    25.6 |    25.6 
 abcijk-ijmb-mkac |   384 |  384 |   24 | 1.00 | 1.00 |        30.0 |    30.0 |    30.0 
 abcijk-ijmc-mkab |   384 |  384 |   24 | 1.00 | 0.00 |        49.1 |    49.1 |    49.1 
 abcijk-ikma-mjbc |  2304 |   64 |   24 | 1.00 | 1.00 |        25.6 |    25.6 |    25.6 
 abcijk-ikmb-mjac |   384 |  384 |   24 | 1.00 | 1.00 |        30.0 |    30.0 |    30.0 
 abcijk-ikmc-mjab |   384 |  384 |   24 | 1.00 | 0.00 |        49.1 |    49.1 |    49.1 
 abcijk-jkma-mibc |  2304 |   64 |   24 | 1.00 | 1.00 |        25.6 |    25.6 |    25.6 
 abcijk-jkmb-miac |   384 |  384 |   24 | 1.00 | 1.00 |        30.1 |    30.1 |    30.1 
 abcijk-jkmc-miab |   384 |  384 |   24 | 1.00 | 0.00 |        49.2 |    49.2 |    49.2 
 abcijk-eiab-jkec |   384 |  384 |   24 | 1.00 | 0.00 |        49.1 |    49.1 |    49.1 
 abcijk-eiac-jkeb |   384 |  384 |   24 | 1.00 | 1.00 |        30.0 |    30.0 |    30.0 
 abcijk-eibc-jkea |    64 | 2304 |   24 | 1.00 | 1.00 |        25.6 |    25.6 |    25.6 
 abcijk-ejab-ikec |   384 |  384 |   24 | 1.00 | 0.00 |        49.0 |    49.0 |    49.0 
 abcijk-ejac-ikeb |   384 |  384 |   24 | 1.00 | 1.00 |        30.0 |    30.0 |    30.0 
 abcijk-ejbc-ikea |    64 | 2304 |   24 | 1.00 | 1.00 |        25.6 |    25.6 |    25.6 
 abcijk-ekab-ijec |   384 |  384 |   24 | 1.00 | 0.00 |        49.0 |    49.0 |    49.0 
 abcijk-ekac-ijeb |   384 |  384 |   24 | 1.00 | 1.00 |        30.0 |    30.0 |    30.0 
 abcijk-ekbc-ijea |    64 | 2304 |   24 | 1.00 | 1.00 |        25.6 |    25.6 |    25.6 
       abc-bk-akc |    48 | 1536 |   32 | 1.00 | 1.00 |        49.3 |    49.3 |    49.3 

=== c32 ===
             case |     m |    n |    k | regA | regB | planar GF/s | 1m GF/s | 3m GF/s 
------------------+-------+------+------+------+------+-------------+---------+---------
         ij-ik-kj |   192 |  180 |  192 | 1.00 | 1.00 |       352.4 |   378.5 |   263.5 
       ij-ikl-ljk |    48 |   32 | 1536 | 1.00 | 1.00 |        60.0 |    67.8 |    42.0 
       ij-kil-lkj |    48 |   32 | 2304 | 1.00 | 1.00 |        74.6 |    71.2 |    54.1 
       ijk-ikl-lj |  1536 |   32 |   48 | 1.00 | 1.00 |       138.9 |   139.1 |    93.0 
       ijk-il-jlk |    48 | 1536 |   32 | 1.00 | 0.92 |        69.9 |    74.3 |    39.9 
       ijk-ilk-jl |  1536 |   48 |   32 | 1.00 | 1.00 |       134.0 |   143.6 |    94.1 
       ijk-ilk-lj |  1536 |   32 |   48 | 1.00 | 1.00 |       142.8 |   137.5 |    96.7 
     ijk-ilmk-mjl |   288 |   12 |  288 | 1.00 | 1.00 |        50.4 |    49.4 |    46.5 
   ijkl-imjn-lnkm |   288 |  288 |  144 | 1.00 | 0.67 |       374.8 |   416.6 |   369.0 
   ijkl-imjn-nlmk |   288 |  144 |  288 | 1.00 | 0.69 |       412.0 |   428.1 |   389.1 
   ijkl-imkn-jnlm |   288 |  288 |  144 | 1.00 | 0.84 |       427.6 |   464.7 |   419.6 
   ijkl-imkn-njml |   288 |  144 |  288 | 1.00 | 0.69 |       426.5 |   448.7 |   408.4 
   ijkl-imln-jnkm |   288 |  288 |  144 | 1.00 | 0.84 |       447.9 |   502.6 |   424.9 
   ijkl-imln-njmk |   288 |  144 |  288 | 1.00 | 0.69 |       439.5 |   464.8 |   417.2 
   ijkl-imnj-nlkm |   288 |  144 |  288 | 1.00 | 0.69 |       400.9 |   436.0 |   398.9 
   ijkl-imnk-njml |   288 |  144 |  288 | 1.00 | 0.69 |       442.6 |   467.1 |   427.3 
   ijkl-minj-nlmk |   288 |  144 |  576 | 1.00 | 0.69 |       392.4 |   427.9 |   387.1 
   ijkl-mink-jnlm |   288 |  288 |  288 | 1.00 | 0.84 |       475.9 |   499.4 |   471.8 
   ijkl-minl-njmk |   288 |  144 |  576 | 1.00 | 0.69 |       433.7 |   460.5 |   406.5 
     aqrs-pa-pqrs |    24 | 1728 |   24 | 1.00 | 1.00 |        39.8 |    46.6 |    38.4 
     abrs-qb-aqrs |    12 | 3456 |   24 | 1.00 | 1.00 |        34.7 |    37.1 |    32.2 
     abcs-rc-abrs |    12 | 3456 |   24 | 1.00 | 1.00 |        34.6 |    37.1 |    32.0 
       abj-bka-kj |  2304 |   32 |   48 | 1.00 | 1.00 |       162.1 |   165.0 |   140.6 
       ajb-kba-jk |  1536 |   48 |   48 | 1.00 | 1.00 |       200.6 |   200.6 |   154.1 
     abjc-cbka-kj |  6912 |   12 |   24 | 1.00 | 1.00 |        49.0 |    47.6 |    26.8 
     ajbc-ckba-jk |  6912 |   24 |   12 | 1.00 | 1.00 |        53.9 |    57.6 |    28.5 
     abjc-kbac-jk |  3456 |   24 |   24 | 1.00 | 1.00 |        73.1 |    75.5 |    41.0 
   abjcd-dkbac-jk | 36864 |   24 |    8 | 1.00 | 1.00 |       131.1 |   140.1 |   114.8 
   adbjc-cbdka-kj | 36864 |    8 |   24 | 1.00 | 1.00 |        66.5 |    89.5 |    73.0 
   ajbdc-ckbad-jk | 36864 |   24 |    8 | 1.00 | 1.00 |       128.9 |   138.7 |   114.4 
 abcijk-ijma-mkbc |  2304 |   64 |   24 | 1.00 | 0.77 |       168.8 |   183.9 |   129.4 
 abcijk-ijmb-mkac |   384 |  384 |   24 | 1.00 | 0.01 |       181.1 |   204.8 |   109.1 
 abcijk-ijmc-mkab |   384 |  384 |   24 | 1.00 | 0.01 |       180.1 |   203.3 |   112.5 
 abcijk-ikma-mjbc |  2304 |   64 |   24 | 1.00 | 0.77 |       167.8 |   182.1 |   129.1 
 abcijk-ikmb-mjac |   384 |  384 |   24 | 1.00 | 0.01 |       179.4 |   200.1 |   107.5 
 abcijk-ikmc-mjab |   384 |  384 |   24 | 1.00 | 0.01 |       176.1 |   200.8 |   111.9 
 abcijk-jkma-mibc |  2304 |   64 |   24 | 1.00 | 0.77 |       168.2 |   182.8 |   129.1 
 abcijk-jkmb-miac |   384 |  384 |   24 | 1.00 | 0.01 |       135.5 |   163.3 |    99.1 
 abcijk-jkmc-miab |   384 |  384 |   24 | 1.00 | 0.01 |       128.7 |   146.2 |    93.6 
 abcijk-eiab-jkec |   384 |  384 |   24 | 1.00 | 0.01 |       128.1 |   144.4 |    94.7 
 abcijk-eiac-jkeb |   384 |  384 |   24 | 1.00 | 0.01 |       137.6 |   163.8 |    99.9 
 abcijk-eibc-jkea |    64 | 2304 |   24 | 1.00 | 0.77 |       168.0 |   183.6 |   130.2 
 abcijk-ejab-ikec |   384 |  384 |   24 | 1.00 | 0.01 |       176.6 |   200.1 |   112.2 
 abcijk-ejac-ikeb |   384 |  384 |   24 | 1.00 | 0.01 |       178.3 |   201.1 |   111.3 
 abcijk-ejbc-ikea |    64 | 2304 |   24 | 1.00 | 0.77 |       167.3 |   182.5 |   129.5 
 abcijk-ekab-ijec |   384 |  384 |   24 | 1.00 | 0.01 |       180.3 |   202.4 |   110.8 
 abcijk-ekac-ijeb |   384 |  384 |   24 | 1.00 | 0.01 |       181.8 |   199.1 |   110.6 
 abcijk-ekbc-ijea |    64 | 2304 |   24 | 1.00 | 0.77 |       166.2 |   182.1 |   129.6 
       abc-bk-akc |    48 | 1536 |   32 | 1.00 | 1.00 |       138.4 |   150.3 |    94.6 

=== complex efficiency ratio (c32 GF/s over f32 GF/s; 1.0 = no penalty) ===
             case | planar c32/f32 | 1m c32/f32 | 3m c32/f32 
------------------+----------------+------------+------------
         ij-ik-kj |          4.599 |      4.940 |      3.439 
       ij-ikl-ljk |          1.714 |      1.935 |      1.199 
       ij-kil-lkj |          2.433 |      2.321 |      1.766 
       ijk-ikl-lj |          2.888 |      2.893 |      1.935 
       ijk-il-jlk |          1.856 |      1.973 |      1.059 
       ijk-ilk-jl |          2.706 |      2.900 |      1.900 
       ijk-ilk-lj |          2.966 |      2.854 |      2.008 
     ijk-ilmk-mjl |          1.454 |      1.427 |      1.342 
   ijkl-imjn-lnkm |          3.183 |      3.537 |      3.133 
   ijkl-imjn-nlmk |          2.479 |      2.576 |      2.341 
   ijkl-imkn-jnlm |          3.134 |      3.406 |      3.076 
   ijkl-imkn-njml |          3.313 |      3.486 |      3.172 
   ijkl-imln-jnkm |          3.414 |      3.830 |      3.238 
   ijkl-imln-njmk |          3.325 |      3.517 |      3.156 
   ijkl-imnj-nlkm |          3.290 |      3.579 |      3.274 
   ijkl-imnk-njml |          3.237 |      3.417 |      3.126 
   ijkl-minj-nlmk |          1.937 |      2.113 |      1.911 
   ijkl-mink-jnlm |          1.763 |      1.850 |      1.747 
   ijkl-minl-njmk |          1.777 |      1.887 |      1.666 
     aqrs-pa-pqrs |          1.888 |      2.209 |      1.819 
     abrs-qb-aqrs |          1.567 |      1.679 |      1.455 
     abcs-rc-abrs |          1.229 |      1.320 |      1.136 
       abj-bka-kj |          4.531 |      4.612 |      3.929 
       ajb-kba-jk |          4.069 |      4.069 |      3.126 
     abjc-cbka-kj |          2.907 |      2.820 |      1.590 
     ajbc-ckba-jk |          3.295 |      3.520 |      1.742 
     abjc-kbac-jk |          2.375 |      2.452 |      1.332 
   abjcd-dkbac-jk |          4.515 |      4.823 |      3.953 
   adbjc-cbdka-kj |          5.750 |      7.733 |      6.310 
   ajbdc-ckbad-jk |          5.371 |      5.782 |      4.769 
 abcijk-ijma-mkbc |          6.601 |      7.192 |      5.061 
 abcijk-ijmb-mkac |          6.031 |      6.823 |      3.635 
 abcijk-ijmc-mkab |          3.667 |      4.140 |      2.290 
 abcijk-ikma-mjbc |          6.565 |      7.120 |      5.051 
 abcijk-ikmb-mjac |          5.976 |      6.665 |      3.582 
 abcijk-ikmc-mjab |          3.586 |      4.089 |      2.280 
 abcijk-jkma-mibc |          6.569 |      7.140 |      5.044 
 abcijk-jkmb-miac |          4.508 |      5.435 |      3.296 
 abcijk-jkmc-miab |          2.614 |      2.969 |      1.901 
 abcijk-eiab-jkec |          2.606 |      2.938 |      1.926 
 abcijk-eiac-jkeb |          4.581 |      5.452 |      3.324 
 abcijk-eibc-jkea |          6.569 |      7.178 |      5.091 
 abcijk-ejab-ikec |          3.601 |      4.081 |      2.287 
 abcijk-ejac-ikeb |          5.947 |      6.708 |      3.714 
 abcijk-ejbc-ikea |          6.546 |      7.140 |      5.065 
 abcijk-ekab-ijec |          3.678 |      4.129 |      2.259 
 abcijk-ekac-ijeb |          6.051 |      6.627 |      3.680 
 abcijk-ekbc-ijea |          6.500 |      7.121 |      5.070 
       abc-bk-akc |          2.806 |      3.048 |      1.918 
             MEAN |          3.754 |      4.111 |      2.900 

wrote bench-results/worker5086-zen2/phase4g/sm-both-s0.25-t8-f32c32.csv
