host        : worker5086
target      : x86_64 / linux
cpu features: avx2 fma 
caches      : L1=32KiB/8-way/1sh L2=512KiB/8-way/1sh L3=16384KiB/16-way/4sh (via sysfs), blocking=legacy
l3 domains  : t1=1 t4=1 t8=2 t16=4 t32=8 t64=16
baselines   : tblis=false blas=false

sweeping 49 cases at 1 MiB nominal tensor size, 24 reps, stress=none


=== f32 ===
             case |     m |    n |    k | regA | regB | planar GF/s | 1m GF/s | 3m GF/s 
------------------+-------+------+------+------+------+-------------+---------+---------
         ij-ik-kj |   384 |  364 |  384 | 1.00 | 1.00 |       389.7 |   389.7 |   389.7 
       ij-ikl-ljk |    72 |   52 | 3744 | 1.00 | 1.00 |        42.3 |    42.3 |    42.3 
       ij-kil-lkj |    72 |   52 | 5184 | 1.00 | 1.00 |        54.0 |    54.0 |    54.0 
       ijk-ikl-lj |  3744 |   52 |   72 | 1.00 | 1.00 |       189.0 |   189.0 |   189.0 
       ijk-il-jlk |    72 | 3744 |   52 | 1.00 | 1.00 |        57.0 |    57.0 |    57.0 
       ijk-ilk-jl |  3744 |   72 |   52 | 0.89 | 1.00 |       191.8 |   191.8 |   191.8 
       ijk-ilk-lj |  3744 |   52 |   72 | 0.89 | 1.00 |       186.6 |   186.6 |   186.6 
     ijk-ilmk-mjl |   480 |   20 |  480 | 0.67 | 1.00 |        39.7 |    39.7 |    39.7 
   ijkl-imjn-lnkm |   480 |  480 |  400 | 0.67 | 0.80 |       291.8 |   291.8 |   291.8 
   ijkl-imjn-nlmk |   480 |  400 |  480 | 0.67 | 0.81 |       419.6 |   419.6 |   419.6 
   ijkl-imkn-jnlm |   480 |  480 |  400 | 0.67 | 1.00 |       410.3 |   410.3 |   410.3 
   ijkl-imkn-njml |   480 |  400 |  480 | 0.67 | 0.81 |       453.4 |   453.4 |   453.4 
   ijkl-imln-jnkm |   480 |  480 |  400 | 0.67 | 1.00 |       439.6 |   439.6 |   439.6 
   ijkl-imln-njmk |   480 |  400 |  480 | 0.67 | 0.81 |       427.8 |   427.8 |   427.8 
   ijkl-imnj-nlkm |   480 |  400 |  480 | 0.67 | 0.81 |       440.7 |   440.7 |   440.7 
   ijkl-imnk-njml |   480 |  400 |  480 | 0.67 | 0.81 |       445.1 |   445.1 |   445.1 
   ijkl-minj-nlmk |   480 |  400 |  576 | 0.67 | 0.81 |       510.9 |   510.9 |   510.9 
   ijkl-mink-jnlm |   480 |  480 |  480 | 0.67 | 1.00 |       447.4 |   447.4 |   447.4 
   ijkl-minl-njmk |   480 |  400 |  576 | 0.67 | 0.81 |       544.3 |   544.3 |   544.3 
     aqrs-pa-pqrs |    24 | 8000 |   24 | 1.00 | 1.00 |        18.9 |    18.9 |    18.9 
     abrs-qb-aqrs |    20 | 9600 |   24 | 1.00 | 1.00 |        23.7 |    23.7 |    23.7 
     abcs-rc-abrs |    20 | 9600 |   24 | 1.00 | 1.00 |        30.9 |    30.9 |    30.9 
       abj-bka-kj |  5184 |   52 |   72 | 0.89 | 1.00 |       213.0 |   213.0 |   213.0 
       ajb-kba-jk |  3744 |   72 |   72 | 0.89 | 1.00 |       265.5 |   265.5 |   265.5 
     abjc-cbka-kj | 11520 |   20 |   24 | 0.67 | 1.00 |        20.6 |    20.6 |    20.6 
     ajbc-ckba-jk | 11520 |   24 |   20 | 1.00 | 1.00 |        17.5 |    17.5 |    17.5 
     abjc-kbac-jk |  9600 |   24 |   24 | 0.67 | 1.00 |        30.7 |    30.7 |    30.7 
   abjcd-dkbac-jk | 82944 |   24 |   12 | 0.67 | 1.00 |        91.0 |    91.0 |    91.0 
   adbjc-cbdka-kj | 82944 |   12 |   24 | 0.67 | 1.00 |        53.6 |    53.6 |    53.6 
   ajbdc-ckbad-jk | 82944 |   24 |   12 | 1.00 | 1.00 |        72.6 |    72.6 |    72.6 
 abcijk-ijma-mkbc |  4608 |  512 |   24 | 1.00 | 1.00 |       249.1 |   249.1 |   249.1 
 abcijk-ijmb-mkac |  1536 | 1536 |   24 | 1.00 | 1.00 |       453.2 |   453.2 |   453.2 
 abcijk-ijmc-mkab |  1536 | 1536 |   24 | 1.00 | 0.50 |       601.1 |   601.1 |   601.1 
 abcijk-ikma-mjbc |  4608 |  512 |   24 | 1.00 | 1.00 |       248.1 |   248.1 |   248.1 
 abcijk-ikmb-mjac |  1536 | 1536 |   24 | 1.00 | 1.00 |       459.9 |   459.9 |   459.9 
 abcijk-ikmc-mjab |  1536 | 1536 |   24 | 1.00 | 0.50 |       606.1 |   606.1 |   606.1 
 abcijk-jkma-mibc |  4608 |  512 |   24 | 1.00 | 1.00 |       241.0 |   241.0 |   241.0 
 abcijk-jkmb-miac |  1536 | 1536 |   24 | 1.00 | 1.00 |       468.1 |   468.1 |   468.1 
 abcijk-jkmc-miab |  1536 | 1536 |   24 | 1.00 | 0.50 |       613.0 |   613.0 |   613.0 
 abcijk-eiab-jkec |  1536 | 1536 |   24 | 1.00 | 0.50 |       612.2 |   612.2 |   612.2 
 abcijk-eiac-jkeb |  1536 | 1536 |   24 | 1.00 | 1.00 |       467.9 |   467.9 |   467.9 
 abcijk-eibc-jkea |   512 | 4608 |   24 | 1.00 | 1.00 |       237.6 |   237.6 |   237.6 
 abcijk-ejab-ikec |  1536 | 1536 |   24 | 1.00 | 0.50 |       614.9 |   614.9 |   614.9 
 abcijk-ejac-ikeb |  1536 | 1536 |   24 | 1.00 | 1.00 |       457.9 |   457.9 |   457.9 
 abcijk-ejbc-ikea |   512 | 4608 |   24 | 1.00 | 1.00 |       250.7 |   250.7 |   250.7 
 abcijk-ekab-ijec |  1536 | 1536 |   24 | 1.00 | 0.50 |       612.3 |   612.3 |   612.3 
 abcijk-ekac-ijeb |  1536 | 1536 |   24 | 1.00 | 1.00 |       454.5 |   454.5 |   454.5 
 abcijk-ekbc-ijea |   512 | 4608 |   24 | 1.00 | 1.00 |       252.1 |   252.1 |   252.1 
       abc-bk-akc |    72 | 3744 |   52 | 0.89 | 1.00 |       188.2 |   188.2 |   188.2 

=== c32 ===
             case |     m |    n |    k | regA | regB | planar GF/s | 1m GF/s | 3m GF/s 
------------------+-------+------+------+------+------+-------------+---------+---------
         ij-ik-kj |   384 |  364 |  384 | 1.00 | 1.00 |       518.6 |   518.5 |   476.6 
       ij-ikl-ljk |    72 |   52 | 3744 | 1.00 | 1.00 |       218.3 |   212.0 |   135.3 
       ij-kil-lkj |    72 |   52 | 5184 | 1.00 | 1.00 |       211.5 |   209.3 |   168.0 
       ijk-ikl-lj |  3744 |   52 |   72 | 1.00 | 1.00 |       670.3 |   651.0 |   588.9 
       ijk-il-jlk |    72 | 3744 |   52 | 1.00 | 0.95 |       313.2 |   308.2 |   599.1 
       ijk-ilk-jl |  3744 |   72 |   52 | 1.00 | 1.00 |       629.0 |   648.4 |   252.2 
       ijk-ilk-lj |  3744 |   52 |   72 | 1.00 | 1.00 |       667.6 |   649.5 |   603.1 
     ijk-ilmk-mjl |   480 |   20 |  480 | 1.00 | 1.00 |       234.8 |   205.5 |   150.5 
   ijkl-imjn-lnkm |   480 |  480 |  400 | 1.00 | 1.00 |       580.2 |  1035.1 |   808.4 
   ijkl-imjn-nlmk |   480 |  400 |  480 | 1.00 | 1.00 |      1076.5 |  1049.1 |   644.6 
   ijkl-imkn-jnlm |   480 |  480 |  400 | 1.00 | 0.83 |      1056.0 |  1075.1 |   867.5 
   ijkl-imkn-njml |   480 |  400 |  480 | 1.00 | 1.00 |       993.9 |   870.1 |   849.9 
   ijkl-imln-jnkm |   480 |  480 |  400 | 1.00 | 0.83 |      1047.0 |  1059.0 |   834.4 
   ijkl-imln-njmk |   480 |  400 |  480 | 1.00 | 1.00 |       903.0 |   897.1 |   803.8 
   ijkl-imnj-nlkm |   480 |  400 |  480 | 1.00 | 1.00 |       916.1 |   922.4 |   730.6 
   ijkl-imnk-njml |   480 |  400 |  480 | 1.00 | 1.00 |       957.0 |   959.6 |   764.0 
   ijkl-minj-nlmk |   480 |  400 |  576 | 1.00 | 1.00 |      1123.6 |  1085.0 |   724.8 
   ijkl-mink-jnlm |   480 |  480 |  480 | 1.00 | 0.83 |      1134.0 |  1121.6 |   938.1 
   ijkl-minl-njmk |   480 |  400 |  576 | 1.00 | 1.00 |      1157.0 |  1144.2 |   856.5 
     aqrs-pa-pqrs |    24 | 8000 |   24 | 1.00 | 1.00 |        76.7 |    87.1 |   123.4 
     abrs-qb-aqrs |    20 | 9600 |   24 | 1.00 | 1.00 |       191.3 |   179.7 |   128.1 
     abcs-rc-abrs |    20 | 9600 |   24 | 1.00 | 1.00 |       168.0 |   171.0 |   130.0 
       abj-bka-kj |  5184 |   52 |   72 | 1.00 | 1.00 |       542.8 |   596.0 |   584.1 
       ajb-kba-jk |  3744 |   72 |   72 | 1.00 | 1.00 |       666.3 |   670.8 |   705.4 
     abjc-cbka-kj | 11520 |   20 |   24 | 1.00 | 1.00 |       167.3 |   158.7 |    53.8 
     ajbc-ckba-jk | 11520 |   24 |   20 | 1.00 | 1.00 |       179.9 |   192.8 |    47.7 
     abjc-kbac-jk |  9600 |   24 |   24 | 1.00 | 1.00 |       185.6 |   209.0 |    74.6 
   abjcd-dkbac-jk | 82944 |   24 |   12 | 1.00 | 1.00 |       292.5 |   302.5 |   267.0 
   adbjc-cbdka-kj | 82944 |   12 |   24 | 1.00 | 1.00 |       152.7 |   130.7 |   121.1 
   ajbdc-ckbad-jk | 82944 |   24 |   12 | 1.00 | 1.00 |       303.9 |   311.0 |   279.6 
 abcijk-ijma-mkbc |  4608 |  512 |   24 | 1.00 | 0.94 |       388.7 |   420.2 |   612.7 
 abcijk-ijmb-mkac |  1536 | 1536 |   24 | 1.00 | 0.50 |       867.5 |   871.3 |   763.3 
 abcijk-ijmc-mkab |  1536 | 1536 |   24 | 1.00 | 0.50 |       929.7 |   888.9 |   785.9 
 abcijk-ikma-mjbc |  4608 |  512 |   24 | 1.00 | 0.94 |       607.7 |   608.8 |   647.4 
 abcijk-ikmb-mjac |  1536 | 1536 |   24 | 1.00 | 0.50 |       911.9 |   904.2 |   722.5 
 abcijk-ikmc-mjab |  1536 | 1536 |   24 | 1.00 | 0.50 |       931.3 |   894.5 |   775.4 
 abcijk-jkma-mibc |  4608 |  512 |   24 | 1.00 | 0.94 |       599.8 |   620.9 |   641.8 
 abcijk-jkmb-miac |  1536 | 1536 |   24 | 1.00 | 0.50 |       899.3 |   898.5 |   750.1 
 abcijk-jkmc-miab |  1536 | 1536 |   24 | 1.00 | 0.50 |       961.4 |   899.0 |   779.9 
 abcijk-eiab-jkec |  1536 | 1536 |   24 | 1.00 | 0.50 |       939.4 |   899.1 |   780.0 
 abcijk-eiac-jkeb |  1536 | 1536 |   24 | 1.00 | 0.50 |       853.1 |   867.0 |   728.5 
 abcijk-eibc-jkea |   512 | 4608 |   24 | 1.00 | 0.94 |       574.0 |   625.5 |   644.2 
 abcijk-ejab-ikec |  1536 | 1536 |   24 | 1.00 | 0.50 |       964.4 |   911.4 |   795.9 
 abcijk-ejac-ikeb |  1536 | 1536 |   24 | 1.00 | 0.50 |       869.9 |   864.1 |   759.3 
 abcijk-ejbc-ikea |   512 | 4608 |   24 | 1.00 | 0.94 |       575.7 |   616.0 |   636.6 
 abcijk-ekab-ijec |  1536 | 1536 |   24 | 1.00 | 0.50 |       959.1 |   914.7 |   792.3 
 abcijk-ekac-ijeb |  1536 | 1536 |   24 | 1.00 | 0.50 |       860.7 |   864.0 |   719.7 
 abcijk-ekbc-ijea |   512 | 4608 |   24 | 1.00 | 0.94 |       570.1 |   638.5 |   657.8 
       abc-bk-akc |    72 | 3744 |   52 | 1.00 | 1.00 |       643.6 |   645.6 |   255.2 

=== complex efficiency ratio (c32 GF/s over f32 GF/s; 1.0 = no penalty) ===
             case | planar c32/f32 | 1m c32/f32 | 3m c32/f32 
------------------+----------------+------------+------------
         ij-ik-kj |          1.331 |      1.331 |      1.223 
       ij-ikl-ljk |          5.159 |      5.009 |      3.196 
       ij-kil-lkj |          3.918 |      3.876 |      3.111 
       ijk-ikl-lj |          3.546 |      3.444 |      3.115 
       ijk-il-jlk |          5.491 |      5.404 |     10.504 
       ijk-ilk-jl |          3.280 |      3.382 |      1.315 
       ijk-ilk-lj |          3.577 |      3.480 |      3.231 
     ijk-ilmk-mjl |          5.910 |      5.173 |      3.790 
   ijkl-imjn-lnkm |          1.989 |      3.548 |      2.771 
   ijkl-imjn-nlmk |          2.566 |      2.500 |      1.536 
   ijkl-imkn-jnlm |          2.574 |      2.620 |      2.114 
   ijkl-imkn-njml |          2.192 |      1.919 |      1.874 
   ijkl-imln-jnkm |          2.382 |      2.409 |      1.898 
   ijkl-imln-njmk |          2.111 |      2.097 |      1.879 
   ijkl-imnj-nlkm |          2.078 |      2.093 |      1.658 
   ijkl-imnk-njml |          2.150 |      2.156 |      1.716 
   ijkl-minj-nlmk |          2.199 |      2.124 |      1.419 
   ijkl-mink-jnlm |          2.535 |      2.507 |      2.097 
   ijkl-minl-njmk |          2.126 |      2.102 |      1.574 
     aqrs-pa-pqrs |          4.051 |      4.603 |      6.520 
     abrs-qb-aqrs |          8.083 |      7.592 |      5.413 
     abcs-rc-abrs |          5.437 |      5.534 |      4.208 
       abj-bka-kj |          2.548 |      2.798 |      2.742 
       ajb-kba-jk |          2.510 |      2.527 |      2.657 
     abjc-cbka-kj |          8.131 |      7.712 |      2.614 
     ajbc-ckba-jk |         10.258 |     10.995 |      2.721 
     abjc-kbac-jk |          6.052 |      6.814 |      2.431 
   abjcd-dkbac-jk |          3.214 |      3.323 |      2.933 
   adbjc-cbdka-kj |          2.849 |      2.439 |      2.260 
   ajbdc-ckbad-jk |          4.189 |      4.286 |      3.853 
 abcijk-ijma-mkbc |          1.561 |      1.687 |      2.460 
 abcijk-ijmb-mkac |          1.914 |      1.923 |      1.684 
 abcijk-ijmc-mkab |          1.547 |      1.479 |      1.307 
 abcijk-ikma-mjbc |          2.450 |      2.454 |      2.610 
 abcijk-ikmb-mjac |          1.983 |      1.966 |      1.571 
 abcijk-ikmc-mjab |          1.536 |      1.476 |      1.279 
 abcijk-jkma-mibc |          2.489 |      2.577 |      2.664 
 abcijk-jkmb-miac |          1.921 |      1.919 |      1.602 
 abcijk-jkmc-miab |          1.568 |      1.467 |      1.272 
 abcijk-eiab-jkec |          1.534 |      1.469 |      1.274 
 abcijk-eiac-jkeb |          1.823 |      1.853 |      1.557 
 abcijk-eibc-jkea |          2.416 |      2.633 |      2.712 
 abcijk-ejab-ikec |          1.568 |      1.482 |      1.294 
 abcijk-ejac-ikeb |          1.900 |      1.887 |      1.658 
 abcijk-ejbc-ikea |          2.297 |      2.458 |      2.540 
 abcijk-ekab-ijec |          1.567 |      1.494 |      1.294 
 abcijk-ekac-ijeb |          1.894 |      1.901 |      1.583 
 abcijk-ekbc-ijea |          2.261 |      2.533 |      2.609 
       abc-bk-akc |          3.420 |      3.431 |      1.356 
             MEAN |          3.104 |      3.140 |      2.504 

wrote bench-results/worker5086-zen2/phase4g/sm-both-s1-t32-f32c32.csv
