host        : worker5086
target      : x86_64 / linux
cpu features: avx2 fma 
caches      : L1=32KiB/8-way/1sh L2=512KiB/8-way/1sh L3=16384KiB/16-way/4sh (via sysfs), blocking=legacy
l3 domains  : t1=1 t4=1 t8=2
baselines   : tblis=false blas=false

sweeping 49 cases at 1 MiB nominal tensor size, 24 reps, stress=none


=== f64 ===
             case |     m |    n |    k | regA | regB | planar GF/s | 1m GF/s | 3m GF/s 
------------------+-------+------+------+------+------+-------------+---------+---------
         ij-ik-kj |   384 |  364 |  384 | 1.00 | 1.00 |       144.7 |   144.7 |   144.7 
       ij-ikl-ljk |    72 |   52 | 3744 | 1.00 | 1.00 |        66.3 |    66.3 |    66.3 
       ij-kil-lkj |    72 |   52 | 5184 | 1.00 | 1.00 |        63.9 |    63.9 |    63.9 
       ijk-ikl-lj |  3744 |   52 |   72 | 1.00 | 1.00 |       109.2 |   109.2 |   109.2 
       ijk-il-jlk |    72 | 3744 |   52 | 1.00 | 1.00 |        78.5 |    78.5 |    78.5 
       ijk-ilk-jl |  3744 |   72 |   52 | 1.00 | 1.00 |       114.4 |   114.4 |   114.4 
       ijk-ilk-lj |  3744 |   52 |   72 | 1.00 | 1.00 |       113.2 |   113.2 |   113.2 
     ijk-ilmk-mjl |   480 |   20 |  480 | 1.00 | 1.00 |        23.7 |    23.7 |    23.7 
   ijkl-imjn-lnkm |   480 |  480 |  400 | 1.00 | 0.80 |       148.9 |   148.9 |   148.9 
   ijkl-imjn-nlmk |   480 |  400 |  480 | 1.00 | 0.81 |       153.9 |   153.9 |   153.9 
   ijkl-imkn-jnlm |   480 |  480 |  400 | 1.00 | 1.00 |       155.4 |   155.4 |   155.4 
   ijkl-imkn-njml |   480 |  400 |  480 | 1.00 | 0.81 |       159.5 |   159.5 |   159.5 
   ijkl-imln-jnkm |   480 |  480 |  400 | 1.00 | 1.00 |       154.1 |   154.1 |   154.1 
   ijkl-imln-njmk |   480 |  400 |  480 | 1.00 | 0.81 |       159.1 |   159.1 |   159.1 
   ijkl-imnj-nlkm |   480 |  400 |  480 | 1.00 | 0.81 |       151.9 |   151.9 |   151.9 
   ijkl-imnk-njml |   480 |  400 |  480 | 1.00 | 0.81 |       155.4 |   155.4 |   155.4 
   ijkl-minj-nlmk |   480 |  400 |  576 | 1.00 | 0.81 |       147.0 |   147.0 |   147.0 
   ijkl-mink-jnlm |   480 |  480 |  480 | 1.00 | 1.00 |       162.8 |   162.8 |   162.8 
   ijkl-minl-njmk |   480 |  400 |  576 | 1.00 | 0.81 |       151.5 |   151.5 |   151.5 
     aqrs-pa-pqrs |    24 | 8000 |   24 | 1.00 | 1.00 |        16.6 |    16.6 |    16.6 
     abrs-qb-aqrs |    20 | 9600 |   24 | 1.00 | 1.00 |        16.3 |    16.3 |    16.3 
     abcs-rc-abrs |    20 | 9600 |   24 | 1.00 | 1.00 |        16.4 |    16.4 |    16.4 
       abj-bka-kj |  5184 |   52 |   72 | 1.00 | 1.00 |        97.4 |    97.4 |    97.4 
       ajb-kba-jk |  3744 |   72 |   72 | 1.00 | 1.00 |       125.1 |   125.1 |   125.1 
     abjc-cbka-kj | 11520 |   20 |   24 | 1.00 | 1.00 |        13.2 |    13.2 |    13.2 
     ajbc-ckba-jk | 11520 |   24 |   20 | 1.00 | 1.00 |        15.4 |    15.4 |    15.4 
     abjc-kbac-jk |  9600 |   24 |   24 | 1.00 | 1.00 |        18.0 |    18.0 |    18.0 
   abjcd-dkbac-jk | 82944 |   24 |   12 | 1.00 | 1.00 |        29.9 |    29.9 |    29.9 
   adbjc-cbdka-kj | 82944 |   12 |   24 | 1.00 | 1.00 |         9.7 |     9.7 |     9.7 
   ajbdc-ckbad-jk | 82944 |   24 |   12 | 1.00 | 1.00 |        27.9 |    27.9 |    27.9 
 abcijk-ijma-mkbc |  4608 |  512 |   24 | 1.00 | 0.94 |        73.5 |    73.5 |    73.5 
 abcijk-ijmb-mkac |  1536 | 1536 |   24 | 1.00 | 0.50 |        60.3 |    60.3 |    60.3 
 abcijk-ijmc-mkab |  1536 | 1536 |   24 | 1.00 | 0.50 |        74.1 |    74.1 |    74.1 
 abcijk-ikma-mjbc |  4608 |  512 |   24 | 1.00 | 0.94 |        67.9 |    67.9 |    67.9 
 abcijk-ikmb-mjac |  1536 | 1536 |   24 | 1.00 | 0.50 |        65.8 |    65.8 |    65.8 
 abcijk-ikmc-mjab |  1536 | 1536 |   24 | 1.00 | 0.50 |        77.8 |    77.8 |    77.8 
 abcijk-jkma-mibc |  4608 |  512 |   24 | 1.00 | 0.94 |        73.0 |    73.0 |    73.0 
 abcijk-jkmb-miac |  1536 | 1536 |   24 | 1.00 | 0.50 |        67.7 |    67.7 |    67.7 
 abcijk-jkmc-miab |  1536 | 1536 |   24 | 1.00 | 0.50 |        77.3 |    77.3 |    77.3 
 abcijk-eiab-jkec |  1536 | 1536 |   24 | 1.00 | 0.50 |        77.2 |    77.2 |    77.2 
 abcijk-eiac-jkeb |  1536 | 1536 |   24 | 1.00 | 0.50 |        67.2 |    67.2 |    67.2 
 abcijk-eibc-jkea |   512 | 4608 |   24 | 1.00 | 0.94 |        73.0 |    73.0 |    73.0 
 abcijk-ejab-ikec |  1536 | 1536 |   24 | 1.00 | 0.50 |        77.9 |    77.9 |    77.9 
 abcijk-ejac-ikeb |  1536 | 1536 |   24 | 1.00 | 0.50 |        65.6 |    65.6 |    65.6 
 abcijk-ejbc-ikea |   512 | 4608 |   24 | 1.00 | 0.94 |        68.8 |    68.8 |    68.8 
 abcijk-ekab-ijec |  1536 | 1536 |   24 | 1.00 | 0.50 |        74.9 |    74.9 |    74.9 
 abcijk-ekac-ijeb |  1536 | 1536 |   24 | 1.00 | 0.50 |        59.3 |    59.3 |    59.3 
 abcijk-ekbc-ijea |   512 | 4608 |   24 | 1.00 | 0.94 |        73.5 |    73.5 |    73.5 
       abc-bk-akc |    72 | 3744 |   52 | 1.00 | 1.00 |       115.2 |   115.2 |   115.2 

=== c64 ===
             case |     m |    n |    k | regA | regB | planar GF/s | 1m GF/s | 3m GF/s 
------------------+-------+------+------+------+------+-------------+---------+---------
         ij-ik-kj |   384 |  364 |  384 | 1.00 | 1.00 |       161.4 |   171.0 |   161.5 
       ij-ikl-ljk |    72 |   52 | 3744 | 1.00 | 1.00 |       110.7 |   108.8 |   108.0 
       ij-kil-lkj |    72 |   52 | 5184 | 1.00 | 1.00 |       104.5 |   104.7 |   102.7 
       ijk-ikl-lj |  3744 |   52 |   72 | 1.00 | 1.00 |       132.4 |   138.4 |   132.6 
       ijk-il-jlk |    72 | 3744 |   52 | 1.00 | 0.95 |       116.6 |   124.5 |   104.8 
       ijk-ilk-jl |  3744 |   72 |   52 | 1.00 | 1.00 |       134.5 |   146.2 |   128.1 
       ijk-ilk-lj |  3744 |   52 |   72 | 1.00 | 1.00 |       136.9 |   141.5 |   135.2 
     ijk-ilmk-mjl |   480 |   20 |  480 | 1.00 | 1.00 |       126.7 |   106.7 |   121.6 
   ijkl-imjn-lnkm |   480 |  480 |  400 | 1.00 | 1.00 |       159.9 |   163.4 |   154.6 
   ijkl-imjn-nlmk |   480 |  400 |  480 | 1.00 | 1.00 |       165.2 |   167.7 |   162.8 
   ijkl-imkn-jnlm |   480 |  480 |  400 | 1.00 | 0.83 |       161.3 |   166.4 |   155.1 
   ijkl-imkn-njml |   480 |  400 |  480 | 1.00 | 1.00 |       166.5 |   169.0 |   159.3 
   ijkl-imln-jnkm |   480 |  480 |  400 | 1.00 | 0.83 |       160.6 |   166.6 |   154.7 
   ijkl-imln-njmk |   480 |  400 |  480 | 1.00 | 1.00 |       166.3 |   169.2 |   159.2 
   ijkl-imnj-nlkm |   480 |  400 |  480 | 1.00 | 1.00 |       163.3 |   166.9 |   160.0 
   ijkl-imnk-njml |   480 |  400 |  480 | 1.00 | 1.00 |       165.5 |   169.8 |   160.3 
   ijkl-minj-nlmk |   480 |  400 |  576 | 1.00 | 1.00 |       154.7 |   159.1 |   154.7 
   ijkl-mink-jnlm |   480 |  480 |  480 | 1.00 | 0.83 |       157.5 |   163.4 |   155.7 
   ijkl-minl-njmk |   480 |  400 |  576 | 1.00 | 1.00 |       157.8 |   161.7 |   157.2 
     aqrs-pa-pqrs |    24 | 8000 |   24 | 1.00 | 1.00 |        63.1 |    70.7 |    52.1 
     abrs-qb-aqrs |    20 | 9600 |   24 | 1.00 | 1.00 |        85.2 |    80.2 |    72.7 
     abcs-rc-abrs |    20 | 9600 |   24 | 1.00 | 1.00 |        86.5 |    79.8 |    73.0 
       abj-bka-kj |  5184 |   52 |   72 | 1.00 | 1.00 |       122.9 |   130.4 |   122.8 
       ajb-kba-jk |  3744 |   72 |   72 | 1.00 | 1.00 |       139.9 |   152.3 |   138.2 
     abjc-cbka-kj | 11520 |   20 |   24 | 1.00 | 1.00 |        76.6 |    71.6 |    67.1 
     ajbc-ckba-jk | 11520 |   24 |   20 | 1.00 | 1.00 |        75.7 |    82.7 |    65.4 
     abjc-kbac-jk |  9600 |   24 |   24 | 1.00 | 1.00 |        86.8 |    96.0 |    76.6 
   abjcd-dkbac-jk | 82944 |   24 |   12 | 1.00 | 1.00 |        32.0 |    30.2 |    28.2 
   adbjc-cbdka-kj | 82944 |   12 |   24 | 1.00 | 1.00 |        18.1 |    15.3 |    17.4 
   ajbdc-ckbad-jk | 82944 |   24 |   12 | 1.00 | 1.00 |        30.7 |    28.9 |    27.3 
 abcijk-ijma-mkbc |  4608 |  512 |   24 | 1.00 | 0.94 |        88.5 |    94.8 |    78.8 
 abcijk-ijmb-mkac |  1536 | 1536 |   24 | 1.00 | 0.50 |        81.5 |    84.6 |    68.4 
 abcijk-ijmc-mkab |  1536 | 1536 |   24 | 1.00 | 0.50 |       105.6 |   113.4 |    89.8 
 abcijk-ikma-mjbc |  4608 |  512 |   24 | 1.00 | 0.94 |        89.6 |    95.8 |    80.0 
 abcijk-ikmb-mjac |  1536 | 1536 |   24 | 1.00 | 0.50 |        80.1 |    83.2 |    68.3 
 abcijk-ikmc-mjab |  1536 | 1536 |   24 | 1.00 | 0.50 |       105.5 |   113.1 |    90.6 
 abcijk-jkma-mibc |  4608 |  512 |   24 | 1.00 | 0.94 |        89.8 |    97.2 |    80.7 
 abcijk-jkmb-miac |  1536 | 1536 |   24 | 1.00 | 0.50 |        83.4 |    86.9 |    71.2 
 abcijk-jkmc-miab |  1536 | 1536 |   24 | 1.00 | 0.50 |       103.5 |   110.8 |    88.8 
 abcijk-eiab-jkec |  1536 | 1536 |   24 | 1.00 | 0.50 |       103.4 |   110.6 |    88.8 
 abcijk-eiac-jkeb |  1536 | 1536 |   24 | 1.00 | 0.50 |        83.0 |    87.5 |    71.8 
 abcijk-eibc-jkea |   512 | 4608 |   24 | 1.00 | 0.94 |        89.8 |    97.0 |    81.0 
 abcijk-ejab-ikec |  1536 | 1536 |   24 | 1.00 | 0.50 |       105.4 |   113.3 |    90.1 
 abcijk-ejac-ikeb |  1536 | 1536 |   24 | 1.00 | 0.50 |        80.3 |    83.5 |    68.1 
 abcijk-ejbc-ikea |   512 | 4608 |   24 | 1.00 | 0.94 |        89.9 |    96.1 |    79.9 
 abcijk-ekab-ijec |  1536 | 1536 |   24 | 1.00 | 0.50 |       106.0 |   113.2 |    90.0 
 abcijk-ekac-ijeb |  1536 | 1536 |   24 | 1.00 | 0.50 |        82.1 |    84.6 |    68.5 
 abcijk-ekbc-ijea |   512 | 4608 |   24 | 1.00 | 0.94 |        88.8 |    94.7 |    79.4 
       abc-bk-akc |    72 | 3744 |   52 | 1.00 | 1.00 |       134.6 |   145.9 |   128.0 

=== complex efficiency ratio (c64 GF/s over f64 GF/s; 1.0 = no penalty) ===
             case | planar c64/f64 | 1m c64/f64 | 3m c64/f64 
------------------+----------------+------------+------------
         ij-ik-kj |          1.116 |      1.182 |      1.116 
       ij-ikl-ljk |          1.670 |      1.641 |      1.629 
       ij-kil-lkj |          1.637 |      1.640 |      1.607 
       ijk-ikl-lj |          1.212 |      1.267 |      1.214 
       ijk-il-jlk |          1.485 |      1.585 |      1.335 
       ijk-ilk-jl |          1.176 |      1.278 |      1.120 
       ijk-ilk-lj |          1.209 |      1.249 |      1.194 
     ijk-ilmk-mjl |          5.350 |      4.508 |      5.135 
   ijkl-imjn-lnkm |          1.074 |      1.097 |      1.038 
   ijkl-imjn-nlmk |          1.074 |      1.090 |      1.058 
   ijkl-imkn-jnlm |          1.038 |      1.071 |      0.999 
   ijkl-imkn-njml |          1.044 |      1.060 |      0.999 
   ijkl-imln-jnkm |          1.043 |      1.081 |      1.004 
   ijkl-imln-njmk |          1.045 |      1.064 |      1.001 
   ijkl-imnj-nlkm |          1.075 |      1.099 |      1.053 
   ijkl-imnk-njml |          1.066 |      1.093 |      1.032 
   ijkl-minj-nlmk |          1.052 |      1.082 |      1.052 
   ijkl-mink-jnlm |          0.968 |      1.004 |      0.957 
   ijkl-minl-njmk |          1.041 |      1.067 |      1.037 
     aqrs-pa-pqrs |          3.793 |      4.247 |      3.129 
     abrs-qb-aqrs |          5.221 |      4.912 |      4.453 
     abcs-rc-abrs |          5.286 |      4.876 |      4.458 
       abj-bka-kj |          1.262 |      1.339 |      1.260 
       ajb-kba-jk |          1.119 |      1.218 |      1.105 
     abjc-cbka-kj |          5.819 |      5.442 |      5.095 
     ajbc-ckba-jk |          4.922 |      5.380 |      4.254 
     abjc-kbac-jk |          4.836 |      5.347 |      4.264 
   abjcd-dkbac-jk |          1.069 |      1.009 |      0.943 
   adbjc-cbdka-kj |          1.870 |      1.587 |      1.797 
   ajbdc-ckbad-jk |          1.098 |      1.033 |      0.977 
 abcijk-ijma-mkbc |          1.204 |      1.290 |      1.073 
 abcijk-ijmb-mkac |          1.353 |      1.404 |      1.134 
 abcijk-ijmc-mkab |          1.424 |      1.529 |      1.211 
 abcijk-ikma-mjbc |          1.320 |      1.411 |      1.180 
 abcijk-ikmb-mjac |          1.216 |      1.263 |      1.037 
 abcijk-ikmc-mjab |          1.356 |      1.453 |      1.165 
 abcijk-jkma-mibc |          1.229 |      1.330 |      1.104 
 abcijk-jkmb-miac |          1.231 |      1.283 |      1.051 
 abcijk-jkmc-miab |          1.339 |      1.433 |      1.148 
 abcijk-eiab-jkec |          1.339 |      1.432 |      1.149 
 abcijk-eiac-jkeb |          1.236 |      1.302 |      1.069 
 abcijk-eibc-jkea |          1.230 |      1.330 |      1.109 
 abcijk-ejab-ikec |          1.353 |      1.454 |      1.156 
 abcijk-ejac-ikeb |          1.223 |      1.272 |      1.037 
 abcijk-ejbc-ikea |          1.306 |      1.395 |      1.160 
 abcijk-ekab-ijec |          1.416 |      1.512 |      1.202 
 abcijk-ekac-ijeb |          1.383 |      1.425 |      1.154 
 abcijk-ekbc-ijea |          1.209 |      1.289 |      1.081 
       abc-bk-akc |          1.168 |      1.267 |      1.111 
             MEAN |          1.780 |      1.809 |      1.605 

wrote bench-results/worker5086-zen2/phase4g/sm-both-s1-t4-f64c64.csv
