host        : worker5086
target      : x86_64 / linux
cpu features: avx2 fma 
caches      : L1=32KiB/8-way/1sh L2=512KiB/8-way/1sh L3=16384KiB/16-way/4sh (via sysfs), blocking=legacy
l3 domains  : t1=1 t4=1 t8=2 t16=4 t32=8 t64=16
baselines   : tblis=false blas=false

sweeping 49 cases at 0.25 MiB nominal tensor size, 96 reps, stress=none


=== f32 ===
             case |     m |    n |    k | regA | regB | planar GF/s | 1m GF/s | 3m GF/s 
------------------+-------+------+------+------+------+-------------+---------+---------
         ij-ik-kj |   192 |  180 |  192 | 1.00 | 1.00 |        77.3 |    77.3 |    77.3 
       ij-ikl-ljk |    48 |   32 | 1536 | 1.00 | 1.00 |        34.4 |    34.4 |    34.4 
       ij-kil-lkj |    48 |   32 | 2304 | 1.00 | 1.00 |        30.7 |    30.7 |    30.7 
       ijk-ikl-lj |  1536 |   32 |   48 | 1.00 | 1.00 |        47.9 |    47.9 |    47.9 
       ijk-il-jlk |    48 | 1536 |   32 | 1.00 | 1.00 |        37.7 |    37.7 |    37.7 
       ijk-ilk-jl |  1536 |   48 |   32 | 1.00 | 1.00 |        49.6 |    49.6 |    49.6 
       ijk-ilk-lj |  1536 |   32 |   48 | 1.00 | 1.00 |        47.8 |    47.8 |    47.8 
     ijk-ilmk-mjl |   288 |   12 |  288 | 0.67 | 1.00 |        34.6 |    34.6 |    34.6 
   ijkl-imjn-lnkm |   288 |  288 |  144 | 0.67 | 1.00 |       114.4 |   114.4 |   114.4 
   ijkl-imjn-nlmk |   288 |  144 |  288 | 0.67 | 1.00 |       129.4 |   129.4 |   129.4 
   ijkl-imkn-jnlm |   288 |  288 |  144 | 0.67 | 1.00 |       136.3 |   136.3 |   136.3 
   ijkl-imkn-njml |   288 |  144 |  288 | 0.67 | 1.00 |       134.1 |   134.1 |   134.1 
   ijkl-imln-jnkm |   288 |  288 |  144 | 0.67 | 1.00 |       137.7 |   137.7 |   137.7 
   ijkl-imln-njmk |   288 |  144 |  288 | 0.67 | 1.00 |       138.3 |   138.3 |   138.3 
   ijkl-imnj-nlkm |   288 |  144 |  288 | 0.67 | 1.00 |       121.5 |   121.5 |   121.5 
   ijkl-imnk-njml |   288 |  144 |  288 | 0.67 | 1.00 |       137.2 |   137.2 |   137.2 
   ijkl-minj-nlmk |   288 |  144 |  576 | 0.67 | 1.00 |       185.1 |   185.1 |   185.1 
   ijkl-mink-jnlm |   288 |  288 |  288 | 0.67 | 1.00 |       233.7 |   233.7 |   233.7 
   ijkl-minl-njmk |   288 |  144 |  576 | 0.67 | 1.00 |       209.3 |   209.3 |   209.3 
     aqrs-pa-pqrs |    24 | 1728 |   24 | 1.00 | 1.00 |        20.8 |    20.8 |    20.8 
     abrs-qb-aqrs |    12 | 3456 |   24 | 1.00 | 1.00 |        23.1 |    23.1 |    23.1 
     abcs-rc-abrs |    12 | 3456 |   24 | 1.00 | 1.00 |        27.5 |    27.5 |    27.5 
       abj-bka-kj |  2304 |   32 |   48 | 1.00 | 1.00 |        35.7 |    35.7 |    35.7 
       ajb-kba-jk |  1536 |   48 |   48 | 1.00 | 1.00 |        49.2 |    49.2 |    49.2 
     abjc-cbka-kj |  6912 |   12 |   24 | 0.67 | 1.00 |        16.7 |    16.7 |    16.7 
     ajbc-ckba-jk |  6912 |   24 |   12 | 1.00 | 1.00 |        16.5 |    16.5 |    16.5 
     abjc-kbac-jk |  3456 |   24 |   24 | 0.67 | 1.00 |        30.8 |    30.8 |    30.8 
   abjcd-dkbac-jk | 36864 |   24 |    8 | 0.67 | 1.00 |        28.1 |    28.1 |    28.1 
   adbjc-cbdka-kj | 36864 |    8 |   24 | 0.67 | 1.00 |        11.9 |    11.9 |    11.9 
   ajbdc-ckbad-jk | 36864 |   24 |    8 | 1.00 | 1.00 |        23.7 |    23.7 |    23.7 
 abcijk-ijma-mkbc |  2304 |   64 |   24 | 1.00 | 1.00 |        26.5 |    26.5 |    26.5 
 abcijk-ijmb-mkac |   384 |  384 |   24 | 1.00 | 1.00 |        31.4 |    31.4 |    31.4 
 abcijk-ijmc-mkab |   384 |  384 |   24 | 1.00 | 0.00 |        49.3 |    49.3 |    49.3 
 abcijk-ikma-mjbc |  2304 |   64 |   24 | 1.00 | 1.00 |        26.9 |    26.9 |    26.9 
 abcijk-ikmb-mjac |   384 |  384 |   24 | 1.00 | 1.00 |        31.9 |    31.9 |    31.9 
 abcijk-ikmc-mjab |   384 |  384 |   24 | 1.00 | 0.00 |        49.2 |    49.2 |    49.2 
 abcijk-jkma-mibc |  2304 |   64 |   24 | 1.00 | 1.00 |        26.9 |    26.9 |    26.9 
 abcijk-jkmb-miac |   384 |  384 |   24 | 1.00 | 1.00 |        31.9 |    31.9 |    31.9 
 abcijk-jkmc-miab |   384 |  384 |   24 | 1.00 | 0.00 |        49.0 |    49.0 |    49.0 
 abcijk-eiab-jkec |   384 |  384 |   24 | 1.00 | 0.00 |        49.1 |    49.1 |    49.1 
 abcijk-eiac-jkeb |   384 |  384 |   24 | 1.00 | 1.00 |        31.9 |    31.9 |    31.9 
 abcijk-eibc-jkea |    64 | 2304 |   24 | 1.00 | 1.00 |        26.9 |    26.9 |    26.9 
 abcijk-ejab-ikec |   384 |  384 |   24 | 1.00 | 0.00 |        49.3 |    49.3 |    49.3 
 abcijk-ejac-ikeb |   384 |  384 |   24 | 1.00 | 1.00 |        31.9 |    31.9 |    31.9 
 abcijk-ejbc-ikea |    64 | 2304 |   24 | 1.00 | 1.00 |        26.9 |    26.9 |    26.9 
 abcijk-ekab-ijec |   384 |  384 |   24 | 1.00 | 0.00 |        49.3 |    49.3 |    49.3 
 abcijk-ekac-ijeb |   384 |  384 |   24 | 1.00 | 1.00 |        31.9 |    31.9 |    31.9 
 abcijk-ekbc-ijea |    64 | 2304 |   24 | 1.00 | 1.00 |        26.9 |    26.9 |    26.9 
       abc-bk-akc |    48 | 1536 |   32 | 1.00 | 1.00 |        49.4 |    49.4 |    49.4 

=== c32 ===
             case |     m |    n |    k | regA | regB | planar GF/s | 1m GF/s | 3m GF/s 
------------------+-------+------+------+------+------+-------------+---------+---------
         ij-ik-kj |   192 |  180 |  192 | 1.00 | 1.00 |       326.2 |   340.1 |   232.3 
       ij-ikl-ljk |    48 |   32 | 1536 | 1.00 | 1.00 |        60.7 |    64.6 |    42.9 
       ij-kil-lkj |    48 |   32 | 2304 | 1.00 | 1.00 |        66.4 |    62.8 |    54.2 
       ijk-ikl-lj |  1536 |   32 |   48 | 1.00 | 1.00 |       138.2 |   136.9 |    91.6 
       ijk-il-jlk |    48 | 1536 |   32 | 1.00 | 0.92 |        67.0 |    72.7 |    39.6 
       ijk-ilk-jl |  1536 |   48 |   32 | 1.00 | 1.00 |       133.1 |   143.8 |    93.6 
       ijk-ilk-lj |  1536 |   32 |   48 | 1.00 | 1.00 |       140.0 |   138.8 |    99.4 
     ijk-ilmk-mjl |   288 |   12 |  288 | 1.00 | 1.00 |        49.9 |    49.0 |    46.4 
   ijkl-imjn-lnkm |   288 |  288 |  144 | 1.00 | 0.67 |       457.8 |   477.6 |   362.8 
   ijkl-imjn-nlmk |   288 |  144 |  288 | 1.00 | 0.69 |       518.6 |   523.0 |   394.2 
   ijkl-imkn-jnlm |   288 |  288 |  144 | 1.00 | 0.84 |       524.7 |   530.6 |   423.0 
   ijkl-imkn-njml |   288 |  144 |  288 | 1.00 | 0.69 |       541.0 |   555.1 |   421.4 
   ijkl-imln-jnkm |   288 |  288 |  144 | 1.00 | 0.84 |       552.5 |   548.8 |   440.1 
   ijkl-imln-njmk |   288 |  144 |  288 | 1.00 | 0.69 |       592.8 |   595.6 |   427.0 
   ijkl-imnj-nlkm |   288 |  144 |  288 | 1.00 | 0.69 |       505.0 |   553.8 |   389.7 
   ijkl-imnk-njml |   288 |  144 |  288 | 1.00 | 0.69 |       557.1 |   571.1 |   408.8 
   ijkl-minj-nlmk |   288 |  144 |  576 | 1.00 | 0.69 |       365.5 |   361.9 |   434.4 
   ijkl-mink-jnlm |   288 |  288 |  288 | 1.00 | 0.84 |       707.8 |   678.5 |   598.5 
   ijkl-minl-njmk |   288 |  144 |  576 | 1.00 | 0.69 |       504.7 |   480.8 |   425.0 
     aqrs-pa-pqrs |    24 | 1728 |   24 | 1.00 | 1.00 |        39.9 |    46.6 |    37.8 
     abrs-qb-aqrs |    12 | 3456 |   24 | 1.00 | 1.00 |        34.6 |    37.0 |    31.7 
     abcs-rc-abrs |    12 | 3456 |   24 | 1.00 | 1.00 |        34.2 |    37.2 |    32.3 
       abj-bka-kj |  2304 |   32 |   48 | 1.00 | 1.00 |       158.3 |   153.0 |   132.4 
       ajb-kba-jk |  1536 |   48 |   48 | 1.00 | 1.00 |       194.7 |   200.6 |   149.4 
     abjc-cbka-kj |  6912 |   12 |   24 | 1.00 | 1.00 |        48.0 |    46.4 |    26.0 
     ajbc-ckba-jk |  6912 |   24 |   12 | 1.00 | 1.00 |        53.8 |    58.4 |    28.6 
     abjc-kbac-jk |  3456 |   24 |   24 | 1.00 | 1.00 |        73.0 |    75.2 |    40.8 
   abjcd-dkbac-jk | 36864 |   24 |    8 | 1.00 | 1.00 |       134.4 |   145.8 |   110.0 
   adbjc-cbdka-kj | 36864 |    8 |   24 | 1.00 | 1.00 |        72.4 |   101.2 |    73.5 
   ajbdc-ckbad-jk | 36864 |   24 |    8 | 1.00 | 1.00 |       135.2 |   147.4 |   110.2 
 abcijk-ijma-mkbc |  2304 |   64 |   24 | 1.00 | 0.77 |       160.9 |   173.3 |   125.9 
 abcijk-ijmb-mkac |   384 |  384 |   24 | 1.00 | 0.01 |       175.3 |   198.0 |   103.5 
 abcijk-ijmc-mkab |   384 |  384 |   24 | 1.00 | 0.01 |       174.7 |   196.0 |    95.0 
 abcijk-ikma-mjbc |  2304 |   64 |   24 | 1.00 | 0.77 |       165.3 |   178.6 |   127.4 
 abcijk-ikmb-mjac |   384 |  384 |   24 | 1.00 | 0.01 |       173.0 |   194.9 |   102.9 
 abcijk-ikmc-mjab |   384 |  384 |   24 | 1.00 | 0.01 |       171.4 |   192.4 |    84.4 
 abcijk-jkma-mibc |  2304 |   64 |   24 | 1.00 | 0.77 |       165.0 |   178.1 |   128.9 
 abcijk-jkmb-miac |   384 |  384 |   24 | 1.00 | 0.01 |       110.3 |   145.3 |   102.2 
 abcijk-jkmc-miab |   384 |  384 |   24 | 1.00 | 0.01 |       109.1 |   138.9 |    89.3 
 abcijk-eiab-jkec |   384 |  384 |   24 | 1.00 | 0.01 |       106.5 |   140.4 |    88.9 
 abcijk-eiac-jkeb |   384 |  384 |   24 | 1.00 | 0.01 |       108.5 |   144.4 |   101.7 
 abcijk-eibc-jkea |    64 | 2304 |   24 | 1.00 | 0.77 |       165.2 |   179.2 |   128.5 
 abcijk-ejab-ikec |   384 |  384 |   24 | 1.00 | 0.01 |       171.3 |   190.6 |   106.1 
 abcijk-ejac-ikeb |   384 |  384 |   24 | 1.00 | 0.01 |       172.7 |   194.1 |   100.9 
 abcijk-ejbc-ikea |    64 | 2304 |   24 | 1.00 | 0.77 |       164.5 |   178.7 |   127.7 
 abcijk-ekab-ijec |   384 |  384 |   24 | 1.00 | 0.01 |       174.8 |   195.4 |    84.2 
 abcijk-ekac-ijeb |   384 |  384 |   24 | 1.00 | 0.01 |       174.8 |   197.0 |   105.8 
 abcijk-ekbc-ijea |    64 | 2304 |   24 | 1.00 | 0.77 |       162.5 |   177.1 |   128.2 
       abc-bk-akc |    48 | 1536 |   32 | 1.00 | 1.00 |       133.7 |   144.4 |    93.9 

=== complex efficiency ratio (c32 GF/s over f32 GF/s; 1.0 = no penalty) ===
             case | planar c32/f32 | 1m c32/f32 | 3m c32/f32 
------------------+----------------+------------+------------
         ij-ik-kj |          4.222 |      4.402 |      3.007 
       ij-ikl-ljk |          1.763 |      1.877 |      1.247 
       ij-kil-lkj |          2.163 |      2.046 |      1.765 
       ijk-ikl-lj |          2.886 |      2.859 |      1.913 
       ijk-il-jlk |          1.776 |      1.926 |      1.049 
       ijk-ilk-jl |          2.685 |      2.900 |      1.888 
       ijk-ilk-lj |          2.926 |      2.900 |      2.078 
     ijk-ilmk-mjl |          1.443 |      1.418 |      1.341 
   ijkl-imjn-lnkm |          4.002 |      4.175 |      3.171 
   ijkl-imjn-nlmk |          4.007 |      4.041 |      3.045 
   ijkl-imkn-jnlm |          3.848 |      3.891 |      3.102 
   ijkl-imkn-njml |          4.034 |      4.140 |      3.143 
   ijkl-imln-jnkm |          4.011 |      3.985 |      3.195 
   ijkl-imln-njmk |          4.287 |      4.307 |      3.088 
   ijkl-imnj-nlkm |          4.155 |      4.557 |      3.207 
   ijkl-imnk-njml |          4.061 |      4.164 |      2.980 
   ijkl-minj-nlmk |          1.975 |      1.955 |      2.348 
   ijkl-mink-jnlm |          3.028 |      2.903 |      2.561 
   ijkl-minl-njmk |          2.412 |      2.297 |      2.031 
     aqrs-pa-pqrs |          1.914 |      2.239 |      1.818 
     abrs-qb-aqrs |          1.499 |      1.602 |      1.373 
     abcs-rc-abrs |          1.240 |      1.352 |      1.173 
       abj-bka-kj |          4.432 |      4.285 |      3.708 
       ajb-kba-jk |          3.959 |      4.078 |      3.038 
     abjc-cbka-kj |          2.870 |      2.775 |      1.557 
     ajbc-ckba-jk |          3.255 |      3.533 |      1.731 
     abjc-kbac-jk |          2.369 |      2.442 |      1.326 
   abjcd-dkbac-jk |          4.784 |      5.192 |      3.914 
   adbjc-cbdka-kj |          6.085 |      8.502 |      6.180 
   ajbdc-ckbad-jk |          5.699 |      6.214 |      4.643 
 abcijk-ijma-mkbc |          6.073 |      6.541 |      4.752 
 abcijk-ijmb-mkac |          5.575 |      6.295 |      3.292 
 abcijk-ijmc-mkab |          3.546 |      3.978 |      1.927 
 abcijk-ikma-mjbc |          6.141 |      6.635 |      4.733 
 abcijk-ikmb-mjac |          5.426 |      6.113 |      3.226 
 abcijk-ikmc-mjab |          3.481 |      3.906 |      1.714 
 abcijk-jkma-mibc |          6.125 |      6.613 |      4.786 
 abcijk-jkmb-miac |          3.459 |      4.556 |      3.205 
 abcijk-jkmc-miab |          2.225 |      2.832 |      1.820 
 abcijk-eiab-jkec |          2.168 |      2.858 |      1.808 
 abcijk-eiac-jkeb |          3.399 |      4.523 |      3.187 
 abcijk-eibc-jkea |          6.134 |      6.656 |      4.773 
 abcijk-ejab-ikec |          3.478 |      3.870 |      2.154 
 abcijk-ejac-ikeb |          5.414 |      6.085 |      3.163 
 abcijk-ejbc-ikea |          6.111 |      6.639 |      4.744 
 abcijk-ekab-ijec |          3.549 |      3.967 |      1.709 
 abcijk-ekac-ijeb |          5.485 |      6.179 |      3.318 
 abcijk-ekbc-ijea |          6.035 |      6.578 |      4.761 
       abc-bk-akc |          2.705 |      2.922 |      1.901 
             MEAN |          3.762 |      4.096 |      2.808 

wrote bench-results/worker5086-zen2/phase4g/sm-both-s0.25-t32-f32c32.csv
