host        : worker5086
target      : x86_64 / linux
cpu features: avx2 fma 
caches      : L1=32KiB/8-way/1sh L2=512KiB/8-way/1sh L3=16384KiB/16-way/4sh (via sysfs), blocking=legacy
l3 domains  : t1=1 t4=1 t8=2 t16=4 t32=8 t64=16 t128=32
baselines   : tblis=false blas=false

sweeping 49 cases at 0.25 MiB nominal tensor size, 96 reps, stress=none


=== f64 ===
             case |     m |    n |    k | regA | regB | planar GF/s | 1m GF/s | 3m GF/s 
------------------+-------+------+------+------+------+-------------+---------+---------
         ij-ik-kj |   192 |  180 |  192 | 1.00 | 1.00 |        42.6 |    42.6 |    42.6 
       ij-ikl-ljk |    48 |   32 | 1536 | 1.00 | 1.00 |        22.0 |    22.0 |    22.0 
       ij-kil-lkj |    48 |   32 | 2304 | 1.00 | 1.00 |        20.7 |    20.7 |    20.7 
       ijk-ikl-lj |  1536 |   32 |   48 | 1.00 | 1.00 |        23.9 |    23.9 |    23.9 
       ijk-il-jlk |    48 | 1536 |   32 | 1.00 | 1.00 |        23.2 |    23.2 |    23.2 
       ijk-ilk-jl |  1536 |   48 |   32 | 1.00 | 1.00 |        24.9 |    24.9 |    24.9 
       ijk-ilk-lj |  1536 |   32 |   48 | 1.00 | 1.00 |        24.4 |    24.4 |    24.4 
     ijk-ilmk-mjl |   288 |   12 |  288 | 1.00 | 1.00 |        19.6 |    19.6 |    19.6 
   ijkl-imjn-lnkm |   288 |  288 |  144 | 1.00 | 1.00 |        66.2 |    66.2 |    66.2 
   ijkl-imjn-nlmk |   288 |  144 |  288 | 1.00 | 1.00 |        59.3 |    59.3 |    59.3 
   ijkl-imkn-jnlm |   288 |  288 |  144 | 1.00 | 1.00 |        77.9 |    77.9 |    77.9 
   ijkl-imkn-njml |   288 |  144 |  288 | 1.00 | 1.00 |        70.4 |    70.4 |    70.4 
   ijkl-imln-jnkm |   288 |  288 |  144 | 1.00 | 1.00 |        85.7 |    85.7 |    85.7 
   ijkl-imln-njmk |   288 |  144 |  288 | 1.00 | 1.00 |        70.9 |    70.9 |    70.9 
   ijkl-imnj-nlkm |   288 |  144 |  288 | 1.00 | 1.00 |        58.7 |    58.7 |    58.7 
   ijkl-imnk-njml |   288 |  144 |  288 | 1.00 | 1.00 |        67.7 |    67.7 |    67.7 
   ijkl-minj-nlmk |   288 |  144 |  576 | 1.00 | 1.00 |        87.2 |    87.2 |    87.2 
   ijkl-mink-jnlm |   288 |  288 |  288 | 1.00 | 1.00 |       115.6 |   115.6 |   115.6 
   ijkl-minl-njmk |   288 |  144 |  576 | 1.00 | 1.00 |       122.6 |   122.6 |   122.6 
     aqrs-pa-pqrs |    24 | 1728 |   24 | 1.00 | 1.00 |        16.2 |    16.2 |    16.2 
     abrs-qb-aqrs |    12 | 3456 |   24 | 1.00 | 1.00 |        14.4 |    14.4 |    14.4 
     abcs-rc-abrs |    12 | 3456 |   24 | 1.00 | 1.00 |        14.4 |    14.4 |    14.4 
       abj-bka-kj |  2304 |   32 |   48 | 1.00 | 1.00 |        21.2 |    21.2 |    21.2 
       ajb-kba-jk |  1536 |   48 |   48 | 1.00 | 1.00 |        27.3 |    27.3 |    27.3 
     abjc-cbka-kj |  6912 |   12 |   24 | 1.00 | 1.00 |        10.9 |    10.9 |    10.9 
     ajbc-ckba-jk |  6912 |   24 |   12 | 1.00 | 1.00 |        12.3 |    12.3 |    12.3 
     abjc-kbac-jk |  3456 |   24 |   24 | 1.00 | 1.00 |        17.8 |    17.8 |    17.8 
   abjcd-dkbac-jk | 36864 |   24 |    8 | 1.00 | 1.00 |        16.7 |    16.7 |    16.7 
   adbjc-cbdka-kj | 36864 |    8 |   24 | 1.00 | 1.00 |         4.6 |     4.6 |     4.6 
   ajbdc-ckbad-jk | 36864 |   24 |    8 | 1.00 | 1.00 |        16.4 |    16.4 |    16.4 
 abcijk-ijma-mkbc |  2304 |   64 |   24 | 1.00 | 0.82 |        21.6 |    21.6 |    21.6 
 abcijk-ijmb-mkac |   384 |  384 |   24 | 1.00 | 0.00 |        25.4 |    25.4 |    25.4 
 abcijk-ijmc-mkab |   384 |  384 |   24 | 1.00 | 0.00 |        25.4 |    25.4 |    25.4 
 abcijk-ikma-mjbc |  2304 |   64 |   24 | 1.00 | 0.82 |        21.6 |    21.6 |    21.6 
 abcijk-ikmb-mjac |   384 |  384 |   24 | 1.00 | 0.00 |        25.4 |    25.4 |    25.4 
 abcijk-ikmc-mjab |   384 |  384 |   24 | 1.00 | 0.00 |        25.4 |    25.4 |    25.4 
 abcijk-jkma-mibc |  2304 |   64 |   24 | 1.00 | 0.82 |        21.7 |    21.7 |    21.7 
 abcijk-jkmb-miac |   384 |  384 |   24 | 1.00 | 0.00 |        25.4 |    25.4 |    25.4 
 abcijk-jkmc-miab |   384 |  384 |   24 | 1.00 | 0.00 |        25.3 |    25.3 |    25.3 
 abcijk-eiab-jkec |   384 |  384 |   24 | 1.00 | 0.00 |        25.3 |    25.3 |    25.3 
 abcijk-eiac-jkeb |   384 |  384 |   24 | 1.00 | 0.00 |        25.3 |    25.3 |    25.3 
 abcijk-eibc-jkea |    64 | 2304 |   24 | 1.00 | 0.82 |        21.6 |    21.6 |    21.6 
 abcijk-ejab-ikec |   384 |  384 |   24 | 1.00 | 0.00 |        25.3 |    25.3 |    25.3 
 abcijk-ejac-ikeb |   384 |  384 |   24 | 1.00 | 0.00 |        25.4 |    25.4 |    25.4 
 abcijk-ejbc-ikea |    64 | 2304 |   24 | 1.00 | 0.82 |        21.7 |    21.7 |    21.7 
 abcijk-ekab-ijec |   384 |  384 |   24 | 1.00 | 0.00 |        25.3 |    25.3 |    25.3 
 abcijk-ekac-ijeb |   384 |  384 |   24 | 1.00 | 0.00 |        25.4 |    25.4 |    25.4 
 abcijk-ekbc-ijea |    64 | 2304 |   24 | 1.00 | 0.82 |        21.6 |    21.6 |    21.6 
       abc-bk-akc |    48 | 1536 |   32 | 1.00 | 1.00 |        25.0 |    25.0 |    25.0 

=== c64 ===
             case |     m |    n |    k | regA | regB | planar GF/s | 1m GF/s | 3m GF/s 
------------------+-------+------+------+------+------+-------------+---------+---------
         ij-ik-kj |   192 |  180 |  192 | 1.00 | 1.00 |       189.0 |   196.2 |   133.3 
       ij-ikl-ljk |    48 |   32 | 1536 | 1.00 | 1.00 |        39.9 |    41.5 |    30.2 
       ij-kil-lkj |    48 |   32 | 2304 | 1.00 | 1.00 |        51.0 |    49.1 |    39.1 
       ijk-ikl-lj |  1536 |   32 |   48 | 1.00 | 1.00 |        78.1 |    77.0 |    52.6 
       ijk-il-jlk |    48 | 1536 |   32 | 1.00 | 0.92 |        47.1 |    50.3 |    27.5 
       ijk-ilk-jl |  1536 |   48 |   32 | 1.00 | 1.00 |        78.4 |    84.5 |    48.7 
       ijk-ilk-lj |  1536 |   32 |   48 | 1.00 | 1.00 |        81.2 |    79.2 |    53.8 
     ijk-ilmk-mjl |   288 |   12 |  288 | 1.00 | 1.00 |        25.1 |    25.5 |    26.8 
   ijkl-imjn-lnkm |   288 |  288 |  144 | 1.00 | 0.67 |       330.2 |   313.5 |   208.3 
   ijkl-imjn-nlmk |   288 |  144 |  288 | 1.00 | 0.69 |       236.3 |   232.2 |   173.2 
   ijkl-imkn-jnlm |   288 |  288 |  144 | 1.00 | 0.84 |       309.5 |   299.5 |   228.1 
   ijkl-imkn-njml |   288 |  144 |  288 | 1.00 | 0.69 |       221.1 |   221.5 |   180.9 
   ijkl-imln-jnkm |   288 |  288 |  144 | 1.00 | 0.84 |       274.3 |   246.2 |   218.0 
   ijkl-imln-njmk |   288 |  144 |  288 | 1.00 | 0.69 |       219.6 |   218.5 |   181.3 
   ijkl-imnj-nlkm |   288 |  144 |  288 | 1.00 | 0.69 |       214.1 |   214.3 |   169.2 
   ijkl-imnk-njml |   288 |  144 |  288 | 1.00 | 0.69 |       210.9 |   209.3 |   179.4 
   ijkl-minj-nlmk |   288 |  144 |  576 | 1.00 | 0.69 |       205.9 |   208.7 |   164.6 
   ijkl-mink-jnlm |   288 |  288 |  288 | 1.00 | 0.84 |       210.3 |   185.0 |   232.6 
   ijkl-minl-njmk |   288 |  144 |  576 | 1.00 | 0.69 |       177.9 |   198.2 |   219.6 
     aqrs-pa-pqrs |    24 | 1728 |   24 | 1.00 | 1.00 |        24.7 |    27.7 |    20.6 
     abrs-qb-aqrs |    12 | 3456 |   24 | 1.00 | 1.00 |        18.4 |    20.4 |    17.6 
     abcs-rc-abrs |    12 | 3456 |   24 | 1.00 | 1.00 |        18.8 |    20.7 |    17.6 
       abj-bka-kj |  2304 |   32 |   48 | 1.00 | 1.00 |        96.3 |    93.7 |    72.8 
       ajb-kba-jk |  1536 |   48 |   48 | 1.00 | 1.00 |       116.2 |   125.3 |    83.0 
     abjc-cbka-kj |  6912 |   12 |   24 | 1.00 | 1.00 |        30.3 |    32.3 |    15.6 
     ajbc-ckba-jk |  6912 |   24 |   12 | 1.00 | 1.00 |        32.0 |    35.4 |    13.4 
     abjc-kbac-jk |  3456 |   24 |   24 | 1.00 | 1.00 |        44.0 |    47.9 |    20.6 
   abjcd-dkbac-jk | 36864 |   24 |    8 | 1.00 | 1.00 |        82.1 |    88.6 |    56.8 
   adbjc-cbdka-kj | 36864 |    8 |   24 | 1.00 | 1.00 |        60.2 |    62.8 |    51.0 
   ajbdc-ckbad-jk | 36864 |   24 |    8 | 1.00 | 1.00 |        80.6 |    87.3 |    55.7 
 abcijk-ijma-mkbc |  2304 |   64 |   24 | 1.00 | 0.77 |        94.4 |   103.4 |    63.8 
 abcijk-ijmb-mkac |   384 |  384 |   24 | 1.00 | 0.01 |       103.7 |   114.3 |    50.0 
 abcijk-ijmc-mkab |   384 |  384 |   24 | 1.00 | 0.01 |       103.8 |   113.8 |    46.7 
 abcijk-ikma-mjbc |  2304 |   64 |   24 | 1.00 | 0.77 |        96.9 |   103.6 |    63.9 
 abcijk-ikmb-mjac |   384 |  384 |   24 | 1.00 | 0.01 |       103.0 |   112.7 |    49.7 
 abcijk-ikmc-mjab |   384 |  384 |   24 | 1.00 | 0.01 |       101.1 |   111.8 |    46.1 
 abcijk-jkma-mibc |  2304 |   64 |   24 | 1.00 | 0.77 |        97.3 |   103.9 |    63.6 
 abcijk-jkmb-miac |   384 |  384 |   24 | 1.00 | 0.01 |        91.2 |    97.8 |    52.6 
 abcijk-jkmc-miab |   384 |  384 |   24 | 1.00 | 0.01 |        80.3 |    86.3 |    45.2 
 abcijk-eiab-jkec |   384 |  384 |   24 | 1.00 | 0.01 |        82.5 |    87.7 |    46.9 
 abcijk-eiac-jkeb |   384 |  384 |   24 | 1.00 | 0.01 |        91.3 |    97.4 |    52.8 
 abcijk-eibc-jkea |    64 | 2304 |   24 | 1.00 | 0.77 |        96.4 |   103.3 |    63.4 
 abcijk-ejab-ikec |   384 |  384 |   24 | 1.00 | 0.01 |       101.4 |   110.6 |    46.0 
 abcijk-ejac-ikeb |   384 |  384 |   24 | 1.00 | 0.01 |       102.8 |   112.9 |    49.5 
 abcijk-ejbc-ikea |    64 | 2304 |   24 | 1.00 | 0.77 |        96.9 |   103.8 |    63.0 
 abcijk-ekab-ijec |   384 |  384 |   24 | 1.00 | 0.01 |       103.5 |   113.6 |    46.1 
 abcijk-ekac-ijeb |   384 |  384 |   24 | 1.00 | 0.01 |       102.9 |   112.7 |    49.4 
 abcijk-ekbc-ijea |    64 | 2304 |   24 | 1.00 | 0.77 |        95.7 |   102.7 |    63.1 
       abc-bk-akc |    48 | 1536 |   32 | 1.00 | 1.00 |        76.2 |    81.7 |    48.5 

=== complex efficiency ratio (c64 GF/s over f64 GF/s; 1.0 = no penalty) ===
             case | planar c64/f64 | 1m c64/f64 | 3m c64/f64 
------------------+----------------+------------+------------
         ij-ik-kj |          4.437 |      4.605 |      3.128 
       ij-ikl-ljk |          1.810 |      1.885 |      1.372 
       ij-kil-lkj |          2.466 |      2.374 |      1.892 
       ijk-ikl-lj |          3.262 |      3.217 |      2.196 
       ijk-il-jlk |          2.033 |      2.172 |      1.188 
       ijk-ilk-jl |          3.149 |      3.394 |      1.959 
       ijk-ilk-lj |          3.325 |      3.242 |      2.203 
     ijk-ilmk-mjl |          1.285 |      1.303 |      1.369 
   ijkl-imjn-lnkm |          4.985 |      4.733 |      3.145 
   ijkl-imjn-nlmk |          3.988 |      3.919 |      2.923 
   ijkl-imkn-jnlm |          3.974 |      3.846 |      2.929 
   ijkl-imkn-njml |          3.140 |      3.146 |      2.569 
   ijkl-imln-jnkm |          3.202 |      2.874 |      2.545 
   ijkl-imln-njmk |          3.096 |      3.080 |      2.556 
   ijkl-imnj-nlkm |          3.648 |      3.652 |      2.883 
   ijkl-imnk-njml |          3.113 |      3.089 |      2.649 
   ijkl-minj-nlmk |          2.362 |      2.394 |      1.889 
   ijkl-mink-jnlm |          1.818 |      1.600 |      2.012 
   ijkl-minl-njmk |          1.451 |      1.616 |      1.791 
     aqrs-pa-pqrs |          1.530 |      1.710 |      1.272 
     abrs-qb-aqrs |          1.273 |      1.419 |      1.220 
     abcs-rc-abrs |          1.303 |      1.436 |      1.221 
       abj-bka-kj |          4.544 |      4.422 |      3.434 
       ajb-kba-jk |          4.265 |      4.599 |      3.044 
     abjc-cbka-kj |          2.780 |      2.961 |      1.432 
     ajbc-ckba-jk |          2.613 |      2.893 |      1.097 
     abjc-kbac-jk |          2.475 |      2.694 |      1.159 
   abjcd-dkbac-jk |          4.900 |      5.290 |      3.389 
   adbjc-cbdka-kj |         13.082 |     13.658 |     11.074 
   ajbdc-ckbad-jk |          4.902 |      5.310 |      3.390 
 abcijk-ijma-mkbc |          4.364 |      4.779 |      2.950 
 abcijk-ijmb-mkac |          4.085 |      4.505 |      1.971 
 abcijk-ijmc-mkab |          4.093 |      4.485 |      1.841 
 abcijk-ikma-mjbc |          4.489 |      4.800 |      2.959 
 abcijk-ikmb-mjac |          4.061 |      4.443 |      1.960 
 abcijk-ikmc-mjab |          3.989 |      4.412 |      1.818 
 abcijk-jkma-mibc |          4.491 |      4.799 |      2.934 
 abcijk-jkmb-miac |          3.596 |      3.855 |      2.072 
 abcijk-jkmc-miab |          3.170 |      3.406 |      1.786 
 abcijk-eiab-jkec |          3.256 |      3.462 |      1.852 
 abcijk-eiac-jkeb |          3.608 |      3.849 |      2.086 
 abcijk-eibc-jkea |          4.453 |      4.773 |      2.928 
 abcijk-ejab-ikec |          4.003 |      4.367 |      1.814 
 abcijk-ejac-ikeb |          4.050 |      4.447 |      1.952 
 abcijk-ejbc-ikea |          4.473 |      4.790 |      2.910 
 abcijk-ekab-ijec |          4.089 |      4.489 |      1.822 
 abcijk-ekac-ijeb |          4.051 |      4.436 |      1.944 
 abcijk-ekbc-ijea |          4.422 |      4.746 |      2.915 
       abc-bk-akc |          3.053 |      3.274 |      1.944 
             MEAN |          3.592 |      3.768 |      2.396 

wrote bench-results/worker5086-zen2/phase4g/sm-both-s0.25-t64-f64c64.csv
