host        : worker5086
target      : x86_64 / linux
cpu features: avx2 fma 
caches      : L1=32KiB/8-way/1sh L2=512KiB/8-way/1sh L3=16384KiB/16-way/4sh (via sysfs), blocking=legacy
l3 domains  : t1=1 t4=1 t8=2 t16=4 t32=8
baselines   : tblis=false blas=false

sweeping 49 cases at 16 MiB nominal tensor size, 3 reps, stress=none


=== f64 ===
             case |      m |     n |     k | regA | regB | planar GF/s | 1m GF/s | 3m GF/s 
------------------+--------+-------+-------+------+------+-------------+---------+---------
         ij-ik-kj |   1464 |  1448 |  1464 | 1.00 | 1.00 |       351.1 |   351.1 |   351.1 
       ij-ikl-ljk |    144 |   128 | 18432 | 1.00 | 1.00 |       113.6 |   113.6 |   113.6 
       ij-kil-lkj |    144 |   128 | 20736 | 1.00 | 1.00 |       113.9 |   113.9 |   113.9 
       ijk-ikl-lj |  18432 |   128 |   144 | 1.00 | 1.00 |       495.0 |   495.0 |   495.0 
       ijk-il-jlk |    144 | 18432 |   128 | 1.00 | 1.00 |       142.8 |   142.8 |   142.8 
       ijk-ilk-jl |  18432 |   144 |   128 | 1.00 | 1.00 |       527.0 |   527.0 |   527.0 
       ijk-ilk-lj |  18432 |   128 |   144 | 1.00 | 1.00 |       504.4 |   504.4 |   504.4 
     ijk-ilmk-mjl |   1920 |    40 |  1920 | 1.00 | 1.00 |       277.2 |   277.2 |   277.2 
   ijkl-imjn-lnkm |   1920 |  1920 |  1600 | 1.00 | 0.90 |       356.6 |   356.6 |   356.6 
   ijkl-imjn-nlmk |   1920 |  1600 |  1920 | 1.00 | 0.90 |       389.7 |   389.7 |   389.7 
   ijkl-imkn-jnlm |   1920 |  1920 |  1600 | 1.00 | 1.00 |       507.1 |   507.1 |   507.1 
   ijkl-imkn-njml |   1920 |  1600 |  1920 | 1.00 | 0.90 |       488.6 |   488.6 |   488.6 
   ijkl-imln-jnkm |   1920 |  1920 |  1600 | 1.00 | 1.00 |       502.3 |   502.3 |   502.3 
   ijkl-imln-njmk |   1920 |  1600 |  1920 | 1.00 | 0.90 |       474.1 |   474.1 |   474.1 
   ijkl-imnj-nlkm |   1920 |  1600 |  1920 | 1.00 | 0.90 |       383.2 |   383.2 |   383.2 
   ijkl-imnk-njml |   1920 |  1600 |  1920 | 1.00 | 0.90 |       496.2 |   496.2 |   496.2 
   ijkl-minj-nlmk |   1920 |  1600 |  2304 | 1.00 | 0.90 |       382.1 |   382.1 |   382.1 
   ijkl-mink-jnlm |   1920 |  1920 |  1920 | 1.00 | 1.00 |       503.6 |   503.6 |   503.6 
   ijkl-minl-njmk |   1920 |  1600 |  2304 | 1.00 | 0.90 |       492.1 |   492.1 |   492.1 
     aqrs-pa-pqrs |     48 | 64000 |    48 | 1.00 | 1.00 |       104.8 |   104.8 |   104.8 
     abrs-qb-aqrs |     40 | 76800 |    48 | 1.00 | 1.00 |       267.5 |   267.5 |   267.5 
     abcs-rc-abrs |     40 | 76800 |    48 | 1.00 | 1.00 |       214.0 |   214.0 |   214.0 
       abj-bka-kj |  20736 |   128 |   144 | 1.00 | 1.00 |       338.7 |   338.7 |   338.7 
       ajb-kba-jk |  18432 |   144 |   144 | 1.00 | 1.00 |       517.8 |   517.8 |   517.8 
     abjc-cbka-kj |  92160 |    40 |    48 | 1.00 | 1.00 |        34.6 |    34.6 |    34.6 
     ajbc-ckba-jk |  92160 |    48 |    40 | 1.00 | 1.00 |        41.6 |    41.6 |    41.6 
     abjc-kbac-jk |  76800 |    48 |    48 | 1.00 | 1.00 |       302.3 |   302.3 |   302.3 
   abjcd-dkbac-jk | 230400 |    24 |    20 | 1.00 | 1.00 |        19.8 |    19.8 |    19.8 
   adbjc-cbdka-kj | 230400 |    20 |    24 | 1.00 | 1.00 |        16.9 |    16.9 |    16.9 
   ajbdc-ckbad-jk | 230400 |    24 |    20 | 1.00 | 1.00 |        19.8 |    19.8 |    19.8 
 abcijk-ijma-mkbc |   6912 |  1728 |    24 | 1.00 | 1.00 |       104.8 |   104.8 |   104.8 
 abcijk-ijmb-mkac |   3456 |  3456 |    24 | 1.00 | 1.00 |       118.5 |   118.5 |   118.5 
 abcijk-ijmc-mkab |   3456 |  3456 |    24 | 1.00 | 1.00 |       117.5 |   117.5 |   117.5 
 abcijk-ikma-mjbc |   6912 |  1728 |    24 | 1.00 | 1.00 |       108.2 |   108.2 |   108.2 
 abcijk-ikmb-mjac |   3456 |  3456 |    24 | 1.00 | 1.00 |       115.2 |   115.2 |   115.2 
 abcijk-ikmc-mjab |   3456 |  3456 |    24 | 1.00 | 1.00 |       117.0 |   117.0 |   117.0 
 abcijk-jkma-mibc |   6912 |  1728 |    24 | 1.00 | 1.00 |       105.9 |   105.9 |   105.9 
 abcijk-jkmb-miac |   3456 |  3456 |    24 | 1.00 | 1.00 |       117.6 |   117.6 |   117.6 
 abcijk-jkmc-miab |   3456 |  3456 |    24 | 1.00 | 1.00 |       117.6 |   117.6 |   117.6 
 abcijk-eiab-jkec |   3456 |  3456 |    24 | 1.00 | 1.00 |       116.5 |   116.5 |   116.5 
 abcijk-eiac-jkeb |   3456 |  3456 |    24 | 1.00 | 1.00 |       118.8 |   118.8 |   118.8 
 abcijk-eibc-jkea |   1728 |  6912 |    24 | 1.00 | 1.00 |       106.4 |   106.4 |   106.4 
 abcijk-ejab-ikec |   3456 |  3456 |    24 | 1.00 | 1.00 |       114.1 |   114.1 |   114.1 
 abcijk-ejac-ikeb |   3456 |  3456 |    24 | 1.00 | 1.00 |       117.1 |   117.1 |   117.1 
 abcijk-ejbc-ikea |   1728 |  6912 |    24 | 1.00 | 1.00 |       106.9 |   106.9 |   106.9 
 abcijk-ekab-ijec |   3456 |  3456 |    24 | 1.00 | 1.00 |       118.6 |   118.6 |   118.6 
 abcijk-ekac-ijeb |   3456 |  3456 |    24 | 1.00 | 1.00 |       118.1 |   118.1 |   118.1 
 abcijk-ekbc-ijea |   1728 |  6912 |    24 | 1.00 | 1.00 |       106.8 |   106.8 |   106.8 
       abc-bk-akc |    144 | 18432 |   128 | 1.00 | 1.00 |       539.0 |   539.0 |   539.0 

=== c64 ===
             case |      m |     n |     k | regA | regB | planar GF/s | 1m GF/s | 3m GF/s 
------------------+--------+-------+-------+------+------+-------------+---------+---------
         ij-ik-kj |   1464 |  1448 |  1464 | 1.00 | 1.00 |       547.6 |   528.3 |   506.9 
       ij-ikl-ljk |    144 |   128 | 18432 | 1.00 | 1.00 |       184.2 |   171.2 |   154.7 
       ij-kil-lkj |    144 |   128 | 20736 | 1.00 | 1.00 |       200.3 |   194.8 |   163.2 
       ijk-ikl-lj |  18432 |   128 |   144 | 1.00 | 1.00 |       482.8 |   481.2 |   470.7 
       ijk-il-jlk |    144 | 18432 |   128 | 1.00 | 0.97 |       206.8 |   199.0 |   161.6 
       ijk-ilk-jl |  18432 |   144 |   128 | 1.00 | 1.00 |       542.6 |   581.4 |   466.4 
       ijk-ilk-lj |  18432 |   128 |   144 | 1.00 | 1.00 |       526.8 |   575.9 |   489.3 
     ijk-ilmk-mjl |   1920 |    40 |  1920 | 1.00 | 1.00 |       394.5 |   358.3 |   295.1 
   ijkl-imjn-lnkm |   1920 |  1920 |  1600 | 1.00 | 1.00 |       497.7 |   535.1 |   506.1 
   ijkl-imjn-nlmk |   1920 |  1600 |  1920 | 1.00 | 1.00 |       506.8 |   538.7 |   507.8 
   ijkl-imkn-jnlm |   1920 |  1920 |  1600 | 1.00 | 0.92 |       550.9 |   557.8 |   527.6 
   ijkl-imkn-njml |   1920 |  1600 |  1920 | 1.00 | 1.00 |       544.5 |   540.8 |   511.7 
   ijkl-imln-jnkm |   1920 |  1920 |  1600 | 1.00 | 0.92 |       536.8 |   541.7 |   513.6 
   ijkl-imln-njmk |   1920 |  1600 |  1920 | 1.00 | 1.00 |       531.6 |   533.9 |   509.8 
   ijkl-imnj-nlkm |   1920 |  1600 |  1920 | 1.00 | 1.00 |       511.8 |   545.9 |   501.6 
   ijkl-imnk-njml |   1920 |  1600 |  1920 | 1.00 | 1.00 |       547.9 |   552.3 |   509.0 
   ijkl-minj-nlmk |   1920 |  1600 |  2304 | 1.00 | 1.00 |       472.0 |   527.3 |   509.3 
   ijkl-mink-jnlm |   1920 |  1920 |  1920 | 1.00 | 0.92 |       583.1 |   576.4 |   534.0 
   ijkl-minl-njmk |   1920 |  1600 |  2304 | 1.00 | 1.00 |       553.4 |   559.0 |   519.5 
     aqrs-pa-pqrs |     48 | 64000 |    48 | 1.00 | 1.00 |       122.6 |   128.5 |   119.8 
     abrs-qb-aqrs |     40 | 76800 |    48 | 1.00 | 1.00 |       251.8 |   257.4 |   212.7 
     abcs-rc-abrs |     40 | 76800 |    48 | 1.00 | 1.00 |       253.7 |   228.4 |   232.1 
       abj-bka-kj |  20736 |   128 |   144 | 1.00 | 1.00 |       396.0 |   378.1 |   362.7 
       ajb-kba-jk |  18432 |   144 |   144 | 1.00 | 1.00 |       523.3 |   551.1 |   522.5 
     abjc-cbka-kj |  92160 |    40 |    48 | 1.00 | 1.00 |        97.5 |    99.2 |    99.4 
     ajbc-ckba-jk |  92160 |    48 |    40 | 1.00 | 1.00 |       111.8 |   113.9 |   112.5 
     abjc-kbac-jk |  76800 |    48 |    48 | 1.00 | 1.00 |       277.7 |   275.5 |   270.4 
   abjcd-dkbac-jk | 230400 |    24 |    20 | 1.00 | 1.00 |        55.4 |    55.2 |    55.2 
   adbjc-cbdka-kj | 230400 |    20 |    24 | 1.00 | 1.00 |        48.7 |    48.8 |    48.6 
   ajbdc-ckbad-jk | 230400 |    24 |    20 | 1.00 | 1.00 |        55.0 |    54.5 |    54.6 
 abcijk-ijma-mkbc |   6912 |  1728 |    24 | 1.00 | 0.97 |       202.0 |   195.3 |   189.2 
 abcijk-ijmb-mkac |   3456 |  3456 |    24 | 1.00 | 0.67 |       204.3 |   217.2 |   199.2 
 abcijk-ijmc-mkab |   3456 |  3456 |    24 | 1.00 | 0.67 |       213.6 |   212.3 |   211.2 
 abcijk-ikma-mjbc |   6912 |  1728 |    24 | 1.00 | 0.97 |       201.4 |   197.8 |   195.8 
 abcijk-ikmb-mjac |   3456 |  3456 |    24 | 1.00 | 0.67 |       204.0 |   216.5 |   199.8 
 abcijk-ikmc-mjab |   3456 |  3456 |    24 | 1.00 | 0.67 |       211.2 |   213.2 |   211.2 
 abcijk-jkma-mibc |   6912 |  1728 |    24 | 1.00 | 0.97 |       201.2 |   194.6 |   187.2 
 abcijk-jkmb-miac |   3456 |  3456 |    24 | 1.00 | 0.67 |       203.7 |   217.7 |   196.7 
 abcijk-jkmc-miab |   3456 |  3456 |    24 | 1.00 | 0.67 |       212.6 |   215.9 |   211.3 
 abcijk-eiab-jkec |   3456 |  3456 |    24 | 1.00 | 0.67 |       213.6 |   217.1 |   212.8 
 abcijk-eiac-jkeb |   3456 |  3456 |    24 | 1.00 | 0.67 |       204.8 |   217.1 |   197.9 
 abcijk-eibc-jkea |   1728 |  6912 |    24 | 1.00 | 0.97 |       205.3 |   196.5 |   199.6 
 abcijk-ejab-ikec |   3456 |  3456 |    24 | 1.00 | 0.67 |       214.0 |   212.8 |   211.8 
 abcijk-ejac-ikeb |   3456 |  3456 |    24 | 1.00 | 0.67 |       204.2 |   218.6 |   200.5 
 abcijk-ejbc-ikea |   1728 |  6912 |    24 | 1.00 | 0.97 |       203.9 |   197.0 |   197.0 
 abcijk-ekab-ijec |   3456 |  3456 |    24 | 1.00 | 0.67 |       214.7 |   212.1 |   212.3 
 abcijk-ekac-ijeb |   3456 |  3456 |    24 | 1.00 | 0.67 |       205.6 |   217.8 |   202.0 
 abcijk-ekbc-ijea |   1728 |  6912 |    24 | 1.00 | 0.97 |       204.5 |   197.5 |   191.7 
       abc-bk-akc |    144 | 18432 |   128 | 1.00 | 1.00 |       488.4 |   499.3 |   450.0 

=== complex efficiency ratio (c64 GF/s over f64 GF/s; 1.0 = no penalty) ===
             case | planar c64/f64 | 1m c64/f64 | 3m c64/f64 
------------------+----------------+------------+------------
         ij-ik-kj |          1.560 |      1.505 |      1.444 
       ij-ikl-ljk |          1.621 |      1.507 |      1.362 
       ij-kil-lkj |          1.758 |      1.709 |      1.433 
       ijk-ikl-lj |          0.975 |      0.972 |      0.951 
       ijk-il-jlk |          1.448 |      1.394 |      1.132 
       ijk-ilk-jl |          1.029 |      1.103 |      0.885 
       ijk-ilk-lj |          1.045 |      1.142 |      0.970 
     ijk-ilmk-mjl |          1.423 |      1.292 |      1.065 
   ijkl-imjn-lnkm |          1.396 |      1.500 |      1.419 
   ijkl-imjn-nlmk |          1.300 |      1.382 |      1.303 
   ijkl-imkn-jnlm |          1.086 |      1.100 |      1.040 
   ijkl-imkn-njml |          1.114 |      1.107 |      1.047 
   ijkl-imln-jnkm |          1.069 |      1.078 |      1.023 
   ijkl-imln-njmk |          1.121 |      1.126 |      1.075 
   ijkl-imnj-nlkm |          1.336 |      1.425 |      1.309 
   ijkl-imnk-njml |          1.104 |      1.113 |      1.026 
   ijkl-minj-nlmk |          1.235 |      1.380 |      1.333 
   ijkl-mink-jnlm |          1.158 |      1.145 |      1.060 
   ijkl-minl-njmk |          1.125 |      1.136 |      1.056 
     aqrs-pa-pqrs |          1.170 |      1.226 |      1.143 
     abrs-qb-aqrs |          0.941 |      0.962 |      0.795 
     abcs-rc-abrs |          1.186 |      1.068 |      1.085 
       abj-bka-kj |          1.169 |      1.116 |      1.071 
       ajb-kba-jk |          1.011 |      1.064 |      1.009 
     abjc-cbka-kj |          2.813 |      2.864 |      2.870 
     ajbc-ckba-jk |          2.688 |      2.741 |      2.706 
     abjc-kbac-jk |          0.918 |      0.911 |      0.895 
   abjcd-dkbac-jk |          2.800 |      2.789 |      2.790 
   adbjc-cbdka-kj |          2.873 |      2.879 |      2.871 
   ajbdc-ckbad-jk |          2.783 |      2.761 |      2.763 
 abcijk-ijma-mkbc |          1.928 |      1.864 |      1.806 
 abcijk-ijmb-mkac |          1.724 |      1.833 |      1.681 
 abcijk-ijmc-mkab |          1.818 |      1.807 |      1.797 
 abcijk-ikma-mjbc |          1.862 |      1.829 |      1.810 
 abcijk-ikmb-mjac |          1.771 |      1.880 |      1.734 
 abcijk-ikmc-mjab |          1.806 |      1.823 |      1.806 
 abcijk-jkma-mibc |          1.900 |      1.837 |      1.767 
 abcijk-jkmb-miac |          1.732 |      1.851 |      1.672 
 abcijk-jkmc-miab |          1.807 |      1.836 |      1.797 
 abcijk-eiab-jkec |          1.833 |      1.864 |      1.826 
 abcijk-eiac-jkeb |          1.724 |      1.828 |      1.666 
 abcijk-eibc-jkea |          1.930 |      1.847 |      1.876 
 abcijk-ejab-ikec |          1.875 |      1.865 |      1.856 
 abcijk-ejac-ikeb |          1.743 |      1.866 |      1.712 
 abcijk-ejbc-ikea |          1.908 |      1.844 |      1.843 
 abcijk-ekab-ijec |          1.809 |      1.787 |      1.789 
 abcijk-ekac-ijeb |          1.741 |      1.844 |      1.710 
 abcijk-ekbc-ijea |          1.914 |      1.849 |      1.794 
       abc-bk-akc |          0.906 |      0.926 |      0.835 
             MEAN |          1.592 |      1.604 |      1.525 

wrote bench-results/worker5086-zen2/phase4g/sm-both-s16-t16-f64c64.csv
