host        : worker5086
target      : x86_64 / linux
cpu features: avx2 fma 
caches      : L1=32KiB/8-way/1sh L2=512KiB/8-way/1sh L3=16384KiB/16-way/4sh (via sysfs), blocking=legacy
l3 domains  : t1=1
baselines   : tblis=false blas=false

sweeping 49 cases at 1 MiB nominal tensor size, 24 reps, stress=none


=== f32 ===
             case |     m |    n |    k | regA | regB | planar GF/s | 1m GF/s | 3m GF/s 
------------------+-------+------+------+------+------+-------------+---------+---------
         ij-ik-kj |   384 |  364 |  384 | 1.00 | 1.00 |        82.4 |    82.4 |    82.4 
       ij-ikl-ljk |    72 |   52 | 3744 | 1.00 | 1.00 |        40.9 |    40.9 |    40.9 
       ij-kil-lkj |    72 |   52 | 5184 | 1.00 | 1.00 |        37.9 |    37.9 |    37.9 
       ijk-ikl-lj |  3744 |   52 |   72 | 1.00 | 1.00 |        59.2 |    59.2 |    59.2 
       ijk-il-jlk |    72 | 3744 |   52 | 1.00 | 1.00 |        46.6 |    46.6 |    46.6 
       ijk-ilk-jl |  3744 |   72 |   52 | 0.89 | 1.00 |        60.2 |    60.2 |    60.2 
       ijk-ilk-lj |  3744 |   52 |   72 | 0.89 | 1.00 |        59.4 |    59.4 |    59.4 
     ijk-ilmk-mjl |   480 |   20 |  480 | 0.67 | 1.00 |        40.6 |    40.6 |    40.6 
   ijkl-imjn-lnkm |   480 |  480 |  400 | 0.67 | 0.80 |        75.1 |    75.1 |    75.1 
   ijkl-imjn-nlmk |   480 |  400 |  480 | 0.67 | 0.81 |        77.9 |    77.9 |    77.9 
   ijkl-imkn-jnlm |   480 |  480 |  400 | 0.67 | 1.00 |        76.1 |    76.1 |    76.1 
   ijkl-imkn-njml |   480 |  400 |  480 | 0.67 | 0.81 |        76.7 |    76.7 |    76.7 
   ijkl-imln-jnkm |   480 |  480 |  400 | 0.67 | 1.00 |        76.2 |    76.2 |    76.2 
   ijkl-imln-njmk |   480 |  400 |  480 | 0.67 | 0.81 |        76.7 |    76.7 |    76.7 
   ijkl-imnj-nlkm |   480 |  400 |  480 | 0.67 | 0.81 |        77.9 |    77.9 |    77.9 
   ijkl-imnk-njml |   480 |  400 |  480 | 0.67 | 0.81 |        76.9 |    76.9 |    76.9 
   ijkl-minj-nlmk |   480 |  400 |  576 | 0.67 | 0.81 |        78.3 |    78.3 |    78.3 
   ijkl-mink-jnlm |   480 |  480 |  480 | 0.67 | 1.00 |        77.3 |    77.3 |    77.3 
   ijkl-minl-njmk |   480 |  400 |  576 | 0.67 | 0.81 |        77.2 |    77.2 |    77.2 
     aqrs-pa-pqrs |    24 | 8000 |   24 | 1.00 | 1.00 |        21.2 |    21.2 |    21.2 
     abrs-qb-aqrs |    20 | 9600 |   24 | 1.00 | 1.00 |        25.4 |    25.4 |    25.4 
     abcs-rc-abrs |    20 | 9600 |   24 | 1.00 | 1.00 |        32.1 |    32.1 |    32.1 
       abj-bka-kj |  5184 |   52 |   72 | 0.89 | 1.00 |        47.9 |    47.9 |    47.9 
       ajb-kba-jk |  3744 |   72 |   72 | 0.89 | 1.00 |        60.0 |    60.0 |    60.0 
     abjc-cbka-kj | 11520 |   20 |   24 | 0.67 | 1.00 |        21.0 |    21.0 |    21.0 
     ajbc-ckba-jk | 11520 |   24 |   20 | 1.00 | 1.00 |        17.8 |    17.8 |    17.8 
     abjc-kbac-jk |  9600 |   24 |   24 | 0.67 | 1.00 |        31.0 |    31.0 |    31.0 
   abjcd-dkbac-jk | 82944 |   24 |   12 | 0.67 | 1.00 |        17.9 |    17.9 |    17.9 
   adbjc-cbdka-kj | 82944 |   12 |   24 | 0.67 | 1.00 |         8.9 |     8.9 |     8.9 
   ajbdc-ckbad-jk | 82944 |   24 |   12 | 1.00 | 1.00 |        14.5 |    14.5 |    14.5 
 abcijk-ijma-mkbc |  4608 |  512 |   24 | 1.00 | 1.00 |        31.0 |    31.0 |    31.0 
 abcijk-ijmb-mkac |  1536 | 1536 |   24 | 1.00 | 1.00 |        31.5 |    31.5 |    31.5 
 abcijk-ijmc-mkab |  1536 | 1536 |   24 | 1.00 | 0.50 |        52.9 |    52.9 |    52.9 
 abcijk-ikma-mjbc |  4608 |  512 |   24 | 1.00 | 1.00 |        31.0 |    31.0 |    31.0 
 abcijk-ikmb-mjac |  1536 | 1536 |   24 | 1.00 | 1.00 |        31.6 |    31.6 |    31.6 
 abcijk-ikmc-mjab |  1536 | 1536 |   24 | 1.00 | 0.50 |        52.6 |    52.6 |    52.6 
 abcijk-jkma-mibc |  4608 |  512 |   24 | 1.00 | 1.00 |        31.0 |    31.0 |    31.0 
 abcijk-jkmb-miac |  1536 | 1536 |   24 | 1.00 | 1.00 |        31.4 |    31.4 |    31.4 
 abcijk-jkmc-miab |  1536 | 1536 |   24 | 1.00 | 0.50 |        52.5 |    52.5 |    52.5 
 abcijk-eiab-jkec |  1536 | 1536 |   24 | 1.00 | 0.50 |        52.4 |    52.4 |    52.4 
 abcijk-eiac-jkeb |  1536 | 1536 |   24 | 1.00 | 1.00 |        31.4 |    31.4 |    31.4 
 abcijk-eibc-jkea |   512 | 4608 |   24 | 1.00 | 1.00 |        31.0 |    31.0 |    31.0 
 abcijk-ejab-ikec |  1536 | 1536 |   24 | 1.00 | 0.50 |        52.7 |    52.7 |    52.7 
 abcijk-ejac-ikeb |  1536 | 1536 |   24 | 1.00 | 1.00 |        31.5 |    31.5 |    31.5 
 abcijk-ejbc-ikea |   512 | 4608 |   24 | 1.00 | 1.00 |        30.9 |    30.9 |    30.9 
 abcijk-ekab-ijec |  1536 | 1536 |   24 | 1.00 | 0.50 |        52.7 |    52.7 |    52.7 
 abcijk-ekac-ijeb |  1536 | 1536 |   24 | 1.00 | 1.00 |        31.5 |    31.5 |    31.5 
 abcijk-ekbc-ijea |   512 | 4608 |   24 | 1.00 | 1.00 |        31.0 |    31.0 |    31.0 
       abc-bk-akc |    72 | 3744 |   52 | 0.89 | 1.00 |        59.8 |    59.8 |    59.8 

=== c32 ===
             case |     m |    n |    k | regA | regB | planar GF/s | 1m GF/s | 3m GF/s 
------------------+-------+------+------+------+------+-------------+---------+---------
         ij-ik-kj |   384 |  364 |  384 | 1.00 | 1.00 |        90.0 |    93.4 |    90.9 
       ij-ikl-ljk |    72 |   52 | 3744 | 1.00 | 1.00 |        64.1 |    63.8 |    62.9 
       ij-kil-lkj |    72 |   52 | 5184 | 1.00 | 1.00 |        60.8 |    59.2 |    62.1 
       ijk-ikl-lj |  3744 |   52 |   72 | 1.00 | 1.00 |        67.8 |    70.5 |    67.7 
       ijk-il-jlk |    72 | 3744 |   52 | 1.00 | 0.95 |        64.5 |    70.9 |    63.8 
       ijk-ilk-jl |  3744 |   72 |   52 | 1.00 | 1.00 |        66.7 |    71.7 |    66.9 
       ijk-ilk-lj |  3744 |   52 |   72 | 1.00 | 1.00 |        68.7 |    70.6 |    69.4 
     ijk-ilmk-mjl |   480 |   20 |  480 | 1.00 | 1.00 |        65.6 |    52.8 |    55.7 
   ijkl-imjn-lnkm |   480 |  480 |  400 | 1.00 | 1.00 |        83.1 |    85.9 |    83.6 
   ijkl-imjn-nlmk |   480 |  400 |  480 | 1.00 | 1.00 |        85.2 |    87.6 |    86.0 
   ijkl-imkn-jnlm |   480 |  480 |  400 | 1.00 | 0.83 |        84.0 |    86.7 |    84.6 
   ijkl-imkn-njml |   480 |  400 |  480 | 1.00 | 1.00 |        85.2 |    87.8 |    86.4 
   ijkl-imln-jnkm |   480 |  480 |  400 | 1.00 | 0.83 |        84.2 |    86.9 |    84.7 
   ijkl-imln-njmk |   480 |  400 |  480 | 1.00 | 1.00 |        85.3 |    87.9 |    86.4 
   ijkl-imnj-nlkm |   480 |  400 |  480 | 1.00 | 1.00 |        85.0 |    87.5 |    86.3 
   ijkl-imnk-njml |   480 |  400 |  480 | 1.00 | 1.00 |        85.3 |    87.8 |    86.2 
   ijkl-minj-nlmk |   480 |  400 |  576 | 1.00 | 1.00 |        85.5 |    87.4 |    86.9 
   ijkl-mink-jnlm |   480 |  480 |  480 | 1.00 | 0.83 |        84.9 |    87.7 |    86.3 
   ijkl-minl-njmk |   480 |  400 |  576 | 1.00 | 1.00 |        85.8 |    87.7 |    87.1 
     aqrs-pa-pqrs |    24 | 8000 |   24 | 1.00 | 1.00 |        40.0 |    46.7 |    37.3 
     abrs-qb-aqrs |    20 | 9600 |   24 | 1.00 | 1.00 |        44.7 |    40.9 |    38.9 
     abcs-rc-abrs |    20 | 9600 |   24 | 1.00 | 1.00 |        44.5 |    40.9 |    38.9 
       abj-bka-kj |  5184 |   52 |   72 | 1.00 | 1.00 |        61.6 |    60.9 |    63.8 
       ajb-kba-jk |  3744 |   72 |   72 | 1.00 | 1.00 |        68.6 |    72.0 |    72.4 
     abjc-cbka-kj | 11520 |   20 |   24 | 1.00 | 1.00 |        35.3 |    31.5 |    33.4 
     ajbc-ckba-jk | 11520 |   24 |   20 | 1.00 | 1.00 |        36.5 |    38.2 |    35.2 
     abjc-kbac-jk |  9600 |   24 |   24 | 1.00 | 1.00 |        41.6 |    43.3 |    40.9 
   abjcd-dkbac-jk | 82944 |   24 |   12 | 1.00 | 1.00 |        20.8 |    20.5 |    20.5 
   adbjc-cbdka-kj | 82944 |   12 |   24 | 1.00 | 1.00 |        15.1 |    12.9 |    14.0 
   ajbdc-ckbad-jk | 82944 |   24 |   12 | 1.00 | 1.00 |        20.4 |    21.9 |    20.3 
 abcijk-ijma-mkbc |  4608 |  512 |   24 | 1.00 | 0.94 |        47.8 |    53.4 |    49.0 
 abcijk-ijmb-mkac |  1536 | 1536 |   24 | 1.00 | 0.50 |        43.9 |    48.8 |    45.9 
 abcijk-ijmc-mkab |  1536 | 1536 |   24 | 1.00 | 0.50 |        48.2 |    52.8 |    47.6 
 abcijk-ikma-mjbc |  4608 |  512 |   24 | 1.00 | 0.94 |        47.7 |    53.4 |    48.8 
 abcijk-ikmb-mjac |  1536 | 1536 |   24 | 1.00 | 0.50 |        43.7 |    48.9 |    46.0 
 abcijk-ikmc-mjab |  1536 | 1536 |   24 | 1.00 | 0.50 |        48.4 |    52.3 |    47.5 
 abcijk-jkma-mibc |  4608 |  512 |   24 | 1.00 | 0.94 |        48.8 |    55.5 |    49.8 
 abcijk-jkmb-miac |  1536 | 1536 |   24 | 1.00 | 0.50 |        44.0 |    49.2 |    46.2 
 abcijk-jkmc-miab |  1536 | 1536 |   24 | 1.00 | 0.50 |        47.7 |    52.4 |    46.6 
 abcijk-eiab-jkec |  1536 | 1536 |   24 | 1.00 | 0.50 |        47.5 |    52.1 |    46.5 
 abcijk-eiac-jkeb |  1536 | 1536 |   24 | 1.00 | 0.50 |        44.0 |    49.5 |    46.4 
 abcijk-eibc-jkea |   512 | 4608 |   24 | 1.00 | 0.94 |        48.7 |    55.3 |    49.7 
 abcijk-ejab-ikec |  1536 | 1536 |   24 | 1.00 | 0.50 |        48.3 |    52.3 |    47.3 
 abcijk-ejac-ikeb |  1536 | 1536 |   24 | 1.00 | 0.50 |        43.6 |    48.9 |    45.8 
 abcijk-ejbc-ikea |   512 | 4608 |   24 | 1.00 | 0.94 |        47.6 |    53.6 |    48.9 
 abcijk-ekab-ijec |  1536 | 1536 |   24 | 1.00 | 0.50 |        48.1 |    52.3 |    47.6 
 abcijk-ekac-ijeb |  1536 | 1536 |   24 | 1.00 | 0.50 |        43.7 |    48.9 |    46.0 
 abcijk-ekbc-ijea |   512 | 4608 |   24 | 1.00 | 0.94 |        47.7 |    53.3 |    48.7 
       abc-bk-akc |    72 | 3744 |   52 | 1.00 | 1.00 |        65.5 |    71.0 |    65.7 

=== complex efficiency ratio (c32 GF/s over f32 GF/s; 1.0 = no penalty) ===
             case | planar c32/f32 | 1m c32/f32 | 3m c32/f32 
------------------+----------------+------------+------------
         ij-ik-kj |          1.092 |      1.133 |      1.103 
       ij-ikl-ljk |          1.567 |      1.562 |      1.539 
       ij-kil-lkj |          1.604 |      1.564 |      1.638 
       ijk-ikl-lj |          1.146 |      1.190 |      1.144 
       ijk-il-jlk |          1.384 |      1.520 |      1.368 
       ijk-ilk-jl |          1.108 |      1.192 |      1.112 
       ijk-ilk-lj |          1.157 |      1.188 |      1.168 
     ijk-ilmk-mjl |          1.617 |      1.300 |      1.372 
   ijkl-imjn-lnkm |          1.105 |      1.143 |      1.113 
   ijkl-imjn-nlmk |          1.094 |      1.125 |      1.104 
   ijkl-imkn-jnlm |          1.103 |      1.139 |      1.111 
   ijkl-imkn-njml |          1.112 |      1.145 |      1.127 
   ijkl-imln-jnkm |          1.104 |      1.140 |      1.111 
   ijkl-imln-njmk |          1.112 |      1.146 |      1.126 
   ijkl-imnj-nlkm |          1.091 |      1.124 |      1.107 
   ijkl-imnk-njml |          1.109 |      1.142 |      1.121 
   ijkl-minj-nlmk |          1.093 |      1.116 |      1.110 
   ijkl-mink-jnlm |          1.099 |      1.135 |      1.116 
   ijkl-minl-njmk |          1.112 |      1.137 |      1.128 
     aqrs-pa-pqrs |          1.886 |      2.201 |      1.760 
     abrs-qb-aqrs |          1.761 |      1.611 |      1.531 
     abcs-rc-abrs |          1.385 |      1.273 |      1.211 
       abj-bka-kj |          1.286 |      1.271 |      1.333 
       ajb-kba-jk |          1.143 |      1.200 |      1.208 
     abjc-cbka-kj |          1.680 |      1.499 |      1.590 
     ajbc-ckba-jk |          2.046 |      2.140 |      1.975 
     abjc-kbac-jk |          1.342 |      1.399 |      1.318 
   abjcd-dkbac-jk |          1.162 |      1.147 |      1.147 
   adbjc-cbdka-kj |          1.706 |      1.455 |      1.579 
   ajbdc-ckbad-jk |          1.407 |      1.505 |      1.400 
 abcijk-ijma-mkbc |          1.544 |      1.725 |      1.582 
 abcijk-ijmb-mkac |          1.391 |      1.549 |      1.455 
 abcijk-ijmc-mkab |          0.912 |      0.998 |      0.901 
 abcijk-ikma-mjbc |          1.539 |      1.725 |      1.576 
 abcijk-ikmb-mjac |          1.384 |      1.548 |      1.459 
 abcijk-ikmc-mjab |          0.919 |      0.994 |      0.904 
 abcijk-jkma-mibc |          1.577 |      1.792 |      1.609 
 abcijk-jkmb-miac |          1.398 |      1.563 |      1.470 
 abcijk-jkmc-miab |          0.909 |      0.998 |      0.887 
 abcijk-eiab-jkec |          0.906 |      0.994 |      0.887 
 abcijk-eiac-jkeb |          1.401 |      1.575 |      1.478 
 abcijk-eibc-jkea |          1.572 |      1.784 |      1.606 
 abcijk-ejab-ikec |          0.915 |      0.992 |      0.897 
 abcijk-ejac-ikeb |          1.381 |      1.550 |      1.453 
 abcijk-ejbc-ikea |          1.540 |      1.732 |      1.579 
 abcijk-ekab-ijec |          0.913 |      0.993 |      0.904 
 abcijk-ekac-ijeb |          1.387 |      1.552 |      1.458 
 abcijk-ekbc-ijea |          1.539 |      1.721 |      1.571 
       abc-bk-akc |          1.094 |      1.187 |      1.098 
             MEAN |          1.303 |      1.363 |      1.297 

wrote bench-results/worker5086-zen2/phase4g/sm-both-s1-t1-f32c32.csv
