host        : worker5086
target      : x86_64 / linux
cpu features: avx2 fma 
caches      : L1=32KiB/8-way/1sh L2=512KiB/8-way/1sh L3=16384KiB/16-way/4sh (via sysfs), blocking=legacy
l3 domains  : t1=1 t4=1 t8=2
baselines   : tblis=false blas=false

sweeping 49 cases at 16 MiB nominal tensor size, 3 reps, stress=none


=== f32 ===
             case |      m |     n |     k | regA | regB | planar GF/s | 1m GF/s | 3m GF/s 
------------------+--------+-------+-------+------+------+-------------+---------+---------
         ij-ik-kj |   1464 |  1448 |  1464 | 1.00 | 1.00 |       303.1 |   303.1 |   303.1 
       ij-ikl-ljk |    144 |   128 | 18432 | 1.00 | 1.00 |       115.2 |   115.2 |   115.2 
       ij-kil-lkj |    144 |   128 | 20736 | 1.00 | 1.00 |       116.8 |   116.8 |   116.8 
       ijk-ikl-lj |  18432 |   128 |   144 | 1.00 | 1.00 |       155.9 |   155.9 |   155.9 
       ijk-il-jlk |    144 | 18432 |   128 | 1.00 | 1.00 |       153.1 |   153.1 |   153.1 
       ijk-ilk-jl |  18432 |   144 |   128 | 1.00 | 1.00 |       223.2 |   223.2 |   223.2 
       ijk-ilk-lj |  18432 |   128 |   144 | 1.00 | 1.00 |       211.0 |   211.0 |   211.0 
     ijk-ilmk-mjl |   1920 |    40 |  1920 | 1.00 | 1.00 |       176.0 |   176.0 |   176.0 
   ijkl-imjn-lnkm |   1920 |  1920 |  1600 | 1.00 | 0.90 |       289.7 |   289.7 |   289.7 
   ijkl-imjn-nlmk |   1920 |  1600 |  1920 | 1.00 | 0.90 |       301.7 |   301.7 |   301.7 
   ijkl-imkn-jnlm |   1920 |  1920 |  1600 | 1.00 | 1.00 |       292.7 |   292.7 |   292.7 
   ijkl-imkn-njml |   1920 |  1600 |  1920 | 1.00 | 0.90 |       303.4 |   303.4 |   303.4 
   ijkl-imln-jnkm |   1920 |  1920 |  1600 | 1.00 | 1.00 |       293.2 |   293.2 |   293.2 
   ijkl-imln-njmk |   1920 |  1600 |  1920 | 1.00 | 0.90 |       301.2 |   301.2 |   301.2 
   ijkl-imnj-nlkm |   1920 |  1600 |  1920 | 1.00 | 0.90 |       303.1 |   303.1 |   303.1 
   ijkl-imnk-njml |   1920 |  1600 |  1920 | 1.00 | 0.90 |       304.3 |   304.3 |   304.3 
   ijkl-minj-nlmk |   1920 |  1600 |  2304 | 1.00 | 0.90 |       303.9 |   303.9 |   303.9 
   ijkl-mink-jnlm |   1920 |  1920 |  1920 | 1.00 | 1.00 |       299.2 |   299.2 |   299.2 
   ijkl-minl-njmk |   1920 |  1600 |  2304 | 1.00 | 0.90 |       307.7 |   307.7 |   307.7 
     aqrs-pa-pqrs |     48 | 64000 |    48 | 1.00 | 1.00 |       133.1 |   133.1 |   133.1 
     abrs-qb-aqrs |     40 | 76800 |    48 | 1.00 | 1.00 |       115.1 |   115.1 |   115.1 
     abcs-rc-abrs |     40 | 76800 |    48 | 1.00 | 1.00 |       107.6 |   107.6 |   107.6 
       abj-bka-kj |  20736 |   128 |   144 | 1.00 | 1.00 |       212.0 |   212.0 |   212.0 
       ajb-kba-jk |  18432 |   144 |   144 | 1.00 | 1.00 |       213.3 |   213.3 |   213.3 
     abjc-cbka-kj |  92160 |    40 |    48 | 1.00 | 1.00 |        32.9 |    32.9 |    32.9 
     ajbc-ckba-jk |  92160 |    48 |    40 | 1.00 | 1.00 |        58.1 |    58.1 |    58.1 
     abjc-kbac-jk |  76800 |    48 |    48 | 1.00 | 1.00 |       127.4 |   127.4 |   127.4 
   abjcd-dkbac-jk | 230400 |    24 |    20 | 0.67 | 1.00 |        23.2 |    23.2 |    23.2 
   adbjc-cbdka-kj | 230400 |    20 |    24 | 0.67 | 1.00 |        18.1 |    18.1 |    18.1 
   ajbdc-ckbad-jk | 230400 |    24 |    20 | 1.00 | 1.00 |        18.9 |    18.9 |    18.9 
 abcijk-ijma-mkbc |   6912 |  1728 |    24 | 1.00 | 1.00 |       117.0 |   117.0 |   117.0 
 abcijk-ijmb-mkac |   3456 |  3456 |    24 | 1.00 | 1.00 |        95.4 |    95.4 |    95.4 
 abcijk-ijmc-mkab |   3456 |  3456 |    24 | 1.00 | 1.00 |       117.3 |   117.3 |   117.3 
 abcijk-ikma-mjbc |   6912 |  1728 |    24 | 1.00 | 1.00 |       117.8 |   117.8 |   117.8 
 abcijk-ikmb-mjac |   3456 |  3456 |    24 | 1.00 | 1.00 |        94.6 |    94.6 |    94.6 
 abcijk-ikmc-mjab |   3456 |  3456 |    24 | 1.00 | 1.00 |       125.9 |   125.9 |   125.9 
 abcijk-jkma-mibc |   6912 |  1728 |    24 | 1.00 | 1.00 |       120.3 |   120.3 |   120.3 
 abcijk-jkmb-miac |   3456 |  3456 |    24 | 1.00 | 1.00 |        94.9 |    94.9 |    94.9 
 abcijk-jkmc-miab |   3456 |  3456 |    24 | 1.00 | 1.00 |       126.3 |   126.3 |   126.3 
 abcijk-eiab-jkec |   3456 |  3456 |    24 | 1.00 | 1.00 |       123.3 |   123.3 |   123.3 
 abcijk-eiac-jkeb |   3456 |  3456 |    24 | 1.00 | 1.00 |        96.2 |    96.2 |    96.2 
 abcijk-eibc-jkea |   1728 |  6912 |    24 | 1.00 | 1.00 |       119.9 |   119.9 |   119.9 
 abcijk-ejab-ikec |   3456 |  3456 |    24 | 1.00 | 1.00 |       128.5 |   128.5 |   128.5 
 abcijk-ejac-ikeb |   3456 |  3456 |    24 | 1.00 | 1.00 |        94.0 |    94.0 |    94.0 
 abcijk-ejbc-ikea |   1728 |  6912 |    24 | 1.00 | 1.00 |       117.8 |   117.8 |   117.8 
 abcijk-ekab-ijec |   3456 |  3456 |    24 | 1.00 | 1.00 |       125.6 |   125.6 |   125.6 
 abcijk-ekac-ijeb |   3456 |  3456 |    24 | 1.00 | 1.00 |        94.9 |    94.9 |    94.9 
 abcijk-ekbc-ijea |   1728 |  6912 |    24 | 1.00 | 1.00 |       118.2 |   118.2 |   118.2 
       abc-bk-akc |    144 | 18432 |   128 | 1.00 | 1.00 |       229.9 |   229.9 |   229.9 

=== c32 ===
             case |      m |     n |     k | regA | regB | planar GF/s | 1m GF/s | 3m GF/s 
------------------+--------+-------+-------+------+------+-------------+---------+---------
         ij-ik-kj |   1464 |  1448 |  1464 | 1.00 | 1.00 |       325.7 |   328.0 |   315.0 
       ij-ikl-ljk |    144 |   128 | 18432 | 1.00 | 1.00 |       194.8 |   169.3 |   171.0 
       ij-kil-lkj |    144 |   128 | 20736 | 1.00 | 1.00 |       201.5 |   201.8 |   208.9 
       ijk-ikl-lj |  18432 |   128 |   144 | 1.00 | 1.00 |       212.9 |   200.6 |   199.8 
       ijk-il-jlk |    144 | 18432 |   128 | 1.00 | 0.97 |       236.0 |   236.0 |   248.1 
       ijk-ilk-jl |  18432 |   144 |   128 | 1.00 | 1.00 |       255.6 |   227.1 |   279.5 
       ijk-ilk-lj |  18432 |   128 |   144 | 1.00 | 1.00 |       231.0 |   213.9 |   227.9 
     ijk-ilmk-mjl |   1920 |    40 |  1920 | 1.00 | 1.00 |       192.8 |   177.9 |   153.9 
   ijkl-imjn-lnkm |   1920 |  1920 |  1600 | 1.00 | 1.00 |       321.3 |   321.5 |   321.6 
   ijkl-imjn-nlmk |   1920 |  1600 |  1920 | 1.00 | 1.00 |       328.4 |   321.2 |   327.8 
   ijkl-imkn-jnlm |   1920 |  1920 |  1600 | 1.00 | 0.92 |       313.7 |   308.0 |   312.1 
   ijkl-imkn-njml |   1920 |  1600 |  1920 | 1.00 | 1.00 |       319.1 |   314.0 |   319.3 
   ijkl-imln-jnkm |   1920 |  1920 |  1600 | 1.00 | 0.92 |       309.4 |   308.9 |   308.4 
   ijkl-imln-njmk |   1920 |  1600 |  1920 | 1.00 | 1.00 |       320.6 |   320.8 |   323.1 
   ijkl-imnj-nlkm |   1920 |  1600 |  1920 | 1.00 | 1.00 |       331.4 |   323.9 |   325.4 
   ijkl-imnk-njml |   1920 |  1600 |  1920 | 1.00 | 1.00 |       321.7 |   316.3 |   318.1 
   ijkl-minj-nlmk |   1920 |  1600 |  2304 | 1.00 | 1.00 |       326.3 |   319.4 |   328.4 
   ijkl-mink-jnlm |   1920 |  1920 |  1920 | 1.00 | 0.92 |       318.6 |   312.9 |   322.4 
   ijkl-minl-njmk |   1920 |  1600 |  2304 | 1.00 | 1.00 |       306.8 |   316.1 |   316.6 
     aqrs-pa-pqrs |     48 | 64000 |    48 | 1.00 | 1.00 |       120.0 |   127.5 |   106.0 
     abrs-qb-aqrs |     40 | 76800 |    48 | 1.00 | 1.00 |       173.6 |   178.8 |   178.1 
     abcs-rc-abrs |     40 | 76800 |    48 | 1.00 | 1.00 |       137.4 |   147.2 |   167.9 
       abj-bka-kj |  20736 |   128 |   144 | 1.00 | 1.00 |       262.8 |   253.8 |   267.4 
       ajb-kba-jk |  18432 |   144 |   144 | 1.00 | 1.00 |       304.7 |   315.6 |   312.5 
     abjc-cbka-kj |  92160 |    40 |    48 | 1.00 | 1.00 |        76.4 |    61.1 |    67.5 
     ajbc-ckba-jk |  92160 |    48 |    40 | 1.00 | 1.00 |        92.1 |    76.0 |    77.8 
     abjc-kbac-jk |  76800 |    48 |    48 | 1.00 | 1.00 |       217.4 |   212.2 |   198.1 
   abjcd-dkbac-jk | 230400 |    24 |    20 | 1.00 | 1.00 |        51.9 |    44.1 |    47.5 
   adbjc-cbdka-kj | 230400 |    20 |    24 | 1.00 | 1.00 |        33.2 |    29.2 |    31.0 
   ajbdc-ckbad-jk | 230400 |    24 |    20 | 1.00 | 1.00 |        50.6 |    43.4 |    46.6 
 abcijk-ijma-mkbc |   6912 |  1728 |    24 | 1.00 | 0.97 |       196.9 |   222.0 |   197.4 
 abcijk-ijmb-mkac |   3456 |  3456 |    24 | 1.00 | 0.67 |       170.3 |   197.1 |   174.6 
 abcijk-ijmc-mkab |   3456 |  3456 |    24 | 1.00 | 0.67 |       199.5 |   224.2 |   195.5 
 abcijk-ikma-mjbc |   6912 |  1728 |    24 | 1.00 | 0.97 |       196.1 |   221.4 |   196.4 
 abcijk-ikmb-mjac |   3456 |  3456 |    24 | 1.00 | 0.67 |       174.3 |   201.2 |   177.4 
 abcijk-ikmc-mjab |   3456 |  3456 |    24 | 1.00 | 0.67 |       199.8 |   223.9 |   195.1 
 abcijk-jkma-mibc |   6912 |  1728 |    24 | 1.00 | 0.97 |       200.6 |   227.0 |   200.8 
 abcijk-jkmb-miac |   3456 |  3456 |    24 | 1.00 | 0.67 |       174.5 |   200.8 |   177.6 
 abcijk-jkmc-miab |   3456 |  3456 |    24 | 1.00 | 0.67 |       199.5 |   220.2 |   196.8 
 abcijk-eiab-jkec |   3456 |  3456 |    24 | 1.00 | 0.67 |       198.5 |   219.9 |   195.1 
 abcijk-eiac-jkeb |   3456 |  3456 |    24 | 1.00 | 0.67 |       173.8 |   199.4 |   175.5 
 abcijk-eibc-jkea |   1728 |  6912 |    24 | 1.00 | 0.97 |       200.5 |   228.0 |   202.0 
 abcijk-ejab-ikec |   3456 |  3456 |    24 | 1.00 | 0.67 |       199.5 |   223.8 |   193.8 
 abcijk-ejac-ikeb |   3456 |  3456 |    24 | 1.00 | 0.67 |       171.5 |   198.6 |   175.5 
 abcijk-ejbc-ikea |   1728 |  6912 |    24 | 1.00 | 0.97 |       196.9 |   221.9 |   196.9 
 abcijk-ekab-ijec |   3456 |  3456 |    24 | 1.00 | 0.67 |       199.2 |   223.6 |   194.3 
 abcijk-ekac-ijeb |   3456 |  3456 |    24 | 1.00 | 0.67 |       173.4 |   199.9 |   174.4 
 abcijk-ekbc-ijea |   1728 |  6912 |    24 | 1.00 | 0.97 |       196.9 |   222.4 |   197.4 
       abc-bk-akc |    144 | 18432 |   128 | 1.00 | 1.00 |       254.3 |   236.5 |   276.3 

=== complex efficiency ratio (c32 GF/s over f32 GF/s; 1.0 = no penalty) ===
             case | planar c32/f32 | 1m c32/f32 | 3m c32/f32 
------------------+----------------+------------+------------
         ij-ik-kj |          1.075 |      1.082 |      1.039 
       ij-ikl-ljk |          1.691 |      1.470 |      1.485 
       ij-kil-lkj |          1.725 |      1.727 |      1.788 
       ijk-ikl-lj |          1.365 |      1.287 |      1.281 
       ijk-il-jlk |          1.541 |      1.542 |      1.620 
       ijk-ilk-jl |          1.145 |      1.018 |      1.252 
       ijk-ilk-lj |          1.094 |      1.013 |      1.080 
     ijk-ilmk-mjl |          1.095 |      1.011 |      0.875 
   ijkl-imjn-lnkm |          1.109 |      1.110 |      1.110 
   ijkl-imjn-nlmk |          1.088 |      1.065 |      1.086 
   ijkl-imkn-jnlm |          1.072 |      1.052 |      1.067 
   ijkl-imkn-njml |          1.052 |      1.035 |      1.052 
   ijkl-imln-jnkm |          1.055 |      1.053 |      1.052 
   ijkl-imln-njmk |          1.064 |      1.065 |      1.073 
   ijkl-imnj-nlkm |          1.093 |      1.069 |      1.074 
   ijkl-imnk-njml |          1.057 |      1.040 |      1.045 
   ijkl-minj-nlmk |          1.074 |      1.051 |      1.080 
   ijkl-mink-jnlm |          1.065 |      1.046 |      1.078 
   ijkl-minl-njmk |          0.997 |      1.027 |      1.029 
     aqrs-pa-pqrs |          0.902 |      0.958 |      0.796 
     abrs-qb-aqrs |          1.508 |      1.553 |      1.547 
     abcs-rc-abrs |          1.277 |      1.368 |      1.561 
       abj-bka-kj |          1.239 |      1.197 |      1.261 
       ajb-kba-jk |          1.428 |      1.479 |      1.465 
     abjc-cbka-kj |          2.324 |      1.859 |      2.054 
     ajbc-ckba-jk |          1.584 |      1.309 |      1.339 
     abjc-kbac-jk |          1.707 |      1.667 |      1.556 
   abjcd-dkbac-jk |          2.233 |      1.900 |      2.044 
   adbjc-cbdka-kj |          1.834 |      1.615 |      1.710 
   ajbdc-ckbad-jk |          2.674 |      2.294 |      2.463 
 abcijk-ijma-mkbc |          1.684 |      1.898 |      1.688 
 abcijk-ijmb-mkac |          1.786 |      2.067 |      1.832 
 abcijk-ijmc-mkab |          1.701 |      1.912 |      1.667 
 abcijk-ikma-mjbc |          1.665 |      1.880 |      1.668 
 abcijk-ikmb-mjac |          1.842 |      2.127 |      1.875 
 abcijk-ikmc-mjab |          1.587 |      1.779 |      1.550 
 abcijk-jkma-mibc |          1.668 |      1.887 |      1.669 
 abcijk-jkmb-miac |          1.839 |      2.116 |      1.872 
 abcijk-jkmc-miab |          1.579 |      1.743 |      1.558 
 abcijk-eiab-jkec |          1.609 |      1.784 |      1.582 
 abcijk-eiac-jkeb |          1.807 |      2.074 |      1.825 
 abcijk-eibc-jkea |          1.672 |      1.901 |      1.684 
 abcijk-ejab-ikec |          1.553 |      1.742 |      1.508 
 abcijk-ejac-ikeb |          1.824 |      2.113 |      1.867 
 abcijk-ejbc-ikea |          1.671 |      1.884 |      1.672 
 abcijk-ekab-ijec |          1.587 |      1.781 |      1.547 
 abcijk-ekac-ijeb |          1.828 |      2.107 |      1.838 
 abcijk-ekbc-ijea |          1.666 |      1.882 |      1.671 
       abc-bk-akc |          1.106 |      1.029 |      1.202 
             MEAN |          1.487 |      1.524 |      1.464 

wrote bench-results/worker5086-zen2/phase4g/sm-both-s16-t4-f32c32.csv
