host        : worker5086
target      : x86_64 / linux
cpu features: avx2 fma 
caches      : L1=32KiB/8-way/1sh L2=512KiB/8-way/1sh L3=16384KiB/16-way/4sh (via sysfs), blocking=legacy
l3 domains  : t1=1 t4=1 t8=2 t16=4 t32=8 t64=16 t128=32
baselines   : tblis=false blas=false

sweeping 49 cases at 1 MiB nominal tensor size, 24 reps, stress=none


=== f64 ===
             case |     m |    n |    k | regA | regB | planar GF/s | 1m GF/s | 3m GF/s 
------------------+-------+------+------+------+------+-------------+---------+---------
         ij-ik-kj |   384 |  364 |  384 | 1.00 | 1.00 |        87.6 |    87.6 |    87.6 
       ij-ikl-ljk |    72 |   52 | 3744 | 1.00 | 1.00 |        27.4 |    27.4 |    27.4 
       ij-kil-lkj |    72 |   52 | 5184 | 1.00 | 1.00 |        35.8 |    35.8 |    35.8 
       ijk-ikl-lj |  3744 |   52 |   72 | 1.00 | 1.00 |        58.3 |    58.3 |    58.3 
       ijk-il-jlk |    72 | 3744 |   52 | 1.00 | 1.00 |        36.8 |    36.8 |    36.8 
       ijk-ilk-jl |  3744 |   72 |   52 | 1.00 | 1.00 |        60.7 |    60.7 |    60.7 
       ijk-ilk-lj |  3744 |   52 |   72 | 1.00 | 1.00 |        62.4 |    62.4 |    62.4 
     ijk-ilmk-mjl |   480 |   20 |  480 | 1.00 | 1.00 |        23.0 |    23.0 |    23.0 
   ijkl-imjn-lnkm |   480 |  480 |  400 | 1.00 | 0.80 |        88.2 |    88.2 |    88.2 
   ijkl-imjn-nlmk |   480 |  400 |  480 | 1.00 | 0.81 |        81.5 |    81.5 |    81.5 
   ijkl-imkn-jnlm |   480 |  480 |  400 | 1.00 | 1.00 |        89.9 |    89.9 |    89.9 
   ijkl-imkn-njml |   480 |  400 |  480 | 1.00 | 0.81 |        84.3 |    84.3 |    84.3 
   ijkl-imln-jnkm |   480 |  480 |  400 | 1.00 | 1.00 |        86.6 |    86.6 |    86.6 
   ijkl-imln-njmk |   480 |  400 |  480 | 1.00 | 0.81 |        83.9 |    83.9 |    83.9 
   ijkl-imnj-nlkm |   480 |  400 |  480 | 1.00 | 0.81 |        78.5 |    78.5 |    78.5 
   ijkl-imnk-njml |   480 |  400 |  480 | 1.00 | 0.81 |        87.8 |    87.8 |    87.8 
   ijkl-minj-nlmk |   480 |  400 |  576 | 1.00 | 0.81 |        76.2 |    76.2 |    76.2 
   ijkl-mink-jnlm |   480 |  480 |  480 | 1.00 | 1.00 |        90.7 |    90.7 |    90.7 
   ijkl-minl-njmk |   480 |  400 |  576 | 1.00 | 0.81 |        73.5 |    73.5 |    73.5 
     aqrs-pa-pqrs |    24 | 8000 |   24 | 1.00 | 1.00 |        16.3 |    16.3 |    16.3 
     abrs-qb-aqrs |    20 | 9600 |   24 | 1.00 | 1.00 |        15.9 |    15.9 |    15.9 
     abcs-rc-abrs |    20 | 9600 |   24 | 1.00 | 1.00 |        15.9 |    15.9 |    15.9 
       abj-bka-kj |  5184 |   52 |   72 | 1.00 | 1.00 |        75.4 |    75.4 |    75.4 
       ajb-kba-jk |  3744 |   72 |   72 | 1.00 | 1.00 |        87.9 |    87.9 |    87.9 
     abjc-cbka-kj | 11520 |   20 |   24 | 1.00 | 1.00 |        12.7 |    12.7 |    12.7 
     ajbc-ckba-jk | 11520 |   24 |   20 | 1.00 | 1.00 |        15.1 |    15.1 |    15.1 
     abjc-kbac-jk |  9600 |   24 |   24 | 1.00 | 1.00 |        17.5 |    17.5 |    17.5 
   abjcd-dkbac-jk | 82944 |   24 |   12 | 1.00 | 1.00 |        40.3 |    40.3 |    40.3 
   adbjc-cbdka-kj | 82944 |   12 |   24 | 1.00 | 1.00 |        23.1 |    23.1 |    23.1 
   ajbdc-ckbad-jk | 82944 |   24 |   12 | 1.00 | 1.00 |        37.1 |    37.1 |    37.1 
 abcijk-ijma-mkbc |  4608 |  512 |   24 | 1.00 | 0.94 |       111.0 |   111.0 |   111.0 
 abcijk-ijmb-mkac |  1536 | 1536 |   24 | 1.00 | 0.50 |       116.4 |   116.4 |   116.4 
 abcijk-ijmc-mkab |  1536 | 1536 |   24 | 1.00 | 0.50 |       129.5 |   129.5 |   129.5 
 abcijk-ikma-mjbc |  4608 |  512 |   24 | 1.00 | 0.94 |        93.1 |    93.1 |    93.1 
 abcijk-ikmb-mjac |  1536 | 1536 |   24 | 1.00 | 0.50 |       126.5 |   126.5 |   126.5 
 abcijk-ikmc-mjab |  1536 | 1536 |   24 | 1.00 | 0.50 |       130.6 |   130.6 |   130.6 
 abcijk-jkma-mibc |  4608 |  512 |   24 | 1.00 | 0.94 |        95.0 |    95.0 |    95.0 
 abcijk-jkmb-miac |  1536 | 1536 |   24 | 1.00 | 0.50 |       139.9 |   139.9 |   139.9 
 abcijk-jkmc-miab |  1536 | 1536 |   24 | 1.00 | 0.50 |       140.1 |   140.1 |   140.1 
 abcijk-eiab-jkec |  1536 | 1536 |   24 | 1.00 | 0.50 |       144.5 |   144.5 |   144.5 
 abcijk-eiac-jkeb |  1536 | 1536 |   24 | 1.00 | 0.50 |       143.3 |   143.3 |   143.3 
 abcijk-eibc-jkea |   512 | 4608 |   24 | 1.00 | 0.94 |       106.6 |   106.6 |   106.6 
 abcijk-ejab-ikec |  1536 | 1536 |   24 | 1.00 | 0.50 |       143.2 |   143.2 |   143.2 
 abcijk-ejac-ikeb |  1536 | 1536 |   24 | 1.00 | 0.50 |       139.1 |   139.1 |   139.1 
 abcijk-ejbc-ikea |   512 | 4608 |   24 | 1.00 | 0.94 |       106.0 |   106.0 |   106.0 
 abcijk-ekab-ijec |  1536 | 1536 |   24 | 1.00 | 0.50 |       139.8 |   139.8 |   139.8 
 abcijk-ekac-ijeb |  1536 | 1536 |   24 | 1.00 | 0.50 |       132.9 |   132.9 |   132.9 
 abcijk-ekbc-ijea |   512 | 4608 |   24 | 1.00 | 0.94 |       110.0 |   110.0 |   110.0 
       abc-bk-akc |    72 | 3744 |   52 | 1.00 | 1.00 |        53.4 |    53.4 |    53.4 

=== c64 ===
             case |     m |    n |    k | regA | regB | planar GF/s | 1m GF/s | 3m GF/s 
------------------+-------+------+------+------+------+-------------+---------+---------
         ij-ik-kj |   384 |  364 |  384 | 1.00 | 1.00 |        94.9 |    83.6 |    79.4 
       ij-ikl-ljk |    72 |   52 | 3744 | 1.00 | 1.00 |        51.2 |    50.3 |    63.6 
       ij-kil-lkj |    72 |   52 | 5184 | 1.00 | 1.00 |        59.8 |    55.6 |    53.7 
       ijk-ikl-lj |  3744 |   52 |   72 | 1.00 | 1.00 |       105.2 |   107.5 |   105.8 
       ijk-il-jlk |    72 | 3744 |   52 | 1.00 | 0.95 |       160.8 |   153.9 |   156.0 
       ijk-ilk-jl |  3744 |   72 |   52 | 1.00 | 1.00 |       100.9 |   107.9 |   101.6 
       ijk-ilk-lj |  3744 |   52 |   72 | 1.00 | 1.00 |       101.2 |   105.9 |   107.2 
     ijk-ilmk-mjl |   480 |   20 |  480 | 1.00 | 1.00 |        73.0 |    60.2 |    56.5 
   ijkl-imjn-lnkm |   480 |  480 |  400 | 1.00 | 1.00 |       103.9 |   101.1 |   109.6 
   ijkl-imjn-nlmk |   480 |  400 |  480 | 1.00 | 1.00 |       110.0 |   118.2 |   103.5 
   ijkl-imkn-jnlm |   480 |  480 |  400 | 1.00 | 0.83 |       112.3 |   122.8 |   106.8 
   ijkl-imkn-njml |   480 |  400 |  480 | 1.00 | 1.00 |       113.3 |   116.6 |   110.4 
   ijkl-imln-jnkm |   480 |  480 |  400 | 1.00 | 0.83 |       108.7 |   127.0 |   106.6 
   ijkl-imln-njmk |   480 |  400 |  480 | 1.00 | 1.00 |       107.4 |   113.5 |   118.2 
   ijkl-imnj-nlkm |   480 |  400 |  480 | 1.00 | 1.00 |       120.3 |   115.1 |   113.0 
   ijkl-imnk-njml |   480 |  400 |  480 | 1.00 | 1.00 |       132.3 |   107.1 |   111.9 
   ijkl-minj-nlmk |   480 |  400 |  576 | 1.00 | 1.00 |       141.6 |   135.4 |   103.4 
   ijkl-mink-jnlm |   480 |  480 |  480 | 1.00 | 0.83 |       121.1 |   129.5 |   119.1 
   ijkl-minl-njmk |   480 |  400 |  576 | 1.00 | 1.00 |       141.7 |   125.5 |   110.0 
     aqrs-pa-pqrs |    24 | 8000 |   24 | 1.00 | 1.00 |        85.9 |    87.2 |    25.0 
     abrs-qb-aqrs |    20 | 9600 |   24 | 1.00 | 1.00 |        76.0 |    69.6 |    54.1 
     abcs-rc-abrs |    20 | 9600 |   24 | 1.00 | 1.00 |        72.6 |    66.9 |    54.5 
       abj-bka-kj |  5184 |   52 |   72 | 1.00 | 1.00 |       106.3 |    91.8 |   120.1 
       ajb-kba-jk |  3744 |   72 |   72 | 1.00 | 1.00 |       115.1 |   102.6 |   123.4 
     abjc-cbka-kj | 11520 |   20 |   24 | 1.00 | 1.00 |        74.8 |    67.5 |    34.4 
     ajbc-ckba-jk | 11520 |   24 |   20 | 1.00 | 1.00 |        72.4 |    72.4 |    26.7 
     abjc-kbac-jk |  9600 |   24 |   24 | 1.00 | 1.00 |        82.3 |    79.4 |    35.6 
   abjcd-dkbac-jk | 82944 |   24 |   12 | 1.00 | 1.00 |        52.1 |    54.0 |    53.5 
   adbjc-cbdka-kj | 82944 |   12 |   24 | 1.00 | 1.00 |        40.8 |    37.7 |    44.6 
   ajbdc-ckbad-jk | 82944 |   24 |   12 | 1.00 | 1.00 |        52.1 |    51.0 |    49.0 
 abcijk-ijma-mkbc |  4608 |  512 |   24 | 1.00 | 0.94 |       161.4 |   140.0 |   153.2 
 abcijk-ijmb-mkac |  1536 | 1536 |   24 | 1.00 | 0.50 |       168.0 |   176.7 |   151.4 
 abcijk-ijmc-mkab |  1536 | 1536 |   24 | 1.00 | 0.50 |       181.3 |   173.4 |   173.2 
 abcijk-ikma-mjbc |  4608 |  512 |   24 | 1.00 | 0.94 |       147.2 |   133.8 |   149.7 
 abcijk-ikmb-mjac |  1536 | 1536 |   24 | 1.00 | 0.50 |       166.5 |   170.7 |   161.3 
 abcijk-ikmc-mjab |  1536 | 1536 |   24 | 1.00 | 0.50 |       184.4 |   170.1 |   172.8 
 abcijk-jkma-mibc |  4608 |  512 |   24 | 1.00 | 0.94 |       148.6 |   128.8 |   150.6 
 abcijk-jkmb-miac |  1536 | 1536 |   24 | 1.00 | 0.50 |       186.1 |   196.6 |   169.7 
 abcijk-jkmc-miab |  1536 | 1536 |   24 | 1.00 | 0.50 |       205.0 |   199.5 |   188.3 
 abcijk-eiab-jkec |  1536 | 1536 |   24 | 1.00 | 0.50 |       204.1 |   207.0 |   193.7 
 abcijk-eiac-jkeb |  1536 | 1536 |   24 | 1.00 | 0.50 |       197.1 |   198.3 |   171.9 
 abcijk-eibc-jkea |   512 | 4608 |   24 | 1.00 | 0.94 |       167.0 |   154.4 |   147.9 
 abcijk-ejab-ikec |  1536 | 1536 |   24 | 1.00 | 0.50 |       209.9 |   201.9 |   191.5 
 abcijk-ejac-ikeb |  1536 | 1536 |   24 | 1.00 | 0.50 |       189.9 |   196.0 |   182.4 
 abcijk-ejbc-ikea |   512 | 4608 |   24 | 1.00 | 0.94 |       155.6 |   153.4 |   161.3 
 abcijk-ekab-ijec |  1536 | 1536 |   24 | 1.00 | 0.50 |       215.5 |   195.0 |   189.2 
 abcijk-ekac-ijeb |  1536 | 1536 |   24 | 1.00 | 0.50 |       190.9 |   193.3 |   173.8 
 abcijk-ekbc-ijea |   512 | 4608 |   24 | 1.00 | 0.94 |       155.2 |   151.2 |   151.9 
       abc-bk-akc |    72 | 3744 |   52 | 1.00 | 1.00 |       108.9 |   113.3 |    99.3 

=== complex efficiency ratio (c64 GF/s over f64 GF/s; 1.0 = no penalty) ===
             case | planar c64/f64 | 1m c64/f64 | 3m c64/f64 
------------------+----------------+------------+------------
         ij-ik-kj |          1.083 |      0.955 |      0.906 
       ij-ikl-ljk |          1.869 |      1.839 |      2.324 
       ij-kil-lkj |          1.669 |      1.552 |      1.498 
       ijk-ikl-lj |          1.805 |      1.844 |      1.816 
       ijk-il-jlk |          4.367 |      4.180 |      4.236 
       ijk-ilk-jl |          1.662 |      1.776 |      1.673 
       ijk-ilk-lj |          1.623 |      1.698 |      1.718 
     ijk-ilmk-mjl |          3.174 |      2.618 |      2.456 
   ijkl-imjn-lnkm |          1.178 |      1.146 |      1.242 
   ijkl-imjn-nlmk |          1.350 |      1.450 |      1.270 
   ijkl-imkn-jnlm |          1.250 |      1.366 |      1.188 
   ijkl-imkn-njml |          1.344 |      1.384 |      1.310 
   ijkl-imln-jnkm |          1.255 |      1.466 |      1.231 
   ijkl-imln-njmk |          1.280 |      1.353 |      1.408 
   ijkl-imnj-nlkm |          1.533 |      1.466 |      1.440 
   ijkl-imnk-njml |          1.506 |      1.219 |      1.274 
   ijkl-minj-nlmk |          1.858 |      1.776 |      1.356 
   ijkl-mink-jnlm |          1.334 |      1.427 |      1.312 
   ijkl-minl-njmk |          1.928 |      1.707 |      1.497 
     aqrs-pa-pqrs |          5.278 |      5.358 |      1.536 
     abrs-qb-aqrs |          4.768 |      4.369 |      3.397 
     abcs-rc-abrs |          4.554 |      4.196 |      3.420 
       abj-bka-kj |          1.410 |      1.218 |      1.592 
       ajb-kba-jk |          1.310 |      1.168 |      1.404 
     abjc-cbka-kj |          5.879 |      5.312 |      2.704 
     ajbc-ckba-jk |          4.780 |      4.785 |      1.762 
     abjc-kbac-jk |          4.703 |      4.537 |      2.034 
   abjcd-dkbac-jk |          1.294 |      1.340 |      1.328 
   adbjc-cbdka-kj |          1.769 |      1.633 |      1.932 
   ajbdc-ckbad-jk |          1.403 |      1.373 |      1.320 
 abcijk-ijma-mkbc |          1.454 |      1.262 |      1.380 
 abcijk-ijmb-mkac |          1.444 |      1.518 |      1.301 
 abcijk-ijmc-mkab |          1.399 |      1.339 |      1.337 
 abcijk-ikma-mjbc |          1.581 |      1.437 |      1.608 
 abcijk-ikmb-mjac |          1.316 |      1.350 |      1.276 
 abcijk-ikmc-mjab |          1.412 |      1.302 |      1.323 
 abcijk-jkma-mibc |          1.565 |      1.356 |      1.586 
 abcijk-jkmb-miac |          1.330 |      1.406 |      1.213 
 abcijk-jkmc-miab |          1.463 |      1.423 |      1.344 
 abcijk-eiab-jkec |          1.413 |      1.433 |      1.341 
 abcijk-eiac-jkeb |          1.375 |      1.384 |      1.200 
 abcijk-eibc-jkea |          1.566 |      1.448 |      1.387 
 abcijk-ejab-ikec |          1.466 |      1.410 |      1.338 
 abcijk-ejac-ikeb |          1.366 |      1.409 |      1.311 
 abcijk-ejbc-ikea |          1.469 |      1.448 |      1.522 
 abcijk-ekab-ijec |          1.541 |      1.395 |      1.353 
 abcijk-ekac-ijeb |          1.437 |      1.455 |      1.307 
 abcijk-ekbc-ijea |          1.411 |      1.375 |      1.381 
       abc-bk-akc |          2.038 |      2.119 |      1.858 
             MEAN |          2.005 |      1.934 |      1.632 

wrote bench-results/worker5086-zen2/phase4g/sm-guard-s1-t64-f64c64.csv
