host        : worker5086
target      : x86_64 / linux
cpu features: avx2 fma 
caches      : L1=32KiB/8-way/1sh L2=512KiB/8-way/1sh L3=16384KiB/16-way/4sh (via sysfs), blocking=legacy
l3 domains  : t1=1
baselines   : tblis=false blas=false

sweeping 49 cases at 4 MiB nominal tensor size, 6 reps, stress=none


=== f64 ===
             case |     m |     n |    k | regA | regB | planar GF/s | 1m GF/s | 3m GF/s 
------------------+-------+-------+------+------+------+-------------+---------+---------
         ij-ik-kj |   744 |   724 |  744 | 1.00 | 1.00 |        41.5 |    41.5 |    41.5 
       ij-ikl-ljk |    96 |    80 | 7680 | 1.00 | 1.00 |        27.7 |    27.7 |    27.7 
       ij-kil-lkj |    96 |    80 | 9216 | 1.00 | 1.00 |        25.6 |    25.6 |    25.6 
       ijk-ikl-lj |  7680 |    80 |   96 | 1.00 | 1.00 |        29.1 |    29.1 |    29.1 
       ijk-il-jlk |    96 |  7680 |   80 | 1.00 | 1.00 |        31.8 |    31.8 |    31.8 
       ijk-ilk-jl |  7680 |    96 |   80 | 1.00 | 1.00 |        36.1 |    36.1 |    36.1 
       ijk-ilk-lj |  7680 |    80 |   96 | 1.00 | 1.00 |        34.3 |    34.3 |    34.3 
     ijk-ilmk-mjl |  1344 |    28 | 1344 | 1.00 | 1.00 |        23.8 |    23.8 |    23.8 
   ijkl-imjn-lnkm |  1344 |  1344 |  784 | 1.00 | 0.86 |        39.1 |    39.1 |    39.1 
   ijkl-imjn-nlmk |  1344 |   784 | 1344 | 1.00 | 0.86 |        38.9 |    38.9 |    38.9 
   ijkl-imkn-jnlm |  1344 |  1344 |  784 | 1.00 | 1.00 |        36.2 |    36.2 |    36.2 
   ijkl-imkn-njml |  1344 |   784 | 1344 | 1.00 | 0.86 |        38.8 |    38.8 |    38.8 
   ijkl-imln-jnkm |  1344 |  1344 |  784 | 1.00 | 1.00 |        36.4 |    36.4 |    36.4 
   ijkl-imln-njmk |  1344 |   784 | 1344 | 1.00 | 0.86 |        39.0 |    39.0 |    39.0 
   ijkl-imnj-nlkm |  1344 |   784 | 1344 | 1.00 | 0.86 |        39.7 |    39.7 |    39.7 
   ijkl-imnk-njml |  1344 |   784 | 1344 | 1.00 | 0.86 |        39.1 |    39.1 |    39.1 
   ijkl-minj-nlmk |  1344 |   784 | 2304 | 1.00 | 0.86 |        38.7 |    38.7 |    38.7 
   ijkl-mink-jnlm |  1344 |  1344 | 1344 | 1.00 | 1.00 |        35.6 |    35.6 |    35.6 
   ijkl-minl-njmk |  1344 |   784 | 2304 | 1.00 | 0.86 |        35.3 |    35.3 |    35.3 
     aqrs-pa-pqrs |    48 | 21952 |   48 | 1.00 | 1.00 |        18.6 |    18.6 |    18.6 
     abrs-qb-aqrs |    28 | 37632 |   48 | 1.00 | 1.00 |        14.4 |    14.4 |    14.4 
     abcs-rc-abrs |    28 | 37632 |   48 | 1.00 | 1.00 |        10.8 |    10.8 |    10.8 
       abj-bka-kj |  9216 |    80 |   96 | 1.00 | 1.00 |        26.5 |    26.5 |    26.5 
       ajb-kba-jk |  7680 |    96 |   96 | 1.00 | 1.00 |        35.5 |    35.5 |    35.5 
     abjc-cbka-kj | 64512 |    28 |   48 | 1.00 | 1.00 |        11.7 |    11.7 |    11.7 
     ajbc-ckba-jk | 64512 |    48 |   28 | 1.00 | 1.00 |        13.5 |    13.5 |    13.5 
     abjc-kbac-jk | 37632 |    48 |   48 | 1.00 | 1.00 |        19.4 |    19.4 |    19.4 
   abjcd-dkbac-jk | 82944 |    24 |   12 | 1.00 | 1.00 |         8.3 |     8.3 |     8.3 
   adbjc-cbdka-kj | 82944 |    12 |   24 | 1.00 | 1.00 |         6.2 |     6.2 |     6.2 
   ajbdc-ckbad-jk | 82944 |    24 |   12 | 1.00 | 1.00 |         6.4 |     6.4 |     6.4 
 abcijk-ijma-mkbc |  4608 |   512 |   24 | 1.00 | 0.94 |        18.2 |    18.2 |    18.2 
 abcijk-ijmb-mkac |  1536 |  1536 |   24 | 1.00 | 0.50 |        17.2 |    17.2 |    17.2 
 abcijk-ijmc-mkab |  1536 |  1536 |   24 | 1.00 | 0.50 |        20.5 |    20.5 |    20.5 
 abcijk-ikma-mjbc |  4608 |   512 |   24 | 1.00 | 0.94 |        18.4 |    18.4 |    18.4 
 abcijk-ikmb-mjac |  1536 |  1536 |   24 | 1.00 | 0.50 |        17.2 |    17.2 |    17.2 
 abcijk-ikmc-mjab |  1536 |  1536 |   24 | 1.00 | 0.50 |        20.0 |    20.0 |    20.0 
 abcijk-jkma-mibc |  4608 |   512 |   24 | 1.00 | 0.94 |        19.0 |    19.0 |    19.0 
 abcijk-jkmb-miac |  1536 |  1536 |   24 | 1.00 | 0.50 |        16.9 |    16.9 |    16.9 
 abcijk-jkmc-miab |  1536 |  1536 |   24 | 1.00 | 0.50 |        20.3 |    20.3 |    20.3 
 abcijk-eiab-jkec |  1536 |  1536 |   24 | 1.00 | 0.50 |        20.5 |    20.5 |    20.5 
 abcijk-eiac-jkeb |  1536 |  1536 |   24 | 1.00 | 0.50 |        16.9 |    16.9 |    16.9 
 abcijk-eibc-jkea |   512 |  4608 |   24 | 1.00 | 0.94 |        19.1 |    19.1 |    19.1 
 abcijk-ejab-ikec |  1536 |  1536 |   24 | 1.00 | 0.50 |        20.2 |    20.2 |    20.2 
 abcijk-ejac-ikeb |  1536 |  1536 |   24 | 1.00 | 0.50 |        17.1 |    17.1 |    17.1 
 abcijk-ejbc-ikea |   512 |  4608 |   24 | 1.00 | 0.94 |        18.2 |    18.2 |    18.2 
 abcijk-ekab-ijec |  1536 |  1536 |   24 | 1.00 | 0.50 |        20.3 |    20.3 |    20.3 
 abcijk-ekac-ijeb |  1536 |  1536 |   24 | 1.00 | 0.50 |        17.0 |    17.0 |    17.0 
 abcijk-ekbc-ijea |   512 |  4608 |   24 | 1.00 | 0.94 |        18.2 |    18.2 |    18.2 
       abc-bk-akc |    96 |  7680 |   80 | 1.00 | 1.00 |        36.4 |    36.4 |    36.4 

=== c64 ===
             case |     m |     n |    k | regA | regB | planar GF/s | 1m GF/s | 3m GF/s 
------------------+-------+-------+------+------+------+-------------+---------+---------
         ij-ik-kj |   744 |   724 |  744 | 1.00 | 1.00 |        42.6 |    43.2 |    40.8 
       ij-ikl-ljk |    96 |    80 | 7680 | 1.00 | 1.00 |        28.0 |    27.0 |    25.3 
       ij-kil-lkj |    96 |    80 | 9216 | 1.00 | 1.00 |        30.4 |    30.1 |    30.2 
       ijk-ikl-lj |  7680 |    80 |   96 | 1.00 | 1.00 |        22.9 |    18.8 |    20.2 
       ijk-il-jlk |    96 |  7680 |   80 | 1.00 | 0.96 |        31.2 |    32.2 |    28.8 
       ijk-ilk-jl |  7680 |    96 |   80 | 1.00 | 1.00 |        31.6 |    33.2 |    29.2 
       ijk-ilk-lj |  7680 |    80 |   96 | 1.00 | 1.00 |        34.2 |    34.0 |    30.6 
     ijk-ilmk-mjl |  1344 |    28 | 1344 | 1.00 | 1.00 |        26.9 |    29.2 |    20.4 
   ijkl-imjn-lnkm |  1344 |  1344 |  784 | 1.00 | 0.86 |        42.4 |    44.2 |    42.0 
   ijkl-imjn-nlmk |  1344 |   784 | 1344 | 1.00 | 0.86 |        41.9 |    43.6 |    42.3 
   ijkl-imkn-jnlm |  1344 |  1344 |  784 | 1.00 | 0.92 |        41.1 |    42.4 |    40.2 
   ijkl-imkn-njml |  1344 |   784 | 1344 | 1.00 | 0.86 |        40.5 |    41.5 |    40.5 
   ijkl-imln-jnkm |  1344 |  1344 |  784 | 1.00 | 0.92 |        40.5 |    41.8 |    39.5 
   ijkl-imln-njmk |  1344 |   784 | 1344 | 1.00 | 0.86 |        40.9 |    42.1 |    40.9 
   ijkl-imnj-nlkm |  1344 |   784 | 1344 | 1.00 | 0.86 |        42.3 |    43.9 |    42.7 
   ijkl-imnk-njml |  1344 |   784 | 1344 | 1.00 | 0.86 |        41.0 |    42.1 |    41.0 
   ijkl-minj-nlmk |  1344 |   784 | 2304 | 1.00 | 0.86 |        42.0 |    43.3 |    43.1 
   ijkl-mink-jnlm |  1344 |  1344 | 1344 | 1.00 | 0.92 |        41.1 |    42.4 |    40.9 
   ijkl-minl-njmk |  1344 |   784 | 2304 | 1.00 | 0.86 |        41.4 |    41.3 |    41.9 
     aqrs-pa-pqrs |    48 | 21952 |   48 | 1.00 | 1.00 |        23.9 |    25.5 |    21.9 
     abrs-qb-aqrs |    28 | 37632 |   48 | 1.00 | 1.00 |        21.0 |    21.2 |    19.3 
     abcs-rc-abrs |    28 | 37632 |   48 | 1.00 | 1.00 |        17.0 |    14.7 |    15.2 
       abj-bka-kj |  9216 |    80 |   96 | 1.00 | 1.00 |        32.4 |    30.8 |    31.0 
       ajb-kba-jk |  7680 |    96 |   96 | 1.00 | 1.00 |        35.4 |    38.9 |    34.6 
     abjc-cbka-kj | 64512 |    28 |   48 | 1.00 | 1.00 |        11.6 |     9.9 |    11.1 
     ajbc-ckba-jk | 64512 |    48 |   28 | 1.00 | 1.00 |        19.3 |    19.8 |    17.7 
     abjc-kbac-jk | 37632 |    48 |   48 | 1.00 | 1.00 |        28.6 |    31.7 |    27.7 
   abjcd-dkbac-jk | 82944 |    24 |   12 | 1.00 | 1.00 |        13.1 |    13.1 |    10.7 
   adbjc-cbdka-kj | 82944 |    12 |   24 | 1.00 | 1.00 |         9.9 |     9.4 |     9.5 
   ajbdc-ckbad-jk | 82944 |    24 |   12 | 1.00 | 1.00 |        12.0 |    12.0 |    10.0 
 abcijk-ijma-mkbc |  4608 |   512 |   24 | 1.00 | 0.94 |        23.4 |    25.7 |    21.1 
 abcijk-ijmb-mkac |  1536 |  1536 |   24 | 1.00 | 0.50 |        21.7 |    23.2 |    18.6 
 abcijk-ijmc-mkab |  1536 |  1536 |   24 | 1.00 | 0.50 |        28.0 |    31.9 |    23.0 
 abcijk-ikma-mjbc |  4608 |   512 |   24 | 1.00 | 0.94 |        23.4 |    25.6 |    21.1 
 abcijk-ikmb-mjac |  1536 |  1536 |   24 | 1.00 | 0.50 |        21.8 |    23.2 |    18.7 
 abcijk-ikmc-mjab |  1536 |  1536 |   24 | 1.00 | 0.50 |        27.9 |    31.9 |    23.1 
 abcijk-jkma-mibc |  4608 |   512 |   24 | 1.00 | 0.94 |        23.7 |    26.1 |    21.5 
 abcijk-jkmb-miac |  1536 |  1536 |   24 | 1.00 | 0.50 |        21.8 |    23.2 |    18.3 
 abcijk-jkmc-miab |  1536 |  1536 |   24 | 1.00 | 0.50 |        27.9 |    31.7 |    23.0 
 abcijk-eiab-jkec |  1536 |  1536 |   24 | 1.00 | 0.50 |        28.0 |    31.7 |    23.0 
 abcijk-eiac-jkeb |  1536 |  1536 |   24 | 1.00 | 0.50 |        21.9 |    23.2 |    18.2 
 abcijk-eibc-jkea |   512 |  4608 |   24 | 1.00 | 0.94 |        23.7 |    26.1 |    21.4 
 abcijk-ejab-ikec |  1536 |  1536 |   24 | 1.00 | 0.50 |        28.0 |    31.9 |    23.1 
 abcijk-ejac-ikeb |  1536 |  1536 |   24 | 1.00 | 0.50 |        21.8 |    23.1 |    18.6 
 abcijk-ejbc-ikea |   512 |  4608 |   24 | 1.00 | 0.94 |        23.7 |    25.5 |    21.1 
 abcijk-ekab-ijec |  1536 |  1536 |   24 | 1.00 | 0.50 |        28.4 |    31.8 |    23.5 
 abcijk-ekac-ijeb |  1536 |  1536 |   24 | 1.00 | 0.50 |        24.7 |    27.2 |    20.4 
 abcijk-ekbc-ijea |   512 |  4608 |   24 | 1.00 | 0.94 |        25.4 |    27.7 |    21.8 
       abc-bk-akc |    96 |  7680 |   80 | 1.00 | 1.00 |        33.9 |    36.3 |    31.6 

=== complex efficiency ratio (c64 GF/s over f64 GF/s; 1.0 = no penalty) ===
             case | planar c64/f64 | 1m c64/f64 | 3m c64/f64 
------------------+----------------+------------+------------
         ij-ik-kj |          1.027 |      1.041 |      0.983 
       ij-ikl-ljk |          1.009 |      0.975 |      0.913 
       ij-kil-lkj |          1.190 |      1.177 |      1.183 
       ijk-ikl-lj |          0.788 |      0.648 |      0.696 
       ijk-il-jlk |          0.982 |      1.011 |      0.905 
       ijk-ilk-jl |          0.876 |      0.920 |      0.808 
       ijk-ilk-lj |          0.997 |      0.989 |      0.892 
     ijk-ilmk-mjl |          1.130 |      1.227 |      0.859 
   ijkl-imjn-lnkm |          1.083 |      1.130 |      1.072 
   ijkl-imjn-nlmk |          1.079 |      1.121 |      1.090 
   ijkl-imkn-jnlm |          1.134 |      1.170 |      1.111 
   ijkl-imkn-njml |          1.046 |      1.069 |      1.044 
   ijkl-imln-jnkm |          1.113 |      1.149 |      1.085 
   ijkl-imln-njmk |          1.049 |      1.078 |      1.047 
   ijkl-imnj-nlkm |          1.063 |      1.104 |      1.075 
   ijkl-imnk-njml |          1.050 |      1.078 |      1.050 
   ijkl-minj-nlmk |          1.086 |      1.119 |      1.113 
   ijkl-mink-jnlm |          1.154 |      1.191 |      1.147 
   ijkl-minl-njmk |          1.172 |      1.171 |      1.188 
     aqrs-pa-pqrs |          1.284 |      1.369 |      1.179 
     abrs-qb-aqrs |          1.458 |      1.473 |      1.336 
     abcs-rc-abrs |          1.575 |      1.358 |      1.409 
       abj-bka-kj |          1.223 |      1.162 |      1.170 
       ajb-kba-jk |          0.998 |      1.097 |      0.975 
     abjc-cbka-kj |          0.989 |      0.847 |      0.943 
     ajbc-ckba-jk |          1.429 |      1.468 |      1.313 
     abjc-kbac-jk |          1.476 |      1.633 |      1.429 
   abjcd-dkbac-jk |          1.591 |      1.589 |      1.294 
   adbjc-cbdka-kj |          1.604 |      1.517 |      1.538 
   ajbdc-ckbad-jk |          1.882 |      1.877 |      1.563 
 abcijk-ijma-mkbc |          1.287 |      1.416 |      1.162 
 abcijk-ijmb-mkac |          1.262 |      1.348 |      1.081 
 abcijk-ijmc-mkab |          1.363 |      1.551 |      1.121 
 abcijk-ikma-mjbc |          1.268 |      1.390 |      1.146 
 abcijk-ikmb-mjac |          1.268 |      1.350 |      1.088 
 abcijk-ikmc-mjab |          1.391 |      1.591 |      1.152 
 abcijk-jkma-mibc |          1.246 |      1.373 |      1.130 
 abcijk-jkmb-miac |          1.293 |      1.376 |      1.082 
 abcijk-jkmc-miab |          1.377 |      1.562 |      1.136 
 abcijk-eiab-jkec |          1.362 |      1.545 |      1.120 
 abcijk-eiac-jkeb |          1.293 |      1.373 |      1.078 
 abcijk-eibc-jkea |          1.243 |      1.369 |      1.120 
 abcijk-ejab-ikec |          1.384 |      1.575 |      1.142 
 abcijk-ejac-ikeb |          1.274 |      1.353 |      1.087 
 abcijk-ejbc-ikea |          1.299 |      1.399 |      1.158 
 abcijk-ekab-ijec |          1.400 |      1.572 |      1.160 
 abcijk-ekac-ijeb |          1.455 |      1.603 |      1.201 
 abcijk-ekbc-ijea |          1.393 |      1.518 |      1.196 
       abc-bk-akc |          0.929 |      0.997 |      0.867 
             MEAN |          1.231 |      1.286 |      1.115 

wrote bench-results/worker5086-zen2/phase4g/sm-guard-s4-t1-f64c64.csv
