host        : worker5086
target      : x86_64 / linux
cpu features: avx2 fma 
caches      : L1=32KiB/8-way/1sh L2=512KiB/8-way/1sh L3=16384KiB/16-way/4sh (via sysfs), blocking=legacy
l3 domains  : t1=1 t4=1 t8=2 t16=4 t32=8
baselines   : tblis=false blas=false

sweeping 49 cases at 0.25 MiB nominal tensor size, 96 reps, stress=none


=== f32 ===
             case |     m |    n |    k | regA | regB | planar GF/s | 1m GF/s | 3m GF/s 
------------------+-------+------+------+------+------+-------------+---------+---------
         ij-ik-kj |   192 |  180 |  192 | 1.00 | 1.00 |        72.9 |    72.9 |    72.9 
       ij-ikl-ljk |    48 |   32 | 1536 | 1.00 | 1.00 |        34.3 |    34.3 |    34.3 
       ij-kil-lkj |    48 |   32 | 2304 | 1.00 | 1.00 |        30.1 |    30.1 |    30.1 
       ijk-ikl-lj |  1536 |   32 |   48 | 1.00 | 1.00 |        46.8 |    46.8 |    46.8 
       ijk-il-jlk |    48 | 1536 |   32 | 1.00 | 1.00 |        36.9 |    36.9 |    36.9 
       ijk-ilk-jl |  1536 |   48 |   32 | 1.00 | 1.00 |        48.3 |    48.3 |    48.3 
       ijk-ilk-lj |  1536 |   32 |   48 | 1.00 | 1.00 |        47.1 |    47.1 |    47.1 
     ijk-ilmk-mjl |   288 |   12 |  288 | 0.67 | 1.00 |        33.8 |    33.8 |    33.8 
   ijkl-imjn-lnkm |   288 |  288 |  144 | 0.67 | 1.00 |        85.9 |    85.9 |    85.9 
   ijkl-imjn-nlmk |   288 |  144 |  288 | 0.67 | 1.00 |        84.2 |    84.2 |    84.2 
   ijkl-imkn-jnlm |   288 |  288 |  144 | 0.67 | 1.00 |        85.9 |    85.9 |    85.9 
   ijkl-imkn-njml |   288 |  144 |  288 | 0.67 | 1.00 |        85.3 |    85.3 |    85.3 
   ijkl-imln-jnkm |   288 |  288 |  144 | 0.67 | 1.00 |        88.2 |    88.2 |    88.2 
   ijkl-imln-njmk |   288 |  144 |  288 | 0.67 | 1.00 |        87.4 |    87.4 |    87.4 
   ijkl-imnj-nlkm |   288 |  144 |  288 | 0.67 | 1.00 |        84.0 |    84.0 |    84.0 
   ijkl-imnk-njml |   288 |  144 |  288 | 0.67 | 1.00 |        85.4 |    85.4 |    85.4 
   ijkl-minj-nlmk |   288 |  144 |  576 | 0.67 | 1.00 |       120.1 |   120.1 |   120.1 
   ijkl-mink-jnlm |   288 |  288 |  288 | 0.67 | 1.00 |       131.9 |   131.9 |   131.9 
   ijkl-minl-njmk |   288 |  144 |  576 | 0.67 | 1.00 |       119.7 |   119.7 |   119.7 
     aqrs-pa-pqrs |    24 | 1728 |   24 | 1.00 | 1.00 |        20.6 |    20.6 |    20.6 
     abrs-qb-aqrs |    12 | 3456 |   24 | 1.00 | 1.00 |        22.6 |    22.6 |    22.6 
     abcs-rc-abrs |    12 | 3456 |   24 | 1.00 | 1.00 |        27.7 |    27.7 |    27.7 
       abj-bka-kj |  2304 |   32 |   48 | 1.00 | 1.00 |        35.7 |    35.7 |    35.7 
       ajb-kba-jk |  1536 |   48 |   48 | 1.00 | 1.00 |        48.2 |    48.2 |    48.2 
     abjc-cbka-kj |  6912 |   12 |   24 | 0.67 | 1.00 |        16.1 |    16.1 |    16.1 
     ajbc-ckba-jk |  6912 |   24 |   12 | 1.00 | 1.00 |        16.8 |    16.8 |    16.8 
     abjc-kbac-jk |  3456 |   24 |   24 | 0.67 | 1.00 |        30.8 |    30.8 |    30.8 
   abjcd-dkbac-jk | 36864 |   24 |    8 | 0.67 | 1.00 |        26.0 |    26.0 |    26.0 
   adbjc-cbdka-kj | 36864 |    8 |   24 | 0.67 | 1.00 |        11.8 |    11.8 |    11.8 
   ajbdc-ckbad-jk | 36864 |   24 |    8 | 1.00 | 1.00 |        20.8 |    20.8 |    20.8 
 abcijk-ijma-mkbc |  2304 |   64 |   24 | 1.00 | 1.00 |        26.4 |    26.4 |    26.4 
 abcijk-ijmb-mkac |   384 |  384 |   24 | 1.00 | 1.00 |        31.4 |    31.4 |    31.4 
 abcijk-ijmc-mkab |   384 |  384 |   24 | 1.00 | 0.00 |        48.2 |    48.2 |    48.2 
 abcijk-ikma-mjbc |  2304 |   64 |   24 | 1.00 | 1.00 |        26.5 |    26.5 |    26.5 
 abcijk-ikmb-mjac |   384 |  384 |   24 | 1.00 | 1.00 |        31.1 |    31.1 |    31.1 
 abcijk-ikmc-mjab |   384 |  384 |   24 | 1.00 | 0.00 |        48.2 |    48.2 |    48.2 
 abcijk-jkma-mibc |  2304 |   64 |   24 | 1.00 | 1.00 |        26.5 |    26.5 |    26.5 
 abcijk-jkmb-miac |   384 |  384 |   24 | 1.00 | 1.00 |        31.1 |    31.1 |    31.1 
 abcijk-jkmc-miab |   384 |  384 |   24 | 1.00 | 0.00 |        48.0 |    48.0 |    48.0 
 abcijk-eiab-jkec |   384 |  384 |   24 | 1.00 | 0.00 |        48.1 |    48.1 |    48.1 
 abcijk-eiac-jkeb |   384 |  384 |   24 | 1.00 | 1.00 |        31.1 |    31.1 |    31.1 
 abcijk-eibc-jkea |    64 | 2304 |   24 | 1.00 | 1.00 |        26.3 |    26.3 |    26.3 
 abcijk-ejab-ikec |   384 |  384 |   24 | 1.00 | 0.00 |        48.2 |    48.2 |    48.2 
 abcijk-ejac-ikeb |   384 |  384 |   24 | 1.00 | 1.00 |        31.4 |    31.4 |    31.4 
 abcijk-ejbc-ikea |    64 | 2304 |   24 | 1.00 | 1.00 |        26.4 |    26.4 |    26.4 
 abcijk-ekab-ijec |   384 |  384 |   24 | 1.00 | 0.00 |        48.3 |    48.3 |    48.3 
 abcijk-ekac-ijeb |   384 |  384 |   24 | 1.00 | 1.00 |        31.4 |    31.4 |    31.4 
 abcijk-ekbc-ijea |    64 | 2304 |   24 | 1.00 | 1.00 |        26.4 |    26.4 |    26.4 
       abc-bk-akc |    48 | 1536 |   32 | 1.00 | 1.00 |        48.4 |    48.4 |    48.4 

=== c32 ===
             case |     m |    n |    k | regA | regB | planar GF/s | 1m GF/s | 3m GF/s 
------------------+-------+------+------+------+------+-------------+---------+---------
         ij-ik-kj |   192 |  180 |  192 | 1.00 | 1.00 |       162.2 |   154.9 |   139.2 
       ij-ikl-ljk |    48 |   32 | 1536 | 1.00 | 1.00 |        67.4 |    63.7 |    56.7 
       ij-kil-lkj |    48 |   32 | 2304 | 1.00 | 1.00 |        55.4 |    65.8 |    69.8 
       ijk-ikl-lj |  1536 |   32 |   48 | 1.00 | 1.00 |        86.2 |    81.6 |    73.6 
       ijk-il-jlk |    48 | 1536 |   32 | 1.00 | 0.92 |        59.0 |    62.1 |    50.7 
       ijk-ilk-jl |  1536 |   48 |   32 | 1.00 | 1.00 |        84.8 |    86.4 |    71.3 
       ijk-ilk-lj |  1536 |   32 |   48 | 1.00 | 1.00 |        88.9 |    82.0 |    78.0 
     ijk-ilmk-mjl |   288 |   12 |  288 | 1.00 | 1.00 |        49.3 |    48.7 |    45.2 
   ijkl-imjn-lnkm |   288 |  288 |  144 | 1.00 | 0.67 |       147.9 |   157.1 |   193.8 
   ijkl-imjn-nlmk |   288 |  144 |  288 | 1.00 | 0.69 |       151.0 |   152.3 |   181.6 
   ijkl-imkn-jnlm |   288 |  288 |  144 | 1.00 | 0.84 |       153.5 |   147.3 |   192.0 
   ijkl-imkn-njml |   288 |  144 |  288 | 1.00 | 0.69 |       164.4 |   145.0 |   183.9 
   ijkl-imln-jnkm |   288 |  288 |  144 | 1.00 | 0.84 |       153.3 |   150.9 |   194.4 
   ijkl-imln-njmk |   288 |  144 |  288 | 1.00 | 0.69 |       164.6 |   146.1 |   188.4 
   ijkl-imnj-nlkm |   288 |  144 |  288 | 1.00 | 0.69 |       150.5 |   147.0 |   179.2 
   ijkl-imnk-njml |   288 |  144 |  288 | 1.00 | 0.69 |       152.4 |   164.6 |   193.7 
   ijkl-minj-nlmk |   288 |  144 |  576 | 1.00 | 0.69 |       201.2 |   196.1 |   179.9 
   ijkl-mink-jnlm |   288 |  288 |  288 | 1.00 | 0.84 |       220.5 |   205.9 |   192.1 
   ijkl-minl-njmk |   288 |  144 |  576 | 1.00 | 0.69 |       202.6 |   191.7 |   198.1 
     aqrs-pa-pqrs |    24 | 1728 |   24 | 1.00 | 1.00 |        39.3 |    46.0 |    37.8 
     abrs-qb-aqrs |    12 | 3456 |   24 | 1.00 | 1.00 |        33.8 |    36.3 |    31.3 
     abcs-rc-abrs |    12 | 3456 |   24 | 1.00 | 1.00 |        33.9 |    37.2 |    32.2 
       abj-bka-kj |  2304 |   32 |   48 | 1.00 | 1.00 |       100.3 |    96.9 |    90.6 
       ajb-kba-jk |  1536 |   48 |   48 | 1.00 | 1.00 |       118.5 |   112.7 |    96.0 
     abjc-cbka-kj |  6912 |   12 |   24 | 1.00 | 1.00 |        41.4 |    39.6 |    26.8 
     ajbc-ckba-jk |  6912 |   24 |   12 | 1.00 | 1.00 |        46.6 |    48.5 |    28.6 
     abjc-kbac-jk |  3456 |   24 |   24 | 1.00 | 1.00 |        59.6 |    60.8 |    40.8 
   abjcd-dkbac-jk | 36864 |   24 |    8 | 1.00 | 1.00 |        81.3 |    85.1 |    83.9 
   adbjc-cbdka-kj | 36864 |    8 |   24 | 1.00 | 1.00 |        57.0 |    67.2 |    57.3 
   ajbdc-ckbad-jk | 36864 |   24 |    8 | 1.00 | 1.00 |        86.5 |    96.2 |    78.5 
 abcijk-ijma-mkbc |  2304 |   64 |   24 | 1.00 | 0.77 |       105.8 |   104.4 |    88.7 
 abcijk-ijmb-mkac |   384 |  384 |   24 | 1.00 | 0.01 |       112.7 |   111.2 |    83.5 
 abcijk-ijmc-mkab |   384 |  384 |   24 | 1.00 | 0.01 |       112.9 |   112.7 |    82.4 
 abcijk-ikma-mjbc |  2304 |   64 |   24 | 1.00 | 0.77 |       106.6 |   103.5 |    87.6 
 abcijk-ikmb-mjac |   384 |  384 |   24 | 1.00 | 0.01 |       112.8 |   113.1 |    77.3 
 abcijk-ikmc-mjab |   384 |  384 |   24 | 1.00 | 0.01 |       109.4 |   111.4 |    84.1 
 abcijk-jkma-mibc |  2304 |   64 |   24 | 1.00 | 0.77 |       111.3 |   104.3 |    88.8 
 abcijk-jkmb-miac |   384 |  384 |   24 | 1.00 | 0.01 |        92.3 |    96.1 |    78.8 
 abcijk-jkmc-miab |   384 |  384 |   24 | 1.00 | 0.01 |        84.7 |    92.0 |    77.5 
 abcijk-eiab-jkec |   384 |  384 |   24 | 1.00 | 0.01 |        85.4 |    92.9 |    78.0 
 abcijk-eiac-jkeb |   384 |  384 |   24 | 1.00 | 0.01 |        88.0 |    95.6 |    84.3 
 abcijk-eibc-jkea |    64 | 2304 |   24 | 1.00 | 0.77 |       106.2 |   101.7 |    91.9 
 abcijk-ejab-ikec |   384 |  384 |   24 | 1.00 | 0.01 |       108.3 |   113.3 |    82.0 
 abcijk-ejac-ikeb |   384 |  384 |   24 | 1.00 | 0.01 |       110.3 |   110.7 |    80.6 
 abcijk-ejbc-ikea |    64 | 2304 |   24 | 1.00 | 0.77 |       105.9 |   103.8 |    88.2 
 abcijk-ekab-ijec |   384 |  384 |   24 | 1.00 | 0.01 |       111.5 |   110.4 |    81.8 
 abcijk-ekac-ijeb |   384 |  384 |   24 | 1.00 | 0.01 |       110.1 |   108.9 |    76.1 
 abcijk-ekbc-ijea |    64 | 2304 |   24 | 1.00 | 0.77 |       107.4 |   104.1 |    89.2 
       abc-bk-akc |    48 | 1536 |   32 | 1.00 | 1.00 |        86.2 |    87.0 |    74.9 

=== complex efficiency ratio (c32 GF/s over f32 GF/s; 1.0 = no penalty) ===
             case | planar c32/f32 | 1m c32/f32 | 3m c32/f32 
------------------+----------------+------------+------------
         ij-ik-kj |          2.225 |      2.125 |      1.910 
       ij-ikl-ljk |          1.968 |      1.859 |      1.656 
       ij-kil-lkj |          1.843 |      2.190 |      2.322 
       ijk-ikl-lj |          1.842 |      1.744 |      1.573 
       ijk-il-jlk |          1.601 |      1.684 |      1.375 
       ijk-ilk-jl |          1.757 |      1.789 |      1.476 
       ijk-ilk-lj |          1.887 |      1.742 |      1.657 
     ijk-ilmk-mjl |          1.458 |      1.442 |      1.338 
   ijkl-imjn-lnkm |          1.722 |      1.829 |      2.256 
   ijkl-imjn-nlmk |          1.793 |      1.809 |      2.157 
   ijkl-imkn-jnlm |          1.787 |      1.714 |      2.234 
   ijkl-imkn-njml |          1.928 |      1.700 |      2.156 
   ijkl-imln-jnkm |          1.737 |      1.711 |      2.204 
   ijkl-imln-njmk |          1.883 |      1.672 |      2.156 
   ijkl-imnj-nlkm |          1.791 |      1.749 |      2.132 
   ijkl-imnk-njml |          1.786 |      1.929 |      2.270 
   ijkl-minj-nlmk |          1.675 |      1.632 |      1.498 
   ijkl-mink-jnlm |          1.671 |      1.561 |      1.456 
   ijkl-minl-njmk |          1.693 |      1.602 |      1.655 
     aqrs-pa-pqrs |          1.905 |      2.230 |      1.833 
     abrs-qb-aqrs |          1.496 |      1.605 |      1.383 
     abcs-rc-abrs |          1.225 |      1.345 |      1.163 
       abj-bka-kj |          2.810 |      2.716 |      2.538 
       ajb-kba-jk |          2.460 |      2.339 |      1.994 
     abjc-cbka-kj |          2.571 |      2.458 |      1.661 
     ajbc-ckba-jk |          2.777 |      2.889 |      1.704 
     abjc-kbac-jk |          1.937 |      1.976 |      1.325 
   abjcd-dkbac-jk |          3.121 |      3.269 |      3.220 
   adbjc-cbdka-kj |          4.831 |      5.700 |      4.858 
   ajbdc-ckbad-jk |          4.161 |      4.626 |      3.778 
 abcijk-ijma-mkbc |          4.002 |      3.948 |      3.353 
 abcijk-ijmb-mkac |          3.590 |      3.543 |      2.660 
 abcijk-ijmc-mkab |          2.344 |      2.340 |      1.712 
 abcijk-ikma-mjbc |          4.021 |      3.905 |      3.305 
 abcijk-ikmb-mjac |          3.623 |      3.631 |      2.482 
 abcijk-ikmc-mjab |          2.271 |      2.313 |      1.746 
 abcijk-jkma-mibc |          4.199 |      3.938 |      3.350 
 abcijk-jkmb-miac |          2.966 |      3.089 |      2.533 
 abcijk-jkmc-miab |          1.763 |      1.915 |      1.612 
 abcijk-eiab-jkec |          1.775 |      1.931 |      1.621 
 abcijk-eiac-jkeb |          2.826 |      3.069 |      2.705 
 abcijk-eibc-jkea |          4.035 |      3.864 |      3.493 
 abcijk-ejab-ikec |          2.246 |      2.350 |      1.701 
 abcijk-ejac-ikeb |          3.514 |      3.527 |      2.568 
 abcijk-ejbc-ikea |          4.013 |      3.933 |      3.343 
 abcijk-ekab-ijec |          2.307 |      2.284 |      1.692 
 abcijk-ekac-ijeb |          3.509 |      3.472 |      2.426 
 abcijk-ekbc-ijea |          4.075 |      3.946 |      3.382 
       abc-bk-akc |          1.783 |      1.800 |      1.549 
             MEAN |          2.494 |      2.519 |      2.208 

wrote bench-results/worker5086-zen2/phase4g/sm-guard-s0.25-t16-f32c32.csv
