host        : worker5086
target      : x86_64 / linux
cpu features: avx2 fma 
caches      : L1=32KiB/8-way/1sh L2=512KiB/8-way/1sh L3=16384KiB/16-way/4sh (via sysfs), blocking=legacy
l3 domains  : t1=1 t4=1
baselines   : tblis=false blas=false

sweeping 49 cases at 1 MiB nominal tensor size, 24 reps, stress=none


=== f32 ===
             case |     m |    n |    k | regA | regB | planar GF/s | 1m GF/s | 3m GF/s 
------------------+-------+------+------+------+------+-------------+---------+---------
         ij-ik-kj |   384 |  364 |  384 | 1.00 | 1.00 |       149.6 |   149.6 |   149.6 
       ij-ikl-ljk |    72 |   52 | 3744 | 1.00 | 1.00 |        56.0 |    56.0 |    56.0 
       ij-kil-lkj |    72 |   52 | 5184 | 1.00 | 1.00 |        54.5 |    54.5 |    54.5 
       ijk-ikl-lj |  3744 |   52 |   72 | 1.00 | 1.00 |        97.8 |    97.8 |    97.8 
       ijk-il-jlk |    72 | 3744 |   52 | 1.00 | 1.00 |        67.6 |    67.6 |    67.6 
       ijk-ilk-jl |  3744 |   72 |   52 | 0.89 | 1.00 |       101.6 |   101.6 |   101.6 
       ijk-ilk-lj |  3744 |   52 |   72 | 0.89 | 1.00 |       100.4 |   100.4 |   100.4 
     ijk-ilmk-mjl |   480 |   20 |  480 | 0.67 | 1.00 |        40.8 |    40.8 |    40.8 
   ijkl-imjn-lnkm |   480 |  480 |  400 | 0.67 | 0.80 |       140.5 |   140.5 |   140.5 
   ijkl-imjn-nlmk |   480 |  400 |  480 | 0.67 | 0.81 |       144.5 |   144.5 |   144.5 
   ijkl-imkn-jnlm |   480 |  480 |  400 | 0.67 | 1.00 |       143.5 |   143.5 |   143.5 
   ijkl-imkn-njml |   480 |  400 |  480 | 0.67 | 0.81 |       144.8 |   144.8 |   144.8 
   ijkl-imln-jnkm |   480 |  480 |  400 | 0.67 | 1.00 |       144.0 |   144.0 |   144.0 
   ijkl-imln-njmk |   480 |  400 |  480 | 0.67 | 0.81 |       144.8 |   144.8 |   144.8 
   ijkl-imnj-nlkm |   480 |  400 |  480 | 0.67 | 0.81 |       146.7 |   146.7 |   146.7 
   ijkl-imnk-njml |   480 |  400 |  480 | 0.67 | 0.81 |       145.1 |   145.1 |   145.1 
   ijkl-minj-nlmk |   480 |  400 |  576 | 0.67 | 0.81 |       147.0 |   147.0 |   147.0 
   ijkl-mink-jnlm |   480 |  480 |  480 | 0.67 | 1.00 |       146.6 |   146.6 |   146.6 
   ijkl-minl-njmk |   480 |  400 |  576 | 0.67 | 0.81 |       147.4 |   147.4 |   147.4 
     aqrs-pa-pqrs |    24 | 8000 |   24 | 1.00 | 1.00 |        21.2 |    21.2 |    21.2 
     abrs-qb-aqrs |    20 | 9600 |   24 | 1.00 | 1.00 |        26.7 |    26.7 |    26.7 
     abcs-rc-abrs |    20 | 9600 |   24 | 1.00 | 1.00 |        32.1 |    32.1 |    32.1 
       abj-bka-kj |  5184 |   52 |   72 | 0.89 | 1.00 |        85.2 |    85.2 |    85.2 
       ajb-kba-jk |  3744 |   72 |   72 | 0.89 | 1.00 |       105.5 |   105.5 |   105.5 
     abjc-cbka-kj | 11520 |   20 |   24 | 0.67 | 1.00 |        21.0 |    21.0 |    21.0 
     ajbc-ckba-jk | 11520 |   24 |   20 | 1.00 | 1.00 |        18.3 |    18.3 |    18.3 
     abjc-kbac-jk |  9600 |   24 |   24 | 0.67 | 1.00 |        31.0 |    31.0 |    31.0 
   abjcd-dkbac-jk | 82944 |   24 |   12 | 0.67 | 1.00 |        29.9 |    29.9 |    29.9 
   adbjc-cbdka-kj | 82944 |   12 |   24 | 0.67 | 1.00 |        17.5 |    17.5 |    17.5 
   ajbdc-ckbad-jk | 82944 |   24 |   12 | 1.00 | 1.00 |        25.6 |    25.6 |    25.6 
 abcijk-ijma-mkbc |  4608 |  512 |   24 | 1.00 | 1.00 |        59.4 |    59.4 |    59.4 
 abcijk-ijmb-mkac |  1536 | 1536 |   24 | 1.00 | 1.00 |        60.7 |    60.7 |    60.7 
 abcijk-ijmc-mkab |  1536 | 1536 |   24 | 1.00 | 0.50 |        99.9 |    99.9 |    99.9 
 abcijk-ikma-mjbc |  4608 |  512 |   24 | 1.00 | 1.00 |        59.6 |    59.6 |    59.6 
 abcijk-ikmb-mjac |  1536 | 1536 |   24 | 1.00 | 1.00 |        61.1 |    61.1 |    61.1 
 abcijk-ikmc-mjab |  1536 | 1536 |   24 | 1.00 | 0.50 |        99.6 |    99.6 |    99.6 
 abcijk-jkma-mibc |  4608 |  512 |   24 | 1.00 | 1.00 |        59.9 |    59.9 |    59.9 
 abcijk-jkmb-miac |  1536 | 1536 |   24 | 1.00 | 1.00 |        61.0 |    61.0 |    61.0 
 abcijk-jkmc-miab |  1536 | 1536 |   24 | 1.00 | 0.50 |        98.9 |    98.9 |    98.9 
 abcijk-eiab-jkec |  1536 | 1536 |   24 | 1.00 | 0.50 |        99.1 |    99.1 |    99.1 
 abcijk-eiac-jkeb |  1536 | 1536 |   24 | 1.00 | 1.00 |        60.8 |    60.8 |    60.8 
 abcijk-eibc-jkea |   512 | 4608 |   24 | 1.00 | 1.00 |        59.6 |    59.6 |    59.6 
 abcijk-ejab-ikec |  1536 | 1536 |   24 | 1.00 | 0.50 |       100.1 |   100.1 |   100.1 
 abcijk-ejac-ikeb |  1536 | 1536 |   24 | 1.00 | 1.00 |        60.8 |    60.8 |    60.8 
 abcijk-ejbc-ikea |   512 | 4608 |   24 | 1.00 | 1.00 |        59.6 |    59.6 |    59.6 
 abcijk-ekab-ijec |  1536 | 1536 |   24 | 1.00 | 0.50 |        98.9 |    98.9 |    98.9 
 abcijk-ekac-ijeb |  1536 | 1536 |   24 | 1.00 | 1.00 |        61.1 |    61.1 |    61.1 
 abcijk-ekbc-ijea |   512 | 4608 |   24 | 1.00 | 1.00 |        59.9 |    59.9 |    59.9 
       abc-bk-akc |    72 | 3744 |   52 | 0.89 | 1.00 |       100.0 |   100.0 |   100.0 

=== c32 ===
             case |     m |    n |    k | regA | regB | planar GF/s | 1m GF/s | 3m GF/s 
------------------+-------+------+------+------+------+-------------+---------+---------
         ij-ik-kj |   384 |  364 |  384 | 1.00 | 1.00 |       173.2 |   179.5 |   175.0 
       ij-ikl-ljk |    72 |   52 | 3744 | 1.00 | 1.00 |       101.8 |   102.3 |    97.2 
       ij-kil-lkj |    72 |   52 | 5184 | 1.00 | 1.00 |        96.9 |    95.9 |    96.3 
       ijk-ikl-lj |  3744 |   52 |   72 | 1.00 | 1.00 |       127.2 |   131.4 |   123.4 
       ijk-il-jlk |    72 | 3744 |   52 | 1.00 | 0.95 |       105.2 |   116.0 |   102.0 
       ijk-ilk-jl |  3744 |   72 |   52 | 1.00 | 1.00 |       125.6 |   134.1 |   125.9 
       ijk-ilk-lj |  3744 |   52 |   72 | 1.00 | 1.00 |       128.7 |   131.4 |   130.1 
     ijk-ilmk-mjl |   480 |   20 |  480 | 1.00 | 1.00 |       110.4 |    91.6 |    95.9 
   ijkl-imjn-lnkm |   480 |  480 |  400 | 1.00 | 1.00 |       159.6 |   165.4 |   161.2 
   ijkl-imjn-nlmk |   480 |  400 |  480 | 1.00 | 1.00 |       164.7 |   168.6 |   164.0 
   ijkl-imkn-jnlm |   480 |  480 |  400 | 1.00 | 0.83 |       164.0 |   167.7 |   162.2 
   ijkl-imkn-njml |   480 |  400 |  480 | 1.00 | 1.00 |       165.6 |   169.8 |   167.5 
   ijkl-imln-jnkm |   480 |  480 |  400 | 1.00 | 0.83 |       164.3 |   169.0 |   164.9 
   ijkl-imln-njmk |   480 |  400 |  480 | 1.00 | 1.00 |       166.0 |   169.8 |   166.6 
   ijkl-imnj-nlkm |   480 |  400 |  480 | 1.00 | 1.00 |       164.3 |   168.9 |   166.0 
   ijkl-imnk-njml |   480 |  400 |  480 | 1.00 | 1.00 |       165.4 |   169.6 |   166.0 
   ijkl-minj-nlmk |   480 |  400 |  576 | 1.00 | 1.00 |       166.7 |   170.2 |   167.4 
   ijkl-mink-jnlm |   480 |  480 |  480 | 1.00 | 0.83 |       165.3 |   170.2 |   165.5 
   ijkl-minl-njmk |   480 |  400 |  576 | 1.00 | 1.00 |       167.7 |   171.2 |   167.9 
     aqrs-pa-pqrs |    24 | 8000 |   24 | 1.00 | 1.00 |        53.5 |    59.8 |    48.1 
     abrs-qb-aqrs |    20 | 9600 |   24 | 1.00 | 1.00 |        78.8 |    73.1 |    69.7 
     abcs-rc-abrs |    20 | 9600 |   24 | 1.00 | 1.00 |        78.7 |    72.6 |    70.1 
       abj-bka-kj |  5184 |   52 |   72 | 1.00 | 1.00 |       114.5 |   114.2 |   117.2 
       ajb-kba-jk |  3744 |   72 |   72 | 1.00 | 1.00 |       131.2 |   137.3 |   137.9 
     abjc-cbka-kj | 11520 |   20 |   24 | 1.00 | 1.00 |        64.0 |    57.4 |    60.4 
     ajbc-ckba-jk | 11520 |   24 |   20 | 1.00 | 1.00 |        65.2 |    68.5 |    63.5 
     abjc-kbac-jk |  9600 |   24 |   24 | 1.00 | 1.00 |        75.3 |    78.0 |    74.4 
   abjcd-dkbac-jk | 82944 |   24 |   12 | 1.00 | 1.00 |        39.5 |    38.5 |    38.7 
   adbjc-cbdka-kj | 82944 |   12 |   24 | 1.00 | 1.00 |        21.3 |    17.6 |    19.1 
   ajbdc-ckbad-jk | 82944 |   24 |   12 | 1.00 | 1.00 |        36.0 |    37.0 |    35.9 
 abcijk-ijma-mkbc |  4608 |  512 |   24 | 1.00 | 0.94 |        88.7 |    96.6 |    90.7 
 abcijk-ijmb-mkac |  1536 | 1536 |   24 | 1.00 | 0.50 |        72.4 |    80.3 |    76.8 
 abcijk-ijmc-mkab |  1536 | 1536 |   24 | 1.00 | 0.50 |        91.7 |    95.4 |    86.6 
 abcijk-ikma-mjbc |  4608 |  512 |   24 | 1.00 | 0.94 |        90.6 |    98.2 |    91.7 
 abcijk-ikmb-mjac |  1536 | 1536 |   24 | 1.00 | 0.50 |        80.0 |    89.3 |    81.8 
 abcijk-ikmc-mjab |  1536 | 1536 |   24 | 1.00 | 0.50 |        91.3 |    94.3 |    85.7 
 abcijk-jkma-mibc |  4608 |  512 |   24 | 1.00 | 0.94 |        91.3 |   100.3 |    92.6 
 abcijk-jkmb-miac |  1536 | 1536 |   24 | 1.00 | 0.50 |        79.9 |    88.2 |    80.9 
 abcijk-jkmc-miab |  1536 | 1536 |   24 | 1.00 | 0.50 |        89.3 |    95.5 |    84.6 
 abcijk-eiab-jkec |  1536 | 1536 |   24 | 1.00 | 0.50 |        89.8 |    95.0 |    84.3 
 abcijk-eiac-jkeb |  1536 | 1536 |   24 | 1.00 | 0.50 |        79.6 |    89.5 |    81.1 
 abcijk-eibc-jkea |   512 | 4608 |   24 | 1.00 | 0.94 |        92.0 |   102.1 |    92.8 
 abcijk-ejab-ikec |  1536 | 1536 |   24 | 1.00 | 0.50 |        91.7 |    94.9 |    85.7 
 abcijk-ejac-ikeb |  1536 | 1536 |   24 | 1.00 | 0.50 |        79.6 |    88.8 |    82.7 
 abcijk-ejbc-ikea |   512 | 4608 |   24 | 1.00 | 0.94 |        85.9 |    94.2 |    87.9 
 abcijk-ekab-ijec |  1536 | 1536 |   24 | 1.00 | 0.50 |        93.1 |    97.6 |    88.7 
 abcijk-ekac-ijeb |  1536 | 1536 |   24 | 1.00 | 0.50 |        74.1 |    81.4 |    77.2 
 abcijk-ekbc-ijea |   512 | 4608 |   24 | 1.00 | 0.94 |        92.8 |   102.1 |    93.9 
       abc-bk-akc |    72 | 3744 |   52 | 1.00 | 1.00 |       125.4 |   134.2 |   126.4 

=== complex efficiency ratio (c32 GF/s over f32 GF/s; 1.0 = no penalty) ===
             case | planar c32/f32 | 1m c32/f32 | 3m c32/f32 
------------------+----------------+------------+------------
         ij-ik-kj |          1.157 |      1.200 |      1.169 
       ij-ikl-ljk |          1.819 |      1.828 |      1.737 
       ij-kil-lkj |          1.776 |      1.758 |      1.765 
       ijk-ikl-lj |          1.301 |      1.344 |      1.262 
       ijk-il-jlk |          1.556 |      1.714 |      1.508 
       ijk-ilk-jl |          1.237 |      1.321 |      1.240 
       ijk-ilk-lj |          1.281 |      1.308 |      1.295 
     ijk-ilmk-mjl |          2.703 |      2.244 |      2.350 
   ijkl-imjn-lnkm |          1.136 |      1.177 |      1.147 
   ijkl-imjn-nlmk |          1.140 |      1.167 |      1.135 
   ijkl-imkn-jnlm |          1.143 |      1.169 |      1.130 
   ijkl-imkn-njml |          1.144 |      1.172 |      1.157 
   ijkl-imln-jnkm |          1.141 |      1.173 |      1.145 
   ijkl-imln-njmk |          1.146 |      1.173 |      1.150 
   ijkl-imnj-nlkm |          1.120 |      1.152 |      1.132 
   ijkl-imnk-njml |          1.140 |      1.168 |      1.144 
   ijkl-minj-nlmk |          1.134 |      1.158 |      1.139 
   ijkl-mink-jnlm |          1.127 |      1.161 |      1.129 
   ijkl-minl-njmk |          1.137 |      1.161 |      1.139 
     aqrs-pa-pqrs |          2.521 |      2.820 |      2.270 
     abrs-qb-aqrs |          2.948 |      2.735 |      2.609 
     abcs-rc-abrs |          2.451 |      2.262 |      2.181 
       abj-bka-kj |          1.344 |      1.340 |      1.375 
       ajb-kba-jk |          1.244 |      1.302 |      1.307 
     abjc-cbka-kj |          3.043 |      2.728 |      2.871 
     ajbc-ckba-jk |          3.559 |      3.742 |      3.465 
     abjc-kbac-jk |          2.429 |      2.515 |      2.400 
   abjcd-dkbac-jk |          1.321 |      1.290 |      1.295 
   adbjc-cbdka-kj |          1.214 |      1.001 |      1.090 
   ajbdc-ckbad-jk |          1.407 |      1.449 |      1.403 
 abcijk-ijma-mkbc |          1.493 |      1.625 |      1.525 
 abcijk-ijmb-mkac |          1.194 |      1.324 |      1.266 
 abcijk-ijmc-mkab |          0.918 |      0.955 |      0.867 
 abcijk-ikma-mjbc |          1.521 |      1.648 |      1.540 
 abcijk-ikmb-mjac |          1.310 |      1.462 |      1.338 
 abcijk-ikmc-mjab |          0.917 |      0.947 |      0.861 
 abcijk-jkma-mibc |          1.525 |      1.675 |      1.546 
 abcijk-jkmb-miac |          1.310 |      1.447 |      1.326 
 abcijk-jkmc-miab |          0.903 |      0.965 |      0.855 
 abcijk-eiab-jkec |          0.906 |      0.959 |      0.851 
 abcijk-eiac-jkeb |          1.309 |      1.472 |      1.334 
 abcijk-eibc-jkea |          1.545 |      1.714 |      1.559 
 abcijk-ejab-ikec |          0.916 |      0.948 |      0.856 
 abcijk-ejac-ikeb |          1.308 |      1.459 |      1.359 
 abcijk-ejbc-ikea |          1.442 |      1.581 |      1.476 
 abcijk-ekab-ijec |          0.942 |      0.987 |      0.897 
 abcijk-ekac-ijeb |          1.214 |      1.332 |      1.265 
 abcijk-ekbc-ijea |          1.550 |      1.706 |      1.569 
       abc-bk-akc |          1.254 |      1.343 |      1.265 
             MEAN |          1.475 |      1.516 |      1.443 

wrote bench-results/worker5086-zen2/phase4g/sm-guard-s1-t2-f32c32.csv
