host        : worker5086
target      : x86_64 / linux
cpu features: avx2 fma 
caches      : L1=32KiB/8-way/1sh L2=512KiB/8-way/1sh L3=16384KiB/16-way/4sh (via sysfs), blocking=legacy
l3 domains  : t1=1
baselines   : tblis=false blas=false

sweeping 49 cases at 16 MiB nominal tensor size, 3 reps, stress=none


=== f64 ===
             case |      m |     n |     k | regA | regB | planar GF/s | 1m GF/s | 3m GF/s 
------------------+--------+-------+-------+------+------+-------------+---------+---------
         ij-ik-kj |   1464 |  1448 |  1464 | 1.00 | 1.00 |        40.0 |    40.0 |    40.0 
       ij-ikl-ljk |    144 |   128 | 18432 | 1.00 | 1.00 |        26.7 |    26.7 |    26.7 
       ij-kil-lkj |    144 |   128 | 20736 | 1.00 | 1.00 |        26.5 |    26.5 |    26.5 
       ijk-ikl-lj |  18432 |   128 |   144 | 1.00 | 1.00 |        26.9 |    26.9 |    26.9 
       ijk-il-jlk |    144 | 18432 |   128 | 1.00 | 1.00 |        27.3 |    27.3 |    27.3 
       ijk-ilk-jl |  18432 |   144 |   128 | 1.00 | 1.00 |        31.4 |    31.4 |    31.4 
       ijk-ilk-lj |  18432 |   128 |   144 | 1.00 | 1.00 |        33.4 |    33.4 |    33.4 
     ijk-ilmk-mjl |   1920 |    40 |  1920 | 1.00 | 1.00 |        24.5 |    24.5 |    24.5 
   ijkl-imjn-lnkm |   1920 |  1920 |  1600 | 1.00 | 0.90 |        40.1 |    40.1 |    40.1 
   ijkl-imjn-nlmk |   1920 |  1600 |  1920 | 1.00 | 0.90 |        39.8 |    39.8 |    39.8 
   ijkl-imkn-jnlm |   1920 |  1920 |  1600 | 1.00 | 1.00 |        38.4 |    38.4 |    38.4 
   ijkl-imkn-njml |   1920 |  1600 |  1920 | 1.00 | 0.90 |        38.3 |    38.3 |    38.3 
   ijkl-imln-jnkm |   1920 |  1920 |  1600 | 1.00 | 1.00 |        38.6 |    38.6 |    38.6 
   ijkl-imln-njmk |   1920 |  1600 |  1920 | 1.00 | 0.90 |        38.8 |    38.8 |    38.8 
   ijkl-imnj-nlkm |   1920 |  1600 |  1920 | 1.00 | 0.90 |        40.3 |    40.3 |    40.3 
   ijkl-imnk-njml |   1920 |  1600 |  1920 | 1.00 | 0.90 |        38.3 |    38.3 |    38.3 
   ijkl-minj-nlmk |   1920 |  1600 |  2304 | 1.00 | 0.90 |        38.6 |    38.6 |    38.6 
   ijkl-mink-jnlm |   1920 |  1920 |  1920 | 1.00 | 1.00 |        37.8 |    37.8 |    37.8 
   ijkl-minl-njmk |   1920 |  1600 |  2304 | 1.00 | 0.90 |        33.6 |    33.6 |    33.6 
     aqrs-pa-pqrs |     48 | 64000 |    48 | 1.00 | 1.00 |        16.1 |    16.1 |    16.1 
     abrs-qb-aqrs |     40 | 76800 |    48 | 1.00 | 1.00 |        17.9 |    17.9 |    17.9 
     abcs-rc-abrs |     40 | 76800 |    48 | 1.00 | 1.00 |        15.4 |    15.4 |    15.4 
       abj-bka-kj |  20736 |   128 |   144 | 1.00 | 1.00 |        30.9 |    30.9 |    30.9 
       ajb-kba-jk |  18432 |   144 |   144 | 1.00 | 1.00 |        36.1 |    36.1 |    36.1 
     abjc-cbka-kj |  92160 |    40 |    48 | 1.00 | 1.00 |        14.5 |    14.5 |    14.5 
     ajbc-ckba-jk |  92160 |    48 |    40 | 1.00 | 1.00 |        16.4 |    16.4 |    16.4 
     abjc-kbac-jk |  76800 |    48 |    48 | 1.00 | 1.00 |        21.1 |    21.1 |    21.1 
   abjcd-dkbac-jk | 230400 |    24 |    20 | 1.00 | 1.00 |         8.9 |     8.9 |     8.9 
   adbjc-cbdka-kj | 230400 |    20 |    24 | 1.00 | 1.00 |         4.8 |     4.8 |     4.8 
   ajbdc-ckbad-jk | 230400 |    24 |    20 | 1.00 | 1.00 |         8.7 |     8.7 |     8.7 
 abcijk-ijma-mkbc |   6912 |  1728 |    24 | 1.00 | 1.00 |        20.9 |    20.9 |    20.9 
 abcijk-ijmb-mkac |   3456 |  3456 |    24 | 1.00 | 1.00 |        18.5 |    18.5 |    18.5 
 abcijk-ijmc-mkab |   3456 |  3456 |    24 | 1.00 | 1.00 |        23.1 |    23.1 |    23.1 
 abcijk-ikma-mjbc |   6912 |  1728 |    24 | 1.00 | 1.00 |        20.8 |    20.8 |    20.8 
 abcijk-ikmb-mjac |   3456 |  3456 |    24 | 1.00 | 1.00 |        18.5 |    18.5 |    18.5 
 abcijk-ikmc-mjab |   3456 |  3456 |    24 | 1.00 | 1.00 |        22.5 |    22.5 |    22.5 
 abcijk-jkma-mibc |   6912 |  1728 |    24 | 1.00 | 1.00 |        21.7 |    21.7 |    21.7 
 abcijk-jkmb-miac |   3456 |  3456 |    24 | 1.00 | 1.00 |        18.4 |    18.4 |    18.4 
 abcijk-jkmc-miab |   3456 |  3456 |    24 | 1.00 | 1.00 |        23.2 |    23.2 |    23.2 
 abcijk-eiab-jkec |   3456 |  3456 |    24 | 1.00 | 1.00 |        22.7 |    22.7 |    22.7 
 abcijk-eiac-jkeb |   3456 |  3456 |    24 | 1.00 | 1.00 |        18.5 |    18.5 |    18.5 
 abcijk-eibc-jkea |   1728 |  6912 |    24 | 1.00 | 1.00 |        21.6 |    21.6 |    21.6 
 abcijk-ejab-ikec |   3456 |  3456 |    24 | 1.00 | 1.00 |        22.8 |    22.8 |    22.8 
 abcijk-ejac-ikeb |   3456 |  3456 |    24 | 1.00 | 1.00 |        18.4 |    18.4 |    18.4 
 abcijk-ejbc-ikea |   1728 |  6912 |    24 | 1.00 | 1.00 |        20.8 |    20.8 |    20.8 
 abcijk-ekab-ijec |   3456 |  3456 |    24 | 1.00 | 1.00 |        22.8 |    22.8 |    22.8 
 abcijk-ekac-ijeb |   3456 |  3456 |    24 | 1.00 | 1.00 |        18.5 |    18.5 |    18.5 
 abcijk-ekbc-ijea |   1728 |  6912 |    24 | 1.00 | 1.00 |        20.9 |    20.9 |    20.9 
       abc-bk-akc |    144 | 18432 |   128 | 1.00 | 1.00 |        34.2 |    34.2 |    34.2 

=== c64 ===
             case |      m |     n |     k | regA | regB | planar GF/s | 1m GF/s | 3m GF/s 
------------------+--------+-------+-------+------+------+-------------+---------+---------
         ij-ik-kj |   1464 |  1448 |  1464 | 1.00 | 1.00 |        42.8 |    43.4 |    41.6 
       ij-ikl-ljk |    144 |   128 | 18432 | 1.00 | 1.00 |        34.9 |    36.1 |    30.8 
       ij-kil-lkj |    144 |   128 | 20736 | 1.00 | 1.00 |        35.9 |    36.1 |    36.2 
       ijk-ikl-lj |  18432 |   128 |   144 | 1.00 | 1.00 |        35.8 |    36.5 |    33.6 
       ijk-il-jlk |    144 | 18432 |   128 | 1.00 | 0.97 |        38.3 |    41.0 |    33.3 
       ijk-ilk-jl |  18432 |   144 |   128 | 1.00 | 1.00 |        39.4 |    42.8 |    34.2 
       ijk-ilk-lj |  18432 |   128 |   144 | 1.00 | 1.00 |        39.0 |    41.0 |    33.5 
     ijk-ilmk-mjl |   1920 |    40 |  1920 | 1.00 | 1.00 |        32.5 |    33.9 |    24.9 
   ijkl-imjn-lnkm |   1920 |  1920 |  1600 | 1.00 | 1.00 |        43.2 |    44.5 |    42.9 
   ijkl-imjn-nlmk |   1920 |  1600 |  1920 | 1.00 | 1.00 |        43.2 |    44.5 |    41.3 
   ijkl-imkn-jnlm |   1920 |  1920 |  1600 | 1.00 | 0.92 |        42.0 |    42.5 |    39.6 
   ijkl-imkn-njml |   1920 |  1600 |  1920 | 1.00 | 1.00 |        42.4 |    42.9 |    39.6 
   ijkl-imln-jnkm |   1920 |  1920 |  1600 | 1.00 | 0.92 |        42.1 |    42.5 |    39.6 
   ijkl-imln-njmk |   1920 |  1600 |  1920 | 1.00 | 1.00 |        42.3 |    42.6 |    39.5 
   ijkl-imnj-nlkm |   1920 |  1600 |  1920 | 1.00 | 1.00 |        43.2 |    44.6 |    41.1 
   ijkl-imnk-njml |   1920 |  1600 |  1920 | 1.00 | 1.00 |        42.3 |    42.9 |    39.4 
   ijkl-minj-nlmk |   1920 |  1600 |  2304 | 1.00 | 1.00 |        42.8 |    43.5 |    43.0 
   ijkl-mink-jnlm |   1920 |  1920 |  1920 | 1.00 | 0.92 |        41.8 |    42.1 |    40.8 
   ijkl-minl-njmk |   1920 |  1600 |  2304 | 1.00 | 1.00 |        41.6 |    40.7 |    40.7 
     aqrs-pa-pqrs |     48 | 64000 |    48 | 1.00 | 1.00 |        24.7 |    27.0 |    23.0 
     abrs-qb-aqrs |     40 | 76800 |    48 | 1.00 | 1.00 |        24.8 |    25.9 |    19.2 
     abcs-rc-abrs |     40 | 76800 |    48 | 1.00 | 1.00 |        28.4 |    29.5 |    26.0 
       abj-bka-kj |  20736 |   128 |   144 | 1.00 | 1.00 |        36.0 |    36.0 |    35.8 
       ajb-kba-jk |  18432 |   144 |   144 | 1.00 | 1.00 |        41.6 |    44.4 |    41.0 
     abjc-cbka-kj |  92160 |    40 |    48 | 1.00 | 1.00 |        15.6 |    13.3 |    14.4 
     ajbc-ckba-jk |  92160 |    48 |    40 | 1.00 | 1.00 |        16.3 |    14.9 |    15.3 
     abjc-kbac-jk |  76800 |    48 |    48 | 1.00 | 1.00 |        31.2 |    32.6 |    28.0 
   abjcd-dkbac-jk | 230400 |    24 |    20 | 1.00 | 1.00 |        10.9 |    10.0 |     9.8 
   adbjc-cbdka-kj | 230400 |    20 |    24 | 1.00 | 1.00 |         9.0 |     7.4 |     8.1 
   ajbdc-ckbad-jk | 230400 |    24 |    20 | 1.00 | 1.00 |        10.3 |     9.6 |     9.4 
 abcijk-ijma-mkbc |   6912 |  1728 |    24 | 1.00 | 0.97 |        26.2 |    28.8 |    21.9 
 abcijk-ijmb-mkac |   3456 |  3456 |    24 | 1.00 | 0.67 |        26.0 |    27.9 |    21.5 
 abcijk-ijmc-mkab |   3456 |  3456 |    24 | 1.00 | 0.67 |        29.4 |    33.1 |    24.0 
 abcijk-ikma-mjbc |   6912 |  1728 |    24 | 1.00 | 0.97 |        26.2 |    28.9 |    21.9 
 abcijk-ikmb-mjac |   3456 |  3456 |    24 | 1.00 | 0.67 |        25.9 |    28.1 |    21.5 
 abcijk-ikmc-mjab |   3456 |  3456 |    24 | 1.00 | 0.67 |        29.3 |    33.2 |    24.1 
 abcijk-jkma-mibc |   6912 |  1728 |    24 | 1.00 | 0.97 |        26.2 |    29.0 |    22.0 
 abcijk-jkmb-miac |   3456 |  3456 |    24 | 1.00 | 0.67 |        26.0 |    28.0 |    21.5 
 abcijk-jkmc-miab |   3456 |  3456 |    24 | 1.00 | 0.67 |        29.4 |    33.2 |    24.1 
 abcijk-eiab-jkec |   3456 |  3456 |    24 | 1.00 | 0.67 |        29.3 |    33.2 |    24.1 
 abcijk-eiac-jkeb |   3456 |  3456 |    24 | 1.00 | 0.67 |        25.9 |    28.0 |    21.4 
 abcijk-eibc-jkea |   1728 |  6912 |    24 | 1.00 | 0.97 |        26.3 |    29.0 |    22.0 
 abcijk-ejab-ikec |   3456 |  3456 |    24 | 1.00 | 0.67 |        29.3 |    33.0 |    24.0 
 abcijk-ejac-ikeb |   3456 |  3456 |    24 | 1.00 | 0.67 |        25.9 |    28.0 |    21.4 
 abcijk-ejbc-ikea |   1728 |  6912 |    24 | 1.00 | 0.97 |        26.0 |    28.8 |    21.9 
 abcijk-ekab-ijec |   3456 |  3456 |    24 | 1.00 | 0.67 |        29.2 |    33.1 |    24.0 
 abcijk-ekac-ijeb |   3456 |  3456 |    24 | 1.00 | 0.67 |        25.9 |    28.0 |    21.4 
 abcijk-ekbc-ijea |   1728 |  6912 |    24 | 1.00 | 0.97 |        26.2 |    28.9 |    21.9 
       abc-bk-akc |    144 | 18432 |   128 | 1.00 | 1.00 |        39.3 |    41.8 |    37.2 

=== complex efficiency ratio (c64 GF/s over f64 GF/s; 1.0 = no penalty) ===
             case | planar c64/f64 | 1m c64/f64 | 3m c64/f64 
------------------+----------------+------------+------------
         ij-ik-kj |          1.069 |      1.085 |      1.039 
       ij-ikl-ljk |          1.310 |      1.352 |      1.156 
       ij-kil-lkj |          1.352 |      1.361 |      1.363 
       ijk-ikl-lj |          1.328 |      1.356 |      1.248 
       ijk-il-jlk |          1.402 |      1.499 |      1.220 
       ijk-ilk-jl |          1.252 |      1.362 |      1.088 
       ijk-ilk-lj |          1.166 |      1.226 |      1.004 
     ijk-ilmk-mjl |          1.329 |      1.384 |      1.017 
   ijkl-imjn-lnkm |          1.077 |      1.108 |      1.069 
   ijkl-imjn-nlmk |          1.086 |      1.120 |      1.038 
   ijkl-imkn-jnlm |          1.095 |      1.107 |      1.033 
   ijkl-imkn-njml |          1.107 |      1.120 |      1.036 
   ijkl-imln-jnkm |          1.089 |      1.100 |      1.024 
   ijkl-imln-njmk |          1.090 |      1.096 |      1.016 
   ijkl-imnj-nlkm |          1.072 |      1.108 |      1.019 
   ijkl-imnk-njml |          1.105 |      1.120 |      1.028 
   ijkl-minj-nlmk |          1.109 |      1.127 |      1.116 
   ijkl-mink-jnlm |          1.105 |      1.114 |      1.080 
   ijkl-minl-njmk |          1.238 |      1.211 |      1.210 
     aqrs-pa-pqrs |          1.535 |      1.676 |      1.432 
     abrs-qb-aqrs |          1.388 |      1.448 |      1.071 
     abcs-rc-abrs |          1.842 |      1.916 |      1.689 
       abj-bka-kj |          1.165 |      1.165 |      1.157 
       ajb-kba-jk |          1.153 |      1.230 |      1.137 
     abjc-cbka-kj |          1.076 |      0.921 |      0.998 
     ajbc-ckba-jk |          0.991 |      0.908 |      0.928 
     abjc-kbac-jk |          1.478 |      1.540 |      1.324 
   abjcd-dkbac-jk |          1.224 |      1.121 |      1.092 
   adbjc-cbdka-kj |          1.892 |      1.554 |      1.707 
   ajbdc-ckbad-jk |          1.192 |      1.103 |      1.078 
 abcijk-ijma-mkbc |          1.250 |      1.377 |      1.044 
 abcijk-ijmb-mkac |          1.404 |      1.512 |      1.164 
 abcijk-ijmc-mkab |          1.273 |      1.435 |      1.040 
 abcijk-ikma-mjbc |          1.259 |      1.391 |      1.055 
 abcijk-ikmb-mjac |          1.402 |      1.518 |      1.165 
 abcijk-ikmc-mjab |          1.305 |      1.476 |      1.072 
 abcijk-jkma-mibc |          1.211 |      1.338 |      1.017 
 abcijk-jkmb-miac |          1.412 |      1.523 |      1.168 
 abcijk-jkmc-miab |          1.270 |      1.432 |      1.041 
 abcijk-eiab-jkec |          1.289 |      1.460 |      1.058 
 abcijk-eiac-jkeb |          1.398 |      1.512 |      1.158 
 abcijk-eibc-jkea |          1.218 |      1.347 |      1.020 
 abcijk-ejab-ikec |          1.284 |      1.450 |      1.053 
 abcijk-ejac-ikeb |          1.405 |      1.518 |      1.162 
 abcijk-ejbc-ikea |          1.252 |      1.388 |      1.053 
 abcijk-ekab-ijec |          1.282 |      1.454 |      1.053 
 abcijk-ekac-ijeb |          1.403 |      1.520 |      1.161 
 abcijk-ekbc-ijea |          1.250 |      1.379 |      1.048 
       abc-bk-akc |          1.149 |      1.223 |      1.088 
             MEAN |          1.266 |      1.322 |      1.123 

wrote bench-results/worker5086-zen2/phase4g/sm-guard-s16-t1-f64c64.csv
