host        : worker5086
target      : x86_64 / linux
cpu features: avx2 fma 
caches      : L1=32KiB/8-way/1sh L2=512KiB/8-way/1sh L3=16384KiB/16-way/4sh (via sysfs), blocking=legacy
l3 domains  : t1=1 t4=1 t8=2 t16=4 t32=8
baselines   : tblis=false blas=false

sweeping 49 cases at 4 MiB nominal tensor size, 6 reps, stress=none


=== f64 ===
             case |     m |     n |    k | regA | regB | planar GF/s | 1m GF/s | 3m GF/s 
------------------+-------+-------+------+------+------+-------------+---------+---------
         ij-ik-kj |   744 |   724 |  744 | 1.00 | 1.00 |       163.9 |   163.9 |   163.9 
       ij-ikl-ljk |    96 |    80 | 7680 | 1.00 | 1.00 |        52.7 |    52.7 |    52.7 
       ij-kil-lkj |    96 |    80 | 9216 | 1.00 | 1.00 |        58.6 |    58.6 |    58.6 
       ijk-ikl-lj |  7680 |    80 |   96 | 1.00 | 1.00 |       105.6 |   105.6 |   105.6 
       ijk-il-jlk |    96 |  7680 |   80 | 1.00 | 1.00 |       103.0 |   103.0 |   103.0 
       ijk-ilk-jl |  7680 |    96 |   80 | 1.00 | 1.00 |       112.3 |   112.3 |   112.3 
       ijk-ilk-lj |  7680 |    80 |   96 | 1.00 | 1.00 |       108.1 |   108.1 |   108.1 
     ijk-ilmk-mjl |  1344 |    28 | 1344 | 1.00 | 1.00 |        61.9 |    61.9 |    61.9 
   ijkl-imjn-lnkm |  1344 |  1344 |  784 | 1.00 | 0.86 |       181.5 |   181.5 |   181.5 
   ijkl-imjn-nlmk |  1344 |   784 | 1344 | 1.00 | 0.86 |       190.4 |   190.4 |   190.4 
   ijkl-imkn-jnlm |  1344 |  1344 |  784 | 1.00 | 1.00 |       233.1 |   233.1 |   233.1 
   ijkl-imkn-njml |  1344 |   784 | 1344 | 1.00 | 0.86 |       290.0 |   290.0 |   290.0 
   ijkl-imln-jnkm |  1344 |  1344 |  784 | 1.00 | 1.00 |       222.6 |   222.6 |   222.6 
   ijkl-imln-njmk |  1344 |   784 | 1344 | 1.00 | 0.86 |       208.3 |   208.3 |   208.3 
   ijkl-imnj-nlkm |  1344 |   784 | 1344 | 1.00 | 0.86 |       185.8 |   185.8 |   185.8 
   ijkl-imnk-njml |  1344 |   784 | 1344 | 1.00 | 0.86 |       220.8 |   220.8 |   220.8 
   ijkl-minj-nlmk |  1344 |   784 | 2304 | 1.00 | 0.86 |       210.4 |   210.4 |   210.4 
   ijkl-mink-jnlm |  1344 |  1344 | 1344 | 1.00 | 1.00 |       213.8 |   213.8 |   213.8 
   ijkl-minl-njmk |  1344 |   784 | 2304 | 1.00 | 0.86 |       211.7 |   211.7 |   211.7 
     aqrs-pa-pqrs |    48 | 21952 |   48 | 1.00 | 1.00 |        70.4 |    70.4 |    70.4 
     abrs-qb-aqrs |    28 | 37632 |   48 | 1.00 | 1.00 |        71.9 |    71.9 |    71.9 
     abcs-rc-abrs |    28 | 37632 |   48 | 1.00 | 1.00 |        51.2 |    51.2 |    51.2 
       abj-bka-kj |  9216 |    80 |   96 | 1.00 | 1.00 |        94.0 |    94.0 |    94.0 
       ajb-kba-jk |  7680 |    96 |   96 | 1.00 | 1.00 |       110.6 |   110.6 |   110.6 
     abjc-cbka-kj | 64512 |    28 |   48 | 1.00 | 1.00 |        36.8 |    36.8 |    36.8 
     ajbc-ckba-jk | 64512 |    48 |   28 | 1.00 | 1.00 |        51.8 |    51.8 |    51.8 
     abjc-kbac-jk | 37632 |    48 |   48 | 1.00 | 1.00 |       105.3 |   105.3 |   105.3 
   abjcd-dkbac-jk | 82944 |    24 |   12 | 1.00 | 1.00 |        37.3 |    37.3 |    37.3 
   adbjc-cbdka-kj | 82944 |    12 |   24 | 1.00 | 1.00 |        22.6 |    22.6 |    22.6 
   ajbdc-ckbad-jk | 82944 |    24 |   12 | 1.00 | 1.00 |        35.5 |    35.5 |    35.5 
 abcijk-ijma-mkbc |  4608 |   512 |   24 | 1.00 | 0.94 |       118.0 |   118.0 |   118.0 
 abcijk-ijmb-mkac |  1536 |  1536 |   24 | 1.00 | 0.50 |       150.6 |   150.6 |   150.6 
 abcijk-ijmc-mkab |  1536 |  1536 |   24 | 1.00 | 0.50 |       170.8 |   170.8 |   170.8 
 abcijk-ikma-mjbc |  4608 |   512 |   24 | 1.00 | 0.94 |       118.9 |   118.9 |   118.9 
 abcijk-ikmb-mjac |  1536 |  1536 |   24 | 1.00 | 0.50 |       152.7 |   152.7 |   152.7 
 abcijk-ikmc-mjab |  1536 |  1536 |   24 | 1.00 | 0.50 |       174.2 |   174.2 |   174.2 
 abcijk-jkma-mibc |  4608 |   512 |   24 | 1.00 | 0.94 |       121.1 |   121.1 |   121.1 
 abcijk-jkmb-miac |  1536 |  1536 |   24 | 1.00 | 0.50 |       170.4 |   170.4 |   170.4 
 abcijk-jkmc-miab |  1536 |  1536 |   24 | 1.00 | 0.50 |       155.1 |   155.1 |   155.1 
 abcijk-eiab-jkec |  1536 |  1536 |   24 | 1.00 | 0.50 |       175.1 |   175.1 |   175.1 
 abcijk-eiac-jkeb |  1536 |  1536 |   24 | 1.00 | 0.50 |       157.0 |   157.0 |   157.0 
 abcijk-eibc-jkea |   512 |  4608 |   24 | 1.00 | 0.94 |       132.4 |   132.4 |   132.4 
 abcijk-ejab-ikec |  1536 |  1536 |   24 | 1.00 | 0.50 |       169.1 |   169.1 |   169.1 
 abcijk-ejac-ikeb |  1536 |  1536 |   24 | 1.00 | 0.50 |       175.3 |   175.3 |   175.3 
 abcijk-ejbc-ikea |   512 |  4608 |   24 | 1.00 | 0.94 |       121.1 |   121.1 |   121.1 
 abcijk-ekab-ijec |  1536 |  1536 |   24 | 1.00 | 0.50 |       174.4 |   174.4 |   174.4 
 abcijk-ekac-ijeb |  1536 |  1536 |   24 | 1.00 | 0.50 |       167.4 |   167.4 |   167.4 
 abcijk-ekbc-ijea |   512 |  4608 |   24 | 1.00 | 0.94 |       120.6 |   120.6 |   120.6 
       abc-bk-akc |    96 |  7680 |   80 | 1.00 | 1.00 |       113.3 |   113.3 |   113.3 

=== c64 ===
             case |     m |     n |    k | regA | regB | planar GF/s | 1m GF/s | 3m GF/s 
------------------+-------+-------+------+------+------+-------------+---------+---------
         ij-ik-kj |   744 |   724 |  744 | 1.00 | 1.00 |       232.3 |   226.2 |   210.9 
       ij-ikl-ljk |    96 |    80 | 7680 | 1.00 | 1.00 |       101.4 |   110.8 |    92.3 
       ij-kil-lkj |    96 |    80 | 9216 | 1.00 | 1.00 |        99.7 |   102.5 |   103.3 
       ijk-ikl-lj |  7680 |    80 |   96 | 1.00 | 1.00 |       174.9 |   159.0 |   147.9 
       ijk-il-jlk |    96 |  7680 |   80 | 1.00 | 0.96 |       108.7 |   103.7 |    87.8 
       ijk-ilk-jl |  7680 |    96 |   80 | 1.00 | 1.00 |       192.1 |   187.1 |   180.6 
       ijk-ilk-lj |  7680 |    80 |   96 | 1.00 | 1.00 |       195.1 |   185.5 |   171.3 
     ijk-ilmk-mjl |  1344 |    28 | 1344 | 1.00 | 1.00 |       101.9 |    99.4 |   107.6 
   ijkl-imjn-lnkm |  1344 |  1344 |  784 | 1.00 | 0.86 |       265.0 |   371.0 |   251.2 
   ijkl-imjn-nlmk |  1344 |   784 | 1344 | 1.00 | 0.86 |       330.1 |   416.6 |   267.5 
   ijkl-imkn-jnlm |  1344 |  1344 |  784 | 1.00 | 0.92 |       375.5 |   368.7 |   295.4 
   ijkl-imkn-njml |  1344 |   784 | 1344 | 1.00 | 0.86 |       403.9 |   323.6 |   361.1 
   ijkl-imln-jnkm |  1344 |  1344 |  784 | 1.00 | 0.92 |       308.0 |   356.6 |   234.9 
   ijkl-imln-njmk |  1344 |   784 | 1344 | 1.00 | 0.86 |       405.6 |   367.2 |   310.2 
   ijkl-imnj-nlkm |  1344 |   784 | 1344 | 1.00 | 0.86 |       316.0 |   340.9 |   306.4 
   ijkl-imnk-njml |  1344 |   784 | 1344 | 1.00 | 0.86 |       309.5 |   369.7 |   287.9 
   ijkl-minj-nlmk |  1344 |   784 | 2304 | 1.00 | 0.86 |       457.6 |   309.2 |   263.1 
   ijkl-mink-jnlm |  1344 |  1344 | 1344 | 1.00 | 0.92 |       362.1 |   477.9 |   332.3 
   ijkl-minl-njmk |  1344 |   784 | 2304 | 1.00 | 0.86 |       487.2 |   410.9 |   300.9 
     aqrs-pa-pqrs |    48 | 21952 |   48 | 1.00 | 1.00 |       174.4 |   135.2 |   128.5 
     abrs-qb-aqrs |    28 | 37632 |   48 | 1.00 | 1.00 |       127.7 |   134.8 |   111.4 
     abcs-rc-abrs |    28 | 37632 |   48 | 1.00 | 1.00 |        99.8 |    80.1 |    98.3 
       abj-bka-kj |  9216 |    80 |   96 | 1.00 | 1.00 |       168.9 |   165.1 |   170.3 
       ajb-kba-jk |  7680 |    96 |   96 | 1.00 | 1.00 |       205.6 |   198.7 |   178.9 
     abjc-cbka-kj | 64512 |    28 |   48 | 1.00 | 1.00 |        69.8 |    58.5 |    63.2 
     ajbc-ckba-jk | 64512 |    48 |   28 | 1.00 | 1.00 |        99.3 |    96.2 |    93.2 
     abjc-kbac-jk | 37632 |    48 |   48 | 1.00 | 1.00 |       167.9 |   174.6 |   156.4 
   abjcd-dkbac-jk | 82944 |    24 |   12 | 1.00 | 1.00 |        57.9 |    48.6 |    51.5 
   adbjc-cbdka-kj | 82944 |    12 |   24 | 1.00 | 1.00 |        31.3 |    33.9 |    33.1 
   ajbdc-ckbad-jk | 82944 |    24 |   12 | 1.00 | 1.00 |        44.9 |    46.8 |    44.1 
 abcijk-ijma-mkbc |  4608 |   512 |   24 | 1.00 | 0.94 |       254.4 |   262.3 |   233.7 
 abcijk-ijmb-mkac |  1536 |  1536 |   24 | 1.00 | 0.50 |       267.2 |   278.5 |   237.7 
 abcijk-ijmc-mkab |  1536 |  1536 |   24 | 1.00 | 0.50 |       302.3 |   288.8 |   251.4 
 abcijk-ikma-mjbc |  4608 |   512 |   24 | 1.00 | 0.94 |       245.2 |   223.9 |   228.2 
 abcijk-ikmb-mjac |  1536 |  1536 |   24 | 1.00 | 0.50 |       241.2 |   303.6 |   225.9 
 abcijk-ikmc-mjab |  1536 |  1536 |   24 | 1.00 | 0.50 |       306.0 |   298.0 |   256.5 
 abcijk-jkma-mibc |  4608 |   512 |   24 | 1.00 | 0.94 |       230.0 |   221.5 |   216.1 
 abcijk-jkmb-miac |  1536 |  1536 |   24 | 1.00 | 0.50 |       263.1 |   274.5 |   228.9 
 abcijk-jkmc-miab |  1536 |  1536 |   24 | 1.00 | 0.50 |       293.8 |   300.8 |   256.0 
 abcijk-eiab-jkec |  1536 |  1536 |   24 | 1.00 | 0.50 |       275.4 |   292.6 |   262.2 
 abcijk-eiac-jkeb |  1536 |  1536 |   24 | 1.00 | 0.50 |       267.7 |   324.1 |   259.8 
 abcijk-eibc-jkea |   512 |  4608 |   24 | 1.00 | 0.94 |       234.6 |   218.0 |   223.9 
 abcijk-ejab-ikec |  1536 |  1536 |   24 | 1.00 | 0.50 |       306.1 |   314.9 |   254.3 
 abcijk-ejac-ikeb |  1536 |  1536 |   24 | 1.00 | 0.50 |       272.3 |   293.8 |   233.6 
 abcijk-ejbc-ikea |   512 |  4608 |   24 | 1.00 | 0.94 |       249.0 |   242.7 |   232.0 
 abcijk-ekab-ijec |  1536 |  1536 |   24 | 1.00 | 0.50 |       303.8 |   342.9 |   261.5 
 abcijk-ekac-ijeb |  1536 |  1536 |   24 | 1.00 | 0.50 |       283.8 |   276.6 |   252.0 
 abcijk-ekbc-ijea |   512 |  4608 |   24 | 1.00 | 0.94 |       258.6 |   247.6 |   233.2 
       abc-bk-akc |    96 |  7680 |   80 | 1.00 | 1.00 |       174.6 |   188.3 |   173.6 

=== complex efficiency ratio (c64 GF/s over f64 GF/s; 1.0 = no penalty) ===
             case | planar c64/f64 | 1m c64/f64 | 3m c64/f64 
------------------+----------------+------------+------------
         ij-ik-kj |          1.417 |      1.380 |      1.287 
       ij-ikl-ljk |          1.922 |      2.101 |      1.751 
       ij-kil-lkj |          1.701 |      1.750 |      1.762 
       ijk-ikl-lj |          1.655 |      1.505 |      1.400 
       ijk-il-jlk |          1.056 |      1.007 |      0.853 
       ijk-ilk-jl |          1.711 |      1.666 |      1.608 
       ijk-ilk-lj |          1.805 |      1.716 |      1.584 
     ijk-ilmk-mjl |          1.646 |      1.605 |      1.739 
   ijkl-imjn-lnkm |          1.460 |      2.044 |      1.384 
   ijkl-imjn-nlmk |          1.734 |      2.188 |      1.405 
   ijkl-imkn-jnlm |          1.611 |      1.581 |      1.267 
   ijkl-imkn-njml |          1.393 |      1.116 |      1.245 
   ijkl-imln-jnkm |          1.384 |      1.602 |      1.056 
   ijkl-imln-njmk |          1.947 |      1.763 |      1.489 
   ijkl-imnj-nlkm |          1.701 |      1.835 |      1.649 
   ijkl-imnk-njml |          1.402 |      1.674 |      1.304 
   ijkl-minj-nlmk |          2.175 |      1.470 |      1.251 
   ijkl-mink-jnlm |          1.694 |      2.235 |      1.554 
   ijkl-minl-njmk |          2.302 |      1.941 |      1.421 
     aqrs-pa-pqrs |          2.476 |      1.920 |      1.824 
     abrs-qb-aqrs |          1.777 |      1.875 |      1.551 
     abcs-rc-abrs |          1.950 |      1.565 |      1.921 
       abj-bka-kj |          1.797 |      1.757 |      1.812 
       ajb-kba-jk |          1.859 |      1.796 |      1.617 
     abjc-cbka-kj |          1.899 |      1.592 |      1.719 
     ajbc-ckba-jk |          1.919 |      1.857 |      1.799 
     abjc-kbac-jk |          1.594 |      1.657 |      1.485 
   abjcd-dkbac-jk |          1.551 |      1.301 |      1.379 
   adbjc-cbdka-kj |          1.389 |      1.504 |      1.466 
   ajbdc-ckbad-jk |          1.267 |      1.320 |      1.245 
 abcijk-ijma-mkbc |          2.155 |      2.223 |      1.980 
 abcijk-ijmb-mkac |          1.775 |      1.850 |      1.579 
 abcijk-ijmc-mkab |          1.769 |      1.690 |      1.472 
 abcijk-ikma-mjbc |          2.063 |      1.884 |      1.920 
 abcijk-ikmb-mjac |          1.580 |      1.988 |      1.479 
 abcijk-ikmc-mjab |          1.757 |      1.711 |      1.473 
 abcijk-jkma-mibc |          1.900 |      1.830 |      1.785 
 abcijk-jkmb-miac |          1.544 |      1.611 |      1.344 
 abcijk-jkmc-miab |          1.895 |      1.940 |      1.651 
 abcijk-eiab-jkec |          1.573 |      1.671 |      1.498 
 abcijk-eiac-jkeb |          1.706 |      2.065 |      1.655 
 abcijk-eibc-jkea |          1.772 |      1.647 |      1.691 
 abcijk-ejab-ikec |          1.810 |      1.862 |      1.504 
 abcijk-ejac-ikeb |          1.553 |      1.676 |      1.332 
 abcijk-ejbc-ikea |          2.056 |      2.004 |      1.916 
 abcijk-ekab-ijec |          1.742 |      1.966 |      1.499 
 abcijk-ekac-ijeb |          1.696 |      1.653 |      1.506 
 abcijk-ekbc-ijea |          2.145 |      2.054 |      1.934 
       abc-bk-akc |          1.541 |      1.662 |      1.532 
             MEAN |          1.739 |      1.741 |      1.542 

wrote bench-results/worker5086-zen2/phase4g/sm-guard-s4-t16-f64c64.csv
