host        : worker5086
target      : x86_64 / linux
cpu features: avx2 fma 
caches      : L1=32KiB/8-way/1sh L2=512KiB/8-way/1sh L3=16384KiB/16-way/4sh (via sysfs), blocking=legacy
l3 domains  : t1=1
baselines   : tblis=false blas=false

sweeping 49 cases at 1 MiB nominal tensor size, 24 reps, stress=none


=== f32 ===
             case |     m |    n |    k | regA | regB | planar GF/s | 1m GF/s | 3m GF/s 
------------------+-------+------+------+------+------+-------------+---------+---------
         ij-ik-kj |   384 |  364 |  384 | 1.00 | 1.00 |        80.0 |    80.0 |    80.0 
       ij-ikl-ljk |    72 |   52 | 3744 | 1.00 | 1.00 |        40.3 |    40.3 |    40.3 
       ij-kil-lkj |    72 |   52 | 5184 | 1.00 | 1.00 |        37.8 |    37.8 |    37.8 
       ijk-ikl-lj |  3744 |   52 |   72 | 1.00 | 1.00 |        61.4 |    61.4 |    61.4 
       ijk-il-jlk |    72 | 3744 |   52 | 1.00 | 1.00 |        46.6 |    46.6 |    46.6 
       ijk-ilk-jl |  3744 |   72 |   52 | 0.89 | 1.00 |        60.2 |    60.2 |    60.2 
       ijk-ilk-lj |  3744 |   52 |   72 | 0.89 | 1.00 |        59.6 |    59.6 |    59.6 
     ijk-ilmk-mjl |   480 |   20 |  480 | 0.67 | 1.00 |        40.8 |    40.8 |    40.8 
   ijkl-imjn-lnkm |   480 |  480 |  400 | 0.67 | 0.80 |        75.0 |    75.0 |    75.0 
   ijkl-imjn-nlmk |   480 |  400 |  480 | 0.67 | 0.81 |        78.1 |    78.1 |    78.1 
   ijkl-imkn-jnlm |   480 |  480 |  400 | 0.67 | 1.00 |        76.4 |    76.4 |    76.4 
   ijkl-imkn-njml |   480 |  400 |  480 | 0.67 | 0.81 |        76.7 |    76.7 |    76.7 
   ijkl-imln-jnkm |   480 |  480 |  400 | 0.67 | 1.00 |        76.2 |    76.2 |    76.2 
   ijkl-imln-njmk |   480 |  400 |  480 | 0.67 | 0.81 |        76.8 |    76.8 |    76.8 
   ijkl-imnj-nlkm |   480 |  400 |  480 | 0.67 | 0.81 |        77.9 |    77.9 |    77.9 
   ijkl-imnk-njml |   480 |  400 |  480 | 0.67 | 0.81 |        76.9 |    76.9 |    76.9 
   ijkl-minj-nlmk |   480 |  400 |  576 | 0.67 | 0.81 |        78.4 |    78.4 |    78.4 
   ijkl-mink-jnlm |   480 |  480 |  480 | 0.67 | 1.00 |        77.4 |    77.4 |    77.4 
   ijkl-minl-njmk |   480 |  400 |  576 | 0.67 | 0.81 |        77.5 |    77.5 |    77.5 
     aqrs-pa-pqrs |    24 | 8000 |   24 | 1.00 | 1.00 |        21.2 |    21.2 |    21.2 
     abrs-qb-aqrs |    20 | 9600 |   24 | 1.00 | 1.00 |        26.8 |    26.8 |    26.8 
     abcs-rc-abrs |    20 | 9600 |   24 | 1.00 | 1.00 |        32.2 |    32.2 |    32.2 
       abj-bka-kj |  5184 |   52 |   72 | 0.89 | 1.00 |        48.2 |    48.2 |    48.2 
       ajb-kba-jk |  3744 |   72 |   72 | 0.89 | 1.00 |        60.1 |    60.1 |    60.1 
     abjc-cbka-kj | 11520 |   20 |   24 | 0.67 | 1.00 |        20.8 |    20.8 |    20.8 
     ajbc-ckba-jk | 11520 |   24 |   20 | 1.00 | 1.00 |        18.5 |    18.5 |    18.5 
     abjc-kbac-jk |  9600 |   24 |   24 | 0.67 | 1.00 |        31.0 |    31.0 |    31.0 
   abjcd-dkbac-jk | 82944 |   24 |   12 | 0.67 | 1.00 |        17.9 |    17.9 |    17.9 
   adbjc-cbdka-kj | 82944 |   12 |   24 | 0.67 | 1.00 |         8.9 |     8.9 |     8.9 
   ajbdc-ckbad-jk | 82944 |   24 |   12 | 1.00 | 1.00 |        15.0 |    15.0 |    15.0 
 abcijk-ijma-mkbc |  4608 |  512 |   24 | 1.00 | 1.00 |        33.0 |    33.0 |    33.0 
 abcijk-ijmb-mkac |  1536 | 1536 |   24 | 1.00 | 1.00 |        33.6 |    33.6 |    33.6 
 abcijk-ijmc-mkab |  1536 | 1536 |   24 | 1.00 | 0.50 |        53.2 |    53.2 |    53.2 
 abcijk-ikma-mjbc |  4608 |  512 |   24 | 1.00 | 1.00 |        33.0 |    33.0 |    33.0 
 abcijk-ikmb-mjac |  1536 | 1536 |   24 | 1.00 | 1.00 |        33.6 |    33.6 |    33.6 
 abcijk-ikmc-mjab |  1536 | 1536 |   24 | 1.00 | 0.50 |        53.2 |    53.2 |    53.2 
 abcijk-jkma-mibc |  4608 |  512 |   24 | 1.00 | 1.00 |        33.0 |    33.0 |    33.0 
 abcijk-jkmb-miac |  1536 | 1536 |   24 | 1.00 | 1.00 |        33.6 |    33.6 |    33.6 
 abcijk-jkmc-miab |  1536 | 1536 |   24 | 1.00 | 0.50 |        52.9 |    52.9 |    52.9 
 abcijk-eiab-jkec |  1536 | 1536 |   24 | 1.00 | 0.50 |        52.9 |    52.9 |    52.9 
 abcijk-eiac-jkeb |  1536 | 1536 |   24 | 1.00 | 1.00 |        33.6 |    33.6 |    33.6 
 abcijk-eibc-jkea |   512 | 4608 |   24 | 1.00 | 1.00 |        33.0 |    33.0 |    33.0 
 abcijk-ejab-ikec |  1536 | 1536 |   24 | 1.00 | 0.50 |        53.1 |    53.1 |    53.1 
 abcijk-ejac-ikeb |  1536 | 1536 |   24 | 1.00 | 1.00 |        33.7 |    33.7 |    33.7 
 abcijk-ejbc-ikea |   512 | 4608 |   24 | 1.00 | 1.00 |        33.0 |    33.0 |    33.0 
 abcijk-ekab-ijec |  1536 | 1536 |   24 | 1.00 | 0.50 |        53.1 |    53.1 |    53.1 
 abcijk-ekac-ijeb |  1536 | 1536 |   24 | 1.00 | 1.00 |        33.7 |    33.7 |    33.7 
 abcijk-ekbc-ijea |   512 | 4608 |   24 | 1.00 | 1.00 |        33.0 |    33.0 |    33.0 
       abc-bk-akc |    72 | 3744 |   52 | 0.89 | 1.00 |        60.1 |    60.1 |    60.1 

=== c32 ===
             case |     m |    n |    k | regA | regB | planar GF/s | 1m GF/s | 3m GF/s 
------------------+-------+------+------+------+------+-------------+---------+---------
         ij-ik-kj |   384 |  364 |  384 | 1.00 | 1.00 |        89.9 |    92.1 |    89.9 
       ij-ikl-ljk |    72 |   52 | 3744 | 1.00 | 1.00 |        64.0 |    63.9 |    64.0 
       ij-kil-lkj |    72 |   52 | 5184 | 1.00 | 1.00 |        60.6 |    59.5 |    62.6 
       ijk-ikl-lj |  3744 |   52 |   72 | 1.00 | 1.00 |        68.7 |    70.4 |    67.6 
       ijk-il-jlk |    72 | 3744 |   52 | 1.00 | 0.95 |        64.3 |    70.8 |    63.8 
       ijk-ilk-jl |  3744 |   72 |   52 | 1.00 | 1.00 |        66.1 |    71.6 |    67.0 
       ijk-ilk-lj |  3744 |   52 |   72 | 1.00 | 1.00 |        68.1 |    70.5 |    69.4 
     ijk-ilmk-mjl |   480 |   20 |  480 | 1.00 | 1.00 |        64.0 |    52.5 |    55.8 
   ijkl-imjn-lnkm |   480 |  480 |  400 | 1.00 | 1.00 |        83.2 |    85.7 |    84.0 
   ijkl-imjn-nlmk |   480 |  400 |  480 | 1.00 | 1.00 |        85.2 |    87.2 |    86.0 
   ijkl-imkn-jnlm |   480 |  480 |  400 | 1.00 | 0.83 |        83.1 |    85.9 |    84.4 
   ijkl-imkn-njml |   480 |  400 |  480 | 1.00 | 1.00 |        84.4 |    87.3 |    86.1 
   ijkl-imln-jnkm |   480 |  480 |  400 | 1.00 | 0.83 |        83.7 |    86.7 |    84.1 
   ijkl-imln-njmk |   480 |  400 |  480 | 1.00 | 1.00 |        85.2 |    87.5 |    85.4 
   ijkl-imnj-nlkm |   480 |  400 |  480 | 1.00 | 1.00 |        84.1 |    87.0 |    86.1 
   ijkl-imnk-njml |   480 |  400 |  480 | 1.00 | 1.00 |        85.3 |    87.7 |    86.3 
   ijkl-minj-nlmk |   480 |  400 |  576 | 1.00 | 1.00 |        85.9 |    87.4 |    87.6 
   ijkl-mink-jnlm |   480 |  480 |  480 | 1.00 | 0.83 |        85.1 |    87.6 |    86.3 
   ijkl-minl-njmk |   480 |  400 |  576 | 1.00 | 1.00 |        85.8 |    87.5 |    87.4 
     aqrs-pa-pqrs |    24 | 8000 |   24 | 1.00 | 1.00 |        40.0 |    46.9 |    37.9 
     abrs-qb-aqrs |    20 | 9600 |   24 | 1.00 | 1.00 |        44.7 |    40.9 |    38.8 
     abcs-rc-abrs |    20 | 9600 |   24 | 1.00 | 1.00 |        44.6 |    40.9 |    38.8 
       abj-bka-kj |  5184 |   52 |   72 | 1.00 | 1.00 |        61.7 |    61.0 |    63.9 
       ajb-kba-jk |  3744 |   72 |   72 | 1.00 | 1.00 |        68.6 |    71.8 |    72.2 
     abjc-cbka-kj | 11520 |   20 |   24 | 1.00 | 1.00 |        35.1 |    31.3 |    33.2 
     ajbc-ckba-jk | 11520 |   24 |   20 | 1.00 | 1.00 |        36.3 |    38.1 |    35.1 
     abjc-kbac-jk |  9600 |   24 |   24 | 1.00 | 1.00 |        41.6 |    43.3 |    40.8 
   abjcd-dkbac-jk | 82944 |   24 |   12 | 1.00 | 1.00 |        20.9 |    20.7 |    20.6 
   adbjc-cbdka-kj | 82944 |   12 |   24 | 1.00 | 1.00 |        15.3 |    12.9 |    14.0 
   ajbdc-ckbad-jk | 82944 |   24 |   12 | 1.00 | 1.00 |        20.2 |    21.6 |    20.1 
 abcijk-ijma-mkbc |  4608 |  512 |   24 | 1.00 | 0.94 |        45.8 |    50.8 |    47.2 
 abcijk-ijmb-mkac |  1536 | 1536 |   24 | 1.00 | 0.50 |        40.8 |    44.5 |    43.2 
 abcijk-ijmc-mkab |  1536 | 1536 |   24 | 1.00 | 0.50 |        45.7 |    49.0 |    45.1 
 abcijk-ikma-mjbc |  4608 |  512 |   24 | 1.00 | 0.94 |        45.8 |    51.0 |    47.3 
 abcijk-ikmb-mjac |  1536 | 1536 |   24 | 1.00 | 0.50 |        40.7 |    44.5 |    43.3 
 abcijk-ikmc-mjab |  1536 | 1536 |   24 | 1.00 | 0.50 |        45.7 |    49.0 |    45.5 
 abcijk-jkma-mibc |  4608 |  512 |   24 | 1.00 | 0.94 |        47.2 |    53.0 |    48.3 
 abcijk-jkmb-miac |  1536 | 1536 |   24 | 1.00 | 0.50 |        41.0 |    45.1 |    43.6 
 abcijk-jkmc-miab |  1536 | 1536 |   24 | 1.00 | 0.50 |        45.6 |    49.1 |    44.4 
 abcijk-eiab-jkec |  1536 | 1536 |   24 | 1.00 | 0.50 |        45.3 |    48.7 |    44.2 
 abcijk-eiac-jkeb |  1536 | 1536 |   24 | 1.00 | 0.50 |        40.9 |    45.2 |    43.7 
 abcijk-eibc-jkea |   512 | 4608 |   24 | 1.00 | 0.94 |        47.1 |    53.0 |    48.6 
 abcijk-ejab-ikec |  1536 | 1536 |   24 | 1.00 | 0.50 |        45.6 |    48.7 |    45.2 
 abcijk-ejac-ikeb |  1536 | 1536 |   24 | 1.00 | 0.50 |        40.6 |    44.6 |    43.4 
 abcijk-ejbc-ikea |   512 | 4608 |   24 | 1.00 | 0.94 |        45.5 |    50.7 |    47.3 
 abcijk-ekab-ijec |  1536 | 1536 |   24 | 1.00 | 0.50 |        45.8 |    49.0 |    45.4 
 abcijk-ekac-ijeb |  1536 | 1536 |   24 | 1.00 | 0.50 |        40.7 |    44.5 |    43.2 
 abcijk-ekbc-ijea |   512 | 4608 |   24 | 1.00 | 0.94 |        45.8 |    50.8 |    46.8 
       abc-bk-akc |    72 | 3744 |   52 | 1.00 | 1.00 |        66.0 |    71.6 |    67.3 

=== complex efficiency ratio (c32 GF/s over f32 GF/s; 1.0 = no penalty) ===
             case | planar c32/f32 | 1m c32/f32 | 3m c32/f32 
------------------+----------------+------------+------------
         ij-ik-kj |          1.123 |      1.150 |      1.123 
       ij-ikl-ljk |          1.588 |      1.586 |      1.588 
       ij-kil-lkj |          1.604 |      1.575 |      1.657 
       ijk-ikl-lj |          1.119 |      1.146 |      1.102 
       ijk-il-jlk |          1.381 |      1.519 |      1.368 
       ijk-ilk-jl |          1.099 |      1.190 |      1.113 
       ijk-ilk-lj |          1.143 |      1.184 |      1.164 
     ijk-ilmk-mjl |          1.571 |      1.287 |      1.369 
   ijkl-imjn-lnkm |          1.110 |      1.143 |      1.120 
   ijkl-imjn-nlmk |          1.091 |      1.118 |      1.101 
   ijkl-imkn-jnlm |          1.089 |      1.124 |      1.105 
   ijkl-imkn-njml |          1.100 |      1.139 |      1.122 
   ijkl-imln-jnkm |          1.098 |      1.137 |      1.102 
   ijkl-imln-njmk |          1.110 |      1.139 |      1.112 
   ijkl-imnj-nlkm |          1.080 |      1.117 |      1.105 
   ijkl-imnk-njml |          1.109 |      1.140 |      1.122 
   ijkl-minj-nlmk |          1.095 |      1.115 |      1.116 
   ijkl-mink-jnlm |          1.100 |      1.132 |      1.115 
   ijkl-minl-njmk |          1.107 |      1.129 |      1.127 
     aqrs-pa-pqrs |          1.891 |      2.216 |      1.790 
     abrs-qb-aqrs |          1.669 |      1.529 |      1.451 
     abcs-rc-abrs |          1.386 |      1.272 |      1.206 
       abj-bka-kj |          1.280 |      1.267 |      1.327 
       ajb-kba-jk |          1.140 |      1.193 |      1.201 
     abjc-cbka-kj |          1.687 |      1.503 |      1.593 
     ajbc-ckba-jk |          1.958 |      2.053 |      1.892 
     abjc-kbac-jk |          1.341 |      1.395 |      1.314 
   abjcd-dkbac-jk |          1.171 |      1.157 |      1.151 
   adbjc-cbdka-kj |          1.721 |      1.455 |      1.584 
   ajbdc-ckbad-jk |          1.341 |      1.433 |      1.336 
 abcijk-ijma-mkbc |          1.387 |      1.540 |      1.429 
 abcijk-ijmb-mkac |          1.212 |      1.322 |      1.284 
 abcijk-ijmc-mkab |          0.860 |      0.921 |      0.849 
 abcijk-ikma-mjbc |          1.389 |      1.546 |      1.435 
 abcijk-ikmb-mjac |          1.211 |      1.324 |      1.286 
 abcijk-ikmc-mjab |          0.860 |      0.922 |      0.856 
 abcijk-jkma-mibc |          1.432 |      1.608 |      1.467 
 abcijk-jkmb-miac |          1.220 |      1.341 |      1.296 
 abcijk-jkmc-miab |          0.863 |      0.928 |      0.841 
 abcijk-eiab-jkec |          0.857 |      0.921 |      0.837 
 abcijk-eiac-jkeb |          1.215 |      1.344 |      1.300 
 abcijk-eibc-jkea |          1.428 |      1.608 |      1.473 
 abcijk-ejab-ikec |          0.858 |      0.917 |      0.851 
 abcijk-ejac-ikeb |          1.207 |      1.324 |      1.288 
 abcijk-ejbc-ikea |          1.380 |      1.537 |      1.433 
 abcijk-ekab-ijec |          0.863 |      0.924 |      0.855 
 abcijk-ekac-ijeb |          1.209 |      1.321 |      1.283 
 abcijk-ekbc-ijea |          1.387 |      1.539 |      1.418 
       abc-bk-akc |          1.100 |      1.193 |      1.120 
             MEAN |          1.250 |      1.298 |      1.249 

wrote bench-results/worker5086-zen2/phase4g/sm-guard-s1-t1-f32c32.csv
