host        : worker5086
target      : x86_64 / linux
cpu features: avx2 fma 
caches      : L1=32KiB/8-way/1sh L2=512KiB/8-way/1sh L3=16384KiB/16-way/4sh (via sysfs), blocking=legacy
l3 domains  : t1=1 t4=1 t8=2 t16=4 t32=8 t64=16 t128=32
baselines   : tblis=false blas=false

sweeping 49 cases at 0.25 MiB nominal tensor size, 96 reps, stress=none


=== f32 ===
             case |     m |    n |    k | regA | regB | planar GF/s | 1m GF/s | 3m GF/s 
------------------+-------+------+------+------+------+-------------+---------+---------
         ij-ik-kj |   192 |  180 |  192 | 1.00 | 1.00 |        77.3 |    77.3 |    77.3 
       ij-ikl-ljk |    48 |   32 | 1536 | 1.00 | 1.00 |        34.2 |    34.2 |    34.2 
       ij-kil-lkj |    48 |   32 | 2304 | 1.00 | 1.00 |        30.5 |    30.5 |    30.5 
       ijk-ikl-lj |  1536 |   32 |   48 | 1.00 | 1.00 |        46.9 |    46.9 |    46.9 
       ijk-il-jlk |    48 | 1536 |   32 | 1.00 | 1.00 |        36.9 |    36.9 |    36.9 
       ijk-ilk-jl |  1536 |   48 |   32 | 1.00 | 1.00 |        48.2 |    48.2 |    48.2 
       ijk-ilk-lj |  1536 |   32 |   48 | 1.00 | 1.00 |        47.1 |    47.1 |    47.1 
     ijk-ilmk-mjl |   288 |   12 |  288 | 0.67 | 1.00 |        33.6 |    33.6 |    33.6 
   ijkl-imjn-lnkm |   288 |  288 |  144 | 0.67 | 1.00 |        81.5 |    81.5 |    81.5 
   ijkl-imjn-nlmk |   288 |  144 |  288 | 0.67 | 1.00 |        75.5 |    75.5 |    75.5 
   ijkl-imkn-jnlm |   288 |  288 |  144 | 0.67 | 1.00 |        79.5 |    79.5 |    79.5 
   ijkl-imkn-njml |   288 |  144 |  288 | 0.67 | 1.00 |        80.2 |    80.2 |    80.2 
   ijkl-imln-jnkm |   288 |  288 |  144 | 0.67 | 1.00 |        80.9 |    80.9 |    80.9 
   ijkl-imln-njmk |   288 |  144 |  288 | 0.67 | 1.00 |        79.4 |    79.4 |    79.4 
   ijkl-imnj-nlkm |   288 |  144 |  288 | 0.67 | 1.00 |        79.5 |    79.5 |    79.5 
   ijkl-imnk-njml |   288 |  144 |  288 | 0.67 | 1.00 |        79.9 |    79.9 |    79.9 
   ijkl-minj-nlmk |   288 |  144 |  576 | 0.67 | 1.00 |       102.9 |   102.9 |   102.9 
   ijkl-mink-jnlm |   288 |  288 |  288 | 0.67 | 1.00 |       120.0 |   120.0 |   120.0 
   ijkl-minl-njmk |   288 |  144 |  576 | 0.67 | 1.00 |       110.3 |   110.3 |   110.3 
     aqrs-pa-pqrs |    24 | 1728 |   24 | 1.00 | 1.00 |        20.3 |    20.3 |    20.3 
     abrs-qb-aqrs |    12 | 3456 |   24 | 1.00 | 1.00 |        23.0 |    23.0 |    23.0 
     abcs-rc-abrs |    12 | 3456 |   24 | 1.00 | 1.00 |        27.8 |    27.8 |    27.8 
       abj-bka-kj |  2304 |   32 |   48 | 1.00 | 1.00 |        35.7 |    35.7 |    35.7 
       ajb-kba-jk |  1536 |   48 |   48 | 1.00 | 1.00 |        48.1 |    48.1 |    48.1 
     abjc-cbka-kj |  6912 |   12 |   24 | 0.67 | 1.00 |        16.0 |    16.0 |    16.0 
     ajbc-ckba-jk |  6912 |   24 |   12 | 1.00 | 1.00 |        16.6 |    16.6 |    16.6 
     abjc-kbac-jk |  3456 |   24 |   24 | 0.67 | 1.00 |        30.1 |    30.1 |    30.1 
   abjcd-dkbac-jk | 36864 |   24 |    8 | 0.67 | 1.00 |        24.6 |    24.6 |    24.6 
   adbjc-cbdka-kj | 36864 |    8 |   24 | 0.67 | 1.00 |        11.9 |    11.9 |    11.9 
   ajbdc-ckbad-jk | 36864 |   24 |    8 | 1.00 | 1.00 |        20.9 |    20.9 |    20.9 
 abcijk-ijma-mkbc |  2304 |   64 |   24 | 1.00 | 1.00 |        26.3 |    26.3 |    26.3 
 abcijk-ijmb-mkac |   384 |  384 |   24 | 1.00 | 1.00 |        31.3 |    31.3 |    31.3 
 abcijk-ijmc-mkab |   384 |  384 |   24 | 1.00 | 0.00 |        48.3 |    48.3 |    48.3 
 abcijk-ikma-mjbc |  2304 |   64 |   24 | 1.00 | 1.00 |        26.3 |    26.3 |    26.3 
 abcijk-ikmb-mjac |   384 |  384 |   24 | 1.00 | 1.00 |        31.1 |    31.1 |    31.1 
 abcijk-ikmc-mjab |   384 |  384 |   24 | 1.00 | 0.00 |        48.2 |    48.2 |    48.2 
 abcijk-jkma-mibc |  2304 |   64 |   24 | 1.00 | 1.00 |        26.3 |    26.3 |    26.3 
 abcijk-jkmb-miac |   384 |  384 |   24 | 1.00 | 1.00 |        31.3 |    31.3 |    31.3 
 abcijk-jkmc-miab |   384 |  384 |   24 | 1.00 | 0.00 |        47.8 |    47.8 |    47.8 
 abcijk-eiab-jkec |   384 |  384 |   24 | 1.00 | 0.00 |        47.9 |    47.9 |    47.9 
 abcijk-eiac-jkeb |   384 |  384 |   24 | 1.00 | 1.00 |        31.1 |    31.1 |    31.1 
 abcijk-eibc-jkea |    64 | 2304 |   24 | 1.00 | 1.00 |        26.3 |    26.3 |    26.3 
 abcijk-ejab-ikec |   384 |  384 |   24 | 1.00 | 0.00 |        48.1 |    48.1 |    48.1 
 abcijk-ejac-ikeb |   384 |  384 |   24 | 1.00 | 1.00 |        31.1 |    31.1 |    31.1 
 abcijk-ejbc-ikea |    64 | 2304 |   24 | 1.00 | 1.00 |        26.5 |    26.5 |    26.5 
 abcijk-ekab-ijec |   384 |  384 |   24 | 1.00 | 0.00 |        48.2 |    48.2 |    48.2 
 abcijk-ekac-ijeb |   384 |  384 |   24 | 1.00 | 1.00 |        31.3 |    31.3 |    31.3 
 abcijk-ekbc-ijea |    64 | 2304 |   24 | 1.00 | 1.00 |        26.3 |    26.3 |    26.3 
       abc-bk-akc |    48 | 1536 |   32 | 1.00 | 1.00 |        48.2 |    48.2 |    48.2 

=== c32 ===
             case |     m |    n |    k | regA | regB | planar GF/s | 1m GF/s | 3m GF/s 
------------------+-------+------+------+------+------+-------------+---------+---------
         ij-ik-kj |   192 |  180 |  192 | 1.00 | 1.00 |       145.7 |   137.1 |   123.6 
       ij-ikl-ljk |    48 |   32 | 1536 | 1.00 | 1.00 |        60.9 |    63.4 |    49.8 
       ij-kil-lkj |    48 |   32 | 2304 | 1.00 | 1.00 |        50.9 |    49.2 |    65.8 
       ijk-ikl-lj |  1536 |   32 |   48 | 1.00 | 1.00 |        84.6 |    81.6 |    71.1 
       ijk-il-jlk |    48 | 1536 |   32 | 1.00 | 0.92 |        56.0 |    63.6 |    58.6 
       ijk-ilk-jl |  1536 |   48 |   32 | 1.00 | 1.00 |        85.4 |    83.7 |    72.1 
       ijk-ilk-lj |  1536 |   32 |   48 | 1.00 | 1.00 |        85.8 |    82.1 |    76.2 
     ijk-ilmk-mjl |   288 |   12 |  288 | 1.00 | 1.00 |        49.8 |    48.6 |    45.1 
   ijkl-imjn-lnkm |   288 |  288 |  144 | 1.00 | 0.67 |       159.2 |   167.3 |   172.4 
   ijkl-imjn-nlmk |   288 |  144 |  288 | 1.00 | 0.69 |       150.6 |   155.1 |   182.1 
   ijkl-imkn-jnlm |   288 |  288 |  144 | 1.00 | 0.84 |       167.9 |   155.4 |   189.8 
   ijkl-imkn-njml |   288 |  144 |  288 | 1.00 | 0.69 |       166.1 |   150.4 |   181.3 
   ijkl-imln-jnkm |   288 |  288 |  144 | 1.00 | 0.84 |       171.0 |   162.5 |   189.0 
   ijkl-imln-njmk |   288 |  144 |  288 | 1.00 | 0.69 |       159.5 |   141.8 |   184.5 
   ijkl-imnj-nlkm |   288 |  144 |  288 | 1.00 | 0.69 |       158.9 |   141.6 |   183.9 
   ijkl-imnk-njml |   288 |  144 |  288 | 1.00 | 0.69 |       151.3 |   151.7 |   183.0 
   ijkl-minj-nlmk |   288 |  144 |  576 | 1.00 | 0.69 |       130.5 |   126.7 |   164.0 
   ijkl-mink-jnlm |   288 |  288 |  288 | 1.00 | 0.84 |       145.9 |   138.6 |   167.2 
   ijkl-minl-njmk |   288 |  144 |  576 | 1.00 | 0.69 |       132.5 |   129.7 |   147.9 
     aqrs-pa-pqrs |    24 | 1728 |   24 | 1.00 | 1.00 |        39.2 |    46.2 |    38.0 
     abrs-qb-aqrs |    12 | 3456 |   24 | 1.00 | 1.00 |        34.4 |    36.8 |    32.0 
     abcs-rc-abrs |    12 | 3456 |   24 | 1.00 | 1.00 |        34.4 |    37.2 |    32.1 
       abj-bka-kj |  2304 |   32 |   48 | 1.00 | 1.00 |        97.2 |    92.3 |    87.0 
       ajb-kba-jk |  1536 |   48 |   48 | 1.00 | 1.00 |       109.7 |   109.2 |    96.6 
     abjc-cbka-kj |  6912 |   12 |   24 | 1.00 | 1.00 |        41.1 |    38.8 |    26.3 
     ajbc-ckba-jk |  6912 |   24 |   12 | 1.00 | 1.00 |        44.7 |    47.6 |    27.9 
     abjc-kbac-jk |  3456 |   24 |   24 | 1.00 | 1.00 |        59.2 |    59.9 |    40.6 
   abjcd-dkbac-jk | 36864 |   24 |    8 | 1.00 | 1.00 |        81.9 |    83.5 |    77.3 
   adbjc-cbdka-kj | 36864 |    8 |   24 | 1.00 | 1.00 |        62.5 |    69.4 |    63.3 
   ajbdc-ckbad-jk | 36864 |   24 |    8 | 1.00 | 1.00 |        84.3 |    87.2 |    81.1 
 abcijk-ijma-mkbc |  2304 |   64 |   24 | 1.00 | 0.77 |       104.0 |   102.1 |    86.7 
 abcijk-ijmb-mkac |   384 |  384 |   24 | 1.00 | 0.01 |       109.5 |   107.9 |    81.4 
 abcijk-ijmc-mkab |   384 |  384 |   24 | 1.00 | 0.01 |       108.2 |   105.6 |    79.1 
 abcijk-ikma-mjbc |  2304 |   64 |   24 | 1.00 | 0.77 |       103.3 |   100.3 |    87.3 
 abcijk-ikmb-mjac |   384 |  384 |   24 | 1.00 | 0.01 |       106.0 |   107.2 |    81.1 
 abcijk-ikmc-mjab |   384 |  384 |   24 | 1.00 | 0.01 |       104.3 |   108.4 |    80.8 
 abcijk-jkma-mibc |  2304 |   64 |   24 | 1.00 | 0.77 |       105.5 |   101.2 |    86.9 
 abcijk-jkmb-miac |   384 |  384 |   24 | 1.00 | 0.01 |        92.5 |    99.5 |    79.1 
 abcijk-jkmc-miab |   384 |  384 |   24 | 1.00 | 0.01 |        79.8 |    97.5 |    76.5 
 abcijk-eiab-jkec |   384 |  384 |   24 | 1.00 | 0.01 |        84.6 |    89.3 |    73.7 
 abcijk-eiac-jkeb |   384 |  384 |   24 | 1.00 | 0.01 |        94.3 |    90.6 |    76.6 
 abcijk-eibc-jkea |    64 | 2304 |   24 | 1.00 | 0.77 |       104.6 |   103.0 |    86.8 
 abcijk-ejab-ikec |   384 |  384 |   24 | 1.00 | 0.01 |       104.5 |   106.5 |    79.6 
 abcijk-ejac-ikeb |   384 |  384 |   24 | 1.00 | 0.01 |       104.6 |   108.8 |    79.8 
 abcijk-ejbc-ikea |    64 | 2304 |   24 | 1.00 | 0.77 |       103.2 |   104.5 |    85.9 
 abcijk-ekab-ijec |   384 |  384 |   24 | 1.00 | 0.01 |       108.3 |   107.7 |    81.6 
 abcijk-ekac-ijeb |   384 |  384 |   24 | 1.00 | 0.01 |       107.1 |   107.8 |    81.4 
 abcijk-ekbc-ijea |    64 | 2304 |   24 | 1.00 | 0.77 |       103.5 |   102.1 |    88.8 
       abc-bk-akc |    48 | 1536 |   32 | 1.00 | 1.00 |        84.2 |    85.0 |    71.6 

=== complex efficiency ratio (c32 GF/s over f32 GF/s; 1.0 = no penalty) ===
             case | planar c32/f32 | 1m c32/f32 | 3m c32/f32 
------------------+----------------+------------+------------
         ij-ik-kj |          1.885 |      1.774 |      1.599 
       ij-ikl-ljk |          1.781 |      1.854 |      1.456 
       ij-kil-lkj |          1.667 |      1.611 |      2.153 
       ijk-ikl-lj |          1.806 |      1.740 |      1.516 
       ijk-il-jlk |          1.518 |      1.722 |      1.588 
       ijk-ilk-jl |          1.771 |      1.737 |      1.496 
       ijk-ilk-lj |          1.821 |      1.743 |      1.618 
     ijk-ilmk-mjl |          1.480 |      1.444 |      1.340 
   ijkl-imjn-lnkm |          1.953 |      2.052 |      2.115 
   ijkl-imjn-nlmk |          1.994 |      2.054 |      2.411 
   ijkl-imkn-jnlm |          2.112 |      1.954 |      2.387 
   ijkl-imkn-njml |          2.070 |      1.875 |      2.260 
   ijkl-imln-jnkm |          2.114 |      2.009 |      2.337 
   ijkl-imln-njmk |          2.007 |      1.785 |      2.322 
   ijkl-imnj-nlkm |          1.999 |      1.782 |      2.314 
   ijkl-imnk-njml |          1.893 |      1.897 |      2.290 
   ijkl-minj-nlmk |          1.267 |      1.230 |      1.593 
   ijkl-mink-jnlm |          1.216 |      1.155 |      1.393 
   ijkl-minl-njmk |          1.201 |      1.176 |      1.341 
     aqrs-pa-pqrs |          1.928 |      2.273 |      1.867 
     abrs-qb-aqrs |          1.500 |      1.603 |      1.392 
     abcs-rc-abrs |          1.237 |      1.339 |      1.155 
       abj-bka-kj |          2.724 |      2.587 |      2.439 
       ajb-kba-jk |          2.278 |      2.268 |      2.007 
     abjc-cbka-kj |          2.559 |      2.421 |      1.640 
     ajbc-ckba-jk |          2.698 |      2.875 |      1.687 
     abjc-kbac-jk |          1.966 |      1.990 |      1.347 
   abjcd-dkbac-jk |          3.327 |      3.389 |      3.138 
   adbjc-cbdka-kj |          5.266 |      5.847 |      5.333 
   ajbdc-ckbad-jk |          4.031 |      4.169 |      3.879 
 abcijk-ijma-mkbc |          3.956 |      3.884 |      3.299 
 abcijk-ijmb-mkac |          3.495 |      3.443 |      2.599 
 abcijk-ijmc-mkab |          2.241 |      2.189 |      1.639 
 abcijk-ikma-mjbc |          3.928 |      3.812 |      3.317 
 abcijk-ikmb-mjac |          3.406 |      3.445 |      2.604 
 abcijk-ikmc-mjab |          2.162 |      2.247 |      1.676 
 abcijk-jkma-mibc |          4.008 |      3.847 |      3.302 
 abcijk-jkmb-miac |          2.953 |      3.176 |      2.524 
 abcijk-jkmc-miab |          1.667 |      2.037 |      1.598 
 abcijk-eiab-jkec |          1.765 |      1.863 |      1.538 
 abcijk-eiac-jkeb |          3.034 |      2.914 |      2.464 
 abcijk-eibc-jkea |          3.972 |      3.911 |      3.296 
 abcijk-ejab-ikec |          2.170 |      2.211 |      1.653 
 abcijk-ejac-ikeb |          3.360 |      3.495 |      2.565 
 abcijk-ejbc-ikea |          3.902 |      3.950 |      3.245 
 abcijk-ekab-ijec |          2.248 |      2.236 |      1.694 
 abcijk-ekac-ijeb |          3.420 |      3.441 |      2.600 
 abcijk-ekbc-ijea |          3.938 |      3.885 |      3.378 
       abc-bk-akc |          1.747 |      1.765 |      1.487 
             MEAN |          2.458 |      2.472 |      2.202 

wrote bench-results/worker5086-zen2/phase4g/sm-guard-s0.25-t64-f32c32.csv
