host        : worker5086
target      : x86_64 / linux
cpu features: avx2 fma 
caches      : L1=32KiB/8-way/1sh L2=512KiB/8-way/1sh L3=16384KiB/16-way/4sh (via sysfs), blocking=legacy
l3 domains  : t1=1 t4=1 t8=2 t16=4 t32=8
baselines   : tblis=false blas=false

sweeping 49 cases at 16 MiB nominal tensor size, 3 reps, stress=none


=== f32 ===
             case |      m |     n |     k | regA | regB | planar GF/s | 1m GF/s | 3m GF/s 
------------------+--------+-------+-------+------+------+-------------+---------+---------
         ij-ik-kj |   1464 |  1448 |  1464 | 1.00 | 1.00 |       369.6 |   369.6 |   369.6 
       ij-ikl-ljk |    144 |   128 | 18432 | 1.00 | 1.00 |       162.5 |   162.5 |   162.5 
       ij-kil-lkj |    144 |   128 | 20736 | 1.00 | 1.00 |       151.9 |   151.9 |   151.9 
       ijk-ikl-lj |  18432 |   128 |   144 | 1.00 | 1.00 |       244.4 |   244.4 |   244.4 
       ijk-il-jlk |    144 | 18432 |   128 | 1.00 | 1.00 |       508.2 |   508.2 |   508.2 
       ijk-ilk-jl |  18432 |   144 |   128 | 1.00 | 1.00 |       337.2 |   337.2 |   337.2 
       ijk-ilk-lj |  18432 |   128 |   144 | 1.00 | 1.00 |       329.9 |   329.9 |   329.9 
     ijk-ilmk-mjl |   1920 |    40 |  1920 | 1.00 | 1.00 |       170.0 |   170.0 |   170.0 
   ijkl-imjn-lnkm |   1920 |  1920 |  1600 | 1.00 | 0.90 |       393.6 |   393.6 |   393.6 
   ijkl-imjn-nlmk |   1920 |  1600 |  1920 | 1.00 | 0.90 |       408.5 |   408.5 |   408.5 
   ijkl-imkn-jnlm |   1920 |  1920 |  1600 | 1.00 | 1.00 |       502.0 |   502.0 |   502.0 
   ijkl-imkn-njml |   1920 |  1600 |  1920 | 1.00 | 0.90 |       476.4 |   476.4 |   476.4 
   ijkl-imln-jnkm |   1920 |  1920 |  1600 | 1.00 | 1.00 |       488.8 |   488.8 |   488.8 
   ijkl-imln-njmk |   1920 |  1600 |  1920 | 1.00 | 0.90 |       485.3 |   485.3 |   485.3 
   ijkl-imnj-nlkm |   1920 |  1600 |  1920 | 1.00 | 0.90 |       414.9 |   414.9 |   414.9 
   ijkl-imnk-njml |   1920 |  1600 |  1920 | 1.00 | 0.90 |       493.2 |   493.2 |   493.2 
   ijkl-minj-nlmk |   1920 |  1600 |  2304 | 1.00 | 0.90 |       438.2 |   438.2 |   438.2 
   ijkl-mink-jnlm |   1920 |  1920 |  1920 | 1.00 | 1.00 |       483.7 |   483.7 |   483.7 
   ijkl-minl-njmk |   1920 |  1600 |  2304 | 1.00 | 0.90 |       480.2 |   480.2 |   480.2 
     aqrs-pa-pqrs |     48 | 64000 |    48 | 1.00 | 1.00 |       298.0 |   298.0 |   298.0 
     abrs-qb-aqrs |     40 | 76800 |    48 | 1.00 | 1.00 |       166.0 |   166.0 |   166.0 
     abcs-rc-abrs |     40 | 76800 |    48 | 1.00 | 1.00 |       170.8 |   170.8 |   170.8 
       abj-bka-kj |  20736 |   128 |   144 | 1.00 | 1.00 |       244.8 |   244.8 |   244.8 
       ajb-kba-jk |  18432 |   144 |   144 | 1.00 | 1.00 |       301.5 |   301.5 |   301.5 
     abjc-cbka-kj |  92160 |    40 |    48 | 1.00 | 1.00 |        70.4 |    70.4 |    70.4 
     ajbc-ckba-jk |  92160 |    48 |    40 | 1.00 | 1.00 |        97.7 |    97.7 |    97.7 
     abjc-kbac-jk |  76800 |    48 |    48 | 1.00 | 1.00 |       186.5 |   186.5 |   186.5 
   abjcd-dkbac-jk | 230400 |    24 |    20 | 0.67 | 1.00 |        36.7 |    36.7 |    36.7 
   adbjc-cbdka-kj | 230400 |    20 |    24 | 0.67 | 1.00 |        27.1 |    27.1 |    27.1 
   ajbdc-ckbad-jk | 230400 |    24 |    20 | 1.00 | 1.00 |        35.7 |    35.7 |    35.7 
 abcijk-ijma-mkbc |   6912 |  1728 |    24 | 1.00 | 1.00 |       304.8 |   304.8 |   304.8 
 abcijk-ijmb-mkac |   3456 |  3456 |    24 | 1.00 | 1.00 |       278.0 |   278.0 |   278.0 
 abcijk-ijmc-mkab |   3456 |  3456 |    24 | 1.00 | 1.00 |       453.8 |   453.8 |   453.8 
 abcijk-ikma-mjbc |   6912 |  1728 |    24 | 1.00 | 1.00 |       284.4 |   284.4 |   284.4 
 abcijk-ikmb-mjac |   3456 |  3456 |    24 | 1.00 | 1.00 |       319.7 |   319.7 |   319.7 
 abcijk-ikmc-mjab |   3456 |  3456 |    24 | 1.00 | 1.00 |       407.1 |   407.1 |   407.1 
 abcijk-jkma-mibc |   6912 |  1728 |    24 | 1.00 | 1.00 |       309.0 |   309.0 |   309.0 
 abcijk-jkmb-miac |   3456 |  3456 |    24 | 1.00 | 1.00 |       307.9 |   307.9 |   307.9 
 abcijk-jkmc-miab |   3456 |  3456 |    24 | 1.00 | 1.00 |       365.2 |   365.2 |   365.2 
 abcijk-eiab-jkec |   3456 |  3456 |    24 | 1.00 | 1.00 |       363.8 |   363.8 |   363.8 
 abcijk-eiac-jkeb |   3456 |  3456 |    24 | 1.00 | 1.00 |       327.4 |   327.4 |   327.4 
 abcijk-eibc-jkea |   1728 |  6912 |    24 | 1.00 | 1.00 |       320.5 |   320.5 |   320.5 
 abcijk-ejab-ikec |   3456 |  3456 |    24 | 1.00 | 1.00 |       373.6 |   373.6 |   373.6 
 abcijk-ejac-ikeb |   3456 |  3456 |    24 | 1.00 | 1.00 |       303.2 |   303.2 |   303.2 
 abcijk-ejbc-ikea |   1728 |  6912 |    24 | 1.00 | 1.00 |       288.7 |   288.7 |   288.7 
 abcijk-ekab-ijec |   3456 |  3456 |    24 | 1.00 | 1.00 |       442.3 |   442.3 |   442.3 
 abcijk-ekac-ijeb |   3456 |  3456 |    24 | 1.00 | 1.00 |       310.3 |   310.3 |   310.3 
 abcijk-ekbc-ijea |   1728 |  6912 |    24 | 1.00 | 1.00 |       300.1 |   300.1 |   300.1 
       abc-bk-akc |    144 | 18432 |   128 | 1.00 | 1.00 |       350.1 |   350.1 |   350.1 

=== c32 ===
             case |      m |     n |     k | regA | regB | planar GF/s | 1m GF/s | 3m GF/s 
------------------+--------+-------+-------+------+------+-------------+---------+---------
         ij-ik-kj |   1464 |  1448 |  1464 | 1.00 | 1.00 |       541.7 |   600.6 |   524.3 
       ij-ikl-ljk |    144 |   128 | 18432 | 1.00 | 1.00 |       220.1 |   277.9 |   219.8 
       ij-kil-lkj |    144 |   128 | 20736 | 1.00 | 1.00 |       231.2 |   239.4 |   235.7 
       ijk-ikl-lj |  18432 |   128 |   144 | 1.00 | 1.00 |       402.2 |   384.8 |   362.4 
       ijk-il-jlk |    144 | 18432 |   128 | 1.00 | 0.97 |       238.1 |   232.7 |   198.9 
       ijk-ilk-jl |  18432 |   144 |   128 | 1.00 | 1.00 |       442.3 |   414.4 |   432.6 
       ijk-ilk-lj |  18432 |   128 |   144 | 1.00 | 1.00 |       469.9 |   392.6 |   455.5 
     ijk-ilmk-mjl |   1920 |    40 |  1920 | 1.00 | 1.00 |       291.4 |   217.9 |   175.1 
   ijkl-imjn-lnkm |   1920 |  1920 |  1600 | 1.00 | 1.00 |       594.0 |   558.0 |   654.3 
   ijkl-imjn-nlmk |   1920 |  1600 |  1920 | 1.00 | 1.00 |       638.1 |   606.5 |   518.5 
   ijkl-imkn-jnlm |   1920 |  1920 |  1600 | 1.00 | 0.92 |       651.1 |   601.3 |   972.3 
   ijkl-imkn-njml |   1920 |  1600 |  1920 | 1.00 | 1.00 |       788.1 |   682.1 |   851.8 
   ijkl-imln-jnkm |   1920 |  1920 |  1600 | 1.00 | 0.92 |       618.5 |   899.9 |   866.1 
   ijkl-imln-njmk |   1920 |  1600 |  1920 | 1.00 | 1.00 |       846.0 |   703.4 |   678.1 
   ijkl-imnj-nlkm |   1920 |  1600 |  1920 | 1.00 | 1.00 |       673.7 |   563.0 |   559.2 
   ijkl-imnk-njml |   1920 |  1600 |  1920 | 1.00 | 1.00 |       628.4 |   620.7 |   642.0 
   ijkl-minj-nlmk |   1920 |  1600 |  2304 | 1.00 | 1.00 |       726.0 |   614.6 |   581.7 
   ijkl-mink-jnlm |   1920 |  1920 |  1920 | 1.00 | 0.92 |       850.4 |   812.7 |   925.6 
   ijkl-minl-njmk |   1920 |  1600 |  2304 | 1.00 | 1.00 |       637.4 |   704.3 |   707.0 
     aqrs-pa-pqrs |     48 | 64000 |    48 | 1.00 | 1.00 |       245.3 |   285.5 |   224.9 
     abrs-qb-aqrs |     40 | 76800 |    48 | 1.00 | 1.00 |       278.9 |   271.9 |   282.2 
     abcs-rc-abrs |     40 | 76800 |    48 | 1.00 | 1.00 |       215.1 |   232.4 |   254.8 
       abj-bka-kj |  20736 |   128 |   144 | 1.00 | 1.00 |       420.9 |   427.8 |   422.5 
       ajb-kba-jk |  18432 |   144 |   144 | 1.00 | 1.00 |       501.3 |   507.4 |   460.5 
     abjc-cbka-kj |  92160 |    40 |    48 | 1.00 | 1.00 |       133.7 |   128.6 |   122.8 
     ajbc-ckba-jk |  92160 |    48 |    40 | 1.00 | 1.00 |       164.6 |   141.6 |   162.2 
     abjc-kbac-jk |  76800 |    48 |    48 | 1.00 | 1.00 |       310.0 |   325.3 |   325.6 
   abjcd-dkbac-jk | 230400 |    24 |    20 | 1.00 | 1.00 |        73.4 |    68.3 |    70.0 
   adbjc-cbdka-kj | 230400 |    20 |    24 | 1.00 | 1.00 |        71.5 |    56.8 |    56.2 
   ajbdc-ckbad-jk | 230400 |    24 |    20 | 1.00 | 1.00 |        69.9 |    65.9 |    69.7 
 abcijk-ijma-mkbc |   6912 |  1728 |    24 | 1.00 | 0.97 |       376.1 |   388.3 |   352.7 
 abcijk-ijmb-mkac |   3456 |  3456 |    24 | 1.00 | 0.67 |       392.8 |   396.7 |   365.3 
 abcijk-ijmc-mkab |   3456 |  3456 |    24 | 1.00 | 0.67 |       409.6 |   400.9 |   411.2 
 abcijk-ikma-mjbc |   6912 |  1728 |    24 | 1.00 | 0.97 |       370.0 |   371.0 |   346.9 
 abcijk-ikmb-mjac |   3456 |  3456 |    24 | 1.00 | 0.67 |       395.0 |   396.8 |   371.2 
 abcijk-ikmc-mjab |   3456 |  3456 |    24 | 1.00 | 0.67 |       413.9 |   402.8 |   408.1 
 abcijk-jkma-mibc |   6912 |  1728 |    24 | 1.00 | 0.97 |       386.0 |   391.6 |   367.7 
 abcijk-jkmb-miac |   3456 |  3456 |    24 | 1.00 | 0.67 |       396.8 |   401.7 |   362.1 
 abcijk-jkmc-miab |   3456 |  3456 |    24 | 1.00 | 0.67 |       420.8 |   397.8 |   386.4 
 abcijk-eiab-jkec |   3456 |  3456 |    24 | 1.00 | 0.67 |       411.9 |   406.6 |   405.0 
 abcijk-eiac-jkeb |   3456 |  3456 |    24 | 1.00 | 0.67 |       393.3 |   403.5 |   370.3 
 abcijk-eibc-jkea |   1728 |  6912 |    24 | 1.00 | 0.97 |       391.8 |   396.2 |   365.1 
 abcijk-ejab-ikec |   3456 |  3456 |    24 | 1.00 | 0.67 |       409.7 |   402.6 |   404.4 
 abcijk-ejac-ikeb |   3456 |  3456 |    24 | 1.00 | 0.67 |       387.3 |   396.1 |   362.2 
 abcijk-ejbc-ikea |   1728 |  6912 |    24 | 1.00 | 0.97 |       369.6 |   364.3 |   347.7 
 abcijk-ekab-ijec |   3456 |  3456 |    24 | 1.00 | 0.67 |       402.1 |   396.7 |   404.6 
 abcijk-ekac-ijeb |   3456 |  3456 |    24 | 1.00 | 0.67 |       400.2 |   407.7 |   363.7 
 abcijk-ekbc-ijea |   1728 |  6912 |    24 | 1.00 | 0.97 |       376.3 |   396.3 |   346.6 
       abc-bk-akc |    144 | 18432 |   128 | 1.00 | 1.00 |       433.4 |   416.0 |   460.0 

=== complex efficiency ratio (c32 GF/s over f32 GF/s; 1.0 = no penalty) ===
             case | planar c32/f32 | 1m c32/f32 | 3m c32/f32 
------------------+----------------+------------+------------
         ij-ik-kj |          1.466 |      1.625 |      1.418 
       ij-ikl-ljk |          1.355 |      1.710 |      1.353 
       ij-kil-lkj |          1.523 |      1.576 |      1.552 
       ijk-ikl-lj |          1.645 |      1.575 |      1.483 
       ijk-il-jlk |          0.468 |      0.458 |      0.391 
       ijk-ilk-jl |          1.312 |      1.229 |      1.283 
       ijk-ilk-lj |          1.424 |      1.190 |      1.381 
     ijk-ilmk-mjl |          1.714 |      1.282 |      1.030 
   ijkl-imjn-lnkm |          1.509 |      1.418 |      1.662 
   ijkl-imjn-nlmk |          1.562 |      1.485 |      1.269 
   ijkl-imkn-jnlm |          1.297 |      1.198 |      1.937 
   ijkl-imkn-njml |          1.654 |      1.432 |      1.788 
   ijkl-imln-jnkm |          1.265 |      1.841 |      1.772 
   ijkl-imln-njmk |          1.743 |      1.449 |      1.397 
   ijkl-imnj-nlkm |          1.624 |      1.357 |      1.348 
   ijkl-imnk-njml |          1.274 |      1.258 |      1.302 
   ijkl-minj-nlmk |          1.657 |      1.403 |      1.328 
   ijkl-mink-jnlm |          1.758 |      1.680 |      1.914 
   ijkl-minl-njmk |          1.327 |      1.467 |      1.472 
     aqrs-pa-pqrs |          0.823 |      0.958 |      0.755 
     abrs-qb-aqrs |          1.681 |      1.638 |      1.701 
     abcs-rc-abrs |          1.259 |      1.360 |      1.492 
       abj-bka-kj |          1.719 |      1.747 |      1.726 
       ajb-kba-jk |          1.663 |      1.683 |      1.527 
     abjc-cbka-kj |          1.900 |      1.827 |      1.745 
     ajbc-ckba-jk |          1.684 |      1.449 |      1.660 
     abjc-kbac-jk |          1.662 |      1.745 |      1.746 
   abjcd-dkbac-jk |          1.998 |      1.858 |      1.907 
   adbjc-cbdka-kj |          2.641 |      2.100 |      2.075 
   ajbdc-ckbad-jk |          1.956 |      1.846 |      1.950 
 abcijk-ijma-mkbc |          1.234 |      1.274 |      1.157 
 abcijk-ijmb-mkac |          1.413 |      1.427 |      1.314 
 abcijk-ijmc-mkab |          0.903 |      0.883 |      0.906 
 abcijk-ikma-mjbc |          1.301 |      1.305 |      1.220 
 abcijk-ikmb-mjac |          1.235 |      1.241 |      1.161 
 abcijk-ikmc-mjab |          1.017 |      0.989 |      1.003 
 abcijk-jkma-mibc |          1.249 |      1.267 |      1.190 
 abcijk-jkmb-miac |          1.289 |      1.305 |      1.176 
 abcijk-jkmc-miab |          1.152 |      1.089 |      1.058 
 abcijk-eiab-jkec |          1.132 |      1.118 |      1.113 
 abcijk-eiac-jkeb |          1.201 |      1.232 |      1.131 
 abcijk-eibc-jkea |          1.222 |      1.236 |      1.139 
 abcijk-ejab-ikec |          1.097 |      1.078 |      1.083 
 abcijk-ejac-ikeb |          1.277 |      1.306 |      1.195 
 abcijk-ejbc-ikea |          1.280 |      1.262 |      1.204 
 abcijk-ekab-ijec |          0.909 |      0.897 |      0.915 
 abcijk-ekac-ijeb |          1.290 |      1.314 |      1.172 
 abcijk-ekbc-ijea |          1.254 |      1.321 |      1.155 
       abc-bk-akc |          1.238 |      1.188 |      1.314 
             MEAN |          1.413 |      1.379 |      1.367 

wrote bench-results/worker5086-zen2/phase4g/sm-guard-s16-t16-f32c32.csv
