host        : worker5086
target      : x86_64 / linux
cpu features: avx2 fma 
caches      : L1=32KiB/8-way/1sh L2=512KiB/8-way/1sh L3=16384KiB/16-way/4sh (via sysfs), blocking=legacy
l3 domains  : t1=1 t4=1 t8=2 t16=4
baselines   : tblis=false blas=false

sweeping 49 cases at 0.25 MiB nominal tensor size, 96 reps, stress=none


=== f32 ===
             case |     m |    n |    k | regA | regB | planar GF/s | 1m GF/s | 3m GF/s 
------------------+-------+------+------+------+------+-------------+---------+---------
         ij-ik-kj |   192 |  180 |  192 | 1.00 | 1.00 |        71.6 |    71.6 |    71.6 
       ij-ikl-ljk |    48 |   32 | 1536 | 1.00 | 1.00 |        34.2 |    34.2 |    34.2 
       ij-kil-lkj |    48 |   32 | 2304 | 1.00 | 1.00 |        30.3 |    30.3 |    30.3 
       ijk-ikl-lj |  1536 |   32 |   48 | 1.00 | 1.00 |        46.6 |    46.6 |    46.6 
       ijk-il-jlk |    48 | 1536 |   32 | 1.00 | 1.00 |        36.7 |    36.7 |    36.7 
       ijk-ilk-jl |  1536 |   48 |   32 | 1.00 | 1.00 |        48.4 |    48.4 |    48.4 
       ijk-ilk-lj |  1536 |   32 |   48 | 1.00 | 1.00 |        47.0 |    47.0 |    47.0 
     ijk-ilmk-mjl |   288 |   12 |  288 | 0.67 | 1.00 |        33.7 |    33.7 |    33.7 
   ijkl-imjn-lnkm |   288 |  288 |  144 | 0.67 | 1.00 |       108.9 |   108.9 |   108.9 
   ijkl-imjn-nlmk |   288 |  144 |  288 | 0.67 | 1.00 |       109.6 |   109.6 |   109.6 
   ijkl-imkn-jnlm |   288 |  288 |  144 | 0.67 | 1.00 |        93.8 |    93.8 |    93.8 
   ijkl-imkn-njml |   288 |  144 |  288 | 0.67 | 1.00 |       110.1 |   110.1 |   110.1 
   ijkl-imln-jnkm |   288 |  288 |  144 | 0.67 | 1.00 |       111.9 |   111.9 |   111.9 
   ijkl-imln-njmk |   288 |  144 |  288 | 0.67 | 1.00 |        94.7 |    94.7 |    94.7 
   ijkl-imnj-nlkm |   288 |  144 |  288 | 0.67 | 1.00 |        90.1 |    90.1 |    90.1 
   ijkl-imnk-njml |   288 |  144 |  288 | 0.67 | 1.00 |       100.2 |   100.2 |   100.2 
   ijkl-minj-nlmk |   288 |  144 |  576 | 0.67 | 1.00 |       129.5 |   129.5 |   129.5 
   ijkl-mink-jnlm |   288 |  288 |  288 | 0.67 | 1.00 |       150.0 |   150.0 |   150.0 
   ijkl-minl-njmk |   288 |  144 |  576 | 0.67 | 1.00 |       136.0 |   136.0 |   136.0 
     aqrs-pa-pqrs |    24 | 1728 |   24 | 1.00 | 1.00 |        21.1 |    21.1 |    21.1 
     abrs-qb-aqrs |    12 | 3456 |   24 | 1.00 | 1.00 |        23.0 |    23.0 |    23.0 
     abcs-rc-abrs |    12 | 3456 |   24 | 1.00 | 1.00 |        28.0 |    28.0 |    28.0 
       abj-bka-kj |  2304 |   32 |   48 | 1.00 | 1.00 |        35.8 |    35.8 |    35.8 
       ajb-kba-jk |  1536 |   48 |   48 | 1.00 | 1.00 |        48.2 |    48.2 |    48.2 
     abjc-cbka-kj |  6912 |   12 |   24 | 0.67 | 1.00 |        16.0 |    16.0 |    16.0 
     ajbc-ckba-jk |  6912 |   24 |   12 | 1.00 | 1.00 |        16.7 |    16.7 |    16.7 
     abjc-kbac-jk |  3456 |   24 |   24 | 0.67 | 1.00 |        30.9 |    30.9 |    30.9 
   abjcd-dkbac-jk | 36864 |   24 |    8 | 0.67 | 1.00 |        25.9 |    25.9 |    25.9 
   adbjc-cbdka-kj | 36864 |    8 |   24 | 0.67 | 1.00 |        11.1 |    11.1 |    11.1 
   ajbdc-ckbad-jk | 36864 |   24 |    8 | 1.00 | 1.00 |        21.3 |    21.3 |    21.3 
 abcijk-ijma-mkbc |  2304 |   64 |   24 | 1.00 | 1.00 |        26.9 |    26.9 |    26.9 
 abcijk-ijmb-mkac |   384 |  384 |   24 | 1.00 | 1.00 |        31.8 |    31.8 |    31.8 
 abcijk-ijmc-mkab |   384 |  384 |   24 | 1.00 | 0.00 |        49.3 |    49.3 |    49.3 
 abcijk-ikma-mjbc |  2304 |   64 |   24 | 1.00 | 1.00 |        27.0 |    27.0 |    27.0 
 abcijk-ikmb-mjac |   384 |  384 |   24 | 1.00 | 1.00 |        31.9 |    31.9 |    31.9 
 abcijk-ikmc-mjab |   384 |  384 |   24 | 1.00 | 0.00 |        49.1 |    49.1 |    49.1 
 abcijk-jkma-mibc |  2304 |   64 |   24 | 1.00 | 1.00 |        26.9 |    26.9 |    26.9 
 abcijk-jkmb-miac |   384 |  384 |   24 | 1.00 | 1.00 |        31.9 |    31.9 |    31.9 
 abcijk-jkmc-miab |   384 |  384 |   24 | 1.00 | 0.00 |        49.2 |    49.2 |    49.2 
 abcijk-eiab-jkec |   384 |  384 |   24 | 1.00 | 0.00 |        49.1 |    49.1 |    49.1 
 abcijk-eiac-jkeb |   384 |  384 |   24 | 1.00 | 1.00 |        32.0 |    32.0 |    32.0 
 abcijk-eibc-jkea |    64 | 2304 |   24 | 1.00 | 1.00 |        27.0 |    27.0 |    27.0 
 abcijk-ejab-ikec |   384 |  384 |   24 | 1.00 | 0.00 |        49.3 |    49.3 |    49.3 
 abcijk-ejac-ikeb |   384 |  384 |   24 | 1.00 | 1.00 |        32.0 |    32.0 |    32.0 
 abcijk-ejbc-ikea |    64 | 2304 |   24 | 1.00 | 1.00 |        26.9 |    26.9 |    26.9 
 abcijk-ekab-ijec |   384 |  384 |   24 | 1.00 | 0.00 |        49.4 |    49.4 |    49.4 
 abcijk-ekac-ijeb |   384 |  384 |   24 | 1.00 | 1.00 |        31.8 |    31.8 |    31.8 
 abcijk-ekbc-ijea |    64 | 2304 |   24 | 1.00 | 1.00 |        26.9 |    26.9 |    26.9 
       abc-bk-akc |    48 | 1536 |   32 | 1.00 | 1.00 |        49.6 |    49.6 |    49.6 

=== c32 ===
             case |     m |    n |    k | regA | regB | planar GF/s | 1m GF/s | 3m GF/s 
------------------+-------+------+------+------+------+-------------+---------+---------
         ij-ik-kj |   192 |  180 |  192 | 1.00 | 1.00 |       174.9 |   177.2 |   158.2 
       ij-ikl-ljk |    48 |   32 | 1536 | 1.00 | 1.00 |        68.3 |    67.5 |    61.2 
       ij-kil-lkj |    48 |   32 | 2304 | 1.00 | 1.00 |        82.8 |    74.2 |    72.0 
       ijk-ikl-lj |  1536 |   32 |   48 | 1.00 | 1.00 |        92.5 |    90.3 |    76.9 
       ijk-il-jlk |    48 | 1536 |   32 | 1.00 | 0.92 |        83.3 |    83.1 |    62.5 
       ijk-ilk-jl |  1536 |   48 |   32 | 1.00 | 1.00 |        91.2 |    90.8 |    75.3 
       ijk-ilk-lj |  1536 |   32 |   48 | 1.00 | 1.00 |        94.5 |    87.9 |    79.4 
     ijk-ilmk-mjl |   288 |   12 |  288 | 1.00 | 1.00 |        49.3 |    48.6 |    44.8 
   ijkl-imjn-lnkm |   288 |  288 |  144 | 1.00 | 0.67 |       225.0 |   236.1 |   214.7 
   ijkl-imjn-nlmk |   288 |  144 |  288 | 1.00 | 0.69 |       234.1 |   233.1 |   219.9 
   ijkl-imkn-jnlm |   288 |  288 |  144 | 1.00 | 0.84 |       247.2 |   242.1 |   230.6 
   ijkl-imkn-njml |   288 |  144 |  288 | 1.00 | 0.69 |       262.7 |   249.4 |   229.1 
   ijkl-imln-jnkm |   288 |  288 |  144 | 1.00 | 0.84 |       249.8 |   246.8 |   233.5 
   ijkl-imln-njmk |   288 |  144 |  288 | 1.00 | 0.69 |       250.0 |   244.2 |   232.3 
   ijkl-imnj-nlkm |   288 |  144 |  288 | 1.00 | 0.69 |       236.6 |   248.5 |   214.7 
   ijkl-imnk-njml |   288 |  144 |  288 | 1.00 | 0.69 |       241.5 |   244.9 |   219.7 
   ijkl-minj-nlmk |   288 |  144 |  576 | 1.00 | 0.69 |       286.1 |   266.1 |   253.7 
   ijkl-mink-jnlm |   288 |  288 |  288 | 1.00 | 0.84 |       341.4 |   324.9 |   316.5 
   ijkl-minl-njmk |   288 |  144 |  576 | 1.00 | 0.69 |       308.5 |   290.2 |   283.1 
     aqrs-pa-pqrs |    24 | 1728 |   24 | 1.00 | 1.00 |        39.9 |    46.7 |    38.4 
     abrs-qb-aqrs |    12 | 3456 |   24 | 1.00 | 1.00 |        34.7 |    37.2 |    31.9 
     abcs-rc-abrs |    12 | 3456 |   24 | 1.00 | 1.00 |        34.7 |    37.2 |    32.1 
       abj-bka-kj |  2304 |   32 |   48 | 1.00 | 1.00 |       112.0 |   104.3 |    99.8 
       ajb-kba-jk |  1536 |   48 |   48 | 1.00 | 1.00 |       130.7 |   125.1 |   105.0 
     abjc-cbka-kj |  6912 |   12 |   24 | 1.00 | 1.00 |        42.7 |    40.8 |    26.5 
     ajbc-ckba-jk |  6912 |   24 |   12 | 1.00 | 1.00 |        47.3 |    50.5 |    28.4 
     abjc-kbac-jk |  3456 |   24 |   24 | 1.00 | 1.00 |        62.8 |    63.9 |    41.1 
   abjcd-dkbac-jk | 36864 |   24 |    8 | 1.00 | 1.00 |        90.9 |    88.0 |    89.4 
   adbjc-cbdka-kj | 36864 |    8 |   24 | 1.00 | 1.00 |        54.0 |    66.6 |    58.9 
   ajbdc-ckbad-jk | 36864 |   24 |    8 | 1.00 | 1.00 |        87.8 |    97.7 |    89.5 
 abcijk-ijma-mkbc |  2304 |   64 |   24 | 1.00 | 0.77 |       116.6 |   118.2 |    97.5 
 abcijk-ijmb-mkac |   384 |  384 |   24 | 1.00 | 0.01 |       123.3 |   128.9 |    84.7 
 abcijk-ijmc-mkab |   384 |  384 |   24 | 1.00 | 0.01 |       121.5 |   126.3 |    87.4 
 abcijk-ikma-mjbc |  2304 |   64 |   24 | 1.00 | 0.77 |       117.1 |   120.2 |    99.2 
 abcijk-ikmb-mjac |   384 |  384 |   24 | 1.00 | 0.01 |       119.2 |   125.4 |    96.9 
 abcijk-ikmc-mjab |   384 |  384 |   24 | 1.00 | 0.01 |       121.3 |   122.7 |    86.2 
 abcijk-jkma-mibc |  2304 |   64 |   24 | 1.00 | 0.77 |       117.5 |   119.1 |    97.8 
 abcijk-jkmb-miac |   384 |  384 |   24 | 1.00 | 0.01 |        92.7 |   104.1 |    84.6 
 abcijk-jkmc-miab |   384 |  384 |   24 | 1.00 | 0.01 |        98.4 |   104.0 |    93.8 
 abcijk-eiab-jkec |   384 |  384 |   24 | 1.00 | 0.01 |        87.6 |   103.9 |    94.3 
 abcijk-eiac-jkeb |   384 |  384 |   24 | 1.00 | 0.01 |        96.4 |   114.0 |    84.8 
 abcijk-eibc-jkea |    64 | 2304 |   24 | 1.00 | 0.77 |       116.1 |   118.0 |    99.1 
 abcijk-ejab-ikec |   384 |  384 |   24 | 1.00 | 0.01 |       120.5 |   127.3 |    87.3 
 abcijk-ejac-ikeb |   384 |  384 |   24 | 1.00 | 0.01 |       119.5 |   125.3 |    82.5 
 abcijk-ejbc-ikea |    64 | 2304 |   24 | 1.00 | 0.77 |       116.5 |   119.3 |    95.6 
 abcijk-ekab-ijec |   384 |  384 |   24 | 1.00 | 0.01 |       122.6 |   124.8 |    89.5 
 abcijk-ekac-ijeb |   384 |  384 |   24 | 1.00 | 0.01 |       120.4 |   129.4 |    80.5 
 abcijk-ekbc-ijea |    64 | 2304 |   24 | 1.00 | 0.77 |       116.8 |   118.7 |    97.6 
       abc-bk-akc |    48 | 1536 |   32 | 1.00 | 1.00 |        93.9 |    97.3 |    78.0 

=== complex efficiency ratio (c32 GF/s over f32 GF/s; 1.0 = no penalty) ===
             case | planar c32/f32 | 1m c32/f32 | 3m c32/f32 
------------------+----------------+------------+------------
         ij-ik-kj |          2.442 |      2.475 |      2.210 
       ij-ikl-ljk |          1.999 |      1.976 |      1.793 
       ij-kil-lkj |          2.732 |      2.447 |      2.374 
       ijk-ikl-lj |          1.984 |      1.936 |      1.649 
       ijk-il-jlk |          2.270 |      2.266 |      1.705 
       ijk-ilk-jl |          1.886 |      1.878 |      1.557 
       ijk-ilk-lj |          2.013 |      1.871 |      1.691 
     ijk-ilmk-mjl |          1.461 |      1.441 |      1.328 
   ijkl-imjn-lnkm |          2.065 |      2.167 |      1.971 
   ijkl-imjn-nlmk |          2.136 |      2.126 |      2.006 
   ijkl-imkn-jnlm |          2.635 |      2.581 |      2.459 
   ijkl-imkn-njml |          2.386 |      2.265 |      2.081 
   ijkl-imln-jnkm |          2.232 |      2.205 |      2.086 
   ijkl-imln-njmk |          2.639 |      2.578 |      2.452 
   ijkl-imnj-nlkm |          2.628 |      2.760 |      2.385 
   ijkl-imnk-njml |          2.410 |      2.444 |      2.192 
   ijkl-minj-nlmk |          2.209 |      2.054 |      1.958 
   ijkl-mink-jnlm |          2.276 |      2.166 |      2.110 
   ijkl-minl-njmk |          2.268 |      2.134 |      2.082 
     aqrs-pa-pqrs |          1.893 |      2.216 |      1.822 
     abrs-qb-aqrs |          1.508 |      1.614 |      1.386 
     abcs-rc-abrs |          1.239 |      1.328 |      1.148 
       abj-bka-kj |          3.128 |      2.912 |      2.787 
       ajb-kba-jk |          2.713 |      2.597 |      2.181 
     abjc-cbka-kj |          2.666 |      2.547 |      1.651 
     ajbc-ckba-jk |          2.831 |      3.027 |      1.704 
     abjc-kbac-jk |          2.034 |      2.071 |      1.331 
   abjcd-dkbac-jk |          3.513 |      3.401 |      3.458 
   adbjc-cbdka-kj |          4.860 |      5.994 |      5.298 
   ajbdc-ckbad-jk |          4.116 |      4.581 |      4.195 
 abcijk-ijma-mkbc |          4.331 |      4.389 |      3.620 
 abcijk-ijmb-mkac |          3.873 |      4.050 |      2.661 
 abcijk-ijmc-mkab |          2.467 |      2.565 |      1.775 
 abcijk-ikma-mjbc |          4.329 |      4.444 |      3.669 
 abcijk-ikmb-mjac |          3.740 |      3.935 |      3.039 
 abcijk-ikmc-mjab |          2.470 |      2.497 |      1.756 
 abcijk-jkma-mibc |          4.365 |      4.424 |      3.631 
 abcijk-jkmb-miac |          2.910 |      3.268 |      2.656 
 abcijk-jkmc-miab |          2.001 |      2.116 |      1.908 
 abcijk-eiab-jkec |          1.783 |      2.114 |      1.920 
 abcijk-eiac-jkeb |          3.009 |      3.558 |      2.647 
 abcijk-eibc-jkea |          4.306 |      4.377 |      3.676 
 abcijk-ejab-ikec |          2.445 |      2.583 |      1.771 
 abcijk-ejac-ikeb |          3.730 |      3.912 |      2.575 
 abcijk-ejbc-ikea |          4.330 |      4.435 |      3.553 
 abcijk-ekab-ijec |          2.484 |      2.527 |      1.813 
 abcijk-ekac-ijeb |          3.784 |      4.065 |      2.531 
 abcijk-ekbc-ijea |          4.341 |      4.413 |      3.629 
       abc-bk-akc |          1.892 |      1.962 |      1.572 
             MEAN |          2.771 |      2.851 |      2.356 

wrote bench-results/worker5086-zen2/phase4g/sm-guard-s0.25-t8-f32c32.csv
