host        : worker5086
target      : x86_64 / linux
cpu features: avx2 fma 
caches      : L1=32KiB/8-way/1sh L2=512KiB/8-way/1sh L3=16384KiB/16-way/4sh (via sysfs), blocking=legacy
l3 domains  : t1=1 t4=1
baselines   : tblis=false blas=false

sweeping 49 cases at 4 MiB nominal tensor size, 6 reps, stress=none


=== f64 ===
             case |     m |     n |    k | regA | regB | planar GF/s | 1m GF/s | 3m GF/s 
------------------+-------+-------+------+------+------+-------------+---------+---------
         ij-ik-kj |   744 |   724 |  744 | 1.00 | 1.00 |        79.6 |    79.6 |    79.6 
       ij-ikl-ljk |    96 |    80 | 7680 | 1.00 | 1.00 |        46.3 |    46.3 |    46.3 
       ij-kil-lkj |    96 |    80 | 9216 | 1.00 | 1.00 |        43.3 |    43.3 |    43.3 
       ijk-ikl-lj |  7680 |    80 |   96 | 1.00 | 1.00 |        54.9 |    54.9 |    54.9 
       ijk-il-jlk |    96 |  7680 |   80 | 1.00 | 1.00 |        57.4 |    57.4 |    57.4 
       ijk-ilk-jl |  7680 |    96 |   80 | 1.00 | 1.00 |        67.0 |    67.0 |    67.0 
       ijk-ilk-lj |  7680 |    80 |   96 | 1.00 | 1.00 |        64.3 |    64.3 |    64.3 
     ijk-ilmk-mjl |  1344 |    28 | 1344 | 1.00 | 1.00 |        44.8 |    44.8 |    44.8 
   ijkl-imjn-lnkm |  1344 |  1344 |  784 | 1.00 | 0.86 |        74.9 |    74.9 |    74.9 
   ijkl-imjn-nlmk |  1344 |   784 | 1344 | 1.00 | 0.86 |        76.5 |    76.5 |    76.5 
   ijkl-imkn-jnlm |  1344 |  1344 |  784 | 1.00 | 1.00 |        70.3 |    70.3 |    70.3 
   ijkl-imkn-njml |  1344 |   784 | 1344 | 1.00 | 0.86 |        74.5 |    74.5 |    74.5 
   ijkl-imln-jnkm |  1344 |  1344 |  784 | 1.00 | 1.00 |        71.0 |    71.0 |    71.0 
   ijkl-imln-njmk |  1344 |   784 | 1344 | 1.00 | 0.86 |        75.8 |    75.8 |    75.8 
   ijkl-imnj-nlkm |  1344 |   784 | 1344 | 1.00 | 0.86 |        76.5 |    76.5 |    76.5 
   ijkl-imnk-njml |  1344 |   784 | 1344 | 1.00 | 0.86 |        75.9 |    75.9 |    75.9 
   ijkl-minj-nlmk |  1344 |   784 | 2304 | 1.00 | 0.86 |        74.9 |    74.9 |    74.9 
   ijkl-mink-jnlm |  1344 |  1344 | 1344 | 1.00 | 1.00 |        70.6 |    70.6 |    70.6 
   ijkl-minl-njmk |  1344 |   784 | 2304 | 1.00 | 0.86 |        73.0 |    73.0 |    73.0 
     aqrs-pa-pqrs |    48 | 21952 |   48 | 1.00 | 1.00 |        30.7 |    30.7 |    30.7 
     abrs-qb-aqrs |    28 | 37632 |   48 | 1.00 | 1.00 |        27.5 |    27.5 |    27.5 
     abcs-rc-abrs |    28 | 37632 |   48 | 1.00 | 1.00 |        17.7 |    17.7 |    17.7 
       abj-bka-kj |  9216 |    80 |   96 | 1.00 | 1.00 |        49.7 |    49.7 |    49.7 
       ajb-kba-jk |  7680 |    96 |   96 | 1.00 | 1.00 |        66.5 |    66.5 |    66.5 
     abjc-cbka-kj | 64512 |    28 |   48 | 1.00 | 1.00 |        20.6 |    20.6 |    20.6 
     ajbc-ckba-jk | 64512 |    48 |   28 | 1.00 | 1.00 |        24.2 |    24.2 |    24.2 
     abjc-kbac-jk | 37632 |    48 |   48 | 1.00 | 1.00 |        38.1 |    38.1 |    38.1 
   abjcd-dkbac-jk | 82944 |    24 |   12 | 1.00 | 1.00 |        16.0 |    16.0 |    16.0 
   adbjc-cbdka-kj | 82944 |    12 |   24 | 1.00 | 1.00 |         9.9 |     9.9 |     9.9 
   ajbdc-ckbad-jk | 82944 |    24 |   12 | 1.00 | 1.00 |        13.3 |    13.3 |    13.3 
 abcijk-ijma-mkbc |  4608 |   512 |   24 | 1.00 | 0.94 |        32.1 |    32.1 |    32.1 
 abcijk-ijmb-mkac |  1536 |  1536 |   24 | 1.00 | 0.50 |        30.7 |    30.7 |    30.7 
 abcijk-ijmc-mkab |  1536 |  1536 |   24 | 1.00 | 0.50 |        36.6 |    36.6 |    36.6 
 abcijk-ikma-mjbc |  4608 |   512 |   24 | 1.00 | 0.94 |        33.6 |    33.6 |    33.6 
 abcijk-ikmb-mjac |  1536 |  1536 |   24 | 1.00 | 0.50 |        30.5 |    30.5 |    30.5 
 abcijk-ikmc-mjab |  1536 |  1536 |   24 | 1.00 | 0.50 |        40.7 |    40.7 |    40.7 
 abcijk-jkma-mibc |  4608 |   512 |   24 | 1.00 | 0.94 |        38.0 |    38.0 |    38.0 
 abcijk-jkmb-miac |  1536 |  1536 |   24 | 1.00 | 0.50 |        34.9 |    34.9 |    34.9 
 abcijk-jkmc-miab |  1536 |  1536 |   24 | 1.00 | 0.50 |        40.1 |    40.1 |    40.1 
 abcijk-eiab-jkec |  1536 |  1536 |   24 | 1.00 | 0.50 |        40.3 |    40.3 |    40.3 
 abcijk-eiac-jkeb |  1536 |  1536 |   24 | 1.00 | 0.50 |        34.6 |    34.6 |    34.6 
 abcijk-eibc-jkea |   512 |  4608 |   24 | 1.00 | 0.94 |        37.7 |    37.7 |    37.7 
 abcijk-ejab-ikec |  1536 |  1536 |   24 | 1.00 | 0.50 |        40.9 |    40.9 |    40.9 
 abcijk-ejac-ikeb |  1536 |  1536 |   24 | 1.00 | 0.50 |        35.4 |    35.4 |    35.4 
 abcijk-ejbc-ikea |   512 |  4608 |   24 | 1.00 | 0.94 |        37.6 |    37.6 |    37.6 
 abcijk-ekab-ijec |  1536 |  1536 |   24 | 1.00 | 0.50 |        41.0 |    41.0 |    41.0 
 abcijk-ekac-ijeb |  1536 |  1536 |   24 | 1.00 | 0.50 |        35.8 |    35.8 |    35.8 
 abcijk-ekbc-ijea |   512 |  4608 |   24 | 1.00 | 0.94 |        33.0 |    33.0 |    33.0 
       abc-bk-akc |    96 |  7680 |   80 | 1.00 | 1.00 |        66.4 |    66.4 |    66.4 

=== c64 ===
             case |     m |     n |    k | regA | regB | planar GF/s | 1m GF/s | 3m GF/s 
------------------+-------+-------+------+------+------+-------------+---------+---------
         ij-ik-kj |   744 |   724 |  744 | 1.00 | 1.00 |        83.8 |    84.5 |    79.7 
       ij-ikl-ljk |    96 |    80 | 7680 | 1.00 | 1.00 |        53.3 |    52.0 |    49.5 
       ij-kil-lkj |    96 |    80 | 9216 | 1.00 | 1.00 |        55.4 |    54.7 |    55.4 
       ijk-ikl-lj |  7680 |    80 |   96 | 1.00 | 1.00 |        48.4 |    40.2 |    43.0 
       ijk-il-jlk |    96 |  7680 |   80 | 1.00 | 0.96 |        56.8 |    56.1 |    52.3 
       ijk-ilk-jl |  7680 |    96 |   80 | 1.00 | 1.00 |        59.8 |    61.9 |    53.9 
       ijk-ilk-lj |  7680 |    80 |   96 | 1.00 | 1.00 |        58.9 |    56.6 |    50.7 
     ijk-ilmk-mjl |  1344 |    28 | 1344 | 1.00 | 1.00 |        51.7 |    54.8 |    42.4 
   ijkl-imjn-lnkm |  1344 |  1344 |  784 | 1.00 | 0.86 |        83.0 |    86.1 |    82.9 
   ijkl-imjn-nlmk |  1344 |   784 | 1344 | 1.00 | 0.86 |        82.5 |    84.7 |    83.8 
   ijkl-imkn-jnlm |  1344 |  1344 |  784 | 1.00 | 0.92 |        79.9 |    81.3 |    77.2 
   ijkl-imkn-njml |  1344 |   784 | 1344 | 1.00 | 0.86 |        80.0 |    81.2 |    79.1 
   ijkl-imln-jnkm |  1344 |  1344 |  784 | 1.00 | 0.92 |        80.2 |    81.6 |    77.3 
   ijkl-imln-njmk |  1344 |   784 | 1344 | 1.00 | 0.86 |        79.4 |    80.1 |    79.1 
   ijkl-imnj-nlkm |  1344 |   784 | 1344 | 1.00 | 0.86 |        82.6 |    84.8 |    81.9 
   ijkl-imnk-njml |  1344 |   784 | 1344 | 1.00 | 0.86 |        80.1 |    81.1 |    79.2 
   ijkl-minj-nlmk |  1344 |   784 | 2304 | 1.00 | 0.86 |        81.3 |    83.7 |    82.3 
   ijkl-mink-jnlm |  1344 |  1344 | 1344 | 1.00 | 0.92 |        81.3 |    83.2 |    80.0 
   ijkl-minl-njmk |  1344 |   784 | 2304 | 1.00 | 0.86 |        80.0 |    81.5 |    80.5 
     aqrs-pa-pqrs |    48 | 21952 |   48 | 1.00 | 1.00 |        41.4 |    43.9 |    38.2 
     abrs-qb-aqrs |    28 | 37632 |   48 | 1.00 | 1.00 |        39.2 |    40.0 |    35.6 
     abcs-rc-abrs |    28 | 37632 |   48 | 1.00 | 1.00 |        33.2 |    27.6 |    30.2 
       abj-bka-kj |  9216 |    80 |   96 | 1.00 | 1.00 |        59.9 |    56.8 |    56.9 
       ajb-kba-jk |  7680 |    96 |   96 | 1.00 | 1.00 |        67.4 |    72.8 |    65.6 
     abjc-cbka-kj | 64512 |    28 |   48 | 1.00 | 1.00 |        21.8 |    18.0 |    20.9 
     ajbc-ckba-jk | 64512 |    48 |   28 | 1.00 | 1.00 |        37.1 |    37.6 |    34.1 
     abjc-kbac-jk | 37632 |    48 |   48 | 1.00 | 1.00 |        55.2 |    59.3 |    53.1 
   abjcd-dkbac-jk | 82944 |    24 |   12 | 1.00 | 1.00 |        24.7 |    24.8 |    20.4 
   adbjc-cbdka-kj | 82944 |    12 |   24 | 1.00 | 1.00 |        16.4 |    15.3 |    16.1 
   ajbdc-ckbad-jk | 82944 |    24 |   12 | 1.00 | 1.00 |        20.6 |    20.2 |    17.2 
 abcijk-ijma-mkbc |  4608 |   512 |   24 | 1.00 | 0.94 |        48.5 |    52.8 |    41.9 
 abcijk-ijmb-mkac |  1536 |  1536 |   24 | 1.00 | 0.50 |        42.0 |    43.8 |    34.1 
 abcijk-ijmc-mkab |  1536 |  1536 |   24 | 1.00 | 0.50 |        54.4 |    60.4 |    45.6 
 abcijk-ikma-mjbc |  4608 |   512 |   24 | 1.00 | 0.94 |        44.0 |    47.6 |    39.7 
 abcijk-ikmb-mjac |  1536 |  1536 |   24 | 1.00 | 0.50 |        41.5 |    44.0 |    34.0 
 abcijk-ikmc-mjab |  1536 |  1536 |   24 | 1.00 | 0.50 |        54.1 |    60.3 |    45.4 
 abcijk-jkma-mibc |  4608 |   512 |   24 | 1.00 | 0.94 |        48.5 |    51.7 |    42.1 
 abcijk-jkmb-miac |  1536 |  1536 |   24 | 1.00 | 0.50 |        46.9 |    52.0 |    39.5 
 abcijk-jkmc-miab |  1536 |  1536 |   24 | 1.00 | 0.50 |        54.0 |    59.7 |    45.4 
 abcijk-eiab-jkec |  1536 |  1536 |   24 | 1.00 | 0.50 |        53.2 |    59.4 |    45.0 
 abcijk-eiac-jkeb |  1536 |  1536 |   24 | 1.00 | 0.50 |        46.5 |    51.5 |    39.3 
 abcijk-eibc-jkea |   512 |  4608 |   24 | 1.00 | 0.94 |        48.5 |    51.6 |    42.2 
 abcijk-ejab-ikec |  1536 |  1536 |   24 | 1.00 | 0.50 |        53.5 |    59.7 |    45.0 
 abcijk-ejac-ikeb |  1536 |  1536 |   24 | 1.00 | 0.50 |        45.5 |    51.2 |    38.9 
 abcijk-ejbc-ikea |   512 |  4608 |   24 | 1.00 | 0.94 |        47.6 |    51.8 |    41.9 
 abcijk-ekab-ijec |  1536 |  1536 |   24 | 1.00 | 0.50 |        53.3 |    59.3 |    45.0 
 abcijk-ekac-ijeb |  1536 |  1536 |   24 | 1.00 | 0.50 |        45.0 |    50.8 |    38.9 
 abcijk-ekbc-ijea |   512 |  4608 |   24 | 1.00 | 0.94 |        42.9 |    45.8 |    38.5 
       abc-bk-akc |    96 |  7680 |   80 | 1.00 | 1.00 |        61.1 |    62.6 |    55.4 

=== complex efficiency ratio (c64 GF/s over f64 GF/s; 1.0 = no penalty) ===
             case | planar c64/f64 | 1m c64/f64 | 3m c64/f64 
------------------+----------------+------------+------------
         ij-ik-kj |          1.053 |      1.062 |      1.002 
       ij-ikl-ljk |          1.152 |      1.124 |      1.070 
       ij-kil-lkj |          1.278 |      1.262 |      1.278 
       ijk-ikl-lj |          0.882 |      0.732 |      0.782 
       ijk-il-jlk |          0.989 |      0.977 |      0.911 
       ijk-ilk-jl |          0.892 |      0.924 |      0.805 
       ijk-ilk-lj |          0.916 |      0.879 |      0.788 
     ijk-ilmk-mjl |          1.154 |      1.222 |      0.947 
   ijkl-imjn-lnkm |          1.108 |      1.149 |      1.106 
   ijkl-imjn-nlmk |          1.079 |      1.108 |      1.096 
   ijkl-imkn-jnlm |          1.136 |      1.157 |      1.099 
   ijkl-imkn-njml |          1.074 |      1.090 |      1.063 
   ijkl-imln-jnkm |          1.129 |      1.149 |      1.088 
   ijkl-imln-njmk |          1.047 |      1.057 |      1.044 
   ijkl-imnj-nlkm |          1.080 |      1.108 |      1.070 
   ijkl-imnk-njml |          1.055 |      1.069 |      1.044 
   ijkl-minj-nlmk |          1.086 |      1.117 |      1.098 
   ijkl-mink-jnlm |          1.152 |      1.179 |      1.133 
   ijkl-minl-njmk |          1.096 |      1.116 |      1.102 
     aqrs-pa-pqrs |          1.348 |      1.429 |      1.243 
     abrs-qb-aqrs |          1.425 |      1.454 |      1.295 
     abcs-rc-abrs |          1.878 |      1.560 |      1.708 
       abj-bka-kj |          1.206 |      1.143 |      1.145 
       ajb-kba-jk |          1.013 |      1.094 |      0.986 
     abjc-cbka-kj |          1.058 |      0.871 |      1.012 
     ajbc-ckba-jk |          1.532 |      1.554 |      1.409 
     abjc-kbac-jk |          1.448 |      1.555 |      1.393 
   abjcd-dkbac-jk |          1.549 |      1.552 |      1.277 
   adbjc-cbdka-kj |          1.655 |      1.540 |      1.619 
   ajbdc-ckbad-jk |          1.548 |      1.516 |      1.289 
 abcijk-ijma-mkbc |          1.509 |      1.644 |      1.304 
 abcijk-ijmb-mkac |          1.366 |      1.425 |      1.110 
 abcijk-ijmc-mkab |          1.484 |      1.650 |      1.244 
 abcijk-ikma-mjbc |          1.308 |      1.415 |      1.182 
 abcijk-ikmb-mjac |          1.361 |      1.445 |      1.114 
 abcijk-ikmc-mjab |          1.329 |      1.480 |      1.116 
 abcijk-jkma-mibc |          1.275 |      1.359 |      1.107 
 abcijk-jkmb-miac |          1.344 |      1.491 |      1.131 
 abcijk-jkmc-miab |          1.346 |      1.488 |      1.132 
 abcijk-eiab-jkec |          1.323 |      1.476 |      1.117 
 abcijk-eiac-jkeb |          1.344 |      1.488 |      1.135 
 abcijk-eibc-jkea |          1.284 |      1.368 |      1.117 
 abcijk-ejab-ikec |          1.307 |      1.460 |      1.101 
 abcijk-ejac-ikeb |          1.285 |      1.448 |      1.100 
 abcijk-ejbc-ikea |          1.265 |      1.377 |      1.114 
 abcijk-ekab-ijec |          1.300 |      1.445 |      1.097 
 abcijk-ekac-ijeb |          1.258 |      1.419 |      1.086 
 abcijk-ekbc-ijea |          1.302 |      1.389 |      1.168 
       abc-bk-akc |          0.919 |      0.942 |      0.834 
             MEAN |          1.243 |      1.285 |      1.127 

wrote bench-results/worker5086-zen2/phase4g/sm-guard-s4-t2-f64c64.csv
