host        : worker5086
target      : x86_64 / linux
cpu features: avx2 fma 
caches      : L1=32KiB/8-way/1sh L2=512KiB/8-way/1sh L3=16384KiB/16-way/4sh (via sysfs), blocking=legacy
l3 domains  : t1=1 t4=1 t8=2 t16=4 t32=8
baselines   : tblis=false blas=false

sweeping 49 cases at 1 MiB nominal tensor size, 24 reps, stress=none


=== f64 ===
             case |     m |    n |    k | regA | regB | planar GF/s | 1m GF/s | 3m GF/s 
------------------+-------+------+------+------+------+-------------+---------+---------
         ij-ik-kj |   384 |  364 |  384 | 1.00 | 1.00 |        87.9 |    87.9 |    87.9 
       ij-ikl-ljk |    72 |   52 | 3744 | 1.00 | 1.00 |        28.4 |    28.4 |    28.4 
       ij-kil-lkj |    72 |   52 | 5184 | 1.00 | 1.00 |        37.9 |    37.9 |    37.9 
       ijk-ikl-lj |  3744 |   52 |   72 | 1.00 | 1.00 |        70.2 |    70.2 |    70.2 
       ijk-il-jlk |    72 | 3744 |   52 | 1.00 | 1.00 |        40.2 |    40.2 |    40.2 
       ijk-ilk-jl |  3744 |   72 |   52 | 1.00 | 1.00 |        71.8 |    71.8 |    71.8 
       ijk-ilk-lj |  3744 |   52 |   72 | 1.00 | 1.00 |        66.5 |    66.5 |    66.5 
     ijk-ilmk-mjl |   480 |   20 |  480 | 1.00 | 1.00 |        23.3 |    23.3 |    23.3 
   ijkl-imjn-lnkm |   480 |  480 |  400 | 1.00 | 0.80 |       108.7 |   108.7 |   108.7 
   ijkl-imjn-nlmk |   480 |  400 |  480 | 1.00 | 0.81 |       114.1 |   114.1 |   114.1 
   ijkl-imkn-jnlm |   480 |  480 |  400 | 1.00 | 1.00 |       138.1 |   138.1 |   138.1 
   ijkl-imkn-njml |   480 |  400 |  480 | 1.00 | 0.81 |       124.5 |   124.5 |   124.5 
   ijkl-imln-jnkm |   480 |  480 |  400 | 1.00 | 1.00 |       137.2 |   137.2 |   137.2 
   ijkl-imln-njmk |   480 |  400 |  480 | 1.00 | 0.81 |       126.2 |   126.2 |   126.2 
   ijkl-imnj-nlkm |   480 |  400 |  480 | 1.00 | 0.81 |       115.3 |   115.3 |   115.3 
   ijkl-imnk-njml |   480 |  400 |  480 | 1.00 | 0.81 |       128.4 |   128.4 |   128.4 
   ijkl-minj-nlmk |   480 |  400 |  576 | 1.00 | 0.81 |       108.9 |   108.9 |   108.9 
   ijkl-mink-jnlm |   480 |  480 |  480 | 1.00 | 1.00 |       153.7 |   153.7 |   153.7 
   ijkl-minl-njmk |   480 |  400 |  576 | 1.00 | 0.81 |       135.9 |   135.9 |   135.9 
     aqrs-pa-pqrs |    24 | 8000 |   24 | 1.00 | 1.00 |        16.3 |    16.3 |    16.3 
     abrs-qb-aqrs |    20 | 9600 |   24 | 1.00 | 1.00 |        15.9 |    15.9 |    15.9 
     abcs-rc-abrs |    20 | 9600 |   24 | 1.00 | 1.00 |        15.9 |    15.9 |    15.9 
       abj-bka-kj |  5184 |   52 |   72 | 1.00 | 1.00 |        77.8 |    77.8 |    77.8 
       ajb-kba-jk |  3744 |   72 |   72 | 1.00 | 1.00 |        83.7 |    83.7 |    83.7 
     abjc-cbka-kj | 11520 |   20 |   24 | 1.00 | 1.00 |        12.7 |    12.7 |    12.7 
     ajbc-ckba-jk | 11520 |   24 |   20 | 1.00 | 1.00 |        15.0 |    15.0 |    15.0 
     abjc-kbac-jk |  9600 |   24 |   24 | 1.00 | 1.00 |        17.4 |    17.4 |    17.4 
   abjcd-dkbac-jk | 82944 |   24 |   12 | 1.00 | 1.00 |        40.0 |    40.0 |    40.0 
   adbjc-cbdka-kj | 82944 |   12 |   24 | 1.00 | 1.00 |        25.4 |    25.4 |    25.4 
   ajbdc-ckbad-jk | 82944 |   24 |   12 | 1.00 | 1.00 |        33.4 |    33.4 |    33.4 
 abcijk-ijma-mkbc |  4608 |  512 |   24 | 1.00 | 0.94 |       120.9 |   120.9 |   120.9 
 abcijk-ijmb-mkac |  1536 | 1536 |   24 | 1.00 | 0.50 |       175.0 |   175.0 |   175.0 
 abcijk-ijmc-mkab |  1536 | 1536 |   24 | 1.00 | 0.50 |       172.1 |   172.1 |   172.1 
 abcijk-ikma-mjbc |  4608 |  512 |   24 | 1.00 | 0.94 |       128.7 |   128.7 |   128.7 
 abcijk-ikmb-mjac |  1536 | 1536 |   24 | 1.00 | 0.50 |       177.9 |   177.9 |   177.9 
 abcijk-ikmc-mjab |  1536 | 1536 |   24 | 1.00 | 0.50 |       189.5 |   189.5 |   189.5 
 abcijk-jkma-mibc |  4608 |  512 |   24 | 1.00 | 0.94 |       121.7 |   121.7 |   121.7 
 abcijk-jkmb-miac |  1536 | 1536 |   24 | 1.00 | 0.50 |       189.4 |   189.4 |   189.4 
 abcijk-jkmc-miab |  1536 | 1536 |   24 | 1.00 | 0.50 |       187.2 |   187.2 |   187.2 
 abcijk-eiab-jkec |  1536 | 1536 |   24 | 1.00 | 0.50 |       177.8 |   177.8 |   177.8 
 abcijk-eiac-jkeb |  1536 | 1536 |   24 | 1.00 | 0.50 |       173.7 |   173.7 |   173.7 
 abcijk-eibc-jkea |   512 | 4608 |   24 | 1.00 | 0.94 |       122.2 |   122.2 |   122.2 
 abcijk-ejab-ikec |  1536 | 1536 |   24 | 1.00 | 0.50 |       185.4 |   185.4 |   185.4 
 abcijk-ejac-ikeb |  1536 | 1536 |   24 | 1.00 | 0.50 |       173.9 |   173.9 |   173.9 
 abcijk-ejbc-ikea |   512 | 4608 |   24 | 1.00 | 0.94 |       123.0 |   123.0 |   123.0 
 abcijk-ekab-ijec |  1536 | 1536 |   24 | 1.00 | 0.50 |       178.2 |   178.2 |   178.2 
 abcijk-ekac-ijeb |  1536 | 1536 |   24 | 1.00 | 0.50 |       180.7 |   180.7 |   180.7 
 abcijk-ekbc-ijea |   512 | 4608 |   24 | 1.00 | 0.94 |       124.2 |   124.2 |   124.2 
       abc-bk-akc |    72 | 3744 |   52 | 1.00 | 1.00 |        69.8 |    69.8 |    69.8 

=== c64 ===
             case |     m |    n |    k | regA | regB | planar GF/s | 1m GF/s | 3m GF/s 
------------------+-------+------+------+------+------+-------------+---------+---------
         ij-ik-kj |   384 |  364 |  384 | 1.00 | 1.00 |       176.7 |   166.1 |   163.1 
       ij-ikl-ljk |    72 |   52 | 3744 | 1.00 | 1.00 |        65.0 |    65.0 |    58.9 
       ij-kil-lkj |    72 |   52 | 5184 | 1.00 | 1.00 |        69.7 |    70.9 |    65.2 
       ijk-ikl-lj |  3744 |   52 |   72 | 1.00 | 1.00 |       128.2 |   114.0 |   121.2 
       ijk-il-jlk |    72 | 3744 |   52 | 1.00 | 0.95 |       230.6 |   226.9 |   195.4 
       ijk-ilk-jl |  3744 |   72 |   52 | 1.00 | 1.00 |       126.7 |   111.0 |   112.5 
       ijk-ilk-lj |  3744 |   52 |   72 | 1.00 | 1.00 |       118.4 |   116.4 |   105.9 
     ijk-ilmk-mjl |   480 |   20 |  480 | 1.00 | 1.00 |        77.0 |    61.8 |    61.3 
   ijkl-imjn-lnkm |   480 |  480 |  400 | 1.00 | 1.00 |       212.8 |   202.1 |   181.6 
   ijkl-imjn-nlmk |   480 |  400 |  480 | 1.00 | 1.00 |       212.9 |   200.0 |   195.8 
   ijkl-imkn-jnlm |   480 |  480 |  400 | 1.00 | 0.83 |       227.5 |   222.5 |   194.8 
   ijkl-imkn-njml |   480 |  400 |  480 | 1.00 | 1.00 |       247.7 |   220.2 |   204.1 
   ijkl-imln-jnkm |   480 |  480 |  400 | 1.00 | 0.83 |       223.4 |   226.8 |   211.8 
   ijkl-imln-njmk |   480 |  400 |  480 | 1.00 | 1.00 |       238.6 |   220.8 |   201.5 
   ijkl-imnj-nlkm |   480 |  400 |  480 | 1.00 | 1.00 |       217.2 |   200.0 |   194.3 
   ijkl-imnk-njml |   480 |  400 |  480 | 1.00 | 1.00 |       221.3 |   211.8 |   208.6 
   ijkl-minj-nlmk |   480 |  400 |  576 | 1.00 | 1.00 |       211.3 |   197.9 |   191.3 
   ijkl-mink-jnlm |   480 |  480 |  480 | 1.00 | 0.83 |       234.0 |   224.3 |   212.8 
   ijkl-minl-njmk |   480 |  400 |  576 | 1.00 | 1.00 |       217.9 |   232.2 |   201.9 
     aqrs-pa-pqrs |    24 | 8000 |   24 | 1.00 | 1.00 |        90.5 |    96.7 |    26.9 
     abrs-qb-aqrs |    20 | 9600 |   24 | 1.00 | 1.00 |        78.2 |    66.6 |    55.7 
     abcs-rc-abrs |    20 | 9600 |   24 | 1.00 | 1.00 |        77.8 |    69.0 |    54.8 
       abj-bka-kj |  5184 |   52 |   72 | 1.00 | 1.00 |       131.8 |   127.6 |   120.5 
       ajb-kba-jk |  3744 |   72 |   72 | 1.00 | 1.00 |       142.5 |   135.7 |   124.6 
     abjc-cbka-kj | 11520 |   20 |   24 | 1.00 | 1.00 |        76.8 |    68.9 |    35.1 
     ajbc-ckba-jk | 11520 |   24 |   20 | 1.00 | 1.00 |        72.2 |    71.9 |    28.9 
     abjc-kbac-jk |  9600 |   24 |   24 | 1.00 | 1.00 |        86.4 |    84.4 |    37.6 
   abjcd-dkbac-jk | 82944 |   24 |   12 | 1.00 | 1.00 |        51.3 |    48.6 |    48.6 
   adbjc-cbdka-kj | 82944 |   12 |   24 | 1.00 | 1.00 |        35.9 |    31.6 |    34.2 
   ajbdc-ckbad-jk | 82944 |   24 |   12 | 1.00 | 1.00 |        59.3 |    48.0 |    44.3 
 abcijk-ijma-mkbc |  4608 |  512 |   24 | 1.00 | 0.94 |       256.0 |   255.8 |   241.6 
 abcijk-ijmb-mkac |  1536 | 1536 |   24 | 1.00 | 0.50 |       282.6 |   303.9 |   246.8 
 abcijk-ijmc-mkab |  1536 | 1536 |   24 | 1.00 | 0.50 |       304.3 |   339.5 |   257.8 
 abcijk-ikma-mjbc |  4608 |  512 |   24 | 1.00 | 0.94 |       248.3 |   245.7 |   235.1 
 abcijk-ikmb-mjac |  1536 | 1536 |   24 | 1.00 | 0.50 |       289.4 |   301.7 |   262.8 
 abcijk-ikmc-mjab |  1536 | 1536 |   24 | 1.00 | 0.50 |       311.9 |   321.8 |   263.9 
 abcijk-jkma-mibc |  4608 |  512 |   24 | 1.00 | 0.94 |       243.0 |   242.9 |   221.2 
 abcijk-jkmb-miac |  1536 | 1536 |   24 | 1.00 | 0.50 |       277.6 |   274.6 |   244.9 
 abcijk-jkmc-miab |  1536 | 1536 |   24 | 1.00 | 0.50 |       290.4 |   332.2 |   265.1 
 abcijk-eiab-jkec |  1536 | 1536 |   24 | 1.00 | 0.50 |       300.2 |   326.4 |   261.6 
 abcijk-eiac-jkeb |  1536 | 1536 |   24 | 1.00 | 0.50 |       286.4 |   280.2 |   240.0 
 abcijk-eibc-jkea |   512 | 4608 |   24 | 1.00 | 0.94 |       237.3 |   243.3 |   235.1 
 abcijk-ejab-ikec |  1536 | 1536 |   24 | 1.00 | 0.50 |       307.4 |   330.0 |   260.4 
 abcijk-ejac-ikeb |  1536 | 1536 |   24 | 1.00 | 0.50 |       287.7 |   313.2 |   253.6 
 abcijk-ejbc-ikea |   512 | 4608 |   24 | 1.00 | 0.94 |       247.8 |   244.5 |   234.6 
 abcijk-ekab-ijec |  1536 | 1536 |   24 | 1.00 | 0.50 |       312.7 |   331.5 |   262.0 
 abcijk-ekac-ijeb |  1536 | 1536 |   24 | 1.00 | 0.50 |       276.8 |   287.4 |   235.9 
 abcijk-ekbc-ijea |   512 | 4608 |   24 | 1.00 | 0.94 |       240.2 |   243.8 |   239.1 
       abc-bk-akc |    72 | 3744 |   52 | 1.00 | 1.00 |       125.0 |   122.2 |   114.0 

=== complex efficiency ratio (c64 GF/s over f64 GF/s; 1.0 = no penalty) ===
             case | planar c64/f64 | 1m c64/f64 | 3m c64/f64 
------------------+----------------+------------+------------
         ij-ik-kj |          2.011 |      1.891 |      1.857 
       ij-ikl-ljk |          2.294 |      2.292 |      2.078 
       ij-kil-lkj |          1.837 |      1.870 |      1.718 
       ijk-ikl-lj |          1.828 |      1.625 |      1.728 
       ijk-il-jlk |          5.733 |      5.640 |      4.858 
       ijk-ilk-jl |          1.764 |      1.546 |      1.566 
       ijk-ilk-lj |          1.782 |      1.751 |      1.593 
     ijk-ilmk-mjl |          3.305 |      2.651 |      2.628 
   ijkl-imjn-lnkm |          1.958 |      1.859 |      1.671 
   ijkl-imjn-nlmk |          1.866 |      1.753 |      1.716 
   ijkl-imkn-jnlm |          1.648 |      1.612 |      1.411 
   ijkl-imkn-njml |          1.989 |      1.769 |      1.639 
   ijkl-imln-jnkm |          1.629 |      1.654 |      1.544 
   ijkl-imln-njmk |          1.890 |      1.749 |      1.596 
   ijkl-imnj-nlkm |          1.883 |      1.734 |      1.685 
   ijkl-imnk-njml |          1.724 |      1.650 |      1.624 
   ijkl-minj-nlmk |          1.941 |      1.817 |      1.757 
   ijkl-mink-jnlm |          1.523 |      1.460 |      1.385 
   ijkl-minl-njmk |          1.603 |      1.709 |      1.486 
     aqrs-pa-pqrs |          5.544 |      5.923 |      1.647 
     abrs-qb-aqrs |          4.912 |      4.182 |      3.501 
     abcs-rc-abrs |          4.881 |      4.325 |      3.439 
       abj-bka-kj |          1.694 |      1.640 |      1.549 
       ajb-kba-jk |          1.704 |      1.622 |      1.490 
     abjc-cbka-kj |          6.022 |      5.406 |      2.757 
     ajbc-ckba-jk |          4.811 |      4.792 |      1.926 
     abjc-kbac-jk |          4.954 |      4.840 |      2.156 
   abjcd-dkbac-jk |          1.284 |      1.216 |      1.217 
   adbjc-cbdka-kj |          1.415 |      1.248 |      1.349 
   ajbdc-ckbad-jk |          1.775 |      1.437 |      1.326 
 abcijk-ijma-mkbc |          2.118 |      2.116 |      1.999 
 abcijk-ijmb-mkac |          1.615 |      1.736 |      1.410 
 abcijk-ijmc-mkab |          1.768 |      1.972 |      1.498 
 abcijk-ikma-mjbc |          1.929 |      1.909 |      1.826 
 abcijk-ikmb-mjac |          1.627 |      1.696 |      1.478 
 abcijk-ikmc-mjab |          1.646 |      1.698 |      1.392 
 abcijk-jkma-mibc |          1.997 |      1.997 |      1.818 
 abcijk-jkmb-miac |          1.465 |      1.450 |      1.293 
 abcijk-jkmc-miab |          1.552 |      1.775 |      1.416 
 abcijk-eiab-jkec |          1.689 |      1.836 |      1.472 
 abcijk-eiac-jkeb |          1.648 |      1.613 |      1.382 
 abcijk-eibc-jkea |          1.942 |      1.991 |      1.925 
 abcijk-ejab-ikec |          1.658 |      1.780 |      1.404 
 abcijk-ejac-ikeb |          1.655 |      1.802 |      1.459 
 abcijk-ejbc-ikea |          2.015 |      1.988 |      1.907 
 abcijk-ekab-ijec |          1.755 |      1.860 |      1.470 
 abcijk-ekac-ijeb |          1.532 |      1.591 |      1.306 
 abcijk-ekbc-ijea |          1.934 |      1.963 |      1.924 
       abc-bk-akc |          1.791 |      1.751 |      1.633 
             MEAN |          2.297 |      2.228 |      1.794 

wrote bench-results/worker5086-zen2/phase4g/sm-guard-s1-t16-f64c64.csv
