host        : worker5086
target      : x86_64 / linux
cpu features: avx2 fma 
caches      : L1=32KiB/8-way/1sh L2=512KiB/8-way/1sh L3=16384KiB/16-way/4sh (via sysfs), blocking=legacy
l3 domains  : t1=1
baselines   : tblis=false blas=false

sweeping 49 cases at 1 MiB nominal tensor size, 24 reps, stress=none


=== f64 ===
             case |     m |    n |    k | regA | regB | planar GF/s | 1m GF/s | 3m GF/s 
------------------+-------+------+------+------+------+-------------+---------+---------
         ij-ik-kj |   384 |  364 |  384 | 1.00 | 1.00 |        39.2 |    39.2 |    39.2 
       ij-ikl-ljk |    72 |   52 | 3744 | 1.00 | 1.00 |        27.6 |    27.6 |    27.6 
       ij-kil-lkj |    72 |   52 | 5184 | 1.00 | 1.00 |        26.0 |    26.0 |    26.0 
       ijk-ikl-lj |  3744 |   52 |   72 | 1.00 | 1.00 |        30.0 |    30.0 |    30.0 
       ijk-il-jlk |    72 | 3744 |   52 | 1.00 | 1.00 |        29.5 |    29.5 |    29.5 
       ijk-ilk-jl |  3744 |   72 |   52 | 1.00 | 1.00 |        31.9 |    31.9 |    31.9 
       ijk-ilk-lj |  3744 |   52 |   72 | 1.00 | 1.00 |        31.7 |    31.7 |    31.7 
     ijk-ilmk-mjl |   480 |   20 |  480 | 1.00 | 1.00 |        23.7 |    23.7 |    23.7 
   ijkl-imjn-lnkm |   480 |  480 |  400 | 1.00 | 0.80 |        40.8 |    40.8 |    40.8 
   ijkl-imjn-nlmk |   480 |  400 |  480 | 1.00 | 0.81 |        41.5 |    41.5 |    41.5 
   ijkl-imkn-jnlm |   480 |  480 |  400 | 1.00 | 1.00 |        41.3 |    41.3 |    41.3 
   ijkl-imkn-njml |   480 |  400 |  480 | 1.00 | 0.81 |        41.5 |    41.5 |    41.5 
   ijkl-imln-jnkm |   480 |  480 |  400 | 1.00 | 1.00 |        41.3 |    41.3 |    41.3 
   ijkl-imln-njmk |   480 |  400 |  480 | 1.00 | 0.81 |        41.6 |    41.6 |    41.6 
   ijkl-imnj-nlkm |   480 |  400 |  480 | 1.00 | 0.81 |        41.6 |    41.6 |    41.6 
   ijkl-imnk-njml |   480 |  400 |  480 | 1.00 | 0.81 |        41.6 |    41.6 |    41.6 
   ijkl-minj-nlmk |   480 |  400 |  576 | 1.00 | 0.81 |        39.3 |    39.3 |    39.3 
   ijkl-mink-jnlm |   480 |  480 |  480 | 1.00 | 1.00 |        41.7 |    41.7 |    41.7 
   ijkl-minl-njmk |   480 |  400 |  576 | 1.00 | 0.81 |        39.3 |    39.3 |    39.3 
     aqrs-pa-pqrs |    24 | 8000 |   24 | 1.00 | 1.00 |        16.7 |    16.7 |    16.7 
     abrs-qb-aqrs |    20 | 9600 |   24 | 1.00 | 1.00 |        16.3 |    16.3 |    16.3 
     abcs-rc-abrs |    20 | 9600 |   24 | 1.00 | 1.00 |        16.4 |    16.4 |    16.4 
       abj-bka-kj |  5184 |   52 |   72 | 1.00 | 1.00 |        27.1 |    27.1 |    27.1 
       ajb-kba-jk |  3744 |   72 |   72 | 1.00 | 1.00 |        33.1 |    33.1 |    33.1 
     abjc-cbka-kj | 11520 |   20 |   24 | 1.00 | 1.00 |        13.1 |    13.1 |    13.1 
     ajbc-ckba-jk | 11520 |   24 |   20 | 1.00 | 1.00 |        15.3 |    15.3 |    15.3 
     abjc-kbac-jk |  9600 |   24 |   24 | 1.00 | 1.00 |        18.0 |    18.0 |    18.0 
   abjcd-dkbac-jk | 82944 |   24 |   12 | 1.00 | 1.00 |         8.2 |     8.2 |     8.2 
   adbjc-cbdka-kj | 82944 |   12 |   24 | 1.00 | 1.00 |         5.8 |     5.8 |     5.8 
   ajbdc-ckbad-jk | 82944 |   24 |   12 | 1.00 | 1.00 |         7.4 |     7.4 |     7.4 
 abcijk-ijma-mkbc |  4608 |  512 |   24 | 1.00 | 0.94 |        17.8 |    17.8 |    17.8 
 abcijk-ijmb-mkac |  1536 | 1536 |   24 | 1.00 | 0.50 |        16.2 |    16.2 |    16.2 
 abcijk-ijmc-mkab |  1536 | 1536 |   24 | 1.00 | 0.50 |        19.7 |    19.7 |    19.7 
 abcijk-ikma-mjbc |  4608 |  512 |   24 | 1.00 | 0.94 |        17.9 |    17.9 |    17.9 
 abcijk-ikmb-mjac |  1536 | 1536 |   24 | 1.00 | 0.50 |        16.0 |    16.0 |    16.0 
 abcijk-ikmc-mjab |  1536 | 1536 |   24 | 1.00 | 0.50 |        19.6 |    19.6 |    19.6 
 abcijk-jkma-mibc |  4608 |  512 |   24 | 1.00 | 0.94 |        18.7 |    18.7 |    18.7 
 abcijk-jkmb-miac |  1536 | 1536 |   24 | 1.00 | 0.50 |        16.2 |    16.2 |    16.2 
 abcijk-jkmc-miab |  1536 | 1536 |   24 | 1.00 | 0.50 |        19.8 |    19.8 |    19.8 
 abcijk-eiab-jkec |  1536 | 1536 |   24 | 1.00 | 0.50 |        19.8 |    19.8 |    19.8 
 abcijk-eiac-jkeb |  1536 | 1536 |   24 | 1.00 | 0.50 |        16.2 |    16.2 |    16.2 
 abcijk-eibc-jkea |   512 | 4608 |   24 | 1.00 | 0.94 |        18.7 |    18.7 |    18.7 
 abcijk-ejab-ikec |  1536 | 1536 |   24 | 1.00 | 0.50 |        19.6 |    19.6 |    19.6 
 abcijk-ejac-ikeb |  1536 | 1536 |   24 | 1.00 | 0.50 |        16.2 |    16.2 |    16.2 
 abcijk-ejbc-ikea |   512 | 4608 |   24 | 1.00 | 0.94 |        17.9 |    17.9 |    17.9 
 abcijk-ekab-ijec |  1536 | 1536 |   24 | 1.00 | 0.50 |        19.5 |    19.5 |    19.5 
 abcijk-ekac-ijeb |  1536 | 1536 |   24 | 1.00 | 0.50 |        16.2 |    16.2 |    16.2 
 abcijk-ekbc-ijea |   512 | 4608 |   24 | 1.00 | 0.94 |        17.8 |    17.8 |    17.8 
       abc-bk-akc |    72 | 3744 |   52 | 1.00 | 1.00 |        31.7 |    31.7 |    31.7 

=== c64 ===
             case |     m |    n |    k | regA | regB | planar GF/s | 1m GF/s | 3m GF/s 
------------------+-------+------+------+------+------+-------------+---------+---------
         ij-ik-kj |   384 |  364 |  384 | 1.00 | 1.00 |        43.6 |    44.9 |    43.1 
       ij-ikl-ljk |    72 |   52 | 3744 | 1.00 | 1.00 |        35.5 |    35.1 |    36.5 
       ij-kil-lkj |    72 |   52 | 5184 | 1.00 | 1.00 |        34.1 |    34.6 |    35.1 
       ijk-ikl-lj |  3744 |   52 |   72 | 1.00 | 1.00 |        34.6 |    36.1 |    34.2 
       ijk-il-jlk |    72 | 3744 |   52 | 1.00 | 0.95 |        35.3 |    38.1 |    32.0 
       ijk-ilk-jl |  3744 |   72 |   52 | 1.00 | 1.00 |        34.6 |    37.3 |    32.4 
       ijk-ilk-lj |  3744 |   52 |   72 | 1.00 | 1.00 |        34.9 |    36.2 |    34.2 
     ijk-ilmk-mjl |   480 |   20 |  480 | 1.00 | 1.00 |        34.7 |    28.2 |    32.6 
   ijkl-imjn-lnkm |   480 |  480 |  400 | 1.00 | 1.00 |        42.6 |    44.1 |    42.3 
   ijkl-imjn-nlmk |   480 |  400 |  480 | 1.00 | 1.00 |        43.4 |    44.4 |    43.1 
   ijkl-imkn-jnlm |   480 |  480 |  400 | 1.00 | 0.83 |        42.8 |    44.8 |    42.0 
   ijkl-imkn-njml |   480 |  400 |  480 | 1.00 | 1.00 |        43.7 |    44.9 |    43.5 
   ijkl-imln-jnkm |   480 |  480 |  400 | 1.00 | 0.83 |        43.5 |    44.9 |    42.7 
   ijkl-imln-njmk |   480 |  400 |  480 | 1.00 | 1.00 |        43.8 |    44.9 |    43.4 
   ijkl-imnj-nlkm |   480 |  400 |  480 | 1.00 | 1.00 |        43.3 |    44.4 |    43.1 
   ijkl-imnk-njml |   480 |  400 |  480 | 1.00 | 1.00 |        43.8 |    44.9 |    43.4 
   ijkl-minj-nlmk |   480 |  400 |  576 | 1.00 | 1.00 |        41.9 |    43.0 |    41.7 
   ijkl-mink-jnlm |   480 |  480 |  480 | 1.00 | 0.83 |        43.1 |    45.0 |    42.6 
   ijkl-minl-njmk |   480 |  400 |  576 | 1.00 | 1.00 |        42.3 |    43.5 |    42.0 
     aqrs-pa-pqrs |    24 | 8000 |   24 | 1.00 | 1.00 |        24.9 |    28.2 |    20.5 
     abrs-qb-aqrs |    20 | 9600 |   24 | 1.00 | 1.00 |        24.5 |    22.2 |    19.9 
     abcs-rc-abrs |    20 | 9600 |   24 | 1.00 | 1.00 |        24.5 |    22.2 |    19.9 
       abj-bka-kj |  5184 |   52 |   72 | 1.00 | 1.00 |        32.0 |    32.6 |    31.2 
       ajb-kba-jk |  3744 |   72 |   72 | 1.00 | 1.00 |        36.5 |    39.9 |    35.8 
     abjc-cbka-kj | 11520 |   20 |   24 | 1.00 | 1.00 |        22.0 |    20.0 |    18.6 
     ajbc-ckba-jk | 11520 |   24 |   20 | 1.00 | 1.00 |        21.4 |    23.3 |    18.2 
     abjc-kbac-jk |  9600 |   24 |   24 | 1.00 | 1.00 |        23.9 |    26.3 |    20.4 
   abjcd-dkbac-jk | 82944 |   24 |   12 | 1.00 | 1.00 |        13.0 |    13.1 |    10.6 
   adbjc-cbdka-kj | 82944 |   12 |   24 | 1.00 | 1.00 |         8.9 |     8.5 |     8.6 
   ajbdc-ckbad-jk | 82944 |   24 |   12 | 1.00 | 1.00 |        11.7 |    11.6 |     9.8 
 abcijk-ijma-mkbc |  4608 |  512 |   24 | 1.00 | 0.94 |        23.2 |    24.5 |    20.6 
 abcijk-ijmb-mkac |  1536 | 1536 |   24 | 1.00 | 0.50 |        21.3 |    22.4 |    18.5 
 abcijk-ijmc-mkab |  1536 | 1536 |   24 | 1.00 | 0.50 |        26.8 |    29.8 |    22.7 
 abcijk-ikma-mjbc |  4608 |  512 |   24 | 1.00 | 0.94 |        23.5 |    25.1 |    20.7 
 abcijk-ikmb-mjac |  1536 | 1536 |   24 | 1.00 | 0.50 |        21.4 |    22.4 |    18.3 
 abcijk-ikmc-mjab |  1536 | 1536 |   24 | 1.00 | 0.50 |        26.8 |    29.8 |    22.7 
 abcijk-jkma-mibc |  4608 |  512 |   24 | 1.00 | 0.94 |        23.7 |    25.8 |    20.9 
 abcijk-jkmb-miac |  1536 | 1536 |   24 | 1.00 | 0.50 |        21.5 |    22.6 |    18.3 
 abcijk-jkmc-miab |  1536 | 1536 |   24 | 1.00 | 0.50 |        26.5 |    29.7 |    22.7 
 abcijk-eiab-jkec |  1536 | 1536 |   24 | 1.00 | 0.50 |        26.6 |    29.6 |    22.7 
 abcijk-eiac-jkeb |  1536 | 1536 |   24 | 1.00 | 0.50 |        21.5 |    22.6 |    18.4 
 abcijk-eibc-jkea |   512 | 4608 |   24 | 1.00 | 0.94 |        23.6 |    25.8 |    21.0 
 abcijk-ejab-ikec |  1536 | 1536 |   24 | 1.00 | 0.50 |        27.0 |    29.8 |    22.7 
 abcijk-ejac-ikeb |  1536 | 1536 |   24 | 1.00 | 0.50 |        21.4 |    22.4 |    18.4 
 abcijk-ejbc-ikea |   512 | 4608 |   24 | 1.00 | 0.94 |        23.6 |    25.4 |    20.6 
 abcijk-ekab-ijec |  1536 | 1536 |   24 | 1.00 | 0.50 |        26.9 |    30.3 |    22.7 
 abcijk-ekac-ijeb |  1536 | 1536 |   24 | 1.00 | 0.50 |        21.4 |    22.4 |    18.6 
 abcijk-ekbc-ijea |   512 | 4608 |   24 | 1.00 | 0.94 |        23.5 |    25.2 |    20.6 
       abc-bk-akc |    72 | 3744 |   52 | 1.00 | 1.00 |        34.8 |    37.5 |    33.0 

=== complex efficiency ratio (c64 GF/s over f64 GF/s; 1.0 = no penalty) ===
             case | planar c64/f64 | 1m c64/f64 | 3m c64/f64 
------------------+----------------+------------+------------
         ij-ik-kj |          1.110 |      1.143 |      1.099 
       ij-ikl-ljk |          1.286 |      1.272 |      1.322 
       ij-kil-lkj |          1.313 |      1.333 |      1.351 
       ijk-ikl-lj |          1.157 |      1.206 |      1.142 
       ijk-il-jlk |          1.197 |      1.293 |      1.085 
       ijk-ilk-jl |          1.086 |      1.170 |      1.017 
       ijk-ilk-lj |          1.101 |      1.140 |      1.079 
     ijk-ilmk-mjl |          1.466 |      1.189 |      1.374 
   ijkl-imjn-lnkm |          1.044 |      1.079 |      1.035 
   ijkl-imjn-nlmk |          1.045 |      1.069 |      1.037 
   ijkl-imkn-jnlm |          1.035 |      1.085 |      1.018 
   ijkl-imkn-njml |          1.054 |      1.083 |      1.048 
   ijkl-imln-jnkm |          1.051 |      1.086 |      1.034 
   ijkl-imln-njmk |          1.052 |      1.080 |      1.044 
   ijkl-imnj-nlkm |          1.042 |      1.067 |      1.037 
   ijkl-imnk-njml |          1.054 |      1.081 |      1.044 
   ijkl-minj-nlmk |          1.067 |      1.094 |      1.060 
   ijkl-mink-jnlm |          1.033 |      1.079 |      1.023 
   ijkl-minl-njmk |          1.078 |      1.108 |      1.069 
     aqrs-pa-pqrs |          1.496 |      1.695 |      1.233 
     abrs-qb-aqrs |          1.499 |      1.358 |      1.222 
     abcs-rc-abrs |          1.495 |      1.358 |      1.215 
       abj-bka-kj |          1.179 |      1.202 |      1.150 
       ajb-kba-jk |          1.105 |      1.205 |      1.083 
     abjc-cbka-kj |          1.687 |      1.535 |      1.422 
     ajbc-ckba-jk |          1.395 |      1.517 |      1.183 
     abjc-kbac-jk |          1.329 |      1.463 |      1.138 
   abjcd-dkbac-jk |          1.584 |      1.598 |      1.290 
   adbjc-cbdka-kj |          1.529 |      1.459 |      1.477 
   ajbdc-ckbad-jk |          1.569 |      1.566 |      1.316 
 abcijk-ijma-mkbc |          1.305 |      1.376 |      1.157 
 abcijk-ijmb-mkac |          1.318 |      1.387 |      1.143 
 abcijk-ijmc-mkab |          1.365 |      1.518 |      1.154 
 abcijk-ikma-mjbc |          1.314 |      1.405 |      1.155 
 abcijk-ikmb-mjac |          1.335 |      1.396 |      1.144 
 abcijk-ikmc-mjab |          1.371 |      1.521 |      1.160 
 abcijk-jkma-mibc |          1.262 |      1.375 |      1.114 
 abcijk-jkmb-miac |          1.329 |      1.396 |      1.129 
 abcijk-jkmc-miab |          1.341 |      1.505 |      1.149 
 abcijk-eiab-jkec |          1.344 |      1.499 |      1.150 
 abcijk-eiac-jkeb |          1.325 |      1.394 |      1.133 
 abcijk-eibc-jkea |          1.261 |      1.383 |      1.122 
 abcijk-ejab-ikec |          1.380 |      1.522 |      1.161 
 abcijk-ejac-ikeb |          1.321 |      1.380 |      1.135 
 abcijk-ejbc-ikea |          1.319 |      1.421 |      1.155 
 abcijk-ekab-ijec |          1.376 |      1.549 |      1.161 
 abcijk-ekac-ijeb |          1.323 |      1.387 |      1.150 
 abcijk-ekbc-ijea |          1.322 |      1.417 |      1.155 
       abc-bk-akc |          1.100 |      1.183 |      1.041 
             MEAN |          1.268 |      1.319 |      1.149 

wrote bench-results/worker5086-zen2/phase4g/sm-guard-s1-t1-f64c64.csv
