host        : worker5086
target      : x86_64 / linux
cpu features: avx2 fma 
caches      : L1=32KiB/8-way/1sh L2=512KiB/8-way/1sh L3=16384KiB/16-way/4sh (via sysfs), blocking=legacy
l3 domains  : t1=1 t4=1 t8=2 t16=4 t32=8 t64=16 t128=32
baselines   : tblis=false blas=false

sweeping 49 cases at 1 MiB nominal tensor size, 24 reps, stress=none


=== f32 ===
             case |     m |    n |    k | regA | regB | planar GF/s | 1m GF/s | 3m GF/s 
------------------+-------+------+------+------+------+-------------+---------+---------
         ij-ik-kj |   384 |  364 |  384 | 1.00 | 1.00 |       117.0 |   117.0 |   117.0 
       ij-ikl-ljk |    72 |   52 | 3744 | 1.00 | 1.00 |        37.7 |    37.7 |    37.7 
       ij-kil-lkj |    72 |   52 | 5184 | 1.00 | 1.00 |        45.7 |    45.7 |    45.7 
       ijk-ikl-lj |  3744 |   52 |   72 | 1.00 | 1.00 |        94.1 |    94.1 |    94.1 
       ijk-il-jlk |    72 | 3744 |   52 | 1.00 | 1.00 |        41.7 |    41.7 |    41.7 
       ijk-ilk-jl |  3744 |   72 |   52 | 0.89 | 1.00 |        91.8 |    91.8 |    91.8 
       ijk-ilk-lj |  3744 |   52 |   72 | 0.89 | 1.00 |        95.7 |    95.7 |    95.7 
     ijk-ilmk-mjl |   480 |   20 |  480 | 0.67 | 1.00 |        39.6 |    39.6 |    39.6 
   ijkl-imjn-lnkm |   480 |  480 |  400 | 0.67 | 0.80 |       110.8 |   110.8 |   110.8 
   ijkl-imjn-nlmk |   480 |  400 |  480 | 0.67 | 0.81 |       123.9 |   123.9 |   123.9 
   ijkl-imkn-jnlm |   480 |  480 |  400 | 0.67 | 1.00 |       116.4 |   116.4 |   116.4 
   ijkl-imkn-njml |   480 |  400 |  480 | 0.67 | 0.81 |       118.7 |   118.7 |   118.7 
   ijkl-imln-jnkm |   480 |  480 |  400 | 0.67 | 1.00 |       111.8 |   111.8 |   111.8 
   ijkl-imln-njmk |   480 |  400 |  480 | 0.67 | 0.81 |       121.8 |   121.8 |   121.8 
   ijkl-imnj-nlkm |   480 |  400 |  480 | 0.67 | 0.81 |       124.4 |   124.4 |   124.4 
   ijkl-imnk-njml |   480 |  400 |  480 | 0.67 | 0.81 |       120.4 |   120.4 |   120.4 
   ijkl-minj-nlmk |   480 |  400 |  576 | 0.67 | 0.81 |       135.7 |   135.7 |   135.7 
   ijkl-mink-jnlm |   480 |  480 |  480 | 0.67 | 1.00 |       115.5 |   115.5 |   115.5 
   ijkl-minl-njmk |   480 |  400 |  576 | 0.67 | 0.81 |       117.2 |   117.2 |   117.2 
     aqrs-pa-pqrs |    24 | 8000 |   24 | 1.00 | 1.00 |        20.5 |    20.5 |    20.5 
     abrs-qb-aqrs |    20 | 9600 |   24 | 1.00 | 1.00 |        26.1 |    26.1 |    26.1 
     abcs-rc-abrs |    20 | 9600 |   24 | 1.00 | 1.00 |        31.3 |    31.3 |    31.3 
       abj-bka-kj |  5184 |   52 |   72 | 0.89 | 1.00 |       102.7 |   102.7 |   102.7 
       ajb-kba-jk |  3744 |   72 |   72 | 0.89 | 1.00 |       119.2 |   119.2 |   119.2 
     abjc-cbka-kj | 11520 |   20 |   24 | 0.67 | 1.00 |        20.4 |    20.4 |    20.4 
     ajbc-ckba-jk | 11520 |   24 |   20 | 1.00 | 1.00 |        18.0 |    18.0 |    18.0 
     abjc-kbac-jk |  9600 |   24 |   24 | 0.67 | 1.00 |        30.4 |    30.4 |    30.4 
   abjcd-dkbac-jk | 82944 |   24 |   12 | 0.67 | 1.00 |        61.4 |    61.4 |    61.4 
   adbjc-cbdka-kj | 82944 |   12 |   24 | 0.67 | 1.00 |        40.1 |    40.1 |    40.1 
   ajbdc-ckbad-jk | 82944 |   24 |   12 | 1.00 | 1.00 |        49.6 |    49.6 |    49.6 
 abcijk-ijma-mkbc |  4608 |  512 |   24 | 1.00 | 1.00 |       134.3 |   134.3 |   134.3 
 abcijk-ijmb-mkac |  1536 | 1536 |   24 | 1.00 | 1.00 |       161.3 |   161.3 |   161.3 
 abcijk-ijmc-mkab |  1536 | 1536 |   24 | 1.00 | 0.50 |       166.5 |   166.5 |   166.5 
 abcijk-ikma-mjbc |  4608 |  512 |   24 | 1.00 | 1.00 |       131.7 |   131.7 |   131.7 
 abcijk-ikmb-mjac |  1536 | 1536 |   24 | 1.00 | 1.00 |       153.9 |   153.9 |   153.9 
 abcijk-ikmc-mjab |  1536 | 1536 |   24 | 1.00 | 0.50 |       170.2 |   170.2 |   170.2 
 abcijk-jkma-mibc |  4608 |  512 |   24 | 1.00 | 1.00 |       126.9 |   126.9 |   126.9 
 abcijk-jkmb-miac |  1536 | 1536 |   24 | 1.00 | 1.00 |       163.1 |   163.1 |   163.1 
 abcijk-jkmc-miab |  1536 | 1536 |   24 | 1.00 | 0.50 |       159.2 |   159.2 |   159.2 
 abcijk-eiab-jkec |  1536 | 1536 |   24 | 1.00 | 0.50 |       161.9 |   161.9 |   161.9 
 abcijk-eiac-jkeb |  1536 | 1536 |   24 | 1.00 | 1.00 |       160.7 |   160.7 |   160.7 
 abcijk-eibc-jkea |   512 | 4608 |   24 | 1.00 | 1.00 |       129.2 |   129.2 |   129.2 
 abcijk-ejab-ikec |  1536 | 1536 |   24 | 1.00 | 0.50 |       161.4 |   161.4 |   161.4 
 abcijk-ejac-ikeb |  1536 | 1536 |   24 | 1.00 | 1.00 |       155.8 |   155.8 |   155.8 
 abcijk-ejbc-ikea |   512 | 4608 |   24 | 1.00 | 1.00 |       129.1 |   129.1 |   129.1 
 abcijk-ekab-ijec |  1536 | 1536 |   24 | 1.00 | 0.50 |       162.3 |   162.3 |   162.3 
 abcijk-ekac-ijeb |  1536 | 1536 |   24 | 1.00 | 1.00 |       161.0 |   161.0 |   161.0 
 abcijk-ekbc-ijea |   512 | 4608 |   24 | 1.00 | 1.00 |       131.4 |   131.4 |   131.4 
       abc-bk-akc |    72 | 3744 |   52 | 0.89 | 1.00 |        83.8 |    83.8 |    83.8 

=== c32 ===
             case |     m |    n |    k | regA | regB | planar GF/s | 1m GF/s | 3m GF/s 
------------------+-------+------+------+------+------+-------------+---------+---------
         ij-ik-kj |   384 |  364 |  384 | 1.00 | 1.00 |       118.0 |   156.1 |   150.8 
       ij-ikl-ljk |    72 |   52 | 3744 | 1.00 | 1.00 |       102.0 |    97.7 |   100.2 
       ij-kil-lkj |    72 |   52 | 5184 | 1.00 | 1.00 |       112.0 |   104.2 |    94.0 
       ijk-ikl-lj |  3744 |   52 |   72 | 1.00 | 1.00 |       143.1 |   143.3 |   190.2 
       ijk-il-jlk |    72 | 3744 |   52 | 1.00 | 0.95 |       114.2 |   110.4 |   203.8 
       ijk-ilk-jl |  3744 |   72 |   52 | 1.00 | 1.00 |       134.8 |   152.0 |   141.6 
       ijk-ilk-lj |  3744 |   52 |   72 | 1.00 | 1.00 |       133.8 |   140.0 |   160.0 
     ijk-ilmk-mjl |   480 |   20 |  480 | 1.00 | 1.00 |       102.6 |    82.2 |    93.5 
   ijkl-imjn-lnkm |   480 |  480 |  400 | 1.00 | 1.00 |       143.3 |   137.2 |   139.2 
   ijkl-imjn-nlmk |   480 |  400 |  480 | 1.00 | 1.00 |       144.3 |   143.7 |   138.0 
   ijkl-imkn-jnlm |   480 |  480 |  400 | 1.00 | 0.83 |       181.6 |   142.7 |   138.9 
   ijkl-imkn-njml |   480 |  400 |  480 | 1.00 | 1.00 |       148.5 |   160.9 |   138.9 
   ijkl-imln-jnkm |   480 |  480 |  400 | 1.00 | 0.83 |       141.9 |   139.9 |   138.1 
   ijkl-imln-njmk |   480 |  400 |  480 | 1.00 | 1.00 |       158.0 |   141.0 |   138.0 
   ijkl-imnj-nlkm |   480 |  400 |  480 | 1.00 | 1.00 |       192.1 |   161.2 |   170.6 
   ijkl-imnk-njml |   480 |  400 |  480 | 1.00 | 1.00 |       193.0 |   146.9 |   159.9 
   ijkl-minj-nlmk |   480 |  400 |  576 | 1.00 | 1.00 |       200.5 |   211.0 |   169.2 
   ijkl-mink-jnlm |   480 |  480 |  480 | 1.00 | 0.83 |       177.5 |   164.8 |   176.7 
   ijkl-minl-njmk |   480 |  400 |  576 | 1.00 | 1.00 |       182.5 |   228.8 |   162.8 
     aqrs-pa-pqrs |    24 | 8000 |   24 | 1.00 | 1.00 |        68.1 |    77.8 |    94.9 
     abrs-qb-aqrs |    20 | 9600 |   24 | 1.00 | 1.00 |       107.4 |    98.0 |    88.3 
     abcs-rc-abrs |    20 | 9600 |   24 | 1.00 | 1.00 |       103.4 |   100.2 |    91.2 
       abj-bka-kj |  5184 |   52 |   72 | 1.00 | 1.00 |       134.8 |   144.8 |   152.8 
       ajb-kba-jk |  3744 |   72 |   72 | 1.00 | 1.00 |       145.9 |   134.7 |   161.2 
     abjc-cbka-kj | 11520 |   20 |   24 | 1.00 | 1.00 |        96.4 |    94.6 |    49.8 
     ajbc-ckba-jk | 11520 |   24 |   20 | 1.00 | 1.00 |       104.6 |   107.7 |    39.4 
     abjc-kbac-jk |  9600 |   24 |   24 | 1.00 | 1.00 |       113.3 |   119.3 |    61.4 
   abjcd-dkbac-jk | 82944 |   24 |   12 | 1.00 | 1.00 |        83.0 |    77.3 |    91.1 
   adbjc-cbdka-kj | 82944 |   12 |   24 | 1.00 | 1.00 |        59.2 |    46.5 |    65.6 
   ajbdc-ckbad-jk | 82944 |   24 |   12 | 1.00 | 1.00 |        83.8 |    86.5 |    88.4 
 abcijk-ijma-mkbc |  4608 |  512 |   24 | 1.00 | 0.94 |       181.0 |   181.4 |   193.8 
 abcijk-ijmb-mkac |  1536 | 1536 |   24 | 1.00 | 0.50 |       217.9 |   209.1 |   215.6 
 abcijk-ijmc-mkab |  1536 | 1536 |   24 | 1.00 | 0.50 |       220.0 |   213.9 |   230.0 
 abcijk-ikma-mjbc |  4608 |  512 |   24 | 1.00 | 0.94 |       173.6 |   173.2 |   177.9 
 abcijk-ikmb-mjac |  1536 | 1536 |   24 | 1.00 | 0.50 |       215.8 |   216.7 |   209.0 
 abcijk-ikmc-mjab |  1536 | 1536 |   24 | 1.00 | 0.50 |       228.9 |   212.5 |   228.4 
 abcijk-jkma-mibc |  4608 |  512 |   24 | 1.00 | 0.94 |       171.2 |   176.6 |   181.1 
 abcijk-jkmb-miac |  1536 | 1536 |   24 | 1.00 | 0.50 |       207.7 |   215.7 |   215.2 
 abcijk-jkmc-miab |  1536 | 1536 |   24 | 1.00 | 0.50 |       231.8 |   221.2 |   234.0 
 abcijk-eiab-jkec |  1536 | 1536 |   24 | 1.00 | 0.50 |       225.9 |   219.6 |   223.1 
 abcijk-eiac-jkeb |  1536 | 1536 |   24 | 1.00 | 0.50 |       214.0 |   215.1 |   218.0 
 abcijk-eibc-jkea |   512 | 4608 |   24 | 1.00 | 0.94 |       176.0 |   176.0 |   185.2 
 abcijk-ejab-ikec |  1536 | 1536 |   24 | 1.00 | 0.50 |       221.1 |   214.1 |   222.2 
 abcijk-ejac-ikeb |  1536 | 1536 |   24 | 1.00 | 0.50 |       216.6 |   217.9 |   205.3 
 abcijk-ejbc-ikea |   512 | 4608 |   24 | 1.00 | 0.94 |       174.9 |   168.2 |   190.1 
 abcijk-ekab-ijec |  1536 | 1536 |   24 | 1.00 | 0.50 |       222.5 |   216.6 |   223.2 
 abcijk-ekac-ijeb |  1536 | 1536 |   24 | 1.00 | 0.50 |       217.1 |   220.2 |   210.0 
 abcijk-ekbc-ijea |   512 | 4608 |   24 | 1.00 | 0.94 |       176.0 |   173.0 |   179.3 
       abc-bk-akc |    72 | 3744 |   52 | 1.00 | 1.00 |       129.2 |   139.0 |   132.0 

=== complex efficiency ratio (c32 GF/s over f32 GF/s; 1.0 = no penalty) ===
             case | planar c32/f32 | 1m c32/f32 | 3m c32/f32 
------------------+----------------+------------+------------
         ij-ik-kj |          1.008 |      1.334 |      1.290 
       ij-ikl-ljk |          2.706 |      2.593 |      2.660 
       ij-kil-lkj |          2.453 |      2.282 |      2.059 
       ijk-ikl-lj |          1.522 |      1.524 |      2.022 
       ijk-il-jlk |          2.737 |      2.646 |      4.887 
       ijk-ilk-jl |          1.469 |      1.656 |      1.542 
       ijk-ilk-lj |          1.398 |      1.463 |      1.673 
     ijk-ilmk-mjl |          2.590 |      2.075 |      2.361 
   ijkl-imjn-lnkm |          1.293 |      1.238 |      1.256 
   ijkl-imjn-nlmk |          1.165 |      1.160 |      1.114 
   ijkl-imkn-jnlm |          1.560 |      1.225 |      1.193 
   ijkl-imkn-njml |          1.252 |      1.355 |      1.170 
   ijkl-imln-jnkm |          1.269 |      1.251 |      1.235 
   ijkl-imln-njmk |          1.297 |      1.157 |      1.133 
   ijkl-imnj-nlkm |          1.544 |      1.296 |      1.371 
   ijkl-imnk-njml |          1.603 |      1.220 |      1.329 
   ijkl-minj-nlmk |          1.477 |      1.555 |      1.247 
   ijkl-mink-jnlm |          1.537 |      1.427 |      1.530 
   ijkl-minl-njmk |          1.557 |      1.952 |      1.389 
     aqrs-pa-pqrs |          3.317 |      3.789 |      4.620 
     abrs-qb-aqrs |          4.124 |      3.760 |      3.388 
     abcs-rc-abrs |          3.305 |      3.204 |      2.917 
       abj-bka-kj |          1.313 |      1.410 |      1.488 
       ajb-kba-jk |          1.224 |      1.130 |      1.353 
     abjc-cbka-kj |          4.723 |      4.637 |      2.442 
     ajbc-ckba-jk |          5.794 |      5.967 |      2.181 
     abjc-kbac-jk |          3.732 |      3.928 |      2.022 
   abjcd-dkbac-jk |          1.352 |      1.258 |      1.483 
   adbjc-cbdka-kj |          1.476 |      1.161 |      1.637 
   ajbdc-ckbad-jk |          1.689 |      1.743 |      1.782 
 abcijk-ijma-mkbc |          1.348 |      1.351 |      1.443 
 abcijk-ijmb-mkac |          1.351 |      1.296 |      1.337 
 abcijk-ijmc-mkab |          1.321 |      1.285 |      1.381 
 abcijk-ikma-mjbc |          1.318 |      1.315 |      1.351 
 abcijk-ikmb-mjac |          1.402 |      1.408 |      1.358 
 abcijk-ikmc-mjab |          1.345 |      1.248 |      1.342 
 abcijk-jkma-mibc |          1.349 |      1.391 |      1.427 
 abcijk-jkmb-miac |          1.274 |      1.323 |      1.320 
 abcijk-jkmc-miab |          1.456 |      1.389 |      1.470 
 abcijk-eiab-jkec |          1.395 |      1.356 |      1.378 
 abcijk-eiac-jkeb |          1.331 |      1.338 |      1.356 
 abcijk-eibc-jkea |          1.362 |      1.362 |      1.434 
 abcijk-ejab-ikec |          1.370 |      1.327 |      1.377 
 abcijk-ejac-ikeb |          1.390 |      1.399 |      1.317 
 abcijk-ejbc-ikea |          1.354 |      1.302 |      1.472 
 abcijk-ekab-ijec |          1.371 |      1.335 |      1.375 
 abcijk-ekac-ijeb |          1.348 |      1.368 |      1.304 
 abcijk-ekbc-ijea |          1.340 |      1.317 |      1.364 
       abc-bk-akc |          1.543 |      1.660 |      1.576 
             MEAN |          1.826 |      1.799 |      1.717 

wrote bench-results/worker5086-zen2/phase4g/sm-guard-s1-t64-f32c32.csv
