host        : worker5086
target      : x86_64 / linux
cpu features: avx2 fma 
caches      : L1=32KiB/8-way/1sh L2=512KiB/8-way/1sh L3=16384KiB/16-way/4sh (via sysfs), blocking=legacy
l3 domains  : t1=1 t4=1 t8=2
baselines   : tblis=false blas=false

sweeping 49 cases at 0.25 MiB nominal tensor size, 96 reps, stress=none


=== f64 ===
             case |     m |    n |    k | regA | regB | planar GF/s | 1m GF/s | 3m GF/s 
------------------+-------+------+------+------+------+-------------+---------+---------
         ij-ik-kj |   192 |  180 |  192 | 1.00 | 1.00 |        59.8 |    59.8 |    59.8 
       ij-ikl-ljk |    48 |   32 | 1536 | 1.00 | 1.00 |        22.0 |    22.0 |    22.0 
       ij-kil-lkj |    48 |   32 | 2304 | 1.00 | 1.00 |        20.6 |    20.6 |    20.6 
       ijk-ikl-lj |  1536 |   32 |   48 | 1.00 | 1.00 |        22.9 |    22.9 |    22.9 
       ijk-il-jlk |    48 | 1536 |   32 | 1.00 | 1.00 |        23.1 |    23.1 |    23.1 
       ijk-ilk-jl |  1536 |   48 |   32 | 1.00 | 1.00 |        25.0 |    25.0 |    25.0 
       ijk-ilk-lj |  1536 |   32 |   48 | 1.00 | 1.00 |        24.4 |    24.4 |    24.4 
     ijk-ilmk-mjl |   288 |   12 |  288 | 1.00 | 1.00 |        19.6 |    19.6 |    19.6 
   ijkl-imjn-lnkm |   288 |  288 |  144 | 1.00 | 1.00 |        89.4 |    89.4 |    89.4 
   ijkl-imjn-nlmk |   288 |  144 |  288 | 1.00 | 1.00 |        82.5 |    82.5 |    82.5 
   ijkl-imkn-jnlm |   288 |  288 |  144 | 1.00 | 1.00 |        92.6 |    92.6 |    92.6 
   ijkl-imkn-njml |   288 |  144 |  288 | 1.00 | 1.00 |        83.3 |    83.3 |    83.3 
   ijkl-imln-jnkm |   288 |  288 |  144 | 1.00 | 1.00 |        93.7 |    93.7 |    93.7 
   ijkl-imln-njmk |   288 |  144 |  288 | 1.00 | 1.00 |        84.0 |    84.0 |    84.0 
   ijkl-imnj-nlkm |   288 |  144 |  288 | 1.00 | 1.00 |        82.7 |    82.7 |    82.7 
   ijkl-imnk-njml |   288 |  144 |  288 | 1.00 | 1.00 |        82.5 |    82.5 |    82.5 
   ijkl-minj-nlmk |   288 |  144 |  576 | 1.00 | 1.00 |       108.8 |   108.8 |   108.8 
   ijkl-mink-jnlm |   288 |  288 |  288 | 1.00 | 1.00 |       116.9 |   116.9 |   116.9 
   ijkl-minl-njmk |   288 |  144 |  576 | 1.00 | 1.00 |       111.2 |   111.2 |   111.2 
     aqrs-pa-pqrs |    24 | 1728 |   24 | 1.00 | 1.00 |        16.5 |    16.5 |    16.5 
     abrs-qb-aqrs |    12 | 3456 |   24 | 1.00 | 1.00 |        14.5 |    14.5 |    14.5 
     abcs-rc-abrs |    12 | 3456 |   24 | 1.00 | 1.00 |        14.5 |    14.5 |    14.5 
       abj-bka-kj |  2304 |   32 |   48 | 1.00 | 1.00 |        21.2 |    21.2 |    21.2 
       ajb-kba-jk |  1536 |   48 |   48 | 1.00 | 1.00 |        27.2 |    27.2 |    27.2 
     abjc-cbka-kj |  6912 |   12 |   24 | 1.00 | 1.00 |        10.9 |    10.9 |    10.9 
     ajbc-ckba-jk |  6912 |   24 |   12 | 1.00 | 1.00 |        12.2 |    12.2 |    12.2 
     abjc-kbac-jk |  3456 |   24 |   24 | 1.00 | 1.00 |        17.9 |    17.9 |    17.9 
   abjcd-dkbac-jk | 36864 |   24 |    8 | 1.00 | 1.00 |        16.3 |    16.3 |    16.3 
   adbjc-cbdka-kj | 36864 |    8 |   24 | 1.00 | 1.00 |         4.3 |     4.3 |     4.3 
   ajbdc-ckbad-jk | 36864 |   24 |    8 | 1.00 | 1.00 |        15.3 |    15.3 |    15.3 
 abcijk-ijma-mkbc |  2304 |   64 |   24 | 1.00 | 0.82 |        21.6 |    21.6 |    21.6 
 abcijk-ijmb-mkac |   384 |  384 |   24 | 1.00 | 0.00 |        25.4 |    25.4 |    25.4 
 abcijk-ijmc-mkab |   384 |  384 |   24 | 1.00 | 0.00 |        25.4 |    25.4 |    25.4 
 abcijk-ikma-mjbc |  2304 |   64 |   24 | 1.00 | 0.82 |        21.6 |    21.6 |    21.6 
 abcijk-ikmb-mjac |   384 |  384 |   24 | 1.00 | 0.00 |        25.4 |    25.4 |    25.4 
 abcijk-ikmc-mjab |   384 |  384 |   24 | 1.00 | 0.00 |        25.4 |    25.4 |    25.4 
 abcijk-jkma-mibc |  2304 |   64 |   24 | 1.00 | 0.82 |        21.7 |    21.7 |    21.7 
 abcijk-jkmb-miac |   384 |  384 |   24 | 1.00 | 0.00 |        25.3 |    25.3 |    25.3 
 abcijk-jkmc-miab |   384 |  384 |   24 | 1.00 | 0.00 |        25.3 |    25.3 |    25.3 
 abcijk-eiab-jkec |   384 |  384 |   24 | 1.00 | 0.00 |        25.3 |    25.3 |    25.3 
 abcijk-eiac-jkeb |   384 |  384 |   24 | 1.00 | 0.00 |        25.4 |    25.4 |    25.4 
 abcijk-eibc-jkea |    64 | 2304 |   24 | 1.00 | 0.82 |        21.7 |    21.7 |    21.7 
 abcijk-ejab-ikec |   384 |  384 |   24 | 1.00 | 0.00 |        25.4 |    25.4 |    25.4 
 abcijk-ejac-ikeb |   384 |  384 |   24 | 1.00 | 0.00 |        25.4 |    25.4 |    25.4 
 abcijk-ejbc-ikea |    64 | 2304 |   24 | 1.00 | 0.82 |        21.7 |    21.7 |    21.7 
 abcijk-ekab-ijec |   384 |  384 |   24 | 1.00 | 0.00 |        25.4 |    25.4 |    25.4 
 abcijk-ekac-ijeb |   384 |  384 |   24 | 1.00 | 0.00 |        25.4 |    25.4 |    25.4 
 abcijk-ekbc-ijea |    64 | 2304 |   24 | 1.00 | 0.82 |        21.7 |    21.7 |    21.7 
       abc-bk-akc |    48 | 1536 |   32 | 1.00 | 1.00 |        24.9 |    24.9 |    24.9 

=== c64 ===
             case |     m |    n |    k | regA | regB | planar GF/s | 1m GF/s | 3m GF/s 
------------------+-------+------+------+------+------+-------------+---------+---------
         ij-ik-kj |   192 |  180 |  192 | 1.00 | 1.00 |       132.8 |   137.8 |   133.7 
       ij-ikl-ljk |    48 |   32 | 1536 | 1.00 | 1.00 |        62.7 |    62.1 |    50.3 
       ij-kil-lkj |    48 |   32 | 2304 | 1.00 | 1.00 |        77.7 |    74.9 |    65.9 
       ijk-ikl-lj |  1536 |   32 |   48 | 1.00 | 1.00 |        69.3 |    68.2 |    50.3 
       ijk-il-jlk |    48 | 1536 |   32 | 1.00 | 0.92 |        67.7 |    74.5 |    44.2 
       ijk-ilk-jl |  1536 |   48 |   32 | 1.00 | 1.00 |        70.1 |    75.5 |    47.4 
       ijk-ilk-lj |  1536 |   32 |   48 | 1.00 | 1.00 |        71.7 |    71.3 |    52.1 
     ijk-ilmk-mjl |   288 |   12 |  288 | 1.00 | 1.00 |        25.0 |    25.6 |    26.6 
   ijkl-imjn-lnkm |   288 |  288 |  144 | 1.00 | 0.67 |       145.5 |   153.9 |   144.7 
   ijkl-imjn-nlmk |   288 |  144 |  288 | 1.00 | 0.69 |       136.7 |   145.2 |   140.2 
   ijkl-imkn-jnlm |   288 |  288 |  144 | 1.00 | 0.84 |       144.7 |   155.1 |   140.4 
   ijkl-imkn-njml |   288 |  144 |  288 | 1.00 | 0.69 |       138.8 |   144.9 |   138.3 
   ijkl-imln-jnkm |   288 |  288 |  144 | 1.00 | 0.84 |       144.3 |   154.6 |   142.7 
   ijkl-imln-njmk |   288 |  144 |  288 | 1.00 | 0.69 |       136.8 |   147.4 |   139.1 
   ijkl-imnj-nlkm |   288 |  144 |  288 | 1.00 | 0.69 |       137.0 |   144.4 |   138.8 
   ijkl-imnk-njml |   288 |  144 |  288 | 1.00 | 0.69 |       138.9 |   145.2 |   139.3 
   ijkl-minj-nlmk |   288 |  144 |  576 | 1.00 | 0.69 |       145.6 |   152.6 |   149.0 
   ijkl-mink-jnlm |   288 |  288 |  288 | 1.00 | 0.84 |       149.1 |   158.8 |   149.9 
   ijkl-minl-njmk |   288 |  144 |  576 | 1.00 | 0.69 |       146.1 |   154.6 |   148.0 
     aqrs-pa-pqrs |    24 | 1728 |   24 | 1.00 | 1.00 |        24.8 |    28.2 |    20.6 
     abrs-qb-aqrs |    12 | 3456 |   24 | 1.00 | 1.00 |        18.9 |    20.7 |    17.6 
     abcs-rc-abrs |    12 | 3456 |   24 | 1.00 | 1.00 |        18.3 |    20.7 |    17.6 
       abj-bka-kj |  2304 |   32 |   48 | 1.00 | 1.00 |        82.0 |    83.1 |    67.6 
       ajb-kba-jk |  1536 |   48 |   48 | 1.00 | 1.00 |        96.4 |   100.3 |    77.8 
     abjc-cbka-kj |  6912 |   12 |   24 | 1.00 | 1.00 |        28.7 |    31.1 |    15.6 
     ajbc-ckba-jk |  6912 |   24 |   12 | 1.00 | 1.00 |        30.8 |    34.1 |    13.5 
     abjc-kbac-jk |  3456 |   24 |   24 | 1.00 | 1.00 |        42.1 |    46.0 |    20.7 
   abjcd-dkbac-jk | 36864 |   24 |    8 | 1.00 | 1.00 |        40.1 |    42.0 |    32.3 
   adbjc-cbdka-kj | 36864 |    8 |   24 | 1.00 | 1.00 |        17.6 |    15.8 |    17.2 
   ajbdc-ckbad-jk | 36864 |   24 |    8 | 1.00 | 1.00 |        34.2 |    35.0 |    28.4 
 abcijk-ijma-mkbc |  2304 |   64 |   24 | 1.00 | 0.77 |        82.0 |    89.1 |    60.2 
 abcijk-ijmb-mkac |   384 |  384 |   24 | 1.00 | 0.01 |        90.7 |    98.0 |    64.3 
 abcijk-ijmc-mkab |   384 |  384 |   24 | 1.00 | 0.01 |        90.1 |    98.1 |    64.7 
 abcijk-ikma-mjbc |  2304 |   64 |   24 | 1.00 | 0.77 |        82.3 |    88.2 |    60.2 
 abcijk-ikmb-mjac |   384 |  384 |   24 | 1.00 | 0.01 |        91.7 |    99.9 |    64.5 
 abcijk-ikmc-mjab |   384 |  384 |   24 | 1.00 | 0.01 |        91.5 |   100.1 |    64.8 
 abcijk-jkma-mibc |  2304 |   64 |   24 | 1.00 | 0.77 |        82.1 |    88.8 |    60.1 
 abcijk-jkmb-miac |   384 |  384 |   24 | 1.00 | 0.01 |        88.5 |    99.6 |    64.4 
 abcijk-jkmc-miab |   384 |  384 |   24 | 1.00 | 0.01 |        90.2 |    99.8 |    64.5 
 abcijk-eiab-jkec |   384 |  384 |   24 | 1.00 | 0.01 |        91.0 |   100.1 |    64.4 
 abcijk-eiac-jkeb |   384 |  384 |   24 | 1.00 | 0.01 |        90.0 |   100.0 |    64.9 
 abcijk-eibc-jkea |    64 | 2304 |   24 | 1.00 | 0.77 |        83.0 |    89.2 |    60.4 
 abcijk-ejab-ikec |   384 |  384 |   24 | 1.00 | 0.01 |        91.2 |    98.9 |    65.0 
 abcijk-ejac-ikeb |   384 |  384 |   24 | 1.00 | 0.01 |        89.8 |    99.8 |    64.4 
 abcijk-ejbc-ikea |    64 | 2304 |   24 | 1.00 | 0.77 |        82.7 |    88.2 |    60.2 
 abcijk-ekab-ijec |   384 |  384 |   24 | 1.00 | 0.01 |        89.4 |    99.7 |    64.9 
 abcijk-ekac-ijeb |   384 |  384 |   24 | 1.00 | 0.01 |        90.7 |    99.8 |    64.1 
 abcijk-ekbc-ijea |    64 | 2304 |   24 | 1.00 | 0.77 |        82.0 |    87.4 |    60.1 
       abc-bk-akc |    48 | 1536 |   32 | 1.00 | 1.00 |        69.5 |    75.1 |    47.4 

=== complex efficiency ratio (c64 GF/s over f64 GF/s; 1.0 = no penalty) ===
             case | planar c64/f64 | 1m c64/f64 | 3m c64/f64 
------------------+----------------+------------+------------
         ij-ik-kj |          2.222 |      2.306 |      2.236 
       ij-ikl-ljk |          2.845 |      2.816 |      2.283 
       ij-kil-lkj |          3.763 |      3.630 |      3.195 
       ijk-ikl-lj |          3.024 |      2.976 |      2.195 
       ijk-il-jlk |          2.929 |      3.226 |      1.913 
       ijk-ilk-jl |          2.799 |      3.017 |      1.894 
       ijk-ilk-lj |          2.937 |      2.922 |      2.132 
     ijk-ilmk-mjl |          1.274 |      1.305 |      1.356 
   ijkl-imjn-lnkm |          1.627 |      1.722 |      1.618 
   ijkl-imjn-nlmk |          1.657 |      1.760 |      1.699 
   ijkl-imkn-jnlm |          1.562 |      1.675 |      1.516 
   ijkl-imkn-njml |          1.666 |      1.739 |      1.660 
   ijkl-imln-jnkm |          1.540 |      1.650 |      1.523 
   ijkl-imln-njmk |          1.629 |      1.756 |      1.657 
   ijkl-imnj-nlkm |          1.656 |      1.746 |      1.677 
   ijkl-imnk-njml |          1.685 |      1.761 |      1.690 
   ijkl-minj-nlmk |          1.339 |      1.403 |      1.370 
   ijkl-mink-jnlm |          1.275 |      1.358 |      1.282 
   ijkl-minl-njmk |          1.313 |      1.390 |      1.330 
     aqrs-pa-pqrs |          1.503 |      1.710 |      1.248 
     abrs-qb-aqrs |          1.301 |      1.426 |      1.215 
     abcs-rc-abrs |          1.262 |      1.429 |      1.216 
       abj-bka-kj |          3.861 |      3.912 |      3.182 
       ajb-kba-jk |          3.541 |      3.684 |      2.855 
     abjc-cbka-kj |          2.640 |      2.865 |      1.435 
     ajbc-ckba-jk |          2.521 |      2.784 |      1.103 
     abjc-kbac-jk |          2.357 |      2.575 |      1.158 
   abjcd-dkbac-jk |          2.467 |      2.583 |      1.985 
   adbjc-cbdka-kj |          4.056 |      3.635 |      3.954 
   ajbdc-ckbad-jk |          2.237 |      2.286 |      1.855 
 abcijk-ijma-mkbc |          3.797 |      4.129 |      2.789 
 abcijk-ijmb-mkac |          3.573 |      3.861 |      2.533 
 abcijk-ijmc-mkab |          3.548 |      3.865 |      2.547 
 abcijk-ikma-mjbc |          3.814 |      4.089 |      2.791 
 abcijk-ikmb-mjac |          3.614 |      3.939 |      2.543 
 abcijk-ikmc-mjab |          3.600 |      3.939 |      2.549 
 abcijk-jkma-mibc |          3.776 |      4.083 |      2.765 
 abcijk-jkmb-miac |          3.495 |      3.930 |      2.541 
 abcijk-jkmc-miab |          3.564 |      3.945 |      2.547 
 abcijk-eiab-jkec |          3.599 |      3.958 |      2.547 
 abcijk-eiac-jkeb |          3.551 |      3.943 |      2.561 
 abcijk-eibc-jkea |          3.822 |      4.112 |      2.781 
 abcijk-ejab-ikec |          3.589 |      3.896 |      2.557 
 abcijk-ejac-ikeb |          3.538 |      3.932 |      2.537 
 abcijk-ejbc-ikea |          3.812 |      4.062 |      2.774 
 abcijk-ekab-ijec |          3.518 |      3.924 |      2.555 
 abcijk-ekac-ijeb |          3.575 |      3.932 |      2.525 
 abcijk-ekbc-ijea |          3.782 |      4.035 |      2.774 
       abc-bk-akc |          2.785 |      3.012 |      1.900 
             MEAN |          2.752 |      2.931 |      2.134 

wrote bench-results/worker5086-zen2/phase4g/sm-guard-s0.25-t4-f64c64.csv
