host        : worker5086
target      : x86_64 / linux
cpu features: avx2 fma 
caches      : L1=32KiB/8-way/1sh L2=512KiB/8-way/1sh L3=16384KiB/16-way/4sh (via sysfs), blocking=legacy
l3 domains  : t1=1 t4=1 t8=2
baselines   : tblis=false blas=false

sweeping 49 cases at 1 MiB nominal tensor size, 24 reps, stress=none


=== f64 ===
             case |     m |    n |    k | regA | regB | planar GF/s | 1m GF/s | 3m GF/s 
------------------+-------+------+------+------+------+-------------+---------+---------
         ij-ik-kj |   384 |  364 |  384 | 1.00 | 1.00 |       132.3 |   132.3 |   132.3 
       ij-ikl-ljk |    72 |   52 | 3744 | 1.00 | 1.00 |        56.4 |    56.4 |    56.4 
       ij-kil-lkj |    72 |   52 | 5184 | 1.00 | 1.00 |        57.2 |    57.2 |    57.2 
       ijk-ikl-lj |  3744 |   52 |   72 | 1.00 | 1.00 |        85.1 |    85.1 |    85.1 
       ijk-il-jlk |    72 | 3744 |   52 | 1.00 | 1.00 |        68.1 |    68.1 |    68.1 
       ijk-ilk-jl |  3744 |   72 |   52 | 1.00 | 1.00 |        92.4 |    92.4 |    92.4 
       ijk-ilk-lj |  3744 |   52 |   72 | 1.00 | 1.00 |        90.1 |    90.1 |    90.1 
     ijk-ilmk-mjl |   480 |   20 |  480 | 1.00 | 1.00 |        23.7 |    23.7 |    23.7 
   ijkl-imjn-lnkm |   480 |  480 |  400 | 1.00 | 0.80 |       140.9 |   140.9 |   140.9 
   ijkl-imjn-nlmk |   480 |  400 |  480 | 1.00 | 0.81 |       147.4 |   147.4 |   147.4 
   ijkl-imkn-jnlm |   480 |  480 |  400 | 1.00 | 1.00 |       146.5 |   146.5 |   146.5 
   ijkl-imkn-njml |   480 |  400 |  480 | 1.00 | 0.81 |       150.3 |   150.3 |   150.3 
   ijkl-imln-jnkm |   480 |  480 |  400 | 1.00 | 1.00 |       147.6 |   147.6 |   147.6 
   ijkl-imln-njmk |   480 |  400 |  480 | 1.00 | 0.81 |       151.6 |   151.6 |   151.6 
   ijkl-imnj-nlkm |   480 |  400 |  480 | 1.00 | 0.81 |       144.0 |   144.0 |   144.0 
   ijkl-imnk-njml |   480 |  400 |  480 | 1.00 | 0.81 |       147.5 |   147.5 |   147.5 
   ijkl-minj-nlmk |   480 |  400 |  576 | 1.00 | 0.81 |       137.2 |   137.2 |   137.2 
   ijkl-mink-jnlm |   480 |  480 |  480 | 1.00 | 1.00 |       153.9 |   153.9 |   153.9 
   ijkl-minl-njmk |   480 |  400 |  576 | 1.00 | 0.81 |       144.7 |   144.7 |   144.7 
     aqrs-pa-pqrs |    24 | 8000 |   24 | 1.00 | 1.00 |        16.7 |    16.7 |    16.7 
     abrs-qb-aqrs |    20 | 9600 |   24 | 1.00 | 1.00 |        16.3 |    16.3 |    16.3 
     abcs-rc-abrs |    20 | 9600 |   24 | 1.00 | 1.00 |        16.3 |    16.3 |    16.3 
       abj-bka-kj |  5184 |   52 |   72 | 1.00 | 1.00 |        79.7 |    79.7 |    79.7 
       ajb-kba-jk |  3744 |   72 |   72 | 1.00 | 1.00 |       100.4 |   100.4 |   100.4 
     abjc-cbka-kj | 11520 |   20 |   24 | 1.00 | 1.00 |        13.1 |    13.1 |    13.1 
     ajbc-ckba-jk | 11520 |   24 |   20 | 1.00 | 1.00 |        15.1 |    15.1 |    15.1 
     abjc-kbac-jk |  9600 |   24 |   24 | 1.00 | 1.00 |        17.9 |    17.9 |    17.9 
   abjcd-dkbac-jk | 82944 |   24 |   12 | 1.00 | 1.00 |        27.5 |    27.5 |    27.5 
   adbjc-cbdka-kj | 82944 |   12 |   24 | 1.00 | 1.00 |        10.0 |    10.0 |    10.0 
   ajbdc-ckbad-jk | 82944 |   24 |   12 | 1.00 | 1.00 |        25.2 |    25.2 |    25.2 
 abcijk-ijma-mkbc |  4608 |  512 |   24 | 1.00 | 0.94 |        65.9 |    65.9 |    65.9 
 abcijk-ijmb-mkac |  1536 | 1536 |   24 | 1.00 | 0.50 |        54.3 |    54.3 |    54.3 
 abcijk-ijmc-mkab |  1536 | 1536 |   24 | 1.00 | 0.50 |        68.5 |    68.5 |    68.5 
 abcijk-ikma-mjbc |  4608 |  512 |   24 | 1.00 | 0.94 |        64.1 |    64.1 |    64.1 
 abcijk-ikmb-mjac |  1536 | 1536 |   24 | 1.00 | 0.50 |        59.0 |    59.0 |    59.0 
 abcijk-ikmc-mjab |  1536 | 1536 |   24 | 1.00 | 0.50 |        70.7 |    70.7 |    70.7 
 abcijk-jkma-mibc |  4608 |  512 |   24 | 1.00 | 0.94 |        66.1 |    66.1 |    66.1 
 abcijk-jkmb-miac |  1536 | 1536 |   24 | 1.00 | 0.50 |        59.9 |    59.9 |    59.9 
 abcijk-jkmc-miab |  1536 | 1536 |   24 | 1.00 | 0.50 |        69.3 |    69.3 |    69.3 
 abcijk-eiab-jkec |  1536 | 1536 |   24 | 1.00 | 0.50 |        70.0 |    70.0 |    70.0 
 abcijk-eiac-jkeb |  1536 | 1536 |   24 | 1.00 | 0.50 |        59.7 |    59.7 |    59.7 
 abcijk-eibc-jkea |   512 | 4608 |   24 | 1.00 | 0.94 |        66.0 |    66.0 |    66.0 
 abcijk-ejab-ikec |  1536 | 1536 |   24 | 1.00 | 0.50 |        70.1 |    70.1 |    70.1 
 abcijk-ejac-ikeb |  1536 | 1536 |   24 | 1.00 | 0.50 |        59.4 |    59.4 |    59.4 
 abcijk-ejbc-ikea |   512 | 4608 |   24 | 1.00 | 0.94 |        63.1 |    63.1 |    63.1 
 abcijk-ekab-ijec |  1536 | 1536 |   24 | 1.00 | 0.50 |        68.3 |    68.3 |    68.3 
 abcijk-ekac-ijeb |  1536 | 1536 |   24 | 1.00 | 0.50 |        52.7 |    52.7 |    52.7 
 abcijk-ekbc-ijea |   512 | 4608 |   24 | 1.00 | 0.94 |        66.1 |    66.1 |    66.1 
       abc-bk-akc |    72 | 3744 |   52 | 1.00 | 1.00 |        90.2 |    90.2 |    90.2 

=== c64 ===
             case |     m |    n |    k | regA | regB | planar GF/s | 1m GF/s | 3m GF/s 
------------------+-------+------+------+------+------+-------------+---------+---------
         ij-ik-kj |   384 |  364 |  384 | 1.00 | 1.00 |       158.6 |   166.3 |   158.5 
       ij-ikl-ljk |    72 |   52 | 3744 | 1.00 | 1.00 |       102.9 |   104.1 |   101.2 
       ij-kil-lkj |    72 |   52 | 5184 | 1.00 | 1.00 |        97.8 |    97.8 |    96.4 
       ijk-ikl-lj |  3744 |   52 |   72 | 1.00 | 1.00 |       122.7 |   126.8 |   121.8 
       ijk-il-jlk |    72 | 3744 |   52 | 1.00 | 0.95 |       109.8 |   118.3 |    98.7 
       ijk-ilk-jl |  3744 |   72 |   52 | 1.00 | 1.00 |       124.6 |   135.5 |   118.9 
       ijk-ilk-lj |  3744 |   52 |   72 | 1.00 | 1.00 |       125.8 |   131.2 |   125.0 
     ijk-ilmk-mjl |   480 |   20 |  480 | 1.00 | 1.00 |       101.2 |    89.3 |   101.5 
   ijkl-imjn-lnkm |   480 |  480 |  400 | 1.00 | 1.00 |       156.8 |   157.7 |   151.3 
   ijkl-imjn-nlmk |   480 |  400 |  480 | 1.00 | 1.00 |       161.6 |   163.4 |   155.6 
   ijkl-imkn-jnlm |   480 |  480 |  400 | 1.00 | 0.83 |       157.1 |   163.7 |   153.9 
   ijkl-imkn-njml |   480 |  400 |  480 | 1.00 | 1.00 |       163.6 |   165.6 |   158.2 
   ijkl-imln-jnkm |   480 |  480 |  400 | 1.00 | 0.83 |       158.9 |   163.4 |   154.6 
   ijkl-imln-njmk |   480 |  400 |  480 | 1.00 | 1.00 |       163.0 |   165.0 |   158.1 
   ijkl-imnj-nlkm |   480 |  400 |  480 | 1.00 | 1.00 |       161.5 |   163.8 |   156.6 
   ijkl-imnk-njml |   480 |  400 |  480 | 1.00 | 1.00 |       162.1 |   166.2 |   157.7 
   ijkl-minj-nlmk |   480 |  400 |  576 | 1.00 | 1.00 |       154.8 |   158.1 |   154.0 
   ijkl-mink-jnlm |   480 |  480 |  480 | 1.00 | 0.83 |       158.1 |   163.0 |   155.7 
   ijkl-minl-njmk |   480 |  400 |  576 | 1.00 | 1.00 |       154.0 |   158.6 |   151.7 
     aqrs-pa-pqrs |    24 | 8000 |   24 | 1.00 | 1.00 |        57.1 |    63.1 |    48.0 
     abrs-qb-aqrs |    20 | 9600 |   24 | 1.00 | 1.00 |        75.0 |    69.4 |    64.6 
     abcs-rc-abrs |    20 | 9600 |   24 | 1.00 | 1.00 |        75.2 |    71.0 |    65.7 
       abj-bka-kj |  5184 |   52 |   72 | 1.00 | 1.00 |       119.3 |   123.2 |   117.6 
       ajb-kba-jk |  3744 |   72 |   72 | 1.00 | 1.00 |       133.0 |   142.5 |   129.0 
     abjc-cbka-kj | 11520 |   20 |   24 | 1.00 | 1.00 |        68.4 |    65.3 |    60.5 
     ajbc-ckba-jk | 11520 |   24 |   20 | 1.00 | 1.00 |        67.1 |    73.9 |    59.7 
     abjc-kbac-jk |  9600 |   24 |   24 | 1.00 | 1.00 |        76.2 |    84.5 |    69.5 
   abjcd-dkbac-jk | 82944 |   24 |   12 | 1.00 | 1.00 |        32.1 |    30.3 |    28.2 
   adbjc-cbdka-kj | 82944 |   12 |   24 | 1.00 | 1.00 |        17.5 |    14.8 |    16.8 
   ajbdc-ckbad-jk | 82944 |   24 |   12 | 1.00 | 1.00 |        30.3 |    29.2 |    27.3 
 abcijk-ijma-mkbc |  4608 |  512 |   24 | 1.00 | 0.94 |        84.0 |    90.9 |    77.2 
 abcijk-ijmb-mkac |  1536 | 1536 |   24 | 1.00 | 0.50 |        78.0 |    82.4 |    67.1 
 abcijk-ijmc-mkab |  1536 | 1536 |   24 | 1.00 | 0.50 |       100.0 |   106.0 |    88.4 
 abcijk-ikma-mjbc |  4608 |  512 |   24 | 1.00 | 0.94 |        85.3 |    92.2 |    77.5 
 abcijk-ikmb-mjac |  1536 | 1536 |   24 | 1.00 | 0.50 |        78.5 |    82.4 |    67.4 
 abcijk-ikmc-mjab |  1536 | 1536 |   24 | 1.00 | 0.50 |       100.5 |   105.9 |    88.3 
 abcijk-jkma-mibc |  4608 |  512 |   24 | 1.00 | 0.94 |        86.4 |    93.4 |    79.3 
 abcijk-jkmb-miac |  1536 | 1536 |   24 | 1.00 | 0.50 |        80.7 |    86.0 |    69.4 
 abcijk-jkmc-miab |  1536 | 1536 |   24 | 1.00 | 0.50 |        98.3 |   104.6 |    87.2 
 abcijk-eiab-jkec |  1536 | 1536 |   24 | 1.00 | 0.50 |        98.1 |   104.1 |    87.0 
 abcijk-eiac-jkeb |  1536 | 1536 |   24 | 1.00 | 0.50 |        81.4 |    85.6 |    69.4 
 abcijk-eibc-jkea |   512 | 4608 |   24 | 1.00 | 0.94 |        86.3 |    93.5 |    79.3 
 abcijk-ejab-ikec |  1536 | 1536 |   24 | 1.00 | 0.50 |        99.7 |   105.6 |    88.3 
 abcijk-ejac-ikeb |  1536 | 1536 |   24 | 1.00 | 0.50 |        78.3 |    82.6 |    67.4 
 abcijk-ejbc-ikea |   512 | 4608 |   24 | 1.00 | 0.94 |        85.5 |    91.7 |    77.6 
 abcijk-ekab-ijec |  1536 | 1536 |   24 | 1.00 | 0.50 |       100.1 |   106.2 |    88.4 
 abcijk-ekac-ijeb |  1536 | 1536 |   24 | 1.00 | 0.50 |        78.1 |    82.7 |    67.0 
 abcijk-ekbc-ijea |   512 | 4608 |   24 | 1.00 | 0.94 |        84.8 |    91.5 |    76.7 
       abc-bk-akc |    72 | 3744 |   52 | 1.00 | 1.00 |       125.0 |   133.7 |   119.9 

=== complex efficiency ratio (c64 GF/s over f64 GF/s; 1.0 = no penalty) ===
             case | planar c64/f64 | 1m c64/f64 | 3m c64/f64 
------------------+----------------+------------+------------
         ij-ik-kj |          1.199 |      1.257 |      1.198 
       ij-ikl-ljk |          1.826 |      1.846 |      1.795 
       ij-kil-lkj |          1.710 |      1.711 |      1.687 
       ijk-ikl-lj |          1.442 |      1.491 |      1.432 
       ijk-il-jlk |          1.612 |      1.737 |      1.449 
       ijk-ilk-jl |          1.348 |      1.466 |      1.287 
       ijk-ilk-lj |          1.396 |      1.456 |      1.387 
     ijk-ilmk-mjl |          4.277 |      3.771 |      4.290 
   ijkl-imjn-lnkm |          1.113 |      1.119 |      1.074 
   ijkl-imjn-nlmk |          1.096 |      1.108 |      1.055 
   ijkl-imkn-jnlm |          1.073 |      1.118 |      1.051 
   ijkl-imkn-njml |          1.089 |      1.102 |      1.053 
   ijkl-imln-jnkm |          1.076 |      1.107 |      1.047 
   ijkl-imln-njmk |          1.075 |      1.088 |      1.043 
   ijkl-imnj-nlkm |          1.121 |      1.137 |      1.087 
   ijkl-imnk-njml |          1.099 |      1.127 |      1.070 
   ijkl-minj-nlmk |          1.128 |      1.152 |      1.122 
   ijkl-mink-jnlm |          1.027 |      1.059 |      1.012 
   ijkl-minl-njmk |          1.064 |      1.095 |      1.048 
     aqrs-pa-pqrs |          3.424 |      3.783 |      2.880 
     abrs-qb-aqrs |          4.600 |      4.255 |      3.961 
     abcs-rc-abrs |          4.600 |      4.348 |      4.020 
       abj-bka-kj |          1.497 |      1.545 |      1.475 
       ajb-kba-jk |          1.325 |      1.420 |      1.286 
     abjc-cbka-kj |          5.219 |      4.977 |      4.618 
     ajbc-ckba-jk |          4.436 |      4.889 |      3.949 
     abjc-kbac-jk |          4.247 |      4.708 |      3.871 
   abjcd-dkbac-jk |          1.167 |      1.099 |      1.025 
   adbjc-cbdka-kj |          1.754 |      1.479 |      1.684 
   ajbdc-ckbad-jk |          1.201 |      1.156 |      1.081 
 abcijk-ijma-mkbc |          1.276 |      1.381 |      1.172 
 abcijk-ijmb-mkac |          1.436 |      1.517 |      1.235 
 abcijk-ijmc-mkab |          1.460 |      1.548 |      1.291 
 abcijk-ikma-mjbc |          1.332 |      1.438 |      1.209 
 abcijk-ikmb-mjac |          1.330 |      1.396 |      1.142 
 abcijk-ikmc-mjab |          1.422 |      1.498 |      1.249 
 abcijk-jkma-mibc |          1.307 |      1.413 |      1.199 
 abcijk-jkmb-miac |          1.347 |      1.436 |      1.157 
 abcijk-jkmc-miab |          1.419 |      1.510 |      1.258 
 abcijk-eiab-jkec |          1.402 |      1.487 |      1.243 
 abcijk-eiac-jkeb |          1.362 |      1.433 |      1.162 
 abcijk-eibc-jkea |          1.307 |      1.416 |      1.202 
 abcijk-ejab-ikec |          1.423 |      1.507 |      1.260 
 abcijk-ejac-ikeb |          1.318 |      1.390 |      1.134 
 abcijk-ejbc-ikea |          1.354 |      1.453 |      1.230 
 abcijk-ekab-ijec |          1.465 |      1.554 |      1.294 
 abcijk-ekac-ijeb |          1.483 |      1.570 |      1.273 
 abcijk-ekbc-ijea |          1.283 |      1.386 |      1.161 
       abc-bk-akc |          1.386 |      1.483 |      1.330 
             MEAN |          1.762 |      1.805 |      1.617 

wrote bench-results/worker5086-zen2/phase4g/sm-guard-s1-t4-f64c64.csv
