host        : worker5086
target      : x86_64 / linux
cpu features: avx2 fma 
caches      : L1=32KiB/8-way/1sh L2=512KiB/8-way/1sh L3=16384KiB/16-way/4sh (via sysfs), blocking=legacy
l3 domains  : t1=1 t4=1 t8=2 t16=4 t32=8
baselines   : tblis=false blas=false

sweeping 49 cases at 16 MiB nominal tensor size, 3 reps, stress=none


=== f64 ===
             case |      m |     n |     k | regA | regB | planar GF/s | 1m GF/s | 3m GF/s 
------------------+--------+-------+-------+------+------+-------------+---------+---------
         ij-ik-kj |   1464 |  1448 |  1464 | 1.00 | 1.00 |       180.1 |   180.1 |   180.1 
       ij-ikl-ljk |    144 |   128 | 18432 | 1.00 | 1.00 |        59.0 |    59.0 |    59.0 
       ij-kil-lkj |    144 |   128 | 20736 | 1.00 | 1.00 |        78.1 |    78.1 |    78.1 
       ijk-ikl-lj |  18432 |   128 |   144 | 1.00 | 1.00 |       142.7 |   142.7 |   142.7 
       ijk-il-jlk |    144 | 18432 |   128 | 1.00 | 1.00 |        88.4 |    88.4 |    88.4 
       ijk-ilk-jl |  18432 |   144 |   128 | 1.00 | 1.00 |       163.2 |   163.2 |   163.2 
       ijk-ilk-lj |  18432 |   128 |   144 | 1.00 | 1.00 |       178.0 |   178.0 |   178.0 
     ijk-ilmk-mjl |   1920 |    40 |  1920 | 1.00 | 1.00 |        88.4 |    88.4 |    88.4 
   ijkl-imjn-lnkm |   1920 |  1920 |  1600 | 1.00 | 0.90 |       283.0 |   283.0 |   283.0 
   ijkl-imjn-nlmk |   1920 |  1600 |  1920 | 1.00 | 0.90 |       307.3 |   307.3 |   307.3 
   ijkl-imkn-jnlm |   1920 |  1920 |  1600 | 1.00 | 1.00 |       475.0 |   475.0 |   475.0 
   ijkl-imkn-njml |   1920 |  1600 |  1920 | 1.00 | 0.90 |       358.0 |   358.0 |   358.0 
   ijkl-imln-jnkm |   1920 |  1920 |  1600 | 1.00 | 1.00 |       344.5 |   344.5 |   344.5 
   ijkl-imln-njmk |   1920 |  1600 |  1920 | 1.00 | 0.90 |       330.1 |   330.1 |   330.1 
   ijkl-imnj-nlkm |   1920 |  1600 |  1920 | 1.00 | 0.90 |       225.7 |   225.7 |   225.7 
   ijkl-imnk-njml |   1920 |  1600 |  1920 | 1.00 | 0.90 |       310.8 |   310.8 |   310.8 
   ijkl-minj-nlmk |   1920 |  1600 |  2304 | 1.00 | 0.90 |       218.8 |   218.8 |   218.8 
   ijkl-mink-jnlm |   1920 |  1920 |  1920 | 1.00 | 1.00 |       251.7 |   251.7 |   251.7 
   ijkl-minl-njmk |   1920 |  1600 |  2304 | 1.00 | 0.90 |       268.5 |   268.5 |   268.5 
     aqrs-pa-pqrs |     48 | 64000 |    48 | 1.00 | 1.00 |        99.8 |    99.8 |    99.8 
     abrs-qb-aqrs |     40 | 76800 |    48 | 1.00 | 1.00 |        89.9 |    89.9 |    89.9 
     abcs-rc-abrs |     40 | 76800 |    48 | 1.00 | 1.00 |        64.9 |    64.9 |    64.9 
       abj-bka-kj |  20736 |   128 |   144 | 1.00 | 1.00 |       150.4 |   150.4 |   150.4 
       ajb-kba-jk |  18432 |   144 |   144 | 1.00 | 1.00 |       192.1 |   192.1 |   192.1 
     abjc-cbka-kj |  92160 |    40 |    48 | 1.00 | 1.00 |        40.3 |    40.3 |    40.3 
     ajbc-ckba-jk |  92160 |    48 |    40 | 1.00 | 1.00 |        48.7 |    48.7 |    48.7 
     abjc-kbac-jk |  76800 |    48 |    48 | 1.00 | 1.00 |        98.9 |    98.9 |    98.9 
   abjcd-dkbac-jk | 230400 |    24 |    20 | 1.00 | 1.00 |        20.1 |    20.1 |    20.1 
   adbjc-cbdka-kj | 230400 |    20 |    24 | 1.00 | 1.00 |        16.5 |    16.5 |    16.5 
   ajbdc-ckbad-jk | 230400 |    24 |    20 | 1.00 | 1.00 |        20.6 |    20.6 |    20.6 
 abcijk-ijma-mkbc |   6912 |  1728 |    24 | 1.00 | 1.00 |        97.4 |    97.4 |    97.4 
 abcijk-ijmb-mkac |   3456 |  3456 |    24 | 1.00 | 1.00 |       108.2 |   108.2 |   108.2 
 abcijk-ijmc-mkab |   3456 |  3456 |    24 | 1.00 | 1.00 |       107.1 |   107.1 |   107.1 
 abcijk-ikma-mjbc |   6912 |  1728 |    24 | 1.00 | 1.00 |       100.4 |   100.4 |   100.4 
 abcijk-ikmb-mjac |   3456 |  3456 |    24 | 1.00 | 1.00 |       108.1 |   108.1 |   108.1 
 abcijk-ikmc-mjab |   3456 |  3456 |    24 | 1.00 | 1.00 |       104.6 |   104.6 |   104.6 
 abcijk-jkma-mibc |   6912 |  1728 |    24 | 1.00 | 1.00 |        97.0 |    97.0 |    97.0 
 abcijk-jkmb-miac |   3456 |  3456 |    24 | 1.00 | 1.00 |       109.1 |   109.1 |   109.1 
 abcijk-jkmc-miab |   3456 |  3456 |    24 | 1.00 | 1.00 |       111.0 |   111.0 |   111.0 
 abcijk-eiab-jkec |   3456 |  3456 |    24 | 1.00 | 1.00 |       109.2 |   109.2 |   109.2 
 abcijk-eiac-jkeb |   3456 |  3456 |    24 | 1.00 | 1.00 |       107.7 |   107.7 |   107.7 
 abcijk-eibc-jkea |   1728 |  6912 |    24 | 1.00 | 1.00 |        99.8 |    99.8 |    99.8 
 abcijk-ejab-ikec |   3456 |  3456 |    24 | 1.00 | 1.00 |       106.6 |   106.6 |   106.6 
 abcijk-ejac-ikeb |   3456 |  3456 |    24 | 1.00 | 1.00 |       107.1 |   107.1 |   107.1 
 abcijk-ejbc-ikea |   1728 |  6912 |    24 | 1.00 | 1.00 |        98.1 |    98.1 |    98.1 
 abcijk-ekab-ijec |   3456 |  3456 |    24 | 1.00 | 1.00 |       106.2 |   106.2 |   106.2 
 abcijk-ekac-ijeb |   3456 |  3456 |    24 | 1.00 | 1.00 |       108.9 |   108.9 |   108.9 
 abcijk-ekbc-ijea |   1728 |  6912 |    24 | 1.00 | 1.00 |       100.5 |   100.5 |   100.5 
       abc-bk-akc |    144 | 18432 |   128 | 1.00 | 1.00 |       167.7 |   167.7 |   167.7 

=== c64 ===
             case |      m |     n |     k | regA | regB | planar GF/s | 1m GF/s | 3m GF/s 
------------------+--------+-------+-------+------+------+-------------+---------+---------
         ij-ik-kj |   1464 |  1448 |  1464 | 1.00 | 1.00 |       284.4 |   379.8 |   317.3 
       ij-ikl-ljk |    144 |   128 | 18432 | 1.00 | 1.00 |       168.4 |   138.5 |   103.9 
       ij-kil-lkj |    144 |   128 | 20736 | 1.00 | 1.00 |       158.2 |   110.2 |   141.0 
       ijk-ikl-lj |  18432 |   128 |   144 | 1.00 | 1.00 |       249.1 |   237.6 |   271.6 
       ijk-il-jlk |    144 | 18432 |   128 | 1.00 | 0.97 |       182.1 |   171.2 |   144.4 
       ijk-ilk-jl |  18432 |   144 |   128 | 1.00 | 1.00 |       268.2 |   308.5 |   293.3 
       ijk-ilk-lj |  18432 |   128 |   144 | 1.00 | 1.00 |       266.2 |   272.8 |   286.2 
     ijk-ilmk-mjl |   1920 |    40 |  1920 | 1.00 | 1.00 |       125.0 |   127.6 |   112.7 
   ijkl-imjn-lnkm |   1920 |  1920 |  1600 | 1.00 | 1.00 |       443.9 |   457.9 |   454.8 
   ijkl-imjn-nlmk |   1920 |  1600 |  1920 | 1.00 | 1.00 |       429.4 |   369.0 |   399.2 
   ijkl-imkn-jnlm |   1920 |  1920 |  1600 | 1.00 | 0.92 |       467.4 |   435.5 |   387.5 
   ijkl-imkn-njml |   1920 |  1600 |  1920 | 1.00 | 1.00 |       441.7 |   465.2 |   445.4 
   ijkl-imln-jnkm |   1920 |  1920 |  1600 | 1.00 | 0.92 |       484.6 |   407.7 |   387.6 
   ijkl-imln-njmk |   1920 |  1600 |  1920 | 1.00 | 1.00 |       470.4 |   494.1 |   461.2 
   ijkl-imnj-nlkm |   1920 |  1600 |  1920 | 1.00 | 1.00 |       372.0 |   432.6 |   412.5 
   ijkl-imnk-njml |   1920 |  1600 |  1920 | 1.00 | 1.00 |       522.5 |   496.0 |   444.4 
   ijkl-minj-nlmk |   1920 |  1600 |  2304 | 1.00 | 1.00 |       414.8 |   467.8 |   377.0 
   ijkl-mink-jnlm |   1920 |  1920 |  1920 | 1.00 | 0.92 |       486.4 |   473.7 |   483.8 
   ijkl-minl-njmk |   1920 |  1600 |  2304 | 1.00 | 1.00 |       472.0 |   494.9 |   454.4 
     aqrs-pa-pqrs |     48 | 64000 |    48 | 1.00 | 1.00 |       140.4 |   153.1 |   123.3 
     abrs-qb-aqrs |     40 | 76800 |    48 | 1.00 | 1.00 |       164.8 |   160.2 |   139.5 
     abcs-rc-abrs |     40 | 76800 |    48 | 1.00 | 1.00 |       168.3 |   165.5 |   161.7 
       abj-bka-kj |  20736 |   128 |   144 | 1.00 | 1.00 |       267.2 |   252.3 |   262.8 
       ajb-kba-jk |  18432 |   144 |   144 | 1.00 | 1.00 |       294.3 |   278.7 |   336.5 
     abjc-cbka-kj |  92160 |    40 |    48 | 1.00 | 1.00 |        93.1 |    85.8 |    94.5 
     ajbc-ckba-jk |  92160 |    48 |    40 | 1.00 | 1.00 |        98.4 |    88.4 |    92.9 
     abjc-kbac-jk |  76800 |    48 |    48 | 1.00 | 1.00 |       194.9 |   180.4 |   185.3 
   abjcd-dkbac-jk | 230400 |    24 |    20 | 1.00 | 1.00 |        50.7 |    49.5 |    49.9 
   adbjc-cbdka-kj | 230400 |    20 |    24 | 1.00 | 1.00 |        44.9 |    40.9 |    45.3 
   ajbdc-ckbad-jk | 230400 |    24 |    20 | 1.00 | 1.00 |        49.2 |    49.5 |    50.0 
 abcijk-ijma-mkbc |   6912 |  1728 |    24 | 1.00 | 0.97 |       188.9 |   190.6 |   190.9 
 abcijk-ijmb-mkac |   3456 |  3456 |    24 | 1.00 | 0.67 |       201.3 |   213.5 |   197.6 
 abcijk-ijmc-mkab |   3456 |  3456 |    24 | 1.00 | 0.67 |       210.8 |   208.8 |   208.8 
 abcijk-ikma-mjbc |   6912 |  1728 |    24 | 1.00 | 0.97 |       189.9 |   190.4 |   188.1 
 abcijk-ikmb-mjac |   3456 |  3456 |    24 | 1.00 | 0.67 |       202.3 |   213.3 |   197.4 
 abcijk-ikmc-mjab |   3456 |  3456 |    24 | 1.00 | 0.67 |       210.9 |   208.8 |   209.2 
 abcijk-jkma-mibc |   6912 |  1728 |    24 | 1.00 | 0.97 |       188.9 |   186.9 |   189.0 
 abcijk-jkmb-miac |   3456 |  3456 |    24 | 1.00 | 0.67 |       201.7 |   214.3 |   195.4 
 abcijk-jkmc-miab |   3456 |  3456 |    24 | 1.00 | 0.67 |       209.3 |   212.6 |   208.7 
 abcijk-eiab-jkec |   3456 |  3456 |    24 | 1.00 | 0.67 |       211.1 |   203.7 |   193.6 
 abcijk-eiac-jkeb |   3456 |  3456 |    24 | 1.00 | 0.67 |       199.6 |   198.5 |   196.7 
 abcijk-eibc-jkea |   1728 |  6912 |    24 | 1.00 | 0.97 |       193.2 |   181.8 |   191.5 
 abcijk-ejab-ikec |   3456 |  3456 |    24 | 1.00 | 0.67 |       208.7 |   204.1 |   204.5 
 abcijk-ejac-ikeb |   3456 |  3456 |    24 | 1.00 | 0.67 |       203.0 |   207.3 |   189.2 
 abcijk-ejbc-ikea |   1728 |  6912 |    24 | 1.00 | 0.97 |       188.9 |   191.2 |   186.1 
 abcijk-ekab-ijec |   3456 |  3456 |    24 | 1.00 | 0.67 |       212.2 |   207.9 |   201.8 
 abcijk-ekac-ijeb |   3456 |  3456 |    24 | 1.00 | 0.67 |       194.7 |   205.8 |   198.5 
 abcijk-ekbc-ijea |   1728 |  6912 |    24 | 1.00 | 0.97 |       189.2 |   190.7 |   186.4 
       abc-bk-akc |    144 | 18432 |   128 | 1.00 | 1.00 |       317.4 |   326.2 |   245.7 

=== complex efficiency ratio (c64 GF/s over f64 GF/s; 1.0 = no penalty) ===
             case | planar c64/f64 | 1m c64/f64 | 3m c64/f64 
------------------+----------------+------------+------------
         ij-ik-kj |          1.579 |      2.109 |      1.762 
       ij-ikl-ljk |          2.852 |      2.347 |      1.759 
       ij-kil-lkj |          2.027 |      1.411 |      1.806 
       ijk-ikl-lj |          1.746 |      1.665 |      1.903 
       ijk-il-jlk |          2.059 |      1.936 |      1.633 
       ijk-ilk-jl |          1.643 |      1.890 |      1.797 
       ijk-ilk-lj |          1.495 |      1.532 |      1.607 
     ijk-ilmk-mjl |          1.414 |      1.443 |      1.275 
   ijkl-imjn-lnkm |          1.569 |      1.618 |      1.607 
   ijkl-imjn-nlmk |          1.398 |      1.201 |      1.299 
   ijkl-imkn-jnlm |          0.984 |      0.917 |      0.816 
   ijkl-imkn-njml |          1.234 |      1.300 |      1.244 
   ijkl-imln-jnkm |          1.407 |      1.183 |      1.125 
   ijkl-imln-njmk |          1.425 |      1.497 |      1.397 
   ijkl-imnj-nlkm |          1.648 |      1.917 |      1.828 
   ijkl-imnk-njml |          1.681 |      1.596 |      1.430 
   ijkl-minj-nlmk |          1.896 |      2.139 |      1.723 
   ijkl-mink-jnlm |          1.933 |      1.882 |      1.922 
   ijkl-minl-njmk |          1.758 |      1.843 |      1.692 
     aqrs-pa-pqrs |          1.407 |      1.535 |      1.236 
     abrs-qb-aqrs |          1.834 |      1.782 |      1.552 
     abcs-rc-abrs |          2.594 |      2.552 |      2.493 
       abj-bka-kj |          1.776 |      1.677 |      1.747 
       ajb-kba-jk |          1.531 |      1.450 |      1.751 
     abjc-cbka-kj |          2.310 |      2.129 |      2.345 
     ajbc-ckba-jk |          2.023 |      1.816 |      1.908 
     abjc-kbac-jk |          1.971 |      1.824 |      1.874 
   abjcd-dkbac-jk |          2.518 |      2.460 |      2.479 
   adbjc-cbdka-kj |          2.719 |      2.477 |      2.744 
   ajbdc-ckbad-jk |          2.389 |      2.406 |      2.431 
 abcijk-ijma-mkbc |          1.940 |      1.957 |      1.960 
 abcijk-ijmb-mkac |          1.860 |      1.973 |      1.826 
 abcijk-ijmc-mkab |          1.968 |      1.949 |      1.950 
 abcijk-ikma-mjbc |          1.892 |      1.898 |      1.875 
 abcijk-ikmb-mjac |          1.872 |      1.974 |      1.827 
 abcijk-ikmc-mjab |          2.016 |      1.996 |      2.001 
 abcijk-jkma-mibc |          1.947 |      1.927 |      1.948 
 abcijk-jkmb-miac |          1.849 |      1.964 |      1.792 
 abcijk-jkmc-miab |          1.885 |      1.914 |      1.879 
 abcijk-eiab-jkec |          1.933 |      1.865 |      1.773 
 abcijk-eiac-jkeb |          1.853 |      1.843 |      1.826 
 abcijk-eibc-jkea |          1.935 |      1.821 |      1.919 
 abcijk-ejab-ikec |          1.956 |      1.914 |      1.918 
 abcijk-ejac-ikeb |          1.895 |      1.935 |      1.765 
 abcijk-ejbc-ikea |          1.926 |      1.949 |      1.897 
 abcijk-ekab-ijec |          1.999 |      1.958 |      1.901 
 abcijk-ekac-ijeb |          1.788 |      1.890 |      1.823 
 abcijk-ekbc-ijea |          1.883 |      1.898 |      1.854 
       abc-bk-akc |          1.893 |      1.946 |      1.466 
             MEAN |          1.859 |      1.839 |      1.783 

wrote bench-results/worker5086-zen2/phase4g/sm-guard-s16-t16-f64c64.csv
