host        : worker5086
target      : x86_64 / linux
cpu features: avx2 fma 
caches      : L1=32KiB/8-way/1sh L2=512KiB/8-way/1sh L3=16384KiB/16-way/4sh (via sysfs), blocking=legacy
l3 domains  : t1=1 t4=1 t8=2 t16=4 t32=8 t64=16 t128=32
baselines   : tblis=false blas=false

sweeping 49 cases at 16 MiB nominal tensor size, 3 reps, stress=none


=== f32 ===
             case |      m |     n |     k | regA | regB | planar GF/s | 1m GF/s | 3m GF/s 
------------------+--------+-------+-------+------+------+-------------+---------+---------
         ij-ik-kj |   1464 |  1448 |  1464 | 1.00 | 1.00 |       345.6 |   345.6 |   345.6 
       ij-ikl-ljk |    144 |   128 | 18432 | 1.00 | 1.00 |        93.9 |    93.9 |    93.9 
       ij-kil-lkj |    144 |   128 | 20736 | 1.00 | 1.00 |        93.7 |    93.7 |    93.7 
       ijk-ikl-lj |  18432 |   128 |   144 | 1.00 | 1.00 |       149.2 |   149.2 |   149.2 
       ijk-il-jlk |    144 | 18432 |   128 | 1.00 | 1.00 |       138.1 |   138.1 |   138.1 
       ijk-ilk-jl |  18432 |   144 |   128 | 1.00 | 1.00 |       119.3 |   119.3 |   119.3 
       ijk-ilk-lj |  18432 |   128 |   144 | 1.00 | 1.00 |       142.1 |   142.1 |   142.1 
     ijk-ilmk-mjl |   1920 |    40 |  1920 | 1.00 | 1.00 |        63.2 |    63.2 |    63.2 
   ijkl-imjn-lnkm |   1920 |  1920 |  1600 | 1.00 | 0.90 |       403.7 |   403.7 |   403.7 
   ijkl-imjn-nlmk |   1920 |  1600 |  1920 | 1.00 | 0.90 |       405.6 |   405.6 |   405.6 
   ijkl-imkn-jnlm |   1920 |  1920 |  1600 | 1.00 | 1.00 |       440.8 |   440.8 |   440.8 
   ijkl-imkn-njml |   1920 |  1600 |  1920 | 1.00 | 0.90 |       578.8 |   578.8 |   578.8 
   ijkl-imln-jnkm |   1920 |  1920 |  1600 | 1.00 | 1.00 |       535.6 |   535.6 |   535.6 
   ijkl-imln-njmk |   1920 |  1600 |  1920 | 1.00 | 0.90 |       553.1 |   553.1 |   553.1 
   ijkl-imnj-nlkm |   1920 |  1600 |  1920 | 1.00 | 0.90 |       455.6 |   455.6 |   455.6 
   ijkl-imnk-njml |   1920 |  1600 |  1920 | 1.00 | 0.90 |       490.2 |   490.2 |   490.2 
   ijkl-minj-nlmk |   1920 |  1600 |  2304 | 1.00 | 0.90 |       450.8 |   450.8 |   450.8 
   ijkl-mink-jnlm |   1920 |  1920 |  1920 | 1.00 | 1.00 |       494.9 |   494.9 |   494.9 
   ijkl-minl-njmk |   1920 |  1600 |  2304 | 1.00 | 0.90 |       596.0 |   596.0 |   596.0 
     aqrs-pa-pqrs |     48 | 64000 |    48 | 1.00 | 1.00 |       173.7 |   173.7 |   173.7 
     abrs-qb-aqrs |     40 | 76800 |    48 | 1.00 | 1.00 |        77.9 |    77.9 |    77.9 
     abcs-rc-abrs |     40 | 76800 |    48 | 1.00 | 1.00 |        75.6 |    75.6 |    75.6 
       abj-bka-kj |  20736 |   128 |   144 | 1.00 | 1.00 |       125.0 |   125.0 |   125.0 
       ajb-kba-jk |  18432 |   144 |   144 | 1.00 | 1.00 |       159.7 |   159.7 |   159.7 
     abjc-cbka-kj |  92160 |    40 |    48 | 1.00 | 1.00 |        53.1 |    53.1 |    53.1 
     ajbc-ckba-jk |  92160 |    48 |    40 | 1.00 | 1.00 |        58.6 |    58.6 |    58.6 
     abjc-kbac-jk |  76800 |    48 |    48 | 1.00 | 1.00 |        83.8 |    83.8 |    83.8 
   abjcd-dkbac-jk | 230400 |    24 |    20 | 0.67 | 1.00 |        42.8 |    42.8 |    42.8 
   adbjc-cbdka-kj | 230400 |    20 |    24 | 0.67 | 1.00 |        31.6 |    31.6 |    31.6 
   ajbdc-ckbad-jk | 230400 |    24 |    20 | 1.00 | 1.00 |        39.2 |    39.2 |    39.2 
 abcijk-ijma-mkbc |   6912 |  1728 |    24 | 1.00 | 1.00 |       220.9 |   220.9 |   220.9 
 abcijk-ijmb-mkac |   3456 |  3456 |    24 | 1.00 | 1.00 |       264.6 |   264.6 |   264.6 
 abcijk-ijmc-mkab |   3456 |  3456 |    24 | 1.00 | 1.00 |       269.7 |   269.7 |   269.7 
 abcijk-ikma-mjbc |   6912 |  1728 |    24 | 1.00 | 1.00 |       234.9 |   234.9 |   234.9 
 abcijk-ikmb-mjac |   3456 |  3456 |    24 | 1.00 | 1.00 |       255.8 |   255.8 |   255.8 
 abcijk-ikmc-mjab |   3456 |  3456 |    24 | 1.00 | 1.00 |       284.1 |   284.1 |   284.1 
 abcijk-jkma-mibc |   6912 |  1728 |    24 | 1.00 | 1.00 |       205.9 |   205.9 |   205.9 
 abcijk-jkmb-miac |   3456 |  3456 |    24 | 1.00 | 1.00 |       219.8 |   219.8 |   219.8 
 abcijk-jkmc-miab |   3456 |  3456 |    24 | 1.00 | 1.00 |       246.2 |   246.2 |   246.2 
 abcijk-eiab-jkec |   3456 |  3456 |    24 | 1.00 | 1.00 |       261.7 |   261.7 |   261.7 
 abcijk-eiac-jkeb |   3456 |  3456 |    24 | 1.00 | 1.00 |       244.6 |   244.6 |   244.6 
 abcijk-eibc-jkea |   1728 |  6912 |    24 | 1.00 | 1.00 |       249.7 |   249.7 |   249.7 
 abcijk-ejab-ikec |   3456 |  3456 |    24 | 1.00 | 1.00 |       266.0 |   266.0 |   266.0 
 abcijk-ejac-ikeb |   3456 |  3456 |    24 | 1.00 | 1.00 |       214.5 |   214.5 |   214.5 
 abcijk-ejbc-ikea |   1728 |  6912 |    24 | 1.00 | 1.00 |       247.8 |   247.8 |   247.8 
 abcijk-ekab-ijec |   3456 |  3456 |    24 | 1.00 | 1.00 |       267.1 |   267.1 |   267.1 
 abcijk-ekac-ijeb |   3456 |  3456 |    24 | 1.00 | 1.00 |       237.8 |   237.8 |   237.8 
 abcijk-ekbc-ijea |   1728 |  6912 |    24 | 1.00 | 1.00 |       245.1 |   245.1 |   245.1 
       abc-bk-akc |    144 | 18432 |   128 | 1.00 | 1.00 |       124.3 |   124.3 |   124.3 

=== c32 ===
             case |      m |     n |     k | regA | regB | planar GF/s | 1m GF/s | 3m GF/s 
------------------+--------+-------+-------+------+------+-------------+---------+---------
         ij-ik-kj |   1464 |  1448 |  1464 | 1.00 | 1.00 |       540.2 |   578.5 |   506.1 
       ij-ikl-ljk |    144 |   128 | 18432 | 1.00 | 1.00 |       170.6 |   167.9 |   160.1 
       ij-kil-lkj |    144 |   128 | 20736 | 1.00 | 1.00 |       183.8 |   187.1 |   185.1 
       ijk-ikl-lj |  18432 |   128 |   144 | 1.00 | 1.00 |       252.0 |   313.3 |   247.7 
       ijk-il-jlk |    144 | 18432 |   128 | 1.00 | 0.97 |       334.7 |   520.9 |   477.5 
       ijk-ilk-jl |  18432 |   144 |   128 | 1.00 | 1.00 |       395.6 |   337.5 |   363.2 
       ijk-ilk-lj |  18432 |   128 |   144 | 1.00 | 1.00 |       336.8 |   253.9 |   351.2 
     ijk-ilmk-mjl |   1920 |    40 |  1920 | 1.00 | 1.00 |       158.0 |   138.4 |   131.5 
   ijkl-imjn-lnkm |   1920 |  1920 |  1600 | 1.00 | 1.00 |       690.9 |   691.9 |   742.2 
   ijkl-imjn-nlmk |   1920 |  1600 |  1920 | 1.00 | 1.00 |      1009.5 |   872.8 |   658.3 
   ijkl-imkn-jnlm |   1920 |  1920 |  1600 | 1.00 | 0.92 |       763.9 |   879.2 |   740.3 
   ijkl-imkn-njml |   1920 |  1600 |  1920 | 1.00 | 1.00 |       834.3 |   886.1 |   791.6 
   ijkl-imln-jnkm |   1920 |  1920 |  1600 | 1.00 | 0.92 |       787.3 |   672.3 |   755.7 
   ijkl-imln-njmk |   1920 |  1600 |  1920 | 1.00 | 1.00 |       816.9 |   897.3 |   841.8 
   ijkl-imnj-nlkm |   1920 |  1600 |  1920 | 1.00 | 1.00 |       818.9 |   814.9 |   776.9 
   ijkl-imnk-njml |   1920 |  1600 |  1920 | 1.00 | 1.00 |      1065.9 |   890.9 |   709.9 
   ijkl-minj-nlmk |   1920 |  1600 |  2304 | 1.00 | 1.00 |       809.3 |   750.0 |   879.3 
   ijkl-mink-jnlm |   1920 |  1920 |  1920 | 1.00 | 0.92 |       847.4 |   835.6 |   735.3 
   ijkl-minl-njmk |   1920 |  1600 |  2304 | 1.00 | 1.00 |      1099.6 |   903.6 |   776.1 
     aqrs-pa-pqrs |     48 | 64000 |    48 | 1.00 | 1.00 |       243.2 |   224.7 |   237.0 
     abrs-qb-aqrs |     40 | 76800 |    48 | 1.00 | 1.00 |       145.0 |   184.4 |   163.9 
     abcs-rc-abrs |     40 | 76800 |    48 | 1.00 | 1.00 |       158.1 |   151.5 |   174.6 
       abj-bka-kj |  20736 |   128 |   144 | 1.00 | 1.00 |       277.1 |   293.6 |   305.6 
       ajb-kba-jk |  18432 |   144 |   144 | 1.00 | 1.00 |       406.9 |   345.6 |   369.9 
     abjc-cbka-kj |  92160 |    40 |    48 | 1.00 | 1.00 |       137.8 |   116.6 |   129.0 
     ajbc-ckba-jk |  92160 |    48 |    40 | 1.00 | 1.00 |       149.8 |   135.7 |   127.1 
     abjc-kbac-jk |  76800 |    48 |    48 | 1.00 | 1.00 |       203.8 |   249.8 |   182.6 
   abjcd-dkbac-jk | 230400 |    24 |    20 | 1.00 | 1.00 |        69.5 |    66.6 |    68.0 
   adbjc-cbdka-kj | 230400 |    20 |    24 | 1.00 | 1.00 |        63.1 |    61.0 |    62.0 
   ajbdc-ckbad-jk | 230400 |    24 |    20 | 1.00 | 1.00 |        78.3 |    69.6 |    71.8 
 abcijk-ijma-mkbc |   6912 |  1728 |    24 | 1.00 | 0.97 |       321.4 |   316.3 |   281.1 
 abcijk-ijmb-mkac |   3456 |  3456 |    24 | 1.00 | 0.67 |       344.9 |   378.5 |   326.5 
 abcijk-ijmc-mkab |   3456 |  3456 |    24 | 1.00 | 0.67 |       393.4 |   411.6 |   449.8 
 abcijk-ikma-mjbc |   6912 |  1728 |    24 | 1.00 | 0.97 |       316.8 |   319.8 |   275.7 
 abcijk-ikmb-mjac |   3456 |  3456 |    24 | 1.00 | 0.67 |       337.2 |   382.6 |   293.3 
 abcijk-ikmc-mjab |   3456 |  3456 |    24 | 1.00 | 0.67 |       440.0 |   385.7 |   453.3 
 abcijk-jkma-mibc |   6912 |  1728 |    24 | 1.00 | 0.97 |       318.2 |   326.3 |   264.4 
 abcijk-jkmb-miac |   3456 |  3456 |    24 | 1.00 | 0.67 |       358.4 |   385.3 |   293.5 
 abcijk-jkmc-miab |   3456 |  3456 |    24 | 1.00 | 0.67 |       416.0 |   403.0 |   400.5 
 abcijk-eiab-jkec |   3456 |  3456 |    24 | 1.00 | 0.67 |       445.3 |   436.4 |   400.2 
 abcijk-eiac-jkeb |   3456 |  3456 |    24 | 1.00 | 0.67 |       339.2 |   363.3 |   330.4 
 abcijk-eibc-jkea |   1728 |  6912 |    24 | 1.00 | 0.97 |       305.2 |   310.3 |   257.6 
 abcijk-ejab-ikec |   3456 |  3456 |    24 | 1.00 | 0.67 |       405.1 |   403.1 |   447.8 
 abcijk-ejac-ikeb |   3456 |  3456 |    24 | 1.00 | 0.67 |       338.8 |   367.8 |   336.1 
 abcijk-ejbc-ikea |   1728 |  6912 |    24 | 1.00 | 0.97 |       259.7 |   319.0 |   262.5 
 abcijk-ekab-ijec |   3456 |  3456 |    24 | 1.00 | 0.67 |       433.8 |   373.9 |   414.5 
 abcijk-ekac-ijeb |   3456 |  3456 |    24 | 1.00 | 0.67 |       332.8 |   337.5 |   320.3 
 abcijk-ekbc-ijea |   1728 |  6912 |    24 | 1.00 | 0.97 |       318.1 |   317.0 |   258.7 
       abc-bk-akc |    144 | 18432 |   128 | 1.00 | 1.00 |       326.4 |   380.3 |   319.2 

=== complex efficiency ratio (c32 GF/s over f32 GF/s; 1.0 = no penalty) ===
             case | planar c32/f32 | 1m c32/f32 | 3m c32/f32 
------------------+----------------+------------+------------
         ij-ik-kj |          1.563 |      1.674 |      1.464 
       ij-ikl-ljk |          1.816 |      1.787 |      1.705 
       ij-kil-lkj |          1.962 |      1.997 |      1.975 
       ijk-ikl-lj |          1.689 |      2.100 |      1.660 
       ijk-il-jlk |          2.423 |      3.772 |      3.457 
       ijk-ilk-jl |          3.314 |      2.828 |      3.043 
       ijk-ilk-lj |          2.369 |      1.786 |      2.471 
     ijk-ilmk-mjl |          2.499 |      2.189 |      2.080 
   ijkl-imjn-lnkm |          1.711 |      1.714 |      1.838 
   ijkl-imjn-nlmk |          2.489 |      2.152 |      1.623 
   ijkl-imkn-jnlm |          1.733 |      1.995 |      1.679 
   ijkl-imkn-njml |          1.442 |      1.531 |      1.368 
   ijkl-imln-jnkm |          1.470 |      1.255 |      1.411 
   ijkl-imln-njmk |          1.477 |      1.622 |      1.522 
   ijkl-imnj-nlkm |          1.798 |      1.789 |      1.705 
   ijkl-imnk-njml |          2.174 |      1.817 |      1.448 
   ijkl-minj-nlmk |          1.795 |      1.664 |      1.951 
   ijkl-mink-jnlm |          1.712 |      1.688 |      1.486 
   ijkl-minl-njmk |          1.845 |      1.516 |      1.302 
     aqrs-pa-pqrs |          1.400 |      1.294 |      1.365 
     abrs-qb-aqrs |          1.862 |      2.368 |      2.105 
     abcs-rc-abrs |          2.091 |      2.003 |      2.310 
       abj-bka-kj |          2.216 |      2.349 |      2.445 
       ajb-kba-jk |          2.549 |      2.165 |      2.317 
     abjc-cbka-kj |          2.592 |      2.193 |      2.428 
     ajbc-ckba-jk |          2.557 |      2.316 |      2.169 
     abjc-kbac-jk |          2.432 |      2.981 |      2.179 
   abjcd-dkbac-jk |          1.624 |      1.556 |      1.588 
   adbjc-cbdka-kj |          1.995 |      1.928 |      1.960 
   ajbdc-ckbad-jk |          2.001 |      1.777 |      1.834 
 abcijk-ijma-mkbc |          1.455 |      1.432 |      1.272 
 abcijk-ijmb-mkac |          1.303 |      1.430 |      1.234 
 abcijk-ijmc-mkab |          1.459 |      1.526 |      1.668 
 abcijk-ikma-mjbc |          1.349 |      1.361 |      1.173 
 abcijk-ikmb-mjac |          1.318 |      1.496 |      1.147 
 abcijk-ikmc-mjab |          1.549 |      1.358 |      1.595 
 abcijk-jkma-mibc |          1.545 |      1.584 |      1.284 
 abcijk-jkmb-miac |          1.630 |      1.753 |      1.335 
 abcijk-jkmc-miab |          1.690 |      1.637 |      1.627 
 abcijk-eiab-jkec |          1.702 |      1.668 |      1.529 
 abcijk-eiac-jkeb |          1.387 |      1.486 |      1.351 
 abcijk-eibc-jkea |          1.222 |      1.243 |      1.032 
 abcijk-ejab-ikec |          1.523 |      1.516 |      1.684 
 abcijk-ejac-ikeb |          1.579 |      1.715 |      1.567 
 abcijk-ejbc-ikea |          1.048 |      1.287 |      1.059 
 abcijk-ekab-ijec |          1.624 |      1.400 |      1.552 
 abcijk-ekac-ijeb |          1.400 |      1.420 |      1.347 
 abcijk-ekbc-ijea |          1.298 |      1.293 |      1.055 
       abc-bk-akc |          2.627 |      3.061 |      2.569 
             MEAN |          1.823 |      1.826 |      1.734 

wrote bench-results/worker5086-zen2/phase4g/sm-guard-s16-t64-f32c32.csv
