host        : worker5086
target      : x86_64 / linux
cpu features: avx2 fma 
caches      : L1=32KiB/8-way/1sh L2=512KiB/8-way/1sh L3=16384KiB/16-way/4sh (via sysfs), blocking=legacy
l3 domains  : t1=1 t4=1 t8=2 t16=4 t32=8 t64=16
baselines   : tblis=false blas=false

sweeping 49 cases at 1 MiB nominal tensor size, 24 reps, stress=none


=== f64 ===
             case |     m |    n |    k | regA | regB | planar GF/s | 1m GF/s | 3m GF/s 
------------------+-------+------+------+------+------+-------------+---------+---------
         ij-ik-kj |   384 |  364 |  384 | 1.00 | 1.00 |        85.2 |    85.2 |    85.2 
       ij-ikl-ljk |    72 |   52 | 3744 | 1.00 | 1.00 |        28.3 |    28.3 |    28.3 
       ij-kil-lkj |    72 |   52 | 5184 | 1.00 | 1.00 |        34.6 |    34.6 |    34.6 
       ijk-ikl-lj |  3744 |   52 |   72 | 1.00 | 1.00 |        63.4 |    63.4 |    63.4 
       ijk-il-jlk |    72 | 3744 |   52 | 1.00 | 1.00 |        37.0 |    37.0 |    37.0 
       ijk-ilk-jl |  3744 |   72 |   52 | 1.00 | 1.00 |        64.8 |    64.8 |    64.8 
       ijk-ilk-lj |  3744 |   52 |   72 | 1.00 | 1.00 |        60.7 |    60.7 |    60.7 
     ijk-ilmk-mjl |   480 |   20 |  480 | 1.00 | 1.00 |        23.3 |    23.3 |    23.3 
   ijkl-imjn-lnkm |   480 |  480 |  400 | 1.00 | 0.80 |        81.7 |    81.7 |    81.7 
   ijkl-imjn-nlmk |   480 |  400 |  480 | 1.00 | 0.81 |        82.8 |    82.8 |    82.8 
   ijkl-imkn-jnlm |   480 |  480 |  400 | 1.00 | 1.00 |        97.1 |    97.1 |    97.1 
   ijkl-imkn-njml |   480 |  400 |  480 | 1.00 | 0.81 |        93.9 |    93.9 |    93.9 
   ijkl-imln-jnkm |   480 |  480 |  400 | 1.00 | 1.00 |       103.6 |   103.6 |   103.6 
   ijkl-imln-njmk |   480 |  400 |  480 | 1.00 | 0.81 |        88.4 |    88.4 |    88.4 
   ijkl-imnj-nlkm |   480 |  400 |  480 | 1.00 | 0.81 |        90.8 |    90.8 |    90.8 
   ijkl-imnk-njml |   480 |  400 |  480 | 1.00 | 0.81 |        98.1 |    98.1 |    98.1 
   ijkl-minj-nlmk |   480 |  400 |  576 | 1.00 | 0.81 |        86.4 |    86.4 |    86.4 
   ijkl-mink-jnlm |   480 |  480 |  480 | 1.00 | 1.00 |        94.4 |    94.4 |    94.4 
   ijkl-minl-njmk |   480 |  400 |  576 | 1.00 | 0.81 |       100.8 |   100.8 |   100.8 
     aqrs-pa-pqrs |    24 | 8000 |   24 | 1.00 | 1.00 |        15.6 |    15.6 |    15.6 
     abrs-qb-aqrs |    20 | 9600 |   24 | 1.00 | 1.00 |        16.2 |    16.2 |    16.2 
     abcs-rc-abrs |    20 | 9600 |   24 | 1.00 | 1.00 |        16.3 |    16.3 |    16.3 
       abj-bka-kj |  5184 |   52 |   72 | 1.00 | 1.00 |        79.7 |    79.7 |    79.7 
       ajb-kba-jk |  3744 |   72 |   72 | 1.00 | 1.00 |        84.4 |    84.4 |    84.4 
     abjc-cbka-kj | 11520 |   20 |   24 | 1.00 | 1.00 |        13.0 |    13.0 |    13.0 
     ajbc-ckba-jk | 11520 |   24 |   20 | 1.00 | 1.00 |        15.3 |    15.3 |    15.3 
     abjc-kbac-jk |  9600 |   24 |   24 | 1.00 | 1.00 |        17.7 |    17.7 |    17.7 
   abjcd-dkbac-jk | 82944 |   24 |   12 | 1.00 | 1.00 |        39.6 |    39.6 |    39.6 
   adbjc-cbdka-kj | 82944 |   12 |   24 | 1.00 | 1.00 |        20.7 |    20.7 |    20.7 
   ajbdc-ckbad-jk | 82944 |   24 |   12 | 1.00 | 1.00 |        36.7 |    36.7 |    36.7 
 abcijk-ijma-mkbc |  4608 |  512 |   24 | 1.00 | 0.94 |       121.8 |   121.8 |   121.8 
 abcijk-ijmb-mkac |  1536 | 1536 |   24 | 1.00 | 0.50 |       158.9 |   158.9 |   158.9 
 abcijk-ijmc-mkab |  1536 | 1536 |   24 | 1.00 | 0.50 |       158.6 |   158.6 |   158.6 
 abcijk-ikma-mjbc |  4608 |  512 |   24 | 1.00 | 0.94 |       116.7 |   116.7 |   116.7 
 abcijk-ikmb-mjac |  1536 | 1536 |   24 | 1.00 | 0.50 |       164.4 |   164.4 |   164.4 
 abcijk-ikmc-mjab |  1536 | 1536 |   24 | 1.00 | 0.50 |       165.9 |   165.9 |   165.9 
 abcijk-jkma-mibc |  4608 |  512 |   24 | 1.00 | 0.94 |       121.9 |   121.9 |   121.9 
 abcijk-jkmb-miac |  1536 | 1536 |   24 | 1.00 | 0.50 |       154.0 |   154.0 |   154.0 
 abcijk-jkmc-miab |  1536 | 1536 |   24 | 1.00 | 0.50 |       167.9 |   167.9 |   167.9 
 abcijk-eiab-jkec |  1536 | 1536 |   24 | 1.00 | 0.50 |       177.4 |   177.4 |   177.4 
 abcijk-eiac-jkeb |  1536 | 1536 |   24 | 1.00 | 0.50 |       159.7 |   159.7 |   159.7 
 abcijk-eibc-jkea |   512 | 4608 |   24 | 1.00 | 0.94 |       122.1 |   122.1 |   122.1 
 abcijk-ejab-ikec |  1536 | 1536 |   24 | 1.00 | 0.50 |       170.7 |   170.7 |   170.7 
 abcijk-ejac-ikeb |  1536 | 1536 |   24 | 1.00 | 0.50 |       155.6 |   155.6 |   155.6 
 abcijk-ejbc-ikea |   512 | 4608 |   24 | 1.00 | 0.94 |       122.5 |   122.5 |   122.5 
 abcijk-ekab-ijec |  1536 | 1536 |   24 | 1.00 | 0.50 |       155.2 |   155.2 |   155.2 
 abcijk-ekac-ijeb |  1536 | 1536 |   24 | 1.00 | 0.50 |       166.5 |   166.5 |   166.5 
 abcijk-ekbc-ijea |   512 | 4608 |   24 | 1.00 | 0.94 |       119.0 |   119.0 |   119.0 
       abc-bk-akc |    72 | 3744 |   52 | 1.00 | 1.00 |        66.1 |    66.1 |    66.1 

=== c64 ===
             case |     m |    n |    k | regA | regB | planar GF/s | 1m GF/s | 3m GF/s 
------------------+-------+------+------+------+------+-------------+---------+---------
         ij-ik-kj |   384 |  364 |  384 | 1.00 | 1.00 |       153.6 |   140.8 |   120.4 
       ij-ikl-ljk |    72 |   52 | 3744 | 1.00 | 1.00 |        59.3 |    58.4 |    63.8 
       ij-kil-lkj |    72 |   52 | 5184 | 1.00 | 1.00 |        60.2 |    60.5 |    55.8 
       ijk-ikl-lj |  3744 |   52 |   72 | 1.00 | 1.00 |       120.6 |   112.1 |   118.9 
       ijk-il-jlk |    72 | 3744 |   52 | 1.00 | 0.95 |       183.7 |   176.2 |   177.4 
       ijk-ilk-jl |  3744 |   72 |   52 | 1.00 | 1.00 |       110.4 |   108.1 |   111.0 
       ijk-ilk-lj |  3744 |   52 |   72 | 1.00 | 1.00 |       108.8 |   106.4 |   108.4 
     ijk-ilmk-mjl |   480 |   20 |  480 | 1.00 | 1.00 |        74.9 |    64.6 |    57.0 
   ijkl-imjn-lnkm |   480 |  480 |  400 | 1.00 | 1.00 |       182.3 |   180.6 |   155.5 
   ijkl-imjn-nlmk |   480 |  400 |  480 | 1.00 | 1.00 |       180.5 |   180.3 |   157.6 
   ijkl-imkn-jnlm |   480 |  480 |  400 | 1.00 | 0.83 |       194.5 |   202.2 |   189.2 
   ijkl-imkn-njml |   480 |  400 |  480 | 1.00 | 1.00 |       209.2 |   187.4 |   177.6 
   ijkl-imln-jnkm |   480 |  480 |  400 | 1.00 | 0.83 |       178.6 |   191.7 |   170.7 
   ijkl-imln-njmk |   480 |  400 |  480 | 1.00 | 1.00 |       209.0 |   215.1 |   184.5 
   ijkl-imnj-nlkm |   480 |  400 |  480 | 1.00 | 1.00 |       191.2 |   190.6 |   190.2 
   ijkl-imnk-njml |   480 |  400 |  480 | 1.00 | 1.00 |       188.1 |   177.4 |   162.1 
   ijkl-minj-nlmk |   480 |  400 |  576 | 1.00 | 1.00 |       207.5 |   212.9 |   183.6 
   ijkl-mink-jnlm |   480 |  480 |  480 | 1.00 | 0.83 |       212.7 |   198.6 |   180.3 
   ijkl-minl-njmk |   480 |  400 |  576 | 1.00 | 1.00 |       226.6 |   225.2 |   192.3 
     aqrs-pa-pqrs |    24 | 8000 |   24 | 1.00 | 1.00 |        79.3 |    82.3 |    27.4 
     abrs-qb-aqrs |    20 | 9600 |   24 | 1.00 | 1.00 |        73.4 |    68.4 |    54.4 
     abcs-rc-abrs |    20 | 9600 |   24 | 1.00 | 1.00 |        75.9 |    67.4 |    55.3 
       abj-bka-kj |  5184 |   52 |   72 | 1.00 | 1.00 |       100.0 |   105.3 |   123.9 
       ajb-kba-jk |  3744 |   72 |   72 | 1.00 | 1.00 |       120.5 |    95.1 |   129.2 
     abjc-cbka-kj | 11520 |   20 |   24 | 1.00 | 1.00 |        79.1 |    69.4 |    35.6 
     ajbc-ckba-jk | 11520 |   24 |   20 | 1.00 | 1.00 |        77.8 |    74.3 |    27.8 
     abjc-kbac-jk |  9600 |   24 |   24 | 1.00 | 1.00 |        83.7 |    83.2 |    36.5 
   abjcd-dkbac-jk | 82944 |   24 |   12 | 1.00 | 1.00 |        47.6 |    48.5 |    51.3 
   adbjc-cbdka-kj | 82944 |   12 |   24 | 1.00 | 1.00 |        37.2 |    36.4 |    41.2 
   ajbdc-ckbad-jk | 82944 |   24 |   12 | 1.00 | 1.00 |        49.4 |    47.4 |    52.7 
 abcijk-ijma-mkbc |  4608 |  512 |   24 | 1.00 | 0.94 |       234.6 |   223.4 |   233.0 
 abcijk-ijmb-mkac |  1536 | 1536 |   24 | 1.00 | 0.50 |       258.1 |   281.2 |   245.1 
 abcijk-ijmc-mkab |  1536 | 1536 |   24 | 1.00 | 0.50 |       280.6 |   274.1 |   243.0 
 abcijk-ikma-mjbc |  4608 |  512 |   24 | 1.00 | 0.94 |       225.1 |   222.5 |   228.8 
 abcijk-ikmb-mjac |  1536 | 1536 |   24 | 1.00 | 0.50 |       261.8 |   263.1 |   238.9 
 abcijk-ikmc-mjab |  1536 | 1536 |   24 | 1.00 | 0.50 |       274.5 |   274.9 |   239.6 
 abcijk-jkma-mibc |  4608 |  512 |   24 | 1.00 | 0.94 |       222.4 |   211.1 |   212.8 
 abcijk-jkmb-miac |  1536 | 1536 |   24 | 1.00 | 0.50 |       247.7 |   274.3 |   262.1 
 abcijk-jkmc-miab |  1536 | 1536 |   24 | 1.00 | 0.50 |       283.3 |   280.4 |   252.0 
 abcijk-eiab-jkec |  1536 | 1536 |   24 | 1.00 | 0.50 |       274.3 |   277.9 |   248.4 
 abcijk-eiac-jkeb |  1536 | 1536 |   24 | 1.00 | 0.50 |       267.7 |   274.9 |   259.3 
 abcijk-eibc-jkea |   512 | 4608 |   24 | 1.00 | 0.94 |       238.5 |   208.4 |   219.0 
 abcijk-ejab-ikec |  1536 | 1536 |   24 | 1.00 | 0.50 |       277.1 |   279.7 |   258.4 
 abcijk-ejac-ikeb |  1536 | 1536 |   24 | 1.00 | 0.50 |       250.0 |   279.1 |   256.9 
 abcijk-ejbc-ikea |   512 | 4608 |   24 | 1.00 | 0.94 |       227.5 |   219.7 |   218.2 
 abcijk-ekab-ijec |  1536 | 1536 |   24 | 1.00 | 0.50 |       275.0 |   272.6 |   232.8 
 abcijk-ekac-ijeb |  1536 | 1536 |   24 | 1.00 | 0.50 |       259.1 |   265.0 |   256.1 
 abcijk-ekbc-ijea |   512 | 4608 |   24 | 1.00 | 0.94 |       225.6 |   225.2 |   227.8 
       abc-bk-akc |    72 | 3744 |   52 | 1.00 | 1.00 |       117.8 |   107.1 |   111.3 

=== complex efficiency ratio (c64 GF/s over f64 GF/s; 1.0 = no penalty) ===
             case | planar c64/f64 | 1m c64/f64 | 3m c64/f64 
------------------+----------------+------------+------------
         ij-ik-kj |          1.803 |      1.652 |      1.413 
       ij-ikl-ljk |          2.094 |      2.062 |      2.253 
       ij-kil-lkj |          1.740 |      1.748 |      1.611 
       ijk-ikl-lj |          1.904 |      1.769 |      1.877 
       ijk-il-jlk |          4.968 |      4.763 |      4.796 
       ijk-ilk-jl |          1.704 |      1.668 |      1.712 
       ijk-ilk-lj |          1.793 |      1.752 |      1.786 
     ijk-ilmk-mjl |          3.209 |      2.767 |      2.442 
   ijkl-imjn-lnkm |          2.232 |      2.212 |      1.904 
   ijkl-imjn-nlmk |          2.179 |      2.177 |      1.903 
   ijkl-imkn-jnlm |          2.004 |      2.083 |      1.949 
   ijkl-imkn-njml |          2.229 |      1.996 |      1.892 
   ijkl-imln-jnkm |          1.724 |      1.851 |      1.648 
   ijkl-imln-njmk |          2.364 |      2.433 |      2.087 
   ijkl-imnj-nlkm |          2.106 |      2.100 |      2.095 
   ijkl-imnk-njml |          1.918 |      1.808 |      1.653 
   ijkl-minj-nlmk |          2.402 |      2.465 |      2.126 
   ijkl-mink-jnlm |          2.254 |      2.105 |      1.911 
   ijkl-minl-njmk |          2.248 |      2.235 |      1.909 
     aqrs-pa-pqrs |          5.079 |      5.273 |      1.757 
     abrs-qb-aqrs |          4.523 |      4.212 |      3.348 
     abcs-rc-abrs |          4.670 |      4.144 |      3.398 
       abj-bka-kj |          1.254 |      1.321 |      1.555 
       ajb-kba-jk |          1.428 |      1.127 |      1.531 
     abjc-cbka-kj |          6.101 |      5.351 |      2.745 
     ajbc-ckba-jk |          5.082 |      4.855 |      1.818 
     abjc-kbac-jk |          4.731 |      4.703 |      2.065 
   abjcd-dkbac-jk |          1.201 |      1.225 |      1.294 
   adbjc-cbdka-kj |          1.795 |      1.755 |      1.988 
   ajbdc-ckbad-jk |          1.347 |      1.293 |      1.435 
 abcijk-ijma-mkbc |          1.926 |      1.835 |      1.913 
 abcijk-ijmb-mkac |          1.624 |      1.770 |      1.542 
 abcijk-ijmc-mkab |          1.769 |      1.729 |      1.533 
 abcijk-ikma-mjbc |          1.928 |      1.906 |      1.961 
 abcijk-ikmb-mjac |          1.592 |      1.600 |      1.453 
 abcijk-ikmc-mjab |          1.654 |      1.657 |      1.444 
 abcijk-jkma-mibc |          1.825 |      1.733 |      1.746 
 abcijk-jkmb-miac |          1.608 |      1.781 |      1.702 
 abcijk-jkmc-miab |          1.687 |      1.670 |      1.501 
 abcijk-eiab-jkec |          1.547 |      1.567 |      1.401 
 abcijk-eiac-jkeb |          1.676 |      1.722 |      1.624 
 abcijk-eibc-jkea |          1.954 |      1.707 |      1.794 
 abcijk-ejab-ikec |          1.624 |      1.639 |      1.514 
 abcijk-ejac-ikeb |          1.606 |      1.793 |      1.651 
 abcijk-ejbc-ikea |          1.857 |      1.793 |      1.782 
 abcijk-ekab-ijec |          1.772 |      1.756 |      1.500 
 abcijk-ekac-ijeb |          1.556 |      1.592 |      1.538 
 abcijk-ekbc-ijea |          1.895 |      1.892 |      1.914 
       abc-bk-akc |          1.781 |      1.620 |      1.684 
             MEAN |          2.305 |      2.238 |      1.900 

wrote bench-results/worker5086-zen2/phase4g/sm-guard-s1-t32-f64c64.csv
