host        : worker5086
target      : x86_64 / linux
cpu features: avx2 fma 
caches      : L1=32KiB/8-way/1sh L2=512KiB/8-way/1sh L3=16384KiB/16-way/4sh (via sysfs), blocking=legacy
l3 domains  : t1=1 t4=1 t8=2
baselines   : tblis=false blas=false

sweeping 49 cases at 16 MiB nominal tensor size, 3 reps, stress=none


=== f64 ===
             case |      m |     n |     k | regA | regB | planar GF/s | 1m GF/s | 3m GF/s 
------------------+--------+-------+-------+------+------+-------------+---------+---------
         ij-ik-kj |   1464 |  1448 |  1464 | 1.00 | 1.00 |       145.5 |   145.5 |   145.5 
       ij-ikl-ljk |    144 |   128 | 18432 | 1.00 | 1.00 |        76.2 |    76.2 |    76.2 
       ij-kil-lkj |    144 |   128 | 20736 | 1.00 | 1.00 |        80.6 |    80.6 |    80.6 
       ijk-ikl-lj |  18432 |   128 |   144 | 1.00 | 1.00 |        87.9 |    87.9 |    87.9 
       ijk-il-jlk |    144 | 18432 |   128 | 1.00 | 1.00 |        91.1 |    91.1 |    91.1 
       ijk-ilk-jl |  18432 |   144 |   128 | 1.00 | 1.00 |       112.1 |   112.1 |   112.1 
       ijk-ilk-lj |  18432 |   128 |   144 | 1.00 | 1.00 |       109.4 |   109.4 |   109.4 
     ijk-ilmk-mjl |   1920 |    40 |  1920 | 1.00 | 1.00 |        87.2 |    87.2 |    87.2 
   ijkl-imjn-lnkm |   1920 |  1920 |  1600 | 1.00 | 0.90 |       148.7 |   148.7 |   148.7 
   ijkl-imjn-nlmk |   1920 |  1600 |  1920 | 1.00 | 0.90 |       144.0 |   144.0 |   144.0 
   ijkl-imkn-jnlm |   1920 |  1920 |  1600 | 1.00 | 1.00 |       140.5 |   140.5 |   140.5 
   ijkl-imkn-njml |   1920 |  1600 |  1920 | 1.00 | 0.90 |       141.0 |   141.0 |   141.0 
   ijkl-imln-jnkm |   1920 |  1920 |  1600 | 1.00 | 1.00 |       139.4 |   139.4 |   139.4 
   ijkl-imln-njmk |   1920 |  1600 |  1920 | 1.00 | 0.90 |       141.6 |   141.6 |   141.6 
   ijkl-imnj-nlkm |   1920 |  1600 |  1920 | 1.00 | 0.90 |       144.2 |   144.2 |   144.2 
   ijkl-imnk-njml |   1920 |  1600 |  1920 | 1.00 | 0.90 |       142.3 |   142.3 |   142.3 
   ijkl-minj-nlmk |   1920 |  1600 |  2304 | 1.00 | 0.90 |       141.6 |   141.6 |   141.6 
   ijkl-mink-jnlm |   1920 |  1920 |  1920 | 1.00 | 1.00 |       139.1 |   139.1 |   139.1 
   ijkl-minl-njmk |   1920 |  1600 |  2304 | 1.00 | 0.90 |       141.1 |   141.1 |   141.1 
     aqrs-pa-pqrs |     48 | 64000 |    48 | 1.00 | 1.00 |        41.2 |    41.2 |    41.2 
     abrs-qb-aqrs |     40 | 76800 |    48 | 1.00 | 1.00 |        62.6 |    62.6 |    62.6 
     abcs-rc-abrs |     40 | 76800 |    48 | 1.00 | 1.00 |        45.9 |    45.9 |    45.9 
       abj-bka-kj |  20736 |   128 |   144 | 1.00 | 1.00 |       112.6 |   112.6 |   112.6 
       ajb-kba-jk |  18432 |   144 |   144 | 1.00 | 1.00 |       133.2 |   133.2 |   133.2 
     abjc-cbka-kj |  92160 |    40 |    48 | 1.00 | 1.00 |        23.0 |    23.0 |    23.0 
     ajbc-ckba-jk |  92160 |    48 |    40 | 1.00 | 1.00 |        28.6 |    28.6 |    28.6 
     abjc-kbac-jk |  76800 |    48 |    48 | 1.00 | 1.00 |        68.0 |    68.0 |    68.0 
   abjcd-dkbac-jk | 230400 |    24 |    20 | 1.00 | 1.00 |        15.4 |    15.4 |    15.4 
   adbjc-cbdka-kj | 230400 |    20 |    24 | 1.00 | 1.00 |        10.3 |    10.3 |    10.3 
   ajbdc-ckbad-jk | 230400 |    24 |    20 | 1.00 | 1.00 |        14.9 |    14.9 |    14.9 
 abcijk-ijma-mkbc |   6912 |  1728 |    24 | 1.00 | 1.00 |        72.6 |    72.6 |    72.6 
 abcijk-ijmb-mkac |   3456 |  3456 |    24 | 1.00 | 1.00 |        63.3 |    63.3 |    63.3 
 abcijk-ijmc-mkab |   3456 |  3456 |    24 | 1.00 | 1.00 |        71.1 |    71.1 |    71.1 
 abcijk-ikma-mjbc |   6912 |  1728 |    24 | 1.00 | 1.00 |        73.2 |    73.2 |    73.2 
 abcijk-ikmb-mjac |   3456 |  3456 |    24 | 1.00 | 1.00 |        63.0 |    63.0 |    63.0 
 abcijk-ikmc-mjab |   3456 |  3456 |    24 | 1.00 | 1.00 |        72.2 |    72.2 |    72.2 
 abcijk-jkma-mibc |   6912 |  1728 |    24 | 1.00 | 1.00 |        74.2 |    74.2 |    74.2 
 abcijk-jkmb-miac |   3456 |  3456 |    24 | 1.00 | 1.00 |        63.4 |    63.4 |    63.4 
 abcijk-jkmc-miab |   3456 |  3456 |    24 | 1.00 | 1.00 |        68.4 |    68.4 |    68.4 
 abcijk-eiab-jkec |   3456 |  3456 |    24 | 1.00 | 1.00 |        70.3 |    70.3 |    70.3 
 abcijk-eiac-jkeb |   3456 |  3456 |    24 | 1.00 | 1.00 |        62.2 |    62.2 |    62.2 
 abcijk-eibc-jkea |   1728 |  6912 |    24 | 1.00 | 1.00 |        75.3 |    75.3 |    75.3 
 abcijk-ejab-ikec |   3456 |  3456 |    24 | 1.00 | 1.00 |        71.2 |    71.2 |    71.2 
 abcijk-ejac-ikeb |   3456 |  3456 |    24 | 1.00 | 1.00 |        63.5 |    63.5 |    63.5 
 abcijk-ejbc-ikea |   1728 |  6912 |    24 | 1.00 | 1.00 |        72.3 |    72.3 |    72.3 
 abcijk-ekab-ijec |   3456 |  3456 |    24 | 1.00 | 1.00 |        71.5 |    71.5 |    71.5 
 abcijk-ekac-ijeb |   3456 |  3456 |    24 | 1.00 | 1.00 |        60.3 |    60.3 |    60.3 
 abcijk-ekbc-ijea |   1728 |  6912 |    24 | 1.00 | 1.00 |        72.7 |    72.7 |    72.7 
       abc-bk-akc |    144 | 18432 |   128 | 1.00 | 1.00 |       100.9 |   100.9 |   100.9 

=== c64 ===
             case |      m |     n |     k | regA | regB | planar GF/s | 1m GF/s | 3m GF/s 
------------------+--------+-------+-------+------+------+-------------+---------+---------
         ij-ik-kj |   1464 |  1448 |  1464 | 1.00 | 1.00 |       163.0 |   164.9 |   158.5 
       ij-ikl-ljk |    144 |   128 | 18432 | 1.00 | 1.00 |       114.6 |   118.6 |   105.4 
       ij-kil-lkj |    144 |   128 | 20736 | 1.00 | 1.00 |       118.0 |   122.0 |   123.4 
       ijk-ikl-lj |  18432 |   128 |   144 | 1.00 | 1.00 |       142.3 |   145.3 |   131.1 
       ijk-il-jlk |    144 | 18432 |   128 | 1.00 | 0.97 |       142.7 |   149.9 |   126.4 
       ijk-ilk-jl |  18432 |   144 |   128 | 1.00 | 1.00 |       155.2 |   164.9 |   133.7 
       ijk-ilk-lj |  18432 |   128 |   144 | 1.00 | 1.00 |       153.8 |   158.6 |   131.8 
     ijk-ilmk-mjl |   1920 |    40 |  1920 | 1.00 | 1.00 |       117.8 |   120.8 |    92.5 
   ijkl-imjn-lnkm |   1920 |  1920 |  1600 | 1.00 | 1.00 |       160.4 |   169.2 |   160.2 
   ijkl-imjn-nlmk |   1920 |  1600 |  1920 | 1.00 | 1.00 |       161.2 |   168.6 |   154.9 
   ijkl-imkn-jnlm |   1920 |  1920 |  1600 | 1.00 | 0.92 |       159.7 |   163.2 |   153.5 
   ijkl-imkn-njml |   1920 |  1600 |  1920 | 1.00 | 1.00 |       159.3 |   162.4 |   150.9 
   ijkl-imln-jnkm |   1920 |  1920 |  1600 | 1.00 | 0.92 |       158.7 |   161.0 |   153.7 
   ijkl-imln-njmk |   1920 |  1600 |  1920 | 1.00 | 1.00 |       159.9 |   162.8 |   151.0 
   ijkl-imnj-nlkm |   1920 |  1600 |  1920 | 1.00 | 1.00 |       159.7 |   167.9 |   152.9 
   ijkl-imnk-njml |   1920 |  1600 |  1920 | 1.00 | 1.00 |       158.9 |   163.9 |   149.9 
   ijkl-minj-nlmk |   1920 |  1600 |  2304 | 1.00 | 1.00 |       161.1 |   167.8 |   161.4 
   ijkl-mink-jnlm |   1920 |  1920 |  1920 | 1.00 | 0.92 |       159.2 |   162.4 |   155.6 
   ijkl-minl-njmk |   1920 |  1600 |  2304 | 1.00 | 1.00 |       161.0 |   162.5 |   157.2 
     aqrs-pa-pqrs |     48 | 64000 |    48 | 1.00 | 1.00 |        83.5 |    91.9 |    73.8 
     abrs-qb-aqrs |     40 | 76800 |    48 | 1.00 | 1.00 |        95.2 |    98.0 |    70.5 
     abcs-rc-abrs |     40 | 76800 |    48 | 1.00 | 1.00 |       101.4 |   103.2 |    95.9 
       abj-bka-kj |  20736 |   128 |   144 | 1.00 | 1.00 |       137.7 |   133.8 |   134.2 
       ajb-kba-jk |  18432 |   144 |   144 | 1.00 | 1.00 |       160.7 |   169.2 |   158.7 
     abjc-cbka-kj |  92160 |    40 |    48 | 1.00 | 1.00 |        56.8 |    48.8 |    53.4 
     ajbc-ckba-jk |  92160 |    48 |    40 | 1.00 | 1.00 |        59.4 |    53.1 |    55.5 
     abjc-kbac-jk |  76800 |    48 |    48 | 1.00 | 1.00 |       113.8 |   123.5 |   108.1 
   abjcd-dkbac-jk | 230400 |    24 |    20 | 1.00 | 1.00 |        36.4 |    33.6 |    33.6 
   adbjc-cbdka-kj | 230400 |    20 |    24 | 1.00 | 1.00 |        31.2 |    26.5 |    28.8 
   ajbdc-ckbad-jk | 230400 |    24 |    20 | 1.00 | 1.00 |        35.2 |    32.5 |    32.6 
 abcijk-ijma-mkbc |   6912 |  1728 |    24 | 1.00 | 0.97 |        98.9 |   107.2 |    84.3 
 abcijk-ijmb-mkac |   3456 |  3456 |    24 | 1.00 | 0.67 |        97.6 |   104.2 |    82.8 
 abcijk-ijmc-mkab |   3456 |  3456 |    24 | 1.00 | 0.67 |       108.1 |   121.1 |    92.8 
 abcijk-ikma-mjbc |   6912 |  1728 |    24 | 1.00 | 0.97 |        98.4 |   106.7 |    83.9 
 abcijk-ikmb-mjac |   3456 |  3456 |    24 | 1.00 | 0.67 |        97.7 |   104.1 |    82.4 
 abcijk-ikmc-mjab |   3456 |  3456 |    24 | 1.00 | 0.67 |       108.0 |   121.5 |    92.8 
 abcijk-jkma-mibc |   6912 |  1728 |    24 | 1.00 | 0.97 |        99.5 |   107.2 |    84.8 
 abcijk-jkmb-miac |   3456 |  3456 |    24 | 1.00 | 0.67 |        98.4 |   105.2 |    83.3 
 abcijk-jkmc-miab |   3456 |  3456 |    24 | 1.00 | 0.67 |       107.2 |   120.1 |    92.4 
 abcijk-eiab-jkec |   3456 |  3456 |    24 | 1.00 | 0.67 |       106.9 |   119.8 |    91.4 
 abcijk-eiac-jkeb |   3456 |  3456 |    24 | 1.00 | 0.67 |        97.4 |   104.1 |    82.5 
 abcijk-eibc-jkea |   1728 |  6912 |    24 | 1.00 | 0.97 |        99.5 |   107.0 |    84.7 
 abcijk-ejab-ikec |   3456 |  3456 |    24 | 1.00 | 0.67 |       107.9 |   121.1 |    91.8 
 abcijk-ejac-ikeb |   3456 |  3456 |    24 | 1.00 | 0.67 |        97.3 |   103.8 |    81.9 
 abcijk-ejbc-ikea |   1728 |  6912 |    24 | 1.00 | 0.97 |        98.4 |   106.5 |    84.0 
 abcijk-ekab-ijec |   3456 |  3456 |    24 | 1.00 | 0.67 |       108.1 |   120.8 |    91.9 
 abcijk-ekac-ijeb |   3456 |  3456 |    24 | 1.00 | 0.67 |        96.6 |   103.1 |    82.1 
 abcijk-ekbc-ijea |   1728 |  6912 |    24 | 1.00 | 0.97 |        98.0 |   105.5 |    83.8 
       abc-bk-akc |    144 | 18432 |   128 | 1.00 | 1.00 |       151.0 |   160.2 |   127.6 

=== complex efficiency ratio (c64 GF/s over f64 GF/s; 1.0 = no penalty) ===
             case | planar c64/f64 | 1m c64/f64 | 3m c64/f64 
------------------+----------------+------------+------------
         ij-ik-kj |          1.121 |      1.134 |      1.089 
       ij-ikl-ljk |          1.503 |      1.556 |      1.382 
       ij-kil-lkj |          1.463 |      1.514 |      1.531 
       ijk-ikl-lj |          1.618 |      1.652 |      1.491 
       ijk-il-jlk |          1.566 |      1.645 |      1.387 
       ijk-ilk-jl |          1.385 |      1.471 |      1.193 
       ijk-ilk-lj |          1.406 |      1.450 |      1.205 
     ijk-ilmk-mjl |          1.351 |      1.385 |      1.060 
   ijkl-imjn-lnkm |          1.079 |      1.138 |      1.077 
   ijkl-imjn-nlmk |          1.119 |      1.170 |      1.075 
   ijkl-imkn-jnlm |          1.136 |      1.161 |      1.092 
   ijkl-imkn-njml |          1.130 |      1.152 |      1.071 
   ijkl-imln-jnkm |          1.138 |      1.155 |      1.103 
   ijkl-imln-njmk |          1.130 |      1.150 |      1.066 
   ijkl-imnj-nlkm |          1.108 |      1.165 |      1.060 
   ijkl-imnk-njml |          1.116 |      1.152 |      1.054 
   ijkl-minj-nlmk |          1.138 |      1.185 |      1.140 
   ijkl-mink-jnlm |          1.144 |      1.168 |      1.118 
   ijkl-minl-njmk |          1.141 |      1.152 |      1.114 
     aqrs-pa-pqrs |          2.027 |      2.229 |      1.792 
     abrs-qb-aqrs |          1.522 |      1.567 |      1.126 
     abcs-rc-abrs |          2.210 |      2.250 |      2.091 
       abj-bka-kj |          1.223 |      1.188 |      1.192 
       ajb-kba-jk |          1.206 |      1.270 |      1.191 
     abjc-cbka-kj |          2.469 |      2.121 |      2.323 
     ajbc-ckba-jk |          2.080 |      1.857 |      1.943 
     abjc-kbac-jk |          1.673 |      1.815 |      1.588 
   abjcd-dkbac-jk |          2.369 |      2.185 |      2.187 
   adbjc-cbdka-kj |          3.035 |      2.574 |      2.806 
   ajbdc-ckbad-jk |          2.356 |      2.174 |      2.179 
 abcijk-ijma-mkbc |          1.362 |      1.476 |      1.161 
 abcijk-ijmb-mkac |          1.543 |      1.648 |      1.309 
 abcijk-ijmc-mkab |          1.521 |      1.703 |      1.305 
 abcijk-ikma-mjbc |          1.345 |      1.458 |      1.146 
 abcijk-ikmb-mjac |          1.550 |      1.652 |      1.308 
 abcijk-ikmc-mjab |          1.496 |      1.683 |      1.285 
 abcijk-jkma-mibc |          1.341 |      1.446 |      1.143 
 abcijk-jkmb-miac |          1.551 |      1.658 |      1.313 
 abcijk-jkmc-miab |          1.568 |      1.756 |      1.352 
 abcijk-eiab-jkec |          1.520 |      1.703 |      1.300 
 abcijk-eiac-jkeb |          1.566 |      1.675 |      1.326 
 abcijk-eibc-jkea |          1.322 |      1.421 |      1.125 
 abcijk-ejab-ikec |          1.515 |      1.700 |      1.289 
 abcijk-ejac-ikeb |          1.531 |      1.634 |      1.289 
 abcijk-ejbc-ikea |          1.361 |      1.473 |      1.162 
 abcijk-ekab-ijec |          1.510 |      1.689 |      1.285 
 abcijk-ekac-ijeb |          1.603 |      1.711 |      1.362 
 abcijk-ekbc-ijea |          1.349 |      1.453 |      1.153 
       abc-bk-akc |          1.496 |      1.587 |      1.265 
             MEAN |          1.510 |      1.557 |      1.359 

wrote bench-results/worker5086-zen2/phase4g/sm-guard-s16-t4-f64c64.csv
