host        : worker5086
target      : x86_64 / linux
cpu features: avx2 fma 
caches      : L1=32KiB/8-way/1sh L2=512KiB/8-way/1sh L3=16384KiB/16-way/4sh (via sysfs), blocking=legacy
l3 domains  : t1=1 t4=1 t8=2 t16=4 t32=8 t64=16 t128=32
baselines   : tblis=false blas=false

sweeping 49 cases at 4 MiB nominal tensor size, 6 reps, stress=none


=== f32 ===
             case |     m |     n |    k | regA | regB | planar GF/s | 1m GF/s | 3m GF/s 
------------------+-------+-------+------+------+------+-------------+---------+---------
         ij-ik-kj |   744 |   724 |  744 | 1.00 | 1.00 |       170.5 |   170.5 |   170.5 
       ij-ikl-ljk |    96 |    80 | 7680 | 1.00 | 1.00 |        83.6 |    83.6 |    83.6 
       ij-kil-lkj |    96 |    80 | 9216 | 1.00 | 1.00 |        78.0 |    78.0 |    78.0 
       ijk-ikl-lj |  7680 |    80 |   96 | 1.00 | 1.00 |       110.9 |   110.9 |   110.9 
       ijk-il-jlk |    96 |  7680 |   80 | 1.00 | 1.00 |       175.9 |   175.9 |   175.9 
       ijk-ilk-jl |  7680 |    96 |   80 | 1.00 | 1.00 |       122.6 |   122.6 |   122.6 
       ijk-ilk-lj |  7680 |    80 |   96 | 1.00 | 1.00 |       125.2 |   125.2 |   125.2 
     ijk-ilmk-mjl |  1344 |    28 | 1344 | 1.00 | 1.00 |        92.6 |    92.6 |    92.6 
   ijkl-imjn-lnkm |  1344 |  1344 |  784 | 1.00 | 0.86 |       245.0 |   245.0 |   245.0 
   ijkl-imjn-nlmk |  1344 |   784 | 1344 | 1.00 | 0.86 |       253.0 |   253.0 |   253.0 
   ijkl-imkn-jnlm |  1344 |  1344 |  784 | 1.00 | 1.00 |       282.7 |   282.7 |   282.7 
   ijkl-imkn-njml |  1344 |   784 | 1344 | 1.00 | 0.86 |       330.5 |   330.5 |   330.5 
   ijkl-imln-jnkm |  1344 |  1344 |  784 | 1.00 | 1.00 |       311.5 |   311.5 |   311.5 
   ijkl-imln-njmk |  1344 |   784 | 1344 | 1.00 | 0.86 |       298.6 |   298.6 |   298.6 
   ijkl-imnj-nlkm |  1344 |   784 | 1344 | 1.00 | 0.86 |       289.1 |   289.1 |   289.1 
   ijkl-imnk-njml |  1344 |   784 | 1344 | 1.00 | 0.86 |       288.7 |   288.7 |   288.7 
   ijkl-minj-nlmk |  1344 |   784 | 2304 | 1.00 | 0.86 |       318.3 |   318.3 |   318.3 
   ijkl-mink-jnlm |  1344 |  1344 | 1344 | 1.00 | 1.00 |       334.6 |   334.6 |   334.6 
   ijkl-minl-njmk |  1344 |   784 | 2304 | 1.00 | 0.86 |       404.2 |   404.2 |   404.2 
     aqrs-pa-pqrs |    48 | 21952 |   48 | 1.00 | 1.00 |       157.5 |   157.5 |   157.5 
     abrs-qb-aqrs |    28 | 37632 |   48 | 1.00 | 1.00 |       112.0 |   112.0 |   112.0 
     abcs-rc-abrs |    28 | 37632 |   48 | 1.00 | 1.00 |       110.5 |   110.5 |   110.5 
       abj-bka-kj |  9216 |    80 |   96 | 1.00 | 1.00 |        86.5 |    86.5 |    86.5 
       ajb-kba-jk |  7680 |    96 |   96 | 1.00 | 1.00 |       112.9 |   112.9 |   112.9 
     abjc-cbka-kj | 64512 |    28 |   48 | 1.00 | 1.00 |        56.9 |    56.9 |    56.9 
     ajbc-ckba-jk | 64512 |    48 |   28 | 1.00 | 1.00 |        82.4 |    82.4 |    82.4 
     abjc-kbac-jk | 37632 |    48 |   48 | 1.00 | 1.00 |       122.2 |   122.2 |   122.2 
   abjcd-dkbac-jk | 82944 |    24 |   12 | 0.67 | 1.00 |        50.8 |    50.8 |    50.8 
   adbjc-cbdka-kj | 82944 |    12 |   24 | 0.67 | 1.00 |        43.7 |    43.7 |    43.7 
   ajbdc-ckbad-jk | 82944 |    24 |   12 | 1.00 | 1.00 |        47.0 |    47.0 |    47.0 
 abcijk-ijma-mkbc |  4608 |   512 |   24 | 1.00 | 1.00 |       131.5 |   131.5 |   131.5 
 abcijk-ijmb-mkac |  1536 |  1536 |   24 | 1.00 | 1.00 |       153.6 |   153.6 |   153.6 
 abcijk-ijmc-mkab |  1536 |  1536 |   24 | 1.00 | 0.50 |       157.4 |   157.4 |   157.4 
 abcijk-ikma-mjbc |  4608 |   512 |   24 | 1.00 | 1.00 |       124.9 |   124.9 |   124.9 
 abcijk-ikmb-mjac |  1536 |  1536 |   24 | 1.00 | 1.00 |       153.0 |   153.0 |   153.0 
 abcijk-ikmc-mjab |  1536 |  1536 |   24 | 1.00 | 0.50 |       155.0 |   155.0 |   155.0 
 abcijk-jkma-mibc |  4608 |   512 |   24 | 1.00 | 1.00 |       115.6 |   115.6 |   115.6 
 abcijk-jkmb-miac |  1536 |  1536 |   24 | 1.00 | 1.00 |       153.8 |   153.8 |   153.8 
 abcijk-jkmc-miab |  1536 |  1536 |   24 | 1.00 | 0.50 |       152.5 |   152.5 |   152.5 
 abcijk-eiab-jkec |  1536 |  1536 |   24 | 1.00 | 0.50 |       156.9 |   156.9 |   156.9 
 abcijk-eiac-jkeb |  1536 |  1536 |   24 | 1.00 | 1.00 |       161.4 |   161.4 |   161.4 
 abcijk-eibc-jkea |   512 |  4608 |   24 | 1.00 | 1.00 |       116.3 |   116.3 |   116.3 
 abcijk-ejab-ikec |  1536 |  1536 |   24 | 1.00 | 0.50 |       158.3 |   158.3 |   158.3 
 abcijk-ejac-ikeb |  1536 |  1536 |   24 | 1.00 | 1.00 |       156.0 |   156.0 |   156.0 
 abcijk-ejbc-ikea |   512 |  4608 |   24 | 1.00 | 1.00 |       125.1 |   125.1 |   125.1 
 abcijk-ekab-ijec |  1536 |  1536 |   24 | 1.00 | 0.50 |       154.3 |   154.3 |   154.3 
 abcijk-ekac-ijeb |  1536 |  1536 |   24 | 1.00 | 1.00 |       155.0 |   155.0 |   155.0 
 abcijk-ekbc-ijea |   512 |  4608 |   24 | 1.00 | 1.00 |       129.1 |   129.1 |   129.1 
       abc-bk-akc |    96 |  7680 |   80 | 1.00 | 1.00 |       123.6 |   123.6 |   123.6 

=== c32 ===
             case |     m |     n |    k | regA | regB | planar GF/s | 1m GF/s | 3m GF/s 
------------------+-------+-------+------+------+------+-------------+---------+---------
         ij-ik-kj |   744 |   724 |  744 | 1.00 | 1.00 |       333.6 |   387.0 |   329.0 
       ij-ikl-ljk |    96 |    80 | 7680 | 1.00 | 1.00 |        87.5 |    86.5 |    92.0 
       ij-kil-lkj |    96 |    80 | 9216 | 1.00 | 1.00 |        95.1 |    88.2 |    92.0 
       ijk-ikl-lj |  7680 |    80 |   96 | 1.00 | 1.00 |        98.6 |    99.0 |   108.0 
       ijk-il-jlk |    96 |  7680 |   80 | 1.00 | 0.96 |       126.4 |   142.3 |   171.3 
       ijk-ilk-jl |  7680 |    96 |   80 | 1.00 | 1.00 |       110.3 |    90.3 |   116.9 
       ijk-ilk-lj |  7680 |    80 |   96 | 1.00 | 1.00 |       122.2 |    99.9 |   112.3 
     ijk-ilmk-mjl |  1344 |    28 | 1344 | 1.00 | 1.00 |        67.3 |    73.8 |   112.8 
   ijkl-imjn-lnkm |  1344 |  1344 |  784 | 1.00 | 0.86 |       476.1 |   474.9 |   493.5 
   ijkl-imjn-nlmk |  1344 |   784 | 1344 | 1.00 | 0.86 |       544.5 |   456.1 |   495.3 
   ijkl-imkn-jnlm |  1344 |  1344 |  784 | 1.00 | 0.92 |       526.2 |   507.5 |   517.3 
   ijkl-imkn-njml |  1344 |   784 | 1344 | 1.00 | 0.86 |       518.8 |   571.3 |   437.5 
   ijkl-imln-jnkm |  1344 |  1344 |  784 | 1.00 | 0.92 |       621.5 |   549.3 |   498.0 
   ijkl-imln-njmk |  1344 |   784 | 1344 | 1.00 | 0.86 |       613.6 |   611.3 |   520.3 
   ijkl-imnj-nlkm |  1344 |   784 | 1344 | 1.00 | 0.86 |       475.6 |   456.8 |   407.4 
   ijkl-imnk-njml |  1344 |   784 | 1344 | 1.00 | 0.86 |       573.2 |   553.7 |   484.0 
   ijkl-minj-nlmk |  1344 |   784 | 2304 | 1.00 | 0.86 |       529.8 |   592.8 |   640.6 
   ijkl-mink-jnlm |  1344 |  1344 | 1344 | 1.00 | 0.92 |       463.5 |   605.6 |   547.5 
   ijkl-minl-njmk |  1344 |   784 | 2304 | 1.00 | 0.86 |       672.0 |   743.5 |   623.3 
     aqrs-pa-pqrs |    48 | 21952 |   48 | 1.00 | 1.00 |       126.1 |   141.0 |   146.7 
     abrs-qb-aqrs |    28 | 37632 |   48 | 1.00 | 1.00 |        79.0 |    79.7 |   107.9 
     abcs-rc-abrs |    28 | 37632 |   48 | 1.00 | 1.00 |        81.3 |    84.5 |   100.8 
       abj-bka-kj |  9216 |    80 |   96 | 1.00 | 1.00 |       131.6 |   116.2 |   113.7 
       ajb-kba-jk |  7680 |    96 |   96 | 1.00 | 1.00 |       134.3 |   133.4 |   121.1 
     abjc-cbka-kj | 64512 |    28 |   48 | 1.00 | 1.00 |        98.9 |    87.8 |    86.9 
     ajbc-ckba-jk | 64512 |    48 |   28 | 1.00 | 1.00 |       108.9 |   111.0 |   106.4 
     abjc-kbac-jk | 37632 |    48 |   48 | 1.00 | 1.00 |       132.7 |   128.5 |   136.4 
   abjcd-dkbac-jk | 82944 |    24 |   12 | 1.00 | 1.00 |        67.8 |    76.9 |    90.0 
   adbjc-cbdka-kj | 82944 |    12 |   24 | 1.00 | 1.00 |        52.3 |    48.7 |    57.4 
   ajbdc-ckbad-jk | 82944 |    24 |   12 | 1.00 | 1.00 |        69.7 |    93.3 |    95.8 
 abcijk-ijma-mkbc |  4608 |   512 |   24 | 1.00 | 0.94 |       176.5 |   179.1 |   189.1 
 abcijk-ijmb-mkac |  1536 |  1536 |   24 | 1.00 | 0.50 |       221.4 |   215.8 |   217.4 
 abcijk-ijmc-mkab |  1536 |  1536 |   24 | 1.00 | 0.50 |       219.5 |   211.4 |   223.1 
 abcijk-ikma-mjbc |  4608 |   512 |   24 | 1.00 | 0.94 |       177.6 |   175.6 |   190.5 
 abcijk-ikmb-mjac |  1536 |  1536 |   24 | 1.00 | 0.50 |       214.7 |   206.3 |   207.7 
 abcijk-ikmc-mjab |  1536 |  1536 |   24 | 1.00 | 0.50 |       215.9 |   212.7 |   223.3 
 abcijk-jkma-mibc |  4608 |   512 |   24 | 1.00 | 0.94 |       172.2 |   178.6 |   186.8 
 abcijk-jkmb-miac |  1536 |  1536 |   24 | 1.00 | 0.50 |       206.7 |   210.7 |   227.1 
 abcijk-jkmc-miab |  1536 |  1536 |   24 | 1.00 | 0.50 |       226.4 |   223.9 |   222.7 
 abcijk-eiab-jkec |  1536 |  1536 |   24 | 1.00 | 0.50 |       218.5 |   221.5 |   214.6 
 abcijk-eiac-jkeb |  1536 |  1536 |   24 | 1.00 | 0.50 |       209.7 |   198.2 |   207.3 
 abcijk-eibc-jkea |   512 |  4608 |   24 | 1.00 | 0.94 |       181.4 |   177.9 |   192.6 
 abcijk-ejab-ikec |  1536 |  1536 |   24 | 1.00 | 0.50 |       223.2 |   211.7 |   235.7 
 abcijk-ejac-ikeb |  1536 |  1536 |   24 | 1.00 | 0.50 |       210.8 |   215.9 |   207.6 
 abcijk-ejbc-ikea |   512 |  4608 |   24 | 1.00 | 0.94 |       175.3 |   174.2 |   190.7 
 abcijk-ekab-ijec |  1536 |  1536 |   24 | 1.00 | 0.50 |       224.3 |   214.5 |   224.1 
 abcijk-ekac-ijeb |  1536 |  1536 |   24 | 1.00 | 0.50 |       211.8 |   202.4 |   210.5 
 abcijk-ekbc-ijea |   512 |  4608 |   24 | 1.00 | 0.94 |       177.5 |   195.1 |   201.6 
       abc-bk-akc |    96 |  7680 |   80 | 1.00 | 1.00 |       128.1 |   105.5 |   135.4 

=== complex efficiency ratio (c32 GF/s over f32 GF/s; 1.0 = no penalty) ===
             case | planar c32/f32 | 1m c32/f32 | 3m c32/f32 
------------------+----------------+------------+------------
         ij-ik-kj |          1.957 |      2.270 |      1.930 
       ij-ikl-ljk |          1.048 |      1.035 |      1.102 
       ij-kil-lkj |          1.219 |      1.131 |      1.179 
       ijk-ikl-lj |          0.889 |      0.893 |      0.974 
       ijk-il-jlk |          0.719 |      0.809 |      0.974 
       ijk-ilk-jl |          0.899 |      0.736 |      0.953 
       ijk-ilk-lj |          0.976 |      0.797 |      0.897 
     ijk-ilmk-mjl |          0.726 |      0.797 |      1.218 
   ijkl-imjn-lnkm |          1.943 |      1.938 |      2.014 
   ijkl-imjn-nlmk |          2.152 |      1.803 |      1.958 
   ijkl-imkn-jnlm |          1.861 |      1.795 |      1.830 
   ijkl-imkn-njml |          1.570 |      1.729 |      1.324 
   ijkl-imln-jnkm |          1.995 |      1.763 |      1.599 
   ijkl-imln-njmk |          2.055 |      2.047 |      1.742 
   ijkl-imnj-nlkm |          1.645 |      1.580 |      1.409 
   ijkl-imnk-njml |          1.986 |      1.918 |      1.677 
   ijkl-minj-nlmk |          1.665 |      1.863 |      2.013 
   ijkl-mink-jnlm |          1.385 |      1.810 |      1.636 
   ijkl-minl-njmk |          1.663 |      1.839 |      1.542 
     aqrs-pa-pqrs |          0.801 |      0.895 |      0.931 
     abrs-qb-aqrs |          0.706 |      0.712 |      0.963 
     abcs-rc-abrs |          0.736 |      0.765 |      0.913 
       abj-bka-kj |          1.521 |      1.344 |      1.314 
       ajb-kba-jk |          1.190 |      1.182 |      1.073 
     abjc-cbka-kj |          1.739 |      1.545 |      1.528 
     ajbc-ckba-jk |          1.322 |      1.348 |      1.292 
     abjc-kbac-jk |          1.086 |      1.051 |      1.116 
   abjcd-dkbac-jk |          1.335 |      1.514 |      1.771 
   adbjc-cbdka-kj |          1.199 |      1.116 |      1.316 
   ajbdc-ckbad-jk |          1.485 |      1.987 |      2.039 
 abcijk-ijma-mkbc |          1.343 |      1.362 |      1.439 
 abcijk-ijmb-mkac |          1.442 |      1.405 |      1.416 
 abcijk-ijmc-mkab |          1.395 |      1.344 |      1.418 
 abcijk-ikma-mjbc |          1.422 |      1.406 |      1.524 
 abcijk-ikmb-mjac |          1.403 |      1.348 |      1.357 
 abcijk-ikmc-mjab |          1.394 |      1.372 |      1.441 
 abcijk-jkma-mibc |          1.489 |      1.545 |      1.616 
 abcijk-jkmb-miac |          1.345 |      1.370 |      1.477 
 abcijk-jkmc-miab |          1.484 |      1.468 |      1.460 
 abcijk-eiab-jkec |          1.393 |      1.411 |      1.368 
 abcijk-eiac-jkeb |          1.300 |      1.229 |      1.285 
 abcijk-eibc-jkea |          1.560 |      1.530 |      1.656 
 abcijk-ejab-ikec |          1.410 |      1.337 |      1.489 
 abcijk-ejac-ikeb |          1.352 |      1.384 |      1.331 
 abcijk-ejbc-ikea |          1.401 |      1.393 |      1.524 
 abcijk-ekab-ijec |          1.453 |      1.390 |      1.452 
 abcijk-ekac-ijeb |          1.367 |      1.306 |      1.359 
 abcijk-ekbc-ijea |          1.375 |      1.511 |      1.562 
       abc-bk-akc |          1.037 |      0.854 |      1.095 
             MEAN |          1.384 |      1.387 |      1.418 

wrote bench-results/worker5086-zen2/phase4g/sm-guard-s4-t64-f32c32.csv
