host        : worker5086
target      : x86_64 / linux
cpu features: avx2 fma 
caches      : L1=32KiB/8-way/1sh L2=512KiB/8-way/1sh L3=16384KiB/16-way/4sh (via sysfs), blocking=legacy
l3 domains  : t1=1 t4=1 t8=2 t16=4
baselines   : tblis=false blas=false

sweeping 49 cases at 0.25 MiB nominal tensor size, 96 reps, stress=none


=== f64 ===
             case |     m |    n |    k | regA | regB | planar GF/s | 1m GF/s | 3m GF/s 
------------------+-------+------+------+------+------+-------------+---------+---------
         ij-ik-kj |   192 |  180 |  192 | 1.00 | 1.00 |        52.9 |    52.9 |    52.9 
       ij-ikl-ljk |    48 |   32 | 1536 | 1.00 | 1.00 |        22.0 |    22.0 |    22.0 
       ij-kil-lkj |    48 |   32 | 2304 | 1.00 | 1.00 |        20.7 |    20.7 |    20.7 
       ijk-ikl-lj |  1536 |   32 |   48 | 1.00 | 1.00 |        23.0 |    23.0 |    23.0 
       ijk-il-jlk |    48 | 1536 |   32 | 1.00 | 1.00 |        23.1 |    23.1 |    23.1 
       ijk-ilk-jl |  1536 |   48 |   32 | 1.00 | 1.00 |        25.0 |    25.0 |    25.0 
       ijk-ilk-lj |  1536 |   32 |   48 | 1.00 | 1.00 |        24.4 |    24.4 |    24.4 
     ijk-ilmk-mjl |   288 |   12 |  288 | 1.00 | 1.00 |        19.2 |    19.2 |    19.2 
   ijkl-imjn-lnkm |   288 |  288 |  144 | 1.00 | 1.00 |        72.1 |    72.1 |    72.1 
   ijkl-imjn-nlmk |   288 |  144 |  288 | 1.00 | 1.00 |        57.2 |    57.2 |    57.2 
   ijkl-imkn-jnlm |   288 |  288 |  144 | 1.00 | 1.00 |        68.6 |    68.6 |    68.6 
   ijkl-imkn-njml |   288 |  144 |  288 | 1.00 | 1.00 |        63.2 |    63.2 |    63.2 
   ijkl-imln-jnkm |   288 |  288 |  144 | 1.00 | 1.00 |        76.7 |    76.7 |    76.7 
   ijkl-imln-njmk |   288 |  144 |  288 | 1.00 | 1.00 |        63.7 |    63.7 |    63.7 
   ijkl-imnj-nlkm |   288 |  144 |  288 | 1.00 | 1.00 |        54.4 |    54.4 |    54.4 
   ijkl-imnk-njml |   288 |  144 |  288 | 1.00 | 1.00 |        54.9 |    54.9 |    54.9 
   ijkl-minj-nlmk |   288 |  144 |  576 | 1.00 | 1.00 |        84.8 |    84.8 |    84.8 
   ijkl-mink-jnlm |   288 |  288 |  288 | 1.00 | 1.00 |       103.3 |   103.3 |   103.3 
   ijkl-minl-njmk |   288 |  144 |  576 | 1.00 | 1.00 |        99.1 |    99.1 |    99.1 
     aqrs-pa-pqrs |    24 | 1728 |   24 | 1.00 | 1.00 |        16.2 |    16.2 |    16.2 
     abrs-qb-aqrs |    12 | 3456 |   24 | 1.00 | 1.00 |        14.5 |    14.5 |    14.5 
     abcs-rc-abrs |    12 | 3456 |   24 | 1.00 | 1.00 |        14.5 |    14.5 |    14.5 
       abj-bka-kj |  2304 |   32 |   48 | 1.00 | 1.00 |        21.3 |    21.3 |    21.3 
       ajb-kba-jk |  1536 |   48 |   48 | 1.00 | 1.00 |        27.3 |    27.3 |    27.3 
     abjc-cbka-kj |  6912 |   12 |   24 | 1.00 | 1.00 |        11.1 |    11.1 |    11.1 
     ajbc-ckba-jk |  6912 |   24 |   12 | 1.00 | 1.00 |        12.3 |    12.3 |    12.3 
     abjc-kbac-jk |  3456 |   24 |   24 | 1.00 | 1.00 |        17.9 |    17.9 |    17.9 
   abjcd-dkbac-jk | 36864 |   24 |    8 | 1.00 | 1.00 |        16.0 |    16.0 |    16.0 
   adbjc-cbdka-kj | 36864 |    8 |   24 | 1.00 | 1.00 |         4.4 |     4.4 |     4.4 
   ajbdc-ckbad-jk | 36864 |   24 |    8 | 1.00 | 1.00 |        15.4 |    15.4 |    15.4 
 abcijk-ijma-mkbc |  2304 |   64 |   24 | 1.00 | 0.82 |        21.6 |    21.6 |    21.6 
 abcijk-ijmb-mkac |   384 |  384 |   24 | 1.00 | 0.00 |        25.3 |    25.3 |    25.3 
 abcijk-ijmc-mkab |   384 |  384 |   24 | 1.00 | 0.00 |        25.3 |    25.3 |    25.3 
 abcijk-ikma-mjbc |  2304 |   64 |   24 | 1.00 | 0.82 |        21.6 |    21.6 |    21.6 
 abcijk-ikmb-mjac |   384 |  384 |   24 | 1.00 | 0.00 |        25.3 |    25.3 |    25.3 
 abcijk-ikmc-mjab |   384 |  384 |   24 | 1.00 | 0.00 |        25.3 |    25.3 |    25.3 
 abcijk-jkma-mibc |  2304 |   64 |   24 | 1.00 | 0.82 |        21.6 |    21.6 |    21.6 
 abcijk-jkmb-miac |   384 |  384 |   24 | 1.00 | 0.00 |        25.3 |    25.3 |    25.3 
 abcijk-jkmc-miab |   384 |  384 |   24 | 1.00 | 0.00 |        25.2 |    25.2 |    25.2 
 abcijk-eiab-jkec |   384 |  384 |   24 | 1.00 | 0.00 |        25.2 |    25.2 |    25.2 
 abcijk-eiac-jkeb |   384 |  384 |   24 | 1.00 | 0.00 |        25.3 |    25.3 |    25.3 
 abcijk-eibc-jkea |    64 | 2304 |   24 | 1.00 | 0.82 |        21.5 |    21.5 |    21.5 
 abcijk-ejab-ikec |   384 |  384 |   24 | 1.00 | 0.00 |        25.3 |    25.3 |    25.3 
 abcijk-ejac-ikeb |   384 |  384 |   24 | 1.00 | 0.00 |        25.3 |    25.3 |    25.3 
 abcijk-ejbc-ikea |    64 | 2304 |   24 | 1.00 | 0.82 |        21.5 |    21.5 |    21.5 
 abcijk-ekab-ijec |   384 |  384 |   24 | 1.00 | 0.00 |        25.3 |    25.3 |    25.3 
 abcijk-ekac-ijeb |   384 |  384 |   24 | 1.00 | 0.00 |        25.3 |    25.3 |    25.3 
 abcijk-ekbc-ijea |    64 | 2304 |   24 | 1.00 | 0.82 |        21.5 |    21.5 |    21.5 
       abc-bk-akc |    48 | 1536 |   32 | 1.00 | 1.00 |        25.0 |    25.0 |    25.0 

=== c64 ===
             case |     m |    n |    k | regA | regB | planar GF/s | 1m GF/s | 3m GF/s 
------------------+-------+------+------+------+------+-------------+---------+---------
         ij-ik-kj |   192 |  180 |  192 | 1.00 | 1.00 |       129.2 |   121.0 |   109.3 
       ij-ikl-ljk |    48 |   32 | 1536 | 1.00 | 1.00 |        54.1 |    48.4 |    43.7 
       ij-kil-lkj |    48 |   32 | 2304 | 1.00 | 1.00 |        60.2 |    55.2 |    51.3 
       ijk-ikl-lj |  1536 |   32 |   48 | 1.00 | 1.00 |        62.5 |    60.7 |    47.9 
       ijk-il-jlk |    48 | 1536 |   32 | 1.00 | 0.92 |        45.7 |    54.1 |    37.2 
       ijk-ilk-jl |  1536 |   48 |   32 | 1.00 | 1.00 |        62.0 |    64.5 |    44.4 
       ijk-ilk-lj |  1536 |   32 |   48 | 1.00 | 1.00 |        64.0 |    61.2 |    47.6 
     ijk-ilmk-mjl |   288 |   12 |  288 | 1.00 | 1.00 |        25.3 |    25.8 |    26.4 
   ijkl-imjn-lnkm |   288 |  288 |  144 | 1.00 | 0.67 |       168.1 |   159.5 |   149.7 
   ijkl-imjn-nlmk |   288 |  144 |  288 | 1.00 | 0.69 |       147.7 |   142.3 |   133.7 
   ijkl-imkn-jnlm |   288 |  288 |  144 | 1.00 | 0.84 |       178.5 |   167.3 |   156.8 
   ijkl-imkn-njml |   288 |  144 |  288 | 1.00 | 0.69 |       154.4 |   146.3 |   141.8 
   ijkl-imln-jnkm |   288 |  288 |  144 | 1.00 | 0.84 |       175.9 |   165.4 |   156.7 
   ijkl-imln-njmk |   288 |  144 |  288 | 1.00 | 0.69 |       164.7 |   140.4 |   138.1 
   ijkl-imnj-nlkm |   288 |  144 |  288 | 1.00 | 0.69 |       144.7 |   139.4 |   139.4 
   ijkl-imnk-njml |   288 |  144 |  288 | 1.00 | 0.69 |       152.9 |   146.0 |   140.2 
   ijkl-minj-nlmk |   288 |  144 |  576 | 1.00 | 0.69 |       171.5 |   169.3 |   156.5 
   ijkl-mink-jnlm |   288 |  288 |  288 | 1.00 | 0.84 |       190.3 |   194.2 |   180.7 
   ijkl-minl-njmk |   288 |  144 |  576 | 1.00 | 0.69 |       188.7 |   178.6 |   163.4 
     aqrs-pa-pqrs |    24 | 1728 |   24 | 1.00 | 1.00 |        24.8 |    28.3 |    20.6 
     abrs-qb-aqrs |    12 | 3456 |   24 | 1.00 | 1.00 |        18.9 |    20.7 |    17.6 
     abcs-rc-abrs |    12 | 3456 |   24 | 1.00 | 1.00 |        18.9 |    20.8 |    17.6 
       abj-bka-kj |  2304 |   32 |   48 | 1.00 | 1.00 |        77.7 |    73.9 |    62.8 
       ajb-kba-jk |  1536 |   48 |   48 | 1.00 | 1.00 |        88.6 |    88.2 |    70.1 
     abjc-cbka-kj |  6912 |   12 |   24 | 1.00 | 1.00 |        27.9 |    29.2 |    15.5 
     ajbc-ckba-jk |  6912 |   24 |   12 | 1.00 | 1.00 |        29.8 |    32.3 |    13.5 
     abjc-kbac-jk |  3456 |   24 |   24 | 1.00 | 1.00 |        39.6 |    42.0 |    20.7 
   abjcd-dkbac-jk | 36864 |   24 |    8 | 1.00 | 1.00 |        57.6 |    63.2 |    47.9 
   adbjc-cbdka-kj | 36864 |    8 |   24 | 1.00 | 1.00 |        30.4 |    24.9 |    24.7 
   ajbdc-ckbad-jk | 36864 |   24 |    8 | 1.00 | 1.00 |        50.3 |    61.5 |    44.5 
 abcijk-ijma-mkbc |  2304 |   64 |   24 | 1.00 | 0.77 |        76.4 |    78.1 |    56.1 
 abcijk-ijmb-mkac |   384 |  384 |   24 | 1.00 | 0.01 |        81.7 |    84.3 |    45.5 
 abcijk-ijmc-mkab |   384 |  384 |   24 | 1.00 | 0.01 |        82.5 |    86.1 |    60.0 
 abcijk-ikma-mjbc |  2304 |   64 |   24 | 1.00 | 0.77 |        77.8 |    81.5 |    55.6 
 abcijk-ikmb-mjac |   384 |  384 |   24 | 1.00 | 0.01 |        82.0 |    84.2 |    50.2 
 abcijk-ikmc-mjab |   384 |  384 |   24 | 1.00 | 0.01 |        82.1 |    82.1 |    44.5 
 abcijk-jkma-mibc |  2304 |   64 |   24 | 1.00 | 0.77 |        77.5 |    83.0 |    55.9 
 abcijk-jkmb-miac |   384 |  384 |   24 | 1.00 | 0.01 |        74.1 |    77.7 |    56.1 
 abcijk-jkmc-miab |   384 |  384 |   24 | 1.00 | 0.01 |        69.9 |    72.1 |    48.4 
 abcijk-eiab-jkec |   384 |  384 |   24 | 1.00 | 0.01 |        74.9 |    72.3 |    46.8 
 abcijk-eiac-jkeb |   384 |  384 |   24 | 1.00 | 0.01 |        74.0 |    76.9 |    49.1 
 abcijk-eibc-jkea |    64 | 2304 |   24 | 1.00 | 0.77 |        77.9 |    80.2 |    55.6 
 abcijk-ejab-ikec |   384 |  384 |   24 | 1.00 | 0.01 |        82.2 |    85.8 |    49.7 
 abcijk-ejac-ikeb |   384 |  384 |   24 | 1.00 | 0.01 |        81.7 |    86.5 |    56.4 
 abcijk-ejbc-ikea |    64 | 2304 |   24 | 1.00 | 0.77 |        77.2 |    81.0 |    55.5 
 abcijk-ekab-ijec |   384 |  384 |   24 | 1.00 | 0.01 |        83.0 |    86.6 |    48.8 
 abcijk-ekac-ijeb |   384 |  384 |   24 | 1.00 | 0.01 |        82.3 |    85.8 |    49.2 
 abcijk-ekbc-ijea |    64 | 2304 |   24 | 1.00 | 0.77 |        77.4 |    80.1 |    56.1 
       abc-bk-akc |    48 | 1536 |   32 | 1.00 | 1.00 |        62.4 |    64.8 |    43.9 

=== complex efficiency ratio (c64 GF/s over f64 GF/s; 1.0 = no penalty) ===
             case | planar c64/f64 | 1m c64/f64 | 3m c64/f64 
------------------+----------------+------------+------------
         ij-ik-kj |          2.442 |      2.288 |      2.066 
       ij-ikl-ljk |          2.454 |      2.196 |      1.985 
       ij-kil-lkj |          2.911 |      2.668 |      2.478 
       ijk-ikl-lj |          2.713 |      2.635 |      2.080 
       ijk-il-jlk |          1.981 |      2.344 |      1.611 
       ijk-ilk-jl |          2.481 |      2.580 |      1.779 
       ijk-ilk-lj |          2.618 |      2.504 |      1.946 
     ijk-ilmk-mjl |          1.313 |      1.341 |      1.370 
   ijkl-imjn-lnkm |          2.331 |      2.211 |      2.075 
   ijkl-imjn-nlmk |          2.581 |      2.487 |      2.337 
   ijkl-imkn-jnlm |          2.603 |      2.440 |      2.287 
   ijkl-imkn-njml |          2.445 |      2.316 |      2.245 
   ijkl-imln-jnkm |          2.293 |      2.157 |      2.043 
   ijkl-imln-njmk |          2.585 |      2.203 |      2.168 
   ijkl-imnj-nlkm |          2.660 |      2.562 |      2.562 
   ijkl-imnk-njml |          2.785 |      2.658 |      2.554 
   ijkl-minj-nlmk |          2.021 |      1.995 |      1.845 
   ijkl-mink-jnlm |          1.843 |      1.880 |      1.750 
   ijkl-minl-njmk |          1.905 |      1.803 |      1.649 
     aqrs-pa-pqrs |          1.533 |      1.747 |      1.273 
     abrs-qb-aqrs |          1.303 |      1.426 |      1.216 
     abcs-rc-abrs |          1.299 |      1.430 |      1.215 
       abj-bka-kj |          3.654 |      3.478 |      2.955 
       ajb-kba-jk |          3.244 |      3.231 |      2.568 
     abjc-cbka-kj |          2.510 |      2.622 |      1.398 
     ajbc-ckba-jk |          2.420 |      2.631 |      1.097 
     abjc-kbac-jk |          2.218 |      2.347 |      1.157 
   abjcd-dkbac-jk |          3.597 |      3.944 |      2.989 
   adbjc-cbdka-kj |          6.883 |      5.651 |      5.610 
   ajbdc-ckbad-jk |          3.268 |      3.992 |      2.891 
 abcijk-ijma-mkbc |          3.534 |      3.615 |      2.597 
 abcijk-ijmb-mkac |          3.230 |      3.335 |      1.798 
 abcijk-ijmc-mkab |          3.259 |      3.399 |      2.367 
 abcijk-ikma-mjbc |          3.603 |      3.774 |      2.576 
 abcijk-ikmb-mjac |          3.245 |      3.334 |      1.988 
 abcijk-ikmc-mjab |          3.246 |      3.243 |      1.758 
 abcijk-jkma-mibc |          3.595 |      3.847 |      2.593 
 abcijk-jkmb-miac |          2.935 |      3.075 |      2.220 
 abcijk-jkmc-miab |          2.776 |      2.865 |      1.923 
 abcijk-eiab-jkec |          2.977 |      2.875 |      1.860 
 abcijk-eiac-jkeb |          2.926 |      3.043 |      1.944 
 abcijk-eibc-jkea |          3.618 |      3.727 |      2.585 
 abcijk-ejab-ikec |          3.251 |      3.392 |      1.964 
 abcijk-ejac-ikeb |          3.235 |      3.424 |      2.234 
 abcijk-ejbc-ikea |          3.581 |      3.761 |      2.578 
 abcijk-ekab-ijec |          3.277 |      3.422 |      1.928 
 abcijk-ekac-ijeb |          3.255 |      3.394 |      1.947 
 abcijk-ekbc-ijea |          3.594 |      3.720 |      2.607 
       abc-bk-akc |          2.500 |      2.594 |      1.757 
             MEAN |          2.827 |      2.849 |      2.131 

wrote bench-results/worker5086-zen2/phase4g/sm-guard-s0.25-t8-f64c64.csv
