host        : worker5086
target      : x86_64 / linux
cpu features: avx2 fma 
caches      : L1=32KiB/8-way/1sh L2=512KiB/8-way/1sh L3=16384KiB/16-way/4sh (via sysfs), blocking=legacy
l3 domains  : t1=1 t4=1 t8=2 t16=4 t32=8
baselines   : tblis=false blas=false

sweeping 49 cases at 4 MiB nominal tensor size, 6 reps, stress=none


=== f32 ===
             case |     m |     n |    k | regA | regB | planar GF/s | 1m GF/s | 3m GF/s 
------------------+-------+-------+------+------+------+-------------+---------+---------
         ij-ik-kj |   744 |   724 |  744 | 1.00 | 1.00 |       259.0 |   259.0 |   259.0 
       ij-ikl-ljk |    96 |    80 | 7680 | 1.00 | 1.00 |        86.2 |    86.2 |    86.2 
       ij-kil-lkj |    96 |    80 | 9216 | 1.00 | 1.00 |        91.0 |    91.0 |    91.0 
       ijk-ikl-lj |  7680 |    80 |   96 | 1.00 | 1.00 |       148.8 |   148.8 |   148.8 
       ijk-il-jlk |    96 |  7680 |   80 | 1.00 | 1.00 |       163.1 |   163.1 |   163.1 
       ijk-ilk-jl |  7680 |    96 |   80 | 1.00 | 1.00 |       157.7 |   157.7 |   157.7 
       ijk-ilk-lj |  7680 |    80 |   96 | 1.00 | 1.00 |       156.5 |   156.5 |   156.5 
     ijk-ilmk-mjl |  1344 |    28 | 1344 | 1.00 | 1.00 |        95.4 |    95.4 |    95.4 
   ijkl-imjn-lnkm |  1344 |  1344 |  784 | 1.00 | 0.86 |       321.2 |   321.2 |   321.2 
   ijkl-imjn-nlmk |  1344 |   784 | 1344 | 1.00 | 0.86 |       370.4 |   370.4 |   370.4 
   ijkl-imkn-jnlm |  1344 |  1344 |  784 | 1.00 | 1.00 |       425.8 |   425.8 |   425.8 
   ijkl-imkn-njml |  1344 |   784 | 1344 | 1.00 | 0.86 |       425.7 |   425.7 |   425.7 
   ijkl-imln-jnkm |  1344 |  1344 |  784 | 1.00 | 1.00 |       473.2 |   473.2 |   473.2 
   ijkl-imln-njmk |  1344 |   784 | 1344 | 1.00 | 0.86 |       435.2 |   435.2 |   435.2 
   ijkl-imnj-nlkm |  1344 |   784 | 1344 | 1.00 | 0.86 |       367.8 |   367.8 |   367.8 
   ijkl-imnk-njml |  1344 |   784 | 1344 | 1.00 | 0.86 |       410.1 |   410.1 |   410.1 
   ijkl-minj-nlmk |  1344 |   784 | 2304 | 1.00 | 0.86 |       373.6 |   373.6 |   373.6 
   ijkl-mink-jnlm |  1344 |  1344 | 1344 | 1.00 | 1.00 |       433.8 |   433.8 |   433.8 
   ijkl-minl-njmk |  1344 |   784 | 2304 | 1.00 | 0.86 |       477.9 |   477.9 |   477.9 
     aqrs-pa-pqrs |    48 | 21952 |   48 | 1.00 | 1.00 |       178.7 |   178.7 |   178.7 
     abrs-qb-aqrs |    28 | 37632 |   48 | 1.00 | 1.00 |       121.0 |   121.0 |   121.0 
     abcs-rc-abrs |    28 | 37632 |   48 | 1.00 | 1.00 |       108.4 |   108.4 |   108.4 
       abj-bka-kj |  9216 |    80 |   96 | 1.00 | 1.00 |       122.8 |   122.8 |   122.8 
       ajb-kba-jk |  7680 |    96 |   96 | 1.00 | 1.00 |       167.2 |   167.2 |   167.2 
     abjc-cbka-kj | 64512 |    28 |   48 | 1.00 | 1.00 |        74.3 |    74.3 |    74.3 
     ajbc-ckba-jk | 64512 |    48 |   28 | 1.00 | 1.00 |       122.8 |   122.8 |   122.8 
     abjc-kbac-jk | 37632 |    48 |   48 | 1.00 | 1.00 |       159.9 |   159.9 |   159.9 
   abjcd-dkbac-jk | 82944 |    24 |   12 | 0.67 | 1.00 |        52.9 |    52.9 |    52.9 
   adbjc-cbdka-kj | 82944 |    12 |   24 | 0.67 | 1.00 |        42.1 |    42.1 |    42.1 
   ajbdc-ckbad-jk | 82944 |    24 |   12 | 1.00 | 1.00 |        49.2 |    49.2 |    49.2 
 abcijk-ijma-mkbc |  4608 |   512 |   24 | 1.00 | 1.00 |       162.4 |   162.4 |   162.4 
 abcijk-ijmb-mkac |  1536 |  1536 |   24 | 1.00 | 1.00 |       206.7 |   206.7 |   206.7 
 abcijk-ijmc-mkab |  1536 |  1536 |   24 | 1.00 | 0.50 |       199.6 |   199.6 |   199.6 
 abcijk-ikma-mjbc |  4608 |   512 |   24 | 1.00 | 1.00 |       163.3 |   163.3 |   163.3 
 abcijk-ikmb-mjac |  1536 |  1536 |   24 | 1.00 | 1.00 |       205.6 |   205.6 |   205.6 
 abcijk-ikmc-mjab |  1536 |  1536 |   24 | 1.00 | 0.50 |       233.8 |   233.8 |   233.8 
 abcijk-jkma-mibc |  4608 |   512 |   24 | 1.00 | 1.00 |       150.8 |   150.8 |   150.8 
 abcijk-jkmb-miac |  1536 |  1536 |   24 | 1.00 | 1.00 |       203.0 |   203.0 |   203.0 
 abcijk-jkmc-miab |  1536 |  1536 |   24 | 1.00 | 0.50 |       215.4 |   215.4 |   215.4 
 abcijk-eiab-jkec |  1536 |  1536 |   24 | 1.00 | 0.50 |       212.3 |   212.3 |   212.3 
 abcijk-eiac-jkeb |  1536 |  1536 |   24 | 1.00 | 1.00 |       204.5 |   204.5 |   204.5 
 abcijk-eibc-jkea |   512 |  4608 |   24 | 1.00 | 1.00 |       148.5 |   148.5 |   148.5 
 abcijk-ejab-ikec |  1536 |  1536 |   24 | 1.00 | 0.50 |       218.8 |   218.8 |   218.8 
 abcijk-ejac-ikeb |  1536 |  1536 |   24 | 1.00 | 1.00 |       189.2 |   189.2 |   189.2 
 abcijk-ejbc-ikea |   512 |  4608 |   24 | 1.00 | 1.00 |       158.1 |   158.1 |   158.1 
 abcijk-ekab-ijec |  1536 |  1536 |   24 | 1.00 | 0.50 |       206.0 |   206.0 |   206.0 
 abcijk-ekac-ijeb |  1536 |  1536 |   24 | 1.00 | 1.00 |       209.6 |   209.6 |   209.6 
 abcijk-ekbc-ijea |   512 |  4608 |   24 | 1.00 | 1.00 |       161.5 |   161.5 |   161.5 
       abc-bk-akc |    96 |  7680 |   80 | 1.00 | 1.00 |       163.3 |   163.3 |   163.3 

=== c32 ===
             case |     m |     n |    k | regA | regB | planar GF/s | 1m GF/s | 3m GF/s 
------------------+-------+-------+------+------+------+-------------+---------+---------
         ij-ik-kj |   744 |   724 |  744 | 1.00 | 1.00 |       459.3 |   480.7 |   390.7 
       ij-ikl-ljk |    96 |    80 | 7680 | 1.00 | 1.00 |       297.9 |   188.8 |   310.0 
       ij-kil-lkj |    96 |    80 | 9216 | 1.00 | 1.00 |       269.1 |   196.0 |   267.4 
       ijk-ikl-lj |  7680 |    80 |   96 | 1.00 | 1.00 |       305.8 |   291.0 |   303.4 
       ijk-il-jlk |    96 |  7680 |   80 | 1.00 | 0.96 |       371.8 |   298.8 |   320.4 
       ijk-ilk-jl |  7680 |    96 |   80 | 1.00 | 1.00 |       341.7 |   354.2 |   322.6 
       ijk-ilk-lj |  7680 |    80 |   96 | 1.00 | 1.00 |       310.0 |   319.3 |   311.7 
     ijk-ilmk-mjl |  1344 |    28 | 1344 | 1.00 | 1.00 |       187.5 |   164.3 |   170.5 
   ijkl-imjn-lnkm |  1344 |  1344 |  784 | 1.00 | 0.86 |       465.5 |   469.6 |   440.1 
   ijkl-imjn-nlmk |  1344 |   784 | 1344 | 1.00 | 0.86 |       498.3 |   484.9 |   481.2 
   ijkl-imkn-jnlm |  1344 |  1344 |  784 | 1.00 | 0.92 |       598.1 |   516.0 |   440.2 
   ijkl-imkn-njml |  1344 |   784 | 1344 | 1.00 | 0.86 |       524.5 |   527.9 |   520.2 
   ijkl-imln-jnkm |  1344 |  1344 |  784 | 1.00 | 0.92 |       512.3 |   515.1 |   480.6 
   ijkl-imln-njmk |  1344 |   784 | 1344 | 1.00 | 0.86 |       519.7 |   497.3 |   467.4 
   ijkl-imnj-nlkm |  1344 |   784 | 1344 | 1.00 | 0.86 |       500.1 |   472.3 |   586.4 
   ijkl-imnk-njml |  1344 |   784 | 1344 | 1.00 | 0.86 |       525.1 |   526.1 |   634.4 
   ijkl-minj-nlmk |  1344 |   784 | 2304 | 1.00 | 0.86 |       513.4 |   518.8 |   462.1 
   ijkl-mink-jnlm |  1344 |  1344 | 1344 | 1.00 | 0.92 |       655.5 |   634.4 |   574.8 
   ijkl-minl-njmk |  1344 |   784 | 2304 | 1.00 | 0.86 |       525.3 |   495.6 |   468.3 
     aqrs-pa-pqrs |    48 | 21952 |   48 | 1.00 | 1.00 |       229.4 |   263.9 |   295.8 
     abrs-qb-aqrs |    28 | 37632 |   48 | 1.00 | 1.00 |       220.0 |   206.4 |   237.9 
     abcs-rc-abrs |    28 | 37632 |   48 | 1.00 | 1.00 |       185.5 |   245.7 |   180.0 
       abj-bka-kj |  9216 |    80 |   96 | 1.00 | 1.00 |       304.8 |   299.3 |   280.5 
       ajb-kba-jk |  7680 |    96 |   96 | 1.00 | 1.00 |       345.1 |   355.5 |   319.4 
     abjc-cbka-kj | 64512 |    28 |   48 | 1.00 | 1.00 |       126.1 |    96.2 |    91.2 
     ajbc-ckba-jk | 64512 |    48 |   28 | 1.00 | 1.00 |       191.8 |   191.1 |   204.0 
     abjc-kbac-jk | 37632 |    48 |   48 | 1.00 | 1.00 |       287.3 |   302.0 |   274.6 
   abjcd-dkbac-jk | 82944 |    24 |   12 | 1.00 | 1.00 |        98.5 |   109.1 |    96.5 
   adbjc-cbdka-kj | 82944 |    12 |   24 | 1.00 | 1.00 |        62.9 |    55.0 |    64.1 
   ajbdc-ckbad-jk | 82944 |    24 |   12 | 1.00 | 1.00 |       106.3 |    97.4 |    96.1 
 abcijk-ijma-mkbc |  4608 |   512 |   24 | 1.00 | 0.94 |       387.6 |   392.8 |   391.7 
 abcijk-ijmb-mkac |  1536 |  1536 |   24 | 1.00 | 0.50 |       482.3 |   471.6 |   413.8 
 abcijk-ijmc-mkab |  1536 |  1536 |   24 | 1.00 | 0.50 |       458.0 |   505.8 |   413.9 
 abcijk-ikma-mjbc |  4608 |   512 |   24 | 1.00 | 0.94 |       392.7 |   393.1 |   395.9 
 abcijk-ikmb-mjac |  1536 |  1536 |   24 | 1.00 | 0.50 |       437.1 |   495.2 |   409.8 
 abcijk-ikmc-mjab |  1536 |  1536 |   24 | 1.00 | 0.50 |       454.3 |   497.5 |   438.3 
 abcijk-jkma-mibc |  4608 |   512 |   24 | 1.00 | 0.94 |       391.1 |   406.5 |   389.7 
 abcijk-jkmb-miac |  1536 |  1536 |   24 | 1.00 | 0.50 |       442.9 |   493.4 |   408.2 
 abcijk-jkmc-miab |  1536 |  1536 |   24 | 1.00 | 0.50 |       476.0 |   491.3 |   430.7 
 abcijk-eiab-jkec |  1536 |  1536 |   24 | 1.00 | 0.50 |       446.6 |   494.4 |   442.7 
 abcijk-eiac-jkeb |  1536 |  1536 |   24 | 1.00 | 0.50 |       432.3 |   477.6 |   413.3 
 abcijk-eibc-jkea |   512 |  4608 |   24 | 1.00 | 0.94 |       391.2 |   399.1 |   387.7 
 abcijk-ejab-ikec |  1536 |  1536 |   24 | 1.00 | 0.50 |       475.1 |   506.6 |   432.8 
 abcijk-ejac-ikeb |  1536 |  1536 |   24 | 1.00 | 0.50 |       473.6 |   498.1 |   419.0 
 abcijk-ejbc-ikea |   512 |  4608 |   24 | 1.00 | 0.94 |       382.0 |   401.0 |   388.9 
 abcijk-ekab-ijec |  1536 |  1536 |   24 | 1.00 | 0.50 |       449.7 |   475.3 |   428.9 
 abcijk-ekac-ijeb |  1536 |  1536 |   24 | 1.00 | 0.50 |       466.5 |   486.3 |   420.6 
 abcijk-ekbc-ijea |   512 |  4608 |   24 | 1.00 | 0.94 |       367.5 |   388.7 |   390.8 
       abc-bk-akc |    96 |  7680 |   80 | 1.00 | 1.00 |       322.8 |   333.8 |   313.3 

=== complex efficiency ratio (c32 GF/s over f32 GF/s; 1.0 = no penalty) ===
             case | planar c32/f32 | 1m c32/f32 | 3m c32/f32 
------------------+----------------+------------+------------
         ij-ik-kj |          1.773 |      1.856 |      1.509 
       ij-ikl-ljk |          3.454 |      2.190 |      3.594 
       ij-kil-lkj |          2.955 |      2.153 |      2.937 
       ijk-ikl-lj |          2.055 |      1.956 |      2.039 
       ijk-il-jlk |          2.279 |      1.832 |      1.964 
       ijk-ilk-jl |          2.168 |      2.247 |      2.046 
       ijk-ilk-lj |          1.981 |      2.040 |      1.991 
     ijk-ilmk-mjl |          1.966 |      1.722 |      1.787 
   ijkl-imjn-lnkm |          1.449 |      1.462 |      1.370 
   ijkl-imjn-nlmk |          1.345 |      1.309 |      1.299 
   ijkl-imkn-jnlm |          1.405 |      1.212 |      1.034 
   ijkl-imkn-njml |          1.232 |      1.240 |      1.222 
   ijkl-imln-jnkm |          1.082 |      1.088 |      1.016 
   ijkl-imln-njmk |          1.194 |      1.143 |      1.074 
   ijkl-imnj-nlkm |          1.360 |      1.284 |      1.594 
   ijkl-imnk-njml |          1.281 |      1.283 |      1.547 
   ijkl-minj-nlmk |          1.374 |      1.388 |      1.237 
   ijkl-mink-jnlm |          1.511 |      1.463 |      1.325 
   ijkl-minl-njmk |          1.099 |      1.037 |      0.980 
     aqrs-pa-pqrs |          1.284 |      1.477 |      1.655 
     abrs-qb-aqrs |          1.819 |      1.706 |      1.967 
     abcs-rc-abrs |          1.712 |      2.268 |      1.661 
       abj-bka-kj |          2.482 |      2.437 |      2.284 
       ajb-kba-jk |          2.064 |      2.126 |      1.910 
     abjc-cbka-kj |          1.698 |      1.295 |      1.228 
     ajbc-ckba-jk |          1.562 |      1.556 |      1.661 
     abjc-kbac-jk |          1.797 |      1.889 |      1.718 
   abjcd-dkbac-jk |          1.860 |      2.062 |      1.823 
   adbjc-cbdka-kj |          1.492 |      1.304 |      1.521 
   ajbdc-ckbad-jk |          2.160 |      1.979 |      1.954 
 abcijk-ijma-mkbc |          2.387 |      2.419 |      2.412 
 abcijk-ijmb-mkac |          2.333 |      2.282 |      2.002 
 abcijk-ijmc-mkab |          2.294 |      2.534 |      2.073 
 abcijk-ikma-mjbc |          2.405 |      2.408 |      2.425 
 abcijk-ikmb-mjac |          2.126 |      2.409 |      1.993 
 abcijk-ikmc-mjab |          1.943 |      2.128 |      1.874 
 abcijk-jkma-mibc |          2.594 |      2.696 |      2.585 
 abcijk-jkmb-miac |          2.181 |      2.430 |      2.011 
 abcijk-jkmc-miab |          2.210 |      2.281 |      2.000 
 abcijk-eiab-jkec |          2.103 |      2.328 |      2.085 
 abcijk-eiac-jkeb |          2.114 |      2.335 |      2.021 
 abcijk-eibc-jkea |          2.634 |      2.687 |      2.610 
 abcijk-ejab-ikec |          2.171 |      2.315 |      1.978 
 abcijk-ejac-ikeb |          2.504 |      2.633 |      2.215 
 abcijk-ejbc-ikea |          2.416 |      2.536 |      2.460 
 abcijk-ekab-ijec |          2.183 |      2.307 |      2.082 
 abcijk-ekac-ijeb |          2.226 |      2.320 |      2.007 
 abcijk-ekbc-ijea |          2.276 |      2.407 |      2.420 
       abc-bk-akc |          1.977 |      2.044 |      1.919 
             MEAN |          1.959 |      1.949 |      1.880 

wrote bench-results/worker5086-zen2/phase4g/sm-guard-s4-t16-f32c32.csv
