host        : worker5086
target      : x86_64 / linux
cpu features: avx2 fma 
caches      : L1=32KiB/8-way/1sh L2=512KiB/8-way/1sh L3=16384KiB/16-way/4sh (via sysfs), blocking=legacy
l3 domains  : t1=1 t4=1 t8=2
baselines   : tblis=false blas=false

sweeping 49 cases at 4 MiB nominal tensor size, 6 reps, stress=none


=== f64 ===
             case |     m |     n |    k | regA | regB | planar GF/s | 1m GF/s | 3m GF/s 
------------------+-------+-------+------+------+------+-------------+---------+---------
         ij-ik-kj |   744 |   724 |  744 | 1.00 | 1.00 |       155.2 |   155.2 |   155.2 
       ij-ikl-ljk |    96 |    80 | 7680 | 1.00 | 1.00 |        82.7 |    82.7 |    82.7 
       ij-kil-lkj |    96 |    80 | 9216 | 1.00 | 1.00 |        77.0 |    77.0 |    77.0 
       ijk-ikl-lj |  7680 |    80 |   96 | 1.00 | 1.00 |       114.5 |   114.5 |   114.5 
       ijk-il-jlk |    96 |  7680 |   80 | 1.00 | 1.00 |       108.2 |   108.2 |   108.2 
       ijk-ilk-jl |  7680 |    96 |   80 | 1.00 | 1.00 |       135.8 |   135.8 |   135.8 
       ijk-ilk-lj |  7680 |    80 |   96 | 1.00 | 1.00 |       128.3 |   128.3 |   128.3 
     ijk-ilmk-mjl |  1344 |    28 | 1344 | 1.00 | 1.00 |        74.4 |    74.4 |    74.4 
   ijkl-imjn-lnkm |  1344 |  1344 |  784 | 1.00 | 0.86 |       141.0 |   141.0 |   141.0 
   ijkl-imjn-nlmk |  1344 |   784 | 1344 | 1.00 | 0.86 |       147.2 |   147.2 |   147.2 
   ijkl-imkn-jnlm |  1344 |  1344 |  784 | 1.00 | 1.00 |       141.1 |   141.1 |   141.1 
   ijkl-imkn-njml |  1344 |   784 | 1344 | 1.00 | 0.86 |       147.3 |   147.3 |   147.3 
   ijkl-imln-jnkm |  1344 |  1344 |  784 | 1.00 | 1.00 |       139.4 |   139.4 |   139.4 
   ijkl-imln-njmk |  1344 |   784 | 1344 | 1.00 | 0.86 |       145.5 |   145.5 |   145.5 
   ijkl-imnj-nlkm |  1344 |   784 | 1344 | 1.00 | 0.86 |       149.3 |   149.3 |   149.3 
   ijkl-imnk-njml |  1344 |   784 | 1344 | 1.00 | 0.86 |       147.2 |   147.2 |   147.2 
   ijkl-minj-nlmk |  1344 |   784 | 2304 | 1.00 | 0.86 |       146.4 |   146.4 |   146.4 
   ijkl-mink-jnlm |  1344 |  1344 | 1344 | 1.00 | 1.00 |       139.7 |   139.7 |   139.7 
   ijkl-minl-njmk |  1344 |   784 | 2304 | 1.00 | 0.86 |       137.6 |   137.6 |   137.6 
     aqrs-pa-pqrs |    48 | 21952 |   48 | 1.00 | 1.00 |        46.4 |    46.4 |    46.4 
     abrs-qb-aqrs |    28 | 37632 |   48 | 1.00 | 1.00 |        54.9 |    54.9 |    54.9 
     abcs-rc-abrs |    28 | 37632 |   48 | 1.00 | 1.00 |        47.1 |    47.1 |    47.1 
       abj-bka-kj |  9216 |    80 |   96 | 1.00 | 1.00 |        96.9 |    96.9 |    96.9 
       ajb-kba-jk |  7680 |    96 |   96 | 1.00 | 1.00 |       128.7 |   128.7 |   128.7 
     abjc-cbka-kj | 64512 |    28 |   48 | 1.00 | 1.00 |        22.2 |    22.2 |    22.2 
     ajbc-ckba-jk | 64512 |    48 |   28 | 1.00 | 1.00 |        42.7 |    42.7 |    42.7 
     abjc-kbac-jk | 37632 |    48 |   48 | 1.00 | 1.00 |        89.6 |    89.6 |    89.6 
   abjcd-dkbac-jk | 82944 |    24 |   12 | 1.00 | 1.00 |        32.0 |    32.0 |    32.0 
   adbjc-cbdka-kj | 82944 |    12 |   24 | 1.00 | 1.00 |        12.5 |    12.5 |    12.5 
   ajbdc-ckbad-jk | 82944 |    24 |   12 | 1.00 | 1.00 |        27.1 |    27.1 |    27.1 
 abcijk-ijma-mkbc |  4608 |   512 |   24 | 1.00 | 0.94 |        78.9 |    78.9 |    78.9 
 abcijk-ijmb-mkac |  1536 |  1536 |   24 | 1.00 | 0.50 |        72.0 |    72.0 |    72.0 
 abcijk-ijmc-mkab |  1536 |  1536 |   24 | 1.00 | 0.50 |        83.6 |    83.6 |    83.6 
 abcijk-ikma-mjbc |  4608 |   512 |   24 | 1.00 | 0.94 |        76.2 |    76.2 |    76.2 
 abcijk-ikmb-mjac |  1536 |  1536 |   24 | 1.00 | 0.50 |        76.1 |    76.1 |    76.1 
 abcijk-ikmc-mjab |  1536 |  1536 |   24 | 1.00 | 0.50 |        84.0 |    84.0 |    84.0 
 abcijk-jkma-mibc |  4608 |   512 |   24 | 1.00 | 0.94 |        79.4 |    79.4 |    79.4 
 abcijk-jkmb-miac |  1536 |  1536 |   24 | 1.00 | 0.50 |        75.6 |    75.6 |    75.6 
 abcijk-jkmc-miab |  1536 |  1536 |   24 | 1.00 | 0.50 |        83.7 |    83.7 |    83.7 
 abcijk-eiab-jkec |  1536 |  1536 |   24 | 1.00 | 0.50 |        82.9 |    82.9 |    82.9 
 abcijk-eiac-jkeb |  1536 |  1536 |   24 | 1.00 | 0.50 |        76.0 |    76.0 |    76.0 
 abcijk-eibc-jkea |   512 |  4608 |   24 | 1.00 | 0.94 |        79.2 |    79.2 |    79.2 
 abcijk-ejab-ikec |  1536 |  1536 |   24 | 1.00 | 0.50 |        84.7 |    84.7 |    84.7 
 abcijk-ejac-ikeb |  1536 |  1536 |   24 | 1.00 | 0.50 |        76.3 |    76.3 |    76.3 
 abcijk-ejbc-ikea |   512 |  4608 |   24 | 1.00 | 0.94 |        76.4 |    76.4 |    76.4 
 abcijk-ekab-ijec |  1536 |  1536 |   24 | 1.00 | 0.50 |        82.7 |    82.7 |    82.7 
 abcijk-ekac-ijeb |  1536 |  1536 |   24 | 1.00 | 0.50 |        71.8 |    71.8 |    71.8 
 abcijk-ekbc-ijea |   512 |  4608 |   24 | 1.00 | 0.94 |        79.2 |    79.2 |    79.2 
       abc-bk-akc |    96 |  7680 |   80 | 1.00 | 1.00 |       135.4 |   135.4 |   135.4 

=== c64 ===
             case |     m |     n |    k | regA | regB | planar GF/s | 1m GF/s | 3m GF/s 
------------------+-------+-------+------+------+------+-------------+---------+---------
         ij-ik-kj |   744 |   724 |  744 | 1.00 | 1.00 |       162.8 |   165.9 |   155.8 
       ij-ikl-ljk |    96 |    80 | 7680 | 1.00 | 1.00 |        99.1 |    92.5 |    90.8 
       ij-kil-lkj |    96 |    80 | 9216 | 1.00 | 1.00 |       100.2 |    95.6 |   100.7 
       ijk-ikl-lj |  7680 |    80 |   96 | 1.00 | 1.00 |        95.7 |    80.0 |    85.0 
       ijk-il-jlk |    96 |  7680 |   80 | 1.00 | 0.96 |       113.5 |   112.1 |   102.0 
       ijk-ilk-jl |  7680 |    96 |   80 | 1.00 | 1.00 |       123.8 |   128.9 |   113.6 
       ijk-ilk-lj |  7680 |    80 |   96 | 1.00 | 1.00 |       129.7 |   123.8 |   114.5 
     ijk-ilmk-mjl |  1344 |    28 | 1344 | 1.00 | 1.00 |       100.3 |   103.1 |    87.4 
   ijkl-imjn-lnkm |  1344 |  1344 |  784 | 1.00 | 0.86 |       159.4 |   167.1 |   155.4 
   ijkl-imjn-nlmk |  1344 |   784 | 1344 | 1.00 | 0.86 |       156.3 |   163.8 |   157.2 
   ijkl-imkn-jnlm |  1344 |  1344 |  784 | 1.00 | 0.92 |       156.8 |   162.5 |   151.6 
   ijkl-imkn-njml |  1344 |   784 | 1344 | 1.00 | 0.86 |       155.3 |   158.8 |   153.4 
   ijkl-imln-jnkm |  1344 |  1344 |  784 | 1.00 | 0.92 |       155.9 |   161.4 |   148.3 
   ijkl-imln-njmk |  1344 |   784 | 1344 | 1.00 | 0.86 |       155.7 |   160.2 |   153.0 
   ijkl-imnj-nlkm |  1344 |   784 | 1344 | 1.00 | 0.86 |       160.1 |   165.8 |   159.5 
   ijkl-imnk-njml |  1344 |   784 | 1344 | 1.00 | 0.86 |       156.6 |   161.1 |   154.5 
   ijkl-minj-nlmk |  1344 |   784 | 2304 | 1.00 | 0.86 |       159.4 |   165.2 |   164.7 
   ijkl-mink-jnlm |  1344 |  1344 | 1344 | 1.00 | 0.92 |       158.7 |   165.1 |   154.3 
   ijkl-minl-njmk |  1344 |   784 | 2304 | 1.00 | 0.86 |       156.7 |   156.2 |   158.5 
     aqrs-pa-pqrs |    48 | 21952 |   48 | 1.00 | 1.00 |        82.1 |    87.8 |    73.9 
     abrs-qb-aqrs |    28 | 37632 |   48 | 1.00 | 1.00 |        80.4 |    81.9 |    73.3 
     abcs-rc-abrs |    28 | 37632 |   48 | 1.00 | 1.00 |        80.5 |    80.1 |    77.4 
       abj-bka-kj |  9216 |    80 |   96 | 1.00 | 1.00 |       118.6 |   117.8 |   116.4 
       ajb-kba-jk |  7680 |    96 |   96 | 1.00 | 1.00 |       140.1 |   151.8 |   140.4 
     abjc-cbka-kj | 64512 |    28 |   48 | 1.00 | 1.00 |        44.8 |    37.6 |    42.7 
     ajbc-ckba-jk | 64512 |    48 |   28 | 1.00 | 1.00 |        65.2 |    62.0 |    60.1 
     abjc-kbac-jk | 37632 |    48 |   48 | 1.00 | 1.00 |       117.8 |   127.5 |   111.4 
   abjcd-dkbac-jk | 82944 |    24 |   12 | 1.00 | 1.00 |        35.5 |    33.9 |    31.2 
   adbjc-cbdka-kj | 82944 |    12 |   24 | 1.00 | 1.00 |        21.3 |    18.6 |    20.4 
   ajbdc-ckbad-jk | 82944 |    24 |   12 | 1.00 | 1.00 |        32.4 |    31.0 |    29.1 
 abcijk-ijma-mkbc |  4608 |   512 |   24 | 1.00 | 0.94 |        96.7 |   104.9 |    83.9 
 abcijk-ijmb-mkac |  1536 |  1536 |   24 | 1.00 | 0.50 |        92.4 |   101.8 |    78.7 
 abcijk-ijmc-mkab |  1536 |  1536 |   24 | 1.00 | 0.50 |       106.8 |   114.4 |    90.8 
 abcijk-ikma-mjbc |  4608 |   512 |   24 | 1.00 | 0.94 |        96.3 |   104.1 |    83.0 
 abcijk-ikmb-mjac |  1536 |  1536 |   24 | 1.00 | 0.50 |        94.0 |   103.9 |    80.3 
 abcijk-ikmc-mjab |  1536 |  1536 |   24 | 1.00 | 0.50 |       107.3 |   114.2 |    90.9 
 abcijk-jkma-mibc |  4608 |   512 |   24 | 1.00 | 0.94 |        96.8 |   104.7 |    84.4 
 abcijk-jkmb-miac |  1536 |  1536 |   24 | 1.00 | 0.50 |        94.7 |   104.9 |    80.5 
 abcijk-jkmc-miab |  1536 |  1536 |   24 | 1.00 | 0.50 |       106.3 |   112.9 |    90.3 
 abcijk-eiab-jkec |  1536 |  1536 |   24 | 1.00 | 0.50 |       106.7 |   112.7 |    90.0 
 abcijk-eiac-jkeb |  1536 |  1536 |   24 | 1.00 | 0.50 |        95.1 |   104.9 |    80.5 
 abcijk-eibc-jkea |   512 |  4608 |   24 | 1.00 | 0.94 |        97.1 |   104.4 |    84.2 
 abcijk-ejab-ikec |  1536 |  1536 |   24 | 1.00 | 0.50 |       107.5 |   114.4 |    90.9 
 abcijk-ejac-ikeb |  1536 |  1536 |   24 | 1.00 | 0.50 |        94.1 |   103.7 |    80.4 
 abcijk-ejbc-ikea |   512 |  4608 |   24 | 1.00 | 0.94 |        96.2 |   104.5 |    83.5 
 abcijk-ekab-ijec |  1536 |  1536 |   24 | 1.00 | 0.50 |       107.0 |   114.9 |    90.7 
 abcijk-ekac-ijeb |  1536 |  1536 |   24 | 1.00 | 0.50 |        92.3 |   101.7 |    78.0 
 abcijk-ekbc-ijea |   512 |  4608 |   24 | 1.00 | 0.94 |        96.7 |   104.9 |    83.6 
       abc-bk-akc |    96 |  7680 |   80 | 1.00 | 1.00 |       128.6 |   136.8 |   118.6 

=== complex efficiency ratio (c64 GF/s over f64 GF/s; 1.0 = no penalty) ===
             case | planar c64/f64 | 1m c64/f64 | 3m c64/f64 
------------------+----------------+------------+------------
         ij-ik-kj |          1.049 |      1.069 |      1.004 
       ij-ikl-ljk |          1.198 |      1.119 |      1.099 
       ij-kil-lkj |          1.301 |      1.241 |      1.307 
       ijk-ikl-lj |          0.836 |      0.698 |      0.743 
       ijk-il-jlk |          1.049 |      1.036 |      0.942 
       ijk-ilk-jl |          0.912 |      0.950 |      0.837 
       ijk-ilk-lj |          1.010 |      0.965 |      0.892 
     ijk-ilmk-mjl |          1.348 |      1.385 |      1.175 
   ijkl-imjn-lnkm |          1.130 |      1.185 |      1.102 
   ijkl-imjn-nlmk |          1.062 |      1.113 |      1.068 
   ijkl-imkn-jnlm |          1.111 |      1.151 |      1.074 
   ijkl-imkn-njml |          1.055 |      1.078 |      1.042 
   ijkl-imln-jnkm |          1.119 |      1.158 |      1.064 
   ijkl-imln-njmk |          1.070 |      1.101 |      1.051 
   ijkl-imnj-nlkm |          1.072 |      1.110 |      1.068 
   ijkl-imnk-njml |          1.064 |      1.094 |      1.050 
   ijkl-minj-nlmk |          1.089 |      1.128 |      1.125 
   ijkl-mink-jnlm |          1.136 |      1.182 |      1.105 
   ijkl-minl-njmk |          1.139 |      1.135 |      1.152 
     aqrs-pa-pqrs |          1.769 |      1.891 |      1.592 
     abrs-qb-aqrs |          1.465 |      1.492 |      1.335 
     abcs-rc-abrs |          1.709 |      1.699 |      1.643 
       abj-bka-kj |          1.225 |      1.216 |      1.202 
       ajb-kba-jk |          1.089 |      1.179 |      1.091 
     abjc-cbka-kj |          2.016 |      1.695 |      1.921 
     ajbc-ckba-jk |          1.526 |      1.450 |      1.407 
     abjc-kbac-jk |          1.315 |      1.424 |      1.244 
   abjcd-dkbac-jk |          1.109 |      1.059 |      0.974 
   adbjc-cbdka-kj |          1.704 |      1.486 |      1.632 
   ajbdc-ckbad-jk |          1.194 |      1.142 |      1.073 
 abcijk-ijma-mkbc |          1.226 |      1.329 |      1.063 
 abcijk-ijmb-mkac |          1.283 |      1.413 |      1.092 
 abcijk-ijmc-mkab |          1.277 |      1.368 |      1.085 
 abcijk-ikma-mjbc |          1.264 |      1.367 |      1.089 
 abcijk-ikmb-mjac |          1.235 |      1.365 |      1.056 
 abcijk-ikmc-mjab |          1.277 |      1.359 |      1.082 
 abcijk-jkma-mibc |          1.220 |      1.319 |      1.063 
 abcijk-jkmb-miac |          1.252 |      1.388 |      1.065 
 abcijk-jkmc-miab |          1.270 |      1.349 |      1.079 
 abcijk-eiab-jkec |          1.286 |      1.358 |      1.085 
 abcijk-eiac-jkeb |          1.251 |      1.381 |      1.059 
 abcijk-eibc-jkea |          1.226 |      1.318 |      1.063 
 abcijk-ejab-ikec |          1.270 |      1.351 |      1.073 
 abcijk-ejac-ikeb |          1.234 |      1.360 |      1.054 
 abcijk-ejbc-ikea |          1.260 |      1.368 |      1.093 
 abcijk-ekab-ijec |          1.294 |      1.390 |      1.098 
 abcijk-ekac-ijeb |          1.284 |      1.416 |      1.086 
 abcijk-ekbc-ijea |          1.222 |      1.325 |      1.056 
       abc-bk-akc |          0.950 |      1.011 |      0.876 
             MEAN |          1.234 |      1.269 |      1.127 

wrote bench-results/worker5086-zen2/phase4g/sm-pool-s4-t4-f64c64.csv
