host        : worker5086
target      : x86_64 / linux
cpu features: avx2 fma 
caches      : L1=32KiB/8-way/1sh L2=512KiB/8-way/1sh L3=16384KiB/16-way/4sh (via sysfs), blocking=legacy
l3 domains  : t1=1 t4=1 t8=2 t16=4 t32=8 t64=16 t128=32
baselines   : tblis=false blas=false

sweeping 49 cases at 4 MiB nominal tensor size, 6 reps, stress=none


=== f64 ===
             case |     m |     n |    k | regA | regB | planar GF/s | 1m GF/s | 3m GF/s 
------------------+-------+-------+------+------+------+-------------+---------+---------
         ij-ik-kj |   744 |   724 |  744 | 1.00 | 1.00 |       193.8 |   193.8 |   193.8 
       ij-ikl-ljk |    96 |    80 | 7680 | 1.00 | 1.00 |        64.9 |    64.9 |    64.9 
       ij-kil-lkj |    96 |    80 | 9216 | 1.00 | 1.00 |        72.5 |    72.5 |    72.5 
       ijk-ikl-lj |  7680 |    80 |   96 | 1.00 | 1.00 |       158.6 |   158.6 |   158.6 
       ijk-il-jlk |    96 |  7680 |   80 | 1.00 | 1.00 |       155.5 |   155.5 |   155.5 
       ijk-ilk-jl |  7680 |    96 |   80 | 1.00 | 1.00 |       287.1 |   287.1 |   287.1 
       ijk-ilk-lj |  7680 |    80 |   96 | 1.00 | 1.00 |       289.1 |   289.1 |   289.1 
     ijk-ilmk-mjl |  1344 |    28 | 1344 | 1.00 | 1.00 |        78.1 |    78.1 |    78.1 
   ijkl-imjn-lnkm |  1344 |  1344 |  784 | 1.00 | 0.86 |       189.9 |   189.9 |   189.9 
   ijkl-imjn-nlmk |  1344 |   784 | 1344 | 1.00 | 0.86 |       247.8 |   247.8 |   247.8 
   ijkl-imkn-jnlm |  1344 |  1344 |  784 | 1.00 | 1.00 |       299.9 |   299.9 |   299.9 
   ijkl-imkn-njml |  1344 |   784 | 1344 | 1.00 | 0.86 |       405.5 |   405.5 |   405.5 
   ijkl-imln-jnkm |  1344 |  1344 |  784 | 1.00 | 1.00 |       414.0 |   414.0 |   414.0 
   ijkl-imln-njmk |  1344 |   784 | 1344 | 1.00 | 0.86 |       384.2 |   384.2 |   384.2 
   ijkl-imnj-nlkm |  1344 |   784 | 1344 | 1.00 | 0.86 |       268.6 |   268.6 |   268.6 
   ijkl-imnk-njml |  1344 |   784 | 1344 | 1.00 | 0.86 |       283.1 |   283.1 |   283.1 
   ijkl-minj-nlmk |  1344 |   784 | 2304 | 1.00 | 0.86 |       442.3 |   442.3 |   442.3 
   ijkl-mink-jnlm |  1344 |  1344 | 1344 | 1.00 | 1.00 |       299.2 |   299.2 |   299.2 
   ijkl-minl-njmk |  1344 |   784 | 2304 | 1.00 | 0.86 |       612.1 |   612.1 |   612.1 
     aqrs-pa-pqrs |    48 | 21952 |   48 | 1.00 | 1.00 |       166.8 |   166.8 |   166.8 
     abrs-qb-aqrs |    28 | 37632 |   48 | 1.00 | 1.00 |       241.0 |   241.0 |   241.0 
     abcs-rc-abrs |    28 | 37632 |   48 | 1.00 | 1.00 |       178.2 |   178.2 |   178.2 
       abj-bka-kj |  9216 |    80 |   96 | 1.00 | 1.00 |       187.5 |   187.5 |   187.5 
       ajb-kba-jk |  7680 |    96 |   96 | 1.00 | 1.00 |       261.0 |   261.0 |   261.0 
     abjc-cbka-kj | 64512 |    28 |   48 | 1.00 | 1.00 |       106.4 |   106.4 |   106.4 
     ajbc-ckba-jk | 64512 |    48 |   28 | 1.00 | 1.00 |       158.6 |   158.6 |   158.6 
     abjc-kbac-jk | 37632 |    48 |   48 | 1.00 | 1.00 |       191.2 |   191.2 |   191.2 
   abjcd-dkbac-jk | 82944 |    24 |   12 | 1.00 | 1.00 |        70.5 |    70.5 |    70.5 
   adbjc-cbdka-kj | 82944 |    12 |   24 | 1.00 | 1.00 |        60.6 |    60.6 |    60.6 
   ajbdc-ckbad-jk | 82944 |    24 |   12 | 1.00 | 1.00 |        61.2 |    61.2 |    61.2 
 abcijk-ijma-mkbc |  4608 |   512 |   24 | 1.00 | 0.94 |       146.3 |   146.3 |   146.3 
 abcijk-ijmb-mkac |  1536 |  1536 |   24 | 1.00 | 0.50 |       374.9 |   374.9 |   374.9 
 abcijk-ijmc-mkab |  1536 |  1536 |   24 | 1.00 | 0.50 |       389.8 |   389.8 |   389.8 
 abcijk-ikma-mjbc |  4608 |   512 |   24 | 1.00 | 0.94 |       148.7 |   148.7 |   148.7 
 abcijk-ikmb-mjac |  1536 |  1536 |   24 | 1.00 | 0.50 |       406.9 |   406.9 |   406.9 
 abcijk-ikmc-mjab |  1536 |  1536 |   24 | 1.00 | 0.50 |       412.3 |   412.3 |   412.3 
 abcijk-jkma-mibc |  4608 |   512 |   24 | 1.00 | 0.94 |       160.5 |   160.5 |   160.5 
 abcijk-jkmb-miac |  1536 |  1536 |   24 | 1.00 | 0.50 |       433.1 |   433.1 |   433.1 
 abcijk-jkmc-miab |  1536 |  1536 |   24 | 1.00 | 0.50 |       432.4 |   432.4 |   432.4 
 abcijk-eiab-jkec |  1536 |  1536 |   24 | 1.00 | 0.50 |       449.5 |   449.5 |   449.5 
 abcijk-eiac-jkeb |  1536 |  1536 |   24 | 1.00 | 0.50 |       460.8 |   460.8 |   460.8 
 abcijk-eibc-jkea |   512 |  4608 |   24 | 1.00 | 0.94 |       154.6 |   154.6 |   154.6 
 abcijk-ejab-ikec |  1536 |  1536 |   24 | 1.00 | 0.50 |       419.3 |   419.3 |   419.3 
 abcijk-ejac-ikeb |  1536 |  1536 |   24 | 1.00 | 0.50 |       419.9 |   419.9 |   419.9 
 abcijk-ejbc-ikea |   512 |  4608 |   24 | 1.00 | 0.94 |       150.0 |   150.0 |   150.0 
 abcijk-ekab-ijec |  1536 |  1536 |   24 | 1.00 | 0.50 |       418.1 |   418.1 |   418.1 
 abcijk-ekac-ijeb |  1536 |  1536 |   24 | 1.00 | 0.50 |       428.7 |   428.7 |   428.7 
 abcijk-ekbc-ijea |   512 |  4608 |   24 | 1.00 | 0.94 |       182.1 |   182.1 |   182.1 
       abc-bk-akc |    96 |  7680 |   80 | 1.00 | 1.00 |       262.7 |   262.7 |   262.7 

=== c64 ===
             case |     m |     n |    k | regA | regB | planar GF/s | 1m GF/s | 3m GF/s 
------------------+-------+-------+------+------+------+-------------+---------+---------
         ij-ik-kj |   744 |   724 |  744 | 1.00 | 1.00 |       394.5 |   334.7 |   335.3 
       ij-ikl-ljk |    96 |    80 | 7680 | 1.00 | 1.00 |       101.2 |   108.5 |   102.1 
       ij-kil-lkj |    96 |    80 | 9216 | 1.00 | 1.00 |        90.2 |    83.9 |    61.0 
       ijk-ikl-lj |  7680 |    80 |   96 | 1.00 | 1.00 |       394.7 |   389.8 |   431.6 
       ijk-il-jlk |    96 |  7680 |   80 | 1.00 | 0.96 |       173.7 |   240.2 |   193.1 
       ijk-ilk-jl |  7680 |    96 |   80 | 1.00 | 1.00 |       565.9 |   555.6 |   573.0 
       ijk-ilk-lj |  7680 |    80 |   96 | 1.00 | 1.00 |       552.9 |   545.2 |   570.6 
     ijk-ilmk-mjl |  1344 |    28 | 1344 | 1.00 | 1.00 |       220.0 |   205.8 |   208.9 
   ijkl-imjn-lnkm |  1344 |  1344 |  784 | 1.00 | 0.86 |       374.8 |   429.6 |   366.5 
   ijkl-imjn-nlmk |  1344 |   784 | 1344 | 1.00 | 0.86 |       424.4 |   420.7 |   431.5 
   ijkl-imkn-jnlm |  1344 |  1344 |  784 | 1.00 | 0.92 |       535.4 |   627.0 |   660.5 
   ijkl-imkn-njml |  1344 |   784 | 1344 | 1.00 | 0.86 |       561.0 |   685.9 |   674.4 
   ijkl-imln-jnkm |  1344 |  1344 |  784 | 1.00 | 0.92 |       558.9 |   737.6 |   595.0 
   ijkl-imln-njmk |  1344 |   784 | 1344 | 1.00 | 0.86 |       507.8 |   584.8 |   521.4 
   ijkl-imnj-nlkm |  1344 |   784 | 1344 | 1.00 | 0.86 |       583.8 |   564.7 |   591.4 
   ijkl-imnk-njml |  1344 |   784 | 1344 | 1.00 | 0.86 |       625.1 |   614.3 |   599.3 
   ijkl-minj-nlmk |  1344 |   784 | 2304 | 1.00 | 0.86 |       629.0 |   621.0 |   611.9 
   ijkl-mink-jnlm |  1344 |  1344 | 1344 | 1.00 | 0.92 |       708.0 |   707.8 |   683.8 
   ijkl-minl-njmk |  1344 |   784 | 2304 | 1.00 | 0.86 |       609.3 |   747.4 |   608.4 
     aqrs-pa-pqrs |    48 | 21952 |   48 | 1.00 | 1.00 |       234.2 |   260.3 |   263.0 
     abrs-qb-aqrs |    28 | 37632 |   48 | 1.00 | 1.00 |       384.2 |   377.0 |   395.4 
     abcs-rc-abrs |    28 | 37632 |   48 | 1.00 | 1.00 |       450.6 |   455.5 |   446.1 
       abj-bka-kj |  9216 |    80 |   96 | 1.00 | 1.00 |       372.5 |   374.9 |   421.4 
       ajb-kba-jk |  7680 |    96 |   96 | 1.00 | 1.00 |       587.5 |   583.0 |   543.8 
     abjc-cbka-kj | 64512 |    28 |   48 | 1.00 | 1.00 |       172.2 |   182.8 |   177.2 
     ajbc-ckba-jk | 64512 |    48 |   28 | 1.00 | 1.00 |       337.2 |   350.0 |   348.7 
     abjc-kbac-jk | 37632 |    48 |   48 | 1.00 | 1.00 |       474.5 |   507.3 |   498.0 
   abjcd-dkbac-jk | 82944 |    24 |   12 | 1.00 | 1.00 |       137.4 |   147.9 |   131.8 
   adbjc-cbdka-kj | 82944 |    12 |   24 | 1.00 | 1.00 |       135.0 |   149.4 |   146.5 
   ajbdc-ckbad-jk | 82944 |    24 |   12 | 1.00 | 1.00 |       149.8 |   143.2 |   135.4 
 abcijk-ijma-mkbc |  4608 |   512 |   24 | 1.00 | 0.94 |       367.7 |   294.2 |   366.4 
 abcijk-ijmb-mkac |  1536 |  1536 |   24 | 1.00 | 0.50 |       529.6 |   545.2 |   479.5 
 abcijk-ijmc-mkab |  1536 |  1536 |   24 | 1.00 | 0.50 |       625.5 |   591.8 |   532.4 
 abcijk-ikma-mjbc |  4608 |   512 |   24 | 1.00 | 0.94 |       365.0 |   286.0 |   374.6 
 abcijk-ikmb-mjac |  1536 |  1536 |   24 | 1.00 | 0.50 |       488.8 |   560.0 |   497.5 
 abcijk-ikmc-mjab |  1536 |  1536 |   24 | 1.00 | 0.50 |       634.7 |   588.0 |   519.3 
 abcijk-jkma-mibc |  4608 |   512 |   24 | 1.00 | 0.94 |       340.9 |   283.8 |   376.5 
 abcijk-jkmb-miac |  1536 |  1536 |   24 | 1.00 | 0.50 |       491.1 |   548.8 |   546.3 
 abcijk-jkmc-miab |  1536 |  1536 |   24 | 1.00 | 0.50 |       646.5 |   686.3 |   588.5 
 abcijk-eiab-jkec |  1536 |  1536 |   24 | 1.00 | 0.50 |       663.5 |   708.5 |   581.6 
 abcijk-eiac-jkeb |  1536 |  1536 |   24 | 1.00 | 0.50 |       497.4 |   549.0 |   574.5 
 abcijk-eibc-jkea |   512 |  4608 |   24 | 1.00 | 0.94 |       347.3 |   283.0 |   368.3 
 abcijk-ejab-ikec |  1536 |  1536 |   24 | 1.00 | 0.50 |       632.6 |   605.0 |   478.6 
 abcijk-ejac-ikeb |  1536 |  1536 |   24 | 1.00 | 0.50 |       495.4 |   537.9 |   522.5 
 abcijk-ejbc-ikea |   512 |  4608 |   24 | 1.00 | 0.94 |       376.1 |   288.5 |   378.2 
 abcijk-ekab-ijec |  1536 |  1536 |   24 | 1.00 | 0.50 |       636.7 |   620.3 |   538.0 
 abcijk-ekac-ijeb |  1536 |  1536 |   24 | 1.00 | 0.50 |       544.6 |   559.9 |   531.7 
 abcijk-ekbc-ijea |   512 |  4608 |   24 | 1.00 | 0.94 |       393.0 |   314.2 |   356.3 
       abc-bk-akc |    96 |  7680 |   80 | 1.00 | 1.00 |       624.4 |   588.5 |   564.8 

=== complex efficiency ratio (c64 GF/s over f64 GF/s; 1.0 = no penalty) ===
             case | planar c64/f64 | 1m c64/f64 | 3m c64/f64 
------------------+----------------+------------+------------
         ij-ik-kj |          2.036 |      1.727 |      1.730 
       ij-ikl-ljk |          1.561 |      1.673 |      1.574 
       ij-kil-lkj |          1.244 |      1.157 |      0.840 
       ijk-ikl-lj |          2.488 |      2.457 |      2.721 
       ijk-il-jlk |          1.117 |      1.545 |      1.242 
       ijk-ilk-jl |          1.971 |      1.935 |      1.996 
       ijk-ilk-lj |          1.913 |      1.886 |      1.974 
     ijk-ilmk-mjl |          2.818 |      2.637 |      2.675 
   ijkl-imjn-lnkm |          1.974 |      2.262 |      1.930 
   ijkl-imjn-nlmk |          1.713 |      1.698 |      1.741 
   ijkl-imkn-jnlm |          1.785 |      2.091 |      2.203 
   ijkl-imkn-njml |          1.384 |      1.691 |      1.663 
   ijkl-imln-jnkm |          1.350 |      1.782 |      1.437 
   ijkl-imln-njmk |          1.322 |      1.522 |      1.357 
   ijkl-imnj-nlkm |          2.174 |      2.103 |      2.202 
   ijkl-imnk-njml |          2.208 |      2.170 |      2.117 
   ijkl-minj-nlmk |          1.422 |      1.404 |      1.384 
   ijkl-mink-jnlm |          2.366 |      2.366 |      2.285 
   ijkl-minl-njmk |          0.995 |      1.221 |      0.994 
     aqrs-pa-pqrs |          1.404 |      1.560 |      1.577 
     abrs-qb-aqrs |          1.594 |      1.564 |      1.641 
     abcs-rc-abrs |          2.529 |      2.557 |      2.504 
       abj-bka-kj |          1.986 |      1.999 |      2.247 
       ajb-kba-jk |          2.251 |      2.233 |      2.083 
     abjc-cbka-kj |          1.619 |      1.718 |      1.666 
     ajbc-ckba-jk |          2.126 |      2.207 |      2.198 
     abjc-kbac-jk |          2.481 |      2.653 |      2.604 
   abjcd-dkbac-jk |          1.950 |      2.099 |      1.871 
   adbjc-cbdka-kj |          2.226 |      2.465 |      2.416 
   ajbdc-ckbad-jk |          2.449 |      2.339 |      2.212 
 abcijk-ijma-mkbc |          2.513 |      2.011 |      2.504 
 abcijk-ijmb-mkac |          1.413 |      1.454 |      1.279 
 abcijk-ijmc-mkab |          1.605 |      1.518 |      1.366 
 abcijk-ikma-mjbc |          2.454 |      1.923 |      2.519 
 abcijk-ikmb-mjac |          1.201 |      1.376 |      1.222 
 abcijk-ikmc-mjab |          1.540 |      1.426 |      1.260 
 abcijk-jkma-mibc |          2.124 |      1.768 |      2.346 
 abcijk-jkmb-miac |          1.134 |      1.267 |      1.261 
 abcijk-jkmc-miab |          1.495 |      1.587 |      1.361 
 abcijk-eiab-jkec |          1.476 |      1.576 |      1.294 
 abcijk-eiac-jkeb |          1.079 |      1.191 |      1.247 
 abcijk-eibc-jkea |          2.246 |      1.830 |      2.382 
 abcijk-ejab-ikec |          1.509 |      1.443 |      1.141 
 abcijk-ejac-ikeb |          1.180 |      1.281 |      1.244 
 abcijk-ejbc-ikea |          2.507 |      1.923 |      2.521 
 abcijk-ekab-ijec |          1.523 |      1.483 |      1.287 
 abcijk-ekac-ijeb |          1.270 |      1.306 |      1.240 
 abcijk-ekbc-ijea |          2.158 |      1.725 |      1.956 
       abc-bk-akc |          2.377 |      2.240 |      2.150 
             MEAN |          1.822 |      1.817 |      1.809 

wrote bench-results/worker5086-zen2/phase4g/sm-pool-s4-t64-f64c64.csv
