host        : worker5086
target      : x86_64 / linux
cpu features: avx2 fma 
caches      : L1=32KiB/8-way/1sh L2=512KiB/8-way/1sh L3=16384KiB/16-way/4sh (via sysfs), blocking=legacy
l3 domains  : t1=1 t4=1 t8=2 t16=4 t32=8 t64=16
baselines   : tblis=false blas=false

sweeping 49 cases at 0.25 MiB nominal tensor size, 96 reps, stress=none


=== f32 ===
             case |     m |    n |    k | regA | regB | planar GF/s | 1m GF/s | 3m GF/s 
------------------+-------+------+------+------+------+-------------+---------+---------
         ij-ik-kj |   192 |  180 |  192 | 1.00 | 1.00 |       140.0 |   140.0 |   140.0 
       ij-ikl-ljk |    48 |   32 | 1536 | 1.00 | 1.00 |        40.3 |    40.3 |    40.3 
       ij-kil-lkj |    48 |   32 | 2304 | 1.00 | 1.00 |        38.8 |    38.8 |    38.8 
       ijk-ikl-lj |  1536 |   32 |   48 | 1.00 | 1.00 |        37.4 |    37.4 |    37.4 
       ijk-il-jlk |    48 | 1536 |   32 | 1.00 | 1.00 |        64.4 |    64.4 |    64.4 
       ijk-ilk-jl |  1536 |   48 |   32 | 1.00 | 1.00 |        36.1 |    36.1 |    36.1 
       ijk-ilk-lj |  1536 |   32 |   48 | 1.00 | 1.00 |        42.3 |    42.3 |    42.3 
     ijk-ilmk-mjl |   288 |   12 |  288 | 0.67 | 1.00 |        28.3 |    28.3 |    28.3 
   ijkl-imjn-lnkm |   288 |  288 |  144 | 0.67 | 1.00 |       263.1 |   263.1 |   263.1 
   ijkl-imjn-nlmk |   288 |  144 |  288 | 0.67 | 1.00 |       251.3 |   251.3 |   251.3 
   ijkl-imkn-jnlm |   288 |  288 |  144 | 0.67 | 1.00 |       257.5 |   257.5 |   257.5 
   ijkl-imkn-njml |   288 |  144 |  288 | 0.67 | 1.00 |       229.9 |   229.9 |   229.9 
   ijkl-imln-jnkm |   288 |  288 |  144 | 0.67 | 1.00 |       272.8 |   272.8 |   272.8 
   ijkl-imln-njmk |   288 |  144 |  288 | 0.67 | 1.00 |       234.1 |   234.1 |   234.1 
   ijkl-imnj-nlkm |   288 |  144 |  288 | 0.67 | 1.00 |       247.7 |   247.7 |   247.7 
   ijkl-imnk-njml |   288 |  144 |  288 | 0.67 | 1.00 |       233.5 |   233.5 |   233.5 
   ijkl-minj-nlmk |   288 |  144 |  576 | 0.67 | 1.00 |       301.8 |   301.8 |   301.8 
   ijkl-mink-jnlm |   288 |  288 |  288 | 0.67 | 1.00 |       345.3 |   345.3 |   345.3 
   ijkl-minl-njmk |   288 |  144 |  576 | 0.67 | 1.00 |       318.2 |   318.2 |   318.2 
     aqrs-pa-pqrs |    24 | 1728 |   24 | 1.00 | 1.00 |        35.3 |    35.3 |    35.3 
     abrs-qb-aqrs |    12 | 3456 |   24 | 1.00 | 1.00 |        18.8 |    18.8 |    18.8 
     abcs-rc-abrs |    12 | 3456 |   24 | 1.00 | 1.00 |        17.1 |    17.1 |    17.1 
       abj-bka-kj |  2304 |   32 |   48 | 1.00 | 1.00 |        60.5 |    60.5 |    60.5 
       ajb-kba-jk |  1536 |   48 |   48 | 1.00 | 1.00 |        61.3 |    61.3 |    61.3 
     abjc-cbka-kj |  6912 |   12 |   24 | 0.67 | 1.00 |        30.7 |    30.7 |    30.7 
     ajbc-ckba-jk |  6912 |   24 |   12 | 1.00 | 1.00 |        30.6 |    30.6 |    30.6 
     abjc-kbac-jk |  3456 |   24 |   24 | 0.67 | 1.00 |        32.6 |    32.6 |    32.6 
   abjcd-dkbac-jk | 36864 |   24 |    8 | 0.67 | 1.00 |        59.6 |    59.6 |    59.6 
   adbjc-cbdka-kj | 36864 |    8 |   24 | 0.67 | 1.00 |        51.0 |    51.0 |    51.0 
   ajbdc-ckbad-jk | 36864 |   24 |    8 | 1.00 | 1.00 |        56.7 |    56.7 |    56.7 
 abcijk-ijma-mkbc |  2304 |   64 |   24 | 1.00 | 1.00 |        58.7 |    58.7 |    58.7 
 abcijk-ijmb-mkac |   384 |  384 |   24 | 1.00 | 1.00 |        72.1 |    72.1 |    72.1 
 abcijk-ijmc-mkab |   384 |  384 |   24 | 1.00 | 0.00 |        98.9 |    98.9 |    98.9 
 abcijk-ikma-mjbc |  2304 |   64 |   24 | 1.00 | 1.00 |        57.7 |    57.7 |    57.7 
 abcijk-ikmb-mjac |   384 |  384 |   24 | 1.00 | 1.00 |        75.0 |    75.0 |    75.0 
 abcijk-ikmc-mjab |   384 |  384 |   24 | 1.00 | 0.00 |        87.2 |    87.2 |    87.2 
 abcijk-jkma-mibc |  2304 |   64 |   24 | 1.00 | 1.00 |        58.2 |    58.2 |    58.2 
 abcijk-jkmb-miac |   384 |  384 |   24 | 1.00 | 1.00 |        74.3 |    74.3 |    74.3 
 abcijk-jkmc-miab |   384 |  384 |   24 | 1.00 | 0.00 |        84.2 |    84.2 |    84.2 
 abcijk-eiab-jkec |   384 |  384 |   24 | 1.00 | 0.00 |        86.5 |    86.5 |    86.5 
 abcijk-eiac-jkeb |   384 |  384 |   24 | 1.00 | 1.00 |        73.8 |    73.8 |    73.8 
 abcijk-eibc-jkea |    64 | 2304 |   24 | 1.00 | 1.00 |        57.6 |    57.6 |    57.6 
 abcijk-ejab-ikec |   384 |  384 |   24 | 1.00 | 0.00 |        99.0 |    99.0 |    99.0 
 abcijk-ejac-ikeb |   384 |  384 |   24 | 1.00 | 1.00 |        75.0 |    75.0 |    75.0 
 abcijk-ejbc-ikea |    64 | 2304 |   24 | 1.00 | 1.00 |        58.6 |    58.6 |    58.6 
 abcijk-ekab-ijec |   384 |  384 |   24 | 1.00 | 0.00 |        98.9 |    98.9 |    98.9 
 abcijk-ekac-ijeb |   384 |  384 |   24 | 1.00 | 1.00 |        73.5 |    73.5 |    73.5 
 abcijk-ekbc-ijea |    64 | 2304 |   24 | 1.00 | 1.00 |        60.2 |    60.2 |    60.2 
       abc-bk-akc |    48 | 1536 |   32 | 1.00 | 1.00 |        41.7 |    41.7 |    41.7 

=== c32 ===
             case |     m |    n |    k | regA | regB | planar GF/s | 1m GF/s | 3m GF/s 
------------------+-------+------+------+------+------+-------------+---------+---------
         ij-ik-kj |   192 |  180 |  192 | 1.00 | 1.00 |       370.6 |   342.8 |   326.6 
       ij-ikl-ljk |    48 |   32 | 1536 | 1.00 | 1.00 |       101.0 |    94.6 |    99.6 
       ij-kil-lkj |    48 |   32 | 2304 | 1.00 | 1.00 |       105.8 |   107.1 |   112.9 
       ijk-ikl-lj |  1536 |   32 |   48 | 1.00 | 1.00 |       131.3 |   128.9 |   124.4 
       ijk-il-jlk |    48 | 1536 |   32 | 1.00 | 0.92 |       152.7 |   212.2 |   170.1 
       ijk-ilk-jl |  1536 |   48 |   32 | 1.00 | 1.00 |       150.3 |   150.3 |   149.3 
       ijk-ilk-lj |  1536 |   32 |   48 | 1.00 | 1.00 |       149.5 |   154.5 |   153.7 
     ijk-ilmk-mjl |   288 |   12 |  288 | 1.00 | 1.00 |        66.3 |    63.0 |    62.4 
   ijkl-imjn-lnkm |   288 |  288 |  144 | 1.00 | 0.67 |       460.4 |   466.1 |   415.8 
   ijkl-imjn-nlmk |   288 |  144 |  288 | 1.00 | 0.69 |       454.9 |   453.3 |   369.3 
   ijkl-imkn-jnlm |   288 |  288 |  144 | 1.00 | 0.84 |       438.9 |   443.7 |   414.7 
   ijkl-imkn-njml |   288 |  144 |  288 | 1.00 | 0.69 |       420.7 |   437.6 |   370.3 
   ijkl-imln-jnkm |   288 |  288 |  144 | 1.00 | 0.84 |       467.8 |   462.5 |   428.0 
   ijkl-imln-njmk |   288 |  144 |  288 | 1.00 | 0.69 |       466.0 |   470.5 |   380.6 
   ijkl-imnj-nlkm |   288 |  144 |  288 | 1.00 | 0.69 |       453.9 |   451.8 |   377.1 
   ijkl-imnk-njml |   288 |  144 |  288 | 1.00 | 0.69 |       428.4 |   424.7 |   370.1 
   ijkl-minj-nlmk |   288 |  144 |  576 | 1.00 | 0.69 |       506.1 |   496.6 |   413.4 
   ijkl-mink-jnlm |   288 |  288 |  288 | 1.00 | 0.84 |       720.1 |   720.6 |   610.1 
   ijkl-minl-njmk |   288 |  144 |  576 | 1.00 | 0.69 |       555.8 |   495.1 |   489.0 
     aqrs-pa-pqrs |    24 | 1728 |   24 | 1.00 | 1.00 |       103.9 |   105.1 |    84.4 
     abrs-qb-aqrs |    12 | 3456 |   24 | 1.00 | 1.00 |        69.1 |    68.9 |    69.2 
     abcs-rc-abrs |    12 | 3456 |   24 | 1.00 | 1.00 |        66.1 |    64.7 |    67.4 
       abj-bka-kj |  2304 |   32 |   48 | 1.00 | 1.00 |       190.7 |   177.2 |   189.0 
       ajb-kba-jk |  1536 |   48 |   48 | 1.00 | 1.00 |       219.8 |   212.9 |   217.1 
     abjc-cbka-kj |  6912 |   12 |   24 | 1.00 | 1.00 |       102.2 |   102.0 |   103.2 
     ajbc-ckba-jk |  6912 |   24 |   12 | 1.00 | 1.00 |       107.3 |   109.1 |   104.3 
     abjc-kbac-jk |  3456 |   24 |   24 | 1.00 | 1.00 |       110.6 |   111.1 |   103.5 
   abjcd-dkbac-jk | 36864 |   24 |    8 | 1.00 | 1.00 |       180.4 |   188.4 |   177.6 
   adbjc-cbdka-kj | 36864 |    8 |   24 | 1.00 | 1.00 |       134.1 |   149.8 |   148.1 
   ajbdc-ckbad-jk | 36864 |   24 |    8 | 1.00 | 1.00 |       178.7 |   184.0 |   178.5 
 abcijk-ijma-mkbc |  2304 |   64 |   24 | 1.00 | 0.77 |       203.2 |   203.3 |   199.7 
 abcijk-ijmb-mkac |   384 |  384 |   24 | 1.00 | 0.01 |       364.9 |   368.2 |   365.7 
 abcijk-ijmc-mkab |   384 |  384 |   24 | 1.00 | 0.01 |       376.9 |   361.3 |   367.6 
 abcijk-ikma-mjbc |  2304 |   64 |   24 | 1.00 | 0.77 |       198.5 |   202.4 |   195.2 
 abcijk-ikmb-mjac |   384 |  384 |   24 | 1.00 | 0.01 |       337.4 |   347.3 |   344.5 
 abcijk-ikmc-mjab |   384 |  384 |   24 | 1.00 | 0.01 |       357.7 |   353.0 |   364.7 
 abcijk-jkma-mibc |  2304 |   64 |   24 | 1.00 | 0.77 |       209.5 |   202.4 |   206.9 
 abcijk-jkmb-miac |   384 |  384 |   24 | 1.00 | 0.01 |       373.2 |   372.3 |   373.0 
 abcijk-jkmc-miab |   384 |  384 |   24 | 1.00 | 0.01 |       373.1 |   392.0 |   385.2 
 abcijk-eiab-jkec |   384 |  384 |   24 | 1.00 | 0.01 |       362.8 |   359.7 |   361.7 
 abcijk-eiac-jkeb |   384 |  384 |   24 | 1.00 | 0.01 |       364.7 |   364.0 |   370.3 
 abcijk-eibc-jkea |    64 | 2304 |   24 | 1.00 | 0.77 |       210.9 |   209.7 |   210.1 
 abcijk-ejab-ikec |   384 |  384 |   24 | 1.00 | 0.01 |       355.3 |   357.7 |   355.4 
 abcijk-ejac-ikeb |   384 |  384 |   24 | 1.00 | 0.01 |       356.0 |   352.3 |   356.8 
 abcijk-ejbc-ikea |    64 | 2304 |   24 | 1.00 | 0.77 |       204.4 |   206.1 |   202.9 
 abcijk-ekab-ijec |   384 |  384 |   24 | 1.00 | 0.01 |       354.7 |   350.8 |   363.2 
 abcijk-ekac-ijeb |   384 |  384 |   24 | 1.00 | 0.01 |       359.7 |   354.3 |   359.3 
 abcijk-ekbc-ijea |    64 | 2304 |   24 | 1.00 | 0.77 |       207.7 |   199.9 |   212.4 
       abc-bk-akc |    48 | 1536 |   32 | 1.00 | 1.00 |       150.2 |   150.1 |   153.9 

=== complex efficiency ratio (c32 GF/s over f32 GF/s; 1.0 = no penalty) ===
             case | planar c32/f32 | 1m c32/f32 | 3m c32/f32 
------------------+----------------+------------+------------
         ij-ik-kj |          2.648 |      2.449 |      2.334 
       ij-ikl-ljk |          2.508 |      2.347 |      2.473 
       ij-kil-lkj |          2.729 |      2.762 |      2.913 
       ijk-ikl-lj |          3.513 |      3.449 |      3.329 
       ijk-il-jlk |          2.372 |      3.296 |      2.641 
       ijk-ilk-jl |          4.159 |      4.159 |      4.131 
       ijk-ilk-lj |          3.538 |      3.656 |      3.637 
     ijk-ilmk-mjl |          2.345 |      2.231 |      2.208 
   ijkl-imjn-lnkm |          1.750 |      1.771 |      1.580 
   ijkl-imjn-nlmk |          1.810 |      1.803 |      1.469 
   ijkl-imkn-jnlm |          1.705 |      1.723 |      1.611 
   ijkl-imkn-njml |          1.830 |      1.903 |      1.611 
   ijkl-imln-jnkm |          1.715 |      1.695 |      1.569 
   ijkl-imln-njmk |          1.991 |      2.010 |      1.626 
   ijkl-imnj-nlkm |          1.832 |      1.824 |      1.522 
   ijkl-imnk-njml |          1.835 |      1.819 |      1.585 
   ijkl-minj-nlmk |          1.677 |      1.645 |      1.370 
   ijkl-mink-jnlm |          2.085 |      2.087 |      1.767 
   ijkl-minl-njmk |          1.747 |      1.556 |      1.537 
     aqrs-pa-pqrs |          2.944 |      2.978 |      2.392 
     abrs-qb-aqrs |          3.683 |      3.673 |      3.688 
     abcs-rc-abrs |          3.875 |      3.794 |      3.955 
       abj-bka-kj |          3.150 |      2.928 |      3.121 
       ajb-kba-jk |          3.586 |      3.474 |      3.542 
     abjc-cbka-kj |          3.326 |      3.318 |      3.359 
     ajbc-ckba-jk |          3.510 |      3.569 |      3.411 
     abjc-kbac-jk |          3.392 |      3.410 |      3.174 
   abjcd-dkbac-jk |          3.027 |      3.160 |      2.980 
   adbjc-cbdka-kj |          2.629 |      2.937 |      2.904 
   ajbdc-ckbad-jk |          3.154 |      3.246 |      3.151 
 abcijk-ijma-mkbc |          3.462 |      3.463 |      3.402 
 abcijk-ijmb-mkac |          5.063 |      5.110 |      5.075 
 abcijk-ijmc-mkab |          3.812 |      3.653 |      3.717 
 abcijk-ikma-mjbc |          3.441 |      3.509 |      3.385 
 abcijk-ikmb-mjac |          4.497 |      4.629 |      4.592 
 abcijk-ikmc-mjab |          4.101 |      4.047 |      4.181 
 abcijk-jkma-mibc |          3.602 |      3.481 |      3.557 
 abcijk-jkmb-miac |          5.021 |      5.009 |      5.018 
 abcijk-jkmc-miab |          4.429 |      4.654 |      4.573 
 abcijk-eiab-jkec |          4.194 |      4.158 |      4.181 
 abcijk-eiac-jkeb |          4.943 |      4.934 |      5.020 
 abcijk-eibc-jkea |          3.665 |      3.644 |      3.651 
 abcijk-ejab-ikec |          3.589 |      3.614 |      3.590 
 abcijk-ejac-ikeb |          4.749 |      4.700 |      4.760 
 abcijk-ejbc-ikea |          3.488 |      3.517 |      3.462 
 abcijk-ekab-ijec |          3.588 |      3.548 |      3.674 
 abcijk-ekac-ijeb |          4.892 |      4.818 |      4.887 
 abcijk-ekbc-ijea |          3.452 |      3.322 |      3.529 
       abc-bk-akc |          3.604 |      3.602 |      3.694 
             MEAN |          3.217 |      3.226 |      3.154 

wrote bench-results/worker5086-zen2/phase4g/sm-pool-s0.25-t32-f32c32.csv
