host        : worker5086
target      : x86_64 / linux
cpu features: avx2 fma 
caches      : L1=32KiB/8-way/1sh L2=512KiB/8-way/1sh L3=16384KiB/16-way/4sh (via sysfs), blocking=legacy
l3 domains  : t1=1
baselines   : tblis=false blas=false

sweeping 49 cases at 0.25 MiB nominal tensor size, 96 reps, stress=none


=== f32 ===
             case |     m |    n |    k | regA | regB | planar GF/s | 1m GF/s | 3m GF/s 
------------------+-------+------+------+------+------+-------------+---------+---------
         ij-ik-kj |   192 |  180 |  192 | 1.00 | 1.00 |        62.3 |    62.3 |    62.3 
       ij-ikl-ljk |    48 |   32 | 1536 | 1.00 | 1.00 |        35.1 |    35.1 |    35.1 
       ij-kil-lkj |    48 |   32 | 2304 | 1.00 | 1.00 |        30.7 |    30.7 |    30.7 
       ijk-ikl-lj |  1536 |   32 |   48 | 1.00 | 1.00 |        47.9 |    47.9 |    47.9 
       ijk-il-jlk |    48 | 1536 |   32 | 1.00 | 1.00 |        37.7 |    37.7 |    37.7 
       ijk-ilk-jl |  1536 |   48 |   32 | 1.00 | 1.00 |        49.5 |    49.5 |    49.5 
       ijk-ilk-lj |  1536 |   32 |   48 | 1.00 | 1.00 |        48.1 |    48.1 |    48.1 
     ijk-ilmk-mjl |   288 |   12 |  288 | 0.67 | 1.00 |        34.4 |    34.4 |    34.4 
   ijkl-imjn-lnkm |   288 |  288 |  144 | 0.67 | 1.00 |        73.3 |    73.3 |    73.3 
   ijkl-imjn-nlmk |   288 |  144 |  288 | 0.67 | 1.00 |        73.6 |    73.6 |    73.6 
   ijkl-imkn-jnlm |   288 |  288 |  144 | 0.67 | 1.00 |        73.4 |    73.4 |    73.4 
   ijkl-imkn-njml |   288 |  144 |  288 | 0.67 | 1.00 |        71.7 |    71.7 |    71.7 
   ijkl-imln-jnkm |   288 |  288 |  144 | 0.67 | 1.00 |        73.3 |    73.3 |    73.3 
   ijkl-imln-njmk |   288 |  144 |  288 | 0.67 | 1.00 |        71.7 |    71.7 |    71.7 
   ijkl-imnj-nlkm |   288 |  144 |  288 | 0.67 | 1.00 |        73.5 |    73.5 |    73.5 
   ijkl-imnk-njml |   288 |  144 |  288 | 0.67 | 1.00 |        72.2 |    72.2 |    72.2 
   ijkl-minj-nlmk |   288 |  144 |  576 | 0.67 | 1.00 |        67.7 |    67.7 |    67.7 
   ijkl-mink-jnlm |   288 |  288 |  288 | 0.67 | 1.00 |        76.4 |    76.4 |    76.4 
   ijkl-minl-njmk |   288 |  144 |  576 | 0.67 | 1.00 |        66.8 |    66.8 |    66.8 
     aqrs-pa-pqrs |    24 | 1728 |   24 | 1.00 | 1.00 |        21.1 |    21.1 |    21.1 
     abrs-qb-aqrs |    12 | 3456 |   24 | 1.00 | 1.00 |        23.1 |    23.1 |    23.1 
     abcs-rc-abrs |    12 | 3456 |   24 | 1.00 | 1.00 |        28.2 |    28.2 |    28.2 
       abj-bka-kj |  2304 |   32 |   48 | 1.00 | 1.00 |        35.6 |    35.6 |    35.6 
       ajb-kba-jk |  1536 |   48 |   48 | 1.00 | 1.00 |        49.2 |    49.2 |    49.2 
     abjc-cbka-kj |  6912 |   12 |   24 | 0.67 | 1.00 |        16.6 |    16.6 |    16.6 
     ajbc-ckba-jk |  6912 |   24 |   12 | 1.00 | 1.00 |        16.5 |    16.5 |    16.5 
     abjc-kbac-jk |  3456 |   24 |   24 | 0.67 | 1.00 |        30.7 |    30.7 |    30.7 
   abjcd-dkbac-jk | 36864 |   24 |    8 | 0.67 | 1.00 |        15.6 |    15.6 |    15.6 
   adbjc-cbdka-kj | 36864 |    8 |   24 | 0.67 | 1.00 |         6.2 |     6.2 |     6.2 
   ajbdc-ckbad-jk | 36864 |   24 |    8 | 1.00 | 1.00 |        13.3 |    13.3 |    13.3 
 abcijk-ijma-mkbc |  2304 |   64 |   24 | 1.00 | 1.00 |        26.8 |    26.8 |    26.8 
 abcijk-ijmb-mkac |   384 |  384 |   24 | 1.00 | 1.00 |        31.9 |    31.9 |    31.9 
 abcijk-ijmc-mkab |   384 |  384 |   24 | 1.00 | 0.00 |        49.4 |    49.4 |    49.4 
 abcijk-ikma-mjbc |  2304 |   64 |   24 | 1.00 | 1.00 |        26.9 |    26.9 |    26.9 
 abcijk-ikmb-mjac |   384 |  384 |   24 | 1.00 | 1.00 |        31.9 |    31.9 |    31.9 
 abcijk-ikmc-mjab |   384 |  384 |   24 | 1.00 | 0.00 |        49.4 |    49.4 |    49.4 
 abcijk-jkma-mibc |  2304 |   64 |   24 | 1.00 | 1.00 |        26.9 |    26.9 |    26.9 
 abcijk-jkmb-miac |   384 |  384 |   24 | 1.00 | 1.00 |        31.9 |    31.9 |    31.9 
 abcijk-jkmc-miab |   384 |  384 |   24 | 1.00 | 0.00 |        49.3 |    49.3 |    49.3 
 abcijk-eiab-jkec |   384 |  384 |   24 | 1.00 | 0.00 |        49.3 |    49.3 |    49.3 
 abcijk-eiac-jkeb |   384 |  384 |   24 | 1.00 | 1.00 |        31.9 |    31.9 |    31.9 
 abcijk-eibc-jkea |    64 | 2304 |   24 | 1.00 | 1.00 |        27.0 |    27.0 |    27.0 
 abcijk-ejab-ikec |   384 |  384 |   24 | 1.00 | 0.00 |        49.4 |    49.4 |    49.4 
 abcijk-ejac-ikeb |   384 |  384 |   24 | 1.00 | 1.00 |        31.9 |    31.9 |    31.9 
 abcijk-ejbc-ikea |    64 | 2304 |   24 | 1.00 | 1.00 |        26.9 |    26.9 |    26.9 
 abcijk-ekab-ijec |   384 |  384 |   24 | 1.00 | 0.00 |        49.5 |    49.5 |    49.5 
 abcijk-ekac-ijeb |   384 |  384 |   24 | 1.00 | 1.00 |        31.9 |    31.9 |    31.9 
 abcijk-ekbc-ijea |    64 | 2304 |   24 | 1.00 | 1.00 |        26.9 |    26.9 |    26.9 
       abc-bk-akc |    48 | 1536 |   32 | 1.00 | 1.00 |        49.4 |    49.4 |    49.4 

=== c32 ===
             case |     m |    n |    k | regA | regB | planar GF/s | 1m GF/s | 3m GF/s 
------------------+-------+------+------+------+------+-------------+---------+---------
         ij-ik-kj |   192 |  180 |  192 | 1.00 | 1.00 |        80.4 |    85.8 |    82.6 
       ij-ikl-ljk |    48 |   32 | 1536 | 1.00 | 1.00 |        54.7 |    52.6 |    54.8 
       ij-kil-lkj |    48 |   32 | 2304 | 1.00 | 1.00 |        51.4 |    48.3 |    53.8 
       ijk-ikl-lj |  1536 |   32 |   48 | 1.00 | 1.00 |        56.3 |    55.7 |    53.7 
       ijk-il-jlk |    48 | 1536 |   32 | 1.00 | 0.92 |        52.4 |    59.3 |    51.1 
       ijk-ilk-jl |  1536 |   48 |   32 | 1.00 | 1.00 |        55.2 |    59.7 |    53.6 
       ijk-ilk-lj |  1536 |   32 |   48 | 1.00 | 1.00 |        57.7 |    56.1 |    56.5 
     ijk-ilmk-mjl |   288 |   12 |  288 | 1.00 | 1.00 |        50.0 |    48.5 |    46.3 
   ijkl-imjn-lnkm |   288 |  288 |  144 | 1.00 | 0.67 |        82.9 |    88.1 |    85.3 
   ijkl-imjn-nlmk |   288 |  144 |  288 | 1.00 | 0.69 |        85.4 |    87.8 |    86.9 
   ijkl-imkn-jnlm |   288 |  288 |  144 | 1.00 | 0.84 |        83.5 |    89.2 |    86.4 
   ijkl-imkn-njml |   288 |  144 |  288 | 1.00 | 0.69 |        85.6 |    87.9 |    87.4 
   ijkl-imln-jnkm |   288 |  288 |  144 | 1.00 | 0.84 |        83.7 |    89.1 |    86.3 
   ijkl-imln-njmk |   288 |  144 |  288 | 1.00 | 0.69 |        85.7 |    88.0 |    86.8 
   ijkl-imnj-nlkm |   288 |  144 |  288 | 1.00 | 0.69 |        85.9 |    87.9 |    86.9 
   ijkl-imnk-njml |   288 |  144 |  288 | 1.00 | 0.69 |        85.5 |    88.1 |    87.1 
   ijkl-minj-nlmk |   288 |  144 |  576 | 1.00 | 0.69 |        80.3 |    81.2 |    81.3 
   ijkl-mink-jnlm |   288 |  288 |  288 | 1.00 | 0.84 |        86.4 |    89.9 |    90.2 
   ijkl-minl-njmk |   288 |  144 |  576 | 1.00 | 0.69 |        80.4 |    81.6 |    82.1 
     aqrs-pa-pqrs |    24 | 1728 |   24 | 1.00 | 1.00 |        39.9 |    46.7 |    37.6 
     abrs-qb-aqrs |    12 | 3456 |   24 | 1.00 | 1.00 |        34.7 |    37.1 |    32.1 
     abcs-rc-abrs |    12 | 3456 |   24 | 1.00 | 1.00 |        34.8 |    37.3 |    32.0 
       abj-bka-kj |  2304 |   32 |   48 | 1.00 | 1.00 |        50.4 |    47.7 |    51.7 
       ajb-kba-jk |  1536 |   48 |   48 | 1.00 | 1.00 |        58.9 |    61.0 |    60.5 
     abjc-cbka-kj |  6912 |   12 |   24 | 1.00 | 1.00 |        26.7 |    26.4 |    26.8 
     ajbc-ckba-jk |  6912 |   24 |   12 | 1.00 | 1.00 |        29.7 |    32.9 |    28.7 
     abjc-kbac-jk |  3456 |   24 |   24 | 1.00 | 1.00 |        41.6 |    43.2 |    40.8 
   abjcd-dkbac-jk | 36864 |   24 |    8 | 1.00 | 1.00 |        22.4 |    25.5 |    21.5 
   adbjc-cbdka-kj | 36864 |    8 |   24 | 1.00 | 1.00 |         9.4 |    13.5 |    11.7 
   ajbdc-ckbad-jk | 36864 |   24 |    8 | 1.00 | 1.00 |        22.0 |    25.1 |    21.2 
 abcijk-ijma-mkbc |  2304 |   64 |   24 | 1.00 | 0.77 |        49.0 |    53.4 |    48.7 
 abcijk-ijmb-mkac |   384 |  384 |   24 | 1.00 | 0.01 |        54.2 |    63.2 |    53.7 
 abcijk-ijmc-mkab |   384 |  384 |   24 | 1.00 | 0.01 |        54.3 |    63.3 |    53.7 
 abcijk-ikma-mjbc |  2304 |   64 |   24 | 1.00 | 0.77 |        48.9 |    53.4 |    48.6 
 abcijk-ikmb-mjac |   384 |  384 |   24 | 1.00 | 0.01 |        54.3 |    63.4 |    53.9 
 abcijk-ikmc-mjab |   384 |  384 |   24 | 1.00 | 0.01 |        54.3 |    63.4 |    53.9 
 abcijk-jkma-mibc |  2304 |   64 |   24 | 1.00 | 0.77 |        49.0 |    53.3 |    48.7 
 abcijk-jkmb-miac |   384 |  384 |   24 | 1.00 | 0.01 |        54.3 |    63.4 |    53.8 
 abcijk-jkmc-miab |   384 |  384 |   24 | 1.00 | 0.01 |        54.2 |    63.1 |    53.9 
 abcijk-eiab-jkec |   384 |  384 |   24 | 1.00 | 0.01 |        54.2 |    63.1 |    53.6 
 abcijk-eiac-jkeb |   384 |  384 |   24 | 1.00 | 0.01 |        54.3 |    63.4 |    53.8 
 abcijk-eibc-jkea |    64 | 2304 |   24 | 1.00 | 0.77 |        49.0 |    53.4 |    48.6 
 abcijk-ejab-ikec |   384 |  384 |   24 | 1.00 | 0.01 |        54.3 |    63.4 |    53.9 
 abcijk-ejac-ikeb |   384 |  384 |   24 | 1.00 | 0.01 |        54.3 |    63.3 |    53.8 
 abcijk-ejbc-ikea |    64 | 2304 |   24 | 1.00 | 0.77 |        49.0 |    53.4 |    48.6 
 abcijk-ekab-ijec |   384 |  384 |   24 | 1.00 | 0.01 |        54.3 |    63.4 |    54.0 
 abcijk-ekac-ijeb |   384 |  384 |   24 | 1.00 | 0.01 |        54.3 |    63.3 |    53.9 
 abcijk-ekbc-ijea |    64 | 2304 |   24 | 1.00 | 0.77 |        49.0 |    53.4 |    48.7 
       abc-bk-akc |    48 | 1536 |   32 | 1.00 | 1.00 |        55.3 |    59.8 |    53.8 

=== complex efficiency ratio (c32 GF/s over f32 GF/s; 1.0 = no penalty) ===
             case | planar c32/f32 | 1m c32/f32 | 3m c32/f32 
------------------+----------------+------------+------------
         ij-ik-kj |          1.291 |      1.378 |      1.326 
       ij-ikl-ljk |          1.557 |      1.496 |      1.560 
       ij-kil-lkj |          1.674 |      1.571 |      1.752 
       ijk-ikl-lj |          1.176 |      1.163 |      1.121 
       ijk-il-jlk |          1.391 |      1.574 |      1.358 
       ijk-ilk-jl |          1.114 |      1.206 |      1.083 
       ijk-ilk-lj |          1.201 |      1.168 |      1.176 
     ijk-ilmk-mjl |          1.452 |      1.409 |      1.345 
   ijkl-imjn-lnkm |          1.130 |      1.202 |      1.163 
   ijkl-imjn-nlmk |          1.159 |      1.192 |      1.181 
   ijkl-imkn-jnlm |          1.138 |      1.216 |      1.177 
   ijkl-imkn-njml |          1.195 |      1.227 |      1.220 
   ijkl-imln-jnkm |          1.142 |      1.216 |      1.178 
   ijkl-imln-njmk |          1.195 |      1.227 |      1.211 
   ijkl-imnj-nlkm |          1.168 |      1.196 |      1.182 
   ijkl-imnk-njml |          1.184 |      1.220 |      1.206 
   ijkl-minj-nlmk |          1.185 |      1.199 |      1.200 
   ijkl-mink-jnlm |          1.131 |      1.176 |      1.181 
   ijkl-minl-njmk |          1.204 |      1.221 |      1.229 
     aqrs-pa-pqrs |          1.888 |      2.211 |      1.784 
     abrs-qb-aqrs |          1.505 |      1.611 |      1.394 
     abcs-rc-abrs |          1.234 |      1.322 |      1.134 
       abj-bka-kj |          1.417 |      1.343 |      1.454 
       ajb-kba-jk |          1.198 |      1.241 |      1.229 
     abjc-cbka-kj |          1.608 |      1.589 |      1.615 
     ajbc-ckba-jk |          1.797 |      1.990 |      1.737 
     abjc-kbac-jk |          1.353 |      1.407 |      1.329 
   abjcd-dkbac-jk |          1.435 |      1.633 |      1.375 
   adbjc-cbdka-kj |          1.513 |      2.189 |      1.885 
   ajbdc-ckbad-jk |          1.657 |      1.890 |      1.600 
 abcijk-ijma-mkbc |          1.824 |      1.988 |      1.812 
 abcijk-ijmb-mkac |          1.701 |      1.984 |      1.686 
 abcijk-ijmc-mkab |          1.099 |      1.280 |      1.087 
 abcijk-ikma-mjbc |          1.820 |      1.985 |      1.808 
 abcijk-ikmb-mjac |          1.702 |      1.988 |      1.690 
 abcijk-ikmc-mjab |          1.101 |      1.285 |      1.091 
 abcijk-jkma-mibc |          1.819 |      1.980 |      1.807 
 abcijk-jkmb-miac |          1.702 |      1.988 |      1.687 
 abcijk-jkmc-miab |          1.100 |      1.281 |      1.093 
 abcijk-eiab-jkec |          1.100 |      1.281 |      1.089 
 abcijk-eiac-jkeb |          1.702 |      1.986 |      1.687 
 abcijk-eibc-jkea |          1.817 |      1.978 |      1.803 
 abcijk-ejab-ikec |          1.100 |      1.284 |      1.092 
 abcijk-ejac-ikeb |          1.703 |      1.986 |      1.687 
 abcijk-ejbc-ikea |          1.822 |      1.986 |      1.810 
 abcijk-ekab-ijec |          1.099 |      1.282 |      1.091 
 abcijk-ekac-ijeb |          1.705 |      1.987 |      1.690 
 abcijk-ekbc-ijea |          1.820 |      1.983 |      1.809 
       abc-bk-akc |          1.118 |      1.210 |      1.088 
             MEAN |          1.411 |      1.539 |      1.408 

wrote bench-results/worker5086-zen2/phase4g/sm-pool-s0.25-t1-f32c32.csv
