host        : worker5086
target      : x86_64 / linux
cpu features: avx2 fma 
caches      : L1=32KiB/8-way/1sh L2=512KiB/8-way/1sh L3=16384KiB/16-way/4sh (via sysfs), blocking=legacy
l3 domains  : t1=1 t4=1
baselines   : tblis=false blas=false

sweeping 49 cases at 16 MiB nominal tensor size, 3 reps, stress=none


=== f64 ===
             case |      m |     n |     k | regA | regB | planar GF/s | 1m GF/s | 3m GF/s 
------------------+--------+-------+-------+------+------+-------------+---------+---------
         ij-ik-kj |   1464 |  1448 |  1464 | 1.00 | 1.00 |        78.5 |    78.5 |    78.5 
       ij-ikl-ljk |    144 |   128 | 18432 | 1.00 | 1.00 |        49.0 |    49.0 |    49.0 
       ij-kil-lkj |    144 |   128 | 20736 | 1.00 | 1.00 |        48.4 |    48.4 |    48.4 
       ijk-ikl-lj |  18432 |   128 |   144 | 1.00 | 1.00 |        60.3 |    60.3 |    60.3 
       ijk-il-jlk |    144 | 18432 |   128 | 1.00 | 1.00 |        52.3 |    52.3 |    52.3 
       ijk-ilk-jl |  18432 |   144 |   128 | 1.00 | 1.00 |        64.6 |    64.6 |    64.6 
       ijk-ilk-lj |  18432 |   128 |   144 | 1.00 | 1.00 |        68.2 |    68.2 |    68.2 
     ijk-ilmk-mjl |   1920 |    40 |  1920 | 1.00 | 1.00 |        53.1 |    53.1 |    53.1 
   ijkl-imjn-lnkm |   1920 |  1920 |  1600 | 1.00 | 0.90 |        77.8 |    77.8 |    77.8 
   ijkl-imjn-nlmk |   1920 |  1600 |  1920 | 1.00 | 0.90 |        77.7 |    77.7 |    77.7 
   ijkl-imkn-jnlm |   1920 |  1920 |  1600 | 1.00 | 1.00 |        76.4 |    76.4 |    76.4 
   ijkl-imkn-njml |   1920 |  1600 |  1920 | 1.00 | 0.90 |        76.4 |    76.4 |    76.4 
   ijkl-imln-jnkm |   1920 |  1920 |  1600 | 1.00 | 1.00 |        76.4 |    76.4 |    76.4 
   ijkl-imln-njmk |   1920 |  1600 |  1920 | 1.00 | 0.90 |        76.5 |    76.5 |    76.5 
   ijkl-imnj-nlkm |   1920 |  1600 |  1920 | 1.00 | 0.90 |        77.8 |    77.8 |    77.8 
   ijkl-imnk-njml |   1920 |  1600 |  1920 | 1.00 | 0.90 |        76.6 |    76.6 |    76.6 
   ijkl-minj-nlmk |   1920 |  1600 |  2304 | 1.00 | 0.90 |        76.5 |    76.5 |    76.5 
   ijkl-mink-jnlm |   1920 |  1920 |  1920 | 1.00 | 1.00 |        75.2 |    75.2 |    75.2 
   ijkl-minl-njmk |   1920 |  1600 |  2304 | 1.00 | 0.90 |        75.3 |    75.3 |    75.3 
     aqrs-pa-pqrs |     48 | 64000 |    48 | 1.00 | 1.00 |        28.0 |    28.0 |    28.0 
     abrs-qb-aqrs |     40 | 76800 |    48 | 1.00 | 1.00 |        35.3 |    35.3 |    35.3 
     abcs-rc-abrs |     40 | 76800 |    48 | 1.00 | 1.00 |        30.6 |    30.6 |    30.6 
       abj-bka-kj |  20736 |   128 |   144 | 1.00 | 1.00 |        61.9 |    61.9 |    61.9 
       ajb-kba-jk |  18432 |   144 |   144 | 1.00 | 1.00 |        71.5 |    71.5 |    71.5 
     abjc-cbka-kj |  92160 |    40 |    48 | 1.00 | 1.00 |        20.5 |    20.5 |    20.5 
     ajbc-ckba-jk |  92160 |    48 |    40 | 1.00 | 1.00 |        29.5 |    29.5 |    29.5 
     abjc-kbac-jk |  76800 |    48 |    48 | 1.00 | 1.00 |        41.1 |    41.1 |    41.1 
   abjcd-dkbac-jk | 230400 |    24 |    20 | 1.00 | 1.00 |         9.3 |     9.3 |     9.3 
   adbjc-cbdka-kj | 230400 |    20 |    24 | 1.00 | 1.00 |         7.1 |     7.1 |     7.1 
   ajbdc-ckbad-jk | 230400 |    24 |    20 | 1.00 | 1.00 |         8.9 |     8.9 |     8.9 
 abcijk-ijma-mkbc |   6912 |  1728 |    24 | 1.00 | 1.00 |        41.5 |    41.5 |    41.5 
 abcijk-ijmb-mkac |   3456 |  3456 |    24 | 1.00 | 1.00 |        36.7 |    36.7 |    36.7 
 abcijk-ijmc-mkab |   3456 |  3456 |    24 | 1.00 | 1.00 |        44.6 |    44.6 |    44.6 
 abcijk-ikma-mjbc |   6912 |  1728 |    24 | 1.00 | 1.00 |        41.2 |    41.2 |    41.2 
 abcijk-ikmb-mjac |   3456 |  3456 |    24 | 1.00 | 1.00 |        37.1 |    37.1 |    37.1 
 abcijk-ikmc-mjab |   3456 |  3456 |    24 | 1.00 | 1.00 |        44.6 |    44.6 |    44.6 
 abcijk-jkma-mibc |   6912 |  1728 |    24 | 1.00 | 1.00 |        43.1 |    43.1 |    43.1 
 abcijk-jkmb-miac |   3456 |  3456 |    24 | 1.00 | 1.00 |        37.0 |    37.0 |    37.0 
 abcijk-jkmc-miab |   3456 |  3456 |    24 | 1.00 | 1.00 |        44.7 |    44.7 |    44.7 
 abcijk-eiab-jkec |   3456 |  3456 |    24 | 1.00 | 1.00 |        44.4 |    44.4 |    44.4 
 abcijk-eiac-jkeb |   3456 |  3456 |    24 | 1.00 | 1.00 |        36.7 |    36.7 |    36.7 
 abcijk-eibc-jkea |   1728 |  6912 |    24 | 1.00 | 1.00 |        42.9 |    42.9 |    42.9 
 abcijk-ejab-ikec |   3456 |  3456 |    24 | 1.00 | 1.00 |        44.8 |    44.8 |    44.8 
 abcijk-ejac-ikeb |   3456 |  3456 |    24 | 1.00 | 1.00 |        36.5 |    36.5 |    36.5 
 abcijk-ejbc-ikea |   1728 |  6912 |    24 | 1.00 | 1.00 |        41.3 |    41.3 |    41.3 
 abcijk-ekab-ijec |   3456 |  3456 |    24 | 1.00 | 1.00 |        44.3 |    44.3 |    44.3 
 abcijk-ekac-ijeb |   3456 |  3456 |    24 | 1.00 | 1.00 |        36.8 |    36.8 |    36.8 
 abcijk-ekbc-ijea |   1728 |  6912 |    24 | 1.00 | 1.00 |        41.3 |    41.3 |    41.3 
       abc-bk-akc |    144 | 18432 |   128 | 1.00 | 1.00 |        63.5 |    63.5 |    63.5 

=== c64 ===
             case |      m |     n |     k | regA | regB | planar GF/s | 1m GF/s | 3m GF/s 
------------------+--------+-------+-------+------+------+-------------+---------+---------
         ij-ik-kj |   1464 |  1448 |  1464 | 1.00 | 1.00 |        85.5 |    86.9 |    84.6 
       ij-ikl-ljk |    144 |   128 | 18432 | 1.00 | 1.00 |        65.6 |    71.6 |    61.0 
       ij-kil-lkj |    144 |   128 | 20736 | 1.00 | 1.00 |        68.2 |    71.1 |    70.5 
       ijk-ikl-lj |  18432 |   128 |   144 | 1.00 | 1.00 |        75.2 |    77.6 |    70.9 
       ijk-il-jlk |    144 | 18432 |   128 | 1.00 | 0.97 |        76.2 |    79.5 |    67.3 
       ijk-ilk-jl |  18432 |   144 |   128 | 1.00 | 1.00 |        80.0 |    86.0 |    70.7 
       ijk-ilk-lj |  18432 |   128 |   144 | 1.00 | 1.00 |        79.5 |    83.3 |    70.9 
     ijk-ilmk-mjl |   1920 |    40 |  1920 | 1.00 | 1.00 |        66.7 |    68.4 |    52.4 
   ijkl-imjn-lnkm |   1920 |  1920 |  1600 | 1.00 | 1.00 |        86.2 |    89.4 |    86.3 
   ijkl-imjn-nlmk |   1920 |  1600 |  1920 | 1.00 | 1.00 |        86.4 |    89.6 |    83.0 
   ijkl-imkn-jnlm |   1920 |  1920 |  1600 | 1.00 | 0.92 |        84.2 |    85.6 |    82.2 
   ijkl-imkn-njml |   1920 |  1600 |  1920 | 1.00 | 1.00 |        84.7 |    86.0 |    79.8 
   ijkl-imln-jnkm |   1920 |  1920 |  1600 | 1.00 | 0.92 |        84.1 |    85.2 |    82.3 
   ijkl-imln-njmk |   1920 |  1600 |  1920 | 1.00 | 1.00 |        84.7 |    85.5 |    80.1 
   ijkl-imnj-nlkm |   1920 |  1600 |  1920 | 1.00 | 1.00 |        86.5 |    89.6 |    83.4 
   ijkl-imnk-njml |   1920 |  1600 |  1920 | 1.00 | 1.00 |        84.8 |    86.2 |    79.8 
   ijkl-minj-nlmk |   1920 |  1600 |  2304 | 1.00 | 1.00 |        85.8 |    87.6 |    86.6 
   ijkl-mink-jnlm |   1920 |  1920 |  1920 | 1.00 | 0.92 |        84.0 |    85.5 |    82.4 
   ijkl-minl-njmk |   1920 |  1600 |  2304 | 1.00 | 1.00 |        83.6 |    83.1 |    82.4 
     aqrs-pa-pqrs |     48 | 64000 |    48 | 1.00 | 1.00 |        45.5 |    50.7 |    41.4 
     abrs-qb-aqrs |     40 | 76800 |    48 | 1.00 | 1.00 |        48.9 |    50.8 |    37.5 
     abcs-rc-abrs |     40 | 76800 |    48 | 1.00 | 1.00 |        55.6 |    57.1 |    48.4 
       abj-bka-kj |  20736 |   128 |   144 | 1.00 | 1.00 |        71.5 |    71.3 |    70.6 
       ajb-kba-jk |  18432 |   144 |   144 | 1.00 | 1.00 |        83.0 |    88.2 |    82.3 
     abjc-cbka-kj |  92160 |    40 |    48 | 1.00 | 1.00 |        32.5 |    27.8 |    29.9 
     ajbc-ckba-jk |  92160 |    48 |    40 | 1.00 | 1.00 |        32.9 |    30.4 |    31.1 
     abjc-kbac-jk |  76800 |    48 |    48 | 1.00 | 1.00 |        62.0 |    64.2 |    56.1 
   abjcd-dkbac-jk | 230400 |    24 |    20 | 1.00 | 1.00 |        21.9 |    20.0 |    19.5 
   adbjc-cbdka-kj | 230400 |    20 |    24 | 1.00 | 1.00 |        18.4 |    15.4 |    16.6 
   ajbdc-ckbad-jk | 230400 |    24 |    20 | 1.00 | 1.00 |        20.6 |    18.9 |    18.7 
 abcijk-ijma-mkbc |   6912 |  1728 |    24 | 1.00 | 0.97 |        52.2 |    57.2 |    43.7 
 abcijk-ijmb-mkac |   3456 |  3456 |    24 | 1.00 | 0.67 |        51.6 |    56.1 |    43.1 
 abcijk-ijmc-mkab |   3456 |  3456 |    24 | 1.00 | 0.67 |        58.0 |    65.6 |    47.9 
 abcijk-ikma-mjbc |   6912 |  1728 |    24 | 1.00 | 0.97 |        52.3 |    57.2 |    43.8 
 abcijk-ikmb-mjac |   3456 |  3456 |    24 | 1.00 | 0.67 |        51.8 |    56.1 |    43.2 
 abcijk-ikmc-mjab |   3456 |  3456 |    24 | 1.00 | 0.67 |        58.1 |    65.5 |    47.9 
 abcijk-jkma-mibc |   6912 |  1728 |    24 | 1.00 | 0.97 |        52.7 |    57.5 |    44.1 
 abcijk-jkmb-miac |   3456 |  3456 |    24 | 1.00 | 0.67 |        52.0 |    56.5 |    43.6 
 abcijk-jkmc-miab |   3456 |  3456 |    24 | 1.00 | 0.67 |        58.1 |    65.5 |    48.0 
 abcijk-eiab-jkec |   3456 |  3456 |    24 | 1.00 | 0.67 |        58.0 |    65.5 |    47.8 
 abcijk-eiac-jkeb |   3456 |  3456 |    24 | 1.00 | 0.67 |        51.9 |    56.5 |    43.4 
 abcijk-eibc-jkea |   1728 |  6912 |    24 | 1.00 | 0.97 |        52.4 |    56.8 |    43.3 
 abcijk-ejab-ikec |   3456 |  3456 |    24 | 1.00 | 0.67 |        57.9 |    65.6 |    47.8 
 abcijk-ejac-ikeb |   3456 |  3456 |    24 | 1.00 | 0.67 |        51.7 |    56.2 |    43.0 
 abcijk-ejbc-ikea |   1728 |  6912 |    24 | 1.00 | 0.97 |        51.8 |    56.4 |    43.2 
 abcijk-ekab-ijec |   3456 |  3456 |    24 | 1.00 | 0.67 |        57.9 |    65.5 |    47.7 
 abcijk-ekac-ijeb |   3456 |  3456 |    24 | 1.00 | 0.67 |        51.5 |    56.0 |    42.9 
 abcijk-ekbc-ijea |   1728 |  6912 |    24 | 1.00 | 0.97 |        51.9 |    56.6 |    43.2 
       abc-bk-akc |    144 | 18432 |   128 | 1.00 | 1.00 |        78.6 |    83.0 |    74.5 

=== complex efficiency ratio (c64 GF/s over f64 GF/s; 1.0 = no penalty) ===
             case | planar c64/f64 | 1m c64/f64 | 3m c64/f64 
------------------+----------------+------------+------------
         ij-ik-kj |          1.090 |      1.107 |      1.078 
       ij-ikl-ljk |          1.339 |      1.462 |      1.245 
       ij-kil-lkj |          1.408 |      1.469 |      1.456 
       ijk-ikl-lj |          1.246 |      1.285 |      1.175 
       ijk-il-jlk |          1.457 |      1.521 |      1.286 
       ijk-ilk-jl |          1.238 |      1.330 |      1.094 
       ijk-ilk-lj |          1.166 |      1.221 |      1.040 
     ijk-ilmk-mjl |          1.257 |      1.289 |      0.987 
   ijkl-imjn-lnkm |          1.108 |      1.148 |      1.108 
   ijkl-imjn-nlmk |          1.112 |      1.153 |      1.068 
   ijkl-imkn-jnlm |          1.103 |      1.122 |      1.077 
   ijkl-imkn-njml |          1.108 |      1.125 |      1.044 
   ijkl-imln-jnkm |          1.101 |      1.115 |      1.077 
   ijkl-imln-njmk |          1.108 |      1.118 |      1.047 
   ijkl-imnj-nlkm |          1.111 |      1.151 |      1.072 
   ijkl-imnk-njml |          1.107 |      1.125 |      1.041 
   ijkl-minj-nlmk |          1.121 |      1.144 |      1.132 
   ijkl-mink-jnlm |          1.116 |      1.137 |      1.095 
   ijkl-minl-njmk |          1.110 |      1.102 |      1.093 
     aqrs-pa-pqrs |          1.625 |      1.809 |      1.476 
     abrs-qb-aqrs |          1.386 |      1.441 |      1.063 
     abcs-rc-abrs |          1.812 |      1.864 |      1.579 
       abj-bka-kj |          1.156 |      1.152 |      1.140 
       ajb-kba-jk |          1.161 |      1.233 |      1.152 
     abjc-cbka-kj |          1.581 |      1.354 |      1.457 
     ajbc-ckba-jk |          1.113 |      1.029 |      1.053 
     abjc-kbac-jk |          1.510 |      1.564 |      1.367 
   abjcd-dkbac-jk |          2.344 |      2.140 |      2.085 
   adbjc-cbdka-kj |          2.591 |      2.172 |      2.340 
   ajbdc-ckbad-jk |          2.324 |      2.134 |      2.114 
 abcijk-ijma-mkbc |          1.256 |      1.377 |      1.052 
 abcijk-ijmb-mkac |          1.407 |      1.527 |      1.173 
 abcijk-ijmc-mkab |          1.301 |      1.471 |      1.076 
 abcijk-ikma-mjbc |          1.271 |      1.390 |      1.064 
 abcijk-ikmb-mjac |          1.395 |      1.512 |      1.164 
 abcijk-ikmc-mjab |          1.302 |      1.467 |      1.074 
 abcijk-jkma-mibc |          1.225 |      1.335 |      1.025 
 abcijk-jkmb-miac |          1.407 |      1.529 |      1.179 
 abcijk-jkmc-miab |          1.299 |      1.464 |      1.073 
 abcijk-eiab-jkec |          1.304 |      1.473 |      1.075 
 abcijk-eiac-jkeb |          1.413 |      1.539 |      1.180 
 abcijk-eibc-jkea |          1.221 |      1.323 |      1.010 
 abcijk-ejab-ikec |          1.293 |      1.465 |      1.067 
 abcijk-ejac-ikeb |          1.416 |      1.540 |      1.179 
 abcijk-ejbc-ikea |          1.254 |      1.363 |      1.045 
 abcijk-ekab-ijec |          1.305 |      1.476 |      1.076 
 abcijk-ekac-ijeb |          1.400 |      1.524 |      1.168 
 abcijk-ekbc-ijea |          1.257 |      1.370 |      1.047 
       abc-bk-akc |          1.237 |      1.307 |      1.173 
             MEAN |          1.346 |      1.397 |      1.203 

wrote bench-results/worker5086-zen2/phase4g/sm-pool-s16-t2-f64c64.csv
