host        : worker5086
target      : x86_64 / linux
cpu features: avx2 fma 
caches      : L1=32KiB/8-way/1sh L2=512KiB/8-way/1sh L3=16384KiB/16-way/4sh (via sysfs), blocking=legacy
l3 domains  : t1=1 t4=1 t8=2 t16=4 t32=8 t64=16 t128=32
baselines   : tblis=false blas=false

sweeping 49 cases at 0.25 MiB nominal tensor size, 96 reps, stress=none


=== f32 ===
             case |     m |    n |    k | regA | regB | planar GF/s | 1m GF/s | 3m GF/s 
------------------+-------+------+------+------+------+-------------+---------+---------
         ij-ik-kj |   192 |  180 |  192 | 1.00 | 1.00 |        76.8 |    76.8 |    76.8 
       ij-ikl-ljk |    48 |   32 | 1536 | 1.00 | 1.00 |        35.0 |    35.0 |    35.0 
       ij-kil-lkj |    48 |   32 | 2304 | 1.00 | 1.00 |        33.8 |    33.8 |    33.8 
       ijk-ikl-lj |  1536 |   32 |   48 | 1.00 | 1.00 |        17.0 |    17.0 |    17.0 
       ijk-il-jlk |    48 | 1536 |   32 | 1.00 | 1.00 |        41.6 |    41.6 |    41.6 
       ijk-ilk-jl |  1536 |   48 |   32 | 1.00 | 1.00 |        16.1 |    16.1 |    16.1 
       ijk-ilk-lj |  1536 |   32 |   48 | 1.00 | 1.00 |        16.4 |    16.4 |    16.4 
     ijk-ilmk-mjl |   288 |   12 |  288 | 0.67 | 1.00 |        19.7 |    19.7 |    19.7 
   ijkl-imjn-lnkm |   288 |  288 |  144 | 0.67 | 1.00 |       143.0 |   143.0 |   143.0 
   ijkl-imjn-nlmk |   288 |  144 |  288 | 0.67 | 1.00 |       137.1 |   137.1 |   137.1 
   ijkl-imkn-jnlm |   288 |  288 |  144 | 0.67 | 1.00 |       146.4 |   146.4 |   146.4 
   ijkl-imkn-njml |   288 |  144 |  288 | 0.67 | 1.00 |       116.7 |   116.7 |   116.7 
   ijkl-imln-jnkm |   288 |  288 |  144 | 0.67 | 1.00 |       148.3 |   148.3 |   148.3 
   ijkl-imln-njmk |   288 |  144 |  288 | 0.67 | 1.00 |       117.9 |   117.9 |   117.9 
   ijkl-imnj-nlkm |   288 |  144 |  288 | 0.67 | 1.00 |       140.7 |   140.7 |   140.7 
   ijkl-imnk-njml |   288 |  144 |  288 | 0.67 | 1.00 |       146.4 |   146.4 |   146.4 
   ijkl-minj-nlmk |   288 |  144 |  576 | 0.67 | 1.00 |       172.9 |   172.9 |   172.9 
   ijkl-mink-jnlm |   288 |  288 |  288 | 0.67 | 1.00 |       270.3 |   270.3 |   270.3 
   ijkl-minl-njmk |   288 |  144 |  576 | 0.67 | 1.00 |       221.1 |   221.1 |   221.1 
     aqrs-pa-pqrs |    24 | 1728 |   24 | 1.00 | 1.00 |        18.7 |    18.7 |    18.7 
     abrs-qb-aqrs |    12 | 3456 |   24 | 1.00 | 1.00 |         7.4 |     7.4 |     7.4 
     abcs-rc-abrs |    12 | 3456 |   24 | 1.00 | 1.00 |         7.2 |     7.2 |     7.2 
       abj-bka-kj |  2304 |   32 |   48 | 1.00 | 1.00 |        25.5 |    25.5 |    25.5 
       ajb-kba-jk |  1536 |   48 |   48 | 1.00 | 1.00 |        25.3 |    25.3 |    25.3 
     abjc-cbka-kj |  6912 |   12 |   24 | 0.67 | 1.00 |        13.9 |    13.9 |    13.9 
     ajbc-ckba-jk |  6912 |   24 |   12 | 1.00 | 1.00 |        14.0 |    14.0 |    14.0 
     abjc-kbac-jk |  3456 |   24 |   24 | 0.67 | 1.00 |        14.4 |    14.4 |    14.4 
   abjcd-dkbac-jk | 36864 |   24 |    8 | 0.67 | 1.00 |        41.9 |    41.9 |    41.9 
   adbjc-cbdka-kj | 36864 |    8 |   24 | 0.67 | 1.00 |        35.7 |    35.7 |    35.7 
   ajbdc-ckbad-jk | 36864 |   24 |    8 | 1.00 | 1.00 |        39.8 |    39.8 |    39.8 
 abcijk-ijma-mkbc |  2304 |   64 |   24 | 1.00 | 1.00 |        25.4 |    25.4 |    25.4 
 abcijk-ijmb-mkac |   384 |  384 |   24 | 1.00 | 1.00 |        47.1 |    47.1 |    47.1 
 abcijk-ijmc-mkab |   384 |  384 |   24 | 1.00 | 0.00 |        58.6 |    58.6 |    58.6 
 abcijk-ikma-mjbc |  2304 |   64 |   24 | 1.00 | 1.00 |        25.0 |    25.0 |    25.0 
 abcijk-ikmb-mjac |   384 |  384 |   24 | 1.00 | 1.00 |        46.8 |    46.8 |    46.8 
 abcijk-ikmc-mjab |   384 |  384 |   24 | 1.00 | 0.00 |        54.3 |    54.3 |    54.3 
 abcijk-jkma-mibc |  2304 |   64 |   24 | 1.00 | 1.00 |        27.3 |    27.3 |    27.3 
 abcijk-jkmb-miac |   384 |  384 |   24 | 1.00 | 1.00 |        47.9 |    47.9 |    47.9 
 abcijk-jkmc-miab |   384 |  384 |   24 | 1.00 | 0.00 |        58.1 |    58.1 |    58.1 
 abcijk-eiab-jkec |   384 |  384 |   24 | 1.00 | 0.00 |        57.6 |    57.6 |    57.6 
 abcijk-eiac-jkeb |   384 |  384 |   24 | 1.00 | 1.00 |        49.6 |    49.6 |    49.6 
 abcijk-eibc-jkea |    64 | 2304 |   24 | 1.00 | 1.00 |        28.2 |    28.2 |    28.2 
 abcijk-ejab-ikec |   384 |  384 |   24 | 1.00 | 0.00 |        60.1 |    60.1 |    60.1 
 abcijk-ejac-ikeb |   384 |  384 |   24 | 1.00 | 1.00 |        50.5 |    50.5 |    50.5 
 abcijk-ejbc-ikea |    64 | 2304 |   24 | 1.00 | 1.00 |        27.4 |    27.4 |    27.4 
 abcijk-ekab-ijec |   384 |  384 |   24 | 1.00 | 0.00 |        56.8 |    56.8 |    56.8 
 abcijk-ekac-ijeb |   384 |  384 |   24 | 1.00 | 1.00 |        47.7 |    47.7 |    47.7 
 abcijk-ekbc-ijea |    64 | 2304 |   24 | 1.00 | 1.00 |        25.3 |    25.3 |    25.3 
       abc-bk-akc |    48 | 1536 |   32 | 1.00 | 1.00 |        18.8 |    18.8 |    18.8 

=== c32 ===
             case |     m |    n |    k | regA | regB | planar GF/s | 1m GF/s | 3m GF/s 
------------------+-------+------+------+------+------+-------------+---------+---------
         ij-ik-kj |   192 |  180 |  192 | 1.00 | 1.00 |       241.8 |   226.8 |   224.2 
       ij-ikl-ljk |    48 |   32 | 1536 | 1.00 | 1.00 |        83.1 |    85.2 |    79.7 
       ij-kil-lkj |    48 |   32 | 2304 | 1.00 | 1.00 |        90.1 |    86.6 |    86.6 
       ijk-ikl-lj |  1536 |   32 |   48 | 1.00 | 1.00 |        60.0 |    61.6 |    67.4 
       ijk-il-jlk |    48 | 1536 |   32 | 1.00 | 0.92 |       119.9 |   112.5 |    95.1 
       ijk-ilk-jl |  1536 |   48 |   32 | 1.00 | 1.00 |        65.7 |    62.1 |    63.9 
       ijk-ilk-lj |  1536 |   32 |   48 | 1.00 | 1.00 |        65.4 |    68.1 |    68.7 
     ijk-ilmk-mjl |   288 |   12 |  288 | 1.00 | 1.00 |        50.8 |    50.7 |    51.4 
   ijkl-imjn-lnkm |   288 |  288 |  144 | 1.00 | 0.67 |       420.0 |   417.6 |   379.0 
   ijkl-imjn-nlmk |   288 |  144 |  288 | 1.00 | 0.69 |       403.5 |   339.9 |   343.9 
   ijkl-imkn-jnlm |   288 |  288 |  144 | 1.00 | 0.84 |       421.9 |   406.5 |   366.1 
   ijkl-imkn-njml |   288 |  144 |  288 | 1.00 | 0.69 |       419.4 |   352.3 |   338.1 
   ijkl-imln-jnkm |   288 |  288 |  144 | 1.00 | 0.84 |       419.4 |   426.4 |   356.4 
   ijkl-imln-njmk |   288 |  144 |  288 | 1.00 | 0.69 |       422.9 |   361.7 |   357.9 
   ijkl-imnj-nlkm |   288 |  144 |  288 | 1.00 | 0.69 |       413.1 |   358.7 |   325.5 
   ijkl-imnk-njml |   288 |  144 |  288 | 1.00 | 0.69 |       395.7 |   353.1 |   378.2 
   ijkl-minj-nlmk |   288 |  144 |  576 | 1.00 | 0.69 |       594.0 |   425.1 |   480.7 
   ijkl-mink-jnlm |   288 |  288 |  288 | 1.00 | 0.84 |       775.4 |   788.1 |   718.7 
   ijkl-minl-njmk |   288 |  144 |  576 | 1.00 | 0.69 |       552.5 |   493.4 |   484.6 
     aqrs-pa-pqrs |    24 | 1728 |   24 | 1.00 | 1.00 |        65.4 |    66.7 |    58.2 
     abrs-qb-aqrs |    12 | 3456 |   24 | 1.00 | 1.00 |        30.7 |    30.2 |    30.3 
     abcs-rc-abrs |    12 | 3456 |   24 | 1.00 | 1.00 |        30.4 |    30.7 |    30.5 
       abj-bka-kj |  2304 |   32 |   48 | 1.00 | 1.00 |        99.2 |    95.8 |    95.1 
       ajb-kba-jk |  1536 |   48 |   48 | 1.00 | 1.00 |       106.5 |   106.3 |   108.7 
     abjc-cbka-kj |  6912 |   12 |   24 | 1.00 | 1.00 |        54.6 |    55.4 |    51.3 
     ajbc-ckba-jk |  6912 |   24 |   12 | 1.00 | 1.00 |        56.4 |    56.7 |    56.1 
     abjc-kbac-jk |  3456 |   24 |   24 | 1.00 | 1.00 |        60.5 |    59.8 |    58.4 
   abjcd-dkbac-jk | 36864 |   24 |    8 | 1.00 | 1.00 |       127.2 |   135.7 |   122.3 
   adbjc-cbdka-kj | 36864 |    8 |   24 | 1.00 | 1.00 |       116.6 |   122.6 |   120.2 
   ajbdc-ckbad-jk | 36864 |   24 |    8 | 1.00 | 1.00 |       124.4 |   131.7 |   128.2 
 abcijk-ijma-mkbc |  2304 |   64 |   24 | 1.00 | 0.77 |       101.1 |   103.0 |   102.8 
 abcijk-ijmb-mkac |   384 |  384 |   24 | 1.00 | 0.01 |       150.3 |   161.6 |   150.9 
 abcijk-ijmc-mkab |   384 |  384 |   24 | 1.00 | 0.01 |       174.7 |   180.7 |   159.1 
 abcijk-ikma-mjbc |  2304 |   64 |   24 | 1.00 | 0.77 |        93.5 |    96.3 |    96.2 
 abcijk-ikmb-mjac |   384 |  384 |   24 | 1.00 | 0.01 |       156.3 |   162.6 |   146.7 
 abcijk-ikmc-mjab |   384 |  384 |   24 | 1.00 | 0.01 |       157.0 |   166.0 |   163.4 
 abcijk-jkma-mibc |  2304 |   64 |   24 | 1.00 | 0.77 |       102.1 |   102.4 |   103.5 
 abcijk-jkmb-miac |   384 |  384 |   24 | 1.00 | 0.01 |       164.1 |   170.9 |   158.6 
 abcijk-jkmc-miab |   384 |  384 |   24 | 1.00 | 0.01 |       167.6 |   184.6 |   163.2 
 abcijk-eiab-jkec |   384 |  384 |   24 | 1.00 | 0.01 |       172.8 |   182.2 |   165.6 
 abcijk-eiac-jkeb |   384 |  384 |   24 | 1.00 | 0.01 |       170.9 |   176.9 |   167.7 
 abcijk-eibc-jkea |    64 | 2304 |   24 | 1.00 | 0.77 |       105.8 |   105.3 |    97.5 
 abcijk-ejab-ikec |   384 |  384 |   24 | 1.00 | 0.01 |       183.2 |   188.6 |   178.0 
 abcijk-ejac-ikeb |   384 |  384 |   24 | 1.00 | 0.01 |       173.2 |   179.9 |   165.7 
 abcijk-ejbc-ikea |    64 | 2304 |   24 | 1.00 | 0.77 |       103.3 |    97.0 |   101.0 
 abcijk-ekab-ijec |   384 |  384 |   24 | 1.00 | 0.01 |       176.5 |   180.0 |   172.4 
 abcijk-ekac-ijeb |   384 |  384 |   24 | 1.00 | 0.01 |       163.3 |   165.0 |   155.7 
 abcijk-ekbc-ijea |    64 | 2304 |   24 | 1.00 | 0.77 |        95.2 |    94.1 |    92.3 
       abc-bk-akc |    48 | 1536 |   32 | 1.00 | 1.00 |        67.5 |    72.4 |    68.6 

=== complex efficiency ratio (c32 GF/s over f32 GF/s; 1.0 = no penalty) ===
             case | planar c32/f32 | 1m c32/f32 | 3m c32/f32 
------------------+----------------+------------+------------
         ij-ik-kj |          3.151 |      2.955 |      2.921 
       ij-ikl-ljk |          2.375 |      2.434 |      2.278 
       ij-kil-lkj |          2.667 |      2.566 |      2.566 
       ijk-ikl-lj |          3.520 |      3.618 |      3.956 
       ijk-il-jlk |          2.879 |      2.702 |      2.285 
       ijk-ilk-jl |          4.084 |      3.861 |      3.975 
       ijk-ilk-lj |          3.989 |      4.149 |      4.191 
     ijk-ilmk-mjl |          2.577 |      2.572 |      2.606 
   ijkl-imjn-lnkm |          2.938 |      2.921 |      2.651 
   ijkl-imjn-nlmk |          2.944 |      2.480 |      2.509 
   ijkl-imkn-jnlm |          2.883 |      2.778 |      2.501 
   ijkl-imkn-njml |          3.594 |      3.019 |      2.897 
   ijkl-imln-jnkm |          2.828 |      2.875 |      2.403 
   ijkl-imln-njmk |          3.588 |      3.069 |      3.036 
   ijkl-imnj-nlkm |          2.937 |      2.550 |      2.314 
   ijkl-imnk-njml |          2.702 |      2.411 |      2.583 
   ijkl-minj-nlmk |          3.436 |      2.459 |      2.781 
   ijkl-mink-jnlm |          2.868 |      2.915 |      2.658 
   ijkl-minl-njmk |          2.499 |      2.231 |      2.192 
     aqrs-pa-pqrs |          3.495 |      3.561 |      3.108 
     abrs-qb-aqrs |          4.167 |      4.103 |      4.113 
     abcs-rc-abrs |          4.230 |      4.264 |      4.241 
       abj-bka-kj |          3.890 |      3.757 |      3.729 
       ajb-kba-jk |          4.212 |      4.204 |      4.299 
     abjc-cbka-kj |          3.929 |      3.987 |      3.690 
     ajbc-ckba-jk |          4.019 |      4.041 |      4.001 
     abjc-kbac-jk |          4.189 |      4.139 |      4.046 
   abjcd-dkbac-jk |          3.033 |      3.235 |      2.916 
   adbjc-cbdka-kj |          3.265 |      3.432 |      3.366 
   ajbdc-ckbad-jk |          3.129 |      3.313 |      3.225 
 abcijk-ijma-mkbc |          3.973 |      4.047 |      4.040 
 abcijk-ijmb-mkac |          3.192 |      3.431 |      3.205 
 abcijk-ijmc-mkab |          2.981 |      3.085 |      2.716 
 abcijk-ikma-mjbc |          3.731 |      3.846 |      3.840 
 abcijk-ikmb-mjac |          3.338 |      3.474 |      3.133 
 abcijk-ikmc-mjab |          2.890 |      3.055 |      3.007 
 abcijk-jkma-mibc |          3.740 |      3.750 |      3.791 
 abcijk-jkmb-miac |          3.429 |      3.570 |      3.314 
 abcijk-jkmc-miab |          2.887 |      3.180 |      2.811 
 abcijk-eiab-jkec |          2.999 |      3.161 |      2.874 
 abcijk-eiac-jkeb |          3.443 |      3.563 |      3.378 
 abcijk-eibc-jkea |          3.755 |      3.737 |      3.463 
 abcijk-ejab-ikec |          3.045 |      3.135 |      2.959 
 abcijk-ejac-ikeb |          3.431 |      3.564 |      3.283 
 abcijk-ejbc-ikea |          3.775 |      3.543 |      3.690 
 abcijk-ekab-ijec |          3.108 |      3.168 |      3.035 
 abcijk-ekac-ijeb |          3.422 |      3.460 |      3.263 
 abcijk-ekbc-ijea |          3.758 |      3.716 |      3.643 
       abc-bk-akc |          3.590 |      3.849 |      3.648 
             MEAN |          3.357 |      3.325 |      3.207 

wrote bench-results/worker5086-zen2/phase4g/sm-pool-s0.25-t64-f32c32.csv
