host        : worker5086
target      : x86_64 / linux
cpu features: avx2 fma 
caches      : L1=32KiB/8-way/1sh L2=512KiB/8-way/1sh L3=16384KiB/16-way/4sh (via sysfs), blocking=legacy
l3 domains  : t1=1 t4=1 t8=2 t16=4 t32=8 t64=16
baselines   : tblis=false blas=false

sweeping 49 cases at 16 MiB nominal tensor size, 3 reps, stress=none


=== f32 ===
             case |      m |     n |     k | regA | regB | planar GF/s | 1m GF/s | 3m GF/s 
------------------+--------+-------+-------+------+------+-------------+---------+---------
         ij-ik-kj |   1464 |  1448 |  1464 | 1.00 | 1.00 |       609.2 |   609.2 |   609.2 
       ij-ikl-ljk |    144 |   128 | 18432 | 1.00 | 1.00 |       247.2 |   247.2 |   247.2 
       ij-kil-lkj |    144 |   128 | 20736 | 1.00 | 1.00 |       236.2 |   236.2 |   236.2 
       ijk-ikl-lj |  18432 |   128 |   144 | 1.00 | 1.00 |       596.1 |   596.1 |   596.1 
       ijk-il-jlk |    144 | 18432 |   128 | 1.00 | 1.00 |       872.5 |   872.5 |   872.5 
       ijk-ilk-jl |  18432 |   144 |   128 | 1.00 | 1.00 |      1059.6 |  1059.6 |  1059.6 
       ijk-ilk-lj |  18432 |   128 |   144 | 1.00 | 1.00 |      1060.9 |  1060.9 |  1060.9 
     ijk-ilmk-mjl |   1920 |    40 |  1920 | 1.00 | 1.00 |       423.3 |   423.3 |   423.3 
   ijkl-imjn-lnkm |   1920 |  1920 |  1600 | 1.00 | 0.90 |       894.1 |   894.1 |   894.1 
   ijkl-imjn-nlmk |   1920 |  1600 |  1920 | 1.00 | 0.90 |       968.9 |   968.9 |   968.9 
   ijkl-imkn-jnlm |   1920 |  1920 |  1600 | 1.00 | 1.00 |      1551.1 |  1551.1 |  1551.1 
   ijkl-imkn-njml |   1920 |  1600 |  1920 | 1.00 | 0.90 |      1573.7 |  1573.7 |  1573.7 
   ijkl-imln-jnkm |   1920 |  1920 |  1600 | 1.00 | 1.00 |      1485.8 |  1485.8 |  1485.8 
   ijkl-imln-njmk |   1920 |  1600 |  1920 | 1.00 | 0.90 |      1529.6 |  1529.6 |  1529.6 
   ijkl-imnj-nlkm |   1920 |  1600 |  1920 | 1.00 | 0.90 |      1177.0 |  1177.0 |  1177.0 
   ijkl-imnk-njml |   1920 |  1600 |  1920 | 1.00 | 0.90 |      1611.1 |  1611.1 |  1611.1 
   ijkl-minj-nlmk |   1920 |  1600 |  2304 | 1.00 | 0.90 |      1150.2 |  1150.2 |  1150.2 
   ijkl-mink-jnlm |   1920 |  1920 |  1920 | 1.00 | 1.00 |      1776.5 |  1776.5 |  1776.5 
   ijkl-minl-njmk |   1920 |  1600 |  2304 | 1.00 | 0.90 |      1252.5 |  1252.5 |  1252.5 
     aqrs-pa-pqrs |     48 | 64000 |    48 | 1.00 | 1.00 |       593.7 |   593.7 |   593.7 
     abrs-qb-aqrs |     40 | 76800 |    48 | 1.00 | 1.00 |       589.4 |   589.4 |   589.4 
     abcs-rc-abrs |     40 | 76800 |    48 | 1.00 | 1.00 |       551.5 |   551.5 |   551.5 
       abj-bka-kj |  20736 |   128 |   144 | 1.00 | 1.00 |       716.6 |   716.6 |   716.6 
       ajb-kba-jk |  18432 |   144 |   144 | 1.00 | 1.00 |       990.3 |   990.3 |   990.3 
     abjc-cbka-kj |  92160 |    40 |    48 | 1.00 | 1.00 |       154.7 |   154.7 |   154.7 
     ajbc-ckba-jk |  92160 |    48 |    40 | 1.00 | 1.00 |       278.6 |   278.6 |   278.6 
     abjc-kbac-jk |  76800 |    48 |    48 | 1.00 | 1.00 |       602.5 |   602.5 |   602.5 
   abjcd-dkbac-jk | 230400 |    24 |    20 | 0.67 | 1.00 |        53.1 |    53.1 |    53.1 
   adbjc-cbdka-kj | 230400 |    20 |    24 | 0.67 | 1.00 |        59.8 |    59.8 |    59.8 
   ajbdc-ckbad-jk | 230400 |    24 |    20 | 1.00 | 1.00 |        60.4 |    60.4 |    60.4 
 abcijk-ijma-mkbc |   6912 |  1728 |    24 | 1.00 | 1.00 |       597.8 |   597.8 |   597.8 
 abcijk-ijmb-mkac |   3456 |  3456 |    24 | 1.00 | 1.00 |       730.9 |   730.9 |   730.9 
 abcijk-ijmc-mkab |   3456 |  3456 |    24 | 1.00 | 1.00 |       903.2 |   903.2 |   903.2 
 abcijk-ikma-mjbc |   6912 |  1728 |    24 | 1.00 | 1.00 |       586.7 |   586.7 |   586.7 
 abcijk-ikmb-mjac |   3456 |  3456 |    24 | 1.00 | 1.00 |       732.4 |   732.4 |   732.4 
 abcijk-ikmc-mjab |   3456 |  3456 |    24 | 1.00 | 1.00 |       860.6 |   860.6 |   860.6 
 abcijk-jkma-mibc |   6912 |  1728 |    24 | 1.00 | 1.00 |       647.5 |   647.5 |   647.5 
 abcijk-jkmb-miac |   3456 |  3456 |    24 | 1.00 | 1.00 |       724.2 |   724.2 |   724.2 
 abcijk-jkmc-miab |   3456 |  3456 |    24 | 1.00 | 1.00 |       874.0 |   874.0 |   874.0 
 abcijk-eiab-jkec |   3456 |  3456 |    24 | 1.00 | 1.00 |       892.9 |   892.9 |   892.9 
 abcijk-eiac-jkeb |   3456 |  3456 |    24 | 1.00 | 1.00 |       720.5 |   720.5 |   720.5 
 abcijk-eibc-jkea |   1728 |  6912 |    24 | 1.00 | 1.00 |       648.9 |   648.9 |   648.9 
 abcijk-ejab-ikec |   3456 |  3456 |    24 | 1.00 | 1.00 |       876.9 |   876.9 |   876.9 
 abcijk-ejac-ikeb |   3456 |  3456 |    24 | 1.00 | 1.00 |       733.0 |   733.0 |   733.0 
 abcijk-ejbc-ikea |   1728 |  6912 |    24 | 1.00 | 1.00 |       582.1 |   582.1 |   582.1 
 abcijk-ekab-ijec |   3456 |  3456 |    24 | 1.00 | 1.00 |       853.4 |   853.4 |   853.4 
 abcijk-ekac-ijeb |   3456 |  3456 |    24 | 1.00 | 1.00 |       738.6 |   738.6 |   738.6 
 abcijk-ekbc-ijea |   1728 |  6912 |    24 | 1.00 | 1.00 |       585.6 |   585.6 |   585.6 
       abc-bk-akc |    144 | 18432 |   128 | 1.00 | 1.00 |      1103.7 |  1103.7 |  1103.7 

=== c32 ===
             case |      m |     n |     k | regA | regB | planar GF/s | 1m GF/s | 3m GF/s 
------------------+--------+-------+-------+------+------+-------------+---------+---------
         ij-ik-kj |   1464 |  1448 |  1464 | 1.00 | 1.00 |       943.2 |  1833.6 |  1591.7 
       ij-ikl-ljk |    144 |   128 | 18432 | 1.00 | 1.00 |       568.2 |   462.1 |   349.0 
       ij-kil-lkj |    144 |   128 | 20736 | 1.00 | 1.00 |       623.0 |   609.2 |   400.9 
       ijk-ikl-lj |  18432 |   128 |   144 | 1.00 | 1.00 |       998.4 |  1472.9 |  1676.8 
       ijk-il-jlk |    144 | 18432 |   128 | 1.00 | 0.97 |       982.7 |  1104.2 |   882.4 
       ijk-ilk-jl |  18432 |   144 |   128 | 1.00 | 1.00 |      1684.3 |  1575.6 |  1716.1 
       ijk-ilk-lj |  18432 |   128 |   144 | 1.00 | 1.00 |      1641.4 |  1481.4 |  1734.5 
     ijk-ilmk-mjl |   1920 |    40 |  1920 | 1.00 | 1.00 |       907.2 |   659.4 |   587.1 
   ijkl-imjn-lnkm |   1920 |  1920 |  1600 | 1.00 | 1.00 |      1412.5 |  1473.8 |  1448.2 
   ijkl-imjn-nlmk |   1920 |  1600 |  1920 | 1.00 | 1.00 |      1593.2 |  1701.5 |  1611.0 
   ijkl-imkn-jnlm |   1920 |  1920 |  1600 | 1.00 | 0.92 |      1948.6 |  1933.2 |  1780.9 
   ijkl-imkn-njml |   1920 |  1600 |  1920 | 1.00 | 1.00 |      2011.4 |  1971.3 |  1832.2 
   ijkl-imln-jnkm |   1920 |  1920 |  1600 | 1.00 | 0.92 |      1980.6 |  1857.6 |  1792.6 
   ijkl-imln-njmk |   1920 |  1600 |  1920 | 1.00 | 1.00 |      2015.0 |  1939.0 |  1787.0 
   ijkl-imnj-nlkm |   1920 |  1600 |  1920 | 1.00 | 1.00 |      1580.6 |  1635.8 |  1574.3 
   ijkl-imnk-njml |   1920 |  1600 |  1920 | 1.00 | 1.00 |      1999.6 |  1964.5 |  1820.3 
   ijkl-minj-nlmk |   1920 |  1600 |  2304 | 1.00 | 1.00 |      1544.2 |  1647.9 |  1579.1 
   ijkl-mink-jnlm |   1920 |  1920 |  1920 | 1.00 | 0.92 |      2005.1 |  2002.2 |  1894.8 
   ijkl-minl-njmk |   1920 |  1600 |  2304 | 1.00 | 1.00 |      2023.7 |  1939.8 |  1868.0 
     aqrs-pa-pqrs |     48 | 64000 |    48 | 1.00 | 1.00 |       433.2 |   444.7 |   394.3 
     abrs-qb-aqrs |     40 | 76800 |    48 | 1.00 | 1.00 |       702.1 |   990.0 |  1046.3 
     abcs-rc-abrs |     40 | 76800 |    48 | 1.00 | 1.00 |      1088.3 |  1075.6 |  1039.7 
       abj-bka-kj |  20736 |   128 |   144 | 1.00 | 1.00 |      1369.8 |  1355.8 |  1431.4 
       ajb-kba-jk |  18432 |   144 |   144 | 1.00 | 1.00 |      1689.9 |  1796.9 |  1794.6 
     abjc-cbka-kj |  92160 |    40 |    48 | 1.00 | 1.00 |       264.7 |   253.6 |   247.4 
     ajbc-ckba-jk |  92160 |    48 |    40 | 1.00 | 1.00 |       383.5 |   361.4 |   361.4 
     abjc-kbac-jk |  76800 |    48 |    48 | 1.00 | 1.00 |      1062.2 |  1114.1 |  1116.6 
   abjcd-dkbac-jk | 230400 |    24 |    20 | 1.00 | 1.00 |       115.6 |   114.4 |   114.3 
   adbjc-cbdka-kj | 230400 |    20 |    24 | 1.00 | 1.00 |        96.4 |    94.0 |    95.6 
   ajbdc-ckbad-jk | 230400 |    24 |    20 | 1.00 | 1.00 |       114.7 |   114.8 |   115.1 
 abcijk-ijma-mkbc |   6912 |  1728 |    24 | 1.00 | 0.97 |       812.6 |   863.7 |   661.6 
 abcijk-ijmb-mkac |   3456 |  3456 |    24 | 1.00 | 0.67 |       978.8 |  1024.5 |   785.8 
 abcijk-ijmc-mkab |   3456 |  3456 |    24 | 1.00 | 0.67 |      1021.5 |   962.7 |   908.8 
 abcijk-ikma-mjbc |   6912 |  1728 |    24 | 1.00 | 0.97 |       792.1 |   874.6 |   647.4 
 abcijk-ikmb-mjac |   3456 |  3456 |    24 | 1.00 | 0.67 |       950.8 |   915.7 |   806.5 
 abcijk-ikmc-mjab |   3456 |  3456 |    24 | 1.00 | 0.67 |       964.0 |  1022.1 |   906.3 
 abcijk-jkma-mibc |   6912 |  1728 |    24 | 1.00 | 0.97 |       882.4 |   935.1 |   738.7 
 abcijk-jkmb-miac |   3456 |  3456 |    24 | 1.00 | 0.67 |       993.4 |  1046.5 |   822.9 
 abcijk-jkmc-miab |   3456 |  3456 |    24 | 1.00 | 0.67 |      1089.3 |  1079.8 |   914.1 
 abcijk-eiab-jkec |   3456 |  3456 |    24 | 1.00 | 0.67 |      1093.7 |  1081.0 |   885.9 
 abcijk-eiac-jkeb |   3456 |  3456 |    24 | 1.00 | 0.67 |       976.8 |  1043.5 |   750.1 
 abcijk-eibc-jkea |   1728 |  6912 |    24 | 1.00 | 0.97 |       883.6 |   933.5 |   692.5 
 abcijk-ejab-ikec |   3456 |  3456 |    24 | 1.00 | 0.67 |      1084.8 |  1036.5 |   908.7 
 abcijk-ejac-ikeb |   3456 |  3456 |    24 | 1.00 | 0.67 |       970.1 |  1033.1 |   784.0 
 abcijk-ejbc-ikea |   1728 |  6912 |    24 | 1.00 | 0.97 |       805.4 |   861.8 |   651.7 
 abcijk-ekab-ijec |   3456 |  3456 |    24 | 1.00 | 0.67 |      1099.1 |  1022.0 |   900.7 
 abcijk-ekac-ijeb |   3456 |  3456 |    24 | 1.00 | 0.67 |       987.8 |  1027.6 |   837.3 
 abcijk-ekbc-ijea |   1728 |  6912 |    24 | 1.00 | 0.97 |       830.0 |   855.6 |   671.7 
       abc-bk-akc |    144 | 18432 |   128 | 1.00 | 1.00 |      1094.0 |  1181.9 |  1140.9 

=== complex efficiency ratio (c32 GF/s over f32 GF/s; 1.0 = no penalty) ===
             case | planar c32/f32 | 1m c32/f32 | 3m c32/f32 
------------------+----------------+------------+------------
         ij-ik-kj |          1.548 |      3.010 |      2.613 
       ij-ikl-ljk |          2.298 |      1.869 |      1.412 
       ij-kil-lkj |          2.638 |      2.580 |      1.697 
       ijk-ikl-lj |          1.675 |      2.471 |      2.813 
       ijk-il-jlk |          1.126 |      1.266 |      1.011 
       ijk-ilk-jl |          1.590 |      1.487 |      1.620 
       ijk-ilk-lj |          1.547 |      1.396 |      1.635 
     ijk-ilmk-mjl |          2.143 |      1.558 |      1.387 
   ijkl-imjn-lnkm |          1.580 |      1.648 |      1.620 
   ijkl-imjn-nlmk |          1.644 |      1.756 |      1.663 
   ijkl-imkn-jnlm |          1.256 |      1.246 |      1.148 
   ijkl-imkn-njml |          1.278 |      1.253 |      1.164 
   ijkl-imln-jnkm |          1.333 |      1.250 |      1.206 
   ijkl-imln-njmk |          1.317 |      1.268 |      1.168 
   ijkl-imnj-nlkm |          1.343 |      1.390 |      1.338 
   ijkl-imnk-njml |          1.241 |      1.219 |      1.130 
   ijkl-minj-nlmk |          1.343 |      1.433 |      1.373 
   ijkl-mink-jnlm |          1.129 |      1.127 |      1.067 
   ijkl-minl-njmk |          1.616 |      1.549 |      1.491 
     aqrs-pa-pqrs |          0.730 |      0.749 |      0.664 
     abrs-qb-aqrs |          1.191 |      1.680 |      1.775 
     abcs-rc-abrs |          1.973 |      1.950 |      1.885 
       abj-bka-kj |          1.911 |      1.892 |      1.997 
       ajb-kba-jk |          1.706 |      1.815 |      1.812 
     abjc-cbka-kj |          1.711 |      1.640 |      1.599 
     ajbc-ckba-jk |          1.377 |      1.297 |      1.297 
     abjc-kbac-jk |          1.763 |      1.849 |      1.853 
   abjcd-dkbac-jk |          2.177 |      2.154 |      2.151 
   adbjc-cbdka-kj |          1.613 |      1.573 |      1.599 
   ajbdc-ckbad-jk |          1.899 |      1.902 |      1.906 
 abcijk-ijma-mkbc |          1.359 |      1.445 |      1.107 
 abcijk-ijmb-mkac |          1.339 |      1.402 |      1.075 
 abcijk-ijmc-mkab |          1.131 |      1.066 |      1.006 
 abcijk-ikma-mjbc |          1.350 |      1.491 |      1.103 
 abcijk-ikmb-mjac |          1.298 |      1.250 |      1.101 
 abcijk-ikmc-mjab |          1.120 |      1.188 |      1.053 
 abcijk-jkma-mibc |          1.363 |      1.444 |      1.141 
 abcijk-jkmb-miac |          1.372 |      1.445 |      1.136 
 abcijk-jkmc-miab |          1.246 |      1.236 |      1.046 
 abcijk-eiab-jkec |          1.225 |      1.211 |      0.992 
 abcijk-eiac-jkeb |          1.356 |      1.448 |      1.041 
 abcijk-eibc-jkea |          1.362 |      1.439 |      1.067 
 abcijk-ejab-ikec |          1.237 |      1.182 |      1.036 
 abcijk-ejac-ikeb |          1.323 |      1.409 |      1.070 
 abcijk-ejbc-ikea |          1.384 |      1.480 |      1.120 
 abcijk-ekab-ijec |          1.288 |      1.198 |      1.055 
 abcijk-ekac-ijeb |          1.337 |      1.391 |      1.134 
 abcijk-ekbc-ijea |          1.417 |      1.461 |      1.147 
       abc-bk-akc |          0.991 |      1.071 |      1.034 
             MEAN |          1.473 |      1.521 |      1.379 

wrote bench-results/worker5086-zen2/phase4g/sm-pool-s16-t32-f32c32.csv
