host        : worker5086
target      : x86_64 / linux
cpu features: avx2 fma 
caches      : L1=32KiB/8-way/1sh L2=512KiB/8-way/1sh L3=16384KiB/16-way/4sh (via sysfs), blocking=legacy
l3 domains  : t1=1 t4=1 t8=2 t16=4 t32=8 t64=16
baselines   : tblis=false blas=false

sweeping 49 cases at 4 MiB nominal tensor size, 6 reps, stress=none


=== f64 ===
             case |     m |     n |    k | regA | regB | planar GF/s | 1m GF/s | 3m GF/s 
------------------+-------+-------+------+------+------+-------------+---------+---------
         ij-ik-kj |   744 |   724 |  744 | 1.00 | 1.00 |       229.7 |   229.7 |   229.7 
       ij-ikl-ljk |    96 |    80 | 7680 | 1.00 | 1.00 |        62.2 |    62.2 |    62.2 
       ij-kil-lkj |    96 |    80 | 9216 | 1.00 | 1.00 |        60.7 |    60.7 |    60.7 
       ijk-ikl-lj |  7680 |    80 |   96 | 1.00 | 1.00 |       372.2 |   372.2 |   372.2 
       ijk-il-jlk |    96 |  7680 |   80 | 1.00 | 1.00 |       141.5 |   141.5 |   141.5 
       ijk-ilk-jl |  7680 |    96 |   80 | 1.00 | 1.00 |       391.5 |   391.5 |   391.5 
       ijk-ilk-lj |  7680 |    80 |   96 | 1.00 | 1.00 |       385.1 |   385.1 |   385.1 
     ijk-ilmk-mjl |  1344 |    28 | 1344 | 1.00 | 1.00 |       140.1 |   140.1 |   140.1 
   ijkl-imjn-lnkm |  1344 |  1344 |  784 | 1.00 | 0.86 |       336.1 |   336.1 |   336.1 
   ijkl-imjn-nlmk |  1344 |   784 | 1344 | 1.00 | 0.86 |       332.3 |   332.3 |   332.3 
   ijkl-imkn-jnlm |  1344 |  1344 |  784 | 1.00 | 1.00 |       497.7 |   497.7 |   497.7 
   ijkl-imkn-njml |  1344 |   784 | 1344 | 1.00 | 0.86 |       534.6 |   534.6 |   534.6 
   ijkl-imln-jnkm |  1344 |  1344 |  784 | 1.00 | 1.00 |       544.8 |   544.8 |   544.8 
   ijkl-imln-njmk |  1344 |   784 | 1344 | 1.00 | 0.86 |       632.4 |   632.4 |   632.4 
   ijkl-imnj-nlkm |  1344 |   784 | 1344 | 1.00 | 0.86 |       446.2 |   446.2 |   446.2 
   ijkl-imnk-njml |  1344 |   784 | 1344 | 1.00 | 0.86 |       442.6 |   442.6 |   442.6 
   ijkl-minj-nlmk |  1344 |   784 | 2304 | 1.00 | 0.86 |       451.0 |   451.0 |   451.0 
   ijkl-mink-jnlm |  1344 |  1344 | 1344 | 1.00 | 1.00 |       634.2 |   634.2 |   634.2 
   ijkl-minl-njmk |  1344 |   784 | 2304 | 1.00 | 0.86 |       645.3 |   645.3 |   645.3 
     aqrs-pa-pqrs |    48 | 21952 |   48 | 1.00 | 1.00 |       129.8 |   129.8 |   129.8 
     abrs-qb-aqrs |    28 | 37632 |   48 | 1.00 | 1.00 |       270.5 |   270.5 |   270.5 
     abcs-rc-abrs |    28 | 37632 |   48 | 1.00 | 1.00 |       258.8 |   258.8 |   258.8 
       abj-bka-kj |  9216 |    80 |   96 | 1.00 | 1.00 |       299.7 |   299.7 |   299.7 
       ajb-kba-jk |  7680 |    96 |   96 | 1.00 | 1.00 |       432.6 |   432.6 |   432.6 
     abjc-cbka-kj | 64512 |    28 |   48 | 1.00 | 1.00 |        81.1 |    81.1 |    81.1 
     ajbc-ckba-jk | 64512 |    48 |   28 | 1.00 | 1.00 |       211.9 |   211.9 |   211.9 
     abjc-kbac-jk | 37632 |    48 |   48 | 1.00 | 1.00 |       312.5 |   312.5 |   312.5 
   abjcd-dkbac-jk | 82944 |    24 |   12 | 1.00 | 1.00 |        85.9 |    85.9 |    85.9 
   adbjc-cbdka-kj | 82944 |    12 |   24 | 1.00 | 1.00 |        56.5 |    56.5 |    56.5 
   ajbdc-ckbad-jk | 82944 |    24 |   12 | 1.00 | 1.00 |        86.6 |    86.6 |    86.6 
 abcijk-ijma-mkbc |  4608 |   512 |   24 | 1.00 | 0.94 |       195.3 |   195.3 |   195.3 
 abcijk-ijmb-mkac |  1536 |  1536 |   24 | 1.00 | 0.50 |       405.2 |   405.2 |   405.2 
 abcijk-ijmc-mkab |  1536 |  1536 |   24 | 1.00 | 0.50 |       392.2 |   392.2 |   392.2 
 abcijk-ikma-mjbc |  4608 |   512 |   24 | 1.00 | 0.94 |       186.3 |   186.3 |   186.3 
 abcijk-ikmb-mjac |  1536 |  1536 |   24 | 1.00 | 0.50 |       398.2 |   398.2 |   398.2 
 abcijk-ikmc-mjab |  1536 |  1536 |   24 | 1.00 | 0.50 |       409.4 |   409.4 |   409.4 
 abcijk-jkma-mibc |  4608 |   512 |   24 | 1.00 | 0.94 |       200.3 |   200.3 |   200.3 
 abcijk-jkmb-miac |  1536 |  1536 |   24 | 1.00 | 0.50 |       434.3 |   434.3 |   434.3 
 abcijk-jkmc-miab |  1536 |  1536 |   24 | 1.00 | 0.50 |       403.8 |   403.8 |   403.8 
 abcijk-eiab-jkec |  1536 |  1536 |   24 | 1.00 | 0.50 |       416.1 |   416.1 |   416.1 
 abcijk-eiac-jkeb |  1536 |  1536 |   24 | 1.00 | 0.50 |       411.2 |   411.2 |   411.2 
 abcijk-eibc-jkea |   512 |  4608 |   24 | 1.00 | 0.94 |       201.3 |   201.3 |   201.3 
 abcijk-ejab-ikec |  1536 |  1536 |   24 | 1.00 | 0.50 |       405.2 |   405.2 |   405.2 
 abcijk-ejac-ikeb |  1536 |  1536 |   24 | 1.00 | 0.50 |       402.1 |   402.1 |   402.1 
 abcijk-ejbc-ikea |   512 |  4608 |   24 | 1.00 | 0.94 |       187.2 |   187.2 |   187.2 
 abcijk-ekab-ijec |  1536 |  1536 |   24 | 1.00 | 0.50 |       386.7 |   386.7 |   386.7 
 abcijk-ekac-ijeb |  1536 |  1536 |   24 | 1.00 | 0.50 |       436.1 |   436.1 |   436.1 
 abcijk-ekbc-ijea |   512 |  4608 |   24 | 1.00 | 0.94 |       192.8 |   192.8 |   192.8 
       abc-bk-akc |    96 |  7680 |   80 | 1.00 | 1.00 |       393.8 |   393.8 |   393.8 

=== c64 ===
             case |     m |     n |    k | regA | regB | planar GF/s | 1m GF/s | 3m GF/s 
------------------+-------+-------+------+------+------+-------------+---------+---------
         ij-ik-kj |   744 |   724 |  744 | 1.00 | 1.00 |       369.2 |   389.8 |   381.4 
       ij-ikl-ljk |    96 |    80 | 7680 | 1.00 | 1.00 |       191.8 |   117.1 |   160.7 
       ij-kil-lkj |    96 |    80 | 9216 | 1.00 | 1.00 |       193.6 |   102.6 |   199.4 
       ijk-ikl-lj |  7680 |    80 |   96 | 1.00 | 1.00 |       666.4 |   643.3 |   686.6 
       ijk-il-jlk |    96 |  7680 |   80 | 1.00 | 0.96 |       289.8 |   296.5 |   211.2 
       ijk-ilk-jl |  7680 |    96 |   80 | 1.00 | 1.00 |       687.8 |   706.8 |   719.5 
       ijk-ilk-lj |  7680 |    80 |   96 | 1.00 | 1.00 |       754.8 |   688.9 |   690.6 
     ijk-ilmk-mjl |  1344 |    28 | 1344 | 1.00 | 1.00 |       317.3 |   288.8 |   281.5 
   ijkl-imjn-lnkm |  1344 |  1344 |  784 | 1.00 | 0.86 |       648.5 |   602.1 |   525.0 
   ijkl-imjn-nlmk |  1344 |   784 | 1344 | 1.00 | 0.86 |       769.9 |   796.2 |   734.3 
   ijkl-imkn-jnlm |  1344 |  1344 |  784 | 1.00 | 0.92 |       897.2 |   864.4 |   775.3 
   ijkl-imkn-njml |  1344 |   784 | 1344 | 1.00 | 0.86 |       776.6 |   866.7 |   810.3 
   ijkl-imln-jnkm |  1344 |  1344 |  784 | 1.00 | 0.92 |       919.5 |   878.1 |   759.9 
   ijkl-imln-njmk |  1344 |   784 | 1344 | 1.00 | 0.86 |       913.4 |   881.2 |   791.0 
   ijkl-imnj-nlkm |  1344 |   784 | 1344 | 1.00 | 0.86 |       828.2 |   809.4 |   747.2 
   ijkl-imnk-njml |  1344 |   784 | 1344 | 1.00 | 0.86 |       714.4 |   827.0 |   811.0 
   ijkl-minj-nlmk |  1344 |   784 | 2304 | 1.00 | 0.86 |       837.3 |   854.4 |   771.1 
   ijkl-mink-jnlm |  1344 |  1344 | 1344 | 1.00 | 0.92 |       954.5 |   875.4 |   813.4 
   ijkl-minl-njmk |  1344 |   784 | 2304 | 1.00 | 0.86 |       954.9 |   897.1 |   839.5 
     aqrs-pa-pqrs |    48 | 21952 |   48 | 1.00 | 1.00 |       196.0 |   187.7 |   159.6 
     abrs-qb-aqrs |    28 | 37632 |   48 | 1.00 | 1.00 |       506.6 |   495.5 |   497.2 
     abcs-rc-abrs |    28 | 37632 |   48 | 1.00 | 1.00 |       468.8 |   489.5 |   469.1 
       abj-bka-kj |  9216 |    80 |   96 | 1.00 | 1.00 |       661.6 |   597.5 |   613.1 
       ajb-kba-jk |  7680 |    96 |   96 | 1.00 | 1.00 |       731.8 |   732.2 |   700.2 
     abjc-cbka-kj | 64512 |    28 |   48 | 1.00 | 1.00 |       127.5 |   115.7 |   117.5 
     ajbc-ckba-jk | 64512 |    48 |   28 | 1.00 | 1.00 |       247.9 |   241.6 |   245.0 
     abjc-kbac-jk | 37632 |    48 |   48 | 1.00 | 1.00 |       589.1 |   646.6 |   613.1 
   abjcd-dkbac-jk | 82944 |    24 |   12 | 1.00 | 1.00 |       196.5 |   186.8 |   172.8 
   adbjc-cbdka-kj | 82944 |    12 |   24 | 1.00 | 1.00 |        78.4 |    76.9 |    79.5 
   ajbdc-ckbad-jk | 82944 |    24 |   12 | 1.00 | 1.00 |       183.7 |   189.2 |   172.3 
 abcijk-ijma-mkbc |  4608 |   512 |   24 | 1.00 | 0.94 |       383.7 |   396.2 |   373.9 
 abcijk-ijmb-mkac |  1536 |  1536 |   24 | 1.00 | 0.50 |       594.6 |   622.4 |   484.0 
 abcijk-ijmc-mkab |  1536 |  1536 |   24 | 1.00 | 0.50 |       632.5 |   604.4 |   493.4 
 abcijk-ikma-mjbc |  4608 |   512 |   24 | 1.00 | 0.94 |       404.5 |   418.9 |   396.9 
 abcijk-ikmb-mjac |  1536 |  1536 |   24 | 1.00 | 0.50 |       594.3 |   627.9 |   508.8 
 abcijk-ikmc-mjab |  1536 |  1536 |   24 | 1.00 | 0.50 |       608.5 |   593.7 |   494.4 
 abcijk-jkma-mibc |  4608 |   512 |   24 | 1.00 | 0.94 |       413.1 |   379.9 |   377.2 
 abcijk-jkmb-miac |  1536 |  1536 |   24 | 1.00 | 0.50 |       598.9 |   624.2 |   504.0 
 abcijk-jkmc-miab |  1536 |  1536 |   24 | 1.00 | 0.50 |       628.9 |   622.2 |   509.4 
 abcijk-eiab-jkec |  1536 |  1536 |   24 | 1.00 | 0.50 |       624.5 |   631.2 |   508.6 
 abcijk-eiac-jkeb |  1536 |  1536 |   24 | 1.00 | 0.50 |       609.4 |   640.1 |   512.2 
 abcijk-eibc-jkea |   512 |  4608 |   24 | 1.00 | 0.94 |       426.4 |   394.4 |   374.3 
 abcijk-ejab-ikec |  1536 |  1536 |   24 | 1.00 | 0.50 |       614.6 |   594.3 |   494.4 
 abcijk-ejac-ikeb |  1536 |  1536 |   24 | 1.00 | 0.50 |       599.2 |   624.0 |   504.4 
 abcijk-ejbc-ikea |   512 |  4608 |   24 | 1.00 | 0.94 |       414.2 |   423.6 |   381.3 
 abcijk-ekab-ijec |  1536 |  1536 |   24 | 1.00 | 0.50 |       625.6 |   581.8 |   487.6 
 abcijk-ekac-ijeb |  1536 |  1536 |   24 | 1.00 | 0.50 |       602.0 |   628.5 |   485.0 
 abcijk-ekbc-ijea |   512 |  4608 |   24 | 1.00 | 0.94 |       422.6 |   414.5 |   381.8 
       abc-bk-akc |    96 |  7680 |   80 | 1.00 | 1.00 |       715.2 |   746.1 |   708.6 

=== complex efficiency ratio (c64 GF/s over f64 GF/s; 1.0 = no penalty) ===
             case | planar c64/f64 | 1m c64/f64 | 3m c64/f64 
------------------+----------------+------------+------------
         ij-ik-kj |          1.607 |      1.697 |      1.660 
       ij-ikl-ljk |          3.085 |      1.883 |      2.584 
       ij-kil-lkj |          3.192 |      1.691 |      3.286 
       ijk-ikl-lj |          1.790 |      1.728 |      1.845 
       ijk-il-jlk |          2.048 |      2.095 |      1.492 
       ijk-ilk-jl |          1.757 |      1.805 |      1.838 
       ijk-ilk-lj |          1.960 |      1.789 |      1.793 
     ijk-ilmk-mjl |          2.265 |      2.062 |      2.009 
   ijkl-imjn-lnkm |          1.929 |      1.791 |      1.562 
   ijkl-imjn-nlmk |          2.317 |      2.396 |      2.210 
   ijkl-imkn-jnlm |          1.803 |      1.737 |      1.558 
   ijkl-imkn-njml |          1.453 |      1.621 |      1.516 
   ijkl-imln-jnkm |          1.688 |      1.612 |      1.395 
   ijkl-imln-njmk |          1.444 |      1.393 |      1.251 
   ijkl-imnj-nlkm |          1.856 |      1.814 |      1.675 
   ijkl-imnk-njml |          1.614 |      1.868 |      1.832 
   ijkl-minj-nlmk |          1.857 |      1.895 |      1.710 
   ijkl-mink-jnlm |          1.505 |      1.380 |      1.283 
   ijkl-minl-njmk |          1.480 |      1.390 |      1.301 
     aqrs-pa-pqrs |          1.511 |      1.447 |      1.230 
     abrs-qb-aqrs |          1.873 |      1.831 |      1.838 
     abcs-rc-abrs |          1.811 |      1.891 |      1.812 
       abj-bka-kj |          2.208 |      1.994 |      2.046 
       ajb-kba-jk |          1.692 |      1.693 |      1.619 
     abjc-cbka-kj |          1.572 |      1.427 |      1.449 
     ajbc-ckba-jk |          1.170 |      1.140 |      1.156 
     abjc-kbac-jk |          1.885 |      2.069 |      1.962 
   abjcd-dkbac-jk |          2.287 |      2.174 |      2.011 
   adbjc-cbdka-kj |          1.389 |      1.362 |      1.408 
   ajbdc-ckbad-jk |          2.121 |      2.185 |      1.989 
 abcijk-ijma-mkbc |          1.965 |      2.028 |      1.914 
 abcijk-ijmb-mkac |          1.468 |      1.536 |      1.194 
 abcijk-ijmc-mkab |          1.613 |      1.541 |      1.258 
 abcijk-ikma-mjbc |          2.172 |      2.249 |      2.131 
 abcijk-ikmb-mjac |          1.493 |      1.577 |      1.278 
 abcijk-ikmc-mjab |          1.486 |      1.450 |      1.207 
 abcijk-jkma-mibc |          2.063 |      1.897 |      1.883 
 abcijk-jkmb-miac |          1.379 |      1.437 |      1.160 
 abcijk-jkmc-miab |          1.558 |      1.541 |      1.261 
 abcijk-eiab-jkec |          1.501 |      1.517 |      1.222 
 abcijk-eiac-jkeb |          1.482 |      1.557 |      1.246 
 abcijk-eibc-jkea |          2.118 |      1.959 |      1.860 
 abcijk-ejab-ikec |          1.517 |      1.467 |      1.220 
 abcijk-ejac-ikeb |          1.490 |      1.552 |      1.254 
 abcijk-ejbc-ikea |          2.212 |      2.262 |      2.037 
 abcijk-ekab-ijec |          1.618 |      1.505 |      1.261 
 abcijk-ekac-ijeb |          1.381 |      1.441 |      1.112 
 abcijk-ekbc-ijea |          2.192 |      2.150 |      1.981 
       abc-bk-akc |          1.816 |      1.895 |      1.799 
             MEAN |          1.810 |      1.743 |      1.645 

wrote bench-results/worker5086-zen2/phase4g/sm-pool-s4-t32-f64c64.csv
