host        : worker5086
target      : x86_64 / linux
cpu features: avx2 fma 
caches      : L1=32KiB/8-way/1sh L2=512KiB/8-way/1sh L3=16384KiB/16-way/4sh (via sysfs), blocking=legacy
l3 domains  : t1=1 t4=1 t8=2 t16=4 t32=8 t64=16
baselines   : tblis=false blas=false

sweeping 49 cases at 1 MiB nominal tensor size, 24 reps, stress=none


=== f32 ===
             case |     m |    n |    k | regA | regB | planar GF/s | 1m GF/s | 3m GF/s 
------------------+-------+------+------+------+------+-------------+---------+---------
         ij-ik-kj |   384 |  364 |  384 | 1.00 | 1.00 |       301.3 |   301.3 |   301.3 
       ij-ikl-ljk |    72 |   52 | 3744 | 1.00 | 1.00 |        61.9 |    61.9 |    61.9 
       ij-kil-lkj |    72 |   52 | 5184 | 1.00 | 1.00 |        55.5 |    55.5 |    55.5 
       ijk-ikl-lj |  3744 |   52 |   72 | 1.00 | 1.00 |       114.1 |   114.1 |   114.1 
       ijk-il-jlk |    72 | 3744 |   52 | 1.00 | 1.00 |       131.9 |   131.9 |   131.9 
       ijk-ilk-jl |  3744 |   72 |   52 | 0.89 | 1.00 |       120.8 |   120.8 |   120.8 
       ijk-ilk-lj |  3744 |   52 |   72 | 0.89 | 1.00 |       117.5 |   117.5 |   117.5 
     ijk-ilmk-mjl |   480 |   20 |  480 | 0.67 | 1.00 |        31.4 |    31.4 |    31.4 
   ijkl-imjn-lnkm |   480 |  480 |  400 | 0.67 | 0.80 |       299.6 |   299.6 |   299.6 
   ijkl-imjn-nlmk |   480 |  400 |  480 | 0.67 | 0.81 |       267.6 |   267.6 |   267.6 
   ijkl-imkn-jnlm |   480 |  480 |  400 | 0.67 | 1.00 |       371.1 |   371.1 |   371.1 
   ijkl-imkn-njml |   480 |  400 |  480 | 0.67 | 0.81 |       341.2 |   341.2 |   341.2 
   ijkl-imln-jnkm |   480 |  480 |  400 | 0.67 | 1.00 |       402.1 |   402.1 |   402.1 
   ijkl-imln-njmk |   480 |  400 |  480 | 0.67 | 0.81 |       413.8 |   413.8 |   413.8 
   ijkl-imnj-nlkm |   480 |  400 |  480 | 0.67 | 0.81 |       490.7 |   490.7 |   490.7 
   ijkl-imnk-njml |   480 |  400 |  480 | 0.67 | 0.81 |       387.1 |   387.1 |   387.1 
   ijkl-minj-nlmk |   480 |  400 |  576 | 0.67 | 0.81 |       537.2 |   537.2 |   537.2 
   ijkl-mink-jnlm |   480 |  480 |  480 | 0.67 | 1.00 |       353.1 |   353.1 |   353.1 
   ijkl-minl-njmk |   480 |  400 |  576 | 0.67 | 0.81 |       445.5 |   445.5 |   445.5 
     aqrs-pa-pqrs |    24 | 8000 |   24 | 1.00 | 1.00 |        56.6 |    56.6 |    56.6 
     abrs-qb-aqrs |    20 | 9600 |   24 | 1.00 | 1.00 |        64.6 |    64.6 |    64.6 
     abcs-rc-abrs |    20 | 9600 |   24 | 1.00 | 1.00 |        67.8 |    67.8 |    67.8 
       abj-bka-kj |  5184 |   52 |   72 | 0.89 | 1.00 |       211.8 |   211.8 |   211.8 
       ajb-kba-jk |  3744 |   72 |   72 | 0.89 | 1.00 |       249.0 |   249.0 |   249.0 
     abjc-cbka-kj | 11520 |   20 |   24 | 0.67 | 1.00 |        61.7 |    61.7 |    61.7 
     ajbc-ckba-jk | 11520 |   24 |   20 | 1.00 | 1.00 |        62.7 |    62.7 |    62.7 
     abjc-kbac-jk |  9600 |   24 |   24 | 0.67 | 1.00 |        71.3 |    71.3 |    71.3 
   abjcd-dkbac-jk | 82944 |   24 |   12 | 0.67 | 1.00 |       112.8 |   112.8 |   112.8 
   adbjc-cbdka-kj | 82944 |   12 |   24 | 0.67 | 1.00 |        95.2 |    95.2 |    95.2 
   ajbdc-ckbad-jk | 82944 |   24 |   12 | 1.00 | 1.00 |        99.6 |    99.6 |    99.6 
 abcijk-ijma-mkbc |  4608 |  512 |   24 | 1.00 | 1.00 |       205.4 |   205.4 |   205.4 
 abcijk-ijmb-mkac |  1536 | 1536 |   24 | 1.00 | 1.00 |       650.1 |   650.1 |   650.1 
 abcijk-ijmc-mkab |  1536 | 1536 |   24 | 1.00 | 0.50 |       707.1 |   707.1 |   707.1 
 abcijk-ikma-mjbc |  4608 |  512 |   24 | 1.00 | 1.00 |       302.6 |   302.6 |   302.6 
 abcijk-ikmb-mjac |  1536 | 1536 |   24 | 1.00 | 1.00 |       639.4 |   639.4 |   639.4 
 abcijk-ikmc-mjab |  1536 | 1536 |   24 | 1.00 | 0.50 |       699.1 |   699.1 |   699.1 
 abcijk-jkma-mibc |  4608 |  512 |   24 | 1.00 | 1.00 |       283.6 |   283.6 |   283.6 
 abcijk-jkmb-miac |  1536 | 1536 |   24 | 1.00 | 1.00 |       659.9 |   659.9 |   659.9 
 abcijk-jkmc-miab |  1536 | 1536 |   24 | 1.00 | 0.50 |       743.1 |   743.1 |   743.1 
 abcijk-eiab-jkec |  1536 | 1536 |   24 | 1.00 | 0.50 |       737.2 |   737.2 |   737.2 
 abcijk-eiac-jkeb |  1536 | 1536 |   24 | 1.00 | 1.00 |       658.1 |   658.1 |   658.1 
 abcijk-eibc-jkea |   512 | 4608 |   24 | 1.00 | 1.00 |       214.9 |   214.9 |   214.9 
 abcijk-ejab-ikec |  1536 | 1536 |   24 | 1.00 | 0.50 |       703.4 |   703.4 |   703.4 
 abcijk-ejac-ikeb |  1536 | 1536 |   24 | 1.00 | 1.00 |       652.3 |   652.3 |   652.3 
 abcijk-ejbc-ikea |   512 | 4608 |   24 | 1.00 | 1.00 |       206.0 |   206.0 |   206.0 
 abcijk-ekab-ijec |  1536 | 1536 |   24 | 1.00 | 0.50 |       698.9 |   698.9 |   698.9 
 abcijk-ekac-ijeb |  1536 | 1536 |   24 | 1.00 | 1.00 |       650.4 |   650.4 |   650.4 
 abcijk-ekbc-ijea |   512 | 4608 |   24 | 1.00 | 1.00 |       319.6 |   319.6 |   319.6 
       abc-bk-akc |    72 | 3744 |   52 | 0.89 | 1.00 |       191.0 |   191.0 |   191.0 

=== c32 ===
             case |     m |    n |    k | regA | regB | planar GF/s | 1m GF/s | 3m GF/s 
------------------+-------+------+------+------+------+-------------+---------+---------
         ij-ik-kj |   384 |  364 |  384 | 1.00 | 1.00 |       474.8 |   505.8 |   415.0 
       ij-ikl-ljk |    72 |   52 | 3744 | 1.00 | 1.00 |       141.4 |   136.1 |   126.0 
       ij-kil-lkj |    72 |   52 | 5184 | 1.00 | 1.00 |       132.5 |   124.8 |   122.2 
       ijk-ikl-lj |  3744 |   52 |   72 | 1.00 | 1.00 |       296.7 |   288.9 |   280.2 
       ijk-il-jlk |    72 | 3744 |   52 | 1.00 | 0.95 |       379.2 |   431.9 |   305.0 
       ijk-ilk-jl |  3744 |   72 |   52 | 1.00 | 1.00 |       357.7 |   336.5 |   289.6 
       ijk-ilk-lj |  3744 |   52 |   72 | 1.00 | 1.00 |       291.9 |   297.9 |   281.1 
     ijk-ilmk-mjl |   480 |   20 |  480 | 1.00 | 1.00 |       101.6 |    91.6 |    90.8 
   ijkl-imjn-lnkm |   480 |  480 |  400 | 1.00 | 1.00 |       445.1 |   528.7 |   510.0 
   ijkl-imjn-nlmk |   480 |  400 |  480 | 1.00 | 1.00 |       558.8 |   896.4 |   827.8 
   ijkl-imkn-jnlm |   480 |  480 |  400 | 1.00 | 0.83 |      1124.9 |  1095.8 |   920.5 
   ijkl-imkn-njml |   480 |  400 |  480 | 1.00 | 1.00 |       948.7 |  1135.9 |   943.2 
   ijkl-imln-jnkm |   480 |  480 |  400 | 1.00 | 0.83 |      1070.3 |  1169.6 |   910.6 
   ijkl-imln-njmk |   480 |  400 |  480 | 1.00 | 1.00 |      1093.3 |  1163.1 |   939.1 
   ijkl-imnj-nlkm |   480 |  400 |  480 | 1.00 | 1.00 |       887.0 |  1103.8 |   895.5 
   ijkl-imnk-njml |   480 |  400 |  480 | 1.00 | 1.00 |      1073.9 |  1146.8 |   949.0 
   ijkl-minj-nlmk |   480 |  400 |  576 | 1.00 | 1.00 |      1041.8 |   993.0 |   770.3 
   ijkl-mink-jnlm |   480 |  480 |  480 | 1.00 | 0.83 |      1145.2 |  1198.4 |  1005.4 
   ijkl-minl-njmk |   480 |  400 |  576 | 1.00 | 1.00 |      1138.6 |  1106.1 |   863.5 
     aqrs-pa-pqrs |    24 | 8000 |   24 | 1.00 | 1.00 |       358.9 |   403.8 |   349.4 
     abrs-qb-aqrs |    20 | 9600 |   24 | 1.00 | 1.00 |       236.0 |   216.5 |   216.6 
     abcs-rc-abrs |    20 | 9600 |   24 | 1.00 | 1.00 |       212.2 |   218.1 |   214.4 
       abj-bka-kj |  5184 |   52 |   72 | 1.00 | 1.00 |       535.8 |   553.2 |   556.5 
       ajb-kba-jk |  3744 |   72 |   72 | 1.00 | 1.00 |       668.6 |   683.3 |   666.7 
     abjc-cbka-kj | 11520 |   20 |   24 | 1.00 | 1.00 |       195.4 |   201.4 |   203.2 
     ajbc-ckba-jk | 11520 |   24 |   20 | 1.00 | 1.00 |       224.2 |   223.8 |   214.1 
     abjc-kbac-jk |  9600 |   24 |   24 | 1.00 | 1.00 |       228.0 |   240.9 |   233.6 
   abjcd-dkbac-jk | 82944 |   24 |   12 | 1.00 | 1.00 |       309.4 |   313.0 |   297.4 
   adbjc-cbdka-kj | 82944 |   12 |   24 | 1.00 | 1.00 |       168.5 |   144.7 |   153.7 
   ajbdc-ckbad-jk | 82944 |   24 |   12 | 1.00 | 1.00 |       303.6 |   310.4 |   290.1 
 abcijk-ijma-mkbc |  4608 |  512 |   24 | 1.00 | 0.94 |       623.6 |   589.5 |   583.7 
 abcijk-ijmb-mkac |  1536 | 1536 |   24 | 1.00 | 0.50 |       887.6 |   861.4 |   737.0 
 abcijk-ijmc-mkab |  1536 | 1536 |   24 | 1.00 | 0.50 |       930.9 |   893.9 |   789.2 
 abcijk-ikma-mjbc |  4608 |  512 |   24 | 1.00 | 0.94 |       597.4 |   595.3 |   582.1 
 abcijk-ikmb-mjac |  1536 | 1536 |   24 | 1.00 | 0.50 |       867.5 |   870.4 |   736.0 
 abcijk-ikmc-mjab |  1536 | 1536 |   24 | 1.00 | 0.50 |       900.4 |   903.1 |   814.3 
 abcijk-jkma-mibc |  4608 |  512 |   24 | 1.00 | 0.94 |       610.4 |   595.4 |   588.5 
 abcijk-jkmb-miac |  1536 | 1536 |   24 | 1.00 | 0.50 |       877.3 |   867.9 |   746.8 
 abcijk-jkmc-miab |  1536 | 1536 |   24 | 1.00 | 0.50 |       967.4 |   899.1 |   806.0 
 abcijk-eiab-jkec |  1536 | 1536 |   24 | 1.00 | 0.50 |       964.4 |   897.5 |   797.5 
 abcijk-eiac-jkeb |  1536 | 1536 |   24 | 1.00 | 0.50 |       724.2 |   543.6 |   488.4 
 abcijk-eibc-jkea |   512 | 4608 |   24 | 1.00 | 0.94 |       396.1 |   581.8 |   594.1 
 abcijk-ejab-ikec |  1536 | 1536 |   24 | 1.00 | 0.50 |       961.3 |   905.1 |   821.8 
 abcijk-ejac-ikeb |  1536 | 1536 |   24 | 1.00 | 0.50 |       855.6 |   889.3 |   675.4 
 abcijk-ejbc-ikea |   512 | 4608 |   24 | 1.00 | 0.94 |       387.7 |   410.7 |   573.9 
 abcijk-ekab-ijec |  1536 | 1536 |   24 | 1.00 | 0.50 |       936.4 |   906.6 |   800.5 
 abcijk-ekac-ijeb |  1536 | 1536 |   24 | 1.00 | 0.50 |       865.4 |   877.2 |   725.9 
 abcijk-ekbc-ijea |   512 | 4608 |   24 | 1.00 | 0.94 |       592.4 |   588.6 |   594.6 
       abc-bk-akc |    72 | 3744 |   52 | 1.00 | 1.00 |       542.4 |   548.4 |   527.6 

=== complex efficiency ratio (c32 GF/s over f32 GF/s; 1.0 = no penalty) ===
             case | planar c32/f32 | 1m c32/f32 | 3m c32/f32 
------------------+----------------+------------+------------
         ij-ik-kj |          1.576 |      1.679 |      1.378 
       ij-ikl-ljk |          2.283 |      2.198 |      2.034 
       ij-kil-lkj |          2.387 |      2.249 |      2.202 
       ijk-ikl-lj |          2.600 |      2.532 |      2.456 
       ijk-il-jlk |          2.874 |      3.273 |      2.312 
       ijk-ilk-jl |          2.962 |      2.786 |      2.398 
       ijk-ilk-lj |          2.485 |      2.536 |      2.393 
     ijk-ilmk-mjl |          3.237 |      2.918 |      2.895 
   ijkl-imjn-lnkm |          1.486 |      1.765 |      1.702 
   ijkl-imjn-nlmk |          2.089 |      3.350 |      3.094 
   ijkl-imkn-jnlm |          3.031 |      2.953 |      2.480 
   ijkl-imkn-njml |          2.780 |      3.329 |      2.764 
   ijkl-imln-jnkm |          2.662 |      2.909 |      2.264 
   ijkl-imln-njmk |          2.642 |      2.811 |      2.270 
   ijkl-imnj-nlkm |          1.807 |      2.249 |      1.825 
   ijkl-imnk-njml |          2.774 |      2.962 |      2.451 
   ijkl-minj-nlmk |          1.939 |      1.849 |      1.434 
   ijkl-mink-jnlm |          3.243 |      3.394 |      2.847 
   ijkl-minl-njmk |          2.556 |      2.483 |      1.938 
     aqrs-pa-pqrs |          6.342 |      7.135 |      6.174 
     abrs-qb-aqrs |          3.652 |      3.350 |      3.353 
     abcs-rc-abrs |          3.129 |      3.216 |      3.162 
       abj-bka-kj |          2.529 |      2.611 |      2.627 
       ajb-kba-jk |          2.686 |      2.745 |      2.678 
     abjc-cbka-kj |          3.169 |      3.266 |      3.294 
     ajbc-ckba-jk |          3.577 |      3.571 |      3.417 
     abjc-kbac-jk |          3.197 |      3.377 |      3.276 
   abjcd-dkbac-jk |          2.743 |      2.775 |      2.636 
   adbjc-cbdka-kj |          1.770 |      1.520 |      1.615 
   ajbdc-ckbad-jk |          3.048 |      3.116 |      2.911 
 abcijk-ijma-mkbc |          3.036 |      2.870 |      2.842 
 abcijk-ijmb-mkac |          1.365 |      1.325 |      1.134 
 abcijk-ijmc-mkab |          1.317 |      1.264 |      1.116 
 abcijk-ikma-mjbc |          1.974 |      1.967 |      1.924 
 abcijk-ikmb-mjac |          1.357 |      1.361 |      1.151 
 abcijk-ikmc-mjab |          1.288 |      1.292 |      1.165 
 abcijk-jkma-mibc |          2.152 |      2.099 |      2.075 
 abcijk-jkmb-miac |          1.329 |      1.315 |      1.132 
 abcijk-jkmc-miab |          1.302 |      1.210 |      1.085 
 abcijk-eiab-jkec |          1.308 |      1.217 |      1.082 
 abcijk-eiac-jkeb |          1.100 |      0.826 |      0.742 
 abcijk-eibc-jkea |          1.843 |      2.707 |      2.764 
 abcijk-ejab-ikec |          1.367 |      1.287 |      1.168 
 abcijk-ejac-ikeb |          1.312 |      1.363 |      1.035 
 abcijk-ejbc-ikea |          1.882 |      1.994 |      2.787 
 abcijk-ekab-ijec |          1.340 |      1.297 |      1.145 
 abcijk-ekac-ijeb |          1.331 |      1.349 |      1.116 
 abcijk-ekbc-ijea |          1.854 |      1.842 |      1.860 
       abc-bk-akc |          2.840 |      2.871 |      2.763 
             MEAN |          2.338 |      2.416 |      2.212 

wrote bench-results/worker5086-zen2/phase4g/sm-pool-s1-t32-f32c32.csv
