host        : worker5086
target      : x86_64 / linux
cpu features: avx2 fma 
caches      : L1=32KiB/8-way/1sh L2=512KiB/8-way/1sh L3=16384KiB/16-way/4sh (via sysfs), blocking=legacy
l3 domains  : t1=1 t4=1 t8=2 t16=4 t32=8
baselines   : tblis=false blas=false

sweeping 49 cases at 16 MiB nominal tensor size, 3 reps, stress=none


=== f64 ===
             case |      m |     n |     k | regA | regB | planar GF/s | 1m GF/s | 3m GF/s 
------------------+--------+-------+-------+------+------+-------------+---------+---------
         ij-ik-kj |   1464 |  1448 |  1464 | 1.00 | 1.00 |       350.8 |   350.8 |   350.8 
       ij-ikl-ljk |    144 |   128 | 18432 | 1.00 | 1.00 |       112.2 |   112.2 |   112.2 
       ij-kil-lkj |    144 |   128 | 20736 | 1.00 | 1.00 |       114.3 |   114.3 |   114.3 
       ijk-ikl-lj |  18432 |   128 |   144 | 1.00 | 1.00 |       497.9 |   497.9 |   497.9 
       ijk-il-jlk |    144 | 18432 |   128 | 1.00 | 1.00 |       139.7 |   139.7 |   139.7 
       ijk-ilk-jl |  18432 |   144 |   128 | 1.00 | 1.00 |       544.6 |   544.6 |   544.6 
       ijk-ilk-lj |  18432 |   128 |   144 | 1.00 | 1.00 |       501.1 |   501.1 |   501.1 
     ijk-ilmk-mjl |   1920 |    40 |  1920 | 1.00 | 1.00 |       266.6 |   266.6 |   266.6 
   ijkl-imjn-lnkm |   1920 |  1920 |  1600 | 1.00 | 0.90 |       351.5 |   351.5 |   351.5 
   ijkl-imjn-nlmk |   1920 |  1600 |  1920 | 1.00 | 0.90 |       401.1 |   401.1 |   401.1 
   ijkl-imkn-jnlm |   1920 |  1920 |  1600 | 1.00 | 1.00 |       522.8 |   522.8 |   522.8 
   ijkl-imkn-njml |   1920 |  1600 |  1920 | 1.00 | 0.90 |       501.2 |   501.2 |   501.2 
   ijkl-imln-jnkm |   1920 |  1920 |  1600 | 1.00 | 1.00 |       525.4 |   525.4 |   525.4 
   ijkl-imln-njmk |   1920 |  1600 |  1920 | 1.00 | 0.90 |       499.0 |   499.0 |   499.0 
   ijkl-imnj-nlkm |   1920 |  1600 |  1920 | 1.00 | 0.90 |       407.6 |   407.6 |   407.6 
   ijkl-imnk-njml |   1920 |  1600 |  1920 | 1.00 | 0.90 |       493.7 |   493.7 |   493.7 
   ijkl-minj-nlmk |   1920 |  1600 |  2304 | 1.00 | 0.90 |       394.1 |   394.1 |   394.1 
   ijkl-mink-jnlm |   1920 |  1920 |  1920 | 1.00 | 1.00 |       521.5 |   521.5 |   521.5 
   ijkl-minl-njmk |   1920 |  1600 |  2304 | 1.00 | 0.90 |       490.6 |   490.6 |   490.6 
     aqrs-pa-pqrs |     48 | 64000 |    48 | 1.00 | 1.00 |        99.8 |    99.8 |    99.8 
     abrs-qb-aqrs |     40 | 76800 |    48 | 1.00 | 1.00 |       281.8 |   281.8 |   281.8 
     abcs-rc-abrs |     40 | 76800 |    48 | 1.00 | 1.00 |       215.0 |   215.0 |   215.0 
       abj-bka-kj |  20736 |   128 |   144 | 1.00 | 1.00 |       378.9 |   378.9 |   378.9 
       ajb-kba-jk |  18432 |   144 |   144 | 1.00 | 1.00 |       501.2 |   501.2 |   501.2 
     abjc-cbka-kj |  92160 |    40 |    48 | 1.00 | 1.00 |        52.5 |    52.5 |    52.5 
     ajbc-ckba-jk |  92160 |    48 |    40 | 1.00 | 1.00 |        67.6 |    67.6 |    67.6 
     abjc-kbac-jk |  76800 |    48 |    48 | 1.00 | 1.00 |       294.8 |   294.8 |   294.8 
   abjcd-dkbac-jk | 230400 |    24 |    20 | 1.00 | 1.00 |        24.0 |    24.0 |    24.0 
   adbjc-cbdka-kj | 230400 |    20 |    24 | 1.00 | 1.00 |        19.7 |    19.7 |    19.7 
   ajbdc-ckbad-jk | 230400 |    24 |    20 | 1.00 | 1.00 |        24.1 |    24.1 |    24.1 
 abcijk-ijma-mkbc |   6912 |  1728 |    24 | 1.00 | 1.00 |       111.0 |   111.0 |   111.0 
 abcijk-ijmb-mkac |   3456 |  3456 |    24 | 1.00 | 1.00 |       117.7 |   117.7 |   117.7 
 abcijk-ijmc-mkab |   3456 |  3456 |    24 | 1.00 | 1.00 |       118.0 |   118.0 |   118.0 
 abcijk-ikma-mjbc |   6912 |  1728 |    24 | 1.00 | 1.00 |       110.1 |   110.1 |   110.1 
 abcijk-ikmb-mjac |   3456 |  3456 |    24 | 1.00 | 1.00 |       117.8 |   117.8 |   117.8 
 abcijk-ikmc-mjab |   3456 |  3456 |    24 | 1.00 | 1.00 |       118.5 |   118.5 |   118.5 
 abcijk-jkma-mibc |   6912 |  1728 |    24 | 1.00 | 1.00 |       109.0 |   109.0 |   109.0 
 abcijk-jkmb-miac |   3456 |  3456 |    24 | 1.00 | 1.00 |       118.1 |   118.1 |   118.1 
 abcijk-jkmc-miab |   3456 |  3456 |    24 | 1.00 | 1.00 |       119.6 |   119.6 |   119.6 
 abcijk-eiab-jkec |   3456 |  3456 |    24 | 1.00 | 1.00 |       121.4 |   121.4 |   121.4 
 abcijk-eiac-jkeb |   3456 |  3456 |    24 | 1.00 | 1.00 |       118.3 |   118.3 |   118.3 
 abcijk-eibc-jkea |   1728 |  6912 |    24 | 1.00 | 1.00 |       109.1 |   109.1 |   109.1 
 abcijk-ejab-ikec |   3456 |  3456 |    24 | 1.00 | 1.00 |       118.2 |   118.2 |   118.2 
 abcijk-ejac-ikeb |   3456 |  3456 |    24 | 1.00 | 1.00 |       118.1 |   118.1 |   118.1 
 abcijk-ejbc-ikea |   1728 |  6912 |    24 | 1.00 | 1.00 |       105.9 |   105.9 |   105.9 
 abcijk-ekab-ijec |   3456 |  3456 |    24 | 1.00 | 1.00 |       118.5 |   118.5 |   118.5 
 abcijk-ekac-ijeb |   3456 |  3456 |    24 | 1.00 | 1.00 |       119.0 |   119.0 |   119.0 
 abcijk-ekbc-ijea |   1728 |  6912 |    24 | 1.00 | 1.00 |       105.7 |   105.7 |   105.7 
       abc-bk-akc |    144 | 18432 |   128 | 1.00 | 1.00 |       545.4 |   545.4 |   545.4 

=== c64 ===
             case |      m |     n |     k | regA | regB | planar GF/s | 1m GF/s | 3m GF/s 
------------------+--------+-------+-------+------+------+-------------+---------+---------
         ij-ik-kj |   1464 |  1448 |  1464 | 1.00 | 1.00 |       563.8 |   538.7 |   502.8 
       ij-ikl-ljk |    144 |   128 | 18432 | 1.00 | 1.00 |       199.3 |   183.1 |   154.6 
       ij-kil-lkj |    144 |   128 | 20736 | 1.00 | 1.00 |       212.9 |   208.1 |   175.6 
       ijk-ikl-lj |  18432 |   128 |   144 | 1.00 | 1.00 |       496.8 |   506.4 |   482.5 
       ijk-il-jlk |    144 | 18432 |   128 | 1.00 | 0.97 |       214.3 |   207.0 |   165.9 
       ijk-ilk-jl |  18432 |   144 |   128 | 1.00 | 1.00 |       536.5 |   587.0 |   502.2 
       ijk-ilk-lj |  18432 |   128 |   144 | 1.00 | 1.00 |       530.6 |   580.2 |   500.3 
     ijk-ilmk-mjl |   1920 |    40 |  1920 | 1.00 | 1.00 |       393.5 |   352.0 |   312.2 
   ijkl-imjn-lnkm |   1920 |  1920 |  1600 | 1.00 | 1.00 |       500.6 |   534.5 |   519.8 
   ijkl-imjn-nlmk |   1920 |  1600 |  1920 | 1.00 | 1.00 |       518.5 |   540.5 |   514.0 
   ijkl-imkn-jnlm |   1920 |  1920 |  1600 | 1.00 | 0.92 |       561.5 |   565.0 |   532.4 
   ijkl-imkn-njml |   1920 |  1600 |  1920 | 1.00 | 1.00 |       545.1 |   547.9 |   521.0 
   ijkl-imln-jnkm |   1920 |  1920 |  1600 | 1.00 | 0.92 |       557.8 |   564.0 |   532.2 
   ijkl-imln-njmk |   1920 |  1600 |  1920 | 1.00 | 1.00 |       552.0 |   553.5 |   522.4 
   ijkl-imnj-nlkm |   1920 |  1600 |  1920 | 1.00 | 1.00 |       507.9 |   547.1 |   506.4 
   ijkl-imnk-njml |   1920 |  1600 |  1920 | 1.00 | 1.00 |       557.8 |   564.9 |   523.7 
   ijkl-minj-nlmk |   1920 |  1600 |  2304 | 1.00 | 1.00 |       485.2 |   536.6 |   517.1 
   ijkl-mink-jnlm |   1920 |  1920 |  1920 | 1.00 | 0.92 |       578.0 |   499.2 |   524.5 
   ijkl-minl-njmk |   1920 |  1600 |  2304 | 1.00 | 1.00 |       532.1 |   549.2 |   521.6 
     aqrs-pa-pqrs |     48 | 64000 |    48 | 1.00 | 1.00 |       116.5 |   115.7 |    88.5 
     abrs-qb-aqrs |     40 | 76800 |    48 | 1.00 | 1.00 |       261.0 |   256.1 |   243.0 
     abcs-rc-abrs |     40 | 76800 |    48 | 1.00 | 1.00 |       221.8 |   183.0 |   197.0 
       abj-bka-kj |  20736 |   128 |   144 | 1.00 | 1.00 |       415.5 |   406.4 |   404.8 
       ajb-kba-jk |  18432 |   144 |   144 | 1.00 | 1.00 |       552.8 |   577.6 |   537.2 
     abjc-cbka-kj |  92160 |    40 |    48 | 1.00 | 1.00 |       107.5 |   106.7 |   107.4 
     ajbc-ckba-jk |  92160 |    48 |    40 | 1.00 | 1.00 |       121.4 |   121.9 |   120.5 
     abjc-kbac-jk |  76800 |    48 |    48 | 1.00 | 1.00 |       288.4 |   286.6 |   282.0 
   abjcd-dkbac-jk | 230400 |    24 |    20 | 1.00 | 1.00 |        57.9 |    57.7 |    57.7 
   adbjc-cbdka-kj | 230400 |    20 |    24 | 1.00 | 1.00 |        50.8 |    50.7 |    50.7 
   ajbdc-ckbad-jk | 230400 |    24 |    20 | 1.00 | 1.00 |        56.4 |    56.8 |    56.5 
 abcijk-ijma-mkbc |   6912 |  1728 |    24 | 1.00 | 0.97 |       208.2 |   200.1 |   193.2 
 abcijk-ijmb-mkac |   3456 |  3456 |    24 | 1.00 | 0.67 |       209.4 |   221.4 |   206.6 
 abcijk-ijmc-mkab |   3456 |  3456 |    24 | 1.00 | 0.67 |       217.1 |   217.1 |   215.9 
 abcijk-ikma-mjbc |   6912 |  1728 |    24 | 1.00 | 0.97 |       207.8 |   202.4 |   195.2 
 abcijk-ikmb-mjac |   3456 |  3456 |    24 | 1.00 | 0.67 |       209.5 |   222.3 |   205.5 
 abcijk-ikmc-mjab |   3456 |  3456 |    24 | 1.00 | 0.67 |       217.0 |   217.1 |   216.2 
 abcijk-jkma-mibc |   6912 |  1728 |    24 | 1.00 | 0.97 |       205.8 |   199.7 |   203.4 
 abcijk-jkmb-miac |   3456 |  3456 |    24 | 1.00 | 0.67 |       207.6 |   221.5 |   204.7 
 abcijk-jkmc-miab |   3456 |  3456 |    24 | 1.00 | 0.67 |       215.3 |   219.3 |   215.4 
 abcijk-eiab-jkec |   3456 |  3456 |    24 | 1.00 | 0.67 |       215.5 |   219.3 |   216.1 
 abcijk-eiac-jkeb |   3456 |  3456 |    24 | 1.00 | 0.67 |       208.3 |   221.8 |   205.8 
 abcijk-eibc-jkea |   1728 |  6912 |    24 | 1.00 | 0.97 |       206.4 |   199.3 |   200.2 
 abcijk-ejab-ikec |   3456 |  3456 |    24 | 1.00 | 0.67 |       215.7 |   217.0 |   216.4 
 abcijk-ejac-ikeb |   3456 |  3456 |    24 | 1.00 | 0.67 |       209.5 |   221.8 |   206.1 
 abcijk-ejbc-ikea |   1728 |  6912 |    24 | 1.00 | 0.97 |       208.5 |   200.0 |   199.3 
 abcijk-ekab-ijec |   3456 |  3456 |    24 | 1.00 | 0.67 |       217.0 |   216.9 |   216.3 
 abcijk-ekac-ijeb |   3456 |  3456 |    24 | 1.00 | 0.67 |       209.4 |   221.6 |   205.4 
 abcijk-ekbc-ijea |   1728 |  6912 |    24 | 1.00 | 0.97 |       206.9 |   198.9 |   197.9 
       abc-bk-akc |    144 | 18432 |   128 | 1.00 | 1.00 |       510.1 |   525.4 |   486.3 

=== complex efficiency ratio (c64 GF/s over f64 GF/s; 1.0 = no penalty) ===
             case | planar c64/f64 | 1m c64/f64 | 3m c64/f64 
------------------+----------------+------------+------------
         ij-ik-kj |          1.607 |      1.536 |      1.433 
       ij-ikl-ljk |          1.776 |      1.631 |      1.378 
       ij-kil-lkj |          1.862 |      1.820 |      1.536 
       ijk-ikl-lj |          0.998 |      1.017 |      0.969 
       ijk-il-jlk |          1.533 |      1.481 |      1.187 
       ijk-ilk-jl |          0.985 |      1.078 |      0.922 
       ijk-ilk-lj |          1.059 |      1.158 |      0.998 
     ijk-ilmk-mjl |          1.476 |      1.320 |      1.171 
   ijkl-imjn-lnkm |          1.424 |      1.520 |      1.479 
   ijkl-imjn-nlmk |          1.293 |      1.348 |      1.282 
   ijkl-imkn-jnlm |          1.074 |      1.081 |      1.018 
   ijkl-imkn-njml |          1.088 |      1.093 |      1.040 
   ijkl-imln-jnkm |          1.062 |      1.073 |      1.013 
   ijkl-imln-njmk |          1.106 |      1.109 |      1.047 
   ijkl-imnj-nlkm |          1.246 |      1.342 |      1.242 
   ijkl-imnk-njml |          1.130 |      1.144 |      1.061 
   ijkl-minj-nlmk |          1.231 |      1.362 |      1.312 
   ijkl-mink-jnlm |          1.108 |      0.957 |      1.006 
   ijkl-minl-njmk |          1.085 |      1.119 |      1.063 
     aqrs-pa-pqrs |          1.167 |      1.159 |      0.886 
     abrs-qb-aqrs |          0.926 |      0.909 |      0.862 
     abcs-rc-abrs |          1.031 |      0.851 |      0.916 
       abj-bka-kj |          1.096 |      1.072 |      1.068 
       ajb-kba-jk |          1.103 |      1.153 |      1.072 
     abjc-cbka-kj |          2.049 |      2.033 |      2.046 
     ajbc-ckba-jk |          1.795 |      1.803 |      1.783 
     abjc-kbac-jk |          0.978 |      0.972 |      0.956 
   abjcd-dkbac-jk |          2.412 |      2.406 |      2.405 
   adbjc-cbdka-kj |          2.580 |      2.579 |      2.577 
   ajbdc-ckbad-jk |          2.347 |      2.360 |      2.350 
 abcijk-ijma-mkbc |          1.876 |      1.803 |      1.741 
 abcijk-ijmb-mkac |          1.779 |      1.881 |      1.755 
 abcijk-ijmc-mkab |          1.840 |      1.840 |      1.830 
 abcijk-ikma-mjbc |          1.887 |      1.838 |      1.772 
 abcijk-ikmb-mjac |          1.779 |      1.888 |      1.745 
 abcijk-ikmc-mjab |          1.831 |      1.832 |      1.825 
 abcijk-jkma-mibc |          1.888 |      1.832 |      1.866 
 abcijk-jkmb-miac |          1.758 |      1.876 |      1.733 
 abcijk-jkmc-miab |          1.801 |      1.834 |      1.801 
 abcijk-eiab-jkec |          1.774 |      1.806 |      1.779 
 abcijk-eiac-jkeb |          1.761 |      1.875 |      1.740 
 abcijk-eibc-jkea |          1.891 |      1.827 |      1.835 
 abcijk-ejab-ikec |          1.826 |      1.836 |      1.831 
 abcijk-ejac-ikeb |          1.774 |      1.879 |      1.746 
 abcijk-ejbc-ikea |          1.970 |      1.889 |      1.883 
 abcijk-ekab-ijec |          1.831 |      1.830 |      1.825 
 abcijk-ekac-ijeb |          1.760 |      1.862 |      1.726 
 abcijk-ekbc-ijea |          1.957 |      1.882 |      1.872 
       abc-bk-akc |          0.935 |      0.963 |      0.892 
             MEAN |          1.542 |      1.546 |      1.475 

wrote bench-results/worker5086-zen2/phase4g/sm-pool-s16-t16-f64c64.csv
