host        : worker5086
target      : x86_64 / linux
cpu features: avx2 fma 
caches      : L1=32KiB/8-way/1sh L2=512KiB/8-way/1sh L3=16384KiB/16-way/4sh (via sysfs), blocking=legacy
l3 domains  : t1=1 t4=1 t8=2 t16=4 t32=8
baselines   : tblis=false blas=false

sweeping 49 cases at 1 MiB nominal tensor size, 24 reps, stress=none


=== f64 ===
             case |     m |    n |    k | regA | regB | planar GF/s | 1m GF/s | 3m GF/s 
------------------+-------+------+------+------+------+-------------+---------+---------
         ij-ik-kj |   384 |  364 |  384 | 1.00 | 1.00 |       224.1 |   224.1 |   224.1 
       ij-ikl-ljk |    72 |   52 | 3744 | 1.00 | 1.00 |        54.9 |    54.9 |    54.9 
       ij-kil-lkj |    72 |   52 | 5184 | 1.00 | 1.00 |        54.3 |    54.3 |    54.3 
       ijk-ikl-lj |  3744 |   52 |   72 | 1.00 | 1.00 |       207.0 |   207.0 |   207.0 
       ijk-il-jlk |    72 | 3744 |   52 | 1.00 | 1.00 |       296.8 |   296.8 |   296.8 
       ijk-ilk-jl |  3744 |   72 |   52 | 1.00 | 1.00 |       218.8 |   218.8 |   218.8 
       ijk-ilk-lj |  3744 |   52 |   72 | 1.00 | 1.00 |       218.3 |   218.3 |   218.3 
     ijk-ilmk-mjl |   480 |   20 |  480 | 1.00 | 1.00 |        71.3 |    71.3 |    71.3 
   ijkl-imjn-lnkm |   480 |  480 |  400 | 1.00 | 0.80 |       295.2 |   295.2 |   295.2 
   ijkl-imjn-nlmk |   480 |  400 |  480 | 1.00 | 0.81 |       305.4 |   305.4 |   305.4 
   ijkl-imkn-jnlm |   480 |  480 |  400 | 1.00 | 1.00 |       366.9 |   366.9 |   366.9 
   ijkl-imkn-njml |   480 |  400 |  480 | 1.00 | 0.81 |       354.7 |   354.7 |   354.7 
   ijkl-imln-jnkm |   480 |  480 |  400 | 1.00 | 1.00 |       381.4 |   381.4 |   381.4 
   ijkl-imln-njmk |   480 |  400 |  480 | 1.00 | 0.81 |       364.3 |   364.3 |   364.3 
   ijkl-imnj-nlkm |   480 |  400 |  480 | 1.00 | 0.81 |       315.2 |   315.2 |   315.2 
   ijkl-imnk-njml |   480 |  400 |  480 | 1.00 | 0.81 |       358.6 |   358.6 |   358.6 
   ijkl-minj-nlmk |   480 |  400 |  576 | 1.00 | 0.81 |       305.1 |   305.1 |   305.1 
   ijkl-mink-jnlm |   480 |  480 |  480 | 1.00 | 1.00 |       386.0 |   386.0 |   386.0 
   ijkl-minl-njmk |   480 |  400 |  576 | 1.00 | 0.81 |       349.4 |   349.4 |   349.4 
     aqrs-pa-pqrs |    24 | 8000 |   24 | 1.00 | 1.00 |       122.1 |   122.1 |   122.1 
     abrs-qb-aqrs |    20 | 9600 |   24 | 1.00 | 1.00 |        82.0 |    82.0 |    82.0 
     abcs-rc-abrs |    20 | 9600 |   24 | 1.00 | 1.00 |        75.4 |    75.4 |    75.4 
       abj-bka-kj |  5184 |   52 |   72 | 1.00 | 1.00 |       208.6 |   208.6 |   208.6 
       ajb-kba-jk |  3744 |   72 |   72 | 1.00 | 1.00 |       269.3 |   269.3 |   269.3 
     abjc-cbka-kj | 11520 |   20 |   24 | 1.00 | 1.00 |        68.6 |    68.6 |    68.6 
     ajbc-ckba-jk | 11520 |   24 |   20 | 1.00 | 1.00 |        76.2 |    76.2 |    76.2 
     abjc-kbac-jk |  9600 |   24 |   24 | 1.00 | 1.00 |        63.4 |    63.4 |    63.4 
   abjcd-dkbac-jk | 82944 |   24 |   12 | 1.00 | 1.00 |        72.9 |    72.9 |    72.9 
   adbjc-cbdka-kj | 82944 |   12 |   24 | 1.00 | 1.00 |        33.0 |    33.0 |    33.0 
   ajbdc-ckbad-jk | 82944 |   24 |   12 | 1.00 | 1.00 |        81.8 |    81.8 |    81.8 
 abcijk-ijma-mkbc |  4608 |  512 |   24 | 1.00 | 0.94 |       174.2 |   174.2 |   174.2 
 abcijk-ijmb-mkac |  1536 | 1536 |   24 | 1.00 | 0.50 |       336.9 |   336.9 |   336.9 
 abcijk-ijmc-mkab |  1536 | 1536 |   24 | 1.00 | 0.50 |       331.5 |   331.5 |   331.5 
 abcijk-ikma-mjbc |  4608 |  512 |   24 | 1.00 | 0.94 |       175.1 |   175.1 |   175.1 
 abcijk-ikmb-mjac |  1536 | 1536 |   24 | 1.00 | 0.50 |       334.8 |   334.8 |   334.8 
 abcijk-ikmc-mjab |  1536 | 1536 |   24 | 1.00 | 0.50 |       330.3 |   330.3 |   330.3 
 abcijk-jkma-mibc |  4608 |  512 |   24 | 1.00 | 0.94 |       181.6 |   181.6 |   181.6 
 abcijk-jkmb-miac |  1536 | 1536 |   24 | 1.00 | 0.50 |       308.4 |   308.4 |   308.4 
 abcijk-jkmc-miab |  1536 | 1536 |   24 | 1.00 | 0.50 |       309.9 |   309.9 |   309.9 
 abcijk-eiab-jkec |  1536 | 1536 |   24 | 1.00 | 0.50 |       338.9 |   338.9 |   338.9 
 abcijk-eiac-jkeb |  1536 | 1536 |   24 | 1.00 | 0.50 |       339.3 |   339.3 |   339.3 
 abcijk-eibc-jkea |   512 | 4608 |   24 | 1.00 | 0.94 |       183.7 |   183.7 |   183.7 
 abcijk-ejab-ikec |  1536 | 1536 |   24 | 1.00 | 0.50 |       330.9 |   330.9 |   330.9 
 abcijk-ejac-ikeb |  1536 | 1536 |   24 | 1.00 | 0.50 |       333.0 |   333.0 |   333.0 
 abcijk-ejbc-ikea |   512 | 4608 |   24 | 1.00 | 0.94 |       173.3 |   173.3 |   173.3 
 abcijk-ekab-ijec |  1536 | 1536 |   24 | 1.00 | 0.50 |       328.6 |   328.6 |   328.6 
 abcijk-ekac-ijeb |  1536 | 1536 |   24 | 1.00 | 0.50 |       334.7 |   334.7 |   334.7 
 abcijk-ekbc-ijea |   512 | 4608 |   24 | 1.00 | 0.94 |       176.2 |   176.2 |   176.2 
       abc-bk-akc |    72 | 3744 |   52 | 1.00 | 1.00 |       225.8 |   225.8 |   225.8 

=== c64 ===
             case |     m |    n |    k | regA | regB | planar GF/s | 1m GF/s | 3m GF/s 
------------------+-------+------+------+------+------+-------------+---------+---------
         ij-ik-kj |   384 |  364 |  384 | 1.00 | 1.00 |       403.7 |   368.2 |   269.7 
       ij-ikl-ljk |    72 |   52 | 3744 | 1.00 | 1.00 |        98.2 |    99.9 |    82.6 
       ij-kil-lkj |    72 |   52 | 5184 | 1.00 | 1.00 |       115.4 |   115.1 |    95.0 
       ijk-ikl-lj |  3744 |   52 |   72 | 1.00 | 1.00 |       402.4 |   408.2 |   387.0 
       ijk-il-jlk |    72 | 3744 |   52 | 1.00 | 0.95 |       434.0 |   459.5 |   385.5 
       ijk-ilk-jl |  3744 |   72 |   52 | 1.00 | 1.00 |       397.8 |   413.1 |   160.4 
       ijk-ilk-lj |  3744 |   52 |   72 | 1.00 | 1.00 |       406.4 |   410.0 |   390.1 
     ijk-ilmk-mjl |   480 |   20 |  480 | 1.00 | 1.00 |       211.1 |   181.8 |   192.1 
   ijkl-imjn-lnkm |   480 |  480 |  400 | 1.00 | 1.00 |       462.8 |   457.0 |   399.9 
   ijkl-imjn-nlmk |   480 |  400 |  480 | 1.00 | 1.00 |       457.1 |   467.9 |   432.0 
   ijkl-imkn-jnlm |   480 |  480 |  400 | 1.00 | 0.83 |       520.2 |   500.3 |   447.3 
   ijkl-imkn-njml |   480 |  400 |  480 | 1.00 | 1.00 |       515.2 |   499.4 |   447.0 
   ijkl-imln-jnkm |   480 |  480 |  400 | 1.00 | 0.83 |       524.4 |   509.5 |   462.0 
   ijkl-imln-njmk |   480 |  400 |  480 | 1.00 | 1.00 |       525.8 |   506.7 |   480.4 
   ijkl-imnj-nlkm |   480 |  400 |  480 | 1.00 | 1.00 |       501.4 |   491.7 |   431.6 
   ijkl-imnk-njml |   480 |  400 |  480 | 1.00 | 1.00 |       519.1 |   500.0 |   466.2 
   ijkl-minj-nlmk |   480 |  400 |  576 | 1.00 | 1.00 |       480.3 |   459.8 |   411.3 
   ijkl-mink-jnlm |   480 |  480 |  480 | 1.00 | 0.83 |       532.7 |   513.5 |   479.8 
   ijkl-minl-njmk |   480 |  400 |  576 | 1.00 | 1.00 |       511.1 |   485.0 |   453.0 
     aqrs-pa-pqrs |    24 | 8000 |   24 | 1.00 | 1.00 |        88.8 |    94.6 |    65.7 
     abrs-qb-aqrs |    20 | 9600 |   24 | 1.00 | 1.00 |       193.3 |   173.4 |   172.0 
     abcs-rc-abrs |    20 | 9600 |   24 | 1.00 | 1.00 |       183.2 |   178.8 |   168.4 
       abj-bka-kj |  5184 |   52 |   72 | 1.00 | 1.00 |       353.5 |   365.2 |   355.5 
       ajb-kba-jk |  3744 |   72 |   72 | 1.00 | 1.00 |       440.2 |   458.1 |   420.8 
     abjc-cbka-kj | 11520 |   20 |   24 | 1.00 | 1.00 |       170.6 |   165.2 |   156.1 
     ajbc-ckba-jk | 11520 |   24 |   20 | 1.00 | 1.00 |       113.0 |   119.3 |   101.6 
     abjc-kbac-jk |  9600 |   24 |   24 | 1.00 | 1.00 |       124.8 |   133.7 |   112.4 
   abjcd-dkbac-jk | 82944 |   24 |   12 | 1.00 | 1.00 |        87.8 |    85.1 |    82.8 
   adbjc-cbdka-kj | 82944 |   12 |   24 | 1.00 | 1.00 |        57.1 |    53.2 |    47.1 
   ajbdc-ckbad-jk | 82944 |   24 |   12 | 1.00 | 1.00 |        82.5 |    82.7 |    79.9 
 abcijk-ijma-mkbc |  4608 |  512 |   24 | 1.00 | 0.94 |       301.1 |   300.0 |   276.5 
 abcijk-ijmb-mkac |  1536 | 1536 |   24 | 1.00 | 0.50 |       374.0 |   435.4 |   273.6 
 abcijk-ijmc-mkab |  1536 | 1536 |   24 | 1.00 | 0.50 |       386.3 |   427.1 |   310.0 
 abcijk-ikma-mjbc |  4608 |  512 |   24 | 1.00 | 0.94 |       296.2 |   298.1 |   266.5 
 abcijk-ikmb-mjac |  1536 | 1536 |   24 | 1.00 | 0.50 |       379.0 |   435.3 |   322.0 
 abcijk-ikmc-mjab |  1536 | 1536 |   24 | 1.00 | 0.50 |       389.8 |   438.6 |   318.2 
 abcijk-jkma-mibc |  4608 |  512 |   24 | 1.00 | 0.94 |       272.6 |   277.1 |   251.8 
 abcijk-jkmb-miac |  1536 | 1536 |   24 | 1.00 | 0.50 |       379.6 |   447.4 |   323.4 
 abcijk-jkmc-miab |  1536 | 1536 |   24 | 1.00 | 0.50 |       388.3 |   448.9 |   323.8 
 abcijk-eiab-jkec |  1536 | 1536 |   24 | 1.00 | 0.50 |       389.0 |   447.0 |   324.1 
 abcijk-eiac-jkeb |  1536 | 1536 |   24 | 1.00 | 0.50 |       378.8 |   446.5 |   322.4 
 abcijk-eibc-jkea |   512 | 4608 |   24 | 1.00 | 0.94 |       272.1 |   279.5 |   256.0 
 abcijk-ejab-ikec |  1536 | 1536 |   24 | 1.00 | 0.50 |       390.4 |   435.5 |   317.6 
 abcijk-ejac-ikeb |  1536 | 1536 |   24 | 1.00 | 0.50 |       380.1 |   444.4 |   323.1 
 abcijk-ejbc-ikea |   512 | 4608 |   24 | 1.00 | 0.94 |       296.8 |   296.9 |   268.0 
 abcijk-ekab-ijec |  1536 | 1536 |   24 | 1.00 | 0.50 |       394.6 |   435.7 |   313.3 
 abcijk-ekac-ijeb |  1536 | 1536 |   24 | 1.00 | 0.50 |       377.5 |   445.1 |   278.0 
 abcijk-ekbc-ijea |   512 | 4608 |   24 | 1.00 | 0.94 |       296.9 |   300.2 |   276.7 
       abc-bk-akc |    72 | 3744 |   52 | 1.00 | 1.00 |       399.1 |   368.8 |   160.2 

=== complex efficiency ratio (c64 GF/s over f64 GF/s; 1.0 = no penalty) ===
             case | planar c64/f64 | 1m c64/f64 | 3m c64/f64 
------------------+----------------+------------+------------
         ij-ik-kj |          1.801 |      1.643 |      1.204 
       ij-ikl-ljk |          1.788 |      1.819 |      1.504 
       ij-kil-lkj |          2.126 |      2.121 |      1.751 
       ijk-ikl-lj |          1.944 |      1.972 |      1.870 
       ijk-il-jlk |          1.462 |      1.548 |      1.299 
       ijk-ilk-jl |          1.818 |      1.888 |      0.733 
       ijk-ilk-lj |          1.862 |      1.878 |      1.787 
     ijk-ilmk-mjl |          2.962 |      2.551 |      2.695 
   ijkl-imjn-lnkm |          1.568 |      1.548 |      1.355 
   ijkl-imjn-nlmk |          1.496 |      1.532 |      1.414 
   ijkl-imkn-jnlm |          1.418 |      1.364 |      1.219 
   ijkl-imkn-njml |          1.452 |      1.408 |      1.260 
   ijkl-imln-jnkm |          1.375 |      1.336 |      1.211 
   ijkl-imln-njmk |          1.443 |      1.391 |      1.319 
   ijkl-imnj-nlkm |          1.591 |      1.560 |      1.369 
   ijkl-imnk-njml |          1.447 |      1.394 |      1.300 
   ijkl-minj-nlmk |          1.574 |      1.507 |      1.348 
   ijkl-mink-jnlm |          1.380 |      1.330 |      1.243 
   ijkl-minl-njmk |          1.463 |      1.388 |      1.296 
     aqrs-pa-pqrs |          0.727 |      0.775 |      0.538 
     abrs-qb-aqrs |          2.359 |      2.116 |      2.099 
     abcs-rc-abrs |          2.429 |      2.371 |      2.233 
       abj-bka-kj |          1.695 |      1.751 |      1.704 
       ajb-kba-jk |          1.635 |      1.701 |      1.563 
     abjc-cbka-kj |          2.487 |      2.408 |      2.275 
     ajbc-ckba-jk |          1.483 |      1.565 |      1.333 
     abjc-kbac-jk |          1.968 |      2.110 |      1.773 
   abjcd-dkbac-jk |          1.205 |      1.167 |      1.136 
   adbjc-cbdka-kj |          1.731 |      1.613 |      1.429 
   ajbdc-ckbad-jk |          1.009 |      1.011 |      0.977 
 abcijk-ijma-mkbc |          1.729 |      1.722 |      1.587 
 abcijk-ijmb-mkac |          1.110 |      1.292 |      0.812 
 abcijk-ijmc-mkab |          1.165 |      1.289 |      0.935 
 abcijk-ikma-mjbc |          1.692 |      1.702 |      1.522 
 abcijk-ikmb-mjac |          1.132 |      1.300 |      0.962 
 abcijk-ikmc-mjab |          1.180 |      1.328 |      0.963 
 abcijk-jkma-mibc |          1.501 |      1.525 |      1.386 
 abcijk-jkmb-miac |          1.231 |      1.451 |      1.049 
 abcijk-jkmc-miab |          1.253 |      1.449 |      1.045 
 abcijk-eiab-jkec |          1.148 |      1.319 |      0.956 
 abcijk-eiac-jkeb |          1.116 |      1.316 |      0.950 
 abcijk-eibc-jkea |          1.482 |      1.522 |      1.394 
 abcijk-ejab-ikec |          1.180 |      1.316 |      0.960 
 abcijk-ejac-ikeb |          1.141 |      1.334 |      0.970 
 abcijk-ejbc-ikea |          1.712 |      1.713 |      1.547 
 abcijk-ekab-ijec |          1.201 |      1.326 |      0.953 
 abcijk-ekac-ijeb |          1.128 |      1.330 |      0.830 
 abcijk-ekbc-ijea |          1.685 |      1.704 |      1.571 
       abc-bk-akc |          1.768 |      1.634 |      0.709 
             MEAN |          1.556 |      1.578 |      1.333 

wrote bench-results/worker5086-zen2/phase4g/sm-pool-s1-t16-f64c64.csv
