host        : worker5086
target      : x86_64 / linux
cpu features: avx2 fma 
caches      : L1=32KiB/8-way/1sh L2=512KiB/8-way/1sh L3=16384KiB/16-way/4sh (via sysfs), blocking=legacy
l3 domains  : t1=1 t4=1
baselines   : tblis=false blas=false

sweeping 49 cases at 4 MiB nominal tensor size, 6 reps, stress=none


=== f32 ===
             case |     m |     n |    k | regA | regB | planar GF/s | 1m GF/s | 3m GF/s 
------------------+-------+-------+------+------+------+-------------+---------+---------
         ij-ik-kj |   744 |   724 |  744 | 1.00 | 1.00 |       162.5 |   162.5 |   162.5 
       ij-ikl-ljk |    96 |    80 | 7680 | 1.00 | 1.00 |        87.8 |    87.8 |    87.8 
       ij-kil-lkj |    96 |    80 | 9216 | 1.00 | 1.00 |        80.3 |    80.3 |    80.3 
       ijk-ikl-lj |  7680 |    80 |   96 | 1.00 | 1.00 |       131.8 |   131.8 |   131.8 
       ijk-il-jlk |    96 |  7680 |   80 | 1.00 | 1.00 |       103.9 |   103.9 |   103.9 
       ijk-ilk-jl |  7680 |    96 |   80 | 1.00 | 1.00 |       142.8 |   142.8 |   142.8 
       ijk-ilk-lj |  7680 |    80 |   96 | 1.00 | 1.00 |       137.2 |   137.2 |   137.2 
     ijk-ilmk-mjl |  1344 |    28 | 1344 | 1.00 | 1.00 |       108.3 |   108.3 |   108.3 
   ijkl-imjn-lnkm |  1344 |  1344 |  784 | 1.00 | 0.86 |       147.2 |   147.2 |   147.2 
   ijkl-imjn-nlmk |  1344 |   784 | 1344 | 1.00 | 0.86 |       157.4 |   157.4 |   157.4 
   ijkl-imkn-jnlm |  1344 |  1344 |  784 | 1.00 | 1.00 |       152.1 |   152.1 |   152.1 
   ijkl-imkn-njml |  1344 |   784 | 1344 | 1.00 | 0.86 |       160.9 |   160.9 |   160.9 
   ijkl-imln-jnkm |  1344 |  1344 |  784 | 1.00 | 1.00 |       151.8 |   151.8 |   151.8 
   ijkl-imln-njmk |  1344 |   784 | 1344 | 1.00 | 0.86 |       160.7 |   160.7 |   160.7 
   ijkl-imnj-nlkm |  1344 |   784 | 1344 | 1.00 | 0.86 |       159.2 |   159.2 |   159.2 
   ijkl-imnk-njml |  1344 |   784 | 1344 | 1.00 | 0.86 |       160.1 |   160.1 |   160.1 
   ijkl-minj-nlmk |  1344 |   784 | 2304 | 1.00 | 0.86 |       157.8 |   157.8 |   157.8 
   ijkl-mink-jnlm |  1344 |  1344 | 1344 | 1.00 | 1.00 |       156.3 |   156.3 |   156.3 
   ijkl-minl-njmk |  1344 |   784 | 2304 | 1.00 | 0.86 |       159.4 |   159.4 |   159.4 
     aqrs-pa-pqrs |    48 | 21952 |   48 | 1.00 | 1.00 |        59.3 |    59.3 |    59.3 
     abrs-qb-aqrs |    28 | 37632 |   48 | 1.00 | 1.00 |        91.0 |    91.0 |    91.0 
     abcs-rc-abrs |    28 | 37632 |   48 | 1.00 | 1.00 |        90.0 |    90.0 |    90.0 
       abj-bka-kj |  9216 |    80 |   96 | 1.00 | 1.00 |        76.1 |    76.1 |    76.1 
       ajb-kba-jk |  7680 |    96 |   96 | 1.00 | 1.00 |       132.6 |   132.6 |   132.6 
     abjc-cbka-kj | 64512 |    28 |   48 | 1.00 | 1.00 |        32.1 |    32.1 |    32.1 
     ajbc-ckba-jk | 64512 |    48 |   28 | 1.00 | 1.00 |        57.0 |    57.0 |    57.0 
     abjc-kbac-jk | 37632 |    48 |   48 | 1.00 | 1.00 |        83.4 |    83.4 |    83.4 
   abjcd-dkbac-jk | 82944 |    24 |   12 | 0.67 | 1.00 |        31.7 |    31.7 |    31.7 
   adbjc-cbdka-kj | 82944 |    12 |   24 | 0.67 | 1.00 |        18.5 |    18.5 |    18.5 
   ajbdc-ckbad-jk | 82944 |    24 |   12 | 1.00 | 1.00 |        27.1 |    27.1 |    27.1 
 abcijk-ijma-mkbc |  4608 |   512 |   24 | 1.00 | 1.00 |        61.5 |    61.5 |    61.5 
 abcijk-ijmb-mkac |  1536 |  1536 |   24 | 1.00 | 1.00 |        62.6 |    62.6 |    62.6 
 abcijk-ijmc-mkab |  1536 |  1536 |   24 | 1.00 | 0.50 |       104.3 |   104.3 |   104.3 
 abcijk-ikma-mjbc |  4608 |   512 |   24 | 1.00 | 1.00 |        61.4 |    61.4 |    61.4 
 abcijk-ikmb-mjac |  1536 |  1536 |   24 | 1.00 | 1.00 |        62.6 |    62.6 |    62.6 
 abcijk-ikmc-mjab |  1536 |  1536 |   24 | 1.00 | 0.50 |       103.7 |   103.7 |   103.7 
 abcijk-jkma-mibc |  4608 |   512 |   24 | 1.00 | 1.00 |        61.4 |    61.4 |    61.4 
 abcijk-jkmb-miac |  1536 |  1536 |   24 | 1.00 | 1.00 |        62.8 |    62.8 |    62.8 
 abcijk-jkmc-miab |  1536 |  1536 |   24 | 1.00 | 0.50 |       104.2 |   104.2 |   104.2 
 abcijk-eiab-jkec |  1536 |  1536 |   24 | 1.00 | 0.50 |       104.1 |   104.1 |   104.1 
 abcijk-eiac-jkeb |  1536 |  1536 |   24 | 1.00 | 1.00 |        62.8 |    62.8 |    62.8 
 abcijk-eibc-jkea |   512 |  4608 |   24 | 1.00 | 1.00 |        61.5 |    61.5 |    61.5 
 abcijk-ejab-ikec |  1536 |  1536 |   24 | 1.00 | 0.50 |       104.7 |   104.7 |   104.7 
 abcijk-ejac-ikeb |  1536 |  1536 |   24 | 1.00 | 1.00 |        62.6 |    62.6 |    62.6 
 abcijk-ejbc-ikea |   512 |  4608 |   24 | 1.00 | 1.00 |        61.5 |    61.5 |    61.5 
 abcijk-ekab-ijec |  1536 |  1536 |   24 | 1.00 | 0.50 |       104.7 |   104.7 |   104.7 
 abcijk-ekac-ijeb |  1536 |  1536 |   24 | 1.00 | 1.00 |        62.7 |    62.7 |    62.7 
 abcijk-ekbc-ijea |   512 |  4608 |   24 | 1.00 | 1.00 |        61.4 |    61.4 |    61.4 
       abc-bk-akc |    96 |  7680 |   80 | 1.00 | 1.00 |       143.6 |   143.6 |   143.6 

=== c32 ===
             case |     m |     n |    k | regA | regB | planar GF/s | 1m GF/s | 3m GF/s 
------------------+-------+-------+------+------+------+-------------+---------+---------
         ij-ik-kj |   744 |   724 |  744 | 1.00 | 1.00 |       173.3 |   175.1 |   169.1 
       ij-ikl-ljk |    96 |    80 | 7680 | 1.00 | 1.00 |       123.8 |   116.3 |   112.2 
       ij-kil-lkj |    96 |    80 | 9216 | 1.00 | 1.00 |       116.4 |   108.0 |   111.0 
       ijk-ikl-lj |  7680 |    80 |   96 | 1.00 | 1.00 |       137.0 |   134.8 |   128.9 
       ijk-il-jlk |    96 |  7680 |   80 | 1.00 | 0.96 |       128.7 |   134.8 |   127.4 
       ijk-ilk-jl |  7680 |    96 |   80 | 1.00 | 1.00 |       143.0 |   151.2 |   149.8 
       ijk-ilk-lj |  7680 |    80 |   96 | 1.00 | 1.00 |       147.5 |   145.1 |   145.7 
     ijk-ilmk-mjl |  1344 |    28 | 1344 | 1.00 | 1.00 |       114.1 |   106.8 |   105.6 
   ijkl-imjn-lnkm |  1344 |  1344 |  784 | 1.00 | 0.86 |       157.7 |   156.8 |   163.5 
   ijkl-imjn-nlmk |  1344 |   784 | 1344 | 1.00 | 0.86 |       165.6 |   163.8 |   165.4 
   ijkl-imkn-jnlm |  1344 |  1344 |  784 | 1.00 | 0.92 |       160.5 |   160.6 |   166.4 
   ijkl-imkn-njml |  1344 |   784 | 1344 | 1.00 | 0.86 |       165.7 |   166.7 |   166.3 
   ijkl-imln-jnkm |  1344 |  1344 |  784 | 1.00 | 0.92 |       158.7 |   158.9 |   164.9 
   ijkl-imln-njmk |  1344 |   784 | 1344 | 1.00 | 0.86 |       164.9 |   165.6 |   165.0 
   ijkl-imnj-nlkm |  1344 |   784 | 1344 | 1.00 | 0.86 |       167.7 |   167.5 |   168.4 
   ijkl-imnk-njml |  1344 |   784 | 1344 | 1.00 | 0.86 |       164.6 |   165.7 |   166.1 
   ijkl-minj-nlmk |  1344 |   784 | 2304 | 1.00 | 0.86 |       169.8 |   170.2 |   166.7 
   ijkl-mink-jnlm |  1344 |  1344 | 1344 | 1.00 | 0.92 |       163.2 |   166.1 |   167.7 
   ijkl-minl-njmk |  1344 |   784 | 2304 | 1.00 | 0.86 |       166.1 |   170.2 |   166.3 
     aqrs-pa-pqrs |    48 | 21952 |   48 | 1.00 | 1.00 |        91.9 |    98.9 |    88.4 
     abrs-qb-aqrs |    28 | 37632 |   48 | 1.00 | 1.00 |        79.0 |    64.8 |    84.5 
     abcs-rc-abrs |    28 | 37632 |   48 | 1.00 | 1.00 |        94.9 |   102.6 |    94.8 
       abj-bka-kj |  9216 |    80 |   96 | 1.00 | 1.00 |       122.0 |   121.9 |   127.1 
       ajb-kba-jk |  7680 |    96 |   96 | 1.00 | 1.00 |       142.7 |   153.4 |   151.7 
     abjc-cbka-kj | 64512 |    28 |   48 | 1.00 | 1.00 |        67.5 |    43.0 |    55.2 
     ajbc-ckba-jk | 64512 |    48 |   28 | 1.00 | 1.00 |        72.7 |    72.4 |    72.0 
     abjc-kbac-jk | 37632 |    48 |   48 | 1.00 | 1.00 |        97.4 |   100.5 |    99.5 
   abjcd-dkbac-jk | 82944 |    24 |   12 | 1.00 | 1.00 |        44.3 |    46.9 |    42.7 
   adbjc-cbdka-kj | 82944 |    12 |   24 | 1.00 | 1.00 |        24.1 |    21.7 |    22.2 
   ajbdc-ckbad-jk | 82944 |    24 |   12 | 1.00 | 1.00 |        42.3 |    44.1 |    40.6 
 abcijk-ijma-mkbc |  4608 |   512 |   24 | 1.00 | 0.94 |        99.9 |   113.4 |   100.1 
 abcijk-ijmb-mkac |  1536 |  1536 |   24 | 1.00 | 0.50 |        90.7 |   106.3 |    92.3 
 abcijk-ijmc-mkab |  1536 |  1536 |   24 | 1.00 | 0.50 |        97.2 |   104.0 |    96.9 
 abcijk-ikma-mjbc |  4608 |   512 |   24 | 1.00 | 0.94 |        97.2 |   111.0 |    98.2 
 abcijk-ikmb-mjac |  1536 |  1536 |   24 | 1.00 | 0.50 |        94.4 |   110.9 |    94.7 
 abcijk-ikmc-mjab |  1536 |  1536 |   24 | 1.00 | 0.50 |        99.2 |   108.8 |    99.0 
 abcijk-jkma-mibc |  4608 |   512 |   24 | 1.00 | 0.94 |       100.8 |   114.4 |   100.7 
 abcijk-jkmb-miac |  1536 |  1536 |   24 | 1.00 | 0.50 |        95.1 |   111.6 |    95.4 
 abcijk-jkmc-miab |  1536 |  1536 |   24 | 1.00 | 0.50 |       100.0 |   110.7 |    99.8 
 abcijk-eiab-jkec |  1536 |  1536 |   24 | 1.00 | 0.50 |       100.6 |   110.3 |   100.3 
 abcijk-eiac-jkeb |  1536 |  1536 |   24 | 1.00 | 0.50 |        96.0 |   112.7 |    96.3 
 abcijk-eibc-jkea |   512 |  4608 |   24 | 1.00 | 0.94 |       100.9 |   113.2 |   100.5 
 abcijk-ejab-ikec |  1536 |  1536 |   24 | 1.00 | 0.50 |       100.5 |   109.4 |   100.4 
 abcijk-ejac-ikeb |  1536 |  1536 |   24 | 1.00 | 0.50 |        89.7 |   100.8 |    92.2 
 abcijk-ejbc-ikea |   512 |  4608 |   24 | 1.00 | 0.94 |        92.4 |   104.2 |    94.5 
 abcijk-ekab-ijec |  1536 |  1536 |   24 | 1.00 | 0.50 |        96.1 |   101.1 |    91.3 
 abcijk-ekac-ijeb |  1536 |  1536 |   24 | 1.00 | 0.50 |        85.5 |    94.6 |    89.1 
 abcijk-ekbc-ijea |   512 |  4608 |   24 | 1.00 | 0.94 |        95.1 |   108.4 |    97.4 
       abc-bk-akc |    96 |  7680 |   80 | 1.00 | 1.00 |       145.8 |   154.7 |   152.6 

=== complex efficiency ratio (c32 GF/s over f32 GF/s; 1.0 = no penalty) ===
             case | planar c32/f32 | 1m c32/f32 | 3m c32/f32 
------------------+----------------+------------+------------
         ij-ik-kj |          1.067 |      1.078 |      1.041 
       ij-ikl-ljk |          1.409 |      1.324 |      1.278 
       ij-kil-lkj |          1.449 |      1.344 |      1.381 
       ijk-ikl-lj |          1.039 |      1.023 |      0.978 
       ijk-il-jlk |          1.239 |      1.298 |      1.227 
       ijk-ilk-jl |          1.001 |      1.059 |      1.049 
       ijk-ilk-lj |          1.075 |      1.058 |      1.062 
     ijk-ilmk-mjl |          1.053 |      0.986 |      0.975 
   ijkl-imjn-lnkm |          1.072 |      1.065 |      1.111 
   ijkl-imjn-nlmk |          1.052 |      1.041 |      1.051 
   ijkl-imkn-jnlm |          1.055 |      1.056 |      1.094 
   ijkl-imkn-njml |          1.029 |      1.036 |      1.033 
   ijkl-imln-jnkm |          1.046 |      1.047 |      1.087 
   ijkl-imln-njmk |          1.026 |      1.030 |      1.027 
   ijkl-imnj-nlkm |          1.053 |      1.052 |      1.058 
   ijkl-imnk-njml |          1.028 |      1.035 |      1.038 
   ijkl-minj-nlmk |          1.076 |      1.078 |      1.056 
   ijkl-mink-jnlm |          1.044 |      1.063 |      1.073 
   ijkl-minl-njmk |          1.042 |      1.067 |      1.043 
     aqrs-pa-pqrs |          1.550 |      1.669 |      1.492 
     abrs-qb-aqrs |          0.868 |      0.712 |      0.928 
     abcs-rc-abrs |          1.055 |      1.140 |      1.054 
       abj-bka-kj |          1.603 |      1.601 |      1.670 
       ajb-kba-jk |          1.077 |      1.157 |      1.144 
     abjc-cbka-kj |          2.100 |      1.337 |      1.716 
     ajbc-ckba-jk |          1.275 |      1.270 |      1.262 
     abjc-kbac-jk |          1.169 |      1.206 |      1.194 
   abjcd-dkbac-jk |          1.398 |      1.480 |      1.346 
   adbjc-cbdka-kj |          1.304 |      1.173 |      1.202 
   ajbdc-ckbad-jk |          1.563 |      1.628 |      1.501 
 abcijk-ijma-mkbc |          1.624 |      1.844 |      1.627 
 abcijk-ijmb-mkac |          1.449 |      1.698 |      1.474 
 abcijk-ijmc-mkab |          0.932 |      0.997 |      0.929 
 abcijk-ikma-mjbc |          1.584 |      1.808 |      1.599 
 abcijk-ikmb-mjac |          1.508 |      1.772 |      1.513 
 abcijk-ikmc-mjab |          0.957 |      1.049 |      0.955 
 abcijk-jkma-mibc |          1.641 |      1.863 |      1.640 
 abcijk-jkmb-miac |          1.515 |      1.778 |      1.520 
 abcijk-jkmc-miab |          0.960 |      1.062 |      0.957 
 abcijk-eiab-jkec |          0.966 |      1.059 |      0.963 
 abcijk-eiac-jkeb |          1.527 |      1.794 |      1.532 
 abcijk-eibc-jkea |          1.641 |      1.840 |      1.634 
 abcijk-ejab-ikec |          0.960 |      1.046 |      0.959 
 abcijk-ejac-ikeb |          1.431 |      1.609 |      1.472 
 abcijk-ejbc-ikea |          1.501 |      1.693 |      1.536 
 abcijk-ekab-ijec |          0.919 |      0.966 |      0.872 
 abcijk-ekac-ijeb |          1.365 |      1.510 |      1.422 
 abcijk-ekbc-ijea |          1.549 |      1.765 |      1.585 
       abc-bk-akc |          1.015 |      1.077 |      1.062 
             MEAN |          1.242 |      1.293 |      1.233 

wrote bench-results/worker5086-zen2/phase4g/sm-pool-s4-t2-f32c32.csv
