host        : worker5086
target      : x86_64 / linux
cpu features: avx2 fma 
caches      : L1=32KiB/8-way/1sh L2=512KiB/8-way/1sh L3=16384KiB/16-way/4sh (via sysfs), blocking=legacy
l3 domains  : t1=1 t4=1 t8=2
baselines   : tblis=false blas=false

sweeping 49 cases at 0.25 MiB nominal tensor size, 96 reps, stress=none


=== f64 ===
             case |     m |    n |    k | regA | regB | planar GF/s | 1m GF/s | 3m GF/s 
------------------+-------+------+------+------+------+-------------+---------+---------
         ij-ik-kj |   192 |  180 |  192 | 1.00 | 1.00 |       130.5 |   130.5 |   130.5 
       ij-ikl-ljk |    48 |   32 | 1536 | 1.00 | 1.00 |        40.5 |    40.5 |    40.5 
       ij-kil-lkj |    48 |   32 | 2304 | 1.00 | 1.00 |        39.8 |    39.8 |    39.8 
       ijk-ikl-lj |  1536 |   32 |   48 | 1.00 | 1.00 |        76.9 |    76.9 |    76.9 
       ijk-il-jlk |    48 | 1536 |   32 | 1.00 | 1.00 |        58.5 |    58.5 |    58.5 
       ijk-ilk-jl |  1536 |   48 |   32 | 1.00 | 1.00 |        80.0 |    80.0 |    80.0 
       ijk-ilk-lj |  1536 |   32 |   48 | 1.00 | 1.00 |        79.7 |    79.7 |    79.7 
     ijk-ilmk-mjl |   288 |   12 |  288 | 1.00 | 1.00 |        49.5 |    49.5 |    49.5 
   ijkl-imjn-lnkm |   288 |  288 |  144 | 1.00 | 1.00 |       136.5 |   136.5 |   136.5 
   ijkl-imjn-nlmk |   288 |  144 |  288 | 1.00 | 1.00 |       123.6 |   123.6 |   123.6 
   ijkl-imkn-jnlm |   288 |  288 |  144 | 1.00 | 1.00 |       146.6 |   146.6 |   146.6 
   ijkl-imkn-njml |   288 |  144 |  288 | 1.00 | 1.00 |       125.4 |   125.4 |   125.4 
   ijkl-imln-jnkm |   288 |  288 |  144 | 1.00 | 1.00 |       145.2 |   145.2 |   145.2 
   ijkl-imln-njmk |   288 |  144 |  288 | 1.00 | 1.00 |       126.1 |   126.1 |   126.1 
   ijkl-imnj-nlkm |   288 |  144 |  288 | 1.00 | 1.00 |       124.0 |   124.0 |   124.0 
   ijkl-imnk-njml |   288 |  144 |  288 | 1.00 | 1.00 |       126.4 |   126.4 |   126.4 
   ijkl-minj-nlmk |   288 |  144 |  576 | 1.00 | 1.00 |       126.2 |   126.2 |   126.2 
   ijkl-mink-jnlm |   288 |  288 |  288 | 1.00 | 1.00 |       136.8 |   136.8 |   136.8 
   ijkl-minl-njmk |   288 |  144 |  576 | 1.00 | 1.00 |       129.6 |   129.6 |   129.6 
     aqrs-pa-pqrs |    24 | 1728 |   24 | 1.00 | 1.00 |        52.7 |    52.7 |    52.7 
     abrs-qb-aqrs |    12 | 3456 |   24 | 1.00 | 1.00 |        40.5 |    40.5 |    40.5 
     abcs-rc-abrs |    12 | 3456 |   24 | 1.00 | 1.00 |        40.7 |    40.7 |    40.7 
       abj-bka-kj |  2304 |   32 |   48 | 1.00 | 1.00 |        72.4 |    72.4 |    72.4 
       ajb-kba-jk |  1536 |   48 |   48 | 1.00 | 1.00 |        93.3 |    93.3 |    93.3 
     abjc-cbka-kj |  6912 |   12 |   24 | 1.00 | 1.00 |        33.8 |    33.8 |    33.8 
     ajbc-ckba-jk |  6912 |   24 |   12 | 1.00 | 1.00 |        37.9 |    37.9 |    37.9 
     abjc-kbac-jk |  3456 |   24 |   24 | 1.00 | 1.00 |        56.1 |    56.1 |    56.1 
   abjcd-dkbac-jk | 36864 |   24 |    8 | 1.00 | 1.00 |        30.0 |    30.0 |    30.0 
   adbjc-cbdka-kj | 36864 |    8 |   24 | 1.00 | 1.00 |         8.8 |     8.8 |     8.8 
   ajbdc-ckbad-jk | 36864 |   24 |    8 | 1.00 | 1.00 |        29.0 |    29.0 |    29.0 
 abcijk-ijma-mkbc |  2304 |   64 |   24 | 1.00 | 0.82 |        73.9 |    73.9 |    73.9 
 abcijk-ijmb-mkac |   384 |  384 |   24 | 1.00 | 0.00 |        87.0 |    87.0 |    87.0 
 abcijk-ijmc-mkab |   384 |  384 |   24 | 1.00 | 0.00 |        86.6 |    86.6 |    86.6 
 abcijk-ikma-mjbc |  2304 |   64 |   24 | 1.00 | 0.82 |        72.6 |    72.6 |    72.6 
 abcijk-ikmb-mjac |   384 |  384 |   24 | 1.00 | 0.00 |        86.8 |    86.8 |    86.8 
 abcijk-ikmc-mjab |   384 |  384 |   24 | 1.00 | 0.00 |        87.3 |    87.3 |    87.3 
 abcijk-jkma-mibc |  2304 |   64 |   24 | 1.00 | 0.82 |        72.9 |    72.9 |    72.9 
 abcijk-jkmb-miac |   384 |  384 |   24 | 1.00 | 0.00 |        83.0 |    83.0 |    83.0 
 abcijk-jkmc-miab |   384 |  384 |   24 | 1.00 | 0.00 |        85.0 |    85.0 |    85.0 
 abcijk-eiab-jkec |   384 |  384 |   24 | 1.00 | 0.00 |        84.5 |    84.5 |    84.5 
 abcijk-eiac-jkeb |   384 |  384 |   24 | 1.00 | 0.00 |        82.9 |    82.9 |    82.9 
 abcijk-eibc-jkea |    64 | 2304 |   24 | 1.00 | 0.82 |        72.5 |    72.5 |    72.5 
 abcijk-ejab-ikec |   384 |  384 |   24 | 1.00 | 0.00 |        87.2 |    87.2 |    87.2 
 abcijk-ejac-ikeb |   384 |  384 |   24 | 1.00 | 0.00 |        86.8 |    86.8 |    86.8 
 abcijk-ejbc-ikea |    64 | 2304 |   24 | 1.00 | 0.82 |        72.5 |    72.5 |    72.5 
 abcijk-ekab-ijec |   384 |  384 |   24 | 1.00 | 0.00 |        87.7 |    87.7 |    87.7 
 abcijk-ekac-ijeb |   384 |  384 |   24 | 1.00 | 0.00 |        87.6 |    87.6 |    87.6 
 abcijk-ekbc-ijea |    64 | 2304 |   24 | 1.00 | 0.82 |        72.9 |    72.9 |    72.9 
       abc-bk-akc |    48 | 1536 |   32 | 1.00 | 1.00 |        77.7 |    77.7 |    77.7 

=== c64 ===
             case |     m |    n |    k | regA | regB | planar GF/s | 1m GF/s | 3m GF/s 
------------------+-------+------+------+------+------+-------------+---------+---------
         ij-ik-kj |   192 |  180 |  192 | 1.00 | 1.00 |       158.1 |   164.0 |   152.8 
       ij-ikl-ljk |    48 |   32 | 1536 | 1.00 | 1.00 |        94.3 |    89.0 |    92.1 
       ij-kil-lkj |    48 |   32 | 2304 | 1.00 | 1.00 |        93.0 |    89.9 |    94.1 
       ijk-ikl-lj |  1536 |   32 |   48 | 1.00 | 1.00 |       106.9 |   109.1 |   104.0 
       ijk-il-jlk |    48 | 1536 |   32 | 1.00 | 0.92 |       104.1 |   114.7 |    88.2 
       ijk-ilk-jl |  1536 |   48 |   32 | 1.00 | 1.00 |       106.9 |   118.2 |    96.1 
       ijk-ilk-lj |  1536 |   32 |   48 | 1.00 | 1.00 |       109.8 |   110.8 |   107.8 
     ijk-ilmk-mjl |   288 |   12 |  288 | 1.00 | 1.00 |        79.4 |    84.3 |    87.1 
   ijkl-imjn-lnkm |   288 |  288 |  144 | 1.00 | 0.67 |       155.3 |   166.7 |   152.9 
   ijkl-imjn-nlmk |   288 |  144 |  288 | 1.00 | 0.69 |       150.2 |   158.3 |   153.4 
   ijkl-imkn-jnlm |   288 |  288 |  144 | 1.00 | 0.84 |       158.6 |   170.0 |   154.4 
   ijkl-imkn-njml |   288 |  144 |  288 | 1.00 | 0.69 |       150.9 |   161.6 |   153.6 
   ijkl-imln-jnkm |   288 |  288 |  144 | 1.00 | 0.84 |       158.8 |   167.6 |   153.4 
   ijkl-imln-njmk |   288 |  144 |  288 | 1.00 | 0.69 |       152.2 |   160.8 |   154.2 
   ijkl-imnj-nlkm |   288 |  144 |  288 | 1.00 | 0.69 |       150.6 |   159.0 |   153.3 
   ijkl-imnk-njml |   288 |  144 |  288 | 1.00 | 0.69 |       152.0 |   160.6 |   154.1 
   ijkl-minj-nlmk |   288 |  144 |  576 | 1.00 | 0.69 |       151.4 |   160.0 |   156.3 
   ijkl-mink-jnlm |   288 |  288 |  288 | 1.00 | 0.84 |       157.3 |   168.2 |   159.5 
   ijkl-minl-njmk |   288 |  144 |  576 | 1.00 | 0.69 |       154.7 |   162.6 |   157.8 
     aqrs-pa-pqrs |    24 | 1728 |   24 | 1.00 | 1.00 |        60.1 |    67.2 |    50.2 
     abrs-qb-aqrs |    12 | 3456 |   24 | 1.00 | 1.00 |        62.9 |    67.5 |    59.9 
     abcs-rc-abrs |    12 | 3456 |   24 | 1.00 | 1.00 |        62.7 |    68.5 |    60.0 
       abj-bka-kj |  2304 |   32 |   48 | 1.00 | 1.00 |        96.9 |   100.7 |    98.4 
       ajb-kba-jk |  1536 |   48 |   48 | 1.00 | 1.00 |       121.3 |   131.6 |   114.5 
     abjc-cbka-kj |  6912 |   12 |   24 | 1.00 | 1.00 |        55.6 |    60.8 |    53.8 
     ajbc-ckba-jk |  6912 |   24 |   12 | 1.00 | 1.00 |        58.3 |    66.0 |    47.6 
     abjc-kbac-jk |  3456 |   24 |   24 | 1.00 | 1.00 |        84.2 |    92.4 |    75.0 
   abjcd-dkbac-jk | 36864 |   24 |    8 | 1.00 | 1.00 |        44.0 |    45.2 |    34.3 
   adbjc-cbdka-kj | 36864 |    8 |   24 | 1.00 | 1.00 |        16.2 |    14.3 |    15.6 
   ajbdc-ckbad-jk | 36864 |   24 |    8 | 1.00 | 1.00 |        32.4 |    33.9 |    28.4 
 abcijk-ijma-mkbc |  2304 |   64 |   24 | 1.00 | 0.77 |        99.2 |   108.2 |    85.5 
 abcijk-ijmb-mkac |   384 |  384 |   24 | 1.00 | 0.01 |       112.3 |   125.8 |    92.9 
 abcijk-ijmc-mkab |   384 |  384 |   24 | 1.00 | 0.01 |       112.4 |   125.8 |    94.0 
 abcijk-ikma-mjbc |  2304 |   64 |   24 | 1.00 | 0.77 |        99.2 |   107.9 |    85.1 
 abcijk-ikmb-mjac |   384 |  384 |   24 | 1.00 | 0.01 |       111.2 |   125.8 |    92.2 
 abcijk-ikmc-mjab |   384 |  384 |   24 | 1.00 | 0.01 |       111.8 |   125.3 |    93.2 
 abcijk-jkma-mibc |  2304 |   64 |   24 | 1.00 | 0.77 |        98.9 |   107.7 |    85.4 
 abcijk-jkmb-miac |   384 |  384 |   24 | 1.00 | 0.01 |       112.0 |   125.7 |    93.0 
 abcijk-jkmc-miab |   384 |  384 |   24 | 1.00 | 0.01 |       111.5 |   125.3 |    93.4 
 abcijk-eiab-jkec |   384 |  384 |   24 | 1.00 | 0.01 |       111.8 |   124.6 |    93.5 
 abcijk-eiac-jkeb |   384 |  384 |   24 | 1.00 | 0.01 |       111.8 |   125.3 |    93.2 
 abcijk-eibc-jkea |    64 | 2304 |   24 | 1.00 | 0.77 |        98.7 |   107.5 |    85.3 
 abcijk-ejab-ikec |   384 |  384 |   24 | 1.00 | 0.01 |       111.6 |   125.2 |    93.3 
 abcijk-ejac-ikeb |   384 |  384 |   24 | 1.00 | 0.01 |       111.5 |   125.4 |    92.4 
 abcijk-ejbc-ikea |    64 | 2304 |   24 | 1.00 | 0.77 |        98.9 |   108.3 |    85.1 
 abcijk-ekab-ijec |   384 |  384 |   24 | 1.00 | 0.01 |       111.6 |   125.2 |    93.1 
 abcijk-ekac-ijeb |   384 |  384 |   24 | 1.00 | 0.01 |       111.6 |   125.2 |    92.9 
 abcijk-ekbc-ijea |    64 | 2304 |   24 | 1.00 | 0.77 |        98.7 |   107.4 |    85.3 
       abc-bk-akc |    48 | 1536 |   32 | 1.00 | 1.00 |       107.2 |   118.3 |    97.0 

=== complex efficiency ratio (c64 GF/s over f64 GF/s; 1.0 = no penalty) ===
             case | planar c64/f64 | 1m c64/f64 | 3m c64/f64 
------------------+----------------+------------+------------
         ij-ik-kj |          1.211 |      1.256 |      1.170 
       ij-ikl-ljk |          2.325 |      2.196 |      2.272 
       ij-kil-lkj |          2.335 |      2.257 |      2.363 
       ijk-ikl-lj |          1.389 |      1.418 |      1.352 
       ijk-il-jlk |          1.781 |      1.962 |      1.507 
       ijk-ilk-jl |          1.336 |      1.477 |      1.201 
       ijk-ilk-lj |          1.378 |      1.390 |      1.352 
     ijk-ilmk-mjl |          1.602 |      1.701 |      1.759 
   ijkl-imjn-lnkm |          1.138 |      1.221 |      1.121 
   ijkl-imjn-nlmk |          1.216 |      1.281 |      1.241 
   ijkl-imkn-jnlm |          1.082 |      1.159 |      1.053 
   ijkl-imkn-njml |          1.203 |      1.288 |      1.225 
   ijkl-imln-jnkm |          1.094 |      1.154 |      1.056 
   ijkl-imln-njmk |          1.207 |      1.275 |      1.222 
   ijkl-imnj-nlkm |          1.214 |      1.282 |      1.235 
   ijkl-imnk-njml |          1.203 |      1.271 |      1.220 
   ijkl-minj-nlmk |          1.200 |      1.268 |      1.239 
   ijkl-mink-jnlm |          1.149 |      1.229 |      1.166 
   ijkl-minl-njmk |          1.193 |      1.254 |      1.218 
     aqrs-pa-pqrs |          1.140 |      1.276 |      0.953 
     abrs-qb-aqrs |          1.553 |      1.669 |      1.481 
     abcs-rc-abrs |          1.542 |      1.683 |      1.475 
       abj-bka-kj |          1.338 |      1.390 |      1.358 
       ajb-kba-jk |          1.299 |      1.409 |      1.227 
     abjc-cbka-kj |          1.648 |      1.800 |      1.595 
     ajbc-ckba-jk |          1.540 |      1.741 |      1.257 
     abjc-kbac-jk |          1.502 |      1.648 |      1.338 
   abjcd-dkbac-jk |          1.467 |      1.509 |      1.144 
   adbjc-cbdka-kj |          1.844 |      1.628 |      1.778 
   ajbdc-ckbad-jk |          1.117 |      1.168 |      0.979 
 abcijk-ijma-mkbc |          1.342 |      1.464 |      1.156 
 abcijk-ijmb-mkac |          1.290 |      1.445 |      1.067 
 abcijk-ijmc-mkab |          1.298 |      1.453 |      1.086 
 abcijk-ikma-mjbc |          1.366 |      1.486 |      1.172 
 abcijk-ikmb-mjac |          1.281 |      1.448 |      1.063 
 abcijk-ikmc-mjab |          1.280 |      1.435 |      1.068 
 abcijk-jkma-mibc |          1.358 |      1.478 |      1.172 
 abcijk-jkmb-miac |          1.348 |      1.513 |      1.120 
 abcijk-jkmc-miab |          1.313 |      1.475 |      1.099 
 abcijk-eiab-jkec |          1.323 |      1.475 |      1.107 
 abcijk-eiac-jkeb |          1.348 |      1.511 |      1.125 
 abcijk-eibc-jkea |          1.361 |      1.483 |      1.177 
 abcijk-ejab-ikec |          1.281 |      1.436 |      1.070 
 abcijk-ejac-ikeb |          1.285 |      1.445 |      1.065 
 abcijk-ejbc-ikea |          1.365 |      1.495 |      1.175 
 abcijk-ekab-ijec |          1.273 |      1.428 |      1.062 
 abcijk-ekac-ijeb |          1.274 |      1.429 |      1.059 
 abcijk-ekbc-ijea |          1.353 |      1.473 |      1.171 
       abc-bk-akc |          1.379 |      1.522 |      1.248 
             MEAN |          1.375 |      1.473 |      1.262 

wrote bench-results/worker5086-zen2/phase4g/sm-pool-s0.25-t4-f64c64.csv
