host        : worker5086
target      : x86_64 / linux
cpu features: avx2 fma 
caches      : L1=32KiB/8-way/1sh L2=512KiB/8-way/1sh L3=16384KiB/16-way/4sh (via sysfs), blocking=legacy
l3 domains  : t1=1 t4=1 t8=2 t16=4 t32=8
baselines   : tblis=false blas=false

sweeping 49 cases at 16 MiB nominal tensor size, 3 reps, stress=none


=== f32 ===
             case |      m |     n |     k | regA | regB | planar GF/s | 1m GF/s | 3m GF/s 
------------------+--------+-------+-------+------+------+-------------+---------+---------
         ij-ik-kj |   1464 |  1448 |  1464 | 1.00 | 1.00 |       437.6 |   437.6 |   437.6 
       ij-ikl-ljk |    144 |   128 | 18432 | 1.00 | 1.00 |       217.0 |   217.0 |   217.0 
       ij-kil-lkj |    144 |   128 | 20736 | 1.00 | 1.00 |       224.0 |   224.0 |   224.0 
       ijk-ikl-lj |  18432 |   128 |   144 | 1.00 | 1.00 |       937.9 |   937.9 |   937.9 
       ijk-il-jlk |    144 | 18432 |   128 | 1.00 | 1.00 |       681.1 |   681.1 |   681.1 
       ijk-ilk-jl |  18432 |   144 |   128 | 1.00 | 1.00 |       996.2 |   996.2 |   996.2 
       ijk-ilk-lj |  18432 |   128 |   144 | 1.00 | 1.00 |       983.9 |   983.9 |   983.9 
     ijk-ilmk-mjl |   1920 |    40 |  1920 | 1.00 | 1.00 |       436.6 |   436.6 |   436.6 
   ijkl-imjn-lnkm |   1920 |  1920 |  1600 | 1.00 | 0.90 |       743.8 |   743.8 |   743.8 
   ijkl-imjn-nlmk |   1920 |  1600 |  1920 | 1.00 | 0.90 |       918.4 |   918.4 |   918.4 
   ijkl-imkn-jnlm |   1920 |  1920 |  1600 | 1.00 | 1.00 |      1047.8 |  1047.8 |  1047.8 
   ijkl-imkn-njml |   1920 |  1600 |  1920 | 1.00 | 0.90 |      1103.4 |  1103.4 |  1103.4 
   ijkl-imln-jnkm |   1920 |  1920 |  1600 | 1.00 | 1.00 |      1084.9 |  1084.9 |  1084.9 
   ijkl-imln-njmk |   1920 |  1600 |  1920 | 1.00 | 0.90 |      1124.3 |  1124.3 |  1124.3 
   ijkl-imnj-nlkm |   1920 |  1600 |  1920 | 1.00 | 0.90 |       922.1 |   922.1 |   922.1 
   ijkl-imnk-njml |   1920 |  1600 |  1920 | 1.00 | 0.90 |      1113.6 |  1113.6 |  1113.6 
   ijkl-minj-nlmk |   1920 |  1600 |  2304 | 1.00 | 0.90 |       912.7 |   912.7 |   912.7 
   ijkl-mink-jnlm |   1920 |  1920 |  1920 | 1.00 | 1.00 |      1112.5 |  1112.5 |  1112.5 
   ijkl-minl-njmk |   1920 |  1600 |  2304 | 1.00 | 0.90 |      1108.7 |  1108.7 |  1108.7 
     aqrs-pa-pqrs |     48 | 64000 |    48 | 1.00 | 1.00 |       432.5 |   432.5 |   432.5 
     abrs-qb-aqrs |     40 | 76800 |    48 | 1.00 | 1.00 |       470.7 |   470.7 |   470.7 
     abcs-rc-abrs |     40 | 76800 |    48 | 1.00 | 1.00 |       454.0 |   454.0 |   454.0 
       abj-bka-kj |  20736 |   128 |   144 | 1.00 | 1.00 |       588.2 |   588.2 |   588.2 
       ajb-kba-jk |  18432 |   144 |   144 | 1.00 | 1.00 |       811.2 |   811.2 |   811.2 
     abjc-cbka-kj |  92160 |    40 |    48 | 1.00 | 1.00 |       109.6 |   109.6 |   109.6 
     ajbc-ckba-jk |  92160 |    48 |    40 | 1.00 | 1.00 |       165.2 |   165.2 |   165.2 
     abjc-kbac-jk |  76800 |    48 |    48 | 1.00 | 1.00 |       527.8 |   527.8 |   527.8 
   abjcd-dkbac-jk | 230400 |    24 |    20 | 0.67 | 1.00 |        45.8 |    45.8 |    45.8 
   adbjc-cbdka-kj | 230400 |    20 |    24 | 0.67 | 1.00 |        41.3 |    41.3 |    41.3 
   ajbdc-ckbad-jk | 230400 |    24 |    20 | 1.00 | 1.00 |        51.9 |    51.9 |    51.9 
 abcijk-ijma-mkbc |   6912 |  1728 |    24 | 1.00 | 1.00 |       358.7 |   358.7 |   358.7 
 abcijk-ijmb-mkac |   3456 |  3456 |    24 | 1.00 | 1.00 |       432.2 |   432.2 |   432.2 
 abcijk-ijmc-mkab |   3456 |  3456 |    24 | 1.00 | 1.00 |       625.7 |   625.7 |   625.7 
 abcijk-ikma-mjbc |   6912 |  1728 |    24 | 1.00 | 1.00 |       394.6 |   394.6 |   394.6 
 abcijk-ikmb-mjac |   3456 |  3456 |    24 | 1.00 | 1.00 |       414.8 |   414.8 |   414.8 
 abcijk-ikmc-mjab |   3456 |  3456 |    24 | 1.00 | 1.00 |       666.0 |   666.0 |   666.0 
 abcijk-jkma-mibc |   6912 |  1728 |    24 | 1.00 | 1.00 |       411.1 |   411.1 |   411.1 
 abcijk-jkmb-miac |   3456 |  3456 |    24 | 1.00 | 1.00 |       447.0 |   447.0 |   447.0 
 abcijk-jkmc-miab |   3456 |  3456 |    24 | 1.00 | 1.00 |       672.7 |   672.7 |   672.7 
 abcijk-eiab-jkec |   3456 |  3456 |    24 | 1.00 | 1.00 |       662.0 |   662.0 |   662.0 
 abcijk-eiac-jkeb |   3456 |  3456 |    24 | 1.00 | 1.00 |       448.9 |   448.9 |   448.9 
 abcijk-eibc-jkea |   1728 |  6912 |    24 | 1.00 | 1.00 |       404.0 |   404.0 |   404.0 
 abcijk-ejab-ikec |   3456 |  3456 |    24 | 1.00 | 1.00 |       626.1 |   626.1 |   626.1 
 abcijk-ejac-ikeb |   3456 |  3456 |    24 | 1.00 | 1.00 |       439.6 |   439.6 |   439.6 
 abcijk-ejbc-ikea |   1728 |  6912 |    24 | 1.00 | 1.00 |       395.1 |   395.1 |   395.1 
 abcijk-ekab-ijec |   3456 |  3456 |    24 | 1.00 | 1.00 |       662.4 |   662.4 |   662.4 
 abcijk-ekac-ijeb |   3456 |  3456 |    24 | 1.00 | 1.00 |       434.6 |   434.6 |   434.6 
 abcijk-ekbc-ijea |   1728 |  6912 |    24 | 1.00 | 1.00 |       395.8 |   395.8 |   395.8 
       abc-bk-akc |    144 | 18432 |   128 | 1.00 | 1.00 |      1032.5 |  1032.5 |  1032.5 

=== c32 ===
             case |      m |     n |     k | regA | regB | planar GF/s | 1m GF/s | 3m GF/s 
------------------+--------+-------+-------+------+------+-------------+---------+---------
         ij-ik-kj |   1464 |  1448 |  1464 | 1.00 | 1.00 |      1058.6 |  1082.2 |  1057.3 
       ij-ikl-ljk |    144 |   128 | 18432 | 1.00 | 1.00 |       362.0 |   309.0 |   285.3 
       ij-kil-lkj |    144 |   128 | 20736 | 1.00 | 1.00 |       395.9 |   394.8 |   366.6 
       ijk-ikl-lj |  18432 |   128 |   144 | 1.00 | 1.00 |      1175.6 |  1128.8 |  1172.7 
       ijk-il-jlk |    144 | 18432 |   128 | 1.00 | 0.97 |       384.7 |   414.1 |   337.0 
       ijk-ilk-jl |  18432 |   144 |   128 | 1.00 | 1.00 |      1216.0 |  1216.9 |  1197.2 
       ijk-ilk-lj |  18432 |   128 |   144 | 1.00 | 1.00 |      1197.3 |  1226.5 |  1219.9 
     ijk-ilmk-mjl |   1920 |    40 |  1920 | 1.00 | 1.00 |       824.1 |   705.8 |   765.8 
   ijkl-imjn-lnkm |   1920 |  1920 |  1600 | 1.00 | 1.00 |      1040.8 |  1033.5 |   987.7 
   ijkl-imjn-nlmk |   1920 |  1600 |  1920 | 1.00 | 1.00 |       922.0 |  1029.1 |   929.8 
   ijkl-imkn-jnlm |   1920 |  1920 |  1600 | 1.00 | 0.92 |      1147.6 |  1154.0 |  1086.7 
   ijkl-imkn-njml |   1920 |  1600 |  1920 | 1.00 | 1.00 |      1180.1 |  1162.0 |  1099.2 
   ijkl-imln-jnkm |   1920 |  1920 |  1600 | 1.00 | 0.92 |      1188.5 |  1178.4 |  1094.1 
   ijkl-imln-njmk |   1920 |  1600 |  1920 | 1.00 | 1.00 |      1191.2 |  1172.2 |  1103.0 
   ijkl-imnj-nlkm |   1920 |  1600 |  1920 | 1.00 | 1.00 |       940.4 |  1029.7 |   938.3 
   ijkl-imnk-njml |   1920 |  1600 |  1920 | 1.00 | 1.00 |      1188.9 |  1160.6 |  1090.6 
   ijkl-minj-nlmk |   1920 |  1600 |  2304 | 1.00 | 1.00 |       933.1 |  1013.4 |   950.5 
   ijkl-mink-jnlm |   1920 |  1920 |  1920 | 1.00 | 0.92 |      1212.6 |  1202.0 |  1137.2 
   ijkl-minl-njmk |   1920 |  1600 |  2304 | 1.00 | 1.00 |      1190.4 |  1179.8 |  1109.4 
     aqrs-pa-pqrs |     48 | 64000 |    48 | 1.00 | 1.00 |       278.7 |   296.3 |   203.9 
     abrs-qb-aqrs |     40 | 76800 |    48 | 1.00 | 1.00 |       811.7 |   795.5 |   745.2 
     abcs-rc-abrs |     40 | 76800 |    48 | 1.00 | 1.00 |       734.9 |   781.3 |   689.4 
       abj-bka-kj |  20736 |   128 |   144 | 1.00 | 1.00 |       889.5 |   860.6 |   872.9 
       ajb-kba-jk |  18432 |   144 |   144 | 1.00 | 1.00 |      1050.9 |  1078.2 |  1077.1 
     abjc-cbka-kj |  92160 |    40 |    48 | 1.00 | 1.00 |       163.1 |   163.1 |   172.5 
     ajbc-ckba-jk |  92160 |    48 |    40 | 1.00 | 1.00 |       229.0 |   222.1 |   228.1 
     abjc-kbac-jk |  76800 |    48 |    48 | 1.00 | 1.00 |       736.5 |   771.8 |   780.1 
   abjcd-dkbac-jk | 230400 |    24 |    20 | 1.00 | 1.00 |        96.5 |    96.0 |    96.0 
   adbjc-cbdka-kj | 230400 |    20 |    24 | 1.00 | 1.00 |        77.0 |    76.9 |    76.7 
   ajbdc-ckbad-jk | 230400 |    24 |    20 | 1.00 | 1.00 |        90.5 |    83.3 |    83.6 
 abcijk-ijma-mkbc |   6912 |  1728 |    24 | 1.00 | 0.97 |       404.0 |   413.5 |   387.6 
 abcijk-ijmb-mkac |   3456 |  3456 |    24 | 1.00 | 0.67 |       414.7 |   428.0 |   418.3 
 abcijk-ijmc-mkab |   3456 |  3456 |    24 | 1.00 | 0.67 |       428.3 |   434.7 |   454.4 
 abcijk-ikma-mjbc |   6912 |  1728 |    24 | 1.00 | 0.97 |       401.8 |   413.4 |   370.9 
 abcijk-ikmb-mjac |   3456 |  3456 |    24 | 1.00 | 0.67 |       424.0 |   439.9 |   418.6 
 abcijk-ikmc-mjab |   3456 |  3456 |    24 | 1.00 | 0.67 |       452.5 |   446.3 |   462.3 
 abcijk-jkma-mibc |   6912 |  1728 |    24 | 1.00 | 0.97 |       427.3 |   435.3 |   404.1 
 abcijk-jkmb-miac |   3456 |  3456 |    24 | 1.00 | 0.67 |       437.1 |   460.5 |   417.4 
 abcijk-jkmc-miab |   3456 |  3456 |    24 | 1.00 | 0.67 |       457.1 |   460.8 |   461.5 
 abcijk-eiab-jkec |   3456 |  3456 |    24 | 1.00 | 0.67 |       463.5 |   464.5 |   464.2 
 abcijk-eiac-jkeb |   3456 |  3456 |    24 | 1.00 | 0.67 |       446.4 |   462.3 |   423.7 
 abcijk-eibc-jkea |   1728 |  6912 |    24 | 1.00 | 0.97 |       430.2 |   440.0 |   403.4 
 abcijk-ejab-ikec |   3456 |  3456 |    24 | 1.00 | 0.67 |       458.9 |   450.8 |   462.8 
 abcijk-ejac-ikeb |   3456 |  3456 |    24 | 1.00 | 0.67 |       440.0 |   454.1 |   421.6 
 abcijk-ejbc-ikea |   1728 |  6912 |    24 | 1.00 | 0.97 |       418.0 |   426.1 |   395.7 
 abcijk-ekab-ijec |   3456 |  3456 |    24 | 1.00 | 0.67 |       446.1 |   447.6 |   462.0 
 abcijk-ekac-ijeb |   3456 |  3456 |    24 | 1.00 | 0.67 |       438.7 |   454.4 |   418.0 
 abcijk-ekbc-ijea |   1728 |  6912 |    24 | 1.00 | 0.97 |       415.4 |   424.7 |   403.0 
       abc-bk-akc |    144 | 18432 |   128 | 1.00 | 1.00 |      1217.1 |  1262.1 |  1241.5 

=== complex efficiency ratio (c32 GF/s over f32 GF/s; 1.0 = no penalty) ===
             case | planar c32/f32 | 1m c32/f32 | 3m c32/f32 
------------------+----------------+------------+------------
         ij-ik-kj |          2.419 |      2.473 |      2.416 
       ij-ikl-ljk |          1.668 |      1.424 |      1.315 
       ij-kil-lkj |          1.767 |      1.762 |      1.636 
       ijk-ikl-lj |          1.253 |      1.204 |      1.250 
       ijk-il-jlk |          0.565 |      0.608 |      0.495 
       ijk-ilk-jl |          1.221 |      1.222 |      1.202 
       ijk-ilk-lj |          1.217 |      1.247 |      1.240 
     ijk-ilmk-mjl |          1.887 |      1.617 |      1.754 
   ijkl-imjn-lnkm |          1.399 |      1.389 |      1.328 
   ijkl-imjn-nlmk |          1.004 |      1.121 |      1.012 
   ijkl-imkn-jnlm |          1.095 |      1.101 |      1.037 
   ijkl-imkn-njml |          1.069 |      1.053 |      0.996 
   ijkl-imln-jnkm |          1.095 |      1.086 |      1.008 
   ijkl-imln-njmk |          1.059 |      1.043 |      0.981 
   ijkl-imnj-nlkm |          1.020 |      1.117 |      1.018 
   ijkl-imnk-njml |          1.068 |      1.042 |      0.979 
   ijkl-minj-nlmk |          1.022 |      1.110 |      1.041 
   ijkl-mink-jnlm |          1.090 |      1.080 |      1.022 
   ijkl-minl-njmk |          1.074 |      1.064 |      1.001 
     aqrs-pa-pqrs |          0.644 |      0.685 |      0.471 
     abrs-qb-aqrs |          1.724 |      1.690 |      1.583 
     abcs-rc-abrs |          1.619 |      1.721 |      1.518 
       abj-bka-kj |          1.512 |      1.463 |      1.484 
       ajb-kba-jk |          1.295 |      1.329 |      1.328 
     abjc-cbka-kj |          1.488 |      1.488 |      1.573 
     ajbc-ckba-jk |          1.387 |      1.344 |      1.381 
     abjc-kbac-jk |          1.395 |      1.462 |      1.478 
   abjcd-dkbac-jk |          2.105 |      2.094 |      2.095 
   adbjc-cbdka-kj |          1.863 |      1.860 |      1.856 
   ajbdc-ckbad-jk |          1.744 |      1.605 |      1.610 
 abcijk-ijma-mkbc |          1.126 |      1.153 |      1.081 
 abcijk-ijmb-mkac |          0.959 |      0.990 |      0.968 
 abcijk-ijmc-mkab |          0.685 |      0.695 |      0.726 
 abcijk-ikma-mjbc |          1.018 |      1.048 |      0.940 
 abcijk-ikmb-mjac |          1.022 |      1.061 |      1.009 
 abcijk-ikmc-mjab |          0.679 |      0.670 |      0.694 
 abcijk-jkma-mibc |          1.039 |      1.059 |      0.983 
 abcijk-jkmb-miac |          0.978 |      1.030 |      0.934 
 abcijk-jkmc-miab |          0.679 |      0.685 |      0.686 
 abcijk-eiab-jkec |          0.700 |      0.702 |      0.701 
 abcijk-eiac-jkeb |          0.994 |      1.030 |      0.944 
 abcijk-eibc-jkea |          1.065 |      1.089 |      0.998 
 abcijk-ejab-ikec |          0.733 |      0.720 |      0.739 
 abcijk-ejac-ikeb |          1.001 |      1.033 |      0.959 
 abcijk-ejbc-ikea |          1.058 |      1.079 |      1.001 
 abcijk-ekab-ijec |          0.674 |      0.676 |      0.698 
 abcijk-ekac-ijeb |          1.010 |      1.046 |      0.962 
 abcijk-ekbc-ijea |          1.050 |      1.073 |      1.018 
       abc-bk-akc |          1.179 |      1.222 |      1.202 
             MEAN |          1.192 |      1.195 |      1.150 

wrote bench-results/worker5086-zen2/phase4g/sm-pool-s16-t16-f32c32.csv
