host        : worker5086
target      : x86_64 / linux
cpu features: avx2 fma 
caches      : L1=32KiB/8-way/1sh L2=512KiB/8-way/1sh L3=16384KiB/16-way/4sh (via sysfs), blocking=legacy
l3 domains  : t1=1 t4=1
baselines   : tblis=false blas=false

sweeping 49 cases at 16 MiB nominal tensor size, 3 reps, stress=none


=== f64 ===
             case |      m |     n |     k | regA | regB | planar GF/s | 1m GF/s | 3m GF/s 
------------------+--------+-------+-------+------+------+-------------+---------+---------
         ij-ik-kj |   1464 |  1448 |  1464 | 1.00 | 1.00 |        79.6 |    79.6 |    79.6 
       ij-ikl-ljk |    144 |   128 | 18432 | 1.00 | 1.00 |        49.0 |    49.0 |    49.0 
       ij-kil-lkj |    144 |   128 | 20736 | 1.00 | 1.00 |        48.5 |    48.5 |    48.5 
       ijk-ikl-lj |  18432 |   128 |   144 | 1.00 | 1.00 |        55.9 |    55.9 |    55.9 
       ijk-il-jlk |    144 | 18432 |   128 | 1.00 | 1.00 |        51.9 |    51.9 |    51.9 
       ijk-ilk-jl |  18432 |   144 |   128 | 1.00 | 1.00 |        60.1 |    60.1 |    60.1 
       ijk-ilk-lj |  18432 |   128 |   144 | 1.00 | 1.00 |        59.2 |    59.2 |    59.2 
     ijk-ilmk-mjl |   1920 |    40 |  1920 | 1.00 | 1.00 |        52.0 |    52.0 |    52.0 
   ijkl-imjn-lnkm |   1920 |  1920 |  1600 | 1.00 | 0.90 |        77.7 |    77.7 |    77.7 
   ijkl-imjn-nlmk |   1920 |  1600 |  1920 | 1.00 | 0.90 |        77.3 |    77.3 |    77.3 
   ijkl-imkn-jnlm |   1920 |  1920 |  1600 | 1.00 | 1.00 |        72.5 |    72.5 |    72.5 
   ijkl-imkn-njml |   1920 |  1600 |  1920 | 1.00 | 0.90 |        71.9 |    71.9 |    71.9 
   ijkl-imln-jnkm |   1920 |  1920 |  1600 | 1.00 | 1.00 |        73.3 |    73.3 |    73.3 
   ijkl-imln-njmk |   1920 |  1600 |  1920 | 1.00 | 0.90 |        72.0 |    72.0 |    72.0 
   ijkl-imnj-nlkm |   1920 |  1600 |  1920 | 1.00 | 0.90 |        77.3 |    77.3 |    77.3 
   ijkl-imnk-njml |   1920 |  1600 |  1920 | 1.00 | 0.90 |        71.9 |    71.9 |    71.9 
   ijkl-minj-nlmk |   1920 |  1600 |  2304 | 1.00 | 0.90 |        77.0 |    77.0 |    77.0 
   ijkl-mink-jnlm |   1920 |  1920 |  1920 | 1.00 | 1.00 |        71.5 |    71.5 |    71.5 
   ijkl-minl-njmk |   1920 |  1600 |  2304 | 1.00 | 0.90 |        71.0 |    71.0 |    71.0 
     aqrs-pa-pqrs |     48 | 64000 |    48 | 1.00 | 1.00 |        28.2 |    28.2 |    28.2 
     abrs-qb-aqrs |     40 | 76800 |    48 | 1.00 | 1.00 |        36.4 |    36.4 |    36.4 
     abcs-rc-abrs |     40 | 76800 |    48 | 1.00 | 1.00 |        40.4 |    40.4 |    40.4 
       abj-bka-kj |  20736 |   128 |   144 | 1.00 | 1.00 |        61.1 |    61.1 |    61.1 
       ajb-kba-jk |  18432 |   144 |   144 | 1.00 | 1.00 |        70.9 |    70.9 |    70.9 
     abjc-cbka-kj |  92160 |    40 |    48 | 1.00 | 1.00 |        20.5 |    20.5 |    20.5 
     ajbc-ckba-jk |  92160 |    48 |    40 | 1.00 | 1.00 |        30.5 |    30.5 |    30.5 
     abjc-kbac-jk |  76800 |    48 |    48 | 1.00 | 1.00 |        41.6 |    41.6 |    41.6 
   abjcd-dkbac-jk | 230400 |    24 |    20 | 1.00 | 1.00 |         9.8 |     9.8 |     9.8 
   adbjc-cbdka-kj | 230400 |    20 |    24 | 1.00 | 1.00 |         7.8 |     7.8 |     7.8 
   ajbdc-ckbad-jk | 230400 |    24 |    20 | 1.00 | 1.00 |         9.1 |     9.1 |     9.1 
 abcijk-ijma-mkbc |   6912 |  1728 |    24 | 1.00 | 1.00 |        41.3 |    41.3 |    41.3 
 abcijk-ijmb-mkac |   3456 |  3456 |    24 | 1.00 | 1.00 |        37.1 |    37.1 |    37.1 
 abcijk-ijmc-mkab |   3456 |  3456 |    24 | 1.00 | 1.00 |        44.3 |    44.3 |    44.3 
 abcijk-ikma-mjbc |   6912 |  1728 |    24 | 1.00 | 1.00 |        41.4 |    41.4 |    41.4 
 abcijk-ikmb-mjac |   3456 |  3456 |    24 | 1.00 | 1.00 |        37.0 |    37.0 |    37.0 
 abcijk-ikmc-mjab |   3456 |  3456 |    24 | 1.00 | 1.00 |        44.5 |    44.5 |    44.5 
 abcijk-jkma-mibc |   6912 |  1728 |    24 | 1.00 | 1.00 |        42.4 |    42.4 |    42.4 
 abcijk-jkmb-miac |   3456 |  3456 |    24 | 1.00 | 1.00 |        37.0 |    37.0 |    37.0 
 abcijk-jkmc-miab |   3456 |  3456 |    24 | 1.00 | 1.00 |        44.2 |    44.2 |    44.2 
 abcijk-eiab-jkec |   3456 |  3456 |    24 | 1.00 | 1.00 |        44.1 |    44.1 |    44.1 
 abcijk-eiac-jkeb |   3456 |  3456 |    24 | 1.00 | 1.00 |        36.7 |    36.7 |    36.7 
 abcijk-eibc-jkea |   1728 |  6912 |    24 | 1.00 | 1.00 |        42.3 |    42.3 |    42.3 
 abcijk-ejab-ikec |   3456 |  3456 |    24 | 1.00 | 1.00 |        44.3 |    44.3 |    44.3 
 abcijk-ejac-ikeb |   3456 |  3456 |    24 | 1.00 | 1.00 |        36.9 |    36.9 |    36.9 
 abcijk-ejbc-ikea |   1728 |  6912 |    24 | 1.00 | 1.00 |        41.3 |    41.3 |    41.3 
 abcijk-ekab-ijec |   3456 |  3456 |    24 | 1.00 | 1.00 |        44.1 |    44.1 |    44.1 
 abcijk-ekac-ijeb |   3456 |  3456 |    24 | 1.00 | 1.00 |        36.7 |    36.7 |    36.7 
 abcijk-ekbc-ijea |   1728 |  6912 |    24 | 1.00 | 1.00 |        41.4 |    41.4 |    41.4 
       abc-bk-akc |    144 | 18432 |   128 | 1.00 | 1.00 |        58.3 |    58.3 |    58.3 

=== c64 ===
             case |      m |     n |     k | regA | regB | planar GF/s | 1m GF/s | 3m GF/s 
------------------+--------+-------+-------+------+------+-------------+---------+---------
         ij-ik-kj |   1464 |  1448 |  1464 | 1.00 | 1.00 |        85.5 |    86.8 |    84.4 
       ij-ikl-ljk |    144 |   128 | 18432 | 1.00 | 1.00 |        66.3 |    71.1 |    61.1 
       ij-kil-lkj |    144 |   128 | 20736 | 1.00 | 1.00 |        67.6 |    70.6 |    70.1 
       ijk-ikl-lj |  18432 |   128 |   144 | 1.00 | 1.00 |        74.3 |    74.7 |    69.6 
       ijk-il-jlk |    144 | 18432 |   128 | 1.00 | 0.97 |        75.6 |    79.0 |    66.8 
       ijk-ilk-jl |  18432 |   144 |   128 | 1.00 | 1.00 |        79.8 |    84.8 |    70.9 
       ijk-ilk-lj |  18432 |   128 |   144 | 1.00 | 1.00 |        78.9 |    82.2 |    70.0 
     ijk-ilmk-mjl |   1920 |    40 |  1920 | 1.00 | 1.00 |        66.1 |    67.5 |    53.0 
   ijkl-imjn-lnkm |   1920 |  1920 |  1600 | 1.00 | 1.00 |        84.0 |    85.2 |    83.5 
   ijkl-imjn-nlmk |   1920 |  1600 |  1920 | 1.00 | 1.00 |        83.8 |    85.1 |    82.8 
   ijkl-imkn-jnlm |   1920 |  1920 |  1600 | 1.00 | 0.92 |        82.2 |    81.6 |    80.0 
   ijkl-imkn-njml |   1920 |  1600 |  1920 | 1.00 | 1.00 |        82.2 |    81.8 |    79.8 
   ijkl-imln-jnkm |   1920 |  1920 |  1600 | 1.00 | 0.92 |        82.3 |    81.7 |    79.9 
   ijkl-imln-njmk |   1920 |  1600 |  1920 | 1.00 | 1.00 |        82.3 |    82.2 |    80.0 
   ijkl-imnj-nlkm |   1920 |  1600 |  1920 | 1.00 | 1.00 |        83.5 |    84.9 |    82.8 
   ijkl-imnk-njml |   1920 |  1600 |  1920 | 1.00 | 1.00 |        82.1 |    81.4 |    80.0 
   ijkl-minj-nlmk |   1920 |  1600 |  2304 | 1.00 | 1.00 |        85.6 |    86.8 |    86.3 
   ijkl-mink-jnlm |   1920 |  1920 |  1920 | 1.00 | 0.92 |        84.0 |    85.3 |    82.8 
   ijkl-minl-njmk |   1920 |  1600 |  2304 | 1.00 | 1.00 |        83.7 |    82.6 |    82.5 
     aqrs-pa-pqrs |     48 | 64000 |    48 | 1.00 | 1.00 |        45.9 |    50.8 |    41.5 
     abrs-qb-aqrs |     40 | 76800 |    48 | 1.00 | 1.00 |        49.1 |    49.8 |    44.5 
     abcs-rc-abrs |     40 | 76800 |    48 | 1.00 | 1.00 |        58.0 |    56.1 |    38.5 
       abj-bka-kj |  20736 |   128 |   144 | 1.00 | 1.00 |        72.3 |    71.9 |    71.0 
       ajb-kba-jk |  18432 |   144 |   144 | 1.00 | 1.00 |        82.8 |    86.7 |    81.4 
     abjc-cbka-kj |  92160 |    40 |    48 | 1.00 | 1.00 |        31.2 |    27.0 |    29.2 
     ajbc-ckba-jk |  92160 |    48 |    40 | 1.00 | 1.00 |        32.2 |    29.3 |    30.1 
     abjc-kbac-jk |  76800 |    48 |    48 | 1.00 | 1.00 |        57.7 |    63.1 |    55.3 
   abjcd-dkbac-jk | 230400 |    24 |    20 | 1.00 | 1.00 |        21.8 |    20.0 |    19.6 
   adbjc-cbdka-kj | 230400 |    20 |    24 | 1.00 | 1.00 |        18.6 |    15.5 |    16.9 
   ajbdc-ckbad-jk | 230400 |    24 |    20 | 1.00 | 1.00 |        20.8 |    19.0 |    18.8 
 abcijk-ijma-mkbc |   6912 |  1728 |    24 | 1.00 | 0.97 |        52.4 |    57.2 |    43.8 
 abcijk-ijmb-mkac |   3456 |  3456 |    24 | 1.00 | 0.67 |        52.1 |    56.6 |    43.5 
 abcijk-ijmc-mkab |   3456 |  3456 |    24 | 1.00 | 0.67 |        57.6 |    65.3 |    47.8 
 abcijk-ikma-mjbc |   6912 |  1728 |    24 | 1.00 | 0.97 |        52.4 |    57.2 |    43.7 
 abcijk-ikmb-mjac |   3456 |  3456 |    24 | 1.00 | 0.67 |        52.0 |    56.5 |    43.5 
 abcijk-ikmc-mjab |   3456 |  3456 |    24 | 1.00 | 0.67 |        57.6 |    65.3 |    47.8 
 abcijk-jkma-mibc |   6912 |  1728 |    24 | 1.00 | 0.97 |        52.3 |    57.4 |    44.1 
 abcijk-jkmb-miac |   3456 |  3456 |    24 | 1.00 | 0.67 |        52.1 |    56.5 |    43.6 
 abcijk-jkmc-miab |   3456 |  3456 |    24 | 1.00 | 0.67 |        57.7 |    65.2 |    47.8 
 abcijk-eiab-jkec |   3456 |  3456 |    24 | 1.00 | 0.67 |        57.3 |    64.8 |    47.7 
 abcijk-eiac-jkeb |   3456 |  3456 |    24 | 1.00 | 0.67 |        52.1 |    56.5 |    43.4 
 abcijk-eibc-jkea |   1728 |  6912 |    24 | 1.00 | 0.97 |        52.3 |    57.3 |    44.0 
 abcijk-ejab-ikec |   3456 |  3456 |    24 | 1.00 | 0.67 |        57.6 |    64.8 |    47.8 
 abcijk-ejac-ikeb |   3456 |  3456 |    24 | 1.00 | 0.67 |        52.1 |    56.5 |    43.4 
 abcijk-ejbc-ikea |   1728 |  6912 |    24 | 1.00 | 0.97 |        52.4 |    57.2 |    43.8 
 abcijk-ekab-ijec |   3456 |  3456 |    24 | 1.00 | 0.67 |        57.5 |    65.1 |    47.8 
 abcijk-ekac-ijeb |   3456 |  3456 |    24 | 1.00 | 0.67 |        52.0 |    56.5 |    43.5 
 abcijk-ekbc-ijea |   1728 |  6912 |    24 | 1.00 | 0.97 |        52.3 |    57.1 |    43.8 
       abc-bk-akc |    144 | 18432 |   128 | 1.00 | 1.00 |        72.2 |    75.6 |    70.7 

=== complex efficiency ratio (c64 GF/s over f64 GF/s; 1.0 = no penalty) ===
             case | planar c64/f64 | 1m c64/f64 | 3m c64/f64 
------------------+----------------+------------+------------
         ij-ik-kj |          1.074 |      1.090 |      1.061 
       ij-ikl-ljk |          1.353 |      1.451 |      1.247 
       ij-kil-lkj |          1.393 |      1.455 |      1.444 
       ijk-ikl-lj |          1.328 |      1.335 |      1.244 
       ijk-il-jlk |          1.455 |      1.522 |      1.286 
       ijk-ilk-jl |          1.326 |      1.411 |      1.179 
       ijk-ilk-lj |          1.333 |      1.389 |      1.182 
     ijk-ilmk-mjl |          1.272 |      1.298 |      1.019 
   ijkl-imjn-lnkm |          1.080 |      1.096 |      1.074 
   ijkl-imjn-nlmk |          1.084 |      1.101 |      1.072 
   ijkl-imkn-jnlm |          1.134 |      1.126 |      1.103 
   ijkl-imkn-njml |          1.142 |      1.137 |      1.109 
   ijkl-imln-jnkm |          1.124 |      1.115 |      1.091 
   ijkl-imln-njmk |          1.142 |      1.140 |      1.110 
   ijkl-imnj-nlkm |          1.080 |      1.098 |      1.071 
   ijkl-imnk-njml |          1.141 |      1.132 |      1.112 
   ijkl-minj-nlmk |          1.112 |      1.127 |      1.120 
   ijkl-mink-jnlm |          1.174 |      1.192 |      1.157 
   ijkl-minl-njmk |          1.179 |      1.162 |      1.162 
     aqrs-pa-pqrs |          1.630 |      1.805 |      1.474 
     abrs-qb-aqrs |          1.351 |      1.370 |      1.224 
     abcs-rc-abrs |          1.436 |      1.389 |      0.953 
       abj-bka-kj |          1.184 |      1.177 |      1.162 
       ajb-kba-jk |          1.168 |      1.221 |      1.148 
     abjc-cbka-kj |          1.520 |      1.316 |      1.421 
     ajbc-ckba-jk |          1.057 |      0.963 |      0.989 
     abjc-kbac-jk |          1.388 |      1.519 |      1.332 
   abjcd-dkbac-jk |          2.231 |      2.050 |      2.004 
   adbjc-cbdka-kj |          2.379 |      1.979 |      2.153 
   ajbdc-ckbad-jk |          2.297 |      2.102 |      2.081 
 abcijk-ijma-mkbc |          1.268 |      1.385 |      1.061 
 abcijk-ijmb-mkac |          1.402 |      1.523 |      1.171 
 abcijk-ijmc-mkab |          1.299 |      1.474 |      1.079 
 abcijk-ikma-mjbc |          1.267 |      1.382 |      1.057 
 abcijk-ikmb-mjac |          1.408 |      1.529 |      1.177 
 abcijk-ikmc-mjab |          1.296 |      1.469 |      1.076 
 abcijk-jkma-mibc |          1.235 |      1.354 |      1.041 
 abcijk-jkmb-miac |          1.410 |      1.529 |      1.179 
 abcijk-jkmc-miab |          1.304 |      1.474 |      1.081 
 abcijk-eiab-jkec |          1.300 |      1.470 |      1.081 
 abcijk-eiac-jkeb |          1.420 |      1.540 |      1.183 
 abcijk-eibc-jkea |          1.238 |      1.354 |      1.041 
 abcijk-ejab-ikec |          1.300 |      1.463 |      1.080 
 abcijk-ejac-ikeb |          1.411 |      1.532 |      1.177 
 abcijk-ejbc-ikea |          1.266 |      1.383 |      1.059 
 abcijk-ekab-ijec |          1.303 |      1.476 |      1.083 
 abcijk-ekac-ijeb |          1.417 |      1.537 |      1.186 
 abcijk-ekbc-ijea |          1.263 |      1.380 |      1.057 
       abc-bk-akc |          1.238 |      1.296 |      1.213 
             MEAN |          1.339 |      1.384 |      1.201 

wrote bench-results/worker5086-zen2/phase4g/sm-s16-t2-f64c64.csv
