host        : worker5086
target      : x86_64 / linux
cpu features: avx2 fma 
caches      : L1=32KiB/8-way/1sh L2=512KiB/8-way/1sh L3=16384KiB/16-way/4sh (via sysfs), blocking=legacy
l3 domains  : t1=1 t4=1 t8=2
baselines   : tblis=false blas=false

sweeping 49 cases at 0.25 MiB nominal tensor size, 96 reps, stress=none


=== f64 ===
             case |     m |    n |    k | regA | regB | planar GF/s | 1m GF/s | 3m GF/s 
------------------+-------+------+------+------+------+-------------+---------+---------
         ij-ik-kj |   192 |  180 |  192 | 1.00 | 1.00 |        85.3 |    85.3 |    85.3 
       ij-ikl-ljk |    48 |   32 | 1536 | 1.00 | 1.00 |        27.7 |    27.7 |    27.7 
       ij-kil-lkj |    48 |   32 | 2304 | 1.00 | 1.00 |        30.6 |    30.6 |    30.6 
       ijk-ikl-lj |  1536 |   32 |   48 | 1.00 | 1.00 |        40.6 |    40.6 |    40.6 
       ijk-il-jlk |    48 | 1536 |   32 | 1.00 | 1.00 |        36.0 |    36.0 |    36.0 
       ijk-ilk-jl |  1536 |   48 |   32 | 1.00 | 1.00 |        42.1 |    42.1 |    42.1 
       ijk-ilk-lj |  1536 |   32 |   48 | 1.00 | 1.00 |        41.6 |    41.6 |    41.6 
     ijk-ilmk-mjl |   288 |   12 |  288 | 1.00 | 1.00 |        20.9 |    20.9 |    20.9 
   ijkl-imjn-lnkm |   288 |  288 |  144 | 1.00 | 1.00 |       104.9 |   104.9 |   104.9 
   ijkl-imjn-nlmk |   288 |  144 |  288 | 1.00 | 1.00 |        96.9 |    96.9 |    96.9 
   ijkl-imkn-jnlm |   288 |  288 |  144 | 1.00 | 1.00 |       107.1 |   107.1 |   107.1 
   ijkl-imkn-njml |   288 |  144 |  288 | 1.00 | 1.00 |        97.7 |    97.7 |    97.7 
   ijkl-imln-jnkm |   288 |  288 |  144 | 1.00 | 1.00 |       106.9 |   106.9 |   106.9 
   ijkl-imln-njmk |   288 |  144 |  288 | 1.00 | 1.00 |        97.3 |    97.3 |    97.3 
   ijkl-imnj-nlkm |   288 |  144 |  288 | 1.00 | 1.00 |        96.3 |    96.3 |    96.3 
   ijkl-imnk-njml |   288 |  144 |  288 | 1.00 | 1.00 |        97.4 |    97.4 |    97.4 
   ijkl-minj-nlmk |   288 |  144 |  576 | 1.00 | 1.00 |       111.0 |   111.0 |   111.0 
   ijkl-mink-jnlm |   288 |  288 |  288 | 1.00 | 1.00 |       118.4 |   118.4 |   118.4 
   ijkl-minl-njmk |   288 |  144 |  576 | 1.00 | 1.00 |       112.5 |   112.5 |   112.5 
     aqrs-pa-pqrs |    24 | 1728 |   24 | 1.00 | 1.00 |        24.5 |    24.5 |    24.5 
     abrs-qb-aqrs |    12 | 3456 |   24 | 1.00 | 1.00 |        19.5 |    19.5 |    19.5 
     abcs-rc-abrs |    12 | 3456 |   24 | 1.00 | 1.00 |        20.1 |    20.1 |    20.1 
       abj-bka-kj |  2304 |   32 |   48 | 1.00 | 1.00 |        45.7 |    45.7 |    45.7 
       ajb-kba-jk |  1536 |   48 |   48 | 1.00 | 1.00 |        55.3 |    55.3 |    55.3 
     abjc-cbka-kj |  6912 |   12 |   24 | 1.00 | 1.00 |        22.7 |    22.7 |    22.7 
     ajbc-ckba-jk |  6912 |   24 |   12 | 1.00 | 1.00 |        24.1 |    24.1 |    24.1 
     abjc-kbac-jk |  3456 |   24 |   24 | 1.00 | 1.00 |        31.6 |    31.6 |    31.6 
   abjcd-dkbac-jk | 36864 |   24 |    8 | 1.00 | 1.00 |        26.6 |    26.6 |    26.6 
   adbjc-cbdka-kj | 36864 |    8 |   24 | 1.00 | 1.00 |         9.4 |     9.4 |     9.4 
   ajbdc-ckbad-jk | 36864 |   24 |    8 | 1.00 | 1.00 |        25.7 |    25.7 |    25.7 
 abcijk-ijma-mkbc |  2304 |   64 |   24 | 1.00 | 0.82 |        46.7 |    46.7 |    46.7 
 abcijk-ijmb-mkac |   384 |  384 |   24 | 1.00 | 0.00 |        53.4 |    53.4 |    53.4 
 abcijk-ijmc-mkab |   384 |  384 |   24 | 1.00 | 0.00 |        52.4 |    52.4 |    52.4 
 abcijk-ikma-mjbc |  2304 |   64 |   24 | 1.00 | 0.82 |        47.6 |    47.6 |    47.6 
 abcijk-ikmb-mjac |   384 |  384 |   24 | 1.00 | 0.00 |        52.4 |    52.4 |    52.4 
 abcijk-ikmc-mjab |   384 |  384 |   24 | 1.00 | 0.00 |        53.9 |    53.9 |    53.9 
 abcijk-jkma-mibc |  2304 |   64 |   24 | 1.00 | 0.82 |        46.5 |    46.5 |    46.5 
 abcijk-jkmb-miac |   384 |  384 |   24 | 1.00 | 0.00 |        53.6 |    53.6 |    53.6 
 abcijk-jkmc-miab |   384 |  384 |   24 | 1.00 | 0.00 |        53.3 |    53.3 |    53.3 
 abcijk-eiab-jkec |   384 |  384 |   24 | 1.00 | 0.00 |        53.0 |    53.0 |    53.0 
 abcijk-eiac-jkeb |   384 |  384 |   24 | 1.00 | 0.00 |        53.1 |    53.1 |    53.1 
 abcijk-eibc-jkea |    64 | 2304 |   24 | 1.00 | 0.82 |        46.7 |    46.7 |    46.7 
 abcijk-ejab-ikec |   384 |  384 |   24 | 1.00 | 0.00 |        52.1 |    52.1 |    52.1 
 abcijk-ejac-ikeb |   384 |  384 |   24 | 1.00 | 0.00 |        53.0 |    53.0 |    53.0 
 abcijk-ejbc-ikea |    64 | 2304 |   24 | 1.00 | 0.82 |        48.3 |    48.3 |    48.3 
 abcijk-ekab-ijec |   384 |  384 |   24 | 1.00 | 0.00 |        54.7 |    54.7 |    54.7 
 abcijk-ekac-ijeb |   384 |  384 |   24 | 1.00 | 0.00 |        52.7 |    52.7 |    52.7 
 abcijk-ekbc-ijea |    64 | 2304 |   24 | 1.00 | 0.82 |        46.5 |    46.5 |    46.5 
       abc-bk-akc |    48 | 1536 |   32 | 1.00 | 1.00 |        40.8 |    40.8 |    40.8 

=== c64 ===
             case |     m |    n |    k | regA | regB | planar GF/s | 1m GF/s | 3m GF/s 
------------------+-------+------+------+------+------+-------------+---------+---------
         ij-ik-kj |   192 |  180 |  192 | 1.00 | 1.00 |       133.7 |   138.6 |   133.6 
       ij-ikl-ljk |    48 |   32 | 1536 | 1.00 | 1.00 |        73.1 |    69.1 |    72.4 
       ij-kil-lkj |    48 |   32 | 2304 | 1.00 | 1.00 |        77.3 |    74.8 |    79.5 
       ijk-ikl-lj |  1536 |   32 |   48 | 1.00 | 1.00 |        80.4 |    82.0 |    79.2 
       ijk-il-jlk |    48 | 1536 |   32 | 1.00 | 0.92 |        79.3 |    84.9 |    70.0 
       ijk-ilk-jl |  1536 |   48 |   32 | 1.00 | 1.00 |        80.3 |    85.9 |    76.0 
       ijk-ilk-lj |  1536 |   32 |   48 | 1.00 | 1.00 |        81.4 |    83.3 |    80.5 
     ijk-ilmk-mjl |   288 |   12 |  288 | 1.00 | 1.00 |        51.2 |    52.6 |    53.4 
   ijkl-imjn-lnkm |   288 |  288 |  144 | 1.00 | 0.67 |       144.1 |   153.7 |   142.7 
   ijkl-imjn-nlmk |   288 |  144 |  288 | 1.00 | 0.69 |       138.4 |   145.8 |   141.2 
   ijkl-imkn-jnlm |   288 |  288 |  144 | 1.00 | 0.84 |       146.2 |   153.9 |   144.1 
   ijkl-imkn-njml |   288 |  144 |  288 | 1.00 | 0.69 |       138.0 |   147.6 |   140.3 
   ijkl-imln-jnkm |   288 |  288 |  144 | 1.00 | 0.84 |       145.7 |   152.8 |   144.3 
   ijkl-imln-njmk |   288 |  144 |  288 | 1.00 | 0.69 |       139.4 |   147.0 |   140.4 
   ijkl-imnj-nlkm |   288 |  144 |  288 | 1.00 | 0.69 |       138.8 |   146.9 |   140.4 
   ijkl-imnk-njml |   288 |  144 |  288 | 1.00 | 0.69 |       139.2 |   147.3 |   140.6 
   ijkl-minj-nlmk |   288 |  144 |  576 | 1.00 | 0.69 |       146.6 |   154.7 |   151.2 
   ijkl-mink-jnlm |   288 |  288 |  288 | 1.00 | 0.84 |       149.3 |   160.2 |   152.0 
   ijkl-minl-njmk |   288 |  144 |  576 | 1.00 | 0.69 |       148.8 |   156.4 |   150.3 
     aqrs-pa-pqrs |    24 | 1728 |   24 | 1.00 | 1.00 |        43.2 |    46.5 |    38.1 
     abrs-qb-aqrs |    12 | 3456 |   24 | 1.00 | 1.00 |        43.6 |    46.1 |    42.6 
     abcs-rc-abrs |    12 | 3456 |   24 | 1.00 | 1.00 |        43.6 |    45.2 |    42.6 
       abj-bka-kj |  2304 |   32 |   48 | 1.00 | 1.00 |        81.8 |    84.2 |    82.7 
       ajb-kba-jk |  1536 |   48 |   48 | 1.00 | 1.00 |        96.6 |   101.7 |    93.4 
     abjc-cbka-kj |  6912 |   12 |   24 | 1.00 | 1.00 |        47.0 |    49.2 |    45.1 
     ajbc-ckba-jk |  6912 |   24 |   12 | 1.00 | 1.00 |        49.1 |    54.0 |    41.3 
     abjc-kbac-jk |  3456 |   24 |   24 | 1.00 | 1.00 |        64.1 |    70.9 |    60.3 
   abjcd-dkbac-jk | 36864 |   24 |    8 | 1.00 | 1.00 |        41.5 |    43.9 |    33.4 
   adbjc-cbdka-kj | 36864 |    8 |   24 | 1.00 | 1.00 |        20.1 |    18.1 |    19.5 
   ajbdc-ckbad-jk | 36864 |   24 |    8 | 1.00 | 1.00 |        36.6 |    38.2 |    30.5 
 abcijk-ijma-mkbc |  2304 |   64 |   24 | 1.00 | 0.77 |        82.2 |    89.5 |    73.7 
 abcijk-ijmb-mkac |   384 |  384 |   24 | 1.00 | 0.01 |        89.8 |   100.7 |    77.6 
 abcijk-ijmc-mkab |   384 |  384 |   24 | 1.00 | 0.01 |        91.7 |   100.4 |    79.2 
 abcijk-ikma-mjbc |  2304 |   64 |   24 | 1.00 | 0.77 |        82.8 |    89.5 |    73.4 
 abcijk-ikmb-mjac |   384 |  384 |   24 | 1.00 | 0.01 |        91.7 |   101.6 |    78.5 
 abcijk-ikmc-mjab |   384 |  384 |   24 | 1.00 | 0.01 |        89.5 |    99.7 |    79.4 
 abcijk-jkma-mibc |  2304 |   64 |   24 | 1.00 | 0.77 |        82.5 |    89.6 |    73.1 
 abcijk-jkmb-miac |   384 |  384 |   24 | 1.00 | 0.01 |        89.8 |   101.6 |    78.0 
 abcijk-jkmc-miab |   384 |  384 |   24 | 1.00 | 0.01 |        90.7 |   101.1 |    79.6 
 abcijk-eiab-jkec |   384 |  384 |   24 | 1.00 | 0.01 |        92.1 |   102.0 |    79.5 
 abcijk-eiac-jkeb |   384 |  384 |   24 | 1.00 | 0.01 |        90.3 |   102.9 |    78.0 
 abcijk-eibc-jkea |    64 | 2304 |   24 | 1.00 | 0.77 |        82.8 |    88.8 |    73.6 
 abcijk-ejab-ikec |   384 |  384 |   24 | 1.00 | 0.01 |        92.9 |   102.0 |    79.5 
 abcijk-ejac-ikeb |   384 |  384 |   24 | 1.00 | 0.01 |        92.1 |   101.1 |    79.5 
 abcijk-ejbc-ikea |    64 | 2304 |   24 | 1.00 | 0.77 |        82.9 |    89.6 |    73.3 
 abcijk-ekab-ijec |   384 |  384 |   24 | 1.00 | 0.01 |        90.8 |   101.1 |    80.6 
 abcijk-ekac-ijeb |   384 |  384 |   24 | 1.00 | 0.01 |        90.4 |   101.6 |    77.9 
 abcijk-ekbc-ijea |    64 | 2304 |   24 | 1.00 | 0.77 |        82.5 |    89.1 |    73.9 
       abc-bk-akc |    48 | 1536 |   32 | 1.00 | 1.00 |        79.9 |    85.1 |    74.2 

=== complex efficiency ratio (c64 GF/s over f64 GF/s; 1.0 = no penalty) ===
             case | planar c64/f64 | 1m c64/f64 | 3m c64/f64 
------------------+----------------+------------+------------
         ij-ik-kj |          1.566 |      1.624 |      1.565 
       ij-ikl-ljk |          2.645 |      2.500 |      2.617 
       ij-kil-lkj |          2.524 |      2.443 |      2.596 
       ijk-ikl-lj |          1.977 |      2.018 |      1.948 
       ijk-il-jlk |          2.206 |      2.360 |      1.946 
       ijk-ilk-jl |          1.908 |      2.039 |      1.806 
       ijk-ilk-lj |          1.956 |      2.002 |      1.936 
     ijk-ilmk-mjl |          2.454 |      2.518 |      2.559 
   ijkl-imjn-lnkm |          1.373 |      1.465 |      1.360 
   ijkl-imjn-nlmk |          1.429 |      1.505 |      1.457 
   ijkl-imkn-jnlm |          1.366 |      1.437 |      1.346 
   ijkl-imkn-njml |          1.413 |      1.512 |      1.437 
   ijkl-imln-jnkm |          1.363 |      1.430 |      1.350 
   ijkl-imln-njmk |          1.433 |      1.511 |      1.444 
   ijkl-imnj-nlkm |          1.441 |      1.525 |      1.457 
   ijkl-imnk-njml |          1.430 |      1.513 |      1.444 
   ijkl-minj-nlmk |          1.321 |      1.393 |      1.362 
   ijkl-mink-jnlm |          1.261 |      1.353 |      1.284 
   ijkl-minl-njmk |          1.323 |      1.390 |      1.336 
     aqrs-pa-pqrs |          1.759 |      1.896 |      1.553 
     abrs-qb-aqrs |          2.232 |      2.359 |      2.182 
     abcs-rc-abrs |          2.172 |      2.253 |      2.122 
       abj-bka-kj |          1.792 |      1.844 |      1.810 
       ajb-kba-jk |          1.745 |      1.837 |      1.687 
     abjc-cbka-kj |          2.071 |      2.167 |      1.984 
     ajbc-ckba-jk |          2.040 |      2.243 |      1.714 
     abjc-kbac-jk |          2.027 |      2.242 |      1.905 
   abjcd-dkbac-jk |          1.561 |      1.651 |      1.258 
   adbjc-cbdka-kj |          2.140 |      1.927 |      2.081 
   ajbdc-ckbad-jk |          1.422 |      1.485 |      1.187 
 abcijk-ijma-mkbc |          1.760 |      1.917 |      1.577 
 abcijk-ijmb-mkac |          1.681 |      1.885 |      1.452 
 abcijk-ijmc-mkab |          1.751 |      1.917 |      1.512 
 abcijk-ikma-mjbc |          1.739 |      1.880 |      1.542 
 abcijk-ikmb-mjac |          1.749 |      1.938 |      1.499 
 abcijk-ikmc-mjab |          1.660 |      1.847 |      1.473 
 abcijk-jkma-mibc |          1.774 |      1.927 |      1.572 
 abcijk-jkmb-miac |          1.675 |      1.895 |      1.455 
 abcijk-jkmc-miab |          1.702 |      1.898 |      1.494 
 abcijk-eiab-jkec |          1.737 |      1.922 |      1.500 
 abcijk-eiac-jkeb |          1.700 |      1.935 |      1.468 
 abcijk-eibc-jkea |          1.773 |      1.901 |      1.577 
 abcijk-ejab-ikec |          1.784 |      1.958 |      1.528 
 abcijk-ejac-ikeb |          1.738 |      1.908 |      1.500 
 abcijk-ejbc-ikea |          1.715 |      1.854 |      1.516 
 abcijk-ekab-ijec |          1.660 |      1.848 |      1.473 
 abcijk-ekac-ijeb |          1.716 |      1.929 |      1.479 
 abcijk-ekbc-ijea |          1.774 |      1.914 |      1.587 
       abc-bk-akc |          1.958 |      2.087 |      1.819 
             MEAN |          1.763 |      1.874 |      1.648 

wrote bench-results/worker5086-zen2/phase4g/sm-s0.25-t4-f64c64.csv
