host        : worker5086
target      : x86_64 / linux
cpu features: avx2 fma 
caches      : L1=32KiB/8-way/1sh L2=512KiB/8-way/1sh L3=16384KiB/16-way/4sh (via sysfs), blocking=legacy
l3 domains  : t1=1 t4=1 t8=2 t16=4 t32=8
baselines   : tblis=false blas=false

sweeping 49 cases at 0.25 MiB nominal tensor size, 96 reps, stress=none


=== f64 ===
             case |     m |    n |    k | regA | regB | planar GF/s | 1m GF/s | 3m GF/s 
------------------+-------+------+------+------+------+-------------+---------+---------
         ij-ik-kj |   192 |  180 |  192 | 1.00 | 1.00 |        25.9 |    25.9 |    25.9 
       ij-ikl-ljk |    48 |   32 | 1536 | 1.00 | 1.00 |        12.3 |    12.3 |    12.3 
       ij-kil-lkj |    48 |   32 | 2304 | 1.00 | 1.00 |        14.5 |    14.5 |    14.5 
       ijk-ikl-lj |  1536 |   32 |   48 | 1.00 | 1.00 |        10.7 |    10.7 |    10.7 
       ijk-il-jlk |    48 | 1536 |   32 | 1.00 | 1.00 |        12.7 |    12.7 |    12.7 
       ijk-ilk-jl |  1536 |   48 |   32 | 1.00 | 1.00 |        10.7 |    10.7 |    10.7 
       ijk-ilk-lj |  1536 |   32 |   48 | 1.00 | 1.00 |        10.4 |    10.4 |    10.4 
     ijk-ilmk-mjl |   288 |   12 |  288 | 1.00 | 1.00 |         4.3 |     4.3 |     4.3 
   ijkl-imjn-lnkm |   288 |  288 |  144 | 1.00 | 1.00 |        42.9 |    42.9 |    42.9 
   ijkl-imjn-nlmk |   288 |  144 |  288 | 1.00 | 1.00 |        37.1 |    37.1 |    37.1 
   ijkl-imkn-jnlm |   288 |  288 |  144 | 1.00 | 1.00 |        43.9 |    43.9 |    43.9 
   ijkl-imkn-njml |   288 |  144 |  288 | 1.00 | 1.00 |        38.1 |    38.1 |    38.1 
   ijkl-imln-jnkm |   288 |  288 |  144 | 1.00 | 1.00 |        44.9 |    44.9 |    44.9 
   ijkl-imln-njmk |   288 |  144 |  288 | 1.00 | 1.00 |        37.8 |    37.8 |    37.8 
   ijkl-imnj-nlkm |   288 |  144 |  288 | 1.00 | 1.00 |        37.1 |    37.1 |    37.1 
   ijkl-imnk-njml |   288 |  144 |  288 | 1.00 | 1.00 |        37.9 |    37.9 |    37.9 
   ijkl-minj-nlmk |   288 |  144 |  576 | 1.00 | 1.00 |        53.6 |    53.6 |    53.6 
   ijkl-mink-jnlm |   288 |  288 |  288 | 1.00 | 1.00 |        62.6 |    62.6 |    62.6 
   ijkl-minl-njmk |   288 |  144 |  576 | 1.00 | 1.00 |        57.8 |    57.8 |    57.8 
     aqrs-pa-pqrs |    24 | 1728 |   24 | 1.00 | 1.00 |         6.7 |     6.7 |     6.7 
     abrs-qb-aqrs |    12 | 3456 |   24 | 1.00 | 1.00 |         4.3 |     4.3 |     4.3 
     abcs-rc-abrs |    12 | 3456 |   24 | 1.00 | 1.00 |         4.5 |     4.5 |     4.5 
       abj-bka-kj |  2304 |   32 |   48 | 1.00 | 1.00 |        14.1 |    14.1 |    14.1 
       ajb-kba-jk |  1536 |   48 |   48 | 1.00 | 1.00 |        14.9 |    14.9 |    14.9 
     abjc-cbka-kj |  6912 |   12 |   24 | 1.00 | 1.00 |         8.3 |     8.3 |     8.3 
     ajbc-ckba-jk |  6912 |   24 |   12 | 1.00 | 1.00 |         8.6 |     8.6 |     8.6 
     abjc-kbac-jk |  3456 |   24 |   24 | 1.00 | 1.00 |         8.6 |     8.6 |     8.6 
   abjcd-dkbac-jk | 36864 |   24 |    8 | 1.00 | 1.00 |        18.2 |    18.2 |    18.2 
   adbjc-cbdka-kj | 36864 |    8 |   24 | 1.00 | 1.00 |        11.4 |    11.4 |    11.4 
   ajbdc-ckbad-jk | 36864 |   24 |    8 | 1.00 | 1.00 |        17.4 |    17.4 |    17.4 
 abcijk-ijma-mkbc |  2304 |   64 |   24 | 1.00 | 0.82 |        14.6 |    14.6 |    14.6 
 abcijk-ijmb-mkac |   384 |  384 |   24 | 1.00 | 0.00 |        22.2 |    22.2 |    22.2 
 abcijk-ijmc-mkab |   384 |  384 |   24 | 1.00 | 0.00 |        21.1 |    21.1 |    21.1 
 abcijk-ikma-mjbc |  2304 |   64 |   24 | 1.00 | 0.82 |        15.4 |    15.4 |    15.4 
 abcijk-ikmb-mjac |   384 |  384 |   24 | 1.00 | 0.00 |        21.9 |    21.9 |    21.9 
 abcijk-ikmc-mjab |   384 |  384 |   24 | 1.00 | 0.00 |        20.9 |    20.9 |    20.9 
 abcijk-jkma-mibc |  2304 |   64 |   24 | 1.00 | 0.82 |        14.7 |    14.7 |    14.7 
 abcijk-jkmb-miac |   384 |  384 |   24 | 1.00 | 0.00 |        21.3 |    21.3 |    21.3 
 abcijk-jkmc-miab |   384 |  384 |   24 | 1.00 | 0.00 |        20.6 |    20.6 |    20.6 
 abcijk-eiab-jkec |   384 |  384 |   24 | 1.00 | 0.00 |        21.0 |    21.0 |    21.0 
 abcijk-eiac-jkeb |   384 |  384 |   24 | 1.00 | 0.00 |        22.0 |    22.0 |    22.0 
 abcijk-eibc-jkea |    64 | 2304 |   24 | 1.00 | 0.82 |        14.7 |    14.7 |    14.7 
 abcijk-ejab-ikec |   384 |  384 |   24 | 1.00 | 0.00 |        21.7 |    21.7 |    21.7 
 abcijk-ejac-ikeb |   384 |  384 |   24 | 1.00 | 0.00 |        21.5 |    21.5 |    21.5 
 abcijk-ejbc-ikea |    64 | 2304 |   24 | 1.00 | 0.82 |        15.6 |    15.6 |    15.6 
 abcijk-ekab-ijec |   384 |  384 |   24 | 1.00 | 0.00 |        20.9 |    20.9 |    20.9 
 abcijk-ekac-ijeb |   384 |  384 |   24 | 1.00 | 0.00 |        20.7 |    20.7 |    20.7 
 abcijk-ekbc-ijea |    64 | 2304 |   24 | 1.00 | 0.82 |        15.0 |    15.0 |    15.0 
       abc-bk-akc |    48 | 1536 |   32 | 1.00 | 1.00 |        10.9 |    10.9 |    10.9 

=== c64 ===
             case |     m |    n |    k | regA | regB | planar GF/s | 1m GF/s | 3m GF/s 
------------------+-------+------+------+------+------+-------------+---------+---------
         ij-ik-kj |   192 |  180 |  192 | 1.00 | 1.00 |        77.6 |    74.7 |    68.3 
       ij-ikl-ljk |    48 |   32 | 1536 | 1.00 | 1.00 |        31.8 |    31.2 |    29.0 
       ij-kil-lkj |    48 |   32 | 2304 | 1.00 | 1.00 |        37.5 |    37.5 |    34.8 
       ijk-ikl-lj |  1536 |   32 |   48 | 1.00 | 1.00 |        36.4 |    35.3 |    34.7 
       ijk-il-jlk |    48 | 1536 |   32 | 1.00 | 0.92 |        40.3 |    44.5 |    41.1 
       ijk-ilk-jl |  1536 |   48 |   32 | 1.00 | 1.00 |        36.1 |    34.6 |    33.9 
       ijk-ilk-lj |  1536 |   32 |   48 | 1.00 | 1.00 |        37.5 |    35.9 |    35.5 
     ijk-ilmk-mjl |   288 |   12 |  288 | 1.00 | 1.00 |        15.7 |    14.6 |    14.0 
   ijkl-imjn-lnkm |   288 |  288 |  144 | 1.00 | 0.67 |       115.5 |   108.4 |   101.6 
   ijkl-imjn-nlmk |   288 |  144 |  288 | 1.00 | 0.69 |       107.9 |   108.7 |    91.0 
   ijkl-imkn-jnlm |   288 |  288 |  144 | 1.00 | 0.84 |       127.0 |   112.6 |   121.7 
   ijkl-imkn-njml |   288 |  144 |  288 | 1.00 | 0.69 |       104.8 |   101.6 |   105.6 
   ijkl-imln-jnkm |   288 |  288 |  144 | 1.00 | 0.84 |       126.1 |   110.4 |   104.9 
   ijkl-imln-njmk |   288 |  144 |  288 | 1.00 | 0.69 |       124.0 |    93.6 |    90.1 
   ijkl-imnj-nlkm |   288 |  144 |  288 | 1.00 | 0.69 |       120.0 |    99.7 |    91.1 
   ijkl-imnk-njml |   288 |  144 |  288 | 1.00 | 0.69 |       103.9 |   108.4 |    98.0 
   ijkl-minj-nlmk |   288 |  144 |  576 | 1.00 | 0.69 |       133.8 |   131.6 |   130.1 
   ijkl-mink-jnlm |   288 |  288 |  288 | 1.00 | 0.84 |       138.5 |   143.5 |   155.9 
   ijkl-minl-njmk |   288 |  144 |  576 | 1.00 | 0.69 |       131.4 |   131.0 |   141.3 
     aqrs-pa-pqrs |    24 | 1728 |   24 | 1.00 | 1.00 |        19.4 |    19.3 |    18.6 
     abrs-qb-aqrs |    12 | 3456 |   24 | 1.00 | 1.00 |        16.2 |    16.1 |    15.9 
     abcs-rc-abrs |    12 | 3456 |   24 | 1.00 | 1.00 |        16.5 |    16.4 |    16.3 
       abj-bka-kj |  2304 |   32 |   48 | 1.00 | 1.00 |        48.4 |    45.7 |    46.4 
       ajb-kba-jk |  1536 |   48 |   48 | 1.00 | 1.00 |        50.0 |    50.8 |    48.4 
     abjc-cbka-kj |  6912 |   12 |   24 | 1.00 | 1.00 |        27.3 |    27.1 |    25.9 
     ajbc-ckba-jk |  6912 |   24 |   12 | 1.00 | 1.00 |        27.3 |    26.9 |    25.6 
     abjc-kbac-jk |  3456 |   24 |   24 | 1.00 | 1.00 |        30.0 |    30.8 |    28.5 
   abjcd-dkbac-jk | 36864 |   24 |    8 | 1.00 | 1.00 |        49.1 |    52.4 |    44.3 
   adbjc-cbdka-kj | 36864 |    8 |   24 | 1.00 | 1.00 |        33.2 |    32.7 |    34.4 
   ajbdc-ckbad-jk | 36864 |   24 |    8 | 1.00 | 1.00 |        44.6 |    45.8 |    44.1 
 abcijk-ijma-mkbc |  2304 |   64 |   24 | 1.00 | 0.77 |        48.1 |    50.0 |    54.5 
 abcijk-ijmb-mkac |   384 |  384 |   24 | 1.00 | 0.01 |        73.0 |    75.3 |    71.4 
 abcijk-ijmc-mkab |   384 |  384 |   24 | 1.00 | 0.01 |        73.7 |    72.5 |    72.5 
 abcijk-ikma-mjbc |  2304 |   64 |   24 | 1.00 | 0.77 |        48.6 |    47.3 |    53.2 
 abcijk-ikmb-mjac |   384 |  384 |   24 | 1.00 | 0.01 |        73.9 |    73.6 |    68.7 
 abcijk-ikmc-mjab |   384 |  384 |   24 | 1.00 | 0.01 |        70.1 |    72.1 |    71.1 
 abcijk-jkma-mibc |  2304 |   64 |   24 | 1.00 | 0.77 |        46.9 |    48.6 |    51.8 
 abcijk-jkmb-miac |   384 |  384 |   24 | 1.00 | 0.01 |        69.4 |    70.6 |    71.0 
 abcijk-jkmc-miab |   384 |  384 |   24 | 1.00 | 0.01 |        73.6 |    70.1 |    70.2 
 abcijk-eiab-jkec |   384 |  384 |   24 | 1.00 | 0.01 |        70.7 |    73.1 |    69.3 
 abcijk-eiac-jkeb |   384 |  384 |   24 | 1.00 | 0.01 |        69.1 |    72.7 |    70.8 
 abcijk-eibc-jkea |    64 | 2304 |   24 | 1.00 | 0.77 |        48.3 |    48.2 |    51.9 
 abcijk-ejab-ikec |   384 |  384 |   24 | 1.00 | 0.01 |        70.5 |    73.8 |    70.3 
 abcijk-ejac-ikeb |   384 |  384 |   24 | 1.00 | 0.01 |        69.0 |    71.7 |    68.6 
 abcijk-ejbc-ikea |    64 | 2304 |   24 | 1.00 | 0.77 |        46.9 |    46.1 |    53.4 
 abcijk-ekab-ijec |   384 |  384 |   24 | 1.00 | 0.01 |        73.1 |    71.6 |    70.9 
 abcijk-ekac-ijeb |   384 |  384 |   24 | 1.00 | 0.01 |        68.9 |    72.9 |    68.3 
 abcijk-ekbc-ijea |    64 | 2304 |   24 | 1.00 | 0.77 |        49.4 |    48.5 |    53.4 
       abc-bk-akc |    48 | 1536 |   32 | 1.00 | 1.00 |        35.9 |    35.5 |    34.9 

=== complex efficiency ratio (c64 GF/s over f64 GF/s; 1.0 = no penalty) ===
             case | planar c64/f64 | 1m c64/f64 | 3m c64/f64 
------------------+----------------+------------+------------
         ij-ik-kj |          2.998 |      2.888 |      2.641 
       ij-ikl-ljk |          2.592 |      2.536 |      2.363 
       ij-kil-lkj |          2.585 |      2.582 |      2.396 
       ijk-ikl-lj |          3.407 |      3.303 |      3.248 
       ijk-il-jlk |          3.171 |      3.502 |      3.231 
       ijk-ilk-jl |          3.372 |      3.234 |      3.161 
       ijk-ilk-lj |          3.588 |      3.433 |      3.398 
     ijk-ilmk-mjl |          3.658 |      3.402 |      3.270 
   ijkl-imjn-lnkm |          2.690 |      2.526 |      2.366 
   ijkl-imjn-nlmk |          2.911 |      2.932 |      2.456 
   ijkl-imkn-jnlm |          2.897 |      2.566 |      2.774 
   ijkl-imkn-njml |          2.749 |      2.665 |      2.768 
   ijkl-imln-jnkm |          2.810 |      2.460 |      2.337 
   ijkl-imln-njmk |          3.282 |      2.477 |      2.385 
   ijkl-imnj-nlkm |          3.237 |      2.689 |      2.457 
   ijkl-imnk-njml |          2.743 |      2.862 |      2.589 
   ijkl-minj-nlmk |          2.495 |      2.455 |      2.428 
   ijkl-mink-jnlm |          2.211 |      2.291 |      2.489 
   ijkl-minl-njmk |          2.275 |      2.267 |      2.447 
     aqrs-pa-pqrs |          2.897 |      2.880 |      2.774 
     abrs-qb-aqrs |          3.786 |      3.762 |      3.696 
     abcs-rc-abrs |          3.655 |      3.640 |      3.622 
       abj-bka-kj |          3.438 |      3.241 |      3.292 
       ajb-kba-jk |          3.349 |      3.402 |      3.242 
     abjc-cbka-kj |          3.293 |      3.271 |      3.129 
     ajbc-ckba-jk |          3.169 |      3.123 |      2.975 
     abjc-kbac-jk |          3.471 |      3.570 |      3.295 
   abjcd-dkbac-jk |          2.694 |      2.875 |      2.430 
   adbjc-cbdka-kj |          2.917 |      2.874 |      3.018 
   ajbdc-ckbad-jk |          2.563 |      2.631 |      2.534 
 abcijk-ijma-mkbc |          3.296 |      3.425 |      3.734 
 abcijk-ijmb-mkac |          3.289 |      3.392 |      3.219 
 abcijk-ijmc-mkab |          3.487 |      3.432 |      3.429 
 abcijk-ikma-mjbc |          3.160 |      3.076 |      3.464 
 abcijk-ikmb-mjac |          3.381 |      3.364 |      3.142 
 abcijk-ikmc-mjab |          3.347 |      3.443 |      3.398 
 abcijk-jkma-mibc |          3.180 |      3.296 |      3.517 
 abcijk-jkmb-miac |          3.259 |      3.319 |      3.334 
 abcijk-jkmc-miab |          3.565 |      3.397 |      3.400 
 abcijk-eiab-jkec |          3.358 |      3.474 |      3.293 
 abcijk-eiac-jkeb |          3.149 |      3.313 |      3.223 
 abcijk-eibc-jkea |          3.287 |      3.276 |      3.533 
 abcijk-ejab-ikec |          3.253 |      3.404 |      3.240 
 abcijk-ejac-ikeb |          3.213 |      3.337 |      3.192 
 abcijk-ejbc-ikea |          3.011 |      2.965 |      3.434 
 abcijk-ekab-ijec |          3.497 |      3.428 |      3.393 
 abcijk-ekac-ijeb |          3.328 |      3.523 |      3.302 
 abcijk-ekbc-ijea |          3.290 |      3.229 |      3.560 
       abc-bk-akc |          3.280 |      3.242 |      3.187 
             MEAN |          3.133 |      3.095 |      3.045 

wrote bench-results/worker5086-zen2/phase4g/sm-s0.25-t16-f64c64.csv
