host        : worker5086
target      : x86_64 / linux
cpu features: avx2 fma 
caches      : L1=32KiB/8-way/1sh L2=512KiB/8-way/1sh L3=16384KiB/16-way/4sh (via sysfs), blocking=legacy
l3 domains  : t1=1
baselines   : tblis=false blas=false

sweeping 49 cases at 0.25 MiB nominal tensor size, 96 reps, stress=none


=== f64 ===
             case |     m |    n |    k | regA | regB | planar GF/s | 1m GF/s | 3m GF/s 
------------------+-------+------+------+------+------+-------------+---------+---------
         ij-ik-kj |   192 |  180 |  192 | 1.00 | 1.00 |        39.2 |    39.2 |    39.2 
       ij-ikl-ljk |    48 |   32 | 1536 | 1.00 | 1.00 |        22.0 |    22.0 |    22.0 
       ij-kil-lkj |    48 |   32 | 2304 | 1.00 | 1.00 |        20.5 |    20.5 |    20.5 
       ijk-ikl-lj |  1536 |   32 |   48 | 1.00 | 1.00 |        23.7 |    23.7 |    23.7 
       ijk-il-jlk |    48 | 1536 |   32 | 1.00 | 1.00 |        23.1 |    23.1 |    23.1 
       ijk-ilk-jl |  1536 |   48 |   32 | 1.00 | 1.00 |        25.0 |    25.0 |    25.0 
       ijk-ilk-lj |  1536 |   32 |   48 | 1.00 | 1.00 |        24.3 |    24.3 |    24.3 
     ijk-ilmk-mjl |   288 |   12 |  288 | 1.00 | 1.00 |        19.8 |    19.8 |    19.8 
   ijkl-imjn-lnkm |   288 |  288 |  144 | 1.00 | 1.00 |        39.4 |    39.4 |    39.4 
   ijkl-imjn-nlmk |   288 |  144 |  288 | 1.00 | 1.00 |        36.0 |    36.0 |    36.0 
   ijkl-imkn-jnlm |   288 |  288 |  144 | 1.00 | 1.00 |        39.8 |    39.8 |    39.8 
   ijkl-imkn-njml |   288 |  144 |  288 | 1.00 | 1.00 |        36.0 |    36.0 |    36.0 
   ijkl-imln-jnkm |   288 |  288 |  144 | 1.00 | 1.00 |        39.9 |    39.9 |    39.9 
   ijkl-imln-njmk |   288 |  144 |  288 | 1.00 | 1.00 |        36.1 |    36.1 |    36.1 
   ijkl-imnj-nlkm |   288 |  144 |  288 | 1.00 | 1.00 |        36.2 |    36.2 |    36.2 
   ijkl-imnk-njml |   288 |  144 |  288 | 1.00 | 1.00 |        36.0 |    36.0 |    36.0 
   ijkl-minj-nlmk |   288 |  144 |  576 | 1.00 | 1.00 |        36.3 |    36.3 |    36.3 
   ijkl-mink-jnlm |   288 |  288 |  288 | 1.00 | 1.00 |        37.2 |    37.2 |    37.2 
   ijkl-minl-njmk |   288 |  144 |  576 | 1.00 | 1.00 |        36.4 |    36.4 |    36.4 
     aqrs-pa-pqrs |    24 | 1728 |   24 | 1.00 | 1.00 |        16.5 |    16.5 |    16.5 
     abrs-qb-aqrs |    12 | 3456 |   24 | 1.00 | 1.00 |        14.5 |    14.5 |    14.5 
     abcs-rc-abrs |    12 | 3456 |   24 | 1.00 | 1.00 |        14.4 |    14.4 |    14.4 
       abj-bka-kj |  2304 |   32 |   48 | 1.00 | 1.00 |        21.4 |    21.4 |    21.4 
       ajb-kba-jk |  1536 |   48 |   48 | 1.00 | 1.00 |        27.1 |    27.1 |    27.1 
     abjc-cbka-kj |  6912 |   12 |   24 | 1.00 | 1.00 |        11.1 |    11.1 |    11.1 
     ajbc-ckba-jk |  6912 |   24 |   12 | 1.00 | 1.00 |        12.2 |    12.2 |    12.2 
     abjc-kbac-jk |  3456 |   24 |   24 | 1.00 | 1.00 |        17.9 |    17.9 |    17.9 
   abjcd-dkbac-jk | 36864 |   24 |    8 | 1.00 | 1.00 |         9.1 |     9.1 |     9.1 
   adbjc-cbdka-kj | 36864 |    8 |   24 | 1.00 | 1.00 |         2.6 |     2.6 |     2.6 
   ajbdc-ckbad-jk | 36864 |   24 |    8 | 1.00 | 1.00 |         8.9 |     8.9 |     8.9 
 abcijk-ijma-mkbc |  2304 |   64 |   24 | 1.00 | 0.82 |        21.7 |    21.7 |    21.7 
 abcijk-ijmb-mkac |   384 |  384 |   24 | 1.00 | 0.00 |        25.3 |    25.3 |    25.3 
 abcijk-ijmc-mkab |   384 |  384 |   24 | 1.00 | 0.00 |        25.3 |    25.3 |    25.3 
 abcijk-ikma-mjbc |  2304 |   64 |   24 | 1.00 | 0.82 |        21.7 |    21.7 |    21.7 
 abcijk-ikmb-mjac |   384 |  384 |   24 | 1.00 | 0.00 |        25.2 |    25.2 |    25.2 
 abcijk-ikmc-mjab |   384 |  384 |   24 | 1.00 | 0.00 |        25.3 |    25.3 |    25.3 
 abcijk-jkma-mibc |  2304 |   64 |   24 | 1.00 | 0.82 |        21.7 |    21.7 |    21.7 
 abcijk-jkmb-miac |   384 |  384 |   24 | 1.00 | 0.00 |        25.3 |    25.3 |    25.3 
 abcijk-jkmc-miab |   384 |  384 |   24 | 1.00 | 0.00 |        25.2 |    25.2 |    25.2 
 abcijk-eiab-jkec |   384 |  384 |   24 | 1.00 | 0.00 |        25.2 |    25.2 |    25.2 
 abcijk-eiac-jkeb |   384 |  384 |   24 | 1.00 | 0.00 |        25.3 |    25.3 |    25.3 
 abcijk-eibc-jkea |    64 | 2304 |   24 | 1.00 | 0.82 |        21.7 |    21.7 |    21.7 
 abcijk-ejab-ikec |   384 |  384 |   24 | 1.00 | 0.00 |        25.3 |    25.3 |    25.3 
 abcijk-ejac-ikeb |   384 |  384 |   24 | 1.00 | 0.00 |        25.2 |    25.2 |    25.2 
 abcijk-ejbc-ikea |    64 | 2304 |   24 | 1.00 | 0.82 |        21.7 |    21.7 |    21.7 
 abcijk-ekab-ijec |   384 |  384 |   24 | 1.00 | 0.00 |        25.3 |    25.3 |    25.3 
 abcijk-ekac-ijeb |   384 |  384 |   24 | 1.00 | 0.00 |        25.2 |    25.2 |    25.2 
 abcijk-ekbc-ijea |    64 | 2304 |   24 | 1.00 | 0.82 |        21.7 |    21.7 |    21.7 
       abc-bk-akc |    48 | 1536 |   32 | 1.00 | 1.00 |        24.9 |    24.9 |    24.9 

=== c64 ===
             case |     m |    n |    k | regA | regB | planar GF/s | 1m GF/s | 3m GF/s 
------------------+-------+------+------+------+------+-------------+---------+---------
         ij-ik-kj |   192 |  180 |  192 | 1.00 | 1.00 |        43.6 |    44.1 |    41.7 
       ij-ikl-ljk |    48 |   32 | 1536 | 1.00 | 1.00 |        31.0 |    29.7 |    32.9 
       ij-kil-lkj |    48 |   32 | 2304 | 1.00 | 1.00 |        30.5 |    29.5 |    32.5 
       ijk-ikl-lj |  1536 |   32 |   48 | 1.00 | 1.00 |        30.2 |    29.9 |    28.9 
       ijk-il-jlk |    48 | 1536 |   32 | 1.00 | 0.92 |        30.4 |    34.6 |    26.0 
       ijk-ilk-jl |  1536 |   48 |   32 | 1.00 | 1.00 |        29.7 |    32.6 |    26.1 
       ijk-ilk-lj |  1536 |   32 |   48 | 1.00 | 1.00 |        30.5 |    30.0 |    29.1 
     ijk-ilmk-mjl |   288 |   12 |  288 | 1.00 | 1.00 |        24.1 |    25.4 |    26.3 
   ijkl-imjn-lnkm |   288 |  288 |  144 | 1.00 | 0.67 |        42.8 |    45.2 |    41.9 
   ijkl-imjn-nlmk |   288 |  144 |  288 | 1.00 | 0.69 |        41.0 |    42.3 |    40.6 
   ijkl-imkn-jnlm |   288 |  288 |  144 | 1.00 | 0.84 |        43.1 |    45.6 |    42.2 
   ijkl-imkn-njml |   288 |  144 |  288 | 1.00 | 0.69 |        41.0 |    42.3 |    40.6 
   ijkl-imln-jnkm |   288 |  288 |  144 | 1.00 | 0.84 |        43.2 |    45.4 |    42.1 
   ijkl-imln-njmk |   288 |  144 |  288 | 1.00 | 0.69 |        41.0 |    42.5 |    40.6 
   ijkl-imnj-nlkm |   288 |  144 |  288 | 1.00 | 0.69 |        41.2 |    42.3 |    40.5 
   ijkl-imnk-njml |   288 |  144 |  288 | 1.00 | 0.69 |        41.1 |    42.4 |    40.6 
   ijkl-minj-nlmk |   288 |  144 |  576 | 1.00 | 0.69 |        41.4 |    42.8 |    41.4 
   ijkl-mink-jnlm |   288 |  288 |  288 | 1.00 | 0.84 |        41.7 |    43.8 |    41.8 
   ijkl-minl-njmk |   288 |  144 |  576 | 1.00 | 0.69 |        41.5 |    42.9 |    41.6 
     aqrs-pa-pqrs |    24 | 1728 |   24 | 1.00 | 1.00 |        24.9 |    28.3 |    20.6 
     abrs-qb-aqrs |    12 | 3456 |   24 | 1.00 | 1.00 |        18.8 |    20.6 |    17.6 
     abcs-rc-abrs |    12 | 3456 |   24 | 1.00 | 1.00 |        18.8 |    20.7 |    17.6 
       abj-bka-kj |  2304 |   32 |   48 | 1.00 | 1.00 |        28.1 |    27.7 |    27.1 
       ajb-kba-jk |  1536 |   48 |   48 | 1.00 | 1.00 |        32.5 |    35.4 |    30.4 
     abjc-cbka-kj |  6912 |   12 |   24 | 1.00 | 1.00 |        16.0 |    17.5 |    15.4 
     ajbc-ckba-jk |  6912 |   24 |   12 | 1.00 | 1.00 |        17.3 |    19.4 |    13.5 
     abjc-kbac-jk |  3456 |   24 |   24 | 1.00 | 1.00 |        23.9 |    26.4 |    20.7 
   abjcd-dkbac-jk | 36864 |   24 |    8 | 1.00 | 1.00 |        12.2 |    13.1 |     9.4 
   adbjc-cbdka-kj | 36864 |    8 |   24 | 1.00 | 1.00 |         8.1 |     7.8 |     8.0 
   ajbdc-ckbad-jk | 36864 |   24 |    8 | 1.00 | 1.00 |        10.9 |    11.5 |     8.7 
 abcijk-ijma-mkbc |  2304 |   64 |   24 | 1.00 | 0.77 |        27.4 |    29.9 |    22.9 
 abcijk-ijmb-mkac |   384 |  384 |   24 | 1.00 | 0.01 |        29.9 |    34.2 |    24.5 
 abcijk-ijmc-mkab |   384 |  384 |   24 | 1.00 | 0.01 |        30.0 |    34.2 |    24.5 
 abcijk-ikma-mjbc |  2304 |   64 |   24 | 1.00 | 0.77 |        27.4 |    29.9 |    22.9 
 abcijk-ikmb-mjac |   384 |  384 |   24 | 1.00 | 0.01 |        29.9 |    34.1 |    24.5 
 abcijk-ikmc-mjab |   384 |  384 |   24 | 1.00 | 0.01 |        29.9 |    34.2 |    24.6 
 abcijk-jkma-mibc |  2304 |   64 |   24 | 1.00 | 0.77 |        27.4 |    29.9 |    22.9 
 abcijk-jkmb-miac |   384 |  384 |   24 | 1.00 | 0.01 |        29.9 |    34.2 |    24.5 
 abcijk-jkmc-miab |   384 |  384 |   24 | 1.00 | 0.01 |        29.9 |    34.1 |    24.6 
 abcijk-eiab-jkec |   384 |  384 |   24 | 1.00 | 0.01 |        29.9 |    34.2 |    24.5 
 abcijk-eiac-jkeb |   384 |  384 |   24 | 1.00 | 0.01 |        29.9 |    34.2 |    24.5 
 abcijk-eibc-jkea |    64 | 2304 |   24 | 1.00 | 0.77 |        27.4 |    30.0 |    22.9 
 abcijk-ejab-ikec |   384 |  384 |   24 | 1.00 | 0.01 |        29.9 |    34.2 |    24.6 
 abcijk-ejac-ikeb |   384 |  384 |   24 | 1.00 | 0.01 |        29.9 |    34.1 |    24.5 
 abcijk-ejbc-ikea |    64 | 2304 |   24 | 1.00 | 0.77 |        27.4 |    29.9 |    22.9 
 abcijk-ekab-ijec |   384 |  384 |   24 | 1.00 | 0.01 |        30.0 |    34.2 |    24.6 
 abcijk-ekac-ijeb |   384 |  384 |   24 | 1.00 | 0.01 |        29.8 |    34.1 |    24.5 
 abcijk-ekbc-ijea |    64 | 2304 |   24 | 1.00 | 0.77 |        27.4 |    29.9 |    22.9 
       abc-bk-akc |    48 | 1536 |   32 | 1.00 | 1.00 |        29.4 |    32.5 |    26.1 

=== complex efficiency ratio (c64 GF/s over f64 GF/s; 1.0 = no penalty) ===
             case | planar c64/f64 | 1m c64/f64 | 3m c64/f64 
------------------+----------------+------------+------------
         ij-ik-kj |          1.112 |      1.125 |      1.065 
       ij-ikl-ljk |          1.411 |      1.350 |      1.496 
       ij-kil-lkj |          1.485 |      1.438 |      1.586 
       ijk-ikl-lj |          1.273 |      1.259 |      1.216 
       ijk-il-jlk |          1.315 |      1.494 |      1.122 
       ijk-ilk-jl |          1.187 |      1.304 |      1.043 
       ijk-ilk-lj |          1.255 |      1.232 |      1.198 
     ijk-ilmk-mjl |          1.218 |      1.279 |      1.327 
   ijkl-imjn-lnkm |          1.086 |      1.147 |      1.063 
   ijkl-imjn-nlmk |          1.137 |      1.173 |      1.127 
   ijkl-imkn-jnlm |          1.082 |      1.144 |      1.059 
   ijkl-imkn-njml |          1.139 |      1.177 |      1.130 
   ijkl-imln-jnkm |          1.081 |      1.137 |      1.055 
   ijkl-imln-njmk |          1.138 |      1.177 |      1.127 
   ijkl-imnj-nlkm |          1.138 |      1.169 |      1.120 
   ijkl-imnk-njml |          1.140 |      1.178 |      1.126 
   ijkl-minj-nlmk |          1.142 |      1.179 |      1.143 
   ijkl-mink-jnlm |          1.122 |      1.179 |      1.124 
   ijkl-minl-njmk |          1.142 |      1.181 |      1.143 
     aqrs-pa-pqrs |          1.508 |      1.719 |      1.247 
     abrs-qb-aqrs |          1.303 |      1.427 |      1.216 
     abcs-rc-abrs |          1.303 |      1.432 |      1.222 
       abj-bka-kj |          1.313 |      1.291 |      1.264 
       ajb-kba-jk |          1.199 |      1.305 |      1.123 
     abjc-cbka-kj |          1.450 |      1.583 |      1.395 
     ajbc-ckba-jk |          1.419 |      1.586 |      1.102 
     abjc-kbac-jk |          1.335 |      1.477 |      1.155 
   abjcd-dkbac-jk |          1.330 |      1.434 |      1.030 
   adbjc-cbdka-kj |          3.086 |      2.972 |      3.045 
   ajbdc-ckbad-jk |          1.223 |      1.288 |      0.981 
 abcijk-ijma-mkbc |          1.261 |      1.378 |      1.056 
 abcijk-ijmb-mkac |          1.182 |      1.352 |      0.971 
 abcijk-ijmc-mkab |          1.184 |      1.351 |      0.969 
 abcijk-ikma-mjbc |          1.262 |      1.377 |      1.057 
 abcijk-ikmb-mjac |          1.183 |      1.349 |      0.972 
 abcijk-ikmc-mjab |          1.181 |      1.351 |      0.970 
 abcijk-jkma-mibc |          1.261 |      1.379 |      1.054 
 abcijk-jkmb-miac |          1.182 |      1.352 |      0.971 
 abcijk-jkmc-miab |          1.186 |      1.353 |      0.975 
 abcijk-eiab-jkec |          1.188 |      1.356 |      0.975 
 abcijk-eiac-jkeb |          1.183 |      1.352 |      0.970 
 abcijk-eibc-jkea |          1.264 |      1.381 |      1.058 
 abcijk-ejab-ikec |          1.182 |      1.350 |      0.970 
 abcijk-ejac-ikeb |          1.184 |      1.352 |      0.972 
 abcijk-ejbc-ikea |          1.260 |      1.376 |      1.056 
 abcijk-ekab-ijec |          1.185 |      1.352 |      0.972 
 abcijk-ekac-ijeb |          1.183 |      1.350 |      0.972 
 abcijk-ekbc-ijea |          1.262 |      1.377 |      1.056 
       abc-bk-akc |          1.180 |      1.302 |      1.047 
             MEAN |          1.266 |      1.360 |      1.145 

wrote bench-results/worker5086-zen2/phase4g/sm-s0.25-t1-f64c64.csv
