host        : worker5086
target      : x86_64 / linux
cpu features: avx2 fma 
caches      : L1=32KiB/8-way/1sh L2=512KiB/8-way/1sh L3=16384KiB/16-way/4sh (via sysfs), blocking=legacy
l3 domains  : t1=1 t4=1
baselines   : tblis=false blas=false

sweeping 49 cases at 0.25 MiB nominal tensor size, 96 reps, stress=none


=== f32 ===
             case |     m |    n |    k | regA | regB | planar GF/s | 1m GF/s | 3m GF/s 
------------------+-------+------+------+------+------+-------------+---------+---------
         ij-ik-kj |   192 |  180 |  192 | 1.00 | 1.00 |        99.6 |    99.6 |    99.6 
       ij-ikl-ljk |    48 |   32 | 1536 | 1.00 | 1.00 |        35.5 |    35.5 |    35.5 
       ij-kil-lkj |    48 |   32 | 2304 | 1.00 | 1.00 |        34.1 |    34.1 |    34.1 
       ijk-ikl-lj |  1536 |   32 |   48 | 1.00 | 1.00 |        55.9 |    55.9 |    55.9 
       ijk-il-jlk |    48 | 1536 |   32 | 1.00 | 1.00 |        43.2 |    43.2 |    43.2 
       ijk-ilk-jl |  1536 |   48 |   32 | 1.00 | 1.00 |        58.1 |    58.1 |    58.1 
       ijk-ilk-lj |  1536 |   32 |   48 | 1.00 | 1.00 |        56.3 |    56.3 |    56.3 
     ijk-ilmk-mjl |   288 |   12 |  288 | 0.67 | 1.00 |        32.2 |    32.2 |    32.2 
   ijkl-imjn-lnkm |   288 |  288 |  144 | 0.67 | 1.00 |       116.1 |   116.1 |   116.1 
   ijkl-imjn-nlmk |   288 |  144 |  288 | 0.67 | 1.00 |       119.6 |   119.6 |   119.6 
   ijkl-imkn-jnlm |   288 |  288 |  144 | 0.67 | 1.00 |       116.3 |   116.3 |   116.3 
   ijkl-imkn-njml |   288 |  144 |  288 | 0.67 | 1.00 |       117.9 |   117.9 |   117.9 
   ijkl-imln-jnkm |   288 |  288 |  144 | 0.67 | 1.00 |       117.0 |   117.0 |   117.0 
   ijkl-imln-njmk |   288 |  144 |  288 | 0.67 | 1.00 |       117.4 |   117.4 |   117.4 
   ijkl-imnj-nlkm |   288 |  144 |  288 | 0.67 | 1.00 |       119.6 |   119.6 |   119.6 
   ijkl-imnk-njml |   288 |  144 |  288 | 0.67 | 1.00 |       119.5 |   119.5 |   119.5 
   ijkl-minj-nlmk |   288 |  144 |  576 | 0.67 | 1.00 |       117.3 |   117.3 |   117.3 
   ijkl-mink-jnlm |   288 |  288 |  288 | 0.67 | 1.00 |       133.8 |   133.8 |   133.8 
   ijkl-minl-njmk |   288 |  144 |  576 | 0.67 | 1.00 |       117.2 |   117.2 |   117.2 
     aqrs-pa-pqrs |    24 | 1728 |   24 | 1.00 | 1.00 |        22.3 |    22.3 |    22.3 
     abrs-qb-aqrs |    12 | 3456 |   24 | 1.00 | 1.00 |        23.5 |    23.5 |    23.5 
     abcs-rc-abrs |    12 | 3456 |   24 | 1.00 | 1.00 |        27.4 |    27.4 |    27.4 
       abj-bka-kj |  2304 |   32 |   48 | 1.00 | 1.00 |        51.3 |    51.3 |    51.3 
       ajb-kba-jk |  1536 |   48 |   48 | 1.00 | 1.00 |        65.7 |    65.7 |    65.7 
     abjc-cbka-kj |  6912 |   12 |   24 | 0.67 | 1.00 |        24.5 |    24.5 |    24.5 
     ajbc-ckba-jk |  6912 |   24 |   12 | 1.00 | 1.00 |        23.5 |    23.5 |    23.5 
     abjc-kbac-jk |  3456 |   24 |   24 | 0.67 | 1.00 |        38.5 |    38.5 |    38.5 
   abjcd-dkbac-jk | 36864 |   24 |    8 | 0.67 | 1.00 |        27.2 |    27.2 |    27.2 
   adbjc-cbdka-kj | 36864 |    8 |   24 | 0.67 | 1.00 |        11.4 |    11.4 |    11.4 
   ajbdc-ckbad-jk | 36864 |   24 |    8 | 1.00 | 1.00 |        22.4 |    22.4 |    22.4 
 abcijk-ijma-mkbc |  2304 |   64 |   24 | 1.00 | 1.00 |        40.2 |    40.2 |    40.2 
 abcijk-ijmb-mkac |   384 |  384 |   24 | 1.00 | 1.00 |        45.3 |    45.3 |    45.3 
 abcijk-ijmc-mkab |   384 |  384 |   24 | 1.00 | 0.00 |        65.9 |    65.9 |    65.9 
 abcijk-ikma-mjbc |  2304 |   64 |   24 | 1.00 | 1.00 |        40.2 |    40.2 |    40.2 
 abcijk-ikmb-mjac |   384 |  384 |   24 | 1.00 | 1.00 |        45.3 |    45.3 |    45.3 
 abcijk-ikmc-mjab |   384 |  384 |   24 | 1.00 | 0.00 |        66.9 |    66.9 |    66.9 
 abcijk-jkma-mibc |  2304 |   64 |   24 | 1.00 | 1.00 |        40.4 |    40.4 |    40.4 
 abcijk-jkmb-miac |   384 |  384 |   24 | 1.00 | 1.00 |        46.2 |    46.2 |    46.2 
 abcijk-jkmc-miab |   384 |  384 |   24 | 1.00 | 0.00 |        66.4 |    66.4 |    66.4 
 abcijk-eiab-jkec |   384 |  384 |   24 | 1.00 | 0.00 |        66.7 |    66.7 |    66.7 
 abcijk-eiac-jkeb |   384 |  384 |   24 | 1.00 | 1.00 |        45.7 |    45.7 |    45.7 
 abcijk-eibc-jkea |    64 | 2304 |   24 | 1.00 | 1.00 |        40.3 |    40.3 |    40.3 
 abcijk-ejab-ikec |   384 |  384 |   24 | 1.00 | 0.00 |        66.9 |    66.9 |    66.9 
 abcijk-ejac-ikeb |   384 |  384 |   24 | 1.00 | 1.00 |        46.2 |    46.2 |    46.2 
 abcijk-ejbc-ikea |    64 | 2304 |   24 | 1.00 | 1.00 |        40.3 |    40.3 |    40.3 
 abcijk-ekab-ijec |   384 |  384 |   24 | 1.00 | 0.00 |        65.9 |    65.9 |    65.9 
 abcijk-ekac-ijeb |   384 |  384 |   24 | 1.00 | 1.00 |        45.9 |    45.9 |    45.9 
 abcijk-ekbc-ijea |    64 | 2304 |   24 | 1.00 | 1.00 |        40.3 |    40.3 |    40.3 
       abc-bk-akc |    48 | 1536 |   32 | 1.00 | 1.00 |        56.4 |    56.4 |    56.4 

=== c32 ===
             case |     m |    n |    k | regA | regB | planar GF/s | 1m GF/s | 3m GF/s 
------------------+-------+------+------+------+------+-------------+---------+---------
         ij-ik-kj |   192 |  180 |  192 | 1.00 | 1.00 |       143.0 |   148.9 |   143.5 
       ij-ikl-ljk |    48 |   32 | 1536 | 1.00 | 1.00 |        76.3 |    76.6 |    75.9 
       ij-kil-lkj |    48 |   32 | 2304 | 1.00 | 1.00 |        76.7 |    73.8 |    77.1 
       ijk-ikl-lj |  1536 |   32 |   48 | 1.00 | 1.00 |        91.6 |    90.0 |    87.5 
       ijk-il-jlk |    48 | 1536 |   32 | 1.00 | 0.92 |        81.0 |    90.1 |    76.1 
       ijk-ilk-jl |  1536 |   48 |   32 | 1.00 | 1.00 |        90.7 |    96.8 |    88.8 
       ijk-ilk-lj |  1536 |   32 |   48 | 1.00 | 1.00 |        93.8 |    91.8 |    92.9 
     ijk-ilmk-mjl |   288 |   12 |  288 | 1.00 | 1.00 |        70.5 |    67.5 |    63.9 
   ijkl-imjn-lnkm |   288 |  288 |  144 | 1.00 | 0.67 |       150.7 |   161.4 |   154.2 
   ijkl-imjn-nlmk |   288 |  144 |  288 | 1.00 | 0.69 |       155.0 |   160.5 |   155.8 
   ijkl-imkn-jnlm |   288 |  288 |  144 | 1.00 | 0.84 |       154.9 |   165.1 |   155.1 
   ijkl-imkn-njml |   288 |  144 |  288 | 1.00 | 0.69 |       156.6 |   161.8 |   156.0 
   ijkl-imln-jnkm |   288 |  288 |  144 | 1.00 | 0.84 |       155.5 |   165.7 |   155.7 
   ijkl-imln-njmk |   288 |  144 |  288 | 1.00 | 0.69 |       157.4 |   160.7 |   155.1 
   ijkl-imnj-nlkm |   288 |  144 |  288 | 1.00 | 0.69 |       156.3 |   161.1 |   154.3 
   ijkl-imnk-njml |   288 |  144 |  288 | 1.00 | 0.69 |       157.4 |   160.7 |   155.6 
   ijkl-minj-nlmk |   288 |  144 |  576 | 1.00 | 0.69 |       150.7 |   151.8 |   150.8 
   ijkl-mink-jnlm |   288 |  288 |  288 | 1.00 | 0.84 |       164.9 |   171.6 |   167.2 
   ijkl-minl-njmk |   288 |  144 |  576 | 1.00 | 0.69 |       152.2 |   152.7 |   152.7 
     aqrs-pa-pqrs |    24 | 1728 |   24 | 1.00 | 1.00 |        46.6 |    52.2 |    42.3 
     abrs-qb-aqrs |    12 | 3456 |   24 | 1.00 | 1.00 |        51.9 |    54.8 |    49.1 
     abcs-rc-abrs |    12 | 3456 |   24 | 1.00 | 1.00 |        51.8 |    54.2 |    49.2 
       abj-bka-kj |  2304 |   32 |   48 | 1.00 | 1.00 |        87.1 |    83.2 |    88.8 
       ajb-kba-jk |  1536 |   48 |   48 | 1.00 | 1.00 |       101.7 |   104.7 |   103.6 
     abjc-cbka-kj |  6912 |   12 |   24 | 1.00 | 1.00 |        45.3 |    44.8 |    45.3 
     ajbc-ckba-jk |  6912 |   24 |   12 | 1.00 | 1.00 |        50.3 |    54.7 |    48.7 
     abjc-kbac-jk |  3456 |   24 |   24 | 1.00 | 1.00 |        69.1 |    71.4 |    68.4 
   abjcd-dkbac-jk | 36864 |   24 |    8 | 1.00 | 1.00 |        41.4 |    45.8 |    39.6 
   adbjc-cbdka-kj | 36864 |    8 |   24 | 1.00 | 1.00 |        21.5 |    26.8 |    26.1 
   ajbdc-ckbad-jk | 36864 |   24 |    8 | 1.00 | 1.00 |        40.8 |    45.6 |    39.2 
 abcijk-ijma-mkbc |  2304 |   64 |   24 | 1.00 | 0.77 |        85.5 |    92.2 |    84.6 
 abcijk-ijmb-mkac |   384 |  384 |   24 | 1.00 | 0.01 |        94.7 |   107.4 |    93.4 
 abcijk-ijmc-mkab |   384 |  384 |   24 | 1.00 | 0.01 |        94.6 |   107.9 |    92.9 
 abcijk-ikma-mjbc |  2304 |   64 |   24 | 1.00 | 0.77 |        85.6 |    92.0 |    84.8 
 abcijk-ikmb-mjac |   384 |  384 |   24 | 1.00 | 0.01 |        94.9 |   108.8 |    93.4 
 abcijk-ikmc-mjab |   384 |  384 |   24 | 1.00 | 0.01 |        94.1 |   108.0 |    93.0 
 abcijk-jkma-mibc |  2304 |   64 |   24 | 1.00 | 0.77 |        85.9 |    92.1 |    84.9 
 abcijk-jkmb-miac |   384 |  384 |   24 | 1.00 | 0.01 |        93.2 |   108.3 |    92.8 
 abcijk-jkmc-miab |   384 |  384 |   24 | 1.00 | 0.01 |        92.8 |   107.4 |    92.1 
 abcijk-eiab-jkec |   384 |  384 |   24 | 1.00 | 0.01 |        92.5 |   107.8 |    92.5 
 abcijk-eiac-jkeb |   384 |  384 |   24 | 1.00 | 0.01 |        93.6 |   108.3 |    92.7 
 abcijk-eibc-jkea |    64 | 2304 |   24 | 1.00 | 0.77 |        85.5 |    91.7 |    84.9 
 abcijk-ejab-ikec |   384 |  384 |   24 | 1.00 | 0.01 |        94.2 |   108.8 |    93.5 
 abcijk-ejac-ikeb |   384 |  384 |   24 | 1.00 | 0.01 |        95.1 |   108.9 |    93.6 
 abcijk-ejbc-ikea |    64 | 2304 |   24 | 1.00 | 0.77 |        85.7 |    91.0 |    84.7 
 abcijk-ekab-ijec |   384 |  384 |   24 | 1.00 | 0.01 |        94.7 |   108.3 |    93.0 
 abcijk-ekac-ijeb |   384 |  384 |   24 | 1.00 | 0.01 |        94.6 |   108.4 |    93.1 
 abcijk-ekbc-ijea |    64 | 2304 |   24 | 1.00 | 0.77 |        85.7 |    91.6 |    84.5 
       abc-bk-akc |    48 | 1536 |   32 | 1.00 | 1.00 |        90.7 |    97.5 |    88.3 

=== complex efficiency ratio (c32 GF/s over f32 GF/s; 1.0 = no penalty) ===
             case | planar c32/f32 | 1m c32/f32 | 3m c32/f32 
------------------+----------------+------------+------------
         ij-ik-kj |          1.436 |      1.495 |      1.441 
       ij-ikl-ljk |          2.150 |      2.157 |      2.139 
       ij-kil-lkj |          2.249 |      2.164 |      2.261 
       ijk-ikl-lj |          1.639 |      1.610 |      1.566 
       ijk-il-jlk |          1.875 |      2.085 |      1.762 
       ijk-ilk-jl |          1.562 |      1.668 |      1.530 
       ijk-ilk-lj |          1.666 |      1.631 |      1.649 
     ijk-ilmk-mjl |          2.188 |      2.095 |      1.983 
   ijkl-imjn-lnkm |          1.299 |      1.391 |      1.328 
   ijkl-imjn-nlmk |          1.296 |      1.343 |      1.304 
   ijkl-imkn-jnlm |          1.332 |      1.420 |      1.334 
   ijkl-imkn-njml |          1.328 |      1.373 |      1.323 
   ijkl-imln-jnkm |          1.329 |      1.416 |      1.331 
   ijkl-imln-njmk |          1.341 |      1.369 |      1.321 
   ijkl-imnj-nlkm |          1.307 |      1.347 |      1.290 
   ijkl-imnk-njml |          1.317 |      1.345 |      1.302 
   ijkl-minj-nlmk |          1.284 |      1.293 |      1.285 
   ijkl-mink-jnlm |          1.233 |      1.282 |      1.249 
   ijkl-minl-njmk |          1.299 |      1.303 |      1.303 
     aqrs-pa-pqrs |          2.092 |      2.347 |      1.902 
     abrs-qb-aqrs |          2.206 |      2.333 |      2.089 
     abcs-rc-abrs |          1.893 |      1.982 |      1.797 
       abj-bka-kj |          1.698 |      1.622 |      1.732 
       ajb-kba-jk |          1.547 |      1.594 |      1.576 
     abjc-cbka-kj |          1.848 |      1.828 |      1.847 
     ajbc-ckba-jk |          2.136 |      2.323 |      2.067 
     abjc-kbac-jk |          1.795 |      1.853 |      1.775 
   abjcd-dkbac-jk |          1.522 |      1.683 |      1.453 
   adbjc-cbdka-kj |          1.883 |      2.342 |      2.282 
   ajbdc-ckbad-jk |          1.818 |      2.034 |      1.749 
 abcijk-ijma-mkbc |          2.125 |      2.291 |      2.102 
 abcijk-ijmb-mkac |          2.091 |      2.372 |      2.062 
 abcijk-ijmc-mkab |          1.436 |      1.639 |      1.411 
 abcijk-ikma-mjbc |          2.129 |      2.291 |      2.110 
 abcijk-ikmb-mjac |          2.096 |      2.404 |      2.063 
 abcijk-ikmc-mjab |          1.407 |      1.614 |      1.389 
 abcijk-jkma-mibc |          2.125 |      2.278 |      2.099 
 abcijk-jkmb-miac |          2.016 |      2.343 |      2.007 
 abcijk-jkmc-miab |          1.397 |      1.617 |      1.387 
 abcijk-eiab-jkec |          1.386 |      1.615 |      1.387 
 abcijk-eiac-jkeb |          2.047 |      2.367 |      2.027 
 abcijk-eibc-jkea |          2.119 |      2.272 |      2.105 
 abcijk-ejab-ikec |          1.409 |      1.628 |      1.398 
 abcijk-ejac-ikeb |          2.060 |      2.360 |      2.027 
 abcijk-ejbc-ikea |          2.127 |      2.260 |      2.102 
 abcijk-ekab-ijec |          1.438 |      1.644 |      1.412 
 abcijk-ekac-ijeb |          2.059 |      2.359 |      2.026 
 abcijk-ekbc-ijea |          2.126 |      2.271 |      2.095 
       abc-bk-akc |          1.609 |      1.729 |      1.567 
             MEAN |          1.730 |      1.859 |      1.709 

wrote bench-results/worker5086-zen2/phase4g/sm-s0.25-t2-f32c32.csv
