host        : worker5086
target      : x86_64 / linux
cpu features: avx2 fma 
caches      : L1=32KiB/8-way/1sh L2=512KiB/8-way/1sh L3=16384KiB/16-way/4sh (via sysfs), blocking=legacy
l3 domains  : t1=1 t4=1
baselines   : tblis=false blas=false

sweeping 49 cases at 16 MiB nominal tensor size, 3 reps, stress=none


=== f32 ===
             case |      m |     n |     k | regA | regB | planar GF/s | 1m GF/s | 3m GF/s 
------------------+--------+-------+-------+------+------+-------------+---------+---------
         ij-ik-kj |   1464 |  1448 |  1464 | 1.00 | 1.00 |       160.6 |   160.6 |   160.6 
       ij-ikl-ljk |    144 |   128 | 18432 | 1.00 | 1.00 |        69.8 |    69.8 |    69.8 
       ij-kil-lkj |    144 |   128 | 20736 | 1.00 | 1.00 |        74.5 |    74.5 |    74.5 
       ijk-ikl-lj |  18432 |   128 |   144 | 1.00 | 1.00 |        90.0 |    90.0 |    90.0 
       ijk-il-jlk |    144 | 18432 |   128 | 1.00 | 1.00 |       104.5 |   104.5 |   104.5 
       ijk-ilk-jl |  18432 |   144 |   128 | 1.00 | 1.00 |       132.3 |   132.3 |   132.3 
       ijk-ilk-lj |  18432 |   128 |   144 | 1.00 | 1.00 |       123.6 |   123.6 |   123.6 
     ijk-ilmk-mjl |   1920 |    40 |  1920 | 1.00 | 1.00 |       106.7 |   106.7 |   106.7 
   ijkl-imjn-lnkm |   1920 |  1920 |  1600 | 1.00 | 0.90 |       157.9 |   157.9 |   157.9 
   ijkl-imjn-nlmk |   1920 |  1600 |  1920 | 1.00 | 0.90 |       164.6 |   164.6 |   164.6 
   ijkl-imkn-jnlm |   1920 |  1920 |  1600 | 1.00 | 1.00 |       158.9 |   158.9 |   158.9 
   ijkl-imkn-njml |   1920 |  1600 |  1920 | 1.00 | 0.90 |       164.5 |   164.5 |   164.5 
   ijkl-imln-jnkm |   1920 |  1920 |  1600 | 1.00 | 1.00 |       159.3 |   159.3 |   159.3 
   ijkl-imln-njmk |   1920 |  1600 |  1920 | 1.00 | 0.90 |       165.1 |   165.1 |   165.1 
   ijkl-imnj-nlkm |   1920 |  1600 |  1920 | 1.00 | 0.90 |       165.1 |   165.1 |   165.1 
   ijkl-imnk-njml |   1920 |  1600 |  1920 | 1.00 | 0.90 |       164.9 |   164.9 |   164.9 
   ijkl-minj-nlmk |   1920 |  1600 |  2304 | 1.00 | 0.90 |       164.5 |   164.5 |   164.5 
   ijkl-mink-jnlm |   1920 |  1920 |  1920 | 1.00 | 1.00 |       162.1 |   162.1 |   162.1 
   ijkl-minl-njmk |   1920 |  1600 |  2304 | 1.00 | 0.90 |       164.8 |   164.8 |   164.8 
     aqrs-pa-pqrs |     48 | 64000 |    48 | 1.00 | 1.00 |        55.9 |    55.9 |    55.9 
     abrs-qb-aqrs |     40 | 76800 |    48 | 1.00 | 1.00 |        71.7 |    71.7 |    71.7 
     abcs-rc-abrs |     40 | 76800 |    48 | 1.00 | 1.00 |        69.6 |    69.6 |    69.6 
       abj-bka-kj |  20736 |   128 |   144 | 1.00 | 1.00 |       111.0 |   111.0 |   111.0 
       ajb-kba-jk |  18432 |   144 |   144 | 1.00 | 1.00 |       111.4 |   111.4 |   111.4 
     abjc-cbka-kj |  92160 |    40 |    48 | 1.00 | 1.00 |        34.0 |    34.0 |    34.0 
     ajbc-ckba-jk |  92160 |    48 |    40 | 1.00 | 1.00 |        42.7 |    42.7 |    42.7 
     abjc-kbac-jk |  76800 |    48 |    48 | 1.00 | 1.00 |        74.0 |    74.0 |    74.0 
   abjcd-dkbac-jk | 230400 |    24 |    20 | 0.67 | 1.00 |        15.9 |    15.9 |    15.9 
   adbjc-cbdka-kj | 230400 |    20 |    24 | 0.67 | 1.00 |         8.1 |     8.1 |     8.1 
   ajbdc-ckbad-jk | 230400 |    24 |    20 | 1.00 | 1.00 |        13.0 |    13.0 |    13.0 
 abcijk-ijma-mkbc |   6912 |  1728 |    24 | 1.00 | 1.00 |        58.5 |    58.5 |    58.5 
 abcijk-ijmb-mkac |   3456 |  3456 |    24 | 1.00 | 1.00 |        49.7 |    49.7 |    49.7 
 abcijk-ijmc-mkab |   3456 |  3456 |    24 | 1.00 | 1.00 |        75.2 |    75.2 |    75.2 
 abcijk-ikma-mjbc |   6912 |  1728 |    24 | 1.00 | 1.00 |        58.1 |    58.1 |    58.1 
 abcijk-ikmb-mjac |   3456 |  3456 |    24 | 1.00 | 1.00 |        49.5 |    49.5 |    49.5 
 abcijk-ikmc-mjab |   3456 |  3456 |    24 | 1.00 | 1.00 |        75.2 |    75.2 |    75.2 
 abcijk-jkma-mibc |   6912 |  1728 |    24 | 1.00 | 1.00 |        58.8 |    58.8 |    58.8 
 abcijk-jkmb-miac |   3456 |  3456 |    24 | 1.00 | 1.00 |        49.3 |    49.3 |    49.3 
 abcijk-jkmc-miab |   3456 |  3456 |    24 | 1.00 | 1.00 |        74.9 |    74.9 |    74.9 
 abcijk-eiab-jkec |   3456 |  3456 |    24 | 1.00 | 1.00 |        74.7 |    74.7 |    74.7 
 abcijk-eiac-jkeb |   3456 |  3456 |    24 | 1.00 | 1.00 |        49.3 |    49.3 |    49.3 
 abcijk-eibc-jkea |   1728 |  6912 |    24 | 1.00 | 1.00 |        58.8 |    58.8 |    58.8 
 abcijk-ejab-ikec |   3456 |  3456 |    24 | 1.00 | 1.00 |        75.1 |    75.1 |    75.1 
 abcijk-ejac-ikeb |   3456 |  3456 |    24 | 1.00 | 1.00 |        49.3 |    49.3 |    49.3 
 abcijk-ejbc-ikea |   1728 |  6912 |    24 | 1.00 | 1.00 |        57.9 |    57.9 |    57.9 
 abcijk-ekab-ijec |   3456 |  3456 |    24 | 1.00 | 1.00 |        75.0 |    75.0 |    75.0 
 abcijk-ekac-ijeb |   3456 |  3456 |    24 | 1.00 | 1.00 |        49.2 |    49.2 |    49.2 
 abcijk-ekbc-ijea |   1728 |  6912 |    24 | 1.00 | 1.00 |        58.2 |    58.2 |    58.2 
       abc-bk-akc |    144 | 18432 |   128 | 1.00 | 1.00 |       131.9 |   131.9 |   131.9 

=== c32 ===
             case |      m |     n |     k | regA | regB | planar GF/s | 1m GF/s | 3m GF/s 
------------------+--------+-------+-------+------+------+-------------+---------+---------
         ij-ik-kj |   1464 |  1448 |  1464 | 1.00 | 1.00 |       168.2 |   172.1 |   168.4 
       ij-ikl-ljk |    144 |   128 | 18432 | 1.00 | 1.00 |       114.7 |   106.8 |   102.5 
       ij-kil-lkj |    144 |   128 | 20736 | 1.00 | 1.00 |       120.9 |   123.2 |   123.0 
       ijk-ikl-lj |  18432 |   128 |   144 | 1.00 | 1.00 |       138.4 |   137.8 |   132.3 
       ijk-il-jlk |    144 | 18432 |   128 | 1.00 | 0.97 |       134.5 |   135.3 |   140.3 
       ijk-ilk-jl |  18432 |   144 |   128 | 1.00 | 1.00 |       141.3 |   139.0 |   148.8 
       ijk-ilk-lj |  18432 |   128 |   144 | 1.00 | 1.00 |       131.8 |   141.3 |   137.6 
     ijk-ilmk-mjl |   1920 |    40 |  1920 | 1.00 | 1.00 |       110.7 |   101.5 |   104.7 
   ijkl-imjn-lnkm |   1920 |  1920 |  1600 | 1.00 | 1.00 |       168.4 |   170.4 |   170.3 
   ijkl-imjn-nlmk |   1920 |  1600 |  1920 | 1.00 | 1.00 |       170.8 |   170.0 |   171.5 
   ijkl-imkn-jnlm |   1920 |  1920 |  1600 | 1.00 | 0.92 |       164.6 |   163.6 |   163.4 
   ijkl-imkn-njml |   1920 |  1600 |  1920 | 1.00 | 1.00 |       167.9 |   167.4 |   166.4 
   ijkl-imln-jnkm |   1920 |  1920 |  1600 | 1.00 | 0.92 |       165.5 |   165.3 |   164.1 
   ijkl-imln-njmk |   1920 |  1600 |  1920 | 1.00 | 1.00 |       168.4 |   168.5 |   167.4 
   ijkl-imnj-nlkm |   1920 |  1600 |  1920 | 1.00 | 1.00 |       171.3 |   170.0 |   172.4 
   ijkl-imnk-njml |   1920 |  1600 |  1920 | 1.00 | 1.00 |       168.0 |   168.3 |   167.9 
   ijkl-minj-nlmk |   1920 |  1600 |  2304 | 1.00 | 1.00 |       169.3 |   169.7 |   171.4 
   ijkl-mink-jnlm |   1920 |  1920 |  1920 | 1.00 | 0.92 |       167.3 |   166.4 |   167.4 
   ijkl-minl-njmk |   1920 |  1600 |  2304 | 1.00 | 1.00 |       166.9 |   165.7 |   167.3 
     aqrs-pa-pqrs |     48 | 64000 |    48 | 1.00 | 1.00 |        77.9 |    85.0 |    75.2 
     abrs-qb-aqrs |     40 | 76800 |    48 | 1.00 | 1.00 |        93.3 |    94.2 |    96.1 
     abcs-rc-abrs |     40 | 76800 |    48 | 1.00 | 1.00 |        87.1 |    96.6 |   100.0 
       abj-bka-kj |  20736 |   128 |   144 | 1.00 | 1.00 |       135.5 |   133.5 |   135.6 
       ajb-kba-jk |  18432 |   144 |   144 | 1.00 | 1.00 |       156.9 |   162.2 |   158.3 
     abjc-cbka-kj |  92160 |    40 |    48 | 1.00 | 1.00 |        55.4 |    41.4 |    47.6 
     ajbc-ckba-jk |  92160 |    48 |    40 | 1.00 | 1.00 |        80.2 |    73.8 |    75.7 
     abjc-kbac-jk |  76800 |    48 |    48 | 1.00 | 1.00 |       106.4 |   110.4 |   108.8 
   abjcd-dkbac-jk | 230400 |    24 |    20 | 1.00 | 1.00 |        31.2 |    26.2 |    28.1 
   adbjc-cbdka-kj | 230400 |    20 |    24 | 1.00 | 1.00 |        25.7 |    18.9 |    21.8 
   ajbdc-ckbad-jk | 230400 |    24 |    20 | 1.00 | 1.00 |        30.5 |    25.7 |    27.7 
 abcijk-ijma-mkbc |   6912 |  1728 |    24 | 1.00 | 0.97 |       101.9 |   116.6 |   101.2 
 abcijk-ijmb-mkac |   3456 |  3456 |    24 | 1.00 | 0.67 |        92.8 |   108.0 |    93.3 
 abcijk-ijmc-mkab |   3456 |  3456 |    24 | 1.00 | 0.67 |       104.1 |   120.1 |   101.0 
 abcijk-ikma-mjbc |   6912 |  1728 |    24 | 1.00 | 0.97 |       102.3 |   117.5 |   101.3 
 abcijk-ikmb-mjac |   3456 |  3456 |    24 | 1.00 | 0.67 |        92.5 |   107.7 |    93.2 
 abcijk-ikmc-mjab |   3456 |  3456 |    24 | 1.00 | 0.67 |       103.8 |   119.9 |   100.8 
 abcijk-jkma-mibc |   6912 |  1728 |    24 | 1.00 | 0.97 |       103.5 |   118.9 |   102.4 
 abcijk-jkmb-miac |   3456 |  3456 |    24 | 1.00 | 0.67 |        92.7 |   108.0 |    93.6 
 abcijk-jkmc-miab |   3456 |  3456 |    24 | 1.00 | 0.67 |       104.2 |   119.9 |   101.5 
 abcijk-eiab-jkec |   3456 |  3456 |    24 | 1.00 | 0.67 |       103.6 |   119.1 |   100.5 
 abcijk-eiac-jkeb |   3456 |  3456 |    24 | 1.00 | 0.67 |        92.2 |   106.9 |    93.0 
 abcijk-eibc-jkea |   1728 |  6912 |    24 | 1.00 | 0.97 |       103.4 |   119.3 |   102.3 
 abcijk-ejab-ikec |   3456 |  3456 |    24 | 1.00 | 0.67 |       103.4 |   118.8 |    99.8 
 abcijk-ejac-ikeb |   3456 |  3456 |    24 | 1.00 | 0.67 |        92.2 |   106.8 |    92.4 
 abcijk-ejbc-ikea |   1728 |  6912 |    24 | 1.00 | 0.97 |       102.2 |   117.3 |   101.0 
 abcijk-ekab-ijec |   3456 |  3456 |    24 | 1.00 | 0.67 |       103.6 |   119.1 |   100.0 
 abcijk-ekac-ijeb |   3456 |  3456 |    24 | 1.00 | 0.67 |        92.0 |   106.8 |    92.3 
 abcijk-ekbc-ijea |   1728 |  6912 |    24 | 1.00 | 0.97 |       102.0 |   117.3 |   101.0 
       abc-bk-akc |    144 | 18432 |   128 | 1.00 | 1.00 |       135.3 |   144.5 |   129.2 

=== complex efficiency ratio (c32 GF/s over f32 GF/s; 1.0 = no penalty) ===
             case | planar c32/f32 | 1m c32/f32 | 3m c32/f32 
------------------+----------------+------------+------------
         ij-ik-kj |          1.047 |      1.072 |      1.049 
       ij-ikl-ljk |          1.642 |      1.529 |      1.468 
       ij-kil-lkj |          1.623 |      1.654 |      1.651 
       ijk-ikl-lj |          1.537 |      1.530 |      1.469 
       ijk-il-jlk |          1.288 |      1.295 |      1.343 
       ijk-ilk-jl |          1.068 |      1.051 |      1.125 
       ijk-ilk-lj |          1.066 |      1.143 |      1.113 
     ijk-ilmk-mjl |          1.038 |      0.952 |      0.982 
   ijkl-imjn-lnkm |          1.067 |      1.079 |      1.079 
   ijkl-imjn-nlmk |          1.037 |      1.032 |      1.042 
   ijkl-imkn-jnlm |          1.035 |      1.029 |      1.028 
   ijkl-imkn-njml |          1.021 |      1.017 |      1.011 
   ijkl-imln-jnkm |          1.039 |      1.038 |      1.030 
   ijkl-imln-njmk |          1.020 |      1.020 |      1.013 
   ijkl-imnj-nlkm |          1.038 |      1.030 |      1.044 
   ijkl-imnk-njml |          1.019 |      1.021 |      1.018 
   ijkl-minj-nlmk |          1.029 |      1.031 |      1.042 
   ijkl-mink-jnlm |          1.032 |      1.027 |      1.033 
   ijkl-minl-njmk |          1.012 |      1.005 |      1.015 
     aqrs-pa-pqrs |          1.394 |      1.522 |      1.346 
     abrs-qb-aqrs |          1.303 |      1.314 |      1.341 
     abcs-rc-abrs |          1.252 |      1.389 |      1.438 
       abj-bka-kj |          1.221 |      1.202 |      1.222 
       ajb-kba-jk |          1.409 |      1.456 |      1.421 
     abjc-cbka-kj |          1.629 |      1.218 |      1.400 
     ajbc-ckba-jk |          1.878 |      1.728 |      1.772 
     abjc-kbac-jk |          1.438 |      1.492 |      1.471 
   abjcd-dkbac-jk |          1.970 |      1.649 |      1.773 
   adbjc-cbdka-kj |          3.177 |      2.341 |      2.698 
   ajbdc-ckbad-jk |          2.339 |      1.973 |      2.126 
 abcijk-ijma-mkbc |          1.741 |      1.992 |      1.729 
 abcijk-ijmb-mkac |          1.869 |      2.174 |      1.877 
 abcijk-ijmc-mkab |          1.385 |      1.598 |      1.343 
 abcijk-ikma-mjbc |          1.763 |      2.023 |      1.745 
 abcijk-ikmb-mjac |          1.868 |      2.175 |      1.883 
 abcijk-ikmc-mjab |          1.380 |      1.594 |      1.340 
 abcijk-jkma-mibc |          1.759 |      2.022 |      1.740 
 abcijk-jkmb-miac |          1.878 |      2.188 |      1.897 
 abcijk-jkmc-miab |          1.392 |      1.601 |      1.356 
 abcijk-eiab-jkec |          1.388 |      1.595 |      1.347 
 abcijk-eiac-jkeb |          1.871 |      2.170 |      1.887 
 abcijk-eibc-jkea |          1.758 |      2.027 |      1.738 
 abcijk-ejab-ikec |          1.377 |      1.582 |      1.329 
 abcijk-ejac-ikeb |          1.869 |      2.165 |      1.874 
 abcijk-ejbc-ikea |          1.765 |      2.025 |      1.743 
 abcijk-ekab-ijec |          1.382 |      1.588 |      1.333 
 abcijk-ekac-ijeb |          1.870 |      2.171 |      1.877 
 abcijk-ekbc-ijea |          1.751 |      2.015 |      1.734 
       abc-bk-akc |          1.026 |      1.096 |      0.979 
             MEAN |          1.465 |      1.523 |      1.435 

wrote bench-results/worker5086-zen2/phase4g/sm-s16-t2-f32c32.csv
