host        : worker5086
target      : x86_64 / linux
cpu features: avx2 fma 
caches      : L1=32KiB/8-way/1sh L2=512KiB/8-way/1sh L3=16384KiB/16-way/4sh (via sysfs), blocking=legacy
l3 domains  : t1=1 t4=1 t8=2 t16=4 t32=8
baselines   : tblis=false blas=false

sweeping 49 cases at 16 MiB nominal tensor size, 3 reps, stress=none


=== f32 ===
             case |      m |     n |     k | regA | regB | planar GF/s | 1m GF/s | 3m GF/s 
------------------+--------+-------+-------+------+------+-------------+---------+---------
         ij-ik-kj |   1464 |  1448 |  1464 | 1.00 | 1.00 |       421.5 |   421.5 |   421.5 
       ij-ikl-ljk |    144 |   128 | 18432 | 1.00 | 1.00 |       163.5 |   163.5 |   163.5 
       ij-kil-lkj |    144 |   128 | 20736 | 1.00 | 1.00 |       182.8 |   182.8 |   182.8 
       ijk-ikl-lj |  18432 |   128 |   144 | 1.00 | 1.00 |       303.8 |   303.8 |   303.8 
       ijk-il-jlk |    144 | 18432 |   128 | 1.00 | 1.00 |       532.6 |   532.6 |   532.6 
       ijk-ilk-jl |  18432 |   144 |   128 | 1.00 | 1.00 |       364.7 |   364.7 |   364.7 
       ijk-ilk-lj |  18432 |   128 |   144 | 1.00 | 1.00 |       339.9 |   339.9 |   339.9 
     ijk-ilmk-mjl |   1920 |    40 |  1920 | 1.00 | 1.00 |       163.6 |   163.6 |   163.6 
   ijkl-imjn-lnkm |   1920 |  1920 |  1600 | 1.00 | 0.90 |       410.3 |   410.3 |   410.3 
   ijkl-imjn-nlmk |   1920 |  1600 |  1920 | 1.00 | 0.90 |       420.4 |   420.4 |   420.4 
   ijkl-imkn-jnlm |   1920 |  1920 |  1600 | 1.00 | 1.00 |       507.2 |   507.2 |   507.2 
   ijkl-imkn-njml |   1920 |  1600 |  1920 | 1.00 | 0.90 |       509.1 |   509.1 |   509.1 
   ijkl-imln-jnkm |   1920 |  1920 |  1600 | 1.00 | 1.00 |       538.2 |   538.2 |   538.2 
   ijkl-imln-njmk |   1920 |  1600 |  1920 | 1.00 | 0.90 |       531.3 |   531.3 |   531.3 
   ijkl-imnj-nlkm |   1920 |  1600 |  1920 | 1.00 | 0.90 |       421.4 |   421.4 |   421.4 
   ijkl-imnk-njml |   1920 |  1600 |  1920 | 1.00 | 0.90 |       495.3 |   495.3 |   495.3 
   ijkl-minj-nlmk |   1920 |  1600 |  2304 | 1.00 | 0.90 |       433.0 |   433.0 |   433.0 
   ijkl-mink-jnlm |   1920 |  1920 |  1920 | 1.00 | 1.00 |       468.0 |   468.0 |   468.0 
   ijkl-minl-njmk |   1920 |  1600 |  2304 | 1.00 | 0.90 |       490.8 |   490.8 |   490.8 
     aqrs-pa-pqrs |     48 | 64000 |    48 | 1.00 | 1.00 |       284.8 |   284.8 |   284.8 
     abrs-qb-aqrs |     40 | 76800 |    48 | 1.00 | 1.00 |       176.6 |   176.6 |   176.6 
     abcs-rc-abrs |     40 | 76800 |    48 | 1.00 | 1.00 |       159.6 |   159.6 |   159.6 
       abj-bka-kj |  20736 |   128 |   144 | 1.00 | 1.00 |       261.5 |   261.5 |   261.5 
       ajb-kba-jk |  18432 |   144 |   144 | 1.00 | 1.00 |       286.7 |   286.7 |   286.7 
     abjc-cbka-kj |  92160 |    40 |    48 | 1.00 | 1.00 |        81.7 |    81.7 |    81.7 
     ajbc-ckba-jk |  92160 |    48 |    40 | 1.00 | 1.00 |       109.6 |   109.6 |   109.6 
     abjc-kbac-jk |  76800 |    48 |    48 | 1.00 | 1.00 |       198.4 |   198.4 |   198.4 
   abjcd-dkbac-jk | 230400 |    24 |    20 | 0.67 | 1.00 |        41.8 |    41.8 |    41.8 
   adbjc-cbdka-kj | 230400 |    20 |    24 | 0.67 | 1.00 |        27.5 |    27.5 |    27.5 
   ajbdc-ckbad-jk | 230400 |    24 |    20 | 1.00 | 1.00 |        40.4 |    40.4 |    40.4 
 abcijk-ijma-mkbc |   6912 |  1728 |    24 | 1.00 | 1.00 |       295.6 |   295.6 |   295.6 
 abcijk-ijmb-mkac |   3456 |  3456 |    24 | 1.00 | 1.00 |       299.2 |   299.2 |   299.2 
 abcijk-ijmc-mkab |   3456 |  3456 |    24 | 1.00 | 1.00 |       437.4 |   437.4 |   437.4 
 abcijk-ikma-mjbc |   6912 |  1728 |    24 | 1.00 | 1.00 |       294.7 |   294.7 |   294.7 
 abcijk-ikmb-mjac |   3456 |  3456 |    24 | 1.00 | 1.00 |       304.1 |   304.1 |   304.1 
 abcijk-ikmc-mjab |   3456 |  3456 |    24 | 1.00 | 1.00 |       372.9 |   372.9 |   372.9 
 abcijk-jkma-mibc |   6912 |  1728 |    24 | 1.00 | 1.00 |       314.5 |   314.5 |   314.5 
 abcijk-jkmb-miac |   3456 |  3456 |    24 | 1.00 | 1.00 |       296.4 |   296.4 |   296.4 
 abcijk-jkmc-miab |   3456 |  3456 |    24 | 1.00 | 1.00 |       396.7 |   396.7 |   396.7 
 abcijk-eiab-jkec |   3456 |  3456 |    24 | 1.00 | 1.00 |       405.0 |   405.0 |   405.0 
 abcijk-eiac-jkeb |   3456 |  3456 |    24 | 1.00 | 1.00 |       351.5 |   351.5 |   351.5 
 abcijk-eibc-jkea |   1728 |  6912 |    24 | 1.00 | 1.00 |       315.6 |   315.6 |   315.6 
 abcijk-ejab-ikec |   3456 |  3456 |    24 | 1.00 | 1.00 |       431.0 |   431.0 |   431.0 
 abcijk-ejac-ikeb |   3456 |  3456 |    24 | 1.00 | 1.00 |       306.7 |   306.7 |   306.7 
 abcijk-ejbc-ikea |   1728 |  6912 |    24 | 1.00 | 1.00 |       286.3 |   286.3 |   286.3 
 abcijk-ekab-ijec |   3456 |  3456 |    24 | 1.00 | 1.00 |       382.6 |   382.6 |   382.6 
 abcijk-ekac-ijeb |   3456 |  3456 |    24 | 1.00 | 1.00 |       314.6 |   314.6 |   314.6 
 abcijk-ekbc-ijea |   1728 |  6912 |    24 | 1.00 | 1.00 |       311.0 |   311.0 |   311.0 
       abc-bk-akc |    144 | 18432 |   128 | 1.00 | 1.00 |       342.7 |   342.7 |   342.7 

=== c32 ===
             case |      m |     n |     k | regA | regB | planar GF/s | 1m GF/s | 3m GF/s 
------------------+--------+-------+-------+------+------+-------------+---------+---------
         ij-ik-kj |   1464 |  1448 |  1464 | 1.00 | 1.00 |       501.3 |   535.7 |   506.4 
       ij-ikl-ljk |    144 |   128 | 18432 | 1.00 | 1.00 |       227.0 |   218.4 |   181.1 
       ij-kil-lkj |    144 |   128 | 20736 | 1.00 | 1.00 |       226.9 |   195.3 |   216.3 
       ijk-ikl-lj |  18432 |   128 |   144 | 1.00 | 1.00 |       407.1 |   416.7 |   386.9 
       ijk-il-jlk |    144 | 18432 |   128 | 1.00 | 0.97 |       241.0 |   258.5 |   197.5 
       ijk-ilk-jl |  18432 |   144 |   128 | 1.00 | 1.00 |       457.8 |   438.2 |   440.9 
       ijk-ilk-lj |  18432 |   128 |   144 | 1.00 | 1.00 |       439.2 |   459.9 |   411.5 
     ijk-ilmk-mjl |   1920 |    40 |  1920 | 1.00 | 1.00 |       364.6 |   231.5 |   201.4 
   ijkl-imjn-lnkm |   1920 |  1920 |  1600 | 1.00 | 1.00 |       607.1 |   586.3 |   514.4 
   ijkl-imjn-nlmk |   1920 |  1600 |  1920 | 1.00 | 1.00 |       603.2 |   665.9 |   633.2 
   ijkl-imkn-jnlm |   1920 |  1920 |  1600 | 1.00 | 0.92 |       857.7 |   876.8 |   883.0 
   ijkl-imkn-njml |   1920 |  1600 |  1920 | 1.00 | 1.00 |       648.3 |   648.8 |   689.7 
   ijkl-imln-jnkm |   1920 |  1920 |  1600 | 1.00 | 0.92 |       633.8 |   935.6 |   730.4 
   ijkl-imln-njmk |   1920 |  1600 |  1920 | 1.00 | 1.00 |       971.8 |   668.7 |   974.1 
   ijkl-imnj-nlkm |   1920 |  1600 |  1920 | 1.00 | 1.00 |       578.2 |   755.0 |   586.5 
   ijkl-imnk-njml |   1920 |  1600 |  1920 | 1.00 | 1.00 |       639.4 |   624.0 |   565.2 
   ijkl-minj-nlmk |   1920 |  1600 |  2304 | 1.00 | 1.00 |       589.9 |   581.3 |   593.7 
   ijkl-mink-jnlm |   1920 |  1920 |  1920 | 1.00 | 0.92 |       620.8 |   606.8 |   737.4 
   ijkl-minl-njmk |   1920 |  1600 |  2304 | 1.00 | 1.00 |      1015.1 |   868.6 |   680.4 
     aqrs-pa-pqrs |     48 | 64000 |    48 | 1.00 | 1.00 |       258.4 |   285.9 |   248.6 
     abrs-qb-aqrs |     40 | 76800 |    48 | 1.00 | 1.00 |       268.1 |   293.9 |   281.7 
     abcs-rc-abrs |     40 | 76800 |    48 | 1.00 | 1.00 |       258.1 |   251.2 |   306.2 
       abj-bka-kj |  20736 |   128 |   144 | 1.00 | 1.00 |       446.9 |   416.1 |   443.5 
       ajb-kba-jk |  18432 |   144 |   144 | 1.00 | 1.00 |       504.2 |   507.6 |   491.9 
     abjc-cbka-kj |  92160 |    40 |    48 | 1.00 | 1.00 |       140.8 |   129.4 |   128.1 
     ajbc-ckba-jk |  92160 |    48 |    40 | 1.00 | 1.00 |       171.0 |   154.3 |   157.6 
     abjc-kbac-jk |  76800 |    48 |    48 | 1.00 | 1.00 |       330.2 |   333.7 |   347.5 
   abjcd-dkbac-jk | 230400 |    24 |    20 | 1.00 | 1.00 |        85.2 |    76.1 |    76.1 
   adbjc-cbdka-kj | 230400 |    20 |    24 | 1.00 | 1.00 |        63.8 |    59.0 |    55.8 
   ajbdc-ckbad-jk | 230400 |    24 |    20 | 1.00 | 1.00 |        76.8 |    73.0 |    72.3 
 abcijk-ijma-mkbc |   6912 |  1728 |    24 | 1.00 | 0.97 |       392.6 |   404.3 |   361.2 
 abcijk-ijmb-mkac |   3456 |  3456 |    24 | 1.00 | 0.67 |       405.9 |   412.3 |   390.2 
 abcijk-ijmc-mkab |   3456 |  3456 |    24 | 1.00 | 0.67 |       434.2 |   414.9 |   423.0 
 abcijk-ikma-mjbc |   6912 |  1728 |    24 | 1.00 | 0.97 |       377.4 |   381.1 |   366.7 
 abcijk-ikmb-mjac |   3456 |  3456 |    24 | 1.00 | 0.67 |       410.8 |   413.4 |   379.4 
 abcijk-ikmc-mjab |   3456 |  3456 |    24 | 1.00 | 0.67 |       421.4 |   415.9 |   423.4 
 abcijk-jkma-mibc |   6912 |  1728 |    24 | 1.00 | 0.97 |       404.2 |   409.3 |   381.7 
 abcijk-jkmb-miac |   3456 |  3456 |    24 | 1.00 | 0.67 |       402.9 |   422.4 |   382.4 
 abcijk-jkmc-miab |   3456 |  3456 |    24 | 1.00 | 0.67 |       438.1 |   425.3 |   425.1 
 abcijk-eiab-jkec |   3456 |  3456 |    24 | 1.00 | 0.67 |       436.8 |   424.8 |   412.2 
 abcijk-eiac-jkeb |   3456 |  3456 |    24 | 1.00 | 0.67 |       408.7 |   425.4 |   377.0 
 abcijk-eibc-jkea |   1728 |  6912 |    24 | 1.00 | 0.97 |       409.7 |   409.4 |   384.3 
 abcijk-ejab-ikec |   3456 |  3456 |    24 | 1.00 | 0.67 |       420.3 |   416.3 |   421.8 
 abcijk-ejac-ikeb |   3456 |  3456 |    24 | 1.00 | 0.67 |       410.5 |   414.1 |   385.4 
 abcijk-ejbc-ikea |   1728 |  6912 |    24 | 1.00 | 0.97 |       384.4 |   387.5 |   362.7 
 abcijk-ekab-ijec |   3456 |  3456 |    24 | 1.00 | 0.67 |       428.5 |   406.1 |   434.0 
 abcijk-ekac-ijeb |   3456 |  3456 |    24 | 1.00 | 0.67 |       408.1 |   410.1 |   389.7 
 abcijk-ekbc-ijea |   1728 |  6912 |    24 | 1.00 | 0.97 |       398.7 |   413.2 |   356.5 
       abc-bk-akc |    144 | 18432 |   128 | 1.00 | 1.00 |       446.1 |   434.1 |   438.5 

=== complex efficiency ratio (c32 GF/s over f32 GF/s; 1.0 = no penalty) ===
             case | planar c32/f32 | 1m c32/f32 | 3m c32/f32 
------------------+----------------+------------+------------
         ij-ik-kj |          1.189 |      1.271 |      1.201 
       ij-ikl-ljk |          1.388 |      1.336 |      1.107 
       ij-kil-lkj |          1.241 |      1.069 |      1.184 
       ijk-ikl-lj |          1.340 |      1.371 |      1.274 
       ijk-il-jlk |          0.452 |      0.485 |      0.371 
       ijk-ilk-jl |          1.256 |      1.202 |      1.209 
       ijk-ilk-lj |          1.292 |      1.353 |      1.210 
     ijk-ilmk-mjl |          2.228 |      1.414 |      1.231 
   ijkl-imjn-lnkm |          1.480 |      1.429 |      1.254 
   ijkl-imjn-nlmk |          1.435 |      1.584 |      1.506 
   ijkl-imkn-jnlm |          1.691 |      1.729 |      1.741 
   ijkl-imkn-njml |          1.273 |      1.274 |      1.355 
   ijkl-imln-jnkm |          1.178 |      1.738 |      1.357 
   ijkl-imln-njmk |          1.829 |      1.259 |      1.833 
   ijkl-imnj-nlkm |          1.372 |      1.792 |      1.392 
   ijkl-imnk-njml |          1.291 |      1.260 |      1.141 
   ijkl-minj-nlmk |          1.362 |      1.342 |      1.371 
   ijkl-mink-jnlm |          1.326 |      1.296 |      1.576 
   ijkl-minl-njmk |          2.068 |      1.770 |      1.386 
     aqrs-pa-pqrs |          0.907 |      1.004 |      0.873 
     abrs-qb-aqrs |          1.518 |      1.665 |      1.595 
     abcs-rc-abrs |          1.617 |      1.574 |      1.919 
       abj-bka-kj |          1.709 |      1.591 |      1.696 
       ajb-kba-jk |          1.759 |      1.771 |      1.716 
     abjc-cbka-kj |          1.724 |      1.584 |      1.568 
     ajbc-ckba-jk |          1.560 |      1.408 |      1.437 
     abjc-kbac-jk |          1.665 |      1.682 |      1.751 
   abjcd-dkbac-jk |          2.037 |      1.820 |      1.821 
   adbjc-cbdka-kj |          2.317 |      2.141 |      2.026 
   ajbdc-ckbad-jk |          1.901 |      1.806 |      1.787 
 abcijk-ijma-mkbc |          1.328 |      1.367 |      1.222 
 abcijk-ijmb-mkac |          1.356 |      1.378 |      1.304 
 abcijk-ijmc-mkab |          0.993 |      0.949 |      0.967 
 abcijk-ikma-mjbc |          1.281 |      1.293 |      1.244 
 abcijk-ikmb-mjac |          1.351 |      1.359 |      1.247 
 abcijk-ikmc-mjab |          1.130 |      1.115 |      1.136 
 abcijk-jkma-mibc |          1.285 |      1.301 |      1.214 
 abcijk-jkmb-miac |          1.359 |      1.425 |      1.290 
 abcijk-jkmc-miab |          1.104 |      1.072 |      1.071 
 abcijk-eiab-jkec |          1.078 |      1.049 |      1.018 
 abcijk-eiac-jkeb |          1.163 |      1.210 |      1.072 
 abcijk-eibc-jkea |          1.298 |      1.297 |      1.217 
 abcijk-ejab-ikec |          0.975 |      0.966 |      0.979 
 abcijk-ejac-ikeb |          1.339 |      1.350 |      1.257 
 abcijk-ejbc-ikea |          1.343 |      1.354 |      1.267 
 abcijk-ekab-ijec |          1.120 |      1.061 |      1.134 
 abcijk-ekac-ijeb |          1.297 |      1.303 |      1.238 
 abcijk-ekbc-ijea |          1.282 |      1.329 |      1.146 
       abc-bk-akc |          1.302 |      1.267 |      1.280 
             MEAN |          1.404 |      1.377 |      1.330 

wrote bench-results/worker5086-zen2/phase4g/sm-s16-t16-f32c32.csv
