host        : worker5086
target      : x86_64 / linux
cpu features: avx2 fma 
caches      : L1=32KiB/8-way/1sh L2=512KiB/8-way/1sh L3=16384KiB/16-way/4sh (via sysfs), blocking=legacy
l3 domains  : t1=1 t4=1 t8=2 t16=4 t32=8 t64=16
baselines   : tblis=false blas=false

sweeping 49 cases at 4 MiB nominal tensor size, 6 reps, stress=none


=== f64 ===
             case |     m |     n |    k | regA | regB | planar GF/s | 1m GF/s | 3m GF/s 
------------------+-------+-------+------+------+------+-------------+---------+---------
         ij-ik-kj |   744 |   724 |  744 | 1.00 | 1.00 |       128.8 |   128.8 |   128.8 
       ij-ikl-ljk |    96 |    80 | 7680 | 1.00 | 1.00 |        39.5 |    39.5 |    39.5 
       ij-kil-lkj |    96 |    80 | 9216 | 1.00 | 1.00 |        47.5 |    47.5 |    47.5 
       ijk-ikl-lj |  7680 |    80 |   96 | 1.00 | 1.00 |        63.0 |    63.0 |    63.0 
       ijk-il-jlk |    96 |  7680 |   80 | 1.00 | 1.00 |        79.4 |    79.4 |    79.4 
       ijk-ilk-jl |  7680 |    96 |   80 | 1.00 | 1.00 |        53.2 |    53.2 |    53.2 
       ijk-ilk-lj |  7680 |    80 |   96 | 1.00 | 1.00 |        67.3 |    67.3 |    67.3 
     ijk-ilmk-mjl |  1344 |    28 | 1344 | 1.00 | 1.00 |        41.6 |    41.6 |    41.6 
   ijkl-imjn-lnkm |  1344 |  1344 |  784 | 1.00 | 0.86 |       196.5 |   196.5 |   196.5 
   ijkl-imjn-nlmk |  1344 |   784 | 1344 | 1.00 | 0.86 |       216.2 |   216.2 |   216.2 
   ijkl-imkn-jnlm |  1344 |  1344 |  784 | 1.00 | 1.00 |       225.4 |   225.4 |   225.4 
   ijkl-imkn-njml |  1344 |   784 | 1344 | 1.00 | 0.86 |       228.5 |   228.5 |   228.5 
   ijkl-imln-jnkm |  1344 |  1344 |  784 | 1.00 | 1.00 |       263.0 |   263.0 |   263.0 
   ijkl-imln-njmk |  1344 |   784 | 1344 | 1.00 | 0.86 |       267.0 |   267.0 |   267.0 
   ijkl-imnj-nlkm |  1344 |   784 | 1344 | 1.00 | 0.86 |       220.4 |   220.4 |   220.4 
   ijkl-imnk-njml |  1344 |   784 | 1344 | 1.00 | 0.86 |       255.3 |   255.3 |   255.3 
   ijkl-minj-nlmk |  1344 |   784 | 2304 | 1.00 | 0.86 |       256.0 |   256.0 |   256.0 
   ijkl-mink-jnlm |  1344 |  1344 | 1344 | 1.00 | 1.00 |       259.6 |   259.6 |   259.6 
   ijkl-minl-njmk |  1344 |   784 | 2304 | 1.00 | 0.86 |       244.1 |   244.1 |   244.1 
     aqrs-pa-pqrs |    48 | 21952 |   48 | 1.00 | 1.00 |        54.3 |    54.3 |    54.3 
     abrs-qb-aqrs |    28 | 37632 |   48 | 1.00 | 1.00 |        48.3 |    48.3 |    48.3 
     abcs-rc-abrs |    28 | 37632 |   48 | 1.00 | 1.00 |        39.0 |    39.0 |    39.0 
       abj-bka-kj |  9216 |    80 |   96 | 1.00 | 1.00 |        74.6 |    74.6 |    74.6 
       ajb-kba-jk |  7680 |    96 |   96 | 1.00 | 1.00 |        91.2 |    91.2 |    91.2 
     abjc-cbka-kj | 64512 |    28 |   48 | 1.00 | 1.00 |        37.9 |    37.9 |    37.9 
     ajbc-ckba-jk | 64512 |    48 |   28 | 1.00 | 1.00 |        47.9 |    47.9 |    47.9 
     abjc-kbac-jk | 37632 |    48 |   48 | 1.00 | 1.00 |        73.1 |    73.1 |    73.1 
   abjcd-dkbac-jk | 82944 |    24 |   12 | 1.00 | 1.00 |        23.3 |    23.3 |    23.3 
   adbjc-cbdka-kj | 82944 |    12 |   24 | 1.00 | 1.00 |        16.2 |    16.2 |    16.2 
   ajbdc-ckbad-jk | 82944 |    24 |   12 | 1.00 | 1.00 |        22.2 |    22.2 |    22.2 
 abcijk-ijma-mkbc |  4608 |   512 |   24 | 1.00 | 0.94 |        93.6 |    93.6 |    93.6 
 abcijk-ijmb-mkac |  1536 |  1536 |   24 | 1.00 | 0.50 |       119.3 |   119.3 |   119.3 
 abcijk-ijmc-mkab |  1536 |  1536 |   24 | 1.00 | 0.50 |       129.4 |   129.4 |   129.4 
 abcijk-ikma-mjbc |  4608 |   512 |   24 | 1.00 | 0.94 |        95.3 |    95.3 |    95.3 
 abcijk-ikmb-mjac |  1536 |  1536 |   24 | 1.00 | 0.50 |       125.2 |   125.2 |   125.2 
 abcijk-ikmc-mjab |  1536 |  1536 |   24 | 1.00 | 0.50 |       124.3 |   124.3 |   124.3 
 abcijk-jkma-mibc |  4608 |   512 |   24 | 1.00 | 0.94 |        96.3 |    96.3 |    96.3 
 abcijk-jkmb-miac |  1536 |  1536 |   24 | 1.00 | 0.50 |       125.7 |   125.7 |   125.7 
 abcijk-jkmc-miab |  1536 |  1536 |   24 | 1.00 | 0.50 |       129.3 |   129.3 |   129.3 
 abcijk-eiab-jkec |  1536 |  1536 |   24 | 1.00 | 0.50 |       129.5 |   129.5 |   129.5 
 abcijk-eiac-jkeb |  1536 |  1536 |   24 | 1.00 | 0.50 |       128.3 |   128.3 |   128.3 
 abcijk-eibc-jkea |   512 |  4608 |   24 | 1.00 | 0.94 |        96.3 |    96.3 |    96.3 
 abcijk-ejab-ikec |  1536 |  1536 |   24 | 1.00 | 0.50 |       128.6 |   128.6 |   128.6 
 abcijk-ejac-ikeb |  1536 |  1536 |   24 | 1.00 | 0.50 |       125.0 |   125.0 |   125.0 
 abcijk-ejbc-ikea |   512 |  4608 |   24 | 1.00 | 0.94 |       100.7 |   100.7 |   100.7 
 abcijk-ekab-ijec |  1536 |  1536 |   24 | 1.00 | 0.50 |       124.3 |   124.3 |   124.3 
 abcijk-ekac-ijeb |  1536 |  1536 |   24 | 1.00 | 0.50 |       123.6 |   123.6 |   123.6 
 abcijk-ekbc-ijea |   512 |  4608 |   24 | 1.00 | 0.94 |        95.8 |    95.8 |    95.8 
       abc-bk-akc |    96 |  7680 |   80 | 1.00 | 1.00 |        64.1 |    64.1 |    64.1 

=== c64 ===
             case |     m |     n |    k | regA | regB | planar GF/s | 1m GF/s | 3m GF/s 
------------------+-------+-------+------+------+------+-------------+---------+---------
         ij-ik-kj |   744 |   724 |  744 | 1.00 | 1.00 |       261.3 |   279.7 |   228.5 
       ij-ikl-ljk |    96 |    80 | 7680 | 1.00 | 1.00 |       109.5 |    89.5 |   100.8 
       ij-kil-lkj |    96 |    80 | 9216 | 1.00 | 1.00 |       122.1 |    94.8 |   109.9 
       ijk-ikl-lj |  7680 |    80 |   96 | 1.00 | 1.00 |       138.8 |   115.9 |   149.5 
       ijk-il-jlk |    96 |  7680 |   80 | 1.00 | 0.96 |       148.3 |   157.3 |   134.3 
       ijk-ilk-jl |  7680 |    96 |   80 | 1.00 | 1.00 |       137.1 |   145.5 |   133.0 
       ijk-ilk-lj |  7680 |    80 |   96 | 1.00 | 1.00 |       172.8 |   141.3 |   126.2 
     ijk-ilmk-mjl |  1344 |    28 | 1344 | 1.00 | 1.00 |        98.8 |   103.4 |   103.5 
   ijkl-imjn-lnkm |  1344 |  1344 |  784 | 1.00 | 0.86 |       325.9 |   288.2 |   330.8 
   ijkl-imjn-nlmk |  1344 |   784 | 1344 | 1.00 | 0.86 |       339.9 |   303.7 |   317.2 
   ijkl-imkn-jnlm |  1344 |  1344 |  784 | 1.00 | 0.92 |       390.2 |   323.9 |   326.1 
   ijkl-imkn-njml |  1344 |   784 | 1344 | 1.00 | 0.86 |       346.6 |   360.0 |   351.4 
   ijkl-imln-jnkm |  1344 |  1344 |  784 | 1.00 | 0.92 |       330.6 |   325.6 |   320.3 
   ijkl-imln-njmk |  1344 |   784 | 1344 | 1.00 | 0.86 |       318.7 |   387.2 |   357.3 
   ijkl-imnj-nlkm |  1344 |   784 | 1344 | 1.00 | 0.86 |       334.4 |   340.3 |   336.8 
   ijkl-imnk-njml |  1344 |   784 | 1344 | 1.00 | 0.86 |       371.0 |   365.2 |   323.9 
   ijkl-minj-nlmk |  1344 |   784 | 2304 | 1.00 | 0.86 |       324.1 |   339.1 |   323.8 
   ijkl-mink-jnlm |  1344 |  1344 | 1344 | 1.00 | 0.92 |       390.3 |   384.8 |   382.8 
   ijkl-minl-njmk |  1344 |   784 | 2304 | 1.00 | 0.86 |       383.0 |   344.1 |   367.0 
     aqrs-pa-pqrs |    48 | 21952 |   48 | 1.00 | 1.00 |       139.2 |   151.4 |   138.7 
     abrs-qb-aqrs |    28 | 37632 |   48 | 1.00 | 1.00 |       103.3 |   123.8 |    95.2 
     abcs-rc-abrs |    28 | 37632 |   48 | 1.00 | 1.00 |       113.7 |   102.5 |   107.0 
       abj-bka-kj |  9216 |    80 |   96 | 1.00 | 1.00 |       168.4 |   152.8 |   159.5 
       ajb-kba-jk |  7680 |    96 |   96 | 1.00 | 1.00 |       170.4 |   180.1 |   184.4 
     abjc-cbka-kj | 64512 |    28 |   48 | 1.00 | 1.00 |        75.6 |    73.5 |    73.7 
     ajbc-ckba-jk | 64512 |    48 |   28 | 1.00 | 1.00 |       104.2 |    85.2 |    94.8 
     abjc-kbac-jk | 37632 |    48 |   48 | 1.00 | 1.00 |       171.9 |   168.1 |   141.3 
   abjcd-dkbac-jk | 82944 |    24 |   12 | 1.00 | 1.00 |        48.7 |    48.3 |    47.7 
   adbjc-cbdka-kj | 82944 |    12 |   24 | 1.00 | 1.00 |        40.1 |    33.9 |    36.2 
   ajbdc-ckbad-jk | 82944 |    24 |   12 | 1.00 | 1.00 |        48.4 |    40.8 |    43.0 
 abcijk-ijma-mkbc |  4608 |   512 |   24 | 1.00 | 0.94 |       221.2 |   218.6 |   208.6 
 abcijk-ijmb-mkac |  1536 |  1536 |   24 | 1.00 | 0.50 |       247.1 |   252.7 |   240.4 
 abcijk-ijmc-mkab |  1536 |  1536 |   24 | 1.00 | 0.50 |       262.6 |   261.3 |   235.8 
 abcijk-ikma-mjbc |  4608 |   512 |   24 | 1.00 | 0.94 |       222.6 |   214.9 |   211.9 
 abcijk-ikmb-mjac |  1536 |  1536 |   24 | 1.00 | 0.50 |       263.3 |   275.2 |   256.5 
 abcijk-ikmc-mjab |  1536 |  1536 |   24 | 1.00 | 0.50 |       268.6 |   254.4 |   250.1 
 abcijk-jkma-mibc |  4608 |   512 |   24 | 1.00 | 0.94 |       205.2 |   196.4 |   209.0 
 abcijk-jkmb-miac |  1536 |  1536 |   24 | 1.00 | 0.50 |       250.6 |   284.7 |   264.2 
 abcijk-jkmc-miab |  1536 |  1536 |   24 | 1.00 | 0.50 |       284.5 |   272.4 |   243.0 
 abcijk-eiab-jkec |  1536 |  1536 |   24 | 1.00 | 0.50 |       261.6 |   274.2 |   249.0 
 abcijk-eiac-jkeb |  1536 |  1536 |   24 | 1.00 | 0.50 |       264.1 |   257.8 |   257.7 
 abcijk-eibc-jkea |   512 |  4608 |   24 | 1.00 | 0.94 |       212.8 |   192.9 |   200.2 
 abcijk-ejab-ikec |  1536 |  1536 |   24 | 1.00 | 0.50 |       276.3 |   253.0 |   242.8 
 abcijk-ejac-ikeb |  1536 |  1536 |   24 | 1.00 | 0.50 |       245.1 |   258.0 |   248.4 
 abcijk-ejbc-ikea |   512 |  4608 |   24 | 1.00 | 0.94 |       219.9 |   216.9 |   212.9 
 abcijk-ekab-ijec |  1536 |  1536 |   24 | 1.00 | 0.50 |       278.5 |   262.6 |   240.0 
 abcijk-ekac-ijeb |  1536 |  1536 |   24 | 1.00 | 0.50 |       262.1 |   284.7 |   253.3 
 abcijk-ekbc-ijea |   512 |  4608 |   24 | 1.00 | 0.94 |       214.5 |   218.1 |   216.1 
       abc-bk-akc |    96 |  7680 |   80 | 1.00 | 1.00 |       135.2 |   140.0 |   115.5 

=== complex efficiency ratio (c64 GF/s over f64 GF/s; 1.0 = no penalty) ===
             case | planar c64/f64 | 1m c64/f64 | 3m c64/f64 
------------------+----------------+------------+------------
         ij-ik-kj |          2.028 |      2.170 |      1.773 
       ij-ikl-ljk |          2.772 |      2.267 |      2.553 
       ij-kil-lkj |          2.570 |      1.996 |      2.313 
       ijk-ikl-lj |          2.204 |      1.839 |      2.372 
       ijk-il-jlk |          1.868 |      1.981 |      1.691 
       ijk-ilk-jl |          2.576 |      2.734 |      2.500 
       ijk-ilk-lj |          2.570 |      2.100 |      1.876 
     ijk-ilmk-mjl |          2.377 |      2.486 |      2.490 
   ijkl-imjn-lnkm |          1.658 |      1.466 |      1.683 
   ijkl-imjn-nlmk |          1.572 |      1.405 |      1.467 
   ijkl-imkn-jnlm |          1.731 |      1.437 |      1.447 
   ijkl-imkn-njml |          1.517 |      1.576 |      1.538 
   ijkl-imln-jnkm |          1.257 |      1.238 |      1.218 
   ijkl-imln-njmk |          1.194 |      1.450 |      1.338 
   ijkl-imnj-nlkm |          1.517 |      1.544 |      1.528 
   ijkl-imnk-njml |          1.453 |      1.431 |      1.269 
   ijkl-minj-nlmk |          1.266 |      1.325 |      1.265 
   ijkl-mink-jnlm |          1.503 |      1.483 |      1.475 
   ijkl-minl-njmk |          1.569 |      1.409 |      1.503 
     aqrs-pa-pqrs |          2.564 |      2.789 |      2.554 
     abrs-qb-aqrs |          2.136 |      2.560 |      1.969 
     abcs-rc-abrs |          2.912 |      2.626 |      2.740 
       abj-bka-kj |          2.258 |      2.048 |      2.138 
       ajb-kba-jk |          1.869 |      1.976 |      2.022 
     abjc-cbka-kj |          1.993 |      1.937 |      1.942 
     ajbc-ckba-jk |          2.178 |      1.780 |      1.980 
     abjc-kbac-jk |          2.352 |      2.301 |      1.934 
   abjcd-dkbac-jk |          2.095 |      2.075 |      2.052 
   adbjc-cbdka-kj |          2.479 |      2.097 |      2.236 
   ajbdc-ckbad-jk |          2.176 |      1.836 |      1.933 
 abcijk-ijma-mkbc |          2.363 |      2.335 |      2.229 
 abcijk-ijmb-mkac |          2.071 |      2.118 |      2.015 
 abcijk-ijmc-mkab |          2.030 |      2.019 |      1.822 
 abcijk-ikma-mjbc |          2.335 |      2.255 |      2.223 
 abcijk-ikmb-mjac |          2.103 |      2.197 |      2.048 
 abcijk-ikmc-mjab |          2.161 |      2.047 |      2.013 
 abcijk-jkma-mibc |          2.132 |      2.040 |      2.171 
 abcijk-jkmb-miac |          1.993 |      2.265 |      2.102 
 abcijk-jkmc-miab |          2.201 |      2.107 |      1.879 
 abcijk-eiab-jkec |          2.021 |      2.118 |      1.923 
 abcijk-eiac-jkeb |          2.058 |      2.009 |      2.008 
 abcijk-eibc-jkea |          2.210 |      2.003 |      2.079 
 abcijk-ejab-ikec |          2.148 |      1.967 |      1.888 
 abcijk-ejac-ikeb |          1.960 |      2.063 |      1.986 
 abcijk-ejbc-ikea |          2.184 |      2.153 |      2.114 
 abcijk-ekab-ijec |          2.241 |      2.113 |      1.931 
 abcijk-ekac-ijeb |          2.120 |      2.303 |      2.049 
 abcijk-ekbc-ijea |          2.240 |      2.278 |      2.256 
       abc-bk-akc |          2.108 |      2.183 |      1.801 
             MEAN |          2.059 |      1.999 |      1.946 

wrote bench-results/worker5086-zen2/phase4g/sm-s4-t32-f64c64.csv
