host        : worker5086
target      : x86_64 / linux
cpu features: avx2 fma 
caches      : L1=32KiB/8-way/1sh L2=512KiB/8-way/1sh L3=16384KiB/16-way/4sh (via sysfs), blocking=legacy
l3 domains  : t1=1 t4=1 t8=2
baselines   : tblis=false blas=false

sweeping 49 cases at 4 MiB nominal tensor size, 6 reps, stress=none


=== f64 ===
             case |     m |     n |    k | regA | regB | planar GF/s | 1m GF/s | 3m GF/s 
------------------+-------+-------+------+------+------+-------------+---------+---------
         ij-ik-kj |   744 |   724 |  744 | 1.00 | 1.00 |       152.3 |   152.3 |   152.3 
       ij-ikl-ljk |    96 |    80 | 7680 | 1.00 | 1.00 |        79.5 |    79.5 |    79.5 
       ij-kil-lkj |    96 |    80 | 9216 | 1.00 | 1.00 |        76.8 |    76.8 |    76.8 
       ijk-ikl-lj |  7680 |    80 |   96 | 1.00 | 1.00 |       109.0 |   109.0 |   109.0 
       ijk-il-jlk |    96 |  7680 |   80 | 1.00 | 1.00 |       100.8 |   100.8 |   100.8 
       ijk-ilk-jl |  7680 |    96 |   80 | 1.00 | 1.00 |       122.4 |   122.4 |   122.4 
       ijk-ilk-lj |  7680 |    80 |   96 | 1.00 | 1.00 |       116.9 |   116.9 |   116.9 
     ijk-ilmk-mjl |  1344 |    28 | 1344 | 1.00 | 1.00 |        79.0 |    79.0 |    79.0 
   ijkl-imjn-lnkm |  1344 |  1344 |  784 | 1.00 | 0.86 |       142.1 |   142.1 |   142.1 
   ijkl-imjn-nlmk |  1344 |   784 | 1344 | 1.00 | 0.86 |       145.6 |   145.6 |   145.6 
   ijkl-imkn-jnlm |  1344 |  1344 |  784 | 1.00 | 1.00 |       139.4 |   139.4 |   139.4 
   ijkl-imkn-njml |  1344 |   784 | 1344 | 1.00 | 0.86 |       146.6 |   146.6 |   146.6 
   ijkl-imln-jnkm |  1344 |  1344 |  784 | 1.00 | 1.00 |       138.8 |   138.8 |   138.8 
   ijkl-imln-njmk |  1344 |   784 | 1344 | 1.00 | 0.86 |       144.0 |   144.0 |   144.0 
   ijkl-imnj-nlkm |  1344 |   784 | 1344 | 1.00 | 0.86 |       147.1 |   147.1 |   147.1 
   ijkl-imnk-njml |  1344 |   784 | 1344 | 1.00 | 0.86 |       145.7 |   145.7 |   145.7 
   ijkl-minj-nlmk |  1344 |   784 | 2304 | 1.00 | 0.86 |       146.8 |   146.8 |   146.8 
   ijkl-mink-jnlm |  1344 |  1344 | 1344 | 1.00 | 1.00 |       140.7 |   140.7 |   140.7 
   ijkl-minl-njmk |  1344 |   784 | 2304 | 1.00 | 0.86 |       142.3 |   142.3 |   142.3 
     aqrs-pa-pqrs |    48 | 21952 |   48 | 1.00 | 1.00 |        51.0 |    51.0 |    51.0 
     abrs-qb-aqrs |    28 | 37632 |   48 | 1.00 | 1.00 |        51.5 |    51.5 |    51.5 
     abcs-rc-abrs |    28 | 37632 |   48 | 1.00 | 1.00 |        45.0 |    45.0 |    45.0 
       abj-bka-kj |  9216 |    80 |   96 | 1.00 | 1.00 |        90.6 |    90.6 |    90.6 
       ajb-kba-jk |  7680 |    96 |   96 | 1.00 | 1.00 |       121.1 |   121.1 |   121.1 
     abjc-cbka-kj | 64512 |    28 |   48 | 1.00 | 1.00 |        21.7 |    21.7 |    21.7 
     ajbc-ckba-jk | 64512 |    48 |   28 | 1.00 | 1.00 |        41.6 |    41.6 |    41.6 
     abjc-kbac-jk | 37632 |    48 |   48 | 1.00 | 1.00 |        72.4 |    72.4 |    72.4 
   abjcd-dkbac-jk | 82944 |    24 |   12 | 1.00 | 1.00 |        28.2 |    28.2 |    28.2 
   adbjc-cbdka-kj | 82944 |    12 |   24 | 1.00 | 1.00 |        10.5 |    10.5 |    10.5 
   ajbdc-ckbad-jk | 82944 |    24 |   12 | 1.00 | 1.00 |        22.5 |    22.5 |    22.5 
 abcijk-ijma-mkbc |  4608 |   512 |   24 | 1.00 | 0.94 |        70.5 |    70.5 |    70.5 
 abcijk-ijmb-mkac |  1536 |  1536 |   24 | 1.00 | 0.50 |        58.5 |    58.5 |    58.5 
 abcijk-ijmc-mkab |  1536 |  1536 |   24 | 1.00 | 0.50 |        72.8 |    72.8 |    72.8 
 abcijk-ikma-mjbc |  4608 |   512 |   24 | 1.00 | 0.94 |        65.3 |    65.3 |    65.3 
 abcijk-ikmb-mjac |  1536 |  1536 |   24 | 1.00 | 0.50 |        63.9 |    63.9 |    63.9 
 abcijk-ikmc-mjab |  1536 |  1536 |   24 | 1.00 | 0.50 |        73.7 |    73.7 |    73.7 
 abcijk-jkma-mibc |  4608 |   512 |   24 | 1.00 | 0.94 |        67.3 |    67.3 |    67.3 
 abcijk-jkmb-miac |  1536 |  1536 |   24 | 1.00 | 0.50 |        64.5 |    64.5 |    64.5 
 abcijk-jkmc-miab |  1536 |  1536 |   24 | 1.00 | 0.50 |        73.1 |    73.1 |    73.1 
 abcijk-eiab-jkec |  1536 |  1536 |   24 | 1.00 | 0.50 |        73.4 |    73.4 |    73.4 
 abcijk-eiac-jkeb |  1536 |  1536 |   24 | 1.00 | 0.50 |        64.5 |    64.5 |    64.5 
 abcijk-eibc-jkea |   512 |  4608 |   24 | 1.00 | 0.94 |        67.8 |    67.8 |    67.8 
 abcijk-ejab-ikec |  1536 |  1536 |   24 | 1.00 | 0.50 |        74.5 |    74.5 |    74.5 
 abcijk-ejac-ikeb |  1536 |  1536 |   24 | 1.00 | 0.50 |        63.8 |    63.8 |    63.8 
 abcijk-ejbc-ikea |   512 |  4608 |   24 | 1.00 | 0.94 |        65.9 |    65.9 |    65.9 
 abcijk-ekab-ijec |  1536 |  1536 |   24 | 1.00 | 0.50 |        70.2 |    70.2 |    70.2 
 abcijk-ekac-ijeb |  1536 |  1536 |   24 | 1.00 | 0.50 |        58.6 |    58.6 |    58.6 
 abcijk-ekbc-ijea |   512 |  4608 |   24 | 1.00 | 0.94 |        70.8 |    70.8 |    70.8 
       abc-bk-akc |    96 |  7680 |   80 | 1.00 | 1.00 |       126.1 |   126.1 |   126.1 

=== c64 ===
             case |     m |     n |    k | regA | regB | planar GF/s | 1m GF/s | 3m GF/s 
------------------+-------+-------+------+------+------+-------------+---------+---------
         ij-ik-kj |   744 |   724 |  744 | 1.00 | 1.00 |       163.3 |   167.1 |   157.5 
       ij-ikl-ljk |    96 |    80 | 7680 | 1.00 | 1.00 |       102.8 |    96.8 |    96.7 
       ij-kil-lkj |    96 |    80 | 9216 | 1.00 | 1.00 |       102.3 |    96.8 |   102.8 
       ijk-ikl-lj |  7680 |    80 |   96 | 1.00 | 1.00 |       124.0 |   119.8 |   110.4 
       ijk-il-jlk |    96 |  7680 |   80 | 1.00 | 0.96 |       112.0 |   111.7 |   104.6 
       ijk-ilk-jl |  7680 |    96 |   80 | 1.00 | 1.00 |       119.3 |   122.3 |   108.1 
       ijk-ilk-lj |  7680 |    80 |   96 | 1.00 | 1.00 |       123.4 |   120.9 |   111.3 
     ijk-ilmk-mjl |  1344 |    28 | 1344 | 1.00 | 1.00 |        97.4 |    99.9 |    83.2 
   ijkl-imjn-lnkm |  1344 |  1344 |  784 | 1.00 | 0.86 |       160.5 |   167.0 |   154.6 
   ijkl-imjn-nlmk |  1344 |   784 | 1344 | 1.00 | 0.86 |       156.8 |   162.6 |   155.7 
   ijkl-imkn-jnlm |  1344 |  1344 |  784 | 1.00 | 0.92 |       156.5 |   161.5 |   149.8 
   ijkl-imkn-njml |  1344 |   784 | 1344 | 1.00 | 0.86 |       155.3 |   159.8 |   154.1 
   ijkl-imln-jnkm |  1344 |  1344 |  784 | 1.00 | 0.92 |       156.2 |   162.2 |   150.2 
   ijkl-imln-njmk |  1344 |   784 | 1344 | 1.00 | 0.86 |       155.5 |   160.1 |   153.1 
   ijkl-imnj-nlkm |  1344 |   784 | 1344 | 1.00 | 0.86 |       160.3 |   164.5 |   159.5 
   ijkl-imnk-njml |  1344 |   784 | 1344 | 1.00 | 0.86 |       158.4 |   161.3 |   156.6 
   ijkl-minj-nlmk |  1344 |   784 | 2304 | 1.00 | 0.86 |       159.2 |   162.9 |   164.2 
   ijkl-mink-jnlm |  1344 |  1344 | 1344 | 1.00 | 0.92 |       160.9 |   164.6 |   156.0 
   ijkl-minl-njmk |  1344 |   784 | 2304 | 1.00 | 0.86 |       157.8 |   160.5 |   159.0 
     aqrs-pa-pqrs |    48 | 21952 |   48 | 1.00 | 1.00 |        84.0 |    90.4 |    75.6 
     abrs-qb-aqrs |    28 | 37632 |   48 | 1.00 | 1.00 |        77.8 |    79.2 |    72.1 
     abcs-rc-abrs |    28 | 37632 |   48 | 1.00 | 1.00 |        79.2 |    72.1 |    67.9 
       abj-bka-kj |  9216 |    80 |   96 | 1.00 | 1.00 |       119.5 |   116.7 |   114.1 
       ajb-kba-jk |  7680 |    96 |   96 | 1.00 | 1.00 |       134.9 |   143.4 |   130.3 
     abjc-cbka-kj | 64512 |    28 |   48 | 1.00 | 1.00 |        49.1 |    42.0 |    46.4 
     ajbc-ckba-jk | 64512 |    48 |   28 | 1.00 | 1.00 |        62.9 |    60.7 |    58.8 
     abjc-kbac-jk | 37632 |    48 |   48 | 1.00 | 1.00 |       110.7 |   119.5 |   104.3 
   abjcd-dkbac-jk | 82944 |    24 |   12 | 1.00 | 1.00 |        32.9 |    30.7 |    29.0 
   adbjc-cbdka-kj | 82944 |    12 |   24 | 1.00 | 1.00 |        21.0 |    18.3 |    20.1 
   ajbdc-ckbad-jk | 82944 |    24 |   12 | 1.00 | 1.00 |        28.5 |    27.5 |    26.0 
 abcijk-ijma-mkbc |  4608 |   512 |   24 | 1.00 | 0.94 |        95.8 |   105.3 |    83.9 
 abcijk-ijmb-mkac |  1536 |  1536 |   24 | 1.00 | 0.50 |        94.6 |   104.7 |    78.0 
 abcijk-ijmc-mkab |  1536 |  1536 |   24 | 1.00 | 0.50 |       106.3 |   113.9 |    90.2 
 abcijk-ikma-mjbc |  4608 |   512 |   24 | 1.00 | 0.94 |        96.4 |   105.5 |    84.0 
 abcijk-ikmb-mjac |  1536 |  1536 |   24 | 1.00 | 0.50 |        95.0 |   105.4 |    78.7 
 abcijk-ikmc-mjab |  1536 |  1536 |   24 | 1.00 | 0.50 |       106.1 |   114.3 |    90.1 
 abcijk-jkma-mibc |  4608 |   512 |   24 | 1.00 | 0.94 |        96.1 |   104.5 |    84.2 
 abcijk-jkmb-miac |  1536 |  1536 |   24 | 1.00 | 0.50 |        95.4 |   106.6 |    78.6 
 abcijk-jkmc-miab |  1536 |  1536 |   24 | 1.00 | 0.50 |       105.9 |   113.5 |    89.8 
 abcijk-eiab-jkec |  1536 |  1536 |   24 | 1.00 | 0.50 |       105.2 |   113.5 |    89.7 
 abcijk-eiac-jkeb |  1536 |  1536 |   24 | 1.00 | 0.50 |        95.4 |   105.5 |    79.3 
 abcijk-eibc-jkea |   512 |  4608 |   24 | 1.00 | 0.94 |        95.9 |   104.7 |    84.5 
 abcijk-ejab-ikec |  1536 |  1536 |   24 | 1.00 | 0.50 |       105.8 |   114.1 |    89.7 
 abcijk-ejac-ikeb |  1536 |  1536 |   24 | 1.00 | 0.50 |        95.0 |   105.3 |    78.8 
 abcijk-ejbc-ikea |   512 |  4608 |   24 | 1.00 | 0.94 |        96.1 |   105.2 |    84.0 
 abcijk-ekab-ijec |  1536 |  1536 |   24 | 1.00 | 0.50 |       106.0 |   114.4 |    89.7 
 abcijk-ekac-ijeb |  1536 |  1536 |   24 | 1.00 | 0.50 |        94.4 |   104.6 |    78.4 
 abcijk-ekbc-ijea |   512 |  4608 |   24 | 1.00 | 0.94 |        95.9 |   104.9 |    84.2 
       abc-bk-akc |    96 |  7680 |   80 | 1.00 | 1.00 |       128.0 |   125.0 |   110.7 

=== complex efficiency ratio (c64 GF/s over f64 GF/s; 1.0 = no penalty) ===
             case | planar c64/f64 | 1m c64/f64 | 3m c64/f64 
------------------+----------------+------------+------------
         ij-ik-kj |          1.072 |      1.097 |      1.034 
       ij-ikl-ljk |          1.294 |      1.218 |      1.217 
       ij-kil-lkj |          1.333 |      1.261 |      1.339 
       ijk-ikl-lj |          1.138 |      1.099 |      1.013 
       ijk-il-jlk |          1.110 |      1.108 |      1.038 
       ijk-ilk-jl |          0.975 |      1.000 |      0.883 
       ijk-ilk-lj |          1.056 |      1.035 |      0.952 
     ijk-ilmk-mjl |          1.232 |      1.265 |      1.053 
   ijkl-imjn-lnkm |          1.130 |      1.175 |      1.088 
   ijkl-imjn-nlmk |          1.077 |      1.117 |      1.070 
   ijkl-imkn-jnlm |          1.123 |      1.159 |      1.075 
   ijkl-imkn-njml |          1.060 |      1.090 |      1.052 
   ijkl-imln-jnkm |          1.125 |      1.168 |      1.082 
   ijkl-imln-njmk |          1.080 |      1.112 |      1.063 
   ijkl-imnj-nlkm |          1.090 |      1.118 |      1.084 
   ijkl-imnk-njml |          1.088 |      1.107 |      1.075 
   ijkl-minj-nlmk |          1.085 |      1.110 |      1.119 
   ijkl-mink-jnlm |          1.143 |      1.170 |      1.109 
   ijkl-minl-njmk |          1.108 |      1.128 |      1.117 
     aqrs-pa-pqrs |          1.646 |      1.771 |      1.482 
     abrs-qb-aqrs |          1.509 |      1.536 |      1.399 
     abcs-rc-abrs |          1.761 |      1.603 |      1.510 
       abj-bka-kj |          1.319 |      1.288 |      1.260 
       ajb-kba-jk |          1.113 |      1.183 |      1.075 
     abjc-cbka-kj |          2.267 |      1.939 |      2.141 
     ajbc-ckba-jk |          1.510 |      1.459 |      1.411 
     abjc-kbac-jk |          1.530 |      1.651 |      1.441 
   abjcd-dkbac-jk |          1.167 |      1.089 |      1.028 
   adbjc-cbdka-kj |          1.996 |      1.736 |      1.906 
   ajbdc-ckbad-jk |          1.267 |      1.223 |      1.154 
 abcijk-ijma-mkbc |          1.360 |      1.494 |      1.191 
 abcijk-ijmb-mkac |          1.618 |      1.792 |      1.334 
 abcijk-ijmc-mkab |          1.460 |      1.564 |      1.238 
 abcijk-ikma-mjbc |          1.477 |      1.616 |      1.287 
 abcijk-ikmb-mjac |          1.487 |      1.649 |      1.232 
 abcijk-ikmc-mjab |          1.441 |      1.551 |      1.223 
 abcijk-jkma-mibc |          1.429 |      1.553 |      1.251 
 abcijk-jkmb-miac |          1.478 |      1.652 |      1.218 
 abcijk-jkmc-miab |          1.449 |      1.553 |      1.229 
 abcijk-eiab-jkec |          1.433 |      1.546 |      1.222 
 abcijk-eiac-jkeb |          1.480 |      1.636 |      1.230 
 abcijk-eibc-jkea |          1.413 |      1.542 |      1.245 
 abcijk-ejab-ikec |          1.419 |      1.531 |      1.204 
 abcijk-ejac-ikeb |          1.488 |      1.650 |      1.235 
 abcijk-ejbc-ikea |          1.457 |      1.595 |      1.275 
 abcijk-ekab-ijec |          1.510 |      1.629 |      1.277 
 abcijk-ekac-ijeb |          1.611 |      1.785 |      1.338 
 abcijk-ekbc-ijea |          1.355 |      1.482 |      1.190 
       abc-bk-akc |          1.014 |      0.991 |      0.878 
             MEAN |          1.342 |      1.384 |      1.216 

wrote bench-results/worker5086-zen2/phase4g/sm-s4-t4-f64c64.csv
