host        : worker5086
target      : x86_64 / linux
cpu features: avx2 fma 
caches      : L1=32KiB/8-way/1sh L2=512KiB/8-way/1sh L3=16384KiB/16-way/4sh (via sysfs), blocking=legacy
l3 domains  : t1=1 t4=1 t8=2 t16=4 t32=8 t64=16 t128=32
baselines   : tblis=false blas=false

sweeping 49 cases at 0.25 MiB nominal tensor size, 96 reps, stress=none


=== f32 ===
             case |     m |    n |    k | regA | regB | planar GF/s | 1m GF/s | 3m GF/s 
------------------+-------+------+------+------+------+-------------+---------+---------
         ij-ik-kj |   192 |  180 |  192 | 1.00 | 1.00 |         5.4 |     5.4 |     5.4 
       ij-ikl-ljk |    48 |   32 | 1536 | 1.00 | 1.00 |         9.5 |     9.5 |     9.5 
       ij-kil-lkj |    48 |   32 | 2304 | 1.00 | 1.00 |        13.0 |    13.0 |    13.0 
       ijk-ikl-lj |  1536 |   32 |   48 | 1.00 | 1.00 |         1.6 |     1.6 |     1.6 
       ijk-il-jlk |    48 | 1536 |   32 | 1.00 | 1.00 |         2.3 |     2.3 |     2.3 
       ijk-ilk-jl |  1536 |   48 |   32 | 1.00 | 1.00 |         1.5 |     1.5 |     1.5 
       ijk-ilk-lj |  1536 |   32 |   48 | 1.00 | 1.00 |         1.8 |     1.8 |     1.8 
     ijk-ilmk-mjl |   288 |   12 |  288 | 0.67 | 1.00 |         1.9 |     1.9 |     1.9 
   ijkl-imjn-lnkm |   288 |  288 |  144 | 0.67 | 1.00 |         9.9 |     9.9 |     9.9 
   ijkl-imjn-nlmk |   288 |  144 |  288 | 0.67 | 1.00 |        12.9 |    12.9 |    12.9 
   ijkl-imkn-jnlm |   288 |  288 |  144 | 0.67 | 1.00 |         9.2 |     9.2 |     9.2 
   ijkl-imkn-njml |   288 |  144 |  288 | 0.67 | 1.00 |        13.9 |    13.9 |    13.9 
   ijkl-imln-jnkm |   288 |  288 |  144 | 0.67 | 1.00 |         9.7 |     9.7 |     9.7 
   ijkl-imln-njmk |   288 |  144 |  288 | 0.67 | 1.00 |        13.9 |    13.9 |    13.9 
   ijkl-imnj-nlkm |   288 |  144 |  288 | 0.67 | 1.00 |        13.8 |    13.8 |    13.8 
   ijkl-imnk-njml |   288 |  144 |  288 | 0.67 | 1.00 |        13.7 |    13.7 |    13.7 
   ijkl-minj-nlmk |   288 |  144 |  576 | 0.67 | 1.00 |        22.6 |    22.6 |    22.6 
   ijkl-mink-jnlm |   288 |  288 |  288 | 0.67 | 1.00 |        19.7 |    19.7 |    19.7 
   ijkl-minl-njmk |   288 |  144 |  576 | 0.67 | 1.00 |        25.8 |    25.8 |    25.8 
     aqrs-pa-pqrs |    24 | 1728 |   24 | 1.00 | 1.00 |         1.0 |     1.0 |     1.0 
     abrs-qb-aqrs |    12 | 3456 |   24 | 1.00 | 1.00 |         0.7 |     0.7 |     0.7 
     abcs-rc-abrs |    12 | 3456 |   24 | 1.00 | 1.00 |         0.7 |     0.7 |     0.7 
       abj-bka-kj |  2304 |   32 |   48 | 1.00 | 1.00 |         2.2 |     2.2 |     2.2 
       ajb-kba-jk |  1536 |   48 |   48 | 1.00 | 1.00 |         2.4 |     2.4 |     2.4 
     abjc-cbka-kj |  6912 |   12 |   24 | 0.67 | 1.00 |         1.2 |     1.2 |     1.2 
     ajbc-ckba-jk |  6912 |   24 |   12 | 1.00 | 1.00 |         1.7 |     1.7 |     1.7 
     abjc-kbac-jk |  3456 |   24 |   24 | 0.67 | 1.00 |         1.4 |     1.4 |     1.4 
   abjcd-dkbac-jk | 36864 |   24 |    8 | 0.67 | 1.00 |         4.5 |     4.5 |     4.5 
   adbjc-cbdka-kj | 36864 |    8 |   24 | 0.67 | 1.00 |         4.5 |     4.5 |     4.5 
   ajbdc-ckbad-jk | 36864 |   24 |    8 | 1.00 | 1.00 |         4.5 |     4.5 |     4.5 
 abcijk-ijma-mkbc |  2304 |   64 |   24 | 1.00 | 1.00 |         3.0 |     3.0 |     3.0 
 abcijk-ijmb-mkac |   384 |  384 |   24 | 1.00 | 1.00 |         2.7 |     2.7 |     2.7 
 abcijk-ijmc-mkab |   384 |  384 |   24 | 1.00 | 0.00 |         2.6 |     2.6 |     2.6 
 abcijk-ikma-mjbc |  2304 |   64 |   24 | 1.00 | 1.00 |         2.4 |     2.4 |     2.4 
 abcijk-ikmb-mjac |   384 |  384 |   24 | 1.00 | 1.00 |         2.7 |     2.7 |     2.7 
 abcijk-ikmc-mjab |   384 |  384 |   24 | 1.00 | 0.00 |         2.8 |     2.8 |     2.8 
 abcijk-jkma-mibc |  2304 |   64 |   24 | 1.00 | 1.00 |         2.4 |     2.4 |     2.4 
 abcijk-jkmb-miac |   384 |  384 |   24 | 1.00 | 1.00 |         3.1 |     3.1 |     3.1 
 abcijk-jkmc-miab |   384 |  384 |   24 | 1.00 | 0.00 |         2.8 |     2.8 |     2.8 
 abcijk-eiab-jkec |   384 |  384 |   24 | 1.00 | 0.00 |         2.8 |     2.8 |     2.8 
 abcijk-eiac-jkeb |   384 |  384 |   24 | 1.00 | 1.00 |         2.9 |     2.9 |     2.9 
 abcijk-eibc-jkea |    64 | 2304 |   24 | 1.00 | 1.00 |         2.3 |     2.3 |     2.3 
 abcijk-ejab-ikec |   384 |  384 |   24 | 1.00 | 0.00 |         3.0 |     3.0 |     3.0 
 abcijk-ejac-ikeb |   384 |  384 |   24 | 1.00 | 1.00 |         2.6 |     2.6 |     2.6 
 abcijk-ejbc-ikea |    64 | 2304 |   24 | 1.00 | 1.00 |         2.6 |     2.6 |     2.6 
 abcijk-ekab-ijec |   384 |  384 |   24 | 1.00 | 0.00 |         2.6 |     2.6 |     2.6 
 abcijk-ekac-ijeb |   384 |  384 |   24 | 1.00 | 1.00 |         3.4 |     3.4 |     3.4 
 abcijk-ekbc-ijea |    64 | 2304 |   24 | 1.00 | 1.00 |         2.4 |     2.4 |     2.4 
       abc-bk-akc |    48 | 1536 |   32 | 1.00 | 1.00 |         1.5 |     1.5 |     1.5 

=== c32 ===
             case |     m |    n |    k | regA | regB | planar GF/s | 1m GF/s | 3m GF/s 
------------------+-------+------+------+------+------+-------------+---------+---------
         ij-ik-kj |   192 |  180 |  192 | 1.00 | 1.00 |        20.9 |    24.8 |    23.1 
       ij-ikl-ljk |    48 |   32 | 1536 | 1.00 | 1.00 |        12.9 |    15.6 |     9.7 
       ij-kil-lkj |    48 |   32 | 2304 | 1.00 | 1.00 |        19.0 |    22.7 |    16.1 
       ijk-ikl-lj |  1536 |   32 |   48 | 1.00 | 1.00 |         6.2 |     5.8 |     7.4 
       ijk-il-jlk |    48 | 1536 |   32 | 1.00 | 0.92 |         8.8 |     7.8 |     8.1 
       ijk-ilk-jl |  1536 |   48 |   32 | 1.00 | 1.00 |         5.8 |     6.3 |     5.9 
       ijk-ilk-lj |  1536 |   32 |   48 | 1.00 | 1.00 |         5.8 |     6.0 |     6.3 
     ijk-ilmk-mjl |   288 |   12 |  288 | 1.00 | 1.00 |         6.8 |     7.3 |     7.3 
   ijkl-imjn-lnkm |   288 |  288 |  144 | 1.00 | 0.67 |        39.2 |    40.7 |    40.5 
   ijkl-imjn-nlmk |   288 |  144 |  288 | 1.00 | 0.69 |        45.3 |    39.0 |    45.8 
   ijkl-imkn-jnlm |   288 |  288 |  144 | 1.00 | 0.84 |        37.2 |    41.8 |    49.0 
   ijkl-imkn-njml |   288 |  144 |  288 | 1.00 | 0.69 |        36.9 |    45.2 |    42.6 
   ijkl-imln-jnkm |   288 |  288 |  144 | 1.00 | 0.84 |        36.8 |    39.8 |    39.3 
   ijkl-imln-njmk |   288 |  144 |  288 | 1.00 | 0.69 |        33.9 |    40.3 |    44.9 
   ijkl-imnj-nlkm |   288 |  144 |  288 | 1.00 | 0.69 |        47.4 |    35.2 |    44.9 
   ijkl-imnk-njml |   288 |  144 |  288 | 1.00 | 0.69 |        37.9 |    40.3 |    43.4 
   ijkl-minj-nlmk |   288 |  144 |  576 | 1.00 | 0.69 |        85.9 |    67.1 |    59.5 
   ijkl-mink-jnlm |   288 |  288 |  288 | 1.00 | 0.84 |        88.8 |    64.9 |    84.7 
   ijkl-minl-njmk |   288 |  144 |  576 | 1.00 | 0.69 |        66.2 |    57.0 |    62.0 
     aqrs-pa-pqrs |    24 | 1728 |   24 | 1.00 | 1.00 |         3.8 |     3.7 |     3.6 
     abrs-qb-aqrs |    12 | 3456 |   24 | 1.00 | 1.00 |         2.7 |     3.7 |     2.7 
     abcs-rc-abrs |    12 | 3456 |   24 | 1.00 | 1.00 |         3.6 |     2.6 |     3.1 
       abj-bka-kj |  2304 |   32 |   48 | 1.00 | 1.00 |         8.5 |    11.8 |     9.5 
       ajb-kba-jk |  1536 |   48 |   48 | 1.00 | 1.00 |        11.3 |    10.2 |    10.6 
     abjc-cbka-kj |  6912 |   12 |   24 | 1.00 | 1.00 |         6.4 |     5.2 |     6.0 
     ajbc-ckba-jk |  6912 |   24 |   12 | 1.00 | 1.00 |         5.1 |     5.0 |     5.6 
     abjc-kbac-jk |  3456 |   24 |   24 | 1.00 | 1.00 |         5.8 |     5.3 |     6.9 
   abjcd-dkbac-jk | 36864 |   24 |    8 | 1.00 | 1.00 |        16.7 |    17.0 |    17.1 
   adbjc-cbdka-kj | 36864 |    8 |   24 | 1.00 | 1.00 |        16.4 |    15.4 |    15.7 
   ajbdc-ckbad-jk | 36864 |   24 |    8 | 1.00 | 1.00 |        18.5 |    18.0 |    17.6 
 abcijk-ijma-mkbc |  2304 |   64 |   24 | 1.00 | 0.77 |         8.8 |     9.7 |     9.9 
 abcijk-ijmb-mkac |   384 |  384 |   24 | 1.00 | 0.01 |        12.9 |    10.8 |    10.3 
 abcijk-ijmc-mkab |   384 |  384 |   24 | 1.00 | 0.01 |        12.4 |    10.6 |    12.0 
 abcijk-ikma-mjbc |  2304 |   64 |   24 | 1.00 | 0.77 |         9.6 |     8.9 |     8.9 
 abcijk-ikmb-mjac |   384 |  384 |   24 | 1.00 | 0.01 |         9.8 |     9.8 |    14.1 
 abcijk-ikmc-mjab |   384 |  384 |   24 | 1.00 | 0.01 |        13.3 |    11.7 |    13.5 
 abcijk-jkma-mibc |  2304 |   64 |   24 | 1.00 | 0.77 |        10.2 |     9.8 |    11.2 
 abcijk-jkmb-miac |   384 |  384 |   24 | 1.00 | 0.01 |        15.0 |    10.6 |    11.6 
 abcijk-jkmc-miab |   384 |  384 |   24 | 1.00 | 0.01 |        12.5 |    13.5 |    12.7 
 abcijk-eiab-jkec |   384 |  384 |   24 | 1.00 | 0.01 |        10.5 |    14.3 |     9.7 
 abcijk-eiac-jkeb |   384 |  384 |   24 | 1.00 | 0.01 |         9.4 |    11.2 |    11.1 
 abcijk-eibc-jkea |    64 | 2304 |   24 | 1.00 | 0.77 |        11.1 |     8.8 |    10.9 
 abcijk-ejab-ikec |   384 |  384 |   24 | 1.00 | 0.01 |        11.9 |    12.0 |    10.9 
 abcijk-ejac-ikeb |   384 |  384 |   24 | 1.00 | 0.01 |        14.8 |    11.6 |    12.8 
 abcijk-ejbc-ikea |    64 | 2304 |   24 | 1.00 | 0.77 |         9.3 |    10.3 |     9.7 
 abcijk-ekab-ijec |   384 |  384 |   24 | 1.00 | 0.01 |        11.4 |    12.6 |    10.0 
 abcijk-ekac-ijeb |   384 |  384 |   24 | 1.00 | 0.01 |        11.9 |    10.7 |    12.3 
 abcijk-ekbc-ijea |    64 | 2304 |   24 | 1.00 | 0.77 |         9.4 |    10.1 |     9.7 
       abc-bk-akc |    48 | 1536 |   32 | 1.00 | 1.00 |         6.3 |     5.8 |     5.8 

=== complex efficiency ratio (c32 GF/s over f32 GF/s; 1.0 = no penalty) ===
             case | planar c32/f32 | 1m c32/f32 | 3m c32/f32 
------------------+----------------+------------+------------
         ij-ik-kj |          3.872 |      4.614 |      4.284 
       ij-ikl-ljk |          1.366 |      1.648 |      1.022 
       ij-kil-lkj |          1.461 |      1.744 |      1.238 
       ijk-ikl-lj |          3.843 |      3.630 |      4.568 
       ijk-il-jlk |          3.870 |      3.450 |      3.580 
       ijk-ilk-jl |          3.757 |      4.075 |      3.855 
       ijk-ilk-lj |          3.166 |      3.277 |      3.474 
     ijk-ilmk-mjl |          3.588 |      3.842 |      3.824 
   ijkl-imjn-lnkm |          3.952 |      4.098 |      4.086 
   ijkl-imjn-nlmk |          3.501 |      3.018 |      3.543 
   ijkl-imkn-jnlm |          4.044 |      4.547 |      5.333 
   ijkl-imkn-njml |          2.658 |      3.256 |      3.068 
   ijkl-imln-jnkm |          3.784 |      4.093 |      4.044 
   ijkl-imln-njmk |          2.440 |      2.900 |      3.235 
   ijkl-imnj-nlkm |          3.442 |      2.554 |      3.257 
   ijkl-imnk-njml |          2.760 |      2.934 |      3.160 
   ijkl-minj-nlmk |          3.800 |      2.970 |      2.633 
   ijkl-mink-jnlm |          4.505 |      3.292 |      4.298 
   ijkl-minl-njmk |          2.563 |      2.209 |      2.402 
     aqrs-pa-pqrs |          3.801 |      3.707 |      3.669 
     abrs-qb-aqrs |          3.961 |      5.446 |      4.041 
     abcs-rc-abrs |          5.020 |      3.619 |      4.392 
       abj-bka-kj |          3.922 |      5.457 |      4.412 
       ajb-kba-jk |          4.721 |      4.258 |      4.409 
     abjc-cbka-kj |          5.264 |      4.339 |      4.992 
     ajbc-ckba-jk |          3.046 |      2.966 |      3.313 
     abjc-kbac-jk |          4.083 |      3.696 |      4.864 
   abjcd-dkbac-jk |          3.734 |      3.811 |      3.823 
   adbjc-cbdka-kj |          3.609 |      3.392 |      3.446 
   ajbdc-ckbad-jk |          4.106 |      3.985 |      3.909 
 abcijk-ijma-mkbc |          2.963 |      3.240 |      3.307 
 abcijk-ijmb-mkac |          4.712 |      3.964 |      3.793 
 abcijk-ijmc-mkab |          4.749 |      4.075 |      4.585 
 abcijk-ikma-mjbc |          4.077 |      3.781 |      3.781 
 abcijk-ikmb-mjac |          3.571 |      3.561 |      5.126 
 abcijk-ikmc-mjab |          4.754 |      4.177 |      4.825 
 abcijk-jkma-mibc |          4.190 |      4.006 |      4.609 
 abcijk-jkmb-miac |          4.819 |      3.386 |      3.722 
 abcijk-jkmc-miab |          4.439 |      4.804 |      4.495 
 abcijk-eiab-jkec |          3.772 |      5.120 |      3.489 
 abcijk-eiac-jkeb |          3.294 |      3.914 |      3.876 
 abcijk-eibc-jkea |          4.776 |      3.797 |      4.697 
 abcijk-ejab-ikec |          3.929 |      3.956 |      3.604 
 abcijk-ejac-ikeb |          5.771 |      4.554 |      5.000 
 abcijk-ejbc-ikea |          3.548 |      3.925 |      3.665 
 abcijk-ekab-ijec |          4.346 |      4.826 |      3.840 
 abcijk-ekac-ijeb |          3.511 |      3.136 |      3.631 
 abcijk-ekbc-ijea |          3.844 |      4.138 |      3.954 
       abc-bk-akc |          4.076 |      3.767 |      3.794 
             MEAN |          3.812 |      3.734 |      3.836 

wrote bench-results/worker5086-zen2/phase4g/sm-s0.25-t64-f32c32.csv
