host        : worker5086
target      : x86_64 / linux
cpu features: avx2 fma 
caches      : L1=32KiB/8-way/1sh L2=512KiB/8-way/1sh L3=16384KiB/16-way/4sh (via sysfs), blocking=legacy
l3 domains  : t1=1 t4=1 t8=2 t16=4
baselines   : tblis=false blas=false

sweeping 49 cases at 1 MiB nominal tensor size, 24 reps, stress=none


=== f64 ===
             case |     m |    n |    k | regA | regB | planar GF/s | 1m GF/s | 3m GF/s 
------------------+-------+------+------+------+------+-------------+---------+---------
         ij-ik-kj |   384 |  364 |  384 | 1.00 | 1.00 |       123.2 |   123.2 |   123.2 
       ij-ikl-ljk |    72 |   52 | 3744 | 1.00 | 1.00 |        33.5 |    33.5 |    33.5 
       ij-kil-lkj |    72 |   52 | 5184 | 1.00 | 1.00 |        40.5 |    40.5 |    40.5 
       ijk-ikl-lj |  3744 |   52 |   72 | 1.00 | 1.00 |        86.7 |    86.7 |    86.7 
       ijk-il-jlk |    72 | 3744 |   52 | 1.00 | 1.00 |       107.8 |   107.8 |   107.8 
       ijk-ilk-jl |  3744 |   72 |   52 | 1.00 | 1.00 |        66.3 |    66.3 |    66.3 
       ijk-ilk-lj |  3744 |   52 |   72 | 1.00 | 1.00 |        88.0 |    88.0 |    88.0 
     ijk-ilmk-mjl |   480 |   20 |  480 | 1.00 | 1.00 |        33.5 |    33.5 |    33.5 
   ijkl-imjn-lnkm |   480 |  480 |  400 | 1.00 | 0.80 |       153.8 |   153.8 |   153.8 
   ijkl-imjn-nlmk |   480 |  400 |  480 | 1.00 | 0.81 |       156.5 |   156.5 |   156.5 
   ijkl-imkn-jnlm |   480 |  480 |  400 | 1.00 | 1.00 |       178.7 |   178.7 |   178.7 
   ijkl-imkn-njml |   480 |  400 |  480 | 1.00 | 0.81 |       176.0 |   176.0 |   176.0 
   ijkl-imln-jnkm |   480 |  480 |  400 | 1.00 | 1.00 |       182.0 |   182.0 |   182.0 
   ijkl-imln-njmk |   480 |  400 |  480 | 1.00 | 0.81 |       172.2 |   172.2 |   172.2 
   ijkl-imnj-nlkm |   480 |  400 |  480 | 1.00 | 0.81 |       150.1 |   150.1 |   150.1 
   ijkl-imnk-njml |   480 |  400 |  480 | 1.00 | 0.81 |       180.3 |   180.3 |   180.3 
   ijkl-minj-nlmk |   480 |  400 |  576 | 1.00 | 0.81 |       142.6 |   142.6 |   142.6 
   ijkl-mink-jnlm |   480 |  480 |  480 | 1.00 | 1.00 |       200.7 |   200.7 |   200.7 
   ijkl-minl-njmk |   480 |  400 |  576 | 1.00 | 0.81 |       173.4 |   173.4 |   173.4 
     aqrs-pa-pqrs |    24 | 8000 |   24 | 1.00 | 1.00 |        41.2 |    41.2 |    41.2 
     abrs-qb-aqrs |    20 | 9600 |   24 | 1.00 | 1.00 |        28.9 |    28.9 |    28.9 
     abcs-rc-abrs |    20 | 9600 |   24 | 1.00 | 1.00 |        32.5 |    32.5 |    32.5 
       abj-bka-kj |  5184 |   52 |   72 | 1.00 | 1.00 |        78.3 |    78.3 |    78.3 
       ajb-kba-jk |  3744 |   72 |   72 | 1.00 | 1.00 |        94.2 |    94.2 |    94.2 
     abjc-cbka-kj | 11520 |   20 |   24 | 1.00 | 1.00 |        30.0 |    30.0 |    30.0 
     ajbc-ckba-jk | 11520 |   24 |   20 | 1.00 | 1.00 |        32.7 |    32.7 |    32.7 
     abjc-kbac-jk |  9600 |   24 |   24 | 1.00 | 1.00 |        36.8 |    36.8 |    36.8 
   abjcd-dkbac-jk | 82944 |   24 |   12 | 1.00 | 1.00 |        38.4 |    38.4 |    38.4 
   adbjc-cbdka-kj | 82944 |   12 |   24 | 1.00 | 1.00 |        17.3 |    17.3 |    17.3 
   ajbdc-ckbad-jk | 82944 |   24 |   12 | 1.00 | 1.00 |        32.0 |    32.0 |    32.0 
 abcijk-ijma-mkbc |  4608 |  512 |   24 | 1.00 | 0.94 |       126.7 |   126.7 |   126.7 
 abcijk-ijmb-mkac |  1536 | 1536 |   24 | 1.00 | 0.50 |       156.6 |   156.6 |   156.6 
 abcijk-ijmc-mkab |  1536 | 1536 |   24 | 1.00 | 0.50 |       155.1 |   155.1 |   155.1 
 abcijk-ikma-mjbc |  4608 |  512 |   24 | 1.00 | 0.94 |       124.3 |   124.3 |   124.3 
 abcijk-ikmb-mjac |  1536 | 1536 |   24 | 1.00 | 0.50 |       161.8 |   161.8 |   161.8 
 abcijk-ikmc-mjab |  1536 | 1536 |   24 | 1.00 | 0.50 |       156.8 |   156.8 |   156.8 
 abcijk-jkma-mibc |  4608 |  512 |   24 | 1.00 | 0.94 |       118.8 |   118.8 |   118.8 
 abcijk-jkmb-miac |  1536 | 1536 |   24 | 1.00 | 0.50 |       158.6 |   158.6 |   158.6 
 abcijk-jkmc-miab |  1536 | 1536 |   24 | 1.00 | 0.50 |       157.8 |   157.8 |   157.8 
 abcijk-eiab-jkec |  1536 | 1536 |   24 | 1.00 | 0.50 |       159.7 |   159.7 |   159.7 
 abcijk-eiac-jkeb |  1536 | 1536 |   24 | 1.00 | 0.50 |       157.5 |   157.5 |   157.5 
 abcijk-eibc-jkea |   512 | 4608 |   24 | 1.00 | 0.94 |       120.7 |   120.7 |   120.7 
 abcijk-ejab-ikec |  1536 | 1536 |   24 | 1.00 | 0.50 |       163.8 |   163.8 |   163.8 
 abcijk-ejac-ikeb |  1536 | 1536 |   24 | 1.00 | 0.50 |       156.6 |   156.6 |   156.6 
 abcijk-ejbc-ikea |   512 | 4608 |   24 | 1.00 | 0.94 |       124.4 |   124.4 |   124.4 
 abcijk-ekab-ijec |  1536 | 1536 |   24 | 1.00 | 0.50 |       157.0 |   157.0 |   157.0 
 abcijk-ekac-ijeb |  1536 | 1536 |   24 | 1.00 | 0.50 |       158.0 |   158.0 |   158.0 
 abcijk-ekbc-ijea |   512 | 4608 |   24 | 1.00 | 0.94 |       124.9 |   124.9 |   124.9 
       abc-bk-akc |    72 | 3744 |   52 | 1.00 | 1.00 |        66.5 |    66.5 |    66.5 

=== c64 ===
             case |     m |    n |    k | regA | regB | planar GF/s | 1m GF/s | 3m GF/s 
------------------+-------+------+------+------+------+-------------+---------+---------
         ij-ik-kj |   384 |  364 |  384 | 1.00 | 1.00 |       221.8 |   145.3 |   183.9 
       ij-ikl-ljk |    72 |   52 | 3744 | 1.00 | 1.00 |        85.6 |    80.7 |    76.5 
       ij-kil-lkj |    72 |   52 | 5184 | 1.00 | 1.00 |        93.1 |    85.5 |    88.0 
       ijk-ikl-lj |  3744 |   52 |   72 | 1.00 | 1.00 |       162.6 |   157.9 |   164.7 
       ijk-il-jlk |    72 | 3744 |   52 | 1.00 | 0.95 |       194.1 |   204.2 |   178.2 
       ijk-ilk-jl |  3744 |   72 |   52 | 1.00 | 1.00 |       141.7 |   114.6 |   114.3 
       ijk-ilk-lj |  3744 |   52 |   72 | 1.00 | 1.00 |       169.5 |   151.8 |   153.5 
     ijk-ilmk-mjl |   480 |   20 |  480 | 1.00 | 1.00 |        75.3 |    60.9 |    75.2 
   ijkl-imjn-lnkm |   480 |  480 |  400 | 1.00 | 1.00 |       257.9 |   236.6 |   232.2 
   ijkl-imjn-nlmk |   480 |  400 |  480 | 1.00 | 1.00 |       240.2 |   261.6 |   255.0 
   ijkl-imkn-jnlm |   480 |  480 |  400 | 1.00 | 0.83 |       266.8 |   253.3 |   240.2 
   ijkl-imkn-njml |   480 |  400 |  480 | 1.00 | 1.00 |       266.8 |   262.1 |   252.6 
   ijkl-imln-jnkm |   480 |  480 |  400 | 1.00 | 0.83 |       250.2 |   230.1 |   248.2 
   ijkl-imln-njmk |   480 |  400 |  480 | 1.00 | 1.00 |       270.7 |   257.8 |   259.1 
   ijkl-imnj-nlkm |   480 |  400 |  480 | 1.00 | 1.00 |       257.9 |   252.3 |   242.3 
   ijkl-imnk-njml |   480 |  400 |  480 | 1.00 | 1.00 |       271.6 |   233.8 |   252.8 
   ijkl-minj-nlmk |   480 |  400 |  576 | 1.00 | 1.00 |       250.8 |   221.9 |   231.4 
   ijkl-mink-jnlm |   480 |  480 |  480 | 1.00 | 0.83 |       274.4 |   261.4 |   254.0 
   ijkl-minl-njmk |   480 |  400 |  576 | 1.00 | 1.00 |       266.7 |   233.3 |   245.3 
     aqrs-pa-pqrs |    24 | 8000 |   24 | 1.00 | 1.00 |        85.8 |    90.6 |    71.9 
     abrs-qb-aqrs |    20 | 9600 |   24 | 1.00 | 1.00 |        81.7 |    78.4 |    75.0 
     abcs-rc-abrs |    20 | 9600 |   24 | 1.00 | 1.00 |        87.4 |    78.9 |    79.1 
       abj-bka-kj |  5184 |   52 |   72 | 1.00 | 1.00 |       170.3 |   159.6 |   156.8 
       ajb-kba-jk |  3744 |   72 |   72 | 1.00 | 1.00 |       188.0 |   186.9 |   176.2 
     abjc-cbka-kj | 11520 |   20 |   24 | 1.00 | 1.00 |        85.9 |    76.8 |    75.8 
     ajbc-ckba-jk | 11520 |   24 |   20 | 1.00 | 1.00 |        79.3 |    83.6 |    76.1 
     abjc-kbac-jk |  9600 |   24 |   24 | 1.00 | 1.00 |        93.9 |    95.6 |    88.5 
   abjcd-dkbac-jk | 82944 |   24 |   12 | 1.00 | 1.00 |        53.5 |    46.5 |    46.6 
   adbjc-cbdka-kj | 82944 |   12 |   24 | 1.00 | 1.00 |        31.8 |    30.4 |    31.8 
   ajbdc-ckbad-jk | 82944 |   24 |   12 | 1.00 | 1.00 |        47.5 |    47.7 |    45.0 
 abcijk-ijma-mkbc |  4608 |  512 |   24 | 1.00 | 0.94 |       151.6 |   152.9 |   145.8 
 abcijk-ijmb-mkac |  1536 | 1536 |   24 | 1.00 | 0.50 |       162.8 |   175.3 |   143.1 
 abcijk-ijmc-mkab |  1536 | 1536 |   24 | 1.00 | 0.50 |       187.0 |   205.5 |   161.7 
 abcijk-ikma-mjbc |  4608 |  512 |   24 | 1.00 | 0.94 |       157.0 |   159.9 |   144.3 
 abcijk-ikmb-mjac |  1536 | 1536 |   24 | 1.00 | 0.50 |       161.8 |   175.7 |   142.3 
 abcijk-ikmc-mjab |  1536 | 1536 |   24 | 1.00 | 0.50 |       185.9 |   205.5 |   161.4 
 abcijk-jkma-mibc |  4608 |  512 |   24 | 1.00 | 0.94 |       157.8 |   156.7 |   143.5 
 abcijk-jkmb-miac |  1536 | 1536 |   24 | 1.00 | 0.50 |       157.5 |   171.7 |   143.5 
 abcijk-jkmc-miab |  1536 | 1536 |   24 | 1.00 | 0.50 |       183.4 |   201.2 |   162.8 
 abcijk-eiab-jkec |  1536 | 1536 |   24 | 1.00 | 0.50 |       183.7 |   202.0 |   163.0 
 abcijk-eiac-jkeb |  1536 | 1536 |   24 | 1.00 | 0.50 |       159.4 |   172.1 |   144.0 
 abcijk-eibc-jkea |   512 | 4608 |   24 | 1.00 | 0.94 |       156.8 |   157.1 |   145.7 
 abcijk-ejab-ikec |  1536 | 1536 |   24 | 1.00 | 0.50 |       186.4 |   204.8 |   162.4 
 abcijk-ejac-ikeb |  1536 | 1536 |   24 | 1.00 | 0.50 |       160.6 |   175.0 |   142.1 
 abcijk-ejbc-ikea |   512 | 4608 |   24 | 1.00 | 0.94 |       154.5 |   159.3 |   143.7 
 abcijk-ekab-ijec |  1536 | 1536 |   24 | 1.00 | 0.50 |       185.3 |   204.9 |   161.2 
 abcijk-ekac-ijeb |  1536 | 1536 |   24 | 1.00 | 0.50 |       160.5 |   176.4 |   141.3 
 abcijk-ekbc-ijea |   512 | 4608 |   24 | 1.00 | 0.94 |       152.7 |   152.0 |   144.6 
       abc-bk-akc |    72 | 3744 |   52 | 1.00 | 1.00 |       139.8 |   117.1 |   116.0 

=== complex efficiency ratio (c64 GF/s over f64 GF/s; 1.0 = no penalty) ===
             case | planar c64/f64 | 1m c64/f64 | 3m c64/f64 
------------------+----------------+------------+------------
         ij-ik-kj |          1.800 |      1.179 |      1.493 
       ij-ikl-ljk |          2.559 |      2.412 |      2.287 
       ij-kil-lkj |          2.299 |      2.111 |      2.173 
       ijk-ikl-lj |          1.875 |      1.820 |      1.899 
       ijk-il-jlk |          1.801 |      1.894 |      1.653 
       ijk-ilk-jl |          2.136 |      1.728 |      1.723 
       ijk-ilk-lj |          1.925 |      1.725 |      1.744 
     ijk-ilmk-mjl |          2.246 |      1.817 |      2.244 
   ijkl-imjn-lnkm |          1.677 |      1.538 |      1.510 
   ijkl-imjn-nlmk |          1.535 |      1.672 |      1.630 
   ijkl-imkn-jnlm |          1.493 |      1.418 |      1.344 
   ijkl-imkn-njml |          1.516 |      1.489 |      1.436 
   ijkl-imln-jnkm |          1.375 |      1.264 |      1.364 
   ijkl-imln-njmk |          1.572 |      1.497 |      1.505 
   ijkl-imnj-nlkm |          1.718 |      1.681 |      1.614 
   ijkl-imnk-njml |          1.507 |      1.297 |      1.402 
   ijkl-minj-nlmk |          1.760 |      1.556 |      1.623 
   ijkl-mink-jnlm |          1.367 |      1.302 |      1.266 
   ijkl-minl-njmk |          1.538 |      1.345 |      1.415 
     aqrs-pa-pqrs |          2.081 |      2.197 |      1.745 
     abrs-qb-aqrs |          2.825 |      2.712 |      2.596 
     abcs-rc-abrs |          2.691 |      2.430 |      2.438 
       abj-bka-kj |          2.176 |      2.039 |      2.003 
       ajb-kba-jk |          1.994 |      1.983 |      1.870 
     abjc-cbka-kj |          2.860 |      2.559 |      2.526 
     ajbc-ckba-jk |          2.422 |      2.555 |      2.323 
     abjc-kbac-jk |          2.550 |      2.596 |      2.402 
   abjcd-dkbac-jk |          1.392 |      1.210 |      1.214 
   adbjc-cbdka-kj |          1.835 |      1.751 |      1.832 
   ajbdc-ckbad-jk |          1.482 |      1.488 |      1.404 
 abcijk-ijma-mkbc |          1.196 |      1.207 |      1.151 
 abcijk-ijmb-mkac |          1.039 |      1.119 |      0.913 
 abcijk-ijmc-mkab |          1.205 |      1.324 |      1.042 
 abcijk-ikma-mjbc |          1.263 |      1.287 |      1.161 
 abcijk-ikmb-mjac |          1.000 |      1.086 |      0.880 
 abcijk-ikmc-mjab |          1.186 |      1.311 |      1.029 
 abcijk-jkma-mibc |          1.328 |      1.318 |      1.207 
 abcijk-jkmb-miac |          0.993 |      1.082 |      0.905 
 abcijk-jkmc-miab |          1.162 |      1.274 |      1.031 
 abcijk-eiab-jkec |          1.150 |      1.265 |      1.021 
 abcijk-eiac-jkeb |          1.012 |      1.093 |      0.914 
 abcijk-eibc-jkea |          1.298 |      1.301 |      1.207 
 abcijk-ejab-ikec |          1.138 |      1.250 |      0.992 
 abcijk-ejac-ikeb |          1.026 |      1.118 |      0.907 
 abcijk-ejbc-ikea |          1.242 |      1.281 |      1.156 
 abcijk-ekab-ijec |          1.180 |      1.305 |      1.027 
 abcijk-ekac-ijeb |          1.016 |      1.116 |      0.894 
 abcijk-ekbc-ijea |          1.223 |      1.217 |      1.158 
       abc-bk-akc |          2.103 |      1.761 |      1.744 
             MEAN |          1.648 |      1.591 |      1.511 

wrote bench-results/worker5086-zen2/phase4g/sm-s1-t8-f64c64.csv
