host        : worker5086
target      : x86_64 / linux
cpu features: avx2 fma 
caches      : L1=32KiB/8-way/1sh L2=512KiB/8-way/1sh L3=16384KiB/16-way/4sh (via sysfs), blocking=legacy
l3 domains  : t1=1 t4=1 t8=2 t16=4 t32=8 t64=16
baselines   : tblis=false blas=false

sweeping 49 cases at 0.25 MiB nominal tensor size, 96 reps, stress=none


=== f64 ===
             case |     m |    n |    k | regA | regB | planar GF/s | 1m GF/s | 3m GF/s 
------------------+-------+------+------+------+------+-------------+---------+---------
         ij-ik-kj |   192 |  180 |  192 | 1.00 | 1.00 |        15.4 |    15.4 |    15.4 
       ij-ikl-ljk |    48 |   32 | 1536 | 1.00 | 1.00 |         5.3 |     5.3 |     5.3 
       ij-kil-lkj |    48 |   32 | 2304 | 1.00 | 1.00 |         6.9 |     6.9 |     6.9 
       ijk-ikl-lj |  1536 |   32 |   48 | 1.00 | 1.00 |         5.0 |     5.0 |     5.0 
       ijk-il-jlk |    48 | 1536 |   32 | 1.00 | 1.00 |         6.3 |     6.3 |     6.3 
       ijk-ilk-jl |  1536 |   48 |   32 | 1.00 | 1.00 |         4.7 |     4.7 |     4.7 
       ijk-ilk-lj |  1536 |   32 |   48 | 1.00 | 1.00 |         5.3 |     5.3 |     5.3 
     ijk-ilmk-mjl |   288 |   12 |  288 | 1.00 | 1.00 |         1.8 |     1.8 |     1.8 
   ijkl-imjn-lnkm |   288 |  288 |  144 | 1.00 | 1.00 |        22.7 |    22.7 |    22.7 
   ijkl-imjn-nlmk |   288 |  144 |  288 | 1.00 | 1.00 |        21.1 |    21.1 |    21.1 
   ijkl-imkn-jnlm |   288 |  288 |  144 | 1.00 | 1.00 |        23.8 |    23.8 |    23.8 
   ijkl-imkn-njml |   288 |  144 |  288 | 1.00 | 1.00 |        20.9 |    20.9 |    20.9 
   ijkl-imln-jnkm |   288 |  288 |  144 | 1.00 | 1.00 |        25.1 |    25.1 |    25.1 
   ijkl-imln-njmk |   288 |  144 |  288 | 1.00 | 1.00 |        20.7 |    20.7 |    20.7 
   ijkl-imnj-nlkm |   288 |  144 |  288 | 1.00 | 1.00 |        21.5 |    21.5 |    21.5 
   ijkl-imnk-njml |   288 |  144 |  288 | 1.00 | 1.00 |        20.1 |    20.1 |    20.1 
   ijkl-minj-nlmk |   288 |  144 |  576 | 1.00 | 1.00 |        33.6 |    33.6 |    33.6 
   ijkl-mink-jnlm |   288 |  288 |  288 | 1.00 | 1.00 |        35.9 |    35.9 |    35.9 
   ijkl-minl-njmk |   288 |  144 |  576 | 1.00 | 1.00 |        32.1 |    32.1 |    32.1 
     aqrs-pa-pqrs |    24 | 1728 |   24 | 1.00 | 1.00 |         2.8 |     2.8 |     2.8 
     abrs-qb-aqrs |    12 | 3456 |   24 | 1.00 | 1.00 |         2.1 |     2.1 |     2.1 
     abcs-rc-abrs |    12 | 3456 |   24 | 1.00 | 1.00 |         2.1 |     2.1 |     2.1 
       abj-bka-kj |  2304 |   32 |   48 | 1.00 | 1.00 |         6.9 |     6.9 |     6.9 
       ajb-kba-jk |  1536 |   48 |   48 | 1.00 | 1.00 |         6.9 |     6.9 |     6.9 
     abjc-cbka-kj |  6912 |   12 |   24 | 1.00 | 1.00 |         3.9 |     3.9 |     3.9 
     ajbc-ckba-jk |  6912 |   24 |   12 | 1.00 | 1.00 |         4.2 |     4.2 |     4.2 
     abjc-kbac-jk |  3456 |   24 |   24 | 1.00 | 1.00 |         4.1 |     4.1 |     4.1 
   abjcd-dkbac-jk | 36864 |   24 |    8 | 1.00 | 1.00 |        10.6 |    10.6 |    10.6 
   adbjc-cbdka-kj | 36864 |    8 |   24 | 1.00 | 1.00 |         8.6 |     8.6 |     8.6 
   ajbdc-ckbad-jk | 36864 |   24 |    8 | 1.00 | 1.00 |        10.5 |    10.5 |    10.5 
 abcijk-ijma-mkbc |  2304 |   64 |   24 | 1.00 | 0.82 |         7.8 |     7.8 |     7.8 
 abcijk-ijmb-mkac |   384 |  384 |   24 | 1.00 | 0.00 |        12.0 |    12.0 |    12.0 
 abcijk-ijmc-mkab |   384 |  384 |   24 | 1.00 | 0.00 |        11.3 |    11.3 |    11.3 
 abcijk-ikma-mjbc |  2304 |   64 |   24 | 1.00 | 0.82 |         7.9 |     7.9 |     7.9 
 abcijk-ikmb-mjac |   384 |  384 |   24 | 1.00 | 0.00 |        11.5 |    11.5 |    11.5 
 abcijk-ikmc-mjab |   384 |  384 |   24 | 1.00 | 0.00 |        11.6 |    11.6 |    11.6 
 abcijk-jkma-mibc |  2304 |   64 |   24 | 1.00 | 0.82 |         6.8 |     6.8 |     6.8 
 abcijk-jkmb-miac |   384 |  384 |   24 | 1.00 | 0.00 |        11.3 |    11.3 |    11.3 
 abcijk-jkmc-miab |   384 |  384 |   24 | 1.00 | 0.00 |        11.4 |    11.4 |    11.4 
 abcijk-eiab-jkec |   384 |  384 |   24 | 1.00 | 0.00 |        11.4 |    11.4 |    11.4 
 abcijk-eiac-jkeb |   384 |  384 |   24 | 1.00 | 0.00 |        11.7 |    11.7 |    11.7 
 abcijk-eibc-jkea |    64 | 2304 |   24 | 1.00 | 0.82 |         7.5 |     7.5 |     7.5 
 abcijk-ejab-ikec |   384 |  384 |   24 | 1.00 | 0.00 |        11.5 |    11.5 |    11.5 
 abcijk-ejac-ikeb |   384 |  384 |   24 | 1.00 | 0.00 |        11.5 |    11.5 |    11.5 
 abcijk-ejbc-ikea |    64 | 2304 |   24 | 1.00 | 0.82 |         7.6 |     7.6 |     7.6 
 abcijk-ekab-ijec |   384 |  384 |   24 | 1.00 | 0.00 |        11.5 |    11.5 |    11.5 
 abcijk-ekac-ijeb |   384 |  384 |   24 | 1.00 | 0.00 |        10.9 |    10.9 |    10.9 
 abcijk-ekbc-ijea |    64 | 2304 |   24 | 1.00 | 0.82 |         6.8 |     6.8 |     6.8 
       abc-bk-akc |    48 | 1536 |   32 | 1.00 | 1.00 |         5.0 |     5.0 |     5.0 

=== c64 ===
             case |     m |    n |    k | regA | regB | planar GF/s | 1m GF/s | 3m GF/s 
------------------+-------+------+------+------+------+-------------+---------+---------
         ij-ik-kj |   192 |  180 |  192 | 1.00 | 1.00 |        45.7 |    44.7 |    42.7 
       ij-ikl-ljk |    48 |   32 | 1536 | 1.00 | 1.00 |        20.6 |    18.7 |    19.9 
       ij-kil-lkj |    48 |   32 | 2304 | 1.00 | 1.00 |        25.3 |    24.5 |    23.9 
       ijk-ikl-lj |  1536 |   32 |   48 | 1.00 | 1.00 |        18.9 |    19.0 |    18.4 
       ijk-il-jlk |    48 | 1536 |   32 | 1.00 | 0.92 |        21.0 |    21.6 |    19.2 
       ijk-ilk-jl |  1536 |   48 |   32 | 1.00 | 1.00 |        18.9 |    16.3 |    18.8 
       ijk-ilk-lj |  1536 |   32 |   48 | 1.00 | 1.00 |        20.1 |    18.6 |    18.4 
     ijk-ilmk-mjl |   288 |   12 |  288 | 1.00 | 1.00 |         7.3 |     8.0 |     7.2 
   ijkl-imjn-lnkm |   288 |  288 |  144 | 1.00 | 0.67 |        73.4 |    70.8 |    72.5 
   ijkl-imjn-nlmk |   288 |  144 |  288 | 1.00 | 0.69 |        67.0 |    65.5 |    61.6 
   ijkl-imkn-jnlm |   288 |  288 |  144 | 1.00 | 0.84 |        76.3 |    74.2 |    69.0 
   ijkl-imkn-njml |   288 |  144 |  288 | 1.00 | 0.69 |        67.3 |    65.8 |    64.6 
   ijkl-imln-jnkm |   288 |  288 |  144 | 1.00 | 0.84 |        71.8 |    73.7 |    76.1 
   ijkl-imln-njmk |   288 |  144 |  288 | 1.00 | 0.69 |        67.8 |    65.5 |    61.5 
   ijkl-imnj-nlkm |   288 |  144 |  288 | 1.00 | 0.69 |        64.9 |    64.8 |    62.7 
   ijkl-imnk-njml |   288 |  144 |  288 | 1.00 | 0.69 |        68.9 |    65.0 |    64.9 
   ijkl-minj-nlmk |   288 |  144 |  576 | 1.00 | 0.69 |        99.5 |    93.2 |    91.3 
   ijkl-mink-jnlm |   288 |  288 |  288 | 1.00 | 0.84 |       105.6 |   103.5 |    93.0 
   ijkl-minl-njmk |   288 |  144 |  576 | 1.00 | 0.69 |        94.9 |   102.0 |    92.5 
     aqrs-pa-pqrs |    24 | 1728 |   24 | 1.00 | 1.00 |        10.1 |    10.2 |     9.9 
     abrs-qb-aqrs |    12 | 3456 |   24 | 1.00 | 1.00 |         7.7 |     7.5 |     7.8 
     abcs-rc-abrs |    12 | 3456 |   24 | 1.00 | 1.00 |         7.9 |     7.8 |     7.7 
       abj-bka-kj |  2304 |   32 |   48 | 1.00 | 1.00 |        26.7 |    25.6 |    25.2 
       ajb-kba-jk |  1536 |   48 |   48 | 1.00 | 1.00 |        26.6 |    26.0 |    27.9 
     abjc-cbka-kj |  6912 |   12 |   24 | 1.00 | 1.00 |        14.6 |    14.3 |    14.3 
     ajbc-ckba-jk |  6912 |   24 |   12 | 1.00 | 1.00 |        14.3 |    15.5 |    15.0 
     abjc-kbac-jk |  3456 |   24 |   24 | 1.00 | 1.00 |        15.2 |    15.9 |    15.2 
   abjcd-dkbac-jk | 36864 |   24 |    8 | 1.00 | 1.00 |        31.1 |    32.3 |    28.5 
   adbjc-cbdka-kj | 36864 |    8 |   24 | 1.00 | 1.00 |        24.8 |    23.9 |    27.4 
   ajbdc-ckbad-jk | 36864 |   24 |    8 | 1.00 | 1.00 |        31.0 |    33.8 |    28.6 
 abcijk-ijma-mkbc |  2304 |   64 |   24 | 1.00 | 0.77 |        28.4 |    25.5 |    24.8 
 abcijk-ijmb-mkac |   384 |  384 |   24 | 1.00 | 0.01 |        39.0 |    39.4 |    39.8 
 abcijk-ijmc-mkab |   384 |  384 |   24 | 1.00 | 0.01 |        39.8 |    39.9 |    40.0 
 abcijk-ikma-mjbc |  2304 |   64 |   24 | 1.00 | 0.77 |        25.1 |    26.2 |    25.0 
 abcijk-ikmb-mjac |   384 |  384 |   24 | 1.00 | 0.01 |        39.2 |    40.5 |    39.7 
 abcijk-ikmc-mjab |   384 |  384 |   24 | 1.00 | 0.01 |        40.7 |    41.2 |    39.2 
 abcijk-jkma-mibc |  2304 |   64 |   24 | 1.00 | 0.77 |        26.6 |    27.1 |    26.0 
 abcijk-jkmb-miac |   384 |  384 |   24 | 1.00 | 0.01 |        39.3 |    39.9 |    40.2 
 abcijk-jkmc-miab |   384 |  384 |   24 | 1.00 | 0.01 |        38.9 |    39.7 |    40.3 
 abcijk-eiab-jkec |   384 |  384 |   24 | 1.00 | 0.01 |        39.0 |    40.3 |    40.6 
 abcijk-eiac-jkeb |   384 |  384 |   24 | 1.00 | 0.01 |        39.5 |    40.2 |    39.8 
 abcijk-eibc-jkea |    64 | 2304 |   24 | 1.00 | 0.77 |        27.0 |    27.7 |    25.4 
 abcijk-ejab-ikec |   384 |  384 |   24 | 1.00 | 0.01 |        39.0 |    40.7 |    39.8 
 abcijk-ejac-ikeb |   384 |  384 |   24 | 1.00 | 0.01 |        38.8 |    40.0 |    39.4 
 abcijk-ejbc-ikea |    64 | 2304 |   24 | 1.00 | 0.77 |        28.4 |    26.1 |    26.1 
 abcijk-ekab-ijec |   384 |  384 |   24 | 1.00 | 0.01 |        38.8 |    39.4 |    40.3 
 abcijk-ekac-ijeb |   384 |  384 |   24 | 1.00 | 0.01 |        39.0 |    39.3 |    39.3 
 abcijk-ekbc-ijea |    64 | 2304 |   24 | 1.00 | 0.77 |        26.4 |    25.5 |    25.5 
       abc-bk-akc |    48 | 1536 |   32 | 1.00 | 1.00 |        18.5 |    18.1 |    19.0 

=== complex efficiency ratio (c64 GF/s over f64 GF/s; 1.0 = no penalty) ===
             case | planar c64/f64 | 1m c64/f64 | 3m c64/f64 
------------------+----------------+------------+------------
         ij-ik-kj |          2.974 |      2.910 |      2.780 
       ij-ikl-ljk |          3.869 |      3.506 |      3.739 
       ij-kil-lkj |          3.669 |      3.553 |      3.468 
       ijk-ikl-lj |          3.750 |      3.776 |      3.656 
       ijk-il-jlk |          3.312 |      3.412 |      3.034 
       ijk-ilk-jl |          4.020 |      3.455 |      4.005 
       ijk-ilk-lj |          3.813 |      3.532 |      3.490 
     ijk-ilmk-mjl |          4.004 |      4.398 |      3.964 
   ijkl-imjn-lnkm |          3.230 |      3.117 |      3.191 
   ijkl-imjn-nlmk |          3.171 |      3.097 |      2.916 
   ijkl-imkn-jnlm |          3.202 |      3.115 |      2.897 
   ijkl-imkn-njml |          3.215 |      3.143 |      3.086 
   ijkl-imln-jnkm |          2.859 |      2.935 |      3.030 
   ijkl-imln-njmk |          3.274 |      3.164 |      2.971 
   ijkl-imnj-nlkm |          3.015 |      3.011 |      2.913 
   ijkl-imnk-njml |          3.430 |      3.234 |      3.229 
   ijkl-minj-nlmk |          2.959 |      2.773 |      2.717 
   ijkl-mink-jnlm |          2.942 |      2.883 |      2.589 
   ijkl-minl-njmk |          2.953 |      3.174 |      2.879 
     aqrs-pa-pqrs |          3.592 |      3.626 |      3.510 
     abrs-qb-aqrs |          3.676 |      3.553 |      3.734 
     abcs-rc-abrs |          3.714 |      3.689 |      3.614 
       abj-bka-kj |          3.843 |      3.692 |      3.624 
       ajb-kba-jk |          3.825 |      3.739 |      4.019 
     abjc-cbka-kj |          3.759 |      3.680 |      3.675 
     ajbc-ckba-jk |          3.401 |      3.687 |      3.583 
     abjc-kbac-jk |          3.749 |      3.923 |      3.748 
   abjcd-dkbac-jk |          2.937 |      3.050 |      2.698 
   adbjc-cbdka-kj |          2.890 |      2.780 |      3.187 
   ajbdc-ckbad-jk |          2.953 |      3.214 |      2.718 
 abcijk-ijma-mkbc |          3.659 |      3.287 |      3.197 
 abcijk-ijmb-mkac |          3.266 |      3.298 |      3.328 
 abcijk-ijmc-mkab |          3.510 |      3.517 |      3.531 
 abcijk-ikma-mjbc |          3.195 |      3.335 |      3.171 
 abcijk-ikmb-mjac |          3.403 |      3.509 |      3.445 
 abcijk-ikmc-mjab |          3.512 |      3.558 |      3.388 
 abcijk-jkma-mibc |          3.885 |      3.954 |      3.796 
 abcijk-jkmb-miac |          3.473 |      3.523 |      3.549 
 abcijk-jkmc-miab |          3.428 |      3.492 |      3.545 
 abcijk-eiab-jkec |          3.428 |      3.546 |      3.573 
 abcijk-eiac-jkeb |          3.385 |      3.446 |      3.417 
 abcijk-eibc-jkea |          3.612 |      3.695 |      3.388 
 abcijk-ejab-ikec |          3.405 |      3.549 |      3.475 
 abcijk-ejac-ikeb |          3.371 |      3.472 |      3.418 
 abcijk-ejbc-ikea |          3.741 |      3.437 |      3.438 
 abcijk-ekab-ijec |          3.370 |      3.427 |      3.500 
 abcijk-ekac-ijeb |          3.575 |      3.603 |      3.600 
 abcijk-ekbc-ijea |          3.870 |      3.725 |      3.739 
       abc-bk-akc |          3.720 |      3.626 |      3.815 
             MEAN |          3.445 |      3.425 |      3.367 

wrote bench-results/worker5086-zen2/phase4g/sm-s0.25-t32-f64c64.csv
