host        : worker5086
target      : x86_64 / linux
cpu features: avx2 fma 
caches      : L1=32KiB/8-way/1sh L2=512KiB/8-way/1sh L3=16384KiB/16-way/4sh (via sysfs), blocking=legacy
l3 domains  : t1=1 t4=1 t8=2
baselines   : tblis=false blas=false

sweeping 49 cases at 1 MiB nominal tensor size, 24 reps, stress=none


=== f64 ===
             case |     m |    n |    k | regA | regB | planar GF/s | 1m GF/s | 3m GF/s 
------------------+-------+------+------+------+------+-------------+---------+---------
         ij-ik-kj |   384 |  364 |  384 | 1.00 | 1.00 |       132.9 |   132.9 |   132.9 
       ij-ikl-ljk |    72 |   52 | 3744 | 1.00 | 1.00 |        57.5 |    57.5 |    57.5 
       ij-kil-lkj |    72 |   52 | 5184 | 1.00 | 1.00 |        58.3 |    58.3 |    58.3 
       ijk-ikl-lj |  3744 |   52 |   72 | 1.00 | 1.00 |        89.3 |    89.3 |    89.3 
       ijk-il-jlk |    72 | 3744 |   52 | 1.00 | 1.00 |        68.4 |    68.4 |    68.4 
       ijk-ilk-jl |  3744 |   72 |   52 | 1.00 | 1.00 |        92.1 |    92.1 |    92.1 
       ijk-ilk-lj |  3744 |   52 |   72 | 1.00 | 1.00 |        90.3 |    90.3 |    90.3 
     ijk-ilmk-mjl |   480 |   20 |  480 | 1.00 | 1.00 |        51.2 |    51.2 |    51.2 
   ijkl-imjn-lnkm |   480 |  480 |  400 | 1.00 | 0.80 |       141.8 |   141.8 |   141.8 
   ijkl-imjn-nlmk |   480 |  400 |  480 | 1.00 | 0.81 |       147.8 |   147.8 |   147.8 
   ijkl-imkn-jnlm |   480 |  480 |  400 | 1.00 | 1.00 |       147.4 |   147.4 |   147.4 
   ijkl-imkn-njml |   480 |  400 |  480 | 1.00 | 0.81 |       150.4 |   150.4 |   150.4 
   ijkl-imln-jnkm |   480 |  480 |  400 | 1.00 | 1.00 |       144.9 |   144.9 |   144.9 
   ijkl-imln-njmk |   480 |  400 |  480 | 1.00 | 0.81 |       150.6 |   150.6 |   150.6 
   ijkl-imnj-nlkm |   480 |  400 |  480 | 1.00 | 0.81 |       144.3 |   144.3 |   144.3 
   ijkl-imnk-njml |   480 |  400 |  480 | 1.00 | 0.81 |       144.3 |   144.3 |   144.3 
   ijkl-minj-nlmk |   480 |  400 |  576 | 1.00 | 0.81 |       138.9 |   138.9 |   138.9 
   ijkl-mink-jnlm |   480 |  480 |  480 | 1.00 | 1.00 |       154.8 |   154.8 |   154.8 
   ijkl-minl-njmk |   480 |  400 |  576 | 1.00 | 0.81 |       140.8 |   140.8 |   140.8 
     aqrs-pa-pqrs |    24 | 8000 |   24 | 1.00 | 1.00 |        45.3 |    45.3 |    45.3 
     abrs-qb-aqrs |    20 | 9600 |   24 | 1.00 | 1.00 |        38.9 |    38.9 |    38.9 
     abcs-rc-abrs |    20 | 9600 |   24 | 1.00 | 1.00 |        39.3 |    39.3 |    39.3 
       abj-bka-kj |  5184 |   52 |   72 | 1.00 | 1.00 |        85.9 |    85.9 |    85.9 
       ajb-kba-jk |  3744 |   72 |   72 | 1.00 | 1.00 |       103.8 |   103.8 |   103.8 
     abjc-cbka-kj | 11520 |   20 |   24 | 1.00 | 1.00 |        33.3 |    33.3 |    33.3 
     ajbc-ckba-jk | 11520 |   24 |   20 | 1.00 | 1.00 |        38.8 |    38.8 |    38.8 
     abjc-kbac-jk |  9600 |   24 |   24 | 1.00 | 1.00 |        44.8 |    44.8 |    44.8 
   abjcd-dkbac-jk | 82944 |   24 |   12 | 1.00 | 1.00 |        28.2 |    28.2 |    28.2 
   adbjc-cbdka-kj | 82944 |   12 |   24 | 1.00 | 1.00 |        11.1 |    11.1 |    11.1 
   ajbdc-ckbad-jk | 82944 |   24 |   12 | 1.00 | 1.00 |        26.6 |    26.6 |    26.6 
 abcijk-ijma-mkbc |  4608 |  512 |   24 | 1.00 | 0.94 |        72.4 |    72.4 |    72.4 
 abcijk-ijmb-mkac |  1536 | 1536 |   24 | 1.00 | 0.50 |        64.8 |    64.8 |    64.8 
 abcijk-ijmc-mkab |  1536 | 1536 |   24 | 1.00 | 0.50 |        75.6 |    75.6 |    75.6 
 abcijk-ikma-mjbc |  4608 |  512 |   24 | 1.00 | 0.94 |        72.3 |    72.3 |    72.3 
 abcijk-ikmb-mjac |  1536 | 1536 |   24 | 1.00 | 0.50 |        66.3 |    66.3 |    66.3 
 abcijk-ikmc-mjab |  1536 | 1536 |   24 | 1.00 | 0.50 |        75.6 |    75.6 |    75.6 
 abcijk-jkma-mibc |  4608 |  512 |   24 | 1.00 | 0.94 |        73.7 |    73.7 |    73.7 
 abcijk-jkmb-miac |  1536 | 1536 |   24 | 1.00 | 0.50 |        66.4 |    66.4 |    66.4 
 abcijk-jkmc-miab |  1536 | 1536 |   24 | 1.00 | 0.50 |        74.2 |    74.2 |    74.2 
 abcijk-eiab-jkec |  1536 | 1536 |   24 | 1.00 | 0.50 |        74.4 |    74.4 |    74.4 
 abcijk-eiac-jkeb |  1536 | 1536 |   24 | 1.00 | 0.50 |        66.3 |    66.3 |    66.3 
 abcijk-eibc-jkea |   512 | 4608 |   24 | 1.00 | 0.94 |        73.5 |    73.5 |    73.5 
 abcijk-ejab-ikec |  1536 | 1536 |   24 | 1.00 | 0.50 |        75.3 |    75.3 |    75.3 
 abcijk-ejac-ikeb |  1536 | 1536 |   24 | 1.00 | 0.50 |        65.4 |    65.4 |    65.4 
 abcijk-ejbc-ikea |   512 | 4608 |   24 | 1.00 | 0.94 |        73.1 |    73.1 |    73.1 
 abcijk-ekab-ijec |  1536 | 1536 |   24 | 1.00 | 0.50 |        75.7 |    75.7 |    75.7 
 abcijk-ekac-ijeb |  1536 | 1536 |   24 | 1.00 | 0.50 |        65.1 |    65.1 |    65.1 
 abcijk-ekbc-ijea |   512 | 4608 |   24 | 1.00 | 0.94 |        72.9 |    72.9 |    72.9 
       abc-bk-akc |    72 | 3744 |   52 | 1.00 | 1.00 |        90.3 |    90.3 |    90.3 

=== c64 ===
             case |     m |    n |    k | regA | regB | planar GF/s | 1m GF/s | 3m GF/s 
------------------+-------+------+------+------+------+-------------+---------+---------
         ij-ik-kj |   384 |  364 |  384 | 1.00 | 1.00 |       157.4 |   167.6 |   162.1 
       ij-ikl-ljk |    72 |   52 | 3744 | 1.00 | 1.00 |       103.8 |   102.2 |   100.5 
       ij-kil-lkj |    72 |   52 | 5184 | 1.00 | 1.00 |       102.0 |   102.1 |   101.1 
       ijk-ikl-lj |  3744 |   52 |   72 | 1.00 | 1.00 |       124.9 |   130.0 |   125.0 
       ijk-il-jlk |    72 | 3744 |   52 | 1.00 | 0.95 |       110.9 |   119.0 |   100.2 
       ijk-ilk-jl |  3744 |   72 |   52 | 1.00 | 1.00 |       124.2 |   134.1 |   118.6 
       ijk-ilk-lj |  3744 |   52 |   72 | 1.00 | 1.00 |       126.8 |   132.7 |   124.9 
     ijk-ilmk-mjl |   480 |   20 |  480 | 1.00 | 1.00 |        99.1 |    88.2 |    98.2 
   ijkl-imjn-lnkm |   480 |  480 |  400 | 1.00 | 1.00 |       161.3 |   165.8 |   160.0 
   ijkl-imjn-nlmk |   480 |  400 |  480 | 1.00 | 1.00 |       164.4 |   167.4 |   164.0 
   ijkl-imkn-jnlm |   480 |  480 |  400 | 1.00 | 0.83 |       161.0 |   167.5 |   157.8 
   ijkl-imkn-njml |   480 |  400 |  480 | 1.00 | 1.00 |       168.0 |   170.2 |   163.5 
   ijkl-imln-jnkm |   480 |  480 |  400 | 1.00 | 0.83 |       162.7 |   168.2 |   160.6 
   ijkl-imln-njmk |   480 |  400 |  480 | 1.00 | 1.00 |       167.8 |   170.8 |   162.0 
   ijkl-imnj-nlkm |   480 |  400 |  480 | 1.00 | 1.00 |       163.6 |   169.4 |   165.8 
   ijkl-imnk-njml |   480 |  400 |  480 | 1.00 | 1.00 |       166.7 |   171.0 |   160.7 
   ijkl-minj-nlmk |   480 |  400 |  576 | 1.00 | 1.00 |       159.5 |   164.2 |   157.1 
   ijkl-mink-jnlm |   480 |  480 |  480 | 1.00 | 0.83 |       163.4 |   168.2 |   158.0 
   ijkl-minl-njmk |   480 |  400 |  576 | 1.00 | 1.00 |       160.7 |   165.8 |   155.9 
     aqrs-pa-pqrs |    24 | 8000 |   24 | 1.00 | 1.00 |        57.7 |    64.3 |    48.7 
     abrs-qb-aqrs |    20 | 9600 |   24 | 1.00 | 1.00 |        76.2 |    71.6 |    65.6 
     abcs-rc-abrs |    20 | 9600 |   24 | 1.00 | 1.00 |        76.4 |    71.0 |    66.2 
       abj-bka-kj |  5184 |   52 |   72 | 1.00 | 1.00 |       116.3 |   123.8 |   118.1 
       ajb-kba-jk |  3744 |   72 |   72 | 1.00 | 1.00 |       132.8 |   143.8 |   130.4 
     abjc-cbka-kj | 11520 |   20 |   24 | 1.00 | 1.00 |        70.7 |    67.1 |    62.5 
     ajbc-ckba-jk | 11520 |   24 |   20 | 1.00 | 1.00 |        68.4 |    73.9 |    60.3 
     abjc-kbac-jk |  9600 |   24 |   24 | 1.00 | 1.00 |        78.0 |    85.3 |    70.4 
   abjcd-dkbac-jk | 82944 |   24 |   12 | 1.00 | 1.00 |        34.0 |    32.9 |    29.9 
   adbjc-cbdka-kj | 82944 |   12 |   24 | 1.00 | 1.00 |        21.2 |    18.5 |    20.2 
   ajbdc-ckbad-jk | 82944 |   24 |   12 | 1.00 | 1.00 |        32.8 |    31.9 |    28.9 
 abcijk-ijma-mkbc |  4608 |  512 |   24 | 1.00 | 0.94 |        92.9 |   100.3 |    83.0 
 abcijk-ijmb-mkac |  1536 | 1536 |   24 | 1.00 | 0.50 |        86.7 |    90.4 |    75.6 
 abcijk-ijmc-mkab |  1536 | 1536 |   24 | 1.00 | 0.50 |       106.4 |   115.3 |    89.4 
 abcijk-ikma-mjbc |  4608 |  512 |   24 | 1.00 | 0.94 |        92.6 |    99.7 |    83.2 
 abcijk-ikmb-mjac |  1536 | 1536 |   24 | 1.00 | 0.50 |        88.2 |    92.1 |    75.4 
 abcijk-ikmc-mjab |  1536 | 1536 |   24 | 1.00 | 0.50 |       107.0 |   116.0 |    89.8 
 abcijk-jkma-mibc |  4608 |  512 |   24 | 1.00 | 0.94 |        92.5 |   100.3 |    83.6 
 abcijk-jkmb-miac |  1536 | 1536 |   24 | 1.00 | 0.50 |        88.5 |    92.8 |    76.2 
 abcijk-jkmc-miab |  1536 | 1536 |   24 | 1.00 | 0.50 |       105.2 |   114.1 |    89.4 
 abcijk-eiab-jkec |  1536 | 1536 |   24 | 1.00 | 0.50 |       105.0 |   114.4 |    89.4 
 abcijk-eiac-jkeb |  1536 | 1536 |   24 | 1.00 | 0.50 |        88.2 |    93.0 |    76.6 
 abcijk-eibc-jkea |   512 | 4608 |   24 | 1.00 | 0.94 |        92.2 |   100.3 |    83.6 
 abcijk-ejab-ikec |  1536 | 1536 |   24 | 1.00 | 0.50 |       107.0 |   116.0 |    89.8 
 abcijk-ejac-ikeb |  1536 | 1536 |   24 | 1.00 | 0.50 |        88.4 |    92.7 |    75.5 
 abcijk-ejbc-ikea |   512 | 4608 |   24 | 1.00 | 0.94 |        92.6 |    99.9 |    82.8 
 abcijk-ekab-ijec |  1536 | 1536 |   24 | 1.00 | 0.50 |       106.5 |   115.8 |    89.8 
 abcijk-ekac-ijeb |  1536 | 1536 |   24 | 1.00 | 0.50 |        86.6 |    90.9 |    74.6 
 abcijk-ekbc-ijea |   512 | 4608 |   24 | 1.00 | 0.94 |        93.1 |   100.3 |    83.1 
       abc-bk-akc |    72 | 3744 |   52 | 1.00 | 1.00 |       125.5 |   134.6 |   120.1 

=== complex efficiency ratio (c64 GF/s over f64 GF/s; 1.0 = no penalty) ===
             case | planar c64/f64 | 1m c64/f64 | 3m c64/f64 
------------------+----------------+------------+------------
         ij-ik-kj |          1.184 |      1.261 |      1.220 
       ij-ikl-ljk |          1.806 |      1.779 |      1.749 
       ij-kil-lkj |          1.749 |      1.752 |      1.734 
       ijk-ikl-lj |          1.399 |      1.456 |      1.400 
       ijk-il-jlk |          1.622 |      1.740 |      1.465 
       ijk-ilk-jl |          1.348 |      1.455 |      1.287 
       ijk-ilk-lj |          1.405 |      1.470 |      1.384 
     ijk-ilmk-mjl |          1.933 |      1.721 |      1.916 
   ijkl-imjn-lnkm |          1.138 |      1.170 |      1.129 
   ijkl-imjn-nlmk |          1.112 |      1.132 |      1.110 
   ijkl-imkn-jnlm |          1.092 |      1.136 |      1.070 
   ijkl-imkn-njml |          1.117 |      1.132 |      1.087 
   ijkl-imln-jnkm |          1.123 |      1.161 |      1.108 
   ijkl-imln-njmk |          1.114 |      1.134 |      1.075 
   ijkl-imnj-nlkm |          1.134 |      1.174 |      1.149 
   ijkl-imnk-njml |          1.156 |      1.185 |      1.114 
   ijkl-minj-nlmk |          1.148 |      1.182 |      1.131 
   ijkl-mink-jnlm |          1.055 |      1.087 |      1.021 
   ijkl-minl-njmk |          1.141 |      1.177 |      1.107 
     aqrs-pa-pqrs |          1.274 |      1.421 |      1.075 
     abrs-qb-aqrs |          1.957 |      1.840 |      1.685 
     abcs-rc-abrs |          1.945 |      1.806 |      1.684 
       abj-bka-kj |          1.354 |      1.441 |      1.375 
       ajb-kba-jk |          1.279 |      1.386 |      1.257 
     abjc-cbka-kj |          2.126 |      2.017 |      1.878 
     ajbc-ckba-jk |          1.762 |      1.902 |      1.553 
     abjc-kbac-jk |          1.740 |      1.904 |      1.572 
   abjcd-dkbac-jk |          1.207 |      1.167 |      1.061 
   adbjc-cbdka-kj |          1.914 |      1.671 |      1.830 
   ajbdc-ckbad-jk |          1.237 |      1.202 |      1.089 
 abcijk-ijma-mkbc |          1.283 |      1.385 |      1.145 
 abcijk-ijmb-mkac |          1.337 |      1.395 |      1.167 
 abcijk-ijmc-mkab |          1.407 |      1.524 |      1.183 
 abcijk-ikma-mjbc |          1.281 |      1.378 |      1.150 
 abcijk-ikmb-mjac |          1.329 |      1.388 |      1.137 
 abcijk-ikmc-mjab |          1.415 |      1.535 |      1.188 
 abcijk-jkma-mibc |          1.256 |      1.362 |      1.135 
 abcijk-jkmb-miac |          1.333 |      1.396 |      1.146 
 abcijk-jkmc-miab |          1.419 |      1.538 |      1.205 
 abcijk-eiab-jkec |          1.410 |      1.537 |      1.202 
 abcijk-eiac-jkeb |          1.330 |      1.403 |      1.156 
 abcijk-eibc-jkea |          1.255 |      1.365 |      1.138 
 abcijk-ejab-ikec |          1.420 |      1.539 |      1.192 
 abcijk-ejac-ikeb |          1.352 |      1.418 |      1.154 
 abcijk-ejbc-ikea |          1.266 |      1.366 |      1.132 
 abcijk-ekab-ijec |          1.406 |      1.529 |      1.186 
 abcijk-ekac-ijeb |          1.330 |      1.397 |      1.147 
 abcijk-ekbc-ijea |          1.276 |      1.376 |      1.140 
       abc-bk-akc |          1.390 |      1.491 |      1.330 
             MEAN |          1.389 |      1.436 |      1.276 

wrote bench-results/worker5086-zen2/phase4g/sm-s1-t4-f64c64.csv
