host        : worker5086
target      : x86_64 / linux
cpu features: avx2 fma 
caches      : L1=32KiB/8-way/1sh L2=512KiB/8-way/1sh L3=16384KiB/16-way/4sh (via sysfs), blocking=legacy
l3 domains  : t1=1 t4=1 t8=2 t16=4 t32=8 t64=16 t128=32
baselines   : tblis=false blas=false

sweeping 49 cases at 4 MiB nominal tensor size, 6 reps, stress=none


=== f64 ===
             case |     m |     n |    k | regA | regB | planar GF/s | 1m GF/s | 3m GF/s 
------------------+-------+-------+------+------+------+-------------+---------+---------
         ij-ik-kj |   744 |   724 |  744 | 1.00 | 1.00 |       113.9 |   113.9 |   113.9 
       ij-ikl-ljk |    96 |    80 | 7680 | 1.00 | 1.00 |        19.8 |    19.8 |    19.8 
       ij-kil-lkj |    96 |    80 | 9216 | 1.00 | 1.00 |        22.5 |    22.5 |    22.5 
       ijk-ikl-lj |  7680 |    80 |   96 | 1.00 | 1.00 |        30.9 |    30.9 |    30.9 
       ijk-il-jlk |    96 |  7680 |   80 | 1.00 | 1.00 |        34.4 |    34.4 |    34.4 
       ijk-ilk-jl |  7680 |    96 |   80 | 1.00 | 1.00 |        30.5 |    30.5 |    30.5 
       ijk-ilk-lj |  7680 |    80 |   96 | 1.00 | 1.00 |        29.6 |    29.6 |    29.6 
     ijk-ilmk-mjl |  1344 |    28 | 1344 | 1.00 | 1.00 |        16.5 |    16.5 |    16.5 
   ijkl-imjn-lnkm |  1344 |  1344 |  784 | 1.00 | 0.86 |       169.9 |   169.9 |   169.9 
   ijkl-imjn-nlmk |  1344 |   784 | 1344 | 1.00 | 0.86 |       161.9 |   161.9 |   161.9 
   ijkl-imkn-jnlm |  1344 |  1344 |  784 | 1.00 | 1.00 |       184.3 |   184.3 |   184.3 
   ijkl-imkn-njml |  1344 |   784 | 1344 | 1.00 | 0.86 |       202.6 |   202.6 |   202.6 
   ijkl-imln-jnkm |  1344 |  1344 |  784 | 1.00 | 1.00 |       185.0 |   185.0 |   185.0 
   ijkl-imln-njmk |  1344 |   784 | 1344 | 1.00 | 0.86 |       175.6 |   175.6 |   175.6 
   ijkl-imnj-nlkm |  1344 |   784 | 1344 | 1.00 | 0.86 |       163.6 |   163.6 |   163.6 
   ijkl-imnk-njml |  1344 |   784 | 1344 | 1.00 | 0.86 |       176.3 |   176.3 |   176.3 
   ijkl-minj-nlmk |  1344 |   784 | 2304 | 1.00 | 0.86 |       193.2 |   193.2 |   193.2 
   ijkl-mink-jnlm |  1344 |  1344 | 1344 | 1.00 | 1.00 |       265.0 |   265.0 |   265.0 
   ijkl-minl-njmk |  1344 |   784 | 2304 | 1.00 | 0.86 |       205.4 |   205.4 |   205.4 
     aqrs-pa-pqrs |    48 | 21952 |   48 | 1.00 | 1.00 |        30.5 |    30.5 |    30.5 
     abrs-qb-aqrs |    28 | 37632 |   48 | 1.00 | 1.00 |        23.4 |    23.4 |    23.4 
     abcs-rc-abrs |    28 | 37632 |   48 | 1.00 | 1.00 |        22.1 |    22.1 |    22.1 
       abj-bka-kj |  9216 |    80 |   96 | 1.00 | 1.00 |        37.5 |    37.5 |    37.5 
       ajb-kba-jk |  7680 |    96 |   96 | 1.00 | 1.00 |        39.5 |    39.5 |    39.5 
     abjc-cbka-kj | 64512 |    28 |   48 | 1.00 | 1.00 |        24.2 |    24.2 |    24.2 
     ajbc-ckba-jk | 64512 |    48 |   28 | 1.00 | 1.00 |        38.4 |    38.4 |    38.4 
     abjc-kbac-jk | 37632 |    48 |   48 | 1.00 | 1.00 |        37.0 |    37.0 |    37.0 
   abjcd-dkbac-jk | 82944 |    24 |   12 | 1.00 | 1.00 |        11.4 |    11.4 |    11.4 
   adbjc-cbdka-kj | 82944 |    12 |   24 | 1.00 | 1.00 |        10.8 |    10.8 |    10.8 
   ajbdc-ckbad-jk | 82944 |    24 |   12 | 1.00 | 1.00 |        14.4 |    14.4 |    14.4 
 abcijk-ijma-mkbc |  4608 |   512 |   24 | 1.00 | 0.94 |        57.0 |    57.0 |    57.0 
 abcijk-ijmb-mkac |  1536 |  1536 |   24 | 1.00 | 0.50 |        72.7 |    72.7 |    72.7 
 abcijk-ijmc-mkab |  1536 |  1536 |   24 | 1.00 | 0.50 |        65.6 |    65.6 |    65.6 
 abcijk-ikma-mjbc |  4608 |   512 |   24 | 1.00 | 0.94 |        57.2 |    57.2 |    57.2 
 abcijk-ikmb-mjac |  1536 |  1536 |   24 | 1.00 | 0.50 |        69.5 |    69.5 |    69.5 
 abcijk-ikmc-mjab |  1536 |  1536 |   24 | 1.00 | 0.50 |        70.7 |    70.7 |    70.7 
 abcijk-jkma-mibc |  4608 |   512 |   24 | 1.00 | 0.94 |        61.4 |    61.4 |    61.4 
 abcijk-jkmb-miac |  1536 |  1536 |   24 | 1.00 | 0.50 |        69.3 |    69.3 |    69.3 
 abcijk-jkmc-miab |  1536 |  1536 |   24 | 1.00 | 0.50 |        71.5 |    71.5 |    71.5 
 abcijk-eiab-jkec |  1536 |  1536 |   24 | 1.00 | 0.50 |        71.3 |    71.3 |    71.3 
 abcijk-eiac-jkeb |  1536 |  1536 |   24 | 1.00 | 0.50 |        62.6 |    62.6 |    62.6 
 abcijk-eibc-jkea |   512 |  4608 |   24 | 1.00 | 0.94 |        56.5 |    56.5 |    56.5 
 abcijk-ejab-ikec |  1536 |  1536 |   24 | 1.00 | 0.50 |        71.6 |    71.6 |    71.6 
 abcijk-ejac-ikeb |  1536 |  1536 |   24 | 1.00 | 0.50 |        68.9 |    68.9 |    68.9 
 abcijk-ejbc-ikea |   512 |  4608 |   24 | 1.00 | 0.94 |        55.5 |    55.5 |    55.5 
 abcijk-ekab-ijec |  1536 |  1536 |   24 | 1.00 | 0.50 |        71.0 |    71.0 |    71.0 
 abcijk-ekac-ijeb |  1536 |  1536 |   24 | 1.00 | 0.50 |        71.0 |    71.0 |    71.0 
 abcijk-ekbc-ijea |   512 |  4608 |   24 | 1.00 | 0.94 |        55.5 |    55.5 |    55.5 
       abc-bk-akc |    96 |  7680 |   80 | 1.00 | 1.00 |        30.0 |    30.0 |    30.0 

=== c64 ===
             case |     m |     n |    k | regA | regB | planar GF/s | 1m GF/s | 3m GF/s 
------------------+-------+-------+------+------+------+-------------+---------+---------
         ij-ik-kj |   744 |   724 |  744 | 1.00 | 1.00 |       249.6 |   214.8 |   166.8 
       ij-ikl-ljk |    96 |    80 | 7680 | 1.00 | 1.00 |        54.8 |    49.7 |    46.6 
       ij-kil-lkj |    96 |    80 | 9216 | 1.00 | 1.00 |        53.3 |    54.1 |    51.4 
       ijk-ikl-lj |  7680 |    80 |   96 | 1.00 | 1.00 |        89.5 |    81.3 |    93.0 
       ijk-il-jlk |    96 |  7680 |   80 | 1.00 | 0.96 |       101.0 |   100.2 |    95.9 
       ijk-ilk-jl |  7680 |    96 |   80 | 1.00 | 1.00 |        75.6 |   101.6 |    90.9 
       ijk-ilk-lj |  7680 |    80 |   96 | 1.00 | 1.00 |       100.6 |    88.6 |    82.6 
     ijk-ilmk-mjl |  1344 |    28 | 1344 | 1.00 | 1.00 |        55.1 |    54.5 |    51.8 
   ijkl-imjn-lnkm |  1344 |  1344 |  784 | 1.00 | 0.86 |       300.8 |   302.7 |   263.3 
   ijkl-imjn-nlmk |  1344 |   784 | 1344 | 1.00 | 0.86 |       315.4 |   305.3 |   351.0 
   ijkl-imkn-jnlm |  1344 |  1344 |  784 | 1.00 | 0.92 |       341.1 |   349.6 |   329.2 
   ijkl-imkn-njml |  1344 |   784 | 1344 | 1.00 | 0.86 |       313.3 |   300.3 |   296.4 
   ijkl-imln-jnkm |  1344 |  1344 |  784 | 1.00 | 0.92 |       298.0 |   293.3 |   283.6 
   ijkl-imln-njmk |  1344 |   784 | 1344 | 1.00 | 0.86 |       306.2 |   337.0 |   305.7 
   ijkl-imnj-nlkm |  1344 |   784 | 1344 | 1.00 | 0.86 |       286.6 |   284.7 |   324.7 
   ijkl-imnk-njml |  1344 |   784 | 1344 | 1.00 | 0.86 |       306.3 |   308.1 |   280.2 
   ijkl-minj-nlmk |  1344 |   784 | 2304 | 1.00 | 0.86 |       341.4 |   321.2 |   286.7 
   ijkl-mink-jnlm |  1344 |  1344 | 1344 | 1.00 | 0.92 |       338.3 |   361.9 |   336.5 
   ijkl-minl-njmk |  1344 |   784 | 2304 | 1.00 | 0.86 |       367.5 |   347.7 |   328.6 
     aqrs-pa-pqrs |    48 | 21952 |   48 | 1.00 | 1.00 |        86.4 |    90.1 |    86.9 
     abrs-qb-aqrs |    28 | 37632 |   48 | 1.00 | 1.00 |        75.0 |    81.7 |    69.3 
     abcs-rc-abrs |    28 | 37632 |   48 | 1.00 | 1.00 |        65.9 |    61.1 |    69.6 
       abj-bka-kj |  9216 |    80 |   96 | 1.00 | 1.00 |       104.2 |    93.8 |    93.6 
       ajb-kba-jk |  7680 |    96 |   96 | 1.00 | 1.00 |       104.5 |   107.6 |   111.5 
     abjc-cbka-kj | 64512 |    28 |   48 | 1.00 | 1.00 |        60.1 |    66.8 |    54.9 
     ajbc-ckba-jk | 64512 |    48 |   28 | 1.00 | 1.00 |        81.0 |    76.8 |    76.6 
     abjc-kbac-jk | 37632 |    48 |   48 | 1.00 | 1.00 |       124.9 |   113.0 |   115.1 
   abjcd-dkbac-jk | 82944 |    24 |   12 | 1.00 | 1.00 |        33.7 |    38.6 |    33.5 
   adbjc-cbdka-kj | 82944 |    12 |   24 | 1.00 | 1.00 |        31.0 |    28.6 |    25.3 
   ajbdc-ckbad-jk | 82944 |    24 |   12 | 1.00 | 1.00 |        34.5 |    32.8 |    33.2 
 abcijk-ijma-mkbc |  4608 |   512 |   24 | 1.00 | 0.94 |       163.2 |   148.7 |   143.8 
 abcijk-ijmb-mkac |  1536 |  1536 |   24 | 1.00 | 0.50 |       175.7 |   184.7 |   182.5 
 abcijk-ijmc-mkab |  1536 |  1536 |   24 | 1.00 | 0.50 |       196.9 |   205.8 |   186.5 
 abcijk-ikma-mjbc |  4608 |   512 |   24 | 1.00 | 0.94 |       147.3 |   150.9 |   157.0 
 abcijk-ikmb-mjac |  1536 |  1536 |   24 | 1.00 | 0.50 |       177.4 |   186.4 |   172.8 
 abcijk-ikmc-mjab |  1536 |  1536 |   24 | 1.00 | 0.50 |       192.0 |   179.8 |   182.9 
 abcijk-jkma-mibc |  4608 |   512 |   24 | 1.00 | 0.94 |       158.3 |   143.5 |   155.0 
 abcijk-jkmb-miac |  1536 |  1536 |   24 | 1.00 | 0.50 |       177.6 |   186.1 |   174.1 
 abcijk-jkmc-miab |  1536 |  1536 |   24 | 1.00 | 0.50 |       190.9 |   197.5 |   168.3 
 abcijk-eiab-jkec |  1536 |  1536 |   24 | 1.00 | 0.50 |       208.8 |   211.5 |   178.4 
 abcijk-eiac-jkeb |  1536 |  1536 |   24 | 1.00 | 0.50 |       178.9 |   193.0 |   177.6 
 abcijk-eibc-jkea |   512 |  4608 |   24 | 1.00 | 0.94 |       148.7 |   149.9 |   157.9 
 abcijk-ejab-ikec |  1536 |  1536 |   24 | 1.00 | 0.50 |       188.6 |   198.7 |   185.7 
 abcijk-ejac-ikeb |  1536 |  1536 |   24 | 1.00 | 0.50 |       179.6 |   152.1 |   183.5 
 abcijk-ejbc-ikea |   512 |  4608 |   24 | 1.00 | 0.94 |       157.1 |   149.8 |   152.4 
 abcijk-ekab-ijec |  1536 |  1536 |   24 | 1.00 | 0.50 |       201.0 |   196.1 |   189.8 
 abcijk-ekac-ijeb |  1536 |  1536 |   24 | 1.00 | 0.50 |       183.4 |   190.4 |   166.6 
 abcijk-ekbc-ijea |   512 |  4608 |   24 | 1.00 | 0.94 |       164.0 |   160.1 |   152.5 
       abc-bk-akc |    96 |  7680 |   80 | 1.00 | 1.00 |        81.5 |    84.7 |    93.5 

=== complex efficiency ratio (c64 GF/s over f64 GF/s; 1.0 = no penalty) ===
             case | planar c64/f64 | 1m c64/f64 | 3m c64/f64 
------------------+----------------+------------+------------
         ij-ik-kj |          2.191 |      1.886 |      1.464 
       ij-ikl-ljk |          2.771 |      2.514 |      2.357 
       ij-kil-lkj |          2.369 |      2.402 |      2.284 
       ijk-ikl-lj |          2.894 |      2.627 |      3.006 
       ijk-il-jlk |          2.934 |      2.911 |      2.785 
       ijk-ilk-jl |          2.478 |      3.330 |      2.982 
       ijk-ilk-lj |          3.397 |      2.990 |      2.788 
     ijk-ilmk-mjl |          3.331 |      3.297 |      3.136 
   ijkl-imjn-lnkm |          1.771 |      1.782 |      1.550 
   ijkl-imjn-nlmk |          1.948 |      1.886 |      2.168 
   ijkl-imkn-jnlm |          1.851 |      1.897 |      1.786 
   ijkl-imkn-njml |          1.546 |      1.482 |      1.463 
   ijkl-imln-jnkm |          1.611 |      1.586 |      1.533 
   ijkl-imln-njmk |          1.744 |      1.919 |      1.741 
   ijkl-imnj-nlkm |          1.752 |      1.740 |      1.985 
   ijkl-imnk-njml |          1.737 |      1.747 |      1.589 
   ijkl-minj-nlmk |          1.767 |      1.662 |      1.484 
   ijkl-mink-jnlm |          1.277 |      1.366 |      1.270 
   ijkl-minl-njmk |          1.789 |      1.693 |      1.600 
     aqrs-pa-pqrs |          2.833 |      2.953 |      2.851 
     abrs-qb-aqrs |          3.201 |      3.485 |      2.958 
     abcs-rc-abrs |          2.986 |      2.767 |      3.151 
       abj-bka-kj |          2.776 |      2.499 |      2.495 
       ajb-kba-jk |          2.648 |      2.727 |      2.824 
     abjc-cbka-kj |          2.485 |      2.762 |      2.269 
     ajbc-ckba-jk |          2.111 |      2.001 |      1.997 
     abjc-kbac-jk |          3.380 |      3.057 |      3.114 
   abjcd-dkbac-jk |          2.943 |      3.369 |      2.923 
   adbjc-cbdka-kj |          2.871 |      2.654 |      2.342 
   ajbdc-ckbad-jk |          2.392 |      2.273 |      2.299 
 abcijk-ijma-mkbc |          2.862 |      2.607 |      2.521 
 abcijk-ijmb-mkac |          2.416 |      2.540 |      2.510 
 abcijk-ijmc-mkab |          2.999 |      3.136 |      2.841 
 abcijk-ikma-mjbc |          2.574 |      2.638 |      2.744 
 abcijk-ikmb-mjac |          2.554 |      2.684 |      2.488 
 abcijk-ikmc-mjab |          2.717 |      2.544 |      2.589 
 abcijk-jkma-mibc |          2.580 |      2.339 |      2.526 
 abcijk-jkmb-miac |          2.561 |      2.684 |      2.511 
 abcijk-jkmc-miab |          2.671 |      2.764 |      2.354 
 abcijk-eiab-jkec |          2.929 |      2.967 |      2.502 
 abcijk-eiac-jkeb |          2.858 |      3.083 |      2.838 
 abcijk-eibc-jkea |          2.630 |      2.651 |      2.792 
 abcijk-ejab-ikec |          2.635 |      2.776 |      2.595 
 abcijk-ejac-ikeb |          2.606 |      2.206 |      2.662 
 abcijk-ejbc-ikea |          2.829 |      2.698 |      2.744 
 abcijk-ekab-ijec |          2.831 |      2.761 |      2.674 
 abcijk-ekac-ijeb |          2.584 |      2.683 |      2.348 
 abcijk-ekbc-ijea |          2.956 |      2.886 |      2.748 
       abc-bk-akc |          2.719 |      2.825 |      3.120 
             MEAN |          2.516 |      2.505 |      2.414 

wrote bench-results/worker5086-zen2/phase4g/sm-s4-t64-f64c64.csv
