host        : worker5086
target      : x86_64 / linux
cpu features: avx2 fma 
caches      : L1=32KiB/8-way/1sh L2=512KiB/8-way/1sh L3=16384KiB/16-way/4sh (via sysfs), blocking=legacy
l3 domains  : t1=1 t4=1 t8=2
baselines   : tblis=false blas=false

sweeping 49 cases at 16 MiB nominal tensor size, 3 reps, stress=none


=== f32 ===
             case |      m |     n |     k | regA | regB | planar GF/s | 1m GF/s | 3m GF/s 
------------------+--------+-------+-------+------+------+-------------+---------+---------
         ij-ik-kj |   1464 |  1448 |  1464 | 1.00 | 1.00 |       305.5 |   305.5 |   305.5 
       ij-ikl-ljk |    144 |   128 | 18432 | 1.00 | 1.00 |       107.8 |   107.8 |   107.8 
       ij-kil-lkj |    144 |   128 | 20736 | 1.00 | 1.00 |       120.0 |   120.0 |   120.0 
       ijk-ikl-lj |  18432 |   128 |   144 | 1.00 | 1.00 |       163.9 |   163.9 |   163.9 
       ijk-il-jlk |    144 | 18432 |   128 | 1.00 | 1.00 |       166.9 |   166.9 |   166.9 
       ijk-ilk-jl |  18432 |   144 |   128 | 1.00 | 1.00 |       246.9 |   246.9 |   246.9 
       ijk-ilk-lj |  18432 |   128 |   144 | 1.00 | 1.00 |       219.9 |   219.9 |   219.9 
     ijk-ilmk-mjl |   1920 |    40 |  1920 | 1.00 | 1.00 |       173.2 |   173.2 |   173.2 
   ijkl-imjn-lnkm |   1920 |  1920 |  1600 | 1.00 | 0.90 |       287.9 |   287.9 |   287.9 
   ijkl-imjn-nlmk |   1920 |  1600 |  1920 | 1.00 | 0.90 |       304.9 |   304.9 |   304.9 
   ijkl-imkn-jnlm |   1920 |  1920 |  1600 | 1.00 | 1.00 |       299.8 |   299.8 |   299.8 
   ijkl-imkn-njml |   1920 |  1600 |  1920 | 1.00 | 0.90 |       306.4 |   306.4 |   306.4 
   ijkl-imln-jnkm |   1920 |  1920 |  1600 | 1.00 | 1.00 |       301.8 |   301.8 |   301.8 
   ijkl-imln-njmk |   1920 |  1600 |  1920 | 1.00 | 0.90 |       309.7 |   309.7 |   309.7 
   ijkl-imnj-nlkm |   1920 |  1600 |  1920 | 1.00 | 0.90 |       304.0 |   304.0 |   304.0 
   ijkl-imnk-njml |   1920 |  1600 |  1920 | 1.00 | 0.90 |       308.8 |   308.8 |   308.8 
   ijkl-minj-nlmk |   1920 |  1600 |  2304 | 1.00 | 0.90 |       305.6 |   305.6 |   305.6 
   ijkl-mink-jnlm |   1920 |  1920 |  1920 | 1.00 | 1.00 |       307.9 |   307.9 |   307.9 
   ijkl-minl-njmk |   1920 |  1600 |  2304 | 1.00 | 0.90 |       308.9 |   308.9 |   308.9 
     aqrs-pa-pqrs |     48 | 64000 |    48 | 1.00 | 1.00 |       136.7 |   136.7 |   136.7 
     abrs-qb-aqrs |     40 | 76800 |    48 | 1.00 | 1.00 |       127.3 |   127.3 |   127.3 
     abcs-rc-abrs |     40 | 76800 |    48 | 1.00 | 1.00 |       138.9 |   138.9 |   138.9 
       abj-bka-kj |  20736 |   128 |   144 | 1.00 | 1.00 |       216.9 |   216.9 |   216.9 
       ajb-kba-jk |  18432 |   144 |   144 | 1.00 | 1.00 |       215.4 |   215.4 |   215.4 
     abjc-cbka-kj |  92160 |    40 |    48 | 1.00 | 1.00 |        41.3 |    41.3 |    41.3 
     ajbc-ckba-jk |  92160 |    48 |    40 | 1.00 | 1.00 |        69.4 |    69.4 |    69.4 
     abjc-kbac-jk |  76800 |    48 |    48 | 1.00 | 1.00 |       138.5 |   138.5 |   138.5 
   abjcd-dkbac-jk | 230400 |    24 |    20 | 0.67 | 1.00 |        24.9 |    24.9 |    24.9 
   adbjc-cbdka-kj | 230400 |    20 |    24 | 0.67 | 1.00 |        19.6 |    19.6 |    19.6 
   ajbdc-ckbad-jk | 230400 |    24 |    20 | 1.00 | 1.00 |        20.2 |    20.2 |    20.2 
 abcijk-ijma-mkbc |   6912 |  1728 |    24 | 1.00 | 1.00 |       111.6 |   111.6 |   111.6 
 abcijk-ijmb-mkac |   3456 |  3456 |    24 | 1.00 | 1.00 |        91.1 |    91.1 |    91.1 
 abcijk-ijmc-mkab |   3456 |  3456 |    24 | 1.00 | 1.00 |       128.7 |   128.7 |   128.7 
 abcijk-ikma-mjbc |   6912 |  1728 |    24 | 1.00 | 1.00 |       110.3 |   110.3 |   110.3 
 abcijk-ikmb-mjac |   3456 |  3456 |    24 | 1.00 | 1.00 |        93.3 |    93.3 |    93.3 
 abcijk-ikmc-mjab |   3456 |  3456 |    24 | 1.00 | 1.00 |       127.8 |   127.8 |   127.8 
 abcijk-jkma-mibc |   6912 |  1728 |    24 | 1.00 | 1.00 |       113.2 |   113.2 |   113.2 
 abcijk-jkmb-miac |   3456 |  3456 |    24 | 1.00 | 1.00 |        92.6 |    92.6 |    92.6 
 abcijk-jkmc-miab |   3456 |  3456 |    24 | 1.00 | 1.00 |       127.0 |   127.0 |   127.0 
 abcijk-eiab-jkec |   3456 |  3456 |    24 | 1.00 | 1.00 |       126.5 |   126.5 |   126.5 
 abcijk-eiac-jkeb |   3456 |  3456 |    24 | 1.00 | 1.00 |        92.9 |    92.9 |    92.9 
 abcijk-eibc-jkea |   1728 |  6912 |    24 | 1.00 | 1.00 |       112.9 |   112.9 |   112.9 
 abcijk-ejab-ikec |   3456 |  3456 |    24 | 1.00 | 1.00 |       125.9 |   125.9 |   125.9 
 abcijk-ejac-ikeb |   3456 |  3456 |    24 | 1.00 | 1.00 |        93.5 |    93.5 |    93.5 
 abcijk-ejbc-ikea |   1728 |  6912 |    24 | 1.00 | 1.00 |       110.7 |   110.7 |   110.7 
 abcijk-ekab-ijec |   3456 |  3456 |    24 | 1.00 | 1.00 |       127.2 |   127.2 |   127.2 
 abcijk-ekac-ijeb |   3456 |  3456 |    24 | 1.00 | 1.00 |        92.4 |    92.4 |    92.4 
 abcijk-ekbc-ijea |   1728 |  6912 |    24 | 1.00 | 1.00 |       111.7 |   111.7 |   111.7 
       abc-bk-akc |    144 | 18432 |   128 | 1.00 | 1.00 |       249.9 |   249.9 |   249.9 

=== c32 ===
             case |      m |     n |     k | regA | regB | planar GF/s | 1m GF/s | 3m GF/s 
------------------+--------+-------+-------+------+------+-------------+---------+---------
         ij-ik-kj |   1464 |  1448 |  1464 | 1.00 | 1.00 |       323.5 |   326.3 |   319.6 
       ij-ikl-ljk |    144 |   128 | 18432 | 1.00 | 1.00 |       195.1 |   180.5 |   179.9 
       ij-kil-lkj |    144 |   128 | 20736 | 1.00 | 1.00 |       204.4 |   208.2 |   210.9 
       ijk-ikl-lj |  18432 |   128 |   144 | 1.00 | 1.00 |       252.7 |   236.7 |   231.0 
       ijk-il-jlk |    144 | 18432 |   128 | 1.00 | 0.97 |       242.7 |   248.5 |   253.1 
       ijk-ilk-jl |  18432 |   144 |   128 | 1.00 | 1.00 |       262.9 |   258.1 |   282.4 
       ijk-ilk-lj |  18432 |   128 |   144 | 1.00 | 1.00 |       260.2 |   268.3 |   257.9 
     ijk-ilmk-mjl |   1920 |    40 |  1920 | 1.00 | 1.00 |       208.6 |   191.1 |   193.6 
   ijkl-imjn-lnkm |   1920 |  1920 |  1600 | 1.00 | 1.00 |       327.0 |   321.6 |   322.9 
   ijkl-imjn-nlmk |   1920 |  1600 |  1920 | 1.00 | 1.00 |       335.3 |   322.0 |   329.4 
   ijkl-imkn-jnlm |   1920 |  1920 |  1600 | 1.00 | 0.92 |       324.4 |   314.0 |   313.1 
   ijkl-imkn-njml |   1920 |  1600 |  1920 | 1.00 | 1.00 |       326.7 |   321.1 |   322.9 
   ijkl-imln-jnkm |   1920 |  1920 |  1600 | 1.00 | 0.92 |       322.7 |   314.9 |   317.0 
   ijkl-imln-njmk |   1920 |  1600 |  1920 | 1.00 | 1.00 |       330.5 |   322.4 |   318.0 
   ijkl-imnj-nlkm |   1920 |  1600 |  1920 | 1.00 | 1.00 |       334.1 |   321.2 |   329.4 
   ijkl-imnk-njml |   1920 |  1600 |  1920 | 1.00 | 1.00 |       329.4 |   319.7 |   324.5 
   ijkl-minj-nlmk |   1920 |  1600 |  2304 | 1.00 | 1.00 |       330.8 |   320.0 |   329.9 
   ijkl-mink-jnlm |   1920 |  1920 |  1920 | 1.00 | 0.92 |       329.5 |   318.9 |   325.5 
   ijkl-minl-njmk |   1920 |  1600 |  2304 | 1.00 | 1.00 |       328.3 |   319.9 |   322.4 
     aqrs-pa-pqrs |     48 | 64000 |    48 | 1.00 | 1.00 |       124.3 |   133.1 |   118.0 
     abrs-qb-aqrs |     40 | 76800 |    48 | 1.00 | 1.00 |       178.1 |   179.7 |   184.7 
     abcs-rc-abrs |     40 | 76800 |    48 | 1.00 | 1.00 |       164.2 |   179.5 |   186.8 
       abj-bka-kj |  20736 |   128 |   144 | 1.00 | 1.00 |       262.8 |   253.5 |   264.3 
       ajb-kba-jk |  18432 |   144 |   144 | 1.00 | 1.00 |       303.8 |   315.3 |   302.3 
     abjc-cbka-kj |  92160 |    40 |    48 | 1.00 | 1.00 |        81.2 |    64.8 |    72.0 
     ajbc-ckba-jk |  92160 |    48 |    40 | 1.00 | 1.00 |        95.6 |    78.3 |    80.7 
     abjc-kbac-jk |  76800 |    48 |    48 | 1.00 | 1.00 |       207.8 |   212.9 |   208.1 
   abjcd-dkbac-jk | 230400 |    24 |    20 | 1.00 | 1.00 |        54.9 |    47.9 |    50.5 
   adbjc-cbdka-kj | 230400 |    20 |    24 | 1.00 | 1.00 |        41.9 |    34.0 |    35.9 
   ajbdc-ckbad-jk | 230400 |    24 |    20 | 1.00 | 1.00 |        54.0 |    47.6 |    50.2 
 abcijk-ijma-mkbc |   6912 |  1728 |    24 | 1.00 | 0.97 |       199.6 |   227.2 |   199.1 
 abcijk-ijmb-mkac |   3456 |  3456 |    24 | 1.00 | 0.67 |       177.3 |   205.9 |   180.7 
 abcijk-ijmc-mkab |   3456 |  3456 |    24 | 1.00 | 0.67 |       201.2 |   226.2 |   195.9 
 abcijk-ikma-mjbc |   6912 |  1728 |    24 | 1.00 | 0.97 |       199.5 |   226.7 |   200.0 
 abcijk-ikmb-mjac |   3456 |  3456 |    24 | 1.00 | 0.67 |       177.1 |   205.6 |   180.6 
 abcijk-ikmc-mjab |   3456 |  3456 |    24 | 1.00 | 0.67 |       201.4 |   226.7 |   195.6 
 abcijk-jkma-mibc |   6912 |  1728 |    24 | 1.00 | 0.97 |       202.5 |   231.9 |   201.4 
 abcijk-jkmb-miac |   3456 |  3456 |    24 | 1.00 | 0.67 |       178.2 |   204.6 |   181.2 
 abcijk-jkmc-miab |   3456 |  3456 |    24 | 1.00 | 0.67 |       201.4 |   224.6 |   196.2 
 abcijk-eiab-jkec |   3456 |  3456 |    24 | 1.00 | 0.67 |       199.4 |   223.4 |   195.5 
 abcijk-eiac-jkeb |   3456 |  3456 |    24 | 1.00 | 0.67 |       177.3 |   203.4 |   179.1 
 abcijk-eibc-jkea |   1728 |  6912 |    24 | 1.00 | 0.97 |       202.5 |   231.1 |   201.7 
 abcijk-ejab-ikec |   3456 |  3456 |    24 | 1.00 | 0.67 |       200.7 |   226.2 |   195.5 
 abcijk-ejac-ikeb |   3456 |  3456 |    24 | 1.00 | 0.67 |       176.0 |   203.8 |   179.7 
 abcijk-ejbc-ikea |   1728 |  6912 |    24 | 1.00 | 0.97 |       198.7 |   226.4 |   199.8 
 abcijk-ekab-ijec |   3456 |  3456 |    24 | 1.00 | 0.67 |       199.8 |   226.0 |   194.9 
 abcijk-ekac-ijeb |   3456 |  3456 |    24 | 1.00 | 0.67 |       176.6 |   204.6 |   179.5 
 abcijk-ekbc-ijea |   1728 |  6912 |    24 | 1.00 | 0.97 |       199.6 |   226.9 |   199.6 
       abc-bk-akc |    144 | 18432 |   128 | 1.00 | 1.00 |       252.9 |   247.4 |   256.7 

=== complex efficiency ratio (c32 GF/s over f32 GF/s; 1.0 = no penalty) ===
             case | planar c32/f32 | 1m c32/f32 | 3m c32/f32 
------------------+----------------+------------+------------
         ij-ik-kj |          1.059 |      1.068 |      1.046 
       ij-ikl-ljk |          1.810 |      1.674 |      1.669 
       ij-kil-lkj |          1.704 |      1.736 |      1.758 
       ijk-ikl-lj |          1.542 |      1.444 |      1.410 
       ijk-il-jlk |          1.454 |      1.489 |      1.517 
       ijk-ilk-jl |          1.065 |      1.045 |      1.144 
       ijk-ilk-lj |          1.183 |      1.220 |      1.173 
     ijk-ilmk-mjl |          1.205 |      1.104 |      1.118 
   ijkl-imjn-lnkm |          1.136 |      1.117 |      1.121 
   ijkl-imjn-nlmk |          1.100 |      1.056 |      1.080 
   ijkl-imkn-jnlm |          1.082 |      1.047 |      1.044 
   ijkl-imkn-njml |          1.066 |      1.048 |      1.054 
   ijkl-imln-jnkm |          1.069 |      1.043 |      1.050 
   ijkl-imln-njmk |          1.067 |      1.041 |      1.027 
   ijkl-imnj-nlkm |          1.099 |      1.056 |      1.084 
   ijkl-imnk-njml |          1.067 |      1.036 |      1.051 
   ijkl-minj-nlmk |          1.082 |      1.047 |      1.079 
   ijkl-mink-jnlm |          1.070 |      1.036 |      1.057 
   ijkl-minl-njmk |          1.063 |      1.036 |      1.044 
     aqrs-pa-pqrs |          0.909 |      0.973 |      0.863 
     abrs-qb-aqrs |          1.399 |      1.411 |      1.451 
     abcs-rc-abrs |          1.182 |      1.293 |      1.345 
       abj-bka-kj |          1.212 |      1.169 |      1.219 
       ajb-kba-jk |          1.410 |      1.464 |      1.403 
     abjc-cbka-kj |          1.967 |      1.570 |      1.744 
     ajbc-ckba-jk |          1.377 |      1.128 |      1.163 
     abjc-kbac-jk |          1.500 |      1.537 |      1.503 
   abjcd-dkbac-jk |          2.206 |      1.925 |      2.029 
   adbjc-cbdka-kj |          2.136 |      1.731 |      1.832 
   ajbdc-ckbad-jk |          2.676 |      2.361 |      2.490 
 abcijk-ijma-mkbc |          1.788 |      2.035 |      1.783 
 abcijk-ijmb-mkac |          1.946 |      2.259 |      1.983 
 abcijk-ijmc-mkab |          1.564 |      1.758 |      1.523 
 abcijk-ikma-mjbc |          1.808 |      2.055 |      1.813 
 abcijk-ikmb-mjac |          1.899 |      2.204 |      1.936 
 abcijk-ikmc-mjab |          1.576 |      1.774 |      1.531 
 abcijk-jkma-mibc |          1.789 |      2.049 |      1.780 
 abcijk-jkmb-miac |          1.924 |      2.208 |      1.957 
 abcijk-jkmc-miab |          1.586 |      1.768 |      1.544 
 abcijk-eiab-jkec |          1.576 |      1.766 |      1.545 
 abcijk-eiac-jkeb |          1.909 |      2.189 |      1.927 
 abcijk-eibc-jkea |          1.795 |      2.048 |      1.787 
 abcijk-ejab-ikec |          1.594 |      1.796 |      1.553 
 abcijk-ejac-ikeb |          1.882 |      2.179 |      1.922 
 abcijk-ejbc-ikea |          1.795 |      2.045 |      1.806 
 abcijk-ekab-ijec |          1.571 |      1.777 |      1.533 
 abcijk-ekac-ijeb |          1.911 |      2.214 |      1.943 
 abcijk-ekbc-ijea |          1.787 |      2.031 |      1.787 
       abc-bk-akc |          1.012 |      0.990 |      1.027 
             MEAN |          1.502 |      1.552 |      1.474 

wrote bench-results/worker5086-zen2/phase4g/sm-s16-t4-f32c32.csv
