host        : worker5086
target      : x86_64 / linux
cpu features: avx2 fma 
caches      : L1=32KiB/8-way/1sh L2=512KiB/8-way/1sh L3=16384KiB/16-way/4sh (via sysfs), blocking=legacy
l3 domains  : t1=1 t4=1 t8=2 t16=4 t32=8
baselines   : tblis=false blas=false

sweeping 49 cases at 16 MiB nominal tensor size, 3 reps, stress=none


=== f64 ===
             case |      m |     n |     k | regA | regB | planar GF/s | 1m GF/s | 3m GF/s 
------------------+--------+-------+-------+------+------+-------------+---------+---------
         ij-ik-kj |   1464 |  1448 |  1464 | 1.00 | 1.00 |       213.1 |   213.1 |   213.1 
       ij-ikl-ljk |    144 |   128 | 18432 | 1.00 | 1.00 |        59.7 |    59.7 |    59.7 
       ij-kil-lkj |    144 |   128 | 20736 | 1.00 | 1.00 |        72.1 |    72.1 |    72.1 
       ijk-ikl-lj |  18432 |   128 |   144 | 1.00 | 1.00 |       149.3 |   149.3 |   149.3 
       ijk-il-jlk |    144 | 18432 |   128 | 1.00 | 1.00 |        91.5 |    91.5 |    91.5 
       ijk-ilk-jl |  18432 |   144 |   128 | 1.00 | 1.00 |       173.9 |   173.9 |   173.9 
       ijk-ilk-lj |  18432 |   128 |   144 | 1.00 | 1.00 |       189.9 |   189.9 |   189.9 
     ijk-ilmk-mjl |   1920 |    40 |  1920 | 1.00 | 1.00 |        83.8 |    83.8 |    83.8 
   ijkl-imjn-lnkm |   1920 |  1920 |  1600 | 1.00 | 0.90 |       208.7 |   208.7 |   208.7 
   ijkl-imjn-nlmk |   1920 |  1600 |  1920 | 1.00 | 0.90 |       264.2 |   264.2 |   264.2 
   ijkl-imkn-jnlm |   1920 |  1920 |  1600 | 1.00 | 1.00 |       383.0 |   383.0 |   383.0 
   ijkl-imkn-njml |   1920 |  1600 |  1920 | 1.00 | 0.90 |       381.3 |   381.3 |   381.3 
   ijkl-imln-jnkm |   1920 |  1920 |  1600 | 1.00 | 1.00 |       396.6 |   396.6 |   396.6 
   ijkl-imln-njmk |   1920 |  1600 |  1920 | 1.00 | 0.90 |       320.5 |   320.5 |   320.5 
   ijkl-imnj-nlkm |   1920 |  1600 |  1920 | 1.00 | 0.90 |       299.4 |   299.4 |   299.4 
   ijkl-imnk-njml |   1920 |  1600 |  1920 | 1.00 | 0.90 |       373.2 |   373.2 |   373.2 
   ijkl-minj-nlmk |   1920 |  1600 |  2304 | 1.00 | 0.90 |       315.5 |   315.5 |   315.5 
   ijkl-mink-jnlm |   1920 |  1920 |  1920 | 1.00 | 1.00 |       330.9 |   330.9 |   330.9 
   ijkl-minl-njmk |   1920 |  1600 |  2304 | 1.00 | 0.90 |       248.6 |   248.6 |   248.6 
     aqrs-pa-pqrs |     48 | 64000 |    48 | 1.00 | 1.00 |        86.5 |    86.5 |    86.5 
     abrs-qb-aqrs |     40 | 76800 |    48 | 1.00 | 1.00 |       108.0 |   108.0 |   108.0 
     abcs-rc-abrs |     40 | 76800 |    48 | 1.00 | 1.00 |        81.2 |    81.2 |    81.2 
       abj-bka-kj |  20736 |   128 |   144 | 1.00 | 1.00 |       149.3 |   149.3 |   149.3 
       ajb-kba-jk |  18432 |   144 |   144 | 1.00 | 1.00 |       189.3 |   189.3 |   189.3 
     abjc-cbka-kj |  92160 |    40 |    48 | 1.00 | 1.00 |        37.9 |    37.9 |    37.9 
     ajbc-ckba-jk |  92160 |    48 |    40 | 1.00 | 1.00 |        49.4 |    49.4 |    49.4 
     abjc-kbac-jk |  76800 |    48 |    48 | 1.00 | 1.00 |       100.7 |   100.7 |   100.7 
   abjcd-dkbac-jk | 230400 |    24 |    20 | 1.00 | 1.00 |        22.8 |    22.8 |    22.8 
   adbjc-cbdka-kj | 230400 |    20 |    24 | 1.00 | 1.00 |        18.7 |    18.7 |    18.7 
   ajbdc-ckbad-jk | 230400 |    24 |    20 | 1.00 | 1.00 |        20.3 |    20.3 |    20.3 
 abcijk-ijma-mkbc |   6912 |  1728 |    24 | 1.00 | 1.00 |       101.3 |   101.3 |   101.3 
 abcijk-ijmb-mkac |   3456 |  3456 |    24 | 1.00 | 1.00 |       110.1 |   110.1 |   110.1 
 abcijk-ijmc-mkab |   3456 |  3456 |    24 | 1.00 | 1.00 |       110.6 |   110.6 |   110.6 
 abcijk-ikma-mjbc |   6912 |  1728 |    24 | 1.00 | 1.00 |       102.0 |   102.0 |   102.0 
 abcijk-ikmb-mjac |   3456 |  3456 |    24 | 1.00 | 1.00 |       109.8 |   109.8 |   109.8 
 abcijk-ikmc-mjab |   3456 |  3456 |    24 | 1.00 | 1.00 |       109.4 |   109.4 |   109.4 
 abcijk-jkma-mibc |   6912 |  1728 |    24 | 1.00 | 1.00 |       105.5 |   105.5 |   105.5 
 abcijk-jkmb-miac |   3456 |  3456 |    24 | 1.00 | 1.00 |       112.3 |   112.3 |   112.3 
 abcijk-jkmc-miab |   3456 |  3456 |    24 | 1.00 | 1.00 |       111.1 |   111.1 |   111.1 
 abcijk-eiab-jkec |   3456 |  3456 |    24 | 1.00 | 1.00 |       110.0 |   110.0 |   110.0 
 abcijk-eiac-jkeb |   3456 |  3456 |    24 | 1.00 | 1.00 |       112.3 |   112.3 |   112.3 
 abcijk-eibc-jkea |   1728 |  6912 |    24 | 1.00 | 1.00 |       102.3 |   102.3 |   102.3 
 abcijk-ejab-ikec |   3456 |  3456 |    24 | 1.00 | 1.00 |       109.1 |   109.1 |   109.1 
 abcijk-ejac-ikeb |   3456 |  3456 |    24 | 1.00 | 1.00 |       109.5 |   109.5 |   109.5 
 abcijk-ejbc-ikea |   1728 |  6912 |    24 | 1.00 | 1.00 |       102.4 |   102.4 |   102.4 
 abcijk-ekab-ijec |   3456 |  3456 |    24 | 1.00 | 1.00 |       110.0 |   110.0 |   110.0 
 abcijk-ekac-ijeb |   3456 |  3456 |    24 | 1.00 | 1.00 |       110.3 |   110.3 |   110.3 
 abcijk-ekbc-ijea |   1728 |  6912 |    24 | 1.00 | 1.00 |       102.4 |   102.4 |   102.4 
       abc-bk-akc |    144 | 18432 |   128 | 1.00 | 1.00 |       171.1 |   171.1 |   171.1 

=== c64 ===
             case |      m |     n |     k | regA | regB | planar GF/s | 1m GF/s | 3m GF/s 
------------------+--------+-------+-------+------+------+-------------+---------+---------
         ij-ik-kj |   1464 |  1448 |  1464 | 1.00 | 1.00 |       411.1 |   357.9 |   252.7 
       ij-ikl-ljk |    144 |   128 | 18432 | 1.00 | 1.00 |       145.7 |   133.1 |   139.8 
       ij-kil-lkj |    144 |   128 | 20736 | 1.00 | 1.00 |       135.4 |   176.0 |   126.4 
       ijk-ikl-lj |  18432 |   128 |   144 | 1.00 | 1.00 |       296.2 |   248.4 |   263.3 
       ijk-il-jlk |    144 | 18432 |   128 | 1.00 | 0.97 |       149.0 |   142.6 |   128.1 
       ijk-ilk-jl |  18432 |   144 |   128 | 1.00 | 1.00 |       317.5 |   330.3 |   292.3 
       ijk-ilk-lj |  18432 |   128 |   144 | 1.00 | 1.00 |       326.0 |   311.2 |   304.9 
     ijk-ilmk-mjl |   1920 |    40 |  1920 | 1.00 | 1.00 |       134.2 |   139.1 |   124.3 
   ijkl-imjn-lnkm |   1920 |  1920 |  1600 | 1.00 | 1.00 |       461.3 |   442.8 |   359.5 
   ijkl-imjn-nlmk |   1920 |  1600 |  1920 | 1.00 | 1.00 |       427.9 |   520.2 |   379.9 
   ijkl-imkn-jnlm |   1920 |  1920 |  1600 | 1.00 | 0.92 |       492.7 |   530.2 |   436.0 
   ijkl-imkn-njml |   1920 |  1600 |  1920 | 1.00 | 1.00 |       507.7 |   494.5 |   390.5 
   ijkl-imln-jnkm |   1920 |  1920 |  1600 | 1.00 | 0.92 |       487.4 |   449.9 |   398.6 
   ijkl-imln-njmk |   1920 |  1600 |  1920 | 1.00 | 1.00 |       401.6 |   393.1 |   425.6 
   ijkl-imnj-nlkm |   1920 |  1600 |  1920 | 1.00 | 1.00 |       467.1 |   410.4 |   414.8 
   ijkl-imnk-njml |   1920 |  1600 |  1920 | 1.00 | 1.00 |       517.9 |   474.7 |   502.4 
   ijkl-minj-nlmk |   1920 |  1600 |  2304 | 1.00 | 1.00 |       426.9 |   443.1 |   423.0 
   ijkl-mink-jnlm |   1920 |  1920 |  1920 | 1.00 | 0.92 |       417.9 |   472.5 |   455.3 
   ijkl-minl-njmk |   1920 |  1600 |  2304 | 1.00 | 1.00 |       518.7 |   476.5 |   394.7 
     aqrs-pa-pqrs |     48 | 64000 |    48 | 1.00 | 1.00 |       141.3 |   170.6 |   119.8 
     abrs-qb-aqrs |     40 | 76800 |    48 | 1.00 | 1.00 |       165.4 |   163.7 |   146.1 
     abcs-rc-abrs |     40 | 76800 |    48 | 1.00 | 1.00 |       162.7 |   171.8 |   151.9 
       abj-bka-kj |  20736 |   128 |   144 | 1.00 | 1.00 |       283.9 |   253.2 |   275.6 
       ajb-kba-jk |  18432 |   144 |   144 | 1.00 | 1.00 |       312.6 |   325.4 |   428.5 
     abjc-cbka-kj |  92160 |    40 |    48 | 1.00 | 1.00 |       103.9 |    86.5 |    92.6 
     ajbc-ckba-jk |  92160 |    48 |    40 | 1.00 | 1.00 |       103.0 |    94.0 |    99.4 
     abjc-kbac-jk |  76800 |    48 |    48 | 1.00 | 1.00 |       195.6 |   202.7 |   180.2 
   abjcd-dkbac-jk | 230400 |    24 |    20 | 1.00 | 1.00 |        54.9 |    52.3 |    53.1 
   adbjc-cbdka-kj | 230400 |    20 |    24 | 1.00 | 1.00 |        48.1 |    48.2 |    46.3 
   ajbdc-ckbad-jk | 230400 |    24 |    20 | 1.00 | 1.00 |        51.5 |    51.2 |    52.1 
 abcijk-ijma-mkbc |   6912 |  1728 |    24 | 1.00 | 0.97 |       191.7 |   192.2 |   190.9 
 abcijk-ijmb-mkac |   3456 |  3456 |    24 | 1.00 | 0.67 |       205.3 |   215.8 |   199.1 
 abcijk-ijmc-mkab |   3456 |  3456 |    24 | 1.00 | 0.67 |       210.9 |   210.7 |   210.3 
 abcijk-ikma-mjbc |   6912 |  1728 |    24 | 1.00 | 0.97 |       192.7 |   193.0 |   194.2 
 abcijk-ikmb-mjac |   3456 |  3456 |    24 | 1.00 | 0.67 |       204.6 |   216.8 |   200.9 
 abcijk-ikmc-mjab |   3456 |  3456 |    24 | 1.00 | 0.67 |       210.6 |   211.2 |   210.8 
 abcijk-jkma-mibc |   6912 |  1728 |    24 | 1.00 | 0.97 |       195.9 |   190.6 |   193.3 
 abcijk-jkmb-miac |   3456 |  3456 |    24 | 1.00 | 0.67 |       203.8 |   215.7 |   200.2 
 abcijk-jkmc-miab |   3456 |  3456 |    24 | 1.00 | 0.67 |       211.9 |   212.8 |   210.9 
 abcijk-eiab-jkec |   3456 |  3456 |    24 | 1.00 | 0.67 |       209.9 |   215.2 |   209.4 
 abcijk-eiac-jkeb |   3456 |  3456 |    24 | 1.00 | 0.67 |       205.7 |   215.2 |   201.7 
 abcijk-eibc-jkea |   1728 |  6912 |    24 | 1.00 | 0.97 |       194.7 |   193.8 |   195.9 
 abcijk-ejab-ikec |   3456 |  3456 |    24 | 1.00 | 0.67 |       213.2 |   212.8 |   212.1 
 abcijk-ejac-ikeb |   3456 |  3456 |    24 | 1.00 | 0.67 |       204.7 |   216.7 |   200.5 
 abcijk-ejbc-ikea |   1728 |  6912 |    24 | 1.00 | 0.97 |       192.3 |   193.6 |   198.2 
 abcijk-ekab-ijec |   3456 |  3456 |    24 | 1.00 | 0.67 |       212.6 |   211.0 |   211.9 
 abcijk-ekac-ijeb |   3456 |  3456 |    24 | 1.00 | 0.67 |       205.6 |   216.3 |   201.5 
 abcijk-ekbc-ijea |   1728 |  6912 |    24 | 1.00 | 0.97 |       193.4 |   191.6 |   193.4 
       abc-bk-akc |    144 | 18432 |   128 | 1.00 | 1.00 |       292.1 |   321.7 |   258.6 

=== complex efficiency ratio (c64 GF/s over f64 GF/s; 1.0 = no penalty) ===
             case | planar c64/f64 | 1m c64/f64 | 3m c64/f64 
------------------+----------------+------------+------------
         ij-ik-kj |          1.929 |      1.679 |      1.185 
       ij-ikl-ljk |          2.439 |      2.229 |      2.341 
       ij-kil-lkj |          1.877 |      2.440 |      1.753 
       ijk-ikl-lj |          1.983 |      1.663 |      1.763 
       ijk-il-jlk |          1.629 |      1.559 |      1.400 
       ijk-ilk-jl |          1.826 |      1.899 |      1.681 
       ijk-ilk-lj |          1.717 |      1.639 |      1.606 
     ijk-ilmk-mjl |          1.601 |      1.661 |      1.484 
   ijkl-imjn-lnkm |          2.211 |      2.122 |      1.723 
   ijkl-imjn-nlmk |          1.619 |      1.969 |      1.438 
   ijkl-imkn-jnlm |          1.286 |      1.384 |      1.138 
   ijkl-imkn-njml |          1.332 |      1.297 |      1.024 
   ijkl-imln-jnkm |          1.229 |      1.134 |      1.005 
   ijkl-imln-njmk |          1.253 |      1.227 |      1.328 
   ijkl-imnj-nlkm |          1.560 |      1.371 |      1.385 
   ijkl-imnk-njml |          1.388 |      1.272 |      1.346 
   ijkl-minj-nlmk |          1.353 |      1.405 |      1.341 
   ijkl-mink-jnlm |          1.263 |      1.428 |      1.376 
   ijkl-minl-njmk |          2.087 |      1.917 |      1.588 
     aqrs-pa-pqrs |          1.634 |      1.972 |      1.385 
     abrs-qb-aqrs |          1.532 |      1.516 |      1.353 
     abcs-rc-abrs |          2.003 |      2.115 |      1.870 
       abj-bka-kj |          1.902 |      1.697 |      1.846 
       ajb-kba-jk |          1.651 |      1.718 |      2.263 
     abjc-cbka-kj |          2.740 |      2.282 |      2.442 
     ajbc-ckba-jk |          2.084 |      1.903 |      2.012 
     abjc-kbac-jk |          1.943 |      2.013 |      1.790 
   abjcd-dkbac-jk |          2.410 |      2.298 |      2.333 
   adbjc-cbdka-kj |          2.572 |      2.582 |      2.478 
   ajbdc-ckbad-jk |          2.541 |      2.525 |      2.571 
 abcijk-ijma-mkbc |          1.891 |      1.897 |      1.884 
 abcijk-ijmb-mkac |          1.864 |      1.960 |      1.808 
 abcijk-ijmc-mkab |          1.906 |      1.905 |      1.901 
 abcijk-ikma-mjbc |          1.890 |      1.893 |      1.904 
 abcijk-ikmb-mjac |          1.864 |      1.975 |      1.830 
 abcijk-ikmc-mjab |          1.924 |      1.930 |      1.927 
 abcijk-jkma-mibc |          1.858 |      1.807 |      1.832 
 abcijk-jkmb-miac |          1.815 |      1.921 |      1.783 
 abcijk-jkmc-miab |          1.908 |      1.916 |      1.898 
 abcijk-eiab-jkec |          1.908 |      1.956 |      1.904 
 abcijk-eiac-jkeb |          1.832 |      1.917 |      1.797 
 abcijk-eibc-jkea |          1.903 |      1.894 |      1.915 
 abcijk-ejab-ikec |          1.955 |      1.951 |      1.945 
 abcijk-ejac-ikeb |          1.870 |      1.980 |      1.832 
 abcijk-ejbc-ikea |          1.879 |      1.891 |      1.936 
 abcijk-ekab-ijec |          1.933 |      1.919 |      1.927 
 abcijk-ekac-ijeb |          1.864 |      1.961 |      1.828 
 abcijk-ekbc-ijea |          1.890 |      1.872 |      1.889 
       abc-bk-akc |          1.707 |      1.880 |      1.511 
             MEAN |          1.842 |      1.844 |      1.745 

wrote bench-results/worker5086-zen2/phase4g/sm-s16-t16-f64c64.csv
