host        : worker5086
target      : x86_64 / linux
cpu features: avx2 fma 
caches      : L1=32KiB/8-way/1sh L2=512KiB/8-way/1sh L3=16384KiB/16-way/4sh (via sysfs), blocking=legacy
l3 domains  : t1=1 t4=1 t8=2
baselines   : tblis=false blas=false

sweeping 49 cases at 4 MiB nominal tensor size, 6 reps, stress=none


=== f32 ===
             case |     m |     n |    k | regA | regB | planar GF/s | 1m GF/s | 3m GF/s 
------------------+-------+-------+------+------+------+-------------+---------+---------
         ij-ik-kj |   744 |   724 |  744 | 1.00 | 1.00 |       301.6 |   301.6 |   301.6 
       ij-ikl-ljk |    96 |    80 | 7680 | 1.00 | 1.00 |       118.7 |   118.7 |   118.7 
       ij-kil-lkj |    96 |    80 | 9216 | 1.00 | 1.00 |       115.0 |   115.0 |   115.0 
       ijk-ikl-lj |  7680 |    80 |   96 | 1.00 | 1.00 |       219.3 |   219.3 |   219.3 
       ijk-il-jlk |    96 |  7680 |   80 | 1.00 | 1.00 |       144.1 |   144.1 |   144.1 
       ijk-ilk-jl |  7680 |    96 |   80 | 1.00 | 1.00 |       232.1 |   232.1 |   232.1 
       ijk-ilk-lj |  7680 |    80 |   96 | 1.00 | 1.00 |       224.1 |   224.1 |   224.1 
     ijk-ilmk-mjl |  1344 |    28 | 1344 | 1.00 | 1.00 |       173.8 |   173.8 |   173.8 
   ijkl-imjn-lnkm |  1344 |  1344 |  784 | 1.00 | 0.86 |       297.8 |   297.8 |   297.8 
   ijkl-imjn-nlmk |  1344 |   784 | 1344 | 1.00 | 0.86 |       301.3 |   301.3 |   301.3 
   ijkl-imkn-jnlm |  1344 |  1344 |  784 | 1.00 | 1.00 |       306.9 |   306.9 |   306.9 
   ijkl-imkn-njml |  1344 |   784 | 1344 | 1.00 | 0.86 |       309.8 |   309.8 |   309.8 
   ijkl-imln-jnkm |  1344 |  1344 |  784 | 1.00 | 1.00 |       296.2 |   296.2 |   296.2 
   ijkl-imln-njmk |  1344 |   784 | 1344 | 1.00 | 0.86 |       305.6 |   305.6 |   305.6 
   ijkl-imnj-nlkm |  1344 |   784 | 1344 | 1.00 | 0.86 |       298.5 |   298.5 |   298.5 
   ijkl-imnk-njml |  1344 |   784 | 1344 | 1.00 | 0.86 |       311.3 |   311.3 |   311.3 
   ijkl-minj-nlmk |  1344 |   784 | 2304 | 1.00 | 0.86 |       306.5 |   306.5 |   306.5 
   ijkl-mink-jnlm |  1344 |  1344 | 1344 | 1.00 | 1.00 |       300.9 |   300.9 |   300.9 
   ijkl-minl-njmk |  1344 |   784 | 2304 | 1.00 | 0.86 |       307.0 |   307.0 |   307.0 
     aqrs-pa-pqrs |    48 | 21952 |   48 | 1.00 | 1.00 |       135.9 |   135.9 |   135.9 
     abrs-qb-aqrs |    28 | 37632 |   48 | 1.00 | 1.00 |       152.5 |   152.5 |   152.5 
     abcs-rc-abrs |    28 | 37632 |   48 | 1.00 | 1.00 |       145.8 |   145.8 |   145.8 
       abj-bka-kj |  9216 |    80 |   96 | 1.00 | 1.00 |       138.9 |   138.9 |   138.9 
       ajb-kba-jk |  7680 |    96 |   96 | 1.00 | 1.00 |       226.1 |   226.1 |   226.1 
     abjc-cbka-kj | 64512 |    28 |   48 | 1.00 | 1.00 |        39.6 |    39.6 |    39.6 
     ajbc-ckba-jk | 64512 |    48 |   28 | 1.00 | 1.00 |        96.9 |    96.9 |    96.9 
     abjc-kbac-jk | 37632 |    48 |   48 | 1.00 | 1.00 |       152.4 |   152.4 |   152.4 
   abjcd-dkbac-jk | 82944 |    24 |   12 | 0.67 | 1.00 |        53.9 |    53.9 |    53.9 
   adbjc-cbdka-kj | 82944 |    12 |   24 | 0.67 | 1.00 |        32.4 |    32.4 |    32.4 
   ajbdc-ckbad-jk | 82944 |    24 |   12 | 1.00 | 1.00 |        45.6 |    45.6 |    45.6 
 abcijk-ijma-mkbc |  4608 |   512 |   24 | 1.00 | 1.00 |       112.5 |   112.5 |   112.5 
 abcijk-ijmb-mkac |  1536 |  1536 |   24 | 1.00 | 1.00 |       115.0 |   115.0 |   115.0 
 abcijk-ijmc-mkab |  1536 |  1536 |   24 | 1.00 | 0.50 |       180.8 |   180.8 |   180.8 
 abcijk-ikma-mjbc |  4608 |   512 |   24 | 1.00 | 1.00 |       112.4 |   112.4 |   112.4 
 abcijk-ikmb-mjac |  1536 |  1536 |   24 | 1.00 | 1.00 |       113.6 |   113.6 |   113.6 
 abcijk-ikmc-mjab |  1536 |  1536 |   24 | 1.00 | 0.50 |       178.1 |   178.1 |   178.1 
 abcijk-jkma-mibc |  4608 |   512 |   24 | 1.00 | 1.00 |       111.8 |   111.8 |   111.8 
 abcijk-jkmb-miac |  1536 |  1536 |   24 | 1.00 | 1.00 |       113.5 |   113.5 |   113.5 
 abcijk-jkmc-miab |  1536 |  1536 |   24 | 1.00 | 0.50 |       178.1 |   178.1 |   178.1 
 abcijk-eiab-jkec |  1536 |  1536 |   24 | 1.00 | 0.50 |       176.4 |   176.4 |   176.4 
 abcijk-eiac-jkeb |  1536 |  1536 |   24 | 1.00 | 1.00 |       114.7 |   114.7 |   114.7 
 abcijk-eibc-jkea |   512 |  4608 |   24 | 1.00 | 1.00 |       112.1 |   112.1 |   112.1 
 abcijk-ejab-ikec |  1536 |  1536 |   24 | 1.00 | 0.50 |       179.5 |   179.5 |   179.5 
 abcijk-ejac-ikeb |  1536 |  1536 |   24 | 1.00 | 1.00 |       114.3 |   114.3 |   114.3 
 abcijk-ejbc-ikea |   512 |  4608 |   24 | 1.00 | 1.00 |       112.7 |   112.7 |   112.7 
 abcijk-ekab-ijec |  1536 |  1536 |   24 | 1.00 | 0.50 |       177.9 |   177.9 |   177.9 
 abcijk-ekac-ijeb |  1536 |  1536 |   24 | 1.00 | 1.00 |       115.1 |   115.1 |   115.1 
 abcijk-ekbc-ijea |   512 |  4608 |   24 | 1.00 | 1.00 |       111.5 |   111.5 |   111.5 
       abc-bk-akc |    96 |  7680 |   80 | 1.00 | 1.00 |       233.0 |   233.0 |   233.0 

=== c32 ===
             case |     m |     n |    k | regA | regB | planar GF/s | 1m GF/s | 3m GF/s 
------------------+-------+-------+------+------+------+-------------+---------+---------
         ij-ik-kj |   744 |   724 |  744 | 1.00 | 1.00 |       335.1 |   338.0 |   315.4 
       ij-ikl-ljk |    96 |    80 | 7680 | 1.00 | 1.00 |       221.6 |   205.6 |   202.1 
       ij-kil-lkj |    96 |    80 | 9216 | 1.00 | 1.00 |       212.4 |   202.8 |   205.6 
       ijk-ikl-lj |  7680 |    80 |   96 | 1.00 | 1.00 |       266.6 |   269.0 |   257.3 
       ijk-il-jlk |    96 |  7680 |   80 | 1.00 | 0.96 |       233.5 |   251.0 |   227.5 
       ijk-ilk-jl |  7680 |    96 |   80 | 1.00 | 1.00 |       268.6 |   282.5 |   279.2 
       ijk-ilk-lj |  7680 |    80 |   96 | 1.00 | 1.00 |       275.8 |   269.2 |   276.0 
     ijk-ilmk-mjl |  1344 |    28 | 1344 | 1.00 | 1.00 |       196.0 |   178.5 |   186.8 
   ijkl-imjn-lnkm |  1344 |  1344 |  784 | 1.00 | 0.86 |       307.4 |   305.7 |   311.8 
   ijkl-imjn-nlmk |  1344 |   784 | 1344 | 1.00 | 0.86 |       325.0 |   317.5 |   314.8 
   ijkl-imkn-jnlm |  1344 |  1344 |  784 | 1.00 | 0.92 |       313.8 |   308.9 |   317.6 
   ijkl-imkn-njml |  1344 |   784 | 1344 | 1.00 | 0.86 |       324.1 |   322.0 |   313.4 
   ijkl-imln-jnkm |  1344 |  1344 |  784 | 1.00 | 0.92 |       307.6 |   302.3 |   311.1 
   ijkl-imln-njmk |  1344 |   784 | 1344 | 1.00 | 0.86 |       319.3 |   317.4 |   309.9 
   ijkl-imnj-nlkm |  1344 |   784 | 1344 | 1.00 | 0.86 |       325.9 |   319.7 |   318.0 
   ijkl-imnk-njml |  1344 |   784 | 1344 | 1.00 | 0.86 |       323.6 |   318.4 |   316.9 
   ijkl-minj-nlmk |  1344 |   784 | 2304 | 1.00 | 0.86 |       327.8 |   333.5 |   310.9 
   ijkl-mink-jnlm |  1344 |  1344 | 1344 | 1.00 | 0.92 |       323.4 |   323.9 |   321.7 
   ijkl-minl-njmk |  1344 |   784 | 2304 | 1.00 | 0.86 |       325.3 |   332.5 |   318.6 
     aqrs-pa-pqrs |    48 | 21952 |   48 | 1.00 | 1.00 |       131.8 |   142.9 |   124.5 
     abrs-qb-aqrs |    28 | 37632 |   48 | 1.00 | 1.00 |       132.9 |   118.5 |   144.3 
     abcs-rc-abrs |    28 | 37632 |   48 | 1.00 | 1.00 |       136.3 |   131.4 |   123.0 
       abj-bka-kj |  9216 |    80 |   96 | 1.00 | 1.00 |       225.4 |   225.9 |   235.2 
       ajb-kba-jk |  7680 |    96 |   96 | 1.00 | 1.00 |       268.8 |   288.7 |   285.5 
     abjc-cbka-kj | 64512 |    28 |   48 | 1.00 | 1.00 |        60.6 |    43.7 |    48.7 
     ajbc-ckba-jk | 64512 |    48 |   28 | 1.00 | 1.00 |       132.2 |   129.0 |   127.0 
     abjc-kbac-jk | 37632 |    48 |   48 | 1.00 | 1.00 |       188.0 |   195.1 |   191.4 
   abjcd-dkbac-jk | 82944 |    24 |   12 | 1.00 | 1.00 |        83.9 |    84.4 |    83.2 
   adbjc-cbdka-kj | 82944 |    12 |   24 | 1.00 | 1.00 |        33.7 |    28.1 |    30.7 
   ajbdc-ckbad-jk | 82944 |    24 |   12 | 1.00 | 1.00 |        80.8 |    85.2 |    78.6 
 abcijk-ijma-mkbc |  4608 |   512 |   24 | 1.00 | 0.94 |       187.9 |   212.7 |   187.6 
 abcijk-ijmb-mkac |  1536 |  1536 |   24 | 1.00 | 0.50 |       172.2 |   203.3 |   175.0 
 abcijk-ijmc-mkab |  1536 |  1536 |   24 | 1.00 | 0.50 |       193.8 |   212.4 |   181.3 
 abcijk-ikma-mjbc |  4608 |   512 |   24 | 1.00 | 0.94 |       186.1 |   209.0 |   187.4 
 abcijk-ikmb-mjac |  1536 |  1536 |   24 | 1.00 | 0.50 |       177.1 |   205.3 |   176.1 
 abcijk-ikmc-mjab |  1536 |  1536 |   24 | 1.00 | 0.50 |       192.1 |   214.7 |   184.5 
 abcijk-jkma-mibc |  4608 |   512 |   24 | 1.00 | 0.94 |       189.9 |   214.8 |   190.4 
 abcijk-jkmb-miac |  1536 |  1536 |   24 | 1.00 | 0.50 |       177.3 |   204.9 |   179.7 
 abcijk-jkmc-miab |  1536 |  1536 |   24 | 1.00 | 0.50 |       194.6 |   215.7 |   183.1 
 abcijk-eiab-jkec |  1536 |  1536 |   24 | 1.00 | 0.50 |       189.7 |   214.1 |   184.9 
 abcijk-eiac-jkeb |  1536 |  1536 |   24 | 1.00 | 0.50 |       177.4 |   206.7 |   178.7 
 abcijk-eibc-jkea |   512 |  4608 |   24 | 1.00 | 0.94 |       188.7 |   214.0 |   191.6 
 abcijk-ejab-ikec |  1536 |  1536 |   24 | 1.00 | 0.50 |       193.9 |   214.8 |   184.1 
 abcijk-ejac-ikeb |  1536 |  1536 |   24 | 1.00 | 0.50 |       175.0 |   203.9 |   176.4 
 abcijk-ejbc-ikea |   512 |  4608 |   24 | 1.00 | 0.94 |       187.8 |   210.0 |   184.7 
 abcijk-ekab-ijec |  1536 |  1536 |   24 | 1.00 | 0.50 |       190.7 |   211.2 |   184.8 
 abcijk-ekac-ijeb |  1536 |  1536 |   24 | 1.00 | 0.50 |       173.0 |   200.2 |   171.0 
 abcijk-ekbc-ijea |   512 |  4608 |   24 | 1.00 | 0.94 |       186.7 |   213.2 |   188.8 
       abc-bk-akc |    96 |  7680 |   80 | 1.00 | 1.00 |       278.7 |   298.5 |   289.4 

=== complex efficiency ratio (c32 GF/s over f32 GF/s; 1.0 = no penalty) ===
             case | planar c32/f32 | 1m c32/f32 | 3m c32/f32 
------------------+----------------+------------+------------
         ij-ik-kj |          1.111 |      1.120 |      1.046 
       ij-ikl-ljk |          1.868 |      1.733 |      1.703 
       ij-kil-lkj |          1.847 |      1.764 |      1.788 
       ijk-ikl-lj |          1.216 |      1.227 |      1.173 
       ijk-il-jlk |          1.621 |      1.742 |      1.580 
       ijk-ilk-jl |          1.157 |      1.217 |      1.203 
       ijk-ilk-lj |          1.231 |      1.201 |      1.232 
     ijk-ilmk-mjl |          1.127 |      1.027 |      1.075 
   ijkl-imjn-lnkm |          1.032 |      1.026 |      1.047 
   ijkl-imjn-nlmk |          1.079 |      1.054 |      1.045 
   ijkl-imkn-jnlm |          1.022 |      1.007 |      1.035 
   ijkl-imkn-njml |          1.046 |      1.039 |      1.012 
   ijkl-imln-jnkm |          1.038 |      1.021 |      1.050 
   ijkl-imln-njmk |          1.045 |      1.039 |      1.014 
   ijkl-imnj-nlkm |          1.092 |      1.071 |      1.065 
   ijkl-imnk-njml |          1.040 |      1.023 |      1.018 
   ijkl-minj-nlmk |          1.070 |      1.088 |      1.014 
   ijkl-mink-jnlm |          1.075 |      1.076 |      1.069 
   ijkl-minl-njmk |          1.060 |      1.083 |      1.038 
     aqrs-pa-pqrs |          0.969 |      1.052 |      0.916 
     abrs-qb-aqrs |          0.872 |      0.777 |      0.946 
     abcs-rc-abrs |          0.934 |      0.901 |      0.844 
       abj-bka-kj |          1.622 |      1.626 |      1.693 
       ajb-kba-jk |          1.189 |      1.277 |      1.263 
     abjc-cbka-kj |          1.529 |      1.102 |      1.228 
     ajbc-ckba-jk |          1.364 |      1.331 |      1.310 
     abjc-kbac-jk |          1.234 |      1.281 |      1.256 
   abjcd-dkbac-jk |          1.557 |      1.566 |      1.544 
   adbjc-cbdka-kj |          1.042 |      0.867 |      0.946 
   ajbdc-ckbad-jk |          1.772 |      1.869 |      1.724 
 abcijk-ijma-mkbc |          1.670 |      1.891 |      1.667 
 abcijk-ijmb-mkac |          1.498 |      1.768 |      1.522 
 abcijk-ijmc-mkab |          1.071 |      1.175 |      1.002 
 abcijk-ikma-mjbc |          1.655 |      1.859 |      1.667 
 abcijk-ikmb-mjac |          1.558 |      1.807 |      1.550 
 abcijk-ikmc-mjab |          1.078 |      1.205 |      1.036 
 abcijk-jkma-mibc |          1.699 |      1.922 |      1.703 
 abcijk-jkmb-miac |          1.562 |      1.805 |      1.583 
 abcijk-jkmc-miab |          1.093 |      1.212 |      1.028 
 abcijk-eiab-jkec |          1.075 |      1.214 |      1.048 
 abcijk-eiac-jkeb |          1.547 |      1.802 |      1.557 
 abcijk-eibc-jkea |          1.684 |      1.909 |      1.710 
 abcijk-ejab-ikec |          1.080 |      1.197 |      1.026 
 abcijk-ejac-ikeb |          1.531 |      1.784 |      1.544 
 abcijk-ejbc-ikea |          1.667 |      1.863 |      1.639 
 abcijk-ekab-ijec |          1.072 |      1.187 |      1.039 
 abcijk-ekac-ijeb |          1.503 |      1.739 |      1.486 
 abcijk-ekbc-ijea |          1.674 |      1.912 |      1.693 
       abc-bk-akc |          1.196 |      1.281 |      1.242 
             MEAN |          1.302 |      1.362 |      1.278 

wrote bench-results/worker5086-zen2/phase4g/sm-s4-t4-f32c32.csv
