host        : worker5086
target      : x86_64 / linux
cpu features: avx2 fma 
caches      : L1=32KiB/8-way/1sh L2=512KiB/8-way/1sh L3=16384KiB/16-way/4sh (via sysfs), blocking=legacy
l3 domains  : t1=1 t4=1
baselines   : tblis=false blas=false

sweeping 49 cases at 1 MiB nominal tensor size, 24 reps, stress=none


=== f32 ===
             case |     m |    n |    k | regA | regB | planar GF/s | 1m GF/s | 3m GF/s 
------------------+-------+------+------+------+------+-------------+---------+---------
         ij-ik-kj |   384 |  364 |  384 | 1.00 | 1.00 |       150.3 |   150.3 |   150.3 
       ij-ikl-ljk |    72 |   52 | 3744 | 1.00 | 1.00 |        55.6 |    55.6 |    55.6 
       ij-kil-lkj |    72 |   52 | 5184 | 1.00 | 1.00 |        54.7 |    54.7 |    54.7 
       ijk-ikl-lj |  3744 |   52 |   72 | 1.00 | 1.00 |        97.6 |    97.6 |    97.6 
       ijk-il-jlk |    72 | 3744 |   52 | 1.00 | 1.00 |        67.6 |    67.6 |    67.6 
       ijk-ilk-jl |  3744 |   72 |   52 | 0.89 | 1.00 |       101.9 |   101.9 |   101.9 
       ijk-ilk-lj |  3744 |   52 |   72 | 0.89 | 1.00 |       100.1 |   100.1 |   100.1 
     ijk-ilmk-mjl |   480 |   20 |  480 | 0.67 | 1.00 |        57.0 |    57.0 |    57.0 
   ijkl-imjn-lnkm |   480 |  480 |  400 | 0.67 | 0.80 |       139.9 |   139.9 |   139.9 
   ijkl-imjn-nlmk |   480 |  400 |  480 | 0.67 | 0.81 |       144.8 |   144.8 |   144.8 
   ijkl-imkn-jnlm |   480 |  480 |  400 | 0.67 | 1.00 |       142.2 |   142.2 |   142.2 
   ijkl-imkn-njml |   480 |  400 |  480 | 0.67 | 0.81 |       143.8 |   143.8 |   143.8 
   ijkl-imln-jnkm |   480 |  480 |  400 | 0.67 | 1.00 |       143.2 |   143.2 |   143.2 
   ijkl-imln-njmk |   480 |  400 |  480 | 0.67 | 0.81 |       144.5 |   144.5 |   144.5 
   ijkl-imnj-nlkm |   480 |  400 |  480 | 0.67 | 0.81 |       144.9 |   144.9 |   144.9 
   ijkl-imnk-njml |   480 |  400 |  480 | 0.67 | 0.81 |       144.7 |   144.7 |   144.7 
   ijkl-minj-nlmk |   480 |  400 |  576 | 0.67 | 0.81 |       146.4 |   146.4 |   146.4 
   ijkl-mink-jnlm |   480 |  480 |  480 | 0.67 | 1.00 |       146.2 |   146.2 |   146.2 
   ijkl-minl-njmk |   480 |  400 |  576 | 0.67 | 0.81 |       146.6 |   146.6 |   146.6 
     aqrs-pa-pqrs |    24 | 8000 |   24 | 1.00 | 1.00 |        29.5 |    29.5 |    29.5 
     abrs-qb-aqrs |    20 | 9600 |   24 | 1.00 | 1.00 |        40.1 |    40.1 |    40.1 
     abcs-rc-abrs |    20 | 9600 |   24 | 1.00 | 1.00 |        48.0 |    48.0 |    48.0 
       abj-bka-kj |  5184 |   52 |   72 | 0.89 | 1.00 |        86.0 |    86.0 |    86.0 
       ajb-kba-jk |  3744 |   72 |   72 | 0.89 | 1.00 |       104.9 |   104.9 |   104.9 
     abjc-cbka-kj | 11520 |   20 |   24 | 0.67 | 1.00 |        34.5 |    34.5 |    34.5 
     ajbc-ckba-jk | 11520 |   24 |   20 | 1.00 | 1.00 |        30.4 |    30.4 |    30.4 
     abjc-kbac-jk |  9600 |   24 |   24 | 0.67 | 1.00 |        49.2 |    49.2 |    49.2 
   abjcd-dkbac-jk | 82944 |   24 |   12 | 0.67 | 1.00 |        31.8 |    31.8 |    31.8 
   adbjc-cbdka-kj | 82944 |   12 |   24 | 0.67 | 1.00 |        17.0 |    17.0 |    17.0 
   ajbdc-ckbad-jk | 82944 |   24 |   12 | 1.00 | 1.00 |        27.0 |    27.0 |    27.0 
 abcijk-ijma-mkbc |  4608 |  512 |   24 | 1.00 | 1.00 |        59.7 |    59.7 |    59.7 
 abcijk-ijmb-mkac |  1536 | 1536 |   24 | 1.00 | 1.00 |        61.1 |    61.1 |    61.1 
 abcijk-ijmc-mkab |  1536 | 1536 |   24 | 1.00 | 0.50 |       100.0 |   100.0 |   100.0 
 abcijk-ikma-mjbc |  4608 |  512 |   24 | 1.00 | 1.00 |        59.7 |    59.7 |    59.7 
 abcijk-ikmb-mjac |  1536 | 1536 |   24 | 1.00 | 1.00 |        61.0 |    61.0 |    61.0 
 abcijk-ikmc-mjab |  1536 | 1536 |   24 | 1.00 | 0.50 |        99.9 |    99.9 |    99.9 
 abcijk-jkma-mibc |  4608 |  512 |   24 | 1.00 | 1.00 |        59.6 |    59.6 |    59.6 
 abcijk-jkmb-miac |  1536 | 1536 |   24 | 1.00 | 1.00 |        61.0 |    61.0 |    61.0 
 abcijk-jkmc-miab |  1536 | 1536 |   24 | 1.00 | 0.50 |        99.0 |    99.0 |    99.0 
 abcijk-eiab-jkec |  1536 | 1536 |   24 | 1.00 | 0.50 |        98.8 |    98.8 |    98.8 
 abcijk-eiac-jkeb |  1536 | 1536 |   24 | 1.00 | 1.00 |        60.9 |    60.9 |    60.9 
 abcijk-eibc-jkea |   512 | 4608 |   24 | 1.00 | 1.00 |        59.7 |    59.7 |    59.7 
 abcijk-ejab-ikec |  1536 | 1536 |   24 | 1.00 | 0.50 |        99.4 |    99.4 |    99.4 
 abcijk-ejac-ikeb |  1536 | 1536 |   24 | 1.00 | 1.00 |        60.9 |    60.9 |    60.9 
 abcijk-ejbc-ikea |   512 | 4608 |   24 | 1.00 | 1.00 |        59.4 |    59.4 |    59.4 
 abcijk-ekab-ijec |  1536 | 1536 |   24 | 1.00 | 0.50 |        99.6 |    99.6 |    99.6 
 abcijk-ekac-ijeb |  1536 | 1536 |   24 | 1.00 | 1.00 |        61.0 |    61.0 |    61.0 
 abcijk-ekbc-ijea |   512 | 4608 |   24 | 1.00 | 1.00 |        59.4 |    59.4 |    59.4 
       abc-bk-akc |    72 | 3744 |   52 | 0.89 | 1.00 |       100.6 |   100.6 |   100.6 

=== c32 ===
             case |     m |    n |    k | regA | regB | planar GF/s | 1m GF/s | 3m GF/s 
------------------+-------+------+------+------+------+-------------+---------+---------
         ij-ik-kj |   384 |  364 |  384 | 1.00 | 1.00 |       173.7 |   179.7 |   176.2 
       ij-ikl-ljk |    72 |   52 | 3744 | 1.00 | 1.00 |       103.2 |   102.4 |    98.0 
       ij-kil-lkj |    72 |   52 | 5184 | 1.00 | 1.00 |        97.3 |    97.5 |    98.5 
       ijk-ikl-lj |  3744 |   52 |   72 | 1.00 | 1.00 |       126.1 |   130.1 |   123.6 
       ijk-il-jlk |    72 | 3744 |   52 | 1.00 | 0.95 |       105.4 |   116.6 |   102.3 
       ijk-ilk-jl |  3744 |   72 |   52 | 1.00 | 1.00 |       126.5 |   135.5 |   126.7 
       ijk-ilk-lj |  3744 |   52 |   72 | 1.00 | 1.00 |       130.1 |   132.9 |   131.4 
     ijk-ilmk-mjl |   480 |   20 |  480 | 1.00 | 1.00 |       110.2 |    91.3 |    96.5 
   ijkl-imjn-lnkm |   480 |  480 |  400 | 1.00 | 1.00 |       159.0 |   166.2 |   162.5 
   ijkl-imjn-nlmk |   480 |  400 |  480 | 1.00 | 1.00 |       165.4 |   169.4 |   166.3 
   ijkl-imkn-jnlm |   480 |  480 |  400 | 1.00 | 0.83 |       164.8 |   168.9 |   164.5 
   ijkl-imkn-njml |   480 |  400 |  480 | 1.00 | 1.00 |       166.0 |   169.8 |   167.5 
   ijkl-imln-jnkm |   480 |  480 |  400 | 1.00 | 0.83 |       164.9 |   169.0 |   164.9 
   ijkl-imln-njmk |   480 |  400 |  480 | 1.00 | 1.00 |       166.1 |   170.6 |   167.8 
   ijkl-imnj-nlkm |   480 |  400 |  480 | 1.00 | 1.00 |       165.3 |   169.4 |   167.3 
   ijkl-imnk-njml |   480 |  400 |  480 | 1.00 | 1.00 |       166.3 |   169.7 |   167.0 
   ijkl-minj-nlmk |   480 |  400 |  576 | 1.00 | 1.00 |       167.0 |   169.9 |   168.2 
   ijkl-mink-jnlm |   480 |  480 |  480 | 1.00 | 0.83 |       166.5 |   169.9 |   166.5 
   ijkl-minl-njmk |   480 |  400 |  576 | 1.00 | 1.00 |       167.5 |   170.5 |   169.4 
     aqrs-pa-pqrs |    24 | 8000 |   24 | 1.00 | 1.00 |        53.4 |    60.2 |    48.3 
     abrs-qb-aqrs |    20 | 9600 |   24 | 1.00 | 1.00 |        79.2 |    73.1 |    70.2 
     abcs-rc-abrs |    20 | 9600 |   24 | 1.00 | 1.00 |        79.4 |    73.6 |    69.8 
       abj-bka-kj |  5184 |   52 |   72 | 1.00 | 1.00 |       113.3 |   114.5 |   119.1 
       ajb-kba-jk |  3744 |   72 |   72 | 1.00 | 1.00 |       131.2 |   137.3 |   137.5 
     abjc-cbka-kj | 11520 |   20 |   24 | 1.00 | 1.00 |        61.9 |    57.5 |    60.7 
     ajbc-ckba-jk | 11520 |   24 |   20 | 1.00 | 1.00 |        64.2 |    68.5 |    63.4 
     abjc-kbac-jk |  9600 |   24 |   24 | 1.00 | 1.00 |        76.0 |    78.7 |    74.9 
   abjcd-dkbac-jk | 82944 |   24 |   12 | 1.00 | 1.00 |        44.2 |    44.3 |    42.6 
   adbjc-cbdka-kj | 82944 |   12 |   24 | 1.00 | 1.00 |        22.3 |    17.5 |    19.5 
   ajbdc-ckbad-jk | 82944 |   24 |   12 | 1.00 | 1.00 |        42.7 |    44.8 |    41.7 
 abcijk-ijma-mkbc |  4608 |  512 |   24 | 1.00 | 0.94 |        95.3 |   107.1 |    97.4 
 abcijk-ijmb-mkac |  1536 | 1536 |   24 | 1.00 | 0.50 |        90.0 |   103.8 |    90.4 
 abcijk-ijmc-mkab |  1536 | 1536 |   24 | 1.00 | 0.50 |        98.1 |   108.0 |    95.5 
 abcijk-ikma-mjbc |  4608 |  512 |   24 | 1.00 | 0.94 |        96.5 |   110.3 |    95.7 
 abcijk-ikmb-mjac |  1536 | 1536 |   24 | 1.00 | 0.50 |        96.2 |   110.7 |    96.0 
 abcijk-ikmc-mjab |  1536 | 1536 |   24 | 1.00 | 0.50 |       101.5 |   114.5 |    98.6 
 abcijk-jkma-mibc |  4608 |  512 |   24 | 1.00 | 0.94 |       100.8 |   115.7 |   102.0 
 abcijk-jkmb-miac |  1536 | 1536 |   24 | 1.00 | 0.50 |        95.3 |   110.6 |    95.7 
 abcijk-jkmc-miab |  1536 | 1536 |   24 | 1.00 | 0.50 |       101.4 |   115.3 |    98.1 
 abcijk-eiab-jkec |  1536 | 1536 |   24 | 1.00 | 0.50 |       100.9 |   114.3 |    97.3 
 abcijk-eiac-jkeb |  1536 | 1536 |   24 | 1.00 | 0.50 |        95.4 |   110.1 |    95.5 
 abcijk-eibc-jkea |   512 | 4608 |   24 | 1.00 | 0.94 |       100.5 |   114.9 |   101.3 
 abcijk-ejab-ikec |  1536 | 1536 |   24 | 1.00 | 0.50 |       101.0 |   113.6 |    97.5 
 abcijk-ejac-ikeb |  1536 | 1536 |   24 | 1.00 | 0.50 |        94.7 |   109.3 |    94.2 
 abcijk-ejbc-ikea |   512 | 4608 |   24 | 1.00 | 0.94 |        99.8 |   112.7 |   100.2 
 abcijk-ekab-ijec |  1536 | 1536 |   24 | 1.00 | 0.50 |       100.8 |   113.3 |    97.3 
 abcijk-ekac-ijeb |  1536 | 1536 |   24 | 1.00 | 0.50 |        94.1 |   108.4 |    93.7 
 abcijk-ekbc-ijea |   512 | 4608 |   24 | 1.00 | 0.94 |        99.1 |   112.2 |   100.0 
       abc-bk-akc |    72 | 3744 |   52 | 1.00 | 1.00 |       126.0 |   133.6 |   126.6 

=== complex efficiency ratio (c32 GF/s over f32 GF/s; 1.0 = no penalty) ===
             case | planar c32/f32 | 1m c32/f32 | 3m c32/f32 
------------------+----------------+------------+------------
         ij-ik-kj |          1.155 |      1.196 |      1.172 
       ij-ikl-ljk |          1.857 |      1.842 |      1.763 
       ij-kil-lkj |          1.778 |      1.780 |      1.800 
       ijk-ikl-lj |          1.292 |      1.333 |      1.266 
       ijk-il-jlk |          1.559 |      1.725 |      1.513 
       ijk-ilk-jl |          1.242 |      1.331 |      1.244 
       ijk-ilk-lj |          1.299 |      1.327 |      1.312 
     ijk-ilmk-mjl |          1.934 |      1.603 |      1.694 
   ijkl-imjn-lnkm |          1.137 |      1.188 |      1.161 
   ijkl-imjn-nlmk |          1.142 |      1.170 |      1.149 
   ijkl-imkn-jnlm |          1.159 |      1.188 |      1.157 
   ijkl-imkn-njml |          1.155 |      1.181 |      1.165 
   ijkl-imln-jnkm |          1.152 |      1.180 |      1.152 
   ijkl-imln-njmk |          1.149 |      1.180 |      1.161 
   ijkl-imnj-nlkm |          1.141 |      1.169 |      1.155 
   ijkl-imnk-njml |          1.150 |      1.173 |      1.154 
   ijkl-minj-nlmk |          1.141 |      1.160 |      1.149 
   ijkl-mink-jnlm |          1.139 |      1.162 |      1.138 
   ijkl-minl-njmk |          1.142 |      1.163 |      1.155 
     aqrs-pa-pqrs |          1.809 |      2.038 |      1.636 
     abrs-qb-aqrs |          1.975 |      1.823 |      1.749 
     abcs-rc-abrs |          1.653 |      1.532 |      1.453 
       abj-bka-kj |          1.317 |      1.331 |      1.385 
       ajb-kba-jk |          1.250 |      1.309 |      1.311 
     abjc-cbka-kj |          1.795 |      1.668 |      1.759 
     ajbc-ckba-jk |          2.111 |      2.253 |      2.087 
     abjc-kbac-jk |          1.544 |      1.599 |      1.523 
   abjcd-dkbac-jk |          1.387 |      1.392 |      1.338 
   adbjc-cbdka-kj |          1.312 |      1.029 |      1.148 
   ajbdc-ckbad-jk |          1.582 |      1.660 |      1.547 
 abcijk-ijma-mkbc |          1.597 |      1.795 |      1.632 
 abcijk-ijmb-mkac |          1.473 |      1.699 |      1.480 
 abcijk-ijmc-mkab |          0.981 |      1.080 |      0.955 
 abcijk-ikma-mjbc |          1.616 |      1.848 |      1.604 
 abcijk-ikmb-mjac |          1.579 |      1.816 |      1.575 
 abcijk-ikmc-mjab |          1.016 |      1.146 |      0.987 
 abcijk-jkma-mibc |          1.690 |      1.940 |      1.711 
 abcijk-jkmb-miac |          1.563 |      1.813 |      1.568 
 abcijk-jkmc-miab |          1.025 |      1.165 |      0.992 
 abcijk-eiab-jkec |          1.022 |      1.157 |      0.985 
 abcijk-eiac-jkeb |          1.565 |      1.806 |      1.567 
 abcijk-eibc-jkea |          1.685 |      1.926 |      1.699 
 abcijk-ejab-ikec |          1.016 |      1.143 |      0.981 
 abcijk-ejac-ikeb |          1.555 |      1.795 |      1.547 
 abcijk-ejbc-ikea |          1.680 |      1.897 |      1.687 
 abcijk-ekab-ijec |          1.012 |      1.138 |      0.977 
 abcijk-ekac-ijeb |          1.542 |      1.777 |      1.536 
 abcijk-ekbc-ijea |          1.668 |      1.888 |      1.683 
       abc-bk-akc |          1.252 |      1.328 |      1.258 
             MEAN |          1.408 |      1.487 |      1.384 

wrote bench-results/worker5086-zen2/phase4g/sm-s1-t2-f32c32.csv
