host        : worker5086
target      : x86_64 / linux
cpu features: avx2 fma 
caches      : L1=32KiB/8-way/1sh L2=512KiB/8-way/1sh L3=16384KiB/16-way/4sh (via sysfs), blocking=legacy
l3 domains  : t1=1
baselines   : tblis=false blas=false

sweeping 49 cases at 16 MiB nominal tensor size, 3 reps, stress=none


=== f32 ===
             case |      m |     n |     k | regA | regB | planar GF/s | 1m GF/s | 3m GF/s 
------------------+--------+-------+-------+------+------+-------------+---------+---------
         ij-ik-kj |   1464 |  1448 |  1464 | 1.00 | 1.00 |        82.6 |    82.6 |    82.6 
       ij-ikl-ljk |    144 |   128 | 18432 | 1.00 | 1.00 |        45.7 |    45.7 |    45.7 
       ij-kil-lkj |    144 |   128 | 20736 | 1.00 | 1.00 |        45.9 |    45.9 |    45.9 
       ijk-ikl-lj |  18432 |   128 |   144 | 1.00 | 1.00 |        52.0 |    52.0 |    52.0 
       ijk-il-jlk |    144 | 18432 |   128 | 1.00 | 1.00 |        54.6 |    54.6 |    54.6 
       ijk-ilk-jl |  18432 |   144 |   128 | 1.00 | 1.00 |        66.7 |    66.7 |    66.7 
       ijk-ilk-lj |  18432 |   128 |   144 | 1.00 | 1.00 |        64.9 |    64.9 |    64.9 
     ijk-ilmk-mjl |   1920 |    40 |  1920 | 1.00 | 1.00 |        58.3 |    58.3 |    58.3 
   ijkl-imjn-lnkm |   1920 |  1920 |  1600 | 1.00 | 0.90 |        82.7 |    82.7 |    82.7 
   ijkl-imjn-nlmk |   1920 |  1600 |  1920 | 1.00 | 0.90 |        83.5 |    83.5 |    83.5 
   ijkl-imkn-jnlm |   1920 |  1920 |  1600 | 1.00 | 1.00 |        81.0 |    81.0 |    81.0 
   ijkl-imkn-njml |   1920 |  1600 |  1920 | 1.00 | 0.90 |        82.7 |    82.7 |    82.7 
   ijkl-imln-jnkm |   1920 |  1920 |  1600 | 1.00 | 1.00 |        81.7 |    81.7 |    81.7 
   ijkl-imln-njmk |   1920 |  1600 |  1920 | 1.00 | 0.90 |        83.0 |    83.0 |    83.0 
   ijkl-imnj-nlkm |   1920 |  1600 |  1920 | 1.00 | 0.90 |        83.4 |    83.4 |    83.4 
   ijkl-imnk-njml |   1920 |  1600 |  1920 | 1.00 | 0.90 |        82.3 |    82.3 |    82.3 
   ijkl-minj-nlmk |   1920 |  1600 |  2304 | 1.00 | 0.90 |        83.1 |    83.1 |    83.1 
   ijkl-mink-jnlm |   1920 |  1920 |  1920 | 1.00 | 1.00 |        82.7 |    82.7 |    82.7 
   ijkl-minl-njmk |   1920 |  1600 |  2304 | 1.00 | 0.90 |        83.1 |    83.1 |    83.1 
     aqrs-pa-pqrs |     48 | 64000 |    48 | 1.00 | 1.00 |        38.2 |    38.2 |    38.2 
     abrs-qb-aqrs |     40 | 76800 |    48 | 1.00 | 1.00 |        40.7 |    40.7 |    40.7 
     abcs-rc-abrs |     40 | 76800 |    48 | 1.00 | 1.00 |        32.9 |    32.9 |    32.9 
       abj-bka-kj |  20736 |   128 |   144 | 1.00 | 1.00 |        58.2 |    58.2 |    58.2 
       ajb-kba-jk |  18432 |   144 |   144 | 1.00 | 1.00 |        59.3 |    59.3 |    59.3 
     abjc-cbka-kj |  92160 |    40 |    48 | 1.00 | 1.00 |        22.0 |    22.0 |    22.0 
     ajbc-ckba-jk |  92160 |    48 |    40 | 1.00 | 1.00 |        23.5 |    23.5 |    23.5 
     abjc-kbac-jk |  76800 |    48 |    48 | 1.00 | 1.00 |        40.7 |    40.7 |    40.7 
   abjcd-dkbac-jk | 230400 |    24 |    20 | 0.67 | 1.00 |         9.5 |     9.5 |     9.5 
   adbjc-cbdka-kj | 230400 |    20 |    24 | 0.67 | 1.00 |         6.4 |     6.4 |     6.4 
   ajbdc-ckbad-jk | 230400 |    24 |    20 | 1.00 | 1.00 |         9.2 |     9.2 |     9.2 
 abcijk-ijma-mkbc |   6912 |  1728 |    24 | 1.00 | 1.00 |        29.5 |    29.5 |    29.5 
 abcijk-ijmb-mkac |   3456 |  3456 |    24 | 1.00 | 1.00 |        25.8 |    25.8 |    25.8 
 abcijk-ijmc-mkab |   3456 |  3456 |    24 | 1.00 | 1.00 |        39.6 |    39.6 |    39.6 
 abcijk-ikma-mjbc |   6912 |  1728 |    24 | 1.00 | 1.00 |        29.6 |    29.6 |    29.6 
 abcijk-ikmb-mjac |   3456 |  3456 |    24 | 1.00 | 1.00 |        25.3 |    25.3 |    25.3 
 abcijk-ikmc-mjab |   3456 |  3456 |    24 | 1.00 | 1.00 |        40.1 |    40.1 |    40.1 
 abcijk-jkma-mibc |   6912 |  1728 |    24 | 1.00 | 1.00 |        29.7 |    29.7 |    29.7 
 abcijk-jkmb-miac |   3456 |  3456 |    24 | 1.00 | 1.00 |        25.5 |    25.5 |    25.5 
 abcijk-jkmc-miab |   3456 |  3456 |    24 | 1.00 | 1.00 |        39.6 |    39.6 |    39.6 
 abcijk-eiab-jkec |   3456 |  3456 |    24 | 1.00 | 1.00 |        39.5 |    39.5 |    39.5 
 abcijk-eiac-jkeb |   3456 |  3456 |    24 | 1.00 | 1.00 |        25.8 |    25.8 |    25.8 
 abcijk-eibc-jkea |   1728 |  6912 |    24 | 1.00 | 1.00 |        29.9 |    29.9 |    29.9 
 abcijk-ejab-ikec |   3456 |  3456 |    24 | 1.00 | 1.00 |        40.1 |    40.1 |    40.1 
 abcijk-ejac-ikeb |   3456 |  3456 |    24 | 1.00 | 1.00 |        25.2 |    25.2 |    25.2 
 abcijk-ejbc-ikea |   1728 |  6912 |    24 | 1.00 | 1.00 |        29.8 |    29.8 |    29.8 
 abcijk-ekab-ijec |   3456 |  3456 |    24 | 1.00 | 1.00 |        39.5 |    39.5 |    39.5 
 abcijk-ekac-ijeb |   3456 |  3456 |    24 | 1.00 | 1.00 |        25.8 |    25.8 |    25.8 
 abcijk-ekbc-ijea |   1728 |  6912 |    24 | 1.00 | 1.00 |        29.3 |    29.3 |    29.3 
       abc-bk-akc |    144 | 18432 |   128 | 1.00 | 1.00 |        66.5 |    66.5 |    66.5 

=== c32 ===
             case |      m |     n |     k | regA | regB | planar GF/s | 1m GF/s | 3m GF/s 
------------------+--------+-------+-------+------+------+-------------+---------+---------
         ij-ik-kj |   1464 |  1448 |  1464 | 1.00 | 1.00 |        85.2 |    88.0 |    86.2 
       ij-ikl-ljk |    144 |   128 | 18432 | 1.00 | 1.00 |        64.0 |    56.7 |    57.0 
       ij-kil-lkj |    144 |   128 | 20736 | 1.00 | 1.00 |        65.4 |    65.1 |    66.7 
       ijk-ikl-lj |  18432 |   128 |   144 | 1.00 | 1.00 |        72.7 |    66.4 |    66.2 
       ijk-il-jlk |    144 | 18432 |   128 | 1.00 | 0.97 |        70.9 |    70.7 |    73.9 
       ijk-ilk-jl |  18432 |   144 |   128 | 1.00 | 1.00 |        70.6 |    67.9 |    74.2 
       ijk-ilk-lj |  18432 |   128 |   144 | 1.00 | 1.00 |        68.1 |    68.4 |    67.3 
     ijk-ilmk-mjl |   1920 |    40 |  1920 | 1.00 | 1.00 |        57.2 |    52.5 |    56.6 
   ijkl-imjn-lnkm |   1920 |  1920 |  1600 | 1.00 | 1.00 |        85.7 |    86.0 |    87.1 
   ijkl-imjn-nlmk |   1920 |  1600 |  1920 | 1.00 | 1.00 |        86.2 |    86.5 |    87.9 
   ijkl-imkn-jnlm |   1920 |  1920 |  1600 | 1.00 | 0.92 |        82.8 |    83.0 |    84.0 
   ijkl-imkn-njml |   1920 |  1600 |  1920 | 1.00 | 1.00 |        84.8 |    86.5 |    85.5 
   ijkl-imln-jnkm |   1920 |  1920 |  1600 | 1.00 | 0.92 |        83.8 |    84.7 |    84.9 
   ijkl-imln-njmk |   1920 |  1600 |  1920 | 1.00 | 1.00 |        84.9 |    86.9 |    85.3 
   ijkl-imnj-nlkm |   1920 |  1600 |  1920 | 1.00 | 1.00 |        86.4 |    86.5 |    88.3 
   ijkl-imnk-njml |   1920 |  1600 |  1920 | 1.00 | 1.00 |        84.5 |    86.4 |    85.4 
   ijkl-minj-nlmk |   1920 |  1600 |  2304 | 1.00 | 1.00 |        85.4 |    86.6 |    87.4 
   ijkl-mink-jnlm |   1920 |  1920 |  1920 | 1.00 | 0.92 |        84.5 |    86.4 |    86.4 
   ijkl-minl-njmk |   1920 |  1600 |  2304 | 1.00 | 1.00 |        84.3 |    86.1 |    85.5 
     aqrs-pa-pqrs |     48 | 64000 |    48 | 1.00 | 1.00 |        47.3 |    50.3 |    48.5 
     abrs-qb-aqrs |     40 | 76800 |    48 | 1.00 | 1.00 |        48.7 |    49.4 |    49.4 
     abcs-rc-abrs |     40 | 76800 |    48 | 1.00 | 1.00 |        44.6 |    48.7 |    51.8 
       abj-bka-kj |  20736 |   128 |   144 | 1.00 | 1.00 |        69.5 |    69.1 |    71.3 
       ajb-kba-jk |  18432 |   144 |   144 | 1.00 | 1.00 |        79.7 |    83.0 |    83.7 
     abjc-cbka-kj |  92160 |    40 |    48 | 1.00 | 1.00 |        40.5 |    37.8 |    39.3 
     ajbc-ckba-jk |  92160 |    48 |    40 | 1.00 | 1.00 |        42.6 |    42.4 |    42.3 
     abjc-kbac-jk |  76800 |    48 |    48 | 1.00 | 1.00 |        57.7 |    58.1 |    54.0 
   abjcd-dkbac-jk | 230400 |    24 |    20 | 1.00 | 1.00 |        25.1 |    23.0 |    23.8 
   adbjc-cbdka-kj | 230400 |    20 |    24 | 1.00 | 1.00 |        14.9 |    10.4 |    11.9 
   ajbdc-ckbad-jk | 230400 |    24 |    20 | 1.00 | 1.00 |        24.4 |    22.9 |    23.0 
 abcijk-ijma-mkbc |   6912 |  1728 |    24 | 1.00 | 0.97 |        51.8 |    58.9 |    51.1 
 abcijk-ijmb-mkac |   3456 |  3456 |    24 | 1.00 | 0.67 |        46.8 |    54.5 |    47.2 
 abcijk-ijmc-mkab |   3456 |  3456 |    24 | 1.00 | 0.67 |        53.0 |    61.1 |    51.9 
 abcijk-ikma-mjbc |   6912 |  1728 |    24 | 1.00 | 0.97 |        51.9 |    58.9 |    51.1 
 abcijk-ikmb-mjac |   3456 |  3456 |    24 | 1.00 | 0.67 |        46.7 |    54.5 |    47.2 
 abcijk-ikmc-mjab |   3456 |  3456 |    24 | 1.00 | 0.67 |        52.9 |    61.2 |    51.5 
 abcijk-jkma-mibc |   6912 |  1728 |    24 | 1.00 | 0.97 |        52.1 |    59.7 |    51.6 
 abcijk-jkmb-miac |   3456 |  3456 |    24 | 1.00 | 0.67 |        46.7 |    54.6 |    47.3 
 abcijk-jkmc-miab |   3456 |  3456 |    24 | 1.00 | 0.67 |        53.0 |    61.3 |    51.9 
 abcijk-eiab-jkec |   3456 |  3456 |    24 | 1.00 | 0.67 |        52.6 |    60.8 |    51.6 
 abcijk-eiac-jkeb |   3456 |  3456 |    24 | 1.00 | 0.67 |        46.6 |    54.2 |    46.9 
 abcijk-eibc-jkea |   1728 |  6912 |    24 | 1.00 | 0.97 |        52.2 |    59.7 |    51.7 
 abcijk-ejab-ikec |   3456 |  3456 |    24 | 1.00 | 0.67 |        52.6 |    60.7 |    51.5 
 abcijk-ejac-ikeb |   3456 |  3456 |    24 | 1.00 | 0.67 |        46.6 |    54.3 |    46.8 
 abcijk-ejbc-ikea |   1728 |  6912 |    24 | 1.00 | 0.97 |        51.6 |    58.9 |    51.1 
 abcijk-ekab-ijec |   3456 |  3456 |    24 | 1.00 | 0.67 |        52.6 |    60.7 |    51.4 
 abcijk-ekac-ijeb |   3456 |  3456 |    24 | 1.00 | 0.67 |        46.6 |    54.2 |    47.2 
 abcijk-ekbc-ijea |   1728 |  6912 |    24 | 1.00 | 0.97 |        51.6 |    59.0 |    51.1 
       abc-bk-akc |    144 | 18432 |   128 | 1.00 | 1.00 |        71.0 |    74.6 |    68.2 

=== complex efficiency ratio (c32 GF/s over f32 GF/s; 1.0 = no penalty) ===
             case | planar c32/f32 | 1m c32/f32 | 3m c32/f32 
------------------+----------------+------------+------------
         ij-ik-kj |          1.031 |      1.066 |      1.044 
       ij-ikl-ljk |          1.402 |      1.243 |      1.248 
       ij-kil-lkj |          1.426 |      1.418 |      1.454 
       ijk-ikl-lj |          1.396 |      1.277 |      1.272 
       ijk-il-jlk |          1.300 |      1.296 |      1.354 
       ijk-ilk-jl |          1.058 |      1.018 |      1.113 
       ijk-ilk-lj |          1.048 |      1.054 |      1.036 
     ijk-ilmk-mjl |          0.983 |      0.901 |      0.971 
   ijkl-imjn-lnkm |          1.037 |      1.041 |      1.053 
   ijkl-imjn-nlmk |          1.033 |      1.037 |      1.054 
   ijkl-imkn-jnlm |          1.022 |      1.024 |      1.038 
   ijkl-imkn-njml |          1.025 |      1.046 |      1.033 
   ijkl-imln-jnkm |          1.025 |      1.037 |      1.040 
   ijkl-imln-njmk |          1.023 |      1.047 |      1.027 
   ijkl-imnj-nlkm |          1.036 |      1.036 |      1.058 
   ijkl-imnk-njml |          1.026 |      1.049 |      1.038 
   ijkl-minj-nlmk |          1.028 |      1.042 |      1.052 
   ijkl-mink-jnlm |          1.023 |      1.045 |      1.045 
   ijkl-minl-njmk |          1.015 |      1.036 |      1.029 
     aqrs-pa-pqrs |          1.239 |      1.318 |      1.271 
     abrs-qb-aqrs |          1.196 |      1.213 |      1.215 
     abcs-rc-abrs |          1.355 |      1.481 |      1.574 
       abj-bka-kj |          1.195 |      1.188 |      1.227 
       ajb-kba-jk |          1.344 |      1.400 |      1.411 
     abjc-cbka-kj |          1.840 |      1.718 |      1.785 
     ajbc-ckba-jk |          1.816 |      1.806 |      1.804 
     abjc-kbac-jk |          1.418 |      1.430 |      1.329 
   abjcd-dkbac-jk |          2.641 |      2.417 |      2.495 
   adbjc-cbdka-kj |          2.334 |      1.633 |      1.868 
   ajbdc-ckbad-jk |          2.655 |      2.494 |      2.496 
 abcijk-ijma-mkbc |          1.753 |      1.993 |      1.730 
 abcijk-ijmb-mkac |          1.814 |      2.110 |      1.830 
 abcijk-ijmc-mkab |          1.338 |      1.542 |      1.310 
 abcijk-ikma-mjbc |          1.749 |      1.988 |      1.722 
 abcijk-ikmb-mjac |          1.846 |      2.154 |      1.868 
 abcijk-ikmc-mjab |          1.318 |      1.524 |      1.283 
 abcijk-jkma-mibc |          1.757 |      2.013 |      1.742 
 abcijk-jkmb-miac |          1.833 |      2.142 |      1.854 
 abcijk-jkmc-miab |          1.337 |      1.548 |      1.309 
 abcijk-eiab-jkec |          1.333 |      1.540 |      1.307 
 abcijk-eiac-jkeb |          1.809 |      2.104 |      1.821 
 abcijk-eibc-jkea |          1.744 |      1.994 |      1.726 
 abcijk-ejab-ikec |          1.311 |      1.513 |      1.283 
 abcijk-ejac-ikeb |          1.847 |      2.155 |      1.856 
 abcijk-ejbc-ikea |          1.733 |      1.977 |      1.715 
 abcijk-ekab-ijec |          1.331 |      1.537 |      1.302 
 abcijk-ekac-ijeb |          1.810 |      2.104 |      1.830 
 abcijk-ekbc-ijea |          1.764 |      2.014 |      1.747 
       abc-bk-akc |          1.068 |      1.122 |      1.026 
             MEAN |          1.438 |      1.508 |      1.422 

wrote bench-results/worker5086-zen2/phase4g/sm-s16-t1-f32c32.csv
