host        : worker5086
target      : x86_64 / linux
cpu features: avx2 fma 
caches      : L1=32KiB/8-way/1sh L2=512KiB/8-way/1sh L3=16384KiB/16-way/4sh (via sysfs), blocking=legacy
l3 domains  : t1=1 t4=1 t8=2 t16=4 t32=8 t64=16 t128=32
baselines   : tblis=false blas=false

sweeping 49 cases at 16 MiB nominal tensor size, 3 reps, stress=none


=== f64 ===
             case |      m |     n |     k | regA | regB | planar GF/s | 1m GF/s | 3m GF/s 
------------------+--------+-------+-------+------+------+-------------+---------+---------
         ij-ik-kj |   1464 |  1448 |  1464 | 1.00 | 1.00 |       178.5 |   178.5 |   178.5 
       ij-ikl-ljk |    144 |   128 | 18432 | 1.00 | 1.00 |        40.6 |    40.6 |    40.6 
       ij-kil-lkj |    144 |   128 | 20736 | 1.00 | 1.00 |        44.0 |    44.0 |    44.0 
       ijk-ikl-lj |  18432 |   128 |   144 | 1.00 | 1.00 |        82.2 |    82.2 |    82.2 
       ijk-il-jlk |    144 | 18432 |   128 | 1.00 | 1.00 |       179.9 |   179.9 |   179.9 
       ijk-ilk-jl |  18432 |   144 |   128 | 1.00 | 1.00 |       101.0 |   101.0 |   101.0 
       ijk-ilk-lj |  18432 |   128 |   144 | 1.00 | 1.00 |       124.6 |   124.6 |   124.6 
     ijk-ilmk-mjl |   1920 |    40 |  1920 | 1.00 | 1.00 |        39.9 |    39.9 |    39.9 
   ijkl-imjn-lnkm |   1920 |  1920 |  1600 | 1.00 | 0.90 |       222.7 |   222.7 |   222.7 
   ijkl-imjn-nlmk |   1920 |  1600 |  1920 | 1.00 | 0.90 |       236.9 |   236.9 |   236.9 
   ijkl-imkn-jnlm |   1920 |  1920 |  1600 | 1.00 | 1.00 |       285.6 |   285.6 |   285.6 
   ijkl-imkn-njml |   1920 |  1600 |  1920 | 1.00 | 0.90 |       260.7 |   260.7 |   260.7 
   ijkl-imln-jnkm |   1920 |  1920 |  1600 | 1.00 | 1.00 |       255.0 |   255.0 |   255.0 
   ijkl-imln-njmk |   1920 |  1600 |  1920 | 1.00 | 0.90 |       263.5 |   263.5 |   263.5 
   ijkl-imnj-nlkm |   1920 |  1600 |  1920 | 1.00 | 0.90 |       265.3 |   265.3 |   265.3 
   ijkl-imnk-njml |   1920 |  1600 |  1920 | 1.00 | 0.90 |       289.3 |   289.3 |   289.3 
   ijkl-minj-nlmk |   1920 |  1600 |  2304 | 1.00 | 0.90 |       256.0 |   256.0 |   256.0 
   ijkl-mink-jnlm |   1920 |  1920 |  1920 | 1.00 | 1.00 |       314.5 |   314.5 |   314.5 
   ijkl-minl-njmk |   1920 |  1600 |  2304 | 1.00 | 0.90 |       285.9 |   285.9 |   285.9 
     aqrs-pa-pqrs |     48 | 64000 |    48 | 1.00 | 1.00 |        65.3 |    65.3 |    65.3 
     abrs-qb-aqrs |     40 | 76800 |    48 | 1.00 | 1.00 |        48.9 |    48.9 |    48.9 
     abcs-rc-abrs |     40 | 76800 |    48 | 1.00 | 1.00 |        48.0 |    48.0 |    48.0 
       abj-bka-kj |  20736 |   128 |   144 | 1.00 | 1.00 |       103.3 |   103.3 |   103.3 
       ajb-kba-jk |  18432 |   144 |   144 | 1.00 | 1.00 |       110.0 |   110.0 |   110.0 
     abjc-cbka-kj |  92160 |    40 |    48 | 1.00 | 1.00 |        42.0 |    42.0 |    42.0 
     ajbc-ckba-jk |  92160 |    48 |    40 | 1.00 | 1.00 |        43.3 |    43.3 |    43.3 
     abjc-kbac-jk |  76800 |    48 |    48 | 1.00 | 1.00 |        59.9 |    59.9 |    59.9 
   abjcd-dkbac-jk | 230400 |    24 |    20 | 1.00 | 1.00 |        19.1 |    19.1 |    19.1 
   adbjc-cbdka-kj | 230400 |    20 |    24 | 1.00 | 1.00 |        15.2 |    15.2 |    15.2 
   ajbdc-ckbad-jk | 230400 |    24 |    20 | 1.00 | 1.00 |        21.0 |    21.0 |    21.0 
 abcijk-ijma-mkbc |   6912 |  1728 |    24 | 1.00 | 1.00 |       163.9 |   163.9 |   163.9 
 abcijk-ijmb-mkac |   3456 |  3456 |    24 | 1.00 | 1.00 |       180.1 |   180.1 |   180.1 
 abcijk-ijmc-mkab |   3456 |  3456 |    24 | 1.00 | 1.00 |       204.3 |   204.3 |   204.3 
 abcijk-ikma-mjbc |   6912 |  1728 |    24 | 1.00 | 1.00 |       158.5 |   158.5 |   158.5 
 abcijk-ikmb-mjac |   3456 |  3456 |    24 | 1.00 | 1.00 |       190.2 |   190.2 |   190.2 
 abcijk-ikmc-mjab |   3456 |  3456 |    24 | 1.00 | 1.00 |       196.7 |   196.7 |   196.7 
 abcijk-jkma-mibc |   6912 |  1728 |    24 | 1.00 | 1.00 |       151.0 |   151.0 |   151.0 
 abcijk-jkmb-miac |   3456 |  3456 |    24 | 1.00 | 1.00 |       176.8 |   176.8 |   176.8 
 abcijk-jkmc-miab |   3456 |  3456 |    24 | 1.00 | 1.00 |       211.4 |   211.4 |   211.4 
 abcijk-eiab-jkec |   3456 |  3456 |    24 | 1.00 | 1.00 |       190.8 |   190.8 |   190.8 
 abcijk-eiac-jkeb |   3456 |  3456 |    24 | 1.00 | 1.00 |       204.1 |   204.1 |   204.1 
 abcijk-eibc-jkea |   1728 |  6912 |    24 | 1.00 | 1.00 |       171.6 |   171.6 |   171.6 
 abcijk-ejab-ikec |   3456 |  3456 |    24 | 1.00 | 1.00 |       181.5 |   181.5 |   181.5 
 abcijk-ejac-ikeb |   3456 |  3456 |    24 | 1.00 | 1.00 |       188.5 |   188.5 |   188.5 
 abcijk-ejbc-ikea |   1728 |  6912 |    24 | 1.00 | 1.00 |       168.3 |   168.3 |   168.3 
 abcijk-ekab-ijec |   3456 |  3456 |    24 | 1.00 | 1.00 |       180.4 |   180.4 |   180.4 
 abcijk-ekac-ijeb |   3456 |  3456 |    24 | 1.00 | 1.00 |       180.8 |   180.8 |   180.8 
 abcijk-ekbc-ijea |   1728 |  6912 |    24 | 1.00 | 1.00 |       121.1 |   121.1 |   121.1 
       abc-bk-akc |    144 | 18432 |   128 | 1.00 | 1.00 |       104.5 |   104.5 |   104.5 

=== c64 ===
             case |      m |     n |     k | regA | regB | planar GF/s | 1m GF/s | 3m GF/s 
------------------+--------+-------+-------+------+------+-------------+---------+---------
         ij-ik-kj |   1464 |  1448 |  1464 | 1.00 | 1.00 |       380.4 |   351.0 |   327.7 
       ij-ikl-ljk |    144 |   128 | 18432 | 1.00 | 1.00 |       110.3 |   103.3 |    99.1 
       ij-kil-lkj |    144 |   128 | 20736 | 1.00 | 1.00 |       118.6 |   116.4 |   113.5 
       ijk-ikl-lj |  18432 |   128 |   144 | 1.00 | 1.00 |       251.5 |   263.1 |   210.9 
       ijk-il-jlk |    144 | 18432 |   128 | 1.00 | 0.97 |       347.3 |   331.8 |   337.9 
       ijk-ilk-jl |  18432 |   144 |   128 | 1.00 | 1.00 |       269.2 |   223.1 |   210.5 
       ijk-ilk-lj |  18432 |   128 |   144 | 1.00 | 1.00 |       225.5 |   244.9 |   214.2 
     ijk-ilmk-mjl |   1920 |    40 |  1920 | 1.00 | 1.00 |       108.1 |   106.0 |   106.6 
   ijkl-imjn-lnkm |   1920 |  1920 |  1600 | 1.00 | 1.00 |       495.4 |   413.2 |   412.4 
   ijkl-imjn-nlmk |   1920 |  1600 |  1920 | 1.00 | 1.00 |       482.5 |   418.7 |   430.9 
   ijkl-imkn-jnlm |   1920 |  1920 |  1600 | 1.00 | 0.92 |       466.7 |   378.1 |   414.3 
   ijkl-imkn-njml |   1920 |  1600 |  1920 | 1.00 | 1.00 |       469.7 |   483.6 |   436.7 
   ijkl-imln-jnkm |   1920 |  1920 |  1600 | 1.00 | 0.92 |       511.7 |   516.2 |   446.9 
   ijkl-imln-njmk |   1920 |  1600 |  1920 | 1.00 | 1.00 |       486.6 |   407.9 |   427.2 
   ijkl-imnj-nlkm |   1920 |  1600 |  1920 | 1.00 | 1.00 |       469.5 |   465.0 |   459.7 
   ijkl-imnk-njml |   1920 |  1600 |  1920 | 1.00 | 1.00 |       511.6 |   494.9 |   397.7 
   ijkl-minj-nlmk |   1920 |  1600 |  2304 | 1.00 | 1.00 |       478.9 |   465.8 |   443.1 
   ijkl-mink-jnlm |   1920 |  1920 |  1920 | 1.00 | 0.92 |       594.2 |   522.9 |   445.6 
   ijkl-minl-njmk |   1920 |  1600 |  2304 | 1.00 | 1.00 |       561.3 |   475.0 |   410.0 
     aqrs-pa-pqrs |     48 | 64000 |    48 | 1.00 | 1.00 |       149.2 |   158.2 |   138.5 
     abrs-qb-aqrs |     40 | 76800 |    48 | 1.00 | 1.00 |       130.2 |   140.3 |    97.5 
     abcs-rc-abrs |     40 | 76800 |    48 | 1.00 | 1.00 |       133.2 |   166.6 |   127.7 
       abj-bka-kj |  20736 |   128 |   144 | 1.00 | 1.00 |       185.2 |   199.6 |   234.3 
       ajb-kba-jk |  18432 |   144 |   144 | 1.00 | 1.00 |       287.4 |   281.7 |   251.1 
     abjc-cbka-kj |  92160 |    40 |    48 | 1.00 | 1.00 |        88.9 |    81.6 |    88.6 
     ajbc-ckba-jk |  92160 |    48 |    40 | 1.00 | 1.00 |       100.1 |    94.9 |    96.1 
     abjc-kbac-jk |  76800 |    48 |    48 | 1.00 | 1.00 |       151.0 |   181.4 |   128.8 
   abjcd-dkbac-jk | 230400 |    24 |    20 | 1.00 | 1.00 |        52.4 |    50.9 |    50.8 
   adbjc-cbdka-kj | 230400 |    20 |    24 | 1.00 | 1.00 |        44.9 |    44.0 |    45.8 
   ajbdc-ckbad-jk | 230400 |    24 |    20 | 1.00 | 1.00 |        47.8 |    51.4 |    51.5 
 abcijk-ijma-mkbc |   6912 |  1728 |    24 | 1.00 | 0.97 |       178.3 |   174.2 |   156.5 
 abcijk-ijmb-mkac |   3456 |  3456 |    24 | 1.00 | 0.67 |       189.9 |   253.5 |   171.2 
 abcijk-ijmc-mkab |   3456 |  3456 |    24 | 1.00 | 0.67 |       250.2 |   219.3 |   221.6 
 abcijk-ikma-mjbc |   6912 |  1728 |    24 | 1.00 | 0.97 |       180.0 |   175.2 |   160.7 
 abcijk-ikmb-mjac |   3456 |  3456 |    24 | 1.00 | 0.67 |       192.6 |   227.2 |   165.1 
 abcijk-ikmc-mjab |   3456 |  3456 |    24 | 1.00 | 0.67 |       242.2 |   205.1 |   242.0 
 abcijk-jkma-mibc |   6912 |  1728 |    24 | 1.00 | 0.97 |       181.5 |   173.6 |   158.2 
 abcijk-jkmb-miac |   3456 |  3456 |    24 | 1.00 | 0.67 |       191.1 |   233.9 |   158.9 
 abcijk-jkmc-miab |   3456 |  3456 |    24 | 1.00 | 0.67 |       246.8 |   239.8 |   223.2 
 abcijk-eiab-jkec |   3456 |  3456 |    24 | 1.00 | 0.67 |       242.1 |   261.7 |   205.3 
 abcijk-eiac-jkeb |   3456 |  3456 |    24 | 1.00 | 0.67 |       182.1 |   250.8 |   158.2 
 abcijk-eibc-jkea |   1728 |  6912 |    24 | 1.00 | 0.97 |       179.9 |   176.4 |   150.0 
 abcijk-ejab-ikec |   3456 |  3456 |    24 | 1.00 | 0.67 |       255.6 |   214.4 |   243.6 
 abcijk-ejac-ikeb |   3456 |  3456 |    24 | 1.00 | 0.67 |       184.0 |   254.0 |   168.3 
 abcijk-ejbc-ikea |   1728 |  6912 |    24 | 1.00 | 0.97 |       181.9 |   172.6 |   156.2 
 abcijk-ekab-ijec |   3456 |  3456 |    24 | 1.00 | 0.67 |       244.7 |   207.6 |   234.6 
 abcijk-ekac-ijeb |   3456 |  3456 |    24 | 1.00 | 0.67 |       185.1 |   226.0 |   167.2 
 abcijk-ekbc-ijea |   1728 |  6912 |    24 | 1.00 | 0.97 |       175.0 |   173.6 |   159.5 
       abc-bk-akc |    144 | 18432 |   128 | 1.00 | 1.00 |       212.3 |   247.7 |   270.5 

=== complex efficiency ratio (c64 GF/s over f64 GF/s; 1.0 = no penalty) ===
             case | planar c64/f64 | 1m c64/f64 | 3m c64/f64 
------------------+----------------+------------+------------
         ij-ik-kj |          2.131 |      1.966 |      1.836 
       ij-ikl-ljk |          2.719 |      2.545 |      2.442 
       ij-kil-lkj |          2.697 |      2.648 |      2.582 
       ijk-ikl-lj |          3.059 |      3.200 |      2.565 
       ijk-il-jlk |          1.930 |      1.844 |      1.878 
       ijk-ilk-jl |          2.665 |      2.208 |      2.084 
       ijk-ilk-lj |          1.810 |      1.966 |      1.720 
     ijk-ilmk-mjl |          2.713 |      2.660 |      2.676 
   ijkl-imjn-lnkm |          2.224 |      1.855 |      1.851 
   ijkl-imjn-nlmk |          2.037 |      1.767 |      1.819 
   ijkl-imkn-jnlm |          1.634 |      1.324 |      1.451 
   ijkl-imkn-njml |          1.802 |      1.855 |      1.675 
   ijkl-imln-jnkm |          2.007 |      2.024 |      1.753 
   ijkl-imln-njmk |          1.847 |      1.548 |      1.621 
   ijkl-imnj-nlkm |          1.769 |      1.753 |      1.732 
   ijkl-imnk-njml |          1.768 |      1.711 |      1.374 
   ijkl-minj-nlmk |          1.871 |      1.819 |      1.731 
   ijkl-mink-jnlm |          1.889 |      1.663 |      1.417 
   ijkl-minl-njmk |          1.963 |      1.662 |      1.434 
     aqrs-pa-pqrs |          2.283 |      2.421 |      2.120 
     abrs-qb-aqrs |          2.666 |      2.871 |      1.995 
     abcs-rc-abrs |          2.776 |      3.473 |      2.661 
       abj-bka-kj |          1.793 |      1.932 |      2.268 
       ajb-kba-jk |          2.613 |      2.561 |      2.283 
     abjc-cbka-kj |          2.119 |      1.944 |      2.110 
     ajbc-ckba-jk |          2.312 |      2.194 |      2.220 
     abjc-kbac-jk |          2.523 |      3.030 |      2.151 
   abjcd-dkbac-jk |          2.751 |      2.671 |      2.666 
   adbjc-cbdka-kj |          2.946 |      2.885 |      3.007 
   ajbdc-ckbad-jk |          2.276 |      2.446 |      2.450 
 abcijk-ijma-mkbc |          1.088 |      1.063 |      0.955 
 abcijk-ijmb-mkac |          1.054 |      1.407 |      0.950 
 abcijk-ijmc-mkab |          1.225 |      1.073 |      1.084 
 abcijk-ikma-mjbc |          1.136 |      1.106 |      1.014 
 abcijk-ikmb-mjac |          1.012 |      1.194 |      0.868 
 abcijk-ikmc-mjab |          1.231 |      1.043 |      1.230 
 abcijk-jkma-mibc |          1.202 |      1.149 |      1.048 
 abcijk-jkmb-miac |          1.081 |      1.323 |      0.899 
 abcijk-jkmc-miab |          1.167 |      1.134 |      1.056 
 abcijk-eiab-jkec |          1.269 |      1.372 |      1.076 
 abcijk-eiac-jkeb |          0.892 |      1.229 |      0.775 
 abcijk-eibc-jkea |          1.048 |      1.028 |      0.874 
 abcijk-ejab-ikec |          1.409 |      1.181 |      1.342 
 abcijk-ejac-ikeb |          0.976 |      1.347 |      0.893 
 abcijk-ejbc-ikea |          1.081 |      1.025 |      0.928 
 abcijk-ekab-ijec |          1.357 |      1.151 |      1.301 
 abcijk-ekac-ijeb |          1.024 |      1.250 |      0.925 
 abcijk-ekbc-ijea |          1.445 |      1.433 |      1.317 
       abc-bk-akc |          2.031 |      2.370 |      2.589 
             MEAN |          1.843 |      1.843 |      1.688 

wrote bench-results/worker5086-zen2/phase4g/wu-discard.csv
