host        : worker6156
target      : x86_64 / linux
cpu features: avx2 fma avx512f avx512dq 
caches      : L1=48KiB/12-way/1sh L2=1280KiB/20-way/1sh L3=49152KiB/12-way/32sh (via sysfs), blocking=legacy
baselines   : tblis=true blas=true
tblis       : abi 2.x, 1 thread(s)

sweeping 49 cases at 64 MiB nominal tensor size, 3 reps, stress=none


=== f64 ===
             case |      m |      n |     k | regA | regB | planar GF/s | 1m GF/s | 3m GF/s | ttgt GF/s | tblis GF/s 
------------------+--------+--------+-------+------+------+-------------+---------+---------+-----------+------------
         ij-ik-kj |   2904 |   2896 |  2904 | 1.00 | 1.00 |        71.9 |    71.9 |    71.9 |      90.6 |       82.9 
       ij-ikl-ljk |    216 |    204 | 44064 | 1.00 | 1.00 |        41.2 |    41.2 |    41.2 |      41.2 |       43.5 
       ij-kil-lkj |    216 |    204 | 46656 | 1.00 | 1.00 |        40.5 |    40.5 |    40.5 |      41.5 |       34.2 
       ijk-ikl-lj |  44064 |    204 |   216 | 1.00 | 1.00 |        58.5 |    58.5 |    58.5 |      43.6 |       57.5 
       ijk-il-jlk |    216 |  44064 |   204 | 1.00 | 1.00 |        48.4 |    48.4 |    48.4 |      35.0 |       56.7 
       ijk-ilk-jl |  44064 |    216 |   204 | 1.00 | 1.00 |        63.0 |    63.0 |    63.0 |      42.7 |       56.8 
       ijk-ilk-lj |  44064 |    204 |   216 | 1.00 | 1.00 |        61.6 |    61.6 |    61.6 |      43.1 |       56.1 
     ijk-ilmk-mjl |   3744 |     52 |  3744 | 1.00 | 1.00 |        44.0 |    44.0 |    44.0 |      35.7 |       27.8 
   ijkl-imjn-lnkm |   3744 |   3744 |  2704 | 1.00 | 0.92 |        70.9 |    70.9 |    70.9 |      88.8 |       81.5 
   ijkl-imjn-nlmk |   3744 |   2704 |  3744 | 1.00 | 0.92 |        70.6 |    70.6 |    70.6 |      92.2 |       79.7 
   ijkl-imkn-jnlm |   3744 |   3744 |  2704 | 1.00 | 1.00 |        69.6 |    69.6 |    69.6 |      91.9 |       78.3 
   ijkl-imkn-njml |   3744 |   2704 |  3744 | 1.00 | 0.92 |        69.3 |    69.3 |    69.3 |      92.9 |       76.7 
   ijkl-imln-jnkm |   3744 |   3744 |  2704 | 1.00 | 1.00 |        69.8 |    69.8 |    69.8 |      91.9 |       80.5 
   ijkl-imln-njmk |   3744 |   2704 |  3744 | 1.00 | 0.92 |        69.6 |    69.6 |    69.6 |      93.0 |       79.5 
   ijkl-imnj-nlkm |   3744 |   2704 |  3744 | 1.00 | 0.92 |        70.4 |    70.4 |    70.4 |      93.3 |       79.7 
   ijkl-imnk-njml |   3744 |   2704 |  3744 | 1.00 | 0.92 |        69.5 |    69.5 |    69.5 |      93.0 |       76.8 
   ijkl-minj-nlmk |   3744 |   2704 |  5184 | 1.00 | 0.92 |        69.3 |    69.3 |    69.3 |      92.2 |       78.5 
   ijkl-mink-jnlm |   3744 |   3744 |  3744 | 1.00 | 1.00 |        69.0 |    69.0 |    69.0 |      92.8 |       78.3 
   ijkl-minl-njmk |   3744 |   2704 |  5184 | 1.00 | 0.92 |        68.6 |    68.6 |    68.6 |      92.6 |       78.4 
     aqrs-pa-pqrs |     72 | 140608 |    72 | 1.00 | 1.00 |        37.5 |    37.5 |    37.5 |      17.5 |       24.0 
     abrs-qb-aqrs |     52 | 194688 |    72 | 1.00 | 1.00 |        42.6 |    42.6 |    42.6 |      14.9 |       25.6 
     abcs-rc-abrs |     52 | 194688 |    72 | 1.00 | 1.00 |        49.9 |    49.9 |    49.9 |      13.8 |       30.0 
       abj-bka-kj |  46656 |    204 |   216 | 1.00 | 1.00 |        44.7 |    44.7 |    44.7 |      39.2 |       40.3 
       ajb-kba-jk |  44064 |    216 |   216 | 1.00 | 1.00 |        64.3 |    64.3 |    64.3 |      31.0 |       58.3 
     abjc-cbka-kj | 269568 |     52 |    72 | 1.00 | 1.00 |        15.5 |    15.5 |    15.5 |      15.0 |       12.5 
     ajbc-ckba-jk | 269568 |     72 |    52 | 1.00 | 1.00 |        22.4 |    22.4 |    22.4 |      13.5 |       22.8 
     abjc-kbac-jk | 194688 |     72 |    72 | 1.00 | 1.00 |        55.6 |    55.6 |    55.6 |      12.5 |       34.0 
   abjcd-dkbac-jk | 331776 |     24 |    24 | 1.00 | 1.00 |         9.1 |     9.1 |     9.1 |       4.4 |        8.6 
   adbjc-cbdka-kj | 331776 |     24 |    24 | 1.00 | 1.00 |         7.1 |     7.1 |     7.1 |       5.6 |        5.4 
   ajbdc-ckbad-jk | 331776 |     24 |    24 | 1.00 | 1.00 |         9.0 |     9.0 |     9.0 |       4.2 |       11.8 
 abcijk-ijma-mkbc |   9216 |   4096 |    24 | 1.00 | 1.00 |        45.8 |    45.8 |    45.8 |       9.0 |       31.6 
 abcijk-ijmb-mkac |   6144 |   6144 |    24 | 1.00 | 1.00 |        39.2 |    39.2 |    39.2 |       6.1 |       11.4 
 abcijk-ijmc-mkab |   6144 |   6144 |    24 | 1.00 | 1.00 |        41.2 |    41.2 |    41.2 |       4.9 |       32.2 
 abcijk-ikma-mjbc |   9216 |   4096 |    24 | 1.00 | 1.00 |        45.8 |    45.8 |    45.8 |       9.0 |       31.7 
 abcijk-ikmb-mjac |   6144 |   6144 |    24 | 1.00 | 1.00 |        39.4 |    39.4 |    39.4 |       6.1 |       11.9 
 abcijk-ikmc-mjab |   6144 |   6144 |    24 | 1.00 | 1.00 |        41.0 |    41.0 |    41.0 |       4.9 |       21.0 
 abcijk-jkma-mibc |   9216 |   4096 |    24 | 1.00 | 1.00 |        43.2 |    43.2 |    43.2 |       9.0 |       30.9 
 abcijk-jkmb-miac |   6144 |   6144 |    24 | 1.00 | 1.00 |        38.1 |    38.1 |    38.1 |       6.1 |        9.3 
 abcijk-jkmc-miab |   6144 |   6144 |    24 | 1.00 | 1.00 |        40.6 |    40.6 |    40.6 |       4.9 |       20.6 
 abcijk-eiab-jkec |   6144 |   6144 |    24 | 1.00 | 1.00 |        40.4 |    40.4 |    40.4 |      10.0 |       20.6 
 abcijk-eiac-jkeb |   6144 |   6144 |    24 | 1.00 | 1.00 |        38.2 |    38.2 |    38.2 |       8.6 |        9.3 
 abcijk-eibc-jkea |   4096 |   9216 |    24 | 1.00 | 1.00 |        43.2 |    43.2 |    43.2 |       7.9 |       31.0 
 abcijk-ejab-ikec |   6144 |   6144 |    24 | 1.00 | 1.00 |        41.1 |    41.1 |    41.1 |      10.0 |       20.9 
 abcijk-ejac-ikeb |   6144 |   6144 |    24 | 1.00 | 1.00 |        39.4 |    39.4 |    39.4 |       8.6 |       12.0 
 abcijk-ejbc-ikea |   4096 |   9216 |    24 | 1.00 | 1.00 |        45.7 |    45.7 |    45.7 |       7.9 |       31.7 
 abcijk-ekab-ijec |   6144 |   6144 |    24 | 1.00 | 1.00 |        41.1 |    41.1 |    41.1 |      10.0 |       32.2 
 abcijk-ekac-ijeb |   6144 |   6144 |    24 | 1.00 | 1.00 |        39.2 |    39.2 |    39.2 |       8.6 |       11.4 
 abcijk-ekbc-ijea |   4096 |   9216 |    24 | 1.00 | 1.00 |        45.7 |    45.7 |    45.7 |       7.9 |       31.7 
       abc-bk-akc |    216 |  44064 |   204 | 1.00 | 1.00 |        63.6 |    63.6 |    63.6 |      30.9 |       56.7 

=== c64 ===
             case |      m |      n |     k | regA | regB | planar GF/s | 1m GF/s | 3m GF/s | ttgt GF/s | tblis GF/s 
------------------+--------+--------+-------+------+------+-------------+---------+---------+-----------+------------
         ij-ik-kj |   2904 |   2896 |  2904 | 1.00 | 1.00 |        90.7 |    73.4 |    58.4 |      84.7 |       85.5 
       ij-ikl-ljk |    216 |    204 | 44064 | 1.00 | 1.00 |        62.1 |    52.8 |    44.4 |      53.7 |       66.2 
       ij-kil-lkj |    216 |    204 | 46656 | 1.00 | 1.00 |        64.5 |    54.6 |    45.7 |      51.5 |       58.5 
       ijk-ikl-lj |  44064 |    204 |   216 | 1.00 | 1.00 |        83.4 |    66.1 |    54.4 |      55.8 |       71.4 
       ijk-il-jlk |    216 |  44064 |   204 | 1.00 | 1.00 |        80.7 |    68.1 |    54.2 |      47.2 |       70.2 
       ijk-ilk-jl |  44064 |    216 |   204 | 0.96 | 1.00 |        85.4 |    68.8 |    55.5 |      55.2 |       72.4 
       ijk-ilk-lj |  44064 |    204 |   216 | 0.96 | 1.00 |        85.3 |    67.5 |    54.9 |      55.6 |       72.4 
     ijk-ilmk-mjl |   3744 |     52 |  3744 | 0.89 | 1.00 |        64.7 |    52.8 |    40.7 |      50.1 |       51.1 
   ijkl-imjn-lnkm |   3744 |   3744 |  2704 | 0.89 | 0.92 |        90.9 |    73.7 |    58.1 |      83.9 |       82.1 
   ijkl-imjn-nlmk |   3744 |   2704 |  3744 | 0.89 | 0.92 |        90.8 |    73.8 |    58.3 |      85.1 |       80.5 
   ijkl-imkn-jnlm |   3744 |   3744 |  2704 | 0.89 | 1.00 |        89.3 |    73.2 |    58.2 |      84.8 |       80.9 
   ijkl-imkn-njml |   3744 |   2704 |  3744 | 0.89 | 0.92 |        89.2 |    73.1 |    57.8 |      85.4 |       79.1 
   ijkl-imln-jnkm |   3744 |   3744 |  2704 | 0.89 | 1.00 |        89.3 |    73.3 |    58.1 |      84.8 |       84.4 
   ijkl-imln-njmk |   3744 |   2704 |  3744 | 0.89 | 0.92 |        89.1 |    73.3 |    57.8 |      85.4 |       83.7 
   ijkl-imnj-nlkm |   3744 |   2704 |  3744 | 0.89 | 0.92 |        91.1 |    74.0 |    58.2 |      85.5 |       80.7 
   ijkl-imnk-njml |   3744 |   2704 |  3744 | 0.89 | 0.92 |        89.0 |    73.2 |    57.8 |      85.4 |       79.4 
   ijkl-minj-nlmk |   3744 |   2704 |  5184 | 0.89 | 0.92 |        90.4 |    73.2 |    57.8 |      85.1 |       79.3 
   ijkl-mink-jnlm |   3744 |   3744 |  3744 | 0.89 | 1.00 |        89.2 |    72.8 |    57.9 |      85.1 |       80.6 
   ijkl-minl-njmk |   3744 |   2704 |  5184 | 0.89 | 0.92 |        88.6 |    72.5 |    57.4 |      85.2 |       82.6 
     aqrs-pa-pqrs |     72 | 140608 |    72 | 1.00 | 1.00 |        56.2 |    57.3 |    43.8 |      30.4 |       50.7 
     abrs-qb-aqrs |     52 | 194688 |    72 | 0.89 | 1.00 |        60.4 |    56.1 |    41.5 |      25.4 |       49.5 
     abcs-rc-abrs |     52 | 194688 |    72 | 1.00 | 1.00 |        67.6 |    59.4 |    44.6 |      24.9 |       56.5 
       abj-bka-kj |  46656 |    204 |   216 | 0.96 | 1.00 |        70.5 |    56.2 |    48.6 |      53.1 |       59.8 
       ajb-kba-jk |  44064 |    216 |   216 | 0.96 | 1.00 |        91.3 |    73.8 |    58.4 |      48.4 |       73.3 
     abjc-cbka-kj | 269568 |     52 |    72 | 0.89 | 1.00 |        31.7 |    29.5 |    25.5 |      25.7 |       34.6 
     ajbc-ckba-jk | 269568 |     72 |    52 | 0.89 | 1.00 |        35.8 |    36.6 |    30.2 |      21.9 |       41.7 
     abjc-kbac-jk | 194688 |     72 |    72 | 0.89 | 1.00 |        66.8 |    62.0 |    45.6 |      23.4 |       54.8 
   abjcd-dkbac-jk | 331776 |     24 |    24 | 0.67 | 1.00 |        15.7 |    13.0 |    12.9 |       9.6 |       19.5 
   adbjc-cbdka-kj | 331776 |     24 |    24 | 0.67 | 1.00 |        16.1 |    13.9 |    13.0 |      10.2 |       14.2 
   ajbdc-ckbad-jk | 331776 |     24 |    24 | 1.00 | 1.00 |        16.2 |    12.3 |    12.5 |       9.4 |       24.1 
 abcijk-ijma-mkbc |   9216 |   4096 |    24 | 1.00 | 0.99 |        62.0 |    54.3 |    42.6 |      16.9 |       45.2 
 abcijk-ijmb-mkac |   6144 |   6144 |    24 | 1.00 | 0.88 |        60.1 |    54.7 |    42.7 |      11.3 |       30.6 
 abcijk-ijmc-mkab |   6144 |   6144 |    24 | 1.00 | 0.75 |        60.8 |    59.6 |    45.8 |      10.9 |       49.6 
 abcijk-ikma-mjbc |   9216 |   4096 |    24 | 1.00 | 0.99 |        62.0 |    54.2 |    42.6 |      16.9 |       45.2 
 abcijk-ikmb-mjac |   6144 |   6144 |    24 | 1.00 | 0.88 |        60.4 |    54.7 |    42.7 |      11.3 |       31.4 
 abcijk-ikmc-mjab |   6144 |   6144 |    24 | 1.00 | 0.75 |        61.0 |    59.7 |    46.0 |      10.9 |       39.2 
 abcijk-jkma-mibc |   9216 |   4096 |    24 | 1.00 | 0.99 |        61.1 |    54.6 |    42.8 |      16.7 |       46.6 
 abcijk-jkmb-miac |   6144 |   6144 |    24 | 1.00 | 0.88 |        60.4 |    54.6 |    42.4 |       9.6 |       27.5 
 abcijk-jkmc-miab |   6144 |   6144 |    24 | 1.00 | 0.75 |        60.6 |    59.0 |    45.7 |       8.5 |       43.5 
 abcijk-eiab-jkec |   6144 |   6144 |    24 | 1.00 | 0.75 |        60.6 |    59.0 |    45.7 |      17.8 |       43.5 
 abcijk-eiac-jkeb |   6144 |   6144 |    24 | 1.00 | 0.88 |        60.2 |    54.6 |    42.4 |      17.0 |       27.6 
 abcijk-eibc-jkea |   4096 |   9216 |    24 | 1.00 | 0.99 |        61.1 |    54.6 |    42.8 |      14.2 |       46.5 
 abcijk-ejab-ikec |   6144 |   6144 |    24 | 1.00 | 0.75 |        60.9 |    59.7 |    46.1 |      17.8 |       39.2 
 abcijk-ejac-ikeb |   6144 |   6144 |    24 | 1.00 | 0.88 |        60.6 |    54.6 |    42.5 |      17.0 |       31.4 
 abcijk-ejbc-ikea |   4096 |   9216 |    24 | 1.00 | 0.99 |        61.7 |    54.2 |    42.7 |      14.1 |       45.3 
 abcijk-ekab-ijec |   6144 |   6144 |    24 | 1.00 | 0.75 |        60.8 |    59.8 |    45.8 |      17.8 |       49.6 
 abcijk-ekac-ijeb |   6144 |   6144 |    24 | 1.00 | 0.88 |        60.6 |    54.7 |    42.4 |      17.0 |       30.6 
 abcijk-ekbc-ijea |   4096 |   9216 |    24 | 1.00 | 0.99 |        61.6 |    54.5 |    42.7 |      14.1 |       45.2 
       abc-bk-akc |    216 |  44064 |   204 | 0.96 | 1.00 |        85.5 |    68.8 |    55.5 |      43.2 |       72.5 

=== complex efficiency ratio (c64 GF/s over f64 GF/s; 1.0 = no penalty) ===
             case | planar c64/f64 | 1m c64/f64 | 3m c64/f64 | ttgt c64/f64 | tblis c64/f64 
------------------+----------------+------------+------------+--------------+---------------
         ij-ik-kj |          1.262 |      1.021 |      0.812 |        0.934 |         1.031 
       ij-ikl-ljk |          1.508 |      1.284 |      1.078 |        1.304 |         1.522 
       ij-kil-lkj |          1.592 |      1.348 |      1.129 |        1.240 |         1.711 
       ijk-ikl-lj |          1.426 |      1.131 |      0.931 |        1.279 |         1.241 
       ijk-il-jlk |          1.666 |      1.405 |      1.119 |        1.347 |         1.237 
       ijk-ilk-jl |          1.355 |      1.091 |      0.881 |        1.293 |         1.275 
       ijk-ilk-lj |          1.384 |      1.096 |      0.891 |        1.291 |         1.290 
     ijk-ilmk-mjl |          1.471 |      1.199 |      0.924 |        1.406 |         1.837 
   ijkl-imjn-lnkm |          1.282 |      1.039 |      0.820 |        0.945 |         1.007 
   ijkl-imjn-nlmk |          1.286 |      1.045 |      0.826 |        0.923 |         1.010 
   ijkl-imkn-jnlm |          1.282 |      1.052 |      0.835 |        0.923 |         1.034 
   ijkl-imkn-njml |          1.286 |      1.055 |      0.833 |        0.919 |         1.031 
   ijkl-imln-jnkm |          1.281 |      1.051 |      0.833 |        0.923 |         1.049 
   ijkl-imln-njmk |          1.281 |      1.053 |      0.830 |        0.919 |         1.053 
   ijkl-imnj-nlkm |          1.293 |      1.051 |      0.827 |        0.916 |         1.013 
   ijkl-imnk-njml |          1.280 |      1.053 |      0.831 |        0.918 |         1.034 
   ijkl-minj-nlmk |          1.304 |      1.056 |      0.834 |        0.923 |         1.011 
   ijkl-mink-jnlm |          1.292 |      1.054 |      0.839 |        0.916 |         1.030 
   ijkl-minl-njmk |          1.290 |      1.056 |      0.836 |        0.921 |         1.054 
     aqrs-pa-pqrs |          1.497 |      1.527 |      1.167 |        1.738 |         2.114 
     abrs-qb-aqrs |          1.416 |      1.316 |      0.973 |        1.708 |         1.935 
     abcs-rc-abrs |          1.356 |      1.192 |      0.894 |        1.811 |         1.884 
       abj-bka-kj |          1.578 |      1.258 |      1.086 |        1.353 |         1.485 
       ajb-kba-jk |          1.421 |      1.149 |      0.909 |        1.561 |         1.257 
     abjc-cbka-kj |          2.051 |      1.904 |      1.646 |        1.706 |         2.762 
     ajbc-ckba-jk |          1.602 |      1.637 |      1.350 |        1.622 |         1.833 
     abjc-kbac-jk |          1.202 |      1.117 |      0.821 |        1.873 |         1.611 
   abjcd-dkbac-jk |          1.723 |      1.429 |      1.417 |        2.172 |         2.261 
   adbjc-cbdka-kj |          2.260 |      1.952 |      1.833 |        1.820 |         2.639 
   ajbdc-ckbad-jk |          1.801 |      1.362 |      1.385 |        2.270 |         2.048 
 abcijk-ijma-mkbc |          1.355 |      1.186 |      0.931 |        1.882 |         1.429 
 abcijk-ijmb-mkac |          1.535 |      1.396 |      1.091 |        1.862 |         2.675 
 abcijk-ijmc-mkab |          1.476 |      1.447 |      1.112 |        2.230 |         1.538 
 abcijk-ikma-mjbc |          1.355 |      1.184 |      0.931 |        1.884 |         1.429 
 abcijk-ikmb-mjac |          1.535 |      1.388 |      1.084 |        1.866 |         2.630 
 abcijk-ikmc-mjab |          1.486 |      1.455 |      1.121 |        2.232 |         1.868 
 abcijk-jkma-mibc |          1.416 |      1.265 |      0.992 |        1.857 |         1.506 
 abcijk-jkmb-miac |          1.585 |      1.433 |      1.113 |        1.576 |         2.955 
 abcijk-jkmc-miab |          1.494 |      1.454 |      1.127 |        1.756 |         2.117 
 abcijk-eiab-jkec |          1.499 |      1.459 |      1.130 |        1.772 |         2.114 
 abcijk-eiac-jkeb |          1.576 |      1.428 |      1.108 |        1.963 |         2.969 
 abcijk-eibc-jkea |          1.414 |      1.263 |      0.990 |        1.808 |         1.500 
 abcijk-ejab-ikec |          1.484 |      1.455 |      1.122 |        1.774 |         1.871 
 abcijk-ejac-ikeb |          1.537 |      1.386 |      1.077 |        1.971 |         2.629 
 abcijk-ejbc-ikea |          1.350 |      1.185 |      0.934 |        1.792 |         1.429 
 abcijk-ekab-ijec |          1.481 |      1.456 |      1.115 |        1.772 |         1.541 
 abcijk-ekac-ijeb |          1.543 |      1.393 |      1.082 |        1.967 |         2.671 
 abcijk-ekbc-ijea |          1.347 |      1.193 |      0.934 |        1.793 |         1.424 
       abc-bk-akc |          1.344 |      1.081 |      0.872 |        1.398 |         1.278 
             MEAN |          1.460 |      1.275 |      1.026 |        1.531 |         1.671 

wrote bench-results/worker6156-icelake/compare-tblis-x86_64/A2-f64c64.csv
