host        : worker6156
target      : x86_64 / linux
cpu features: avx2 fma avx512f avx512dq 
caches      : L1=48KiB/12-way/1sh L2=1280KiB/20-way/1sh L3=49152KiB/12-way/32sh (via sysfs), blocking=legacy
baselines   : tblis=true blas=true
tblis       : abi 2.x, 1 thread(s)

sweeping 49 cases at 64 MiB nominal tensor size, 3 reps, stress=none


=== f32 ===
             case |      m |      n |     k | regA | regB | planar GF/s | 1m GF/s | 3m GF/s | ttgt GF/s | tblis GF/s 
------------------+--------+--------+-------+------+------+-------------+---------+---------+-----------+------------
         ij-ik-kj |   2904 |   2896 |  2904 | 1.00 | 1.00 |       169.0 |   169.0 |   169.0 |     165.8 |      165.1 
       ij-ikl-ljk |    216 |    204 | 44064 | 1.00 | 1.00 |        83.4 |    83.4 |    83.4 |      80.3 |       72.8 
       ij-kil-lkj |    216 |    204 | 46656 | 1.00 | 1.00 |        76.9 |    76.9 |    76.9 |      77.4 |       58.7 
       ijk-ikl-lj |  44064 |    204 |   216 | 1.00 | 1.00 |       141.4 |   141.4 |   141.4 |      74.7 |      100.8 
       ijk-il-jlk |    216 |  44064 |   204 | 1.00 | 1.00 |       122.4 |   122.4 |   122.4 |      68.9 |       92.9 
       ijk-ilk-jl |  44064 |    216 |   204 | 0.89 | 1.00 |       149.0 |   149.0 |   149.0 |      72.4 |       98.9 
       ijk-ilk-lj |  44064 |    204 |   216 | 0.89 | 1.00 |       146.6 |   146.6 |   146.6 |      73.2 |       98.3 
     ijk-ilmk-mjl |   3744 |     52 |  3744 | 0.67 | 1.00 |        99.2 |    99.2 |    99.2 |      59.1 |       41.8 
   ijkl-imjn-lnkm |   3744 |   3744 |  2704 | 0.67 | 0.92 |       165.2 |   165.2 |   165.2 |     156.8 |      161.8 
   ijkl-imjn-nlmk |   3744 |   2704 |  3744 | 0.67 | 0.92 |       166.3 |   166.3 |   166.3 |     167.5 |      159.0 
   ijkl-imkn-jnlm |   3744 |   3744 |  2704 | 0.67 | 1.00 |       168.4 |   168.4 |   168.4 |     166.4 |      151.4 
   ijkl-imkn-njml |   3744 |   2704 |  3744 | 0.67 | 0.92 |       166.8 |   166.8 |   166.8 |     168.9 |      151.1 
   ijkl-imln-jnkm |   3744 |   3744 |  2704 | 0.67 | 1.00 |       168.9 |   168.9 |   168.9 |     166.4 |      151.4 
   ijkl-imln-njmk |   3744 |   2704 |  3744 | 0.67 | 0.92 |       167.7 |   167.7 |   167.7 |     168.8 |      151.4 
   ijkl-imnj-nlkm |   3744 |   2704 |  3744 | 0.67 | 0.92 |       166.9 |   166.9 |   166.9 |     167.6 |      159.3 
   ijkl-imnk-njml |   3744 |   2704 |  3744 | 0.67 | 0.92 |       166.9 |   166.9 |   166.9 |     169.1 |      150.8 
   ijkl-minj-nlmk |   3744 |   2704 |  5184 | 0.67 | 0.92 |       162.1 |   162.1 |   162.1 |     166.6 |      154.8 
   ijkl-mink-jnlm |   3744 |   3744 |  3744 | 0.67 | 1.00 |       168.8 |   168.8 |   168.8 |     166.8 |      149.4 
   ijkl-minl-njmk |   3744 |   2704 |  5184 | 0.67 | 0.92 |       163.8 |   163.8 |   163.8 |     166.8 |      147.2 
     aqrs-pa-pqrs |     72 | 140608 |    72 | 1.00 | 1.00 |        68.8 |    68.8 |    68.8 |      34.4 |       44.4 
     abrs-qb-aqrs |     52 | 194688 |    72 | 0.67 | 1.00 |        81.2 |    81.2 |    81.2 |      26.5 |       40.3 
     abcs-rc-abrs |     52 | 194688 |    72 | 1.00 | 1.00 |        84.2 |    84.2 |    84.2 |      25.4 |       47.4 
       abj-bka-kj |  46656 |    204 |   216 | 0.89 | 1.00 |        70.3 |    70.3 |    70.3 |      67.1 |       61.2 
       ajb-kba-jk |  44064 |    216 |   216 | 0.89 | 1.00 |       142.1 |   142.1 |   142.1 |      46.0 |       95.3 
     abjc-cbka-kj | 269568 |     52 |    72 | 0.67 | 1.00 |        21.1 |    21.1 |    21.1 |      24.3 |       23.8 
     ajbc-ckba-jk | 269568 |     72 |    52 | 0.67 | 1.00 |        28.3 |    28.3 |    28.3 |      23.8 |       37.6 
     abjc-kbac-jk | 194688 |     72 |    72 | 0.67 | 1.00 |        70.5 |    70.5 |    70.5 |      18.1 |       51.1 
   abjcd-dkbac-jk | 331776 |     24 |    24 | 0.00 | 1.00 |        12.3 |    12.3 |    12.3 |       6.5 |       13.7 
   adbjc-cbdka-kj | 331776 |     24 |    24 | 0.00 | 1.00 |        11.6 |    11.6 |    11.6 |      11.0 |       11.4 
   ajbdc-ckbad-jk | 331776 |     24 |    24 | 0.00 | 1.00 |        11.2 |    11.2 |    11.2 |       6.1 |       15.5 
 abcijk-ijma-mkbc |   9216 |   4096 |    24 | 0.00 | 1.00 |        65.1 |    65.1 |    65.1 |      15.3 |       42.9 
 abcijk-ijmb-mkac |   6144 |   6144 |    24 | 0.00 | 1.00 |        48.7 |    48.7 |    48.7 |       9.4 |       17.5 
 abcijk-ijmc-mkab |   6144 |   6144 |    24 | 1.00 | 1.00 |        74.4 |    74.4 |    74.4 |       6.7 |       52.8 
 abcijk-ikma-mjbc |   9216 |   4096 |    24 | 0.00 | 1.00 |        65.0 |    65.0 |    65.0 |      15.3 |       43.0 
 abcijk-ikmb-mjac |   6144 |   6144 |    24 | 0.00 | 1.00 |        47.8 |    47.8 |    47.8 |       9.5 |       18.2 
 abcijk-ikmc-mjab |   6144 |   6144 |    24 | 1.00 | 1.00 |        76.2 |    76.2 |    76.2 |       6.6 |       52.6 
 abcijk-jkma-mibc |   9216 |   4096 |    24 | 0.00 | 1.00 |        60.9 |    60.9 |    60.9 |      15.2 |       39.6 
 abcijk-jkmb-miac |   6144 |   6144 |    24 | 0.00 | 1.00 |        32.5 |    32.5 |    32.5 |       9.5 |       15.1 
 abcijk-jkmc-miab |   6144 |   6144 |    24 | 1.00 | 1.00 |        75.3 |    75.3 |    75.3 |       6.6 |       38.3 
 abcijk-eiab-jkec |   6144 |   6144 |    24 | 1.00 | 1.00 |        75.2 |    75.2 |    75.2 |      18.9 |       38.5 
 abcijk-eiac-jkeb |   6144 |   6144 |    24 | 0.00 | 1.00 |        32.4 |    32.4 |    32.4 |      15.4 |       14.8 
 abcijk-eibc-jkea |   4096 |   9216 |    24 | 0.00 | 1.00 |        60.9 |    60.9 |    60.9 |      14.4 |       39.6 
 abcijk-ejab-ikec |   6144 |   6144 |    24 | 1.00 | 1.00 |        76.2 |    76.2 |    76.2 |      18.9 |       52.8 
 abcijk-ejac-ikeb |   6144 |   6144 |    24 | 0.00 | 1.00 |        48.2 |    48.2 |    48.2 |      15.3 |       18.2 
 abcijk-ejbc-ikea |   4096 |   9216 |    24 | 0.00 | 1.00 |        65.1 |    65.1 |    65.1 |      14.4 |       42.8 
 abcijk-ekab-ijec |   6144 |   6144 |    24 | 1.00 | 1.00 |        74.7 |    74.7 |    74.7 |      18.9 |       52.9 
 abcijk-ekac-ijeb |   6144 |   6144 |    24 | 0.00 | 1.00 |        48.8 |    48.8 |    48.8 |      15.2 |       17.4 
 abcijk-ekbc-ijea |   4096 |   9216 |    24 | 0.00 | 1.00 |        64.8 |    64.8 |    64.8 |      14.4 |       42.9 
       abc-bk-akc |    216 |  44064 |   204 | 0.89 | 1.00 |       149.2 |   149.2 |   149.2 |      63.2 |       98.6 

=== c32 ===
             case |      m |      n |     k | regA | regB | planar GF/s | 1m GF/s | 3m GF/s | ttgt GF/s | tblis GF/s 
------------------+--------+--------+-------+------+------+-------------+---------+---------+-----------+------------
         ij-ik-kj |   2904 |   2896 |  2904 | 1.00 | 1.00 |       178.7 |   173.0 |   119.4 |     179.4 |      171.8 
       ij-ikl-ljk |    216 |    204 | 44064 | 1.00 | 1.00 |       122.1 |   116.5 |    85.5 |     111.1 |      119.3 
       ij-kil-lkj |    216 |    204 | 46656 | 1.00 | 1.00 |       117.7 |   112.0 |    85.1 |     112.5 |      101.4 
       ijk-ikl-lj |  44064 |    204 |   216 | 1.00 | 1.00 |       170.5 |   158.6 |   108.5 |     111.2 |      133.1 
       ijk-il-jlk |    216 |  44064 |   204 | 1.00 | 1.00 |       165.8 |   160.0 |   109.4 |      98.6 |      133.0 
       ijk-ilk-jl |  44064 |    216 |   204 | 0.89 | 1.00 |       174.4 |   167.0 |   113.1 |     109.5 |      133.0 
       ijk-ilk-lj |  44064 |    204 |   216 | 0.89 | 1.00 |       173.2 |   166.1 |   111.5 |     110.1 |      132.4 
     ijk-ilmk-mjl |   3744 |     52 |  3744 | 0.67 | 1.00 |       121.9 |   113.5 |    75.6 |      94.6 |       79.7 
   ijkl-imjn-lnkm |   3744 |   3744 |  2704 | 0.67 | 0.92 |       173.7 |   169.5 |   118.3 |     177.7 |      170.0 
   ijkl-imjn-nlmk |   3744 |   2704 |  3744 | 0.67 | 0.92 |       177.7 |   173.8 |   120.3 |     181.0 |      166.2 
   ijkl-imkn-jnlm |   3744 |   3744 |  2704 | 0.67 | 1.00 |       177.4 |   175.7 |   119.3 |     180.7 |      164.9 
   ijkl-imkn-njml |   3744 |   2704 |  3744 | 0.67 | 0.92 |       178.7 |   176.4 |   120.1 |     181.6 |      160.2 
   ijkl-imln-jnkm |   3744 |   3744 |  2704 | 0.67 | 1.00 |       177.7 |   176.1 |   119.3 |     180.7 |      165.0 
   ijkl-imln-njmk |   3744 |   2704 |  3744 | 0.67 | 0.92 |       178.9 |   176.5 |   120.2 |     181.7 |      164.5 
   ijkl-imnj-nlkm |   3744 |   2704 |  3744 | 0.67 | 0.92 |       177.0 |   173.0 |   120.4 |     182.0 |      166.1 
   ijkl-imnk-njml |   3744 |   2704 |  3744 | 0.67 | 0.92 |       178.8 |   176.6 |   120.3 |     181.7 |      160.2 
   ijkl-minj-nlmk |   3744 |   2704 |  5184 | 0.67 | 0.92 |       175.4 |   171.1 |   119.6 |     181.3 |      164.4 
   ijkl-mink-jnlm |   3744 |   3744 |  3744 | 0.67 | 1.00 |       179.4 |   176.7 |   120.5 |     181.6 |      164.7 
   ijkl-minl-njmk |   3744 |   2704 |  5184 | 0.67 | 0.92 |       177.1 |   174.5 |   120.0 |     181.5 |      163.0 
     aqrs-pa-pqrs |     72 | 140608 |    72 | 1.00 | 1.00 |        97.0 |    94.9 |    79.3 |      60.7 |       82.0 
     abrs-qb-aqrs |     52 | 194688 |    72 | 0.67 | 1.00 |       113.8 |   105.5 |    74.2 |      51.5 |       72.0 
     abcs-rc-abrs |     52 | 194688 |    72 | 1.00 | 1.00 |       137.0 |    85.6 |    72.4 |      47.6 |       86.2 
       abj-bka-kj |  46656 |    204 |   216 | 0.89 | 1.00 |       127.8 |   122.3 |    92.4 |     103.4 |      112.9 
       ajb-kba-jk |  44064 |    216 |   216 | 0.89 | 1.00 |       173.2 |   167.0 |   117.2 |      88.2 |      137.9 
     abjc-cbka-kj | 269568 |     52 |    72 | 0.67 | 1.00 |        53.8 |    43.7 |    39.7 |      51.3 |       35.8 
     ajbc-ckba-jk | 269568 |     72 |    52 | 0.67 | 1.00 |        66.8 |    63.7 |    54.9 |      47.4 |       74.8 
     abjc-kbac-jk | 194688 |     72 |    72 | 0.67 | 1.00 |       117.0 |    95.1 |    77.2 |      43.5 |       95.0 
   abjcd-dkbac-jk | 331776 |     24 |    24 | 0.00 | 1.00 |        29.7 |    24.1 |    23.5 |      16.6 |       30.5 
   adbjc-cbdka-kj | 331776 |     24 |    24 | 0.00 | 1.00 |        25.2 |    23.6 |    22.2 |      20.4 |       16.8 
   ajbdc-ckbad-jk | 331776 |     24 |    24 | 0.00 | 1.00 |        27.5 |    24.2 |    22.8 |      15.8 |       41.6 
 abcijk-ijma-mkbc |   9216 |   4096 |    24 | 0.00 | 0.99 |       103.0 |   124.4 |    85.0 |      30.3 |       90.7 
 abcijk-ijmb-mkac |   6144 |   6144 |    24 | 0.00 | 1.00 |        79.3 |   110.6 |    80.6 |      20.3 |       35.5 
 abcijk-ijmc-mkab |   6144 |   6144 |    24 | 1.00 | 0.75 |       122.1 |   104.0 |    84.3 |      19.2 |       88.8 
 abcijk-ikma-mjbc |   9216 |   4096 |    24 | 0.00 | 0.99 |       102.9 |   123.9 |    84.6 |      30.3 |       90.5 
 abcijk-ikmb-mjac |   6144 |   6144 |    24 | 0.00 | 1.00 |        79.7 |   110.5 |    80.7 |      20.4 |       36.1 
 abcijk-ikmc-mjab |   6144 |   6144 |    24 | 1.00 | 0.75 |       122.0 |   104.4 |    84.6 |      19.1 |       88.8 
 abcijk-jkma-mibc |   9216 |   4096 |    24 | 0.00 | 0.99 |       101.2 |   124.7 |    84.2 |      29.7 |       90.4 
 abcijk-jkmb-miac |   6144 |   6144 |    24 | 0.00 | 1.00 |        74.6 |   111.7 |    80.2 |      15.1 |       31.2 
 abcijk-jkmc-miab |   6144 |   6144 |    24 | 1.00 | 0.75 |       120.7 |   104.0 |    83.7 |      12.2 |       55.7 
 abcijk-eiab-jkec |   6144 |   6144 |    24 | 1.00 | 0.75 |       120.9 |   103.5 |    83.7 |      35.1 |       55.7 
 abcijk-eiac-jkeb |   6144 |   6144 |    24 | 0.00 | 1.00 |        74.6 |   111.9 |    80.1 |      31.0 |       31.3 
 abcijk-eibc-jkea |   4096 |   9216 |    24 | 0.00 | 0.99 |       101.0 |   124.2 |    84.8 |      29.2 |       90.3 
 abcijk-ejab-ikec |   6144 |   6144 |    24 | 1.00 | 0.75 |       121.5 |   105.6 |    85.1 |      35.0 |       88.9 
 abcijk-ejac-ikeb |   6144 |   6144 |    24 | 0.00 | 1.00 |        79.7 |   110.9 |    81.2 |      31.1 |       36.0 
 abcijk-ejbc-ikea |   4096 |   9216 |    24 | 0.00 | 0.99 |       103.3 |   123.5 |    85.0 |      29.1 |       90.5 
 abcijk-ekab-ijec |   6144 |   6144 |    24 | 1.00 | 0.75 |       121.6 |   105.8 |    85.1 |      35.1 |       88.8 
 abcijk-ekac-ijeb |   6144 |   6144 |    24 | 0.00 | 1.00 |        79.8 |   111.0 |    80.7 |      31.2 |       35.5 
 abcijk-ekbc-ijea |   4096 |   9216 |    24 | 0.00 | 0.99 |       103.1 |   124.0 |    84.5 |      29.1 |       90.5 
       abc-bk-akc |    216 |  44064 |   204 | 0.89 | 1.00 |       174.1 |   166.8 |   113.1 |      90.3 |      133.1 

=== complex efficiency ratio (c32 GF/s over f32 GF/s; 1.0 = no penalty) ===
             case | planar c32/f32 | 1m c32/f32 | 3m c32/f32 | ttgt c32/f32 | tblis c32/f32 
------------------+----------------+------------+------------+--------------+---------------
         ij-ik-kj |          1.057 |      1.024 |      0.707 |        1.082 |         1.041 
       ij-ikl-ljk |          1.463 |      1.397 |      1.025 |        1.383 |         1.640 
       ij-kil-lkj |          1.530 |      1.456 |      1.106 |        1.455 |         1.728 
       ijk-ikl-lj |          1.205 |      1.121 |      0.767 |        1.487 |         1.321 
       ijk-il-jlk |          1.354 |      1.307 |      0.894 |        1.431 |         1.432 
       ijk-ilk-jl |          1.170 |      1.121 |      0.759 |        1.512 |         1.344 
       ijk-ilk-lj |          1.181 |      1.133 |      0.760 |        1.505 |         1.347 
     ijk-ilmk-mjl |          1.229 |      1.144 |      0.762 |        1.599 |         1.908 
   ijkl-imjn-lnkm |          1.052 |      1.026 |      0.716 |        1.133 |         1.051 
   ijkl-imjn-nlmk |          1.068 |      1.045 |      0.723 |        1.081 |         1.045 
   ijkl-imkn-jnlm |          1.053 |      1.043 |      0.708 |        1.086 |         1.090 
   ijkl-imkn-njml |          1.071 |      1.057 |      0.720 |        1.076 |         1.060 
   ijkl-imln-jnkm |          1.052 |      1.043 |      0.706 |        1.086 |         1.090 
   ijkl-imln-njmk |          1.067 |      1.053 |      0.717 |        1.076 |         1.087 
   ijkl-imnj-nlkm |          1.061 |      1.037 |      0.722 |        1.086 |         1.043 
   ijkl-imnk-njml |          1.072 |      1.058 |      0.721 |        1.075 |         1.063 
   ijkl-minj-nlmk |          1.082 |      1.056 |      0.738 |        1.088 |         1.062 
   ijkl-mink-jnlm |          1.063 |      1.047 |      0.714 |        1.089 |         1.102 
   ijkl-minl-njmk |          1.081 |      1.065 |      0.733 |        1.088 |         1.107 
     aqrs-pa-pqrs |          1.411 |      1.379 |      1.152 |        1.765 |         1.849 
     abrs-qb-aqrs |          1.401 |      1.299 |      0.914 |        1.941 |         1.785 
     abcs-rc-abrs |          1.626 |      1.016 |      0.860 |        1.873 |         1.818 
       abj-bka-kj |          1.818 |      1.739 |      1.314 |        1.541 |         1.846 
       ajb-kba-jk |          1.219 |      1.176 |      0.825 |        1.918 |         1.447 
     abjc-cbka-kj |          2.550 |      2.069 |      1.883 |        2.116 |         1.506 
     ajbc-ckba-jk |          2.364 |      2.254 |      1.941 |        1.991 |         1.986 
     abjc-kbac-jk |          1.659 |      1.348 |      1.095 |        2.398 |         1.860 
   abjcd-dkbac-jk |          2.416 |      1.955 |      1.909 |        2.574 |         2.225 
   adbjc-cbdka-kj |          2.185 |      2.043 |      1.922 |        1.859 |         1.473 
   ajbdc-ckbad-jk |          2.458 |      2.168 |      2.035 |        2.576 |         2.683 
 abcijk-ijma-mkbc |          1.583 |      1.912 |      1.306 |        1.976 |         2.114 
 abcijk-ijmb-mkac |          1.627 |      2.269 |      1.654 |        2.154 |         2.036 
 abcijk-ijmc-mkab |          1.642 |      1.398 |      1.134 |        2.873 |         1.681 
 abcijk-ikma-mjbc |          1.583 |      1.906 |      1.301 |        1.983 |         2.106 
 abcijk-ikmb-mjac |          1.667 |      2.313 |      1.689 |        2.157 |         1.978 
 abcijk-ikmc-mjab |          1.601 |      1.370 |      1.110 |        2.875 |         1.687 
 abcijk-jkma-mibc |          1.661 |      2.046 |      1.382 |        1.949 |         2.281 
 abcijk-jkmb-miac |          2.292 |      3.434 |      2.465 |        1.598 |         2.075 
 abcijk-jkmc-miab |          1.604 |      1.381 |      1.112 |        1.839 |         1.452 
 abcijk-eiab-jkec |          1.607 |      1.376 |      1.112 |        1.856 |         1.446 
 abcijk-eiac-jkeb |          2.299 |      3.448 |      2.470 |        2.014 |         2.115 
 abcijk-eibc-jkea |          1.658 |      2.039 |      1.393 |        2.021 |         2.281 
 abcijk-ejab-ikec |          1.594 |      1.386 |      1.117 |        1.853 |         1.684 
 abcijk-ejac-ikeb |          1.654 |      2.301 |      1.686 |        2.037 |         1.976 
 abcijk-ejbc-ikea |          1.587 |      1.897 |      1.306 |        2.020 |         2.116 
 abcijk-ekab-ijec |          1.626 |      1.416 |      1.139 |        1.860 |         1.678 
 abcijk-ekac-ijeb |          1.634 |      2.274 |      1.653 |        2.052 |         2.037 
 abcijk-ekbc-ijea |          1.591 |      1.913 |      1.304 |        2.022 |         2.109 
       abc-bk-akc |          1.167 |      1.118 |      0.758 |        1.428 |         1.350 
             MEAN |          1.524 |      1.569 |      1.176 |        1.725 |         1.638 

wrote bench-results/worker6156-icelake/compare-tblis-x86_64/A3-f32c32.csv
