host        : ccqlin038.flatironinstitute.org
target      : x86_64 / linux
cpu features: avx2 fma avx512f avx512dq 
caches      : L1=32KiB/8-way/2sh L2=1024KiB/16-way/2sh L3=25344KiB/11-way/16sh (via sysfs), blocking=legacy
baselines   : tblis=false blas=false

sweeping 49 cases at 64 MiB nominal tensor size, 3 reps, stress=none


=== f64 ===
             case |      m |      n |     k | regA | regB | planar GF/s | 1m GF/s | 3m GF/s 
------------------+--------+--------+-------+------+------+-------------+---------+---------
         ij-ik-kj |   2904 |   2896 |  2904 | 1.00 | 1.00 |        66.4 |    66.4 |    66.4 
       ij-ikl-ljk |    216 |    204 | 44064 | 1.00 | 1.00 |        31.2 |    31.2 |    31.2 
       ij-kil-lkj |    216 |    204 | 46656 | 1.00 | 1.00 |        35.3 |    35.3 |    35.3 
       ijk-ikl-lj |  44064 |    204 |   216 | 1.00 | 1.00 |        54.4 |    54.4 |    54.4 
       ijk-il-jlk |    216 |  44064 |   204 | 1.00 | 1.00 |        45.2 |    45.2 |    45.2 
       ijk-ilk-jl |  44064 |    216 |   204 | 1.00 | 1.00 |        58.0 |    58.0 |    58.0 
       ijk-ilk-lj |  44064 |    204 |   216 | 1.00 | 1.00 |        57.1 |    57.1 |    57.1 
     ijk-ilmk-mjl |   3744 |     52 |  3744 | 1.00 | 1.00 |        38.5 |    38.5 |    38.5 
   ijkl-imjn-lnkm |   3744 |   3744 |  2704 | 1.00 | 0.92 |        63.3 |    63.3 |    63.3 
   ijkl-imjn-nlmk |   3744 |   2704 |  3744 | 1.00 | 0.92 |        64.4 |    64.4 |    64.4 
   ijkl-imkn-jnlm |   3744 |   3744 |  2704 | 1.00 | 1.00 |        70.4 |    70.4 |    70.4 
   ijkl-imkn-njml |   3744 |   2704 |  3744 | 1.00 | 0.92 |        65.5 |    65.5 |    65.5 
   ijkl-imln-jnkm |   3744 |   3744 |  2704 | 1.00 | 1.00 |        68.5 |    68.5 |    68.5 
   ijkl-imln-njmk |   3744 |   2704 |  3744 | 1.00 | 0.92 |        66.5 |    66.5 |    66.5 
   ijkl-imnj-nlkm |   3744 |   2704 |  3744 | 1.00 | 0.92 |        65.0 |    65.0 |    65.0 
   ijkl-imnk-njml |   3744 |   2704 |  3744 | 1.00 | 0.92 |        66.5 |    66.5 |    66.5 
   ijkl-minj-nlmk |   3744 |   2704 |  5184 | 1.00 | 0.92 |        63.6 |    63.6 |    63.6 
   ijkl-mink-jnlm |   3744 |   3744 |  3744 | 1.00 | 1.00 |        65.8 |    65.8 |    65.8 
   ijkl-minl-njmk |   3744 |   2704 |  5184 | 1.00 | 0.92 |        64.8 |    64.8 |    64.8 
     aqrs-pa-pqrs |     72 | 140608 |    72 | 1.00 | 1.00 |        33.0 |    33.0 |    33.0 
     abrs-qb-aqrs |     52 | 194688 |    72 | 1.00 | 1.00 |        36.9 |    36.9 |    36.9 
     abcs-rc-abrs |     52 | 194688 |    72 | 1.00 | 1.00 |        29.5 |    29.5 |    29.5 
       abj-bka-kj |  46656 |    204 |   216 | 1.00 | 1.00 |        41.2 |    41.2 |    41.2 
       ajb-kba-jk |  44064 |    216 |   216 | 1.00 | 1.00 |        61.3 |    61.3 |    61.3 
     abjc-cbka-kj | 269568 |     52 |    72 | 1.00 | 1.00 |         8.3 |     8.3 |     8.3 
     ajbc-ckba-jk | 269568 |     72 |    52 | 1.00 | 1.00 |        16.5 |    16.5 |    16.5 
     abjc-kbac-jk | 194688 |     72 |    72 | 1.00 | 1.00 |        35.1 |    35.1 |    35.1 
   abjcd-dkbac-jk | 331776 |     24 |    24 | 1.00 | 1.00 |         2.7 |     2.7 |     2.7 
   adbjc-cbdka-kj | 331776 |     24 |    24 | 1.00 | 1.00 |         1.5 |     1.5 |     1.5 
   ajbdc-ckbad-jk | 331776 |     24 |    24 | 1.00 | 1.00 |         2.8 |     2.8 |     2.8 
 abcijk-ijma-mkbc |   9216 |   4096 |    24 | 1.00 | 1.00 |        35.3 |    35.3 |    35.3 
 abcijk-ijmb-mkac |   6144 |   6144 |    24 | 1.00 | 1.00 |        32.5 |    32.5 |    32.5 
 abcijk-ijmc-mkab |   6144 |   6144 |    24 | 1.00 | 1.00 |        28.1 |    28.1 |    28.1 
 abcijk-ikma-mjbc |   9216 |   4096 |    24 | 1.00 | 1.00 |        35.9 |    35.9 |    35.9 
 abcijk-ikmb-mjac |   6144 |   6144 |    24 | 1.00 | 1.00 |        32.4 |    32.4 |    32.4 
 abcijk-ikmc-mjab |   6144 |   6144 |    24 | 1.00 | 1.00 |        28.2 |    28.2 |    28.2 
 abcijk-jkma-mibc |   9216 |   4096 |    24 | 1.00 | 1.00 |        34.5 |    34.5 |    34.5 
 abcijk-jkmb-miac |   6144 |   6144 |    24 | 1.00 | 1.00 |        32.1 |    32.1 |    32.1 
 abcijk-jkmc-miab |   6144 |   6144 |    24 | 1.00 | 1.00 |        28.9 |    28.9 |    28.9 
 abcijk-eiab-jkec |   6144 |   6144 |    24 | 1.00 | 1.00 |        28.8 |    28.8 |    28.8 
 abcijk-eiac-jkeb |   6144 |   6144 |    24 | 1.00 | 1.00 |        32.3 |    32.3 |    32.3 
 abcijk-eibc-jkea |   4096 |   9216 |    24 | 1.00 | 1.00 |        35.2 |    35.2 |    35.2 
 abcijk-ejab-ikec |   6144 |   6144 |    24 | 1.00 | 1.00 |        27.7 |    27.7 |    27.7 
 abcijk-ejac-ikeb |   6144 |   6144 |    24 | 1.00 | 1.00 |        31.9 |    31.9 |    31.9 
 abcijk-ejbc-ikea |   4096 |   9216 |    24 | 1.00 | 1.00 |        34.4 |    34.4 |    34.4 
 abcijk-ekab-ijec |   6144 |   6144 |    24 | 1.00 | 1.00 |        27.9 |    27.9 |    27.9 
 abcijk-ekac-ijeb |   6144 |   6144 |    24 | 1.00 | 1.00 |        32.1 |    32.1 |    32.1 
 abcijk-ekbc-ijea |   4096 |   9216 |    24 | 1.00 | 1.00 |        36.2 |    36.2 |    36.2 
       abc-bk-akc |    216 |  44064 |   204 | 1.00 | 1.00 |        60.7 |    60.7 |    60.7 

=== c64 ===
             case |      m |      n |     k | regA | regB | planar GF/s | 1m GF/s | 3m GF/s 
------------------+--------+--------+-------+------+------+-------------+---------+---------
         ij-ik-kj |   2904 |   2896 |  2904 | 1.00 | 1.00 |        77.3 |    67.4 |    65.6 
       ij-ikl-ljk |    216 |    204 | 44064 | 1.00 | 1.00 |        47.8 |    44.5 |    41.7 
       ij-kil-lkj |    216 |    204 | 46656 | 1.00 | 1.00 |        53.7 |    49.0 |    46.5 
       ijk-ikl-lj |  44064 |    204 |   216 | 1.00 | 1.00 |        73.6 |    63.8 |    64.5 
       ijk-il-jlk |    216 |  44064 |   204 | 1.00 | 1.00 |        45.0 |    43.0 |    64.9 
       ijk-ilk-jl |  44064 |    216 |   204 | 0.96 | 1.00 |        74.4 |    65.7 |    65.1 
       ijk-ilk-lj |  44064 |    204 |   216 | 0.96 | 1.00 |        73.4 |    66.1 |    64.4 
     ijk-ilmk-mjl |   3744 |     52 |  3744 | 0.89 | 1.00 |        52.3 |    44.7 |    43.5 
   ijkl-imjn-lnkm |   3744 |   3744 |  2704 | 0.89 | 0.92 |        77.6 |    69.6 |    66.3 
   ijkl-imjn-nlmk |   3744 |   2704 |  3744 | 0.89 | 0.92 |        77.5 |    69.4 |    68.2 
   ijkl-imkn-jnlm |   3744 |   3744 |  2704 | 0.89 | 1.00 |        76.5 |    70.6 |    67.6 
   ijkl-imkn-njml |   3744 |   2704 |  3744 | 0.89 | 0.92 |        77.8 |    72.8 |    68.6 
   ijkl-imln-jnkm |   3744 |   3744 |  2704 | 0.89 | 1.00 |        76.4 |    71.0 |    67.4 
   ijkl-imln-njmk |   3744 |   2704 |  3744 | 0.89 | 0.92 |        75.9 |    70.9 |    66.9 
   ijkl-imnj-nlkm |   3744 |   2704 |  3744 | 0.89 | 0.92 |        78.7 |    70.6 |    68.9 
   ijkl-imnk-njml |   3744 |   2704 |  3744 | 0.89 | 0.92 |        76.1 |    70.7 |    66.9 
   ijkl-minj-nlmk |   3744 |   2704 |  5184 | 0.89 | 0.92 |        78.1 |    69.1 |    67.4 
   ijkl-mink-jnlm |   3744 |   3744 |  3744 | 0.89 | 1.00 |        76.2 |    70.7 |    66.8 
   ijkl-minl-njmk |   3744 |   2704 |  5184 | 0.89 | 0.92 |        75.8 |    71.5 |    68.7 
     aqrs-pa-pqrs |     72 | 140608 |    72 | 1.00 | 1.00 |        48.5 |    50.5 |    49.2 
     abrs-qb-aqrs |     52 | 194688 |    72 | 0.89 | 1.00 |        50.9 |    47.1 |    45.7 
     abcs-rc-abrs |     52 | 194688 |    72 | 1.00 | 1.00 |        45.2 |    39.3 |    38.7 
       abj-bka-kj |  46656 |    204 |   216 | 0.96 | 1.00 |        62.0 |    54.1 |    55.7 
       ajb-kba-jk |  44064 |    216 |   216 | 0.96 | 1.00 |        81.1 |    75.4 |    74.7 
     abjc-cbka-kj | 269568 |     52 |    72 | 0.89 | 1.00 |        13.8 |    11.6 |    15.3 
     ajbc-ckba-jk | 269568 |     72 |    52 | 0.89 | 1.00 |        25.6 |    23.9 |    27.0 
     abjc-kbac-jk | 194688 |     72 |    72 | 0.89 | 1.00 |        57.2 |    51.9 |    51.5 
   abjcd-dkbac-jk | 331776 |     24 |    24 | 0.67 | 1.00 |         7.1 |     6.3 |     7.9 
   adbjc-cbdka-kj | 331776 |     24 |    24 | 0.67 | 1.00 |         4.0 |     3.4 |     3.4 
   ajbdc-ckbad-jk | 331776 |     24 |    24 | 1.00 | 1.00 |         6.4 |     6.3 |     7.9 
 abcijk-ijma-mkbc |   9216 |   4096 |    24 | 1.00 | 0.99 |        51.2 |    44.7 |    41.9 
 abcijk-ijmb-mkac |   6144 |   6144 |    24 | 1.00 | 0.88 |        49.3 |    44.4 |    43.9 
 abcijk-ijmc-mkab |   6144 |   6144 |    24 | 1.00 | 0.75 |        46.0 |    44.3 |    43.3 
 abcijk-ikma-mjbc |   9216 |   4096 |    24 | 1.00 | 0.99 |        50.3 |    45.8 |    40.2 
 abcijk-ikmb-mjac |   6144 |   6144 |    24 | 1.00 | 0.88 |        48.0 |    44.5 |    44.1 
 abcijk-ikmc-mjab |   6144 |   6144 |    24 | 1.00 | 0.75 |        46.0 |    44.1 |    44.1 
 abcijk-jkma-mibc |   9216 |   4096 |    24 | 1.00 | 0.99 |        49.6 |    44.3 |    41.8 
 abcijk-jkmb-miac |   6144 |   6144 |    24 | 1.00 | 0.88 |        49.4 |    44.8 |    43.4 
 abcijk-jkmc-miab |   6144 |   6144 |    24 | 1.00 | 0.75 |        46.8 |    44.0 |    44.2 
 abcijk-eiab-jkec |   6144 |   6144 |    24 | 1.00 | 0.75 |        47.1 |    44.3 |    44.9 
 abcijk-eiac-jkeb |   6144 |   6144 |    24 | 1.00 | 0.88 |        50.1 |    44.3 |    44.4 
 abcijk-eibc-jkea |   4096 |   9216 |    24 | 1.00 | 0.99 |        49.8 |    44.7 |    41.6 
 abcijk-ejab-ikec |   6144 |   6144 |    24 | 1.00 | 0.75 |        46.2 |    44.3 |    44.2 
 abcijk-ejac-ikeb |   6144 |   6144 |    24 | 1.00 | 0.88 |        49.3 |    44.6 |    43.9 
 abcijk-ejbc-ikea |   4096 |   9216 |    24 | 1.00 | 0.99 |        50.6 |    44.7 |    41.9 
 abcijk-ekab-ijec |   6144 |   6144 |    24 | 1.00 | 0.75 |        46.8 |    44.5 |    44.4 
 abcijk-ekac-ijeb |   6144 |   6144 |    24 | 1.00 | 0.88 |        49.7 |    45.0 |    44.5 
 abcijk-ekbc-ijea |   4096 |   9216 |    24 | 1.00 | 0.99 |        51.3 |    44.8 |    41.7 
       abc-bk-akc |    216 |  44064 |   204 | 0.96 | 1.00 |        77.7 |    68.6 |    67.8 

=== complex efficiency ratio (c64 GF/s over f64 GF/s; 1.0 = no penalty) ===
             case | planar c64/f64 | 1m c64/f64 | 3m c64/f64 
------------------+----------------+------------+------------
         ij-ik-kj |          1.164 |      1.014 |      0.987 
       ij-ikl-ljk |          1.530 |      1.425 |      1.333 
       ij-kil-lkj |          1.522 |      1.388 |      1.319 
       ijk-ikl-lj |          1.355 |      1.174 |      1.186 
       ijk-il-jlk |          0.996 |      0.952 |      1.436 
       ijk-ilk-jl |          1.284 |      1.133 |      1.123 
       ijk-ilk-lj |          1.285 |      1.157 |      1.127 
     ijk-ilmk-mjl |          1.359 |      1.161 |      1.131 
   ijkl-imjn-lnkm |          1.227 |      1.100 |      1.048 
   ijkl-imjn-nlmk |          1.202 |      1.077 |      1.059 
   ijkl-imkn-jnlm |          1.088 |      1.004 |      0.960 
   ijkl-imkn-njml |          1.187 |      1.111 |      1.047 
   ijkl-imln-jnkm |          1.114 |      1.036 |      0.983 
   ijkl-imln-njmk |          1.142 |      1.067 |      1.006 
   ijkl-imnj-nlkm |          1.210 |      1.085 |      1.060 
   ijkl-imnk-njml |          1.145 |      1.063 |      1.005 
   ijkl-minj-nlmk |          1.228 |      1.086 |      1.060 
   ijkl-mink-jnlm |          1.158 |      1.074 |      1.015 
   ijkl-minl-njmk |          1.170 |      1.103 |      1.061 
     aqrs-pa-pqrs |          1.470 |      1.531 |      1.491 
     abrs-qb-aqrs |          1.380 |      1.276 |      1.239 
     abcs-rc-abrs |          1.532 |      1.331 |      1.312 
       abj-bka-kj |          1.505 |      1.313 |      1.354 
       ajb-kba-jk |          1.323 |      1.229 |      1.218 
     abjc-cbka-kj |          1.667 |      1.406 |      1.848 
     ajbc-ckba-jk |          1.550 |      1.443 |      1.631 
     abjc-kbac-jk |          1.627 |      1.478 |      1.464 
   abjcd-dkbac-jk |          2.660 |      2.348 |      2.952 
   adbjc-cbdka-kj |          2.622 |      2.251 |      2.238 
   ajbdc-ckbad-jk |          2.309 |      2.282 |      2.854 
 abcijk-ijma-mkbc |          1.451 |      1.267 |      1.185 
 abcijk-ijmb-mkac |          1.517 |      1.366 |      1.350 
 abcijk-ijmc-mkab |          1.634 |      1.574 |      1.541 
 abcijk-ikma-mjbc |          1.401 |      1.276 |      1.119 
 abcijk-ikmb-mjac |          1.482 |      1.374 |      1.360 
 abcijk-ikmc-mjab |          1.630 |      1.564 |      1.563 
 abcijk-jkma-mibc |          1.438 |      1.282 |      1.212 
 abcijk-jkmb-miac |          1.537 |      1.393 |      1.352 
 abcijk-jkmc-miab |          1.616 |      1.521 |      1.527 
 abcijk-eiab-jkec |          1.635 |      1.537 |      1.559 
 abcijk-eiac-jkeb |          1.550 |      1.371 |      1.373 
 abcijk-eibc-jkea |          1.414 |      1.267 |      1.179 
 abcijk-ejab-ikec |          1.666 |      1.599 |      1.593 
 abcijk-ejac-ikeb |          1.546 |      1.399 |      1.378 
 abcijk-ejbc-ikea |          1.471 |      1.301 |      1.219 
 abcijk-ekab-ijec |          1.680 |      1.599 |      1.592 
 abcijk-ekac-ijeb |          1.550 |      1.402 |      1.385 
 abcijk-ekbc-ijea |          1.416 |      1.237 |      1.152 
       abc-bk-akc |          1.280 |      1.130 |      1.117 
             MEAN |          1.468 |      1.338 |      1.353 

wrote bench-results/ccqlin038-blocking/warmup/bl-base-f64c64.csv
