host        : worker6150
target      : x86_64 / linux
cpu features: avx2 fma avx512f avx512dq 
caches      : L1=48KiB/12-way/1sh L2=1280KiB/20-way/1sh L3=49152KiB/12-way/32sh (via sysfs), blocking=legacy
l3 domains  : t1=1 t4=1 t8=1 t16=1
baselines   : tblis=false blas=false

sweeping 49 cases at 64 MiB nominal tensor size, 3 reps, stress=none


=== f64 ===
             case |      m |      n |     k | regA | regB | planar GF/s | 1m GF/s | 3m GF/s 
------------------+--------+--------+-------+------+------+-------------+---------+---------
         ij-ik-kj |   2904 |   2896 |  2904 | 1.00 | 1.00 |       503.6 |   503.6 |   503.6 
       ij-ikl-ljk |    216 |    204 | 44064 | 1.00 | 1.00 |       183.9 |   183.9 |   183.9 
       ij-kil-lkj |    216 |    204 | 46656 | 1.00 | 1.00 |       185.1 |   185.1 |   185.1 
       ijk-ikl-lj |  44064 |    204 |   216 | 1.00 | 1.00 |       438.7 |   438.7 |   438.7 
       ijk-il-jlk |    216 |  44064 |   204 | 1.00 | 1.00 |       215.3 |   215.3 |   215.3 
       ijk-ilk-jl |  44064 |    216 |   204 | 1.00 | 1.00 |       471.6 |   471.6 |   471.6 
       ijk-ilk-lj |  44064 |    204 |   216 | 1.00 | 1.00 |       458.0 |   458.0 |   458.0 
     ijk-ilmk-mjl |   3744 |     52 |  3744 | 1.00 | 1.00 |       296.4 |   296.4 |   296.4 
   ijkl-imjn-lnkm |   3744 |   3744 |  2704 | 1.00 | 0.92 |       501.0 |   501.0 |   501.0 
   ijkl-imjn-nlmk |   3744 |   2704 |  3744 | 1.00 | 0.92 |       509.8 |   509.8 |   509.8 
   ijkl-imkn-jnlm |   3744 |   3744 |  2704 | 1.00 | 1.00 |       498.7 |   498.7 |   498.7 
   ijkl-imkn-njml |   3744 |   2704 |  3744 | 1.00 | 0.92 |       501.4 |   501.4 |   501.4 
   ijkl-imln-jnkm |   3744 |   3744 |  2704 | 1.00 | 1.00 |       501.5 |   501.5 |   501.5 
   ijkl-imln-njmk |   3744 |   2704 |  3744 | 1.00 | 0.92 |       503.0 |   503.0 |   503.0 
   ijkl-imnj-nlkm |   3744 |   2704 |  3744 | 1.00 | 0.92 |       509.0 |   509.0 |   509.0 
   ijkl-imnk-njml |   3744 |   2704 |  3744 | 1.00 | 0.92 |       502.5 |   502.5 |   502.5 
   ijkl-minj-nlmk |   3744 |   2704 |  5184 | 1.00 | 0.92 |       500.9 |   500.9 |   500.9 
   ijkl-mink-jnlm |   3744 |   3744 |  3744 | 1.00 | 1.00 |       497.3 |   497.3 |   497.3 
   ijkl-minl-njmk |   3744 |   2704 |  5184 | 1.00 | 0.92 |       496.3 |   496.3 |   496.3 
     aqrs-pa-pqrs |     72 | 140608 |    72 | 1.00 | 1.00 |       255.1 |   255.1 |   255.1 
     abrs-qb-aqrs |     52 | 194688 |    72 | 1.00 | 1.00 |       280.8 |   280.8 |   280.8 
     abcs-rc-abrs |     52 | 194688 |    72 | 1.00 | 1.00 |       319.9 |   319.9 |   319.9 
       abj-bka-kj |  46656 |    204 |   216 | 1.00 | 1.00 |       346.9 |   346.9 |   346.9 
       ajb-kba-jk |  44064 |    216 |   216 | 1.00 | 1.00 |       480.7 |   480.7 |   480.7 
     abjc-cbka-kj | 269568 |     52 |    72 | 1.00 | 1.00 |        77.9 |    77.9 |    77.9 
     ajbc-ckba-jk | 269568 |     72 |    52 | 1.00 | 1.00 |       113.2 |   113.2 |   113.2 
     abjc-kbac-jk | 194688 |     72 |    72 | 1.00 | 1.00 |       359.8 |   359.8 |   359.8 
   abjcd-dkbac-jk | 331776 |     24 |    24 | 1.00 | 1.00 |        45.9 |    45.9 |    45.9 
   adbjc-cbdka-kj | 331776 |     24 |    24 | 1.00 | 1.00 |        41.4 |    41.4 |    41.4 
   ajbdc-ckbad-jk | 331776 |     24 |    24 | 1.00 | 1.00 |        45.7 |    45.7 |    45.7 
 abcijk-ijma-mkbc |   9216 |   4096 |    24 | 1.00 | 1.00 |       256.0 |   256.0 |   256.0 
 abcijk-ijmb-mkac |   6144 |   6144 |    24 | 1.00 | 1.00 |       218.0 |   218.0 |   218.0 
 abcijk-ijmc-mkab |   6144 |   6144 |    24 | 1.00 | 1.00 |       234.8 |   234.8 |   234.8 
 abcijk-ikma-mjbc |   9216 |   4096 |    24 | 1.00 | 1.00 |       251.9 |   251.9 |   251.9 
 abcijk-ikmb-mjac |   6144 |   6144 |    24 | 1.00 | 1.00 |       220.4 |   220.4 |   220.4 
 abcijk-ikmc-mjab |   6144 |   6144 |    24 | 1.00 | 1.00 |       236.1 |   236.1 |   236.1 
 abcijk-jkma-mibc |   9216 |   4096 |    24 | 1.00 | 1.00 |       237.1 |   237.1 |   237.1 
 abcijk-jkmb-miac |   6144 |   6144 |    24 | 1.00 | 1.00 |       211.6 |   211.6 |   211.6 
 abcijk-jkmc-miab |   6144 |   6144 |    24 | 1.00 | 1.00 |       218.6 |   218.6 |   218.6 
 abcijk-eiab-jkec |   6144 |   6144 |    24 | 1.00 | 1.00 |       219.4 |   219.4 |   219.4 
 abcijk-eiac-jkeb |   6144 |   6144 |    24 | 1.00 | 1.00 |       213.0 |   213.0 |   213.0 
 abcijk-eibc-jkea |   4096 |   9216 |    24 | 1.00 | 1.00 |       236.3 |   236.3 |   236.3 
 abcijk-ejab-ikec |   6144 |   6144 |    24 | 1.00 | 1.00 |       236.0 |   236.0 |   236.0 
 abcijk-ejac-ikeb |   6144 |   6144 |    24 | 1.00 | 1.00 |       219.6 |   219.6 |   219.6 
 abcijk-ejbc-ikea |   4096 |   9216 |    24 | 1.00 | 1.00 |       255.9 |   255.9 |   255.9 
 abcijk-ekab-ijec |   6144 |   6144 |    24 | 1.00 | 1.00 |       231.7 |   231.7 |   231.7 
 abcijk-ekac-ijeb |   6144 |   6144 |    24 | 1.00 | 1.00 |       222.4 |   222.4 |   222.4 
 abcijk-ekbc-ijea |   4096 |   9216 |    24 | 1.00 | 1.00 |       248.0 |   248.0 |   248.0 
       abc-bk-akc |    216 |  44064 |   204 | 1.00 | 1.00 |       472.3 |   472.3 |   472.3 

=== c64 ===
             case |      m |      n |     k | regA | regB | planar GF/s | 1m GF/s | 3m GF/s 
------------------+--------+--------+-------+------+------+-------------+---------+---------
         ij-ik-kj |   2904 |   2896 |  2904 | 1.00 | 1.00 |       667.3 |   548.2 |   435.3 
       ij-ikl-ljk |    216 |    204 | 44064 | 1.00 | 1.00 |       177.0 |   143.3 |   148.4 
       ij-kil-lkj |    216 |    204 | 46656 | 1.00 | 1.00 |       163.5 |   136.9 |   142.2 
       ijk-ikl-lj |  44064 |    204 |   216 | 1.00 | 1.00 |       646.9 |   524.1 |   434.8 
       ijk-il-jlk |    216 |  44064 |   204 | 1.00 | 1.00 |       330.3 |   291.6 |   225.7 
       ijk-ilk-jl |  44064 |    216 |   204 | 0.96 | 1.00 |       661.0 |   538.7 |   441.7 
       ijk-ilk-lj |  44064 |    204 |   216 | 0.96 | 1.00 |       657.4 |   529.0 |   437.3 
     ijk-ilmk-mjl |   3744 |     52 |  3744 | 0.89 | 1.00 |       466.8 |   391.8 |   308.2 
   ijkl-imjn-lnkm |   3744 |   3744 |  2704 | 0.89 | 0.92 |       675.9 |   562.5 |   440.3 
   ijkl-imjn-nlmk |   3744 |   2704 |  3744 | 0.89 | 0.92 |       673.9 |   559.4 |   442.7 
   ijkl-imkn-jnlm |   3744 |   3744 |  2704 | 0.89 | 1.00 |       670.0 |   560.0 |   441.3 
   ijkl-imkn-njml |   3744 |   2704 |  3744 | 0.89 | 0.92 |       663.9 |   555.9 |   438.8 
   ijkl-imln-jnkm |   3744 |   3744 |  2704 | 0.89 | 1.00 |       671.3 |   560.2 |   441.1 
   ijkl-imln-njmk |   3744 |   2704 |  3744 | 0.89 | 0.92 |       663.8 |   556.5 |   438.9 
   ijkl-imnj-nlkm |   3744 |   2704 |  3744 | 0.89 | 0.92 |       676.4 |   561.5 |   442.1 
   ijkl-imnk-njml |   3744 |   2704 |  3744 | 0.89 | 0.92 |       664.0 |   556.4 |   438.9 
   ijkl-minj-nlmk |   3744 |   2704 |  5184 | 0.89 | 0.92 |       670.0 |   555.6 |   438.2 
   ijkl-mink-jnlm |   3744 |   3744 |  3744 | 0.89 | 1.00 |       670.2 |   558.4 |   439.9 
   ijkl-minl-njmk |   3744 |   2704 |  5184 | 0.89 | 0.92 |       659.2 |   551.1 |   435.6 
     aqrs-pa-pqrs |     72 | 140608 |    72 | 1.00 | 1.00 |       396.2 |   349.8 |   180.9 
     abrs-qb-aqrs |     52 | 194688 |    72 | 0.89 | 1.00 |       442.4 |   414.4 |   314.5 
     abcs-rc-abrs |     52 | 194688 |    72 | 1.00 | 1.00 |       490.6 |   446.9 |   342.2 
       abj-bka-kj |  46656 |    204 |   216 | 0.96 | 1.00 |       538.2 |   416.2 |   371.2 
       ajb-kba-jk |  44064 |    216 |   216 | 0.96 | 1.00 |       716.4 |   583.5 |   465.6 
     abjc-cbka-kj | 269568 |     52 |    72 | 0.89 | 1.00 |       211.6 |   167.5 |   168.2 
     ajbc-ckba-jk | 269568 |     72 |    52 | 0.89 | 1.00 |       234.6 |   203.9 |   195.8 
     abjc-kbac-jk | 194688 |     72 |    72 | 0.89 | 1.00 |       496.5 |   469.9 |   348.4 
   abjcd-dkbac-jk | 331776 |     24 |    24 | 0.67 | 1.00 |       101.0 |    83.6 |    80.0 
   adbjc-cbdka-kj | 331776 |     24 |    24 | 0.67 | 1.00 |       101.7 |    82.4 |    83.8 
   ajbdc-ckbad-jk | 331776 |     24 |    24 | 1.00 | 1.00 |       106.2 |    81.3 |    78.4 
 abcijk-ijma-mkbc |   9216 |   4096 |    24 | 1.00 | 0.99 |       418.8 |   383.0 |   315.0 
 abcijk-ijmb-mkac |   6144 |   6144 |    24 | 1.00 | 0.88 |       419.2 |   379.5 |   308.8 
 abcijk-ijmc-mkab |   6144 |   6144 |    24 | 1.00 | 0.75 |       430.2 |   405.9 |   344.6 
 abcijk-ikma-mjbc |   9216 |   4096 |    24 | 1.00 | 0.99 |       419.1 |   359.8 |   314.5 
 abcijk-ikmb-mjac |   6144 |   6144 |    24 | 1.00 | 0.88 |       419.6 |   374.8 |   309.8 
 abcijk-ikmc-mjab |   6144 |   6144 |    24 | 1.00 | 0.75 |       429.2 |   410.6 |   343.7 
 abcijk-jkma-mibc |   9216 |   4096 |    24 | 1.00 | 0.99 |       421.9 |   383.6 |   311.8 
 abcijk-jkmb-miac |   6144 |   6144 |    24 | 1.00 | 0.88 |       412.9 |   378.0 |   302.9 
 abcijk-jkmc-miab |   6144 |   6144 |    24 | 1.00 | 0.75 |       415.0 |   385.8 |   330.7 
 abcijk-eiab-jkec |   6144 |   6144 |    24 | 1.00 | 0.75 |       414.8 |   390.0 |   332.2 
 abcijk-eiac-jkeb |   6144 |   6144 |    24 | 1.00 | 0.88 |       414.4 |   377.8 |   304.1 
 abcijk-eibc-jkea |   4096 |   9216 |    24 | 1.00 | 0.99 |       403.3 |   374.3 |   310.6 
 abcijk-ejab-ikec |   6144 |   6144 |    24 | 1.00 | 0.75 |       428.4 |   405.8 |   343.8 
 abcijk-ejac-ikeb |   6144 |   6144 |    24 | 1.00 | 0.88 |       419.6 |   376.0 |   310.2 
 abcijk-ejbc-ikea |   4096 |   9216 |    24 | 1.00 | 0.99 |       429.2 |   375.2 |   314.2 
 abcijk-ekab-ijec |   6144 |   6144 |    24 | 1.00 | 0.75 |       429.2 |   407.7 |   344.1 
 abcijk-ekac-ijeb |   6144 |   6144 |    24 | 1.00 | 0.88 |       418.2 |   364.7 |   310.3 
 abcijk-ekbc-ijea |   4096 |   9216 |    24 | 1.00 | 0.99 |       409.1 |   373.2 |   314.0 
       abc-bk-akc |    216 |  44064 |   204 | 0.96 | 1.00 |       659.6 |   538.2 |   441.4 

=== complex efficiency ratio (c64 GF/s over f64 GF/s; 1.0 = no penalty) ===
             case | planar c64/f64 | 1m c64/f64 | 3m c64/f64 
------------------+----------------+------------+------------
         ij-ik-kj |          1.325 |      1.088 |      0.864 
       ij-ikl-ljk |          0.963 |      0.779 |      0.807 
       ij-kil-lkj |          0.883 |      0.740 |      0.768 
       ijk-ikl-lj |          1.474 |      1.195 |      0.991 
       ijk-il-jlk |          1.534 |      1.354 |      1.049 
       ijk-ilk-jl |          1.402 |      1.142 |      0.937 
       ijk-ilk-lj |          1.435 |      1.155 |      0.955 
     ijk-ilmk-mjl |          1.575 |      1.322 |      1.040 
   ijkl-imjn-lnkm |          1.349 |      1.123 |      0.879 
   ijkl-imjn-nlmk |          1.322 |      1.097 |      0.868 
   ijkl-imkn-jnlm |          1.344 |      1.123 |      0.885 
   ijkl-imkn-njml |          1.324 |      1.109 |      0.875 
   ijkl-imln-jnkm |          1.339 |      1.117 |      0.880 
   ijkl-imln-njmk |          1.320 |      1.106 |      0.873 
   ijkl-imnj-nlkm |          1.329 |      1.103 |      0.869 
   ijkl-imnk-njml |          1.321 |      1.107 |      0.873 
   ijkl-minj-nlmk |          1.338 |      1.109 |      0.875 
   ijkl-mink-jnlm |          1.348 |      1.123 |      0.885 
   ijkl-minl-njmk |          1.328 |      1.110 |      0.878 
     aqrs-pa-pqrs |          1.553 |      1.371 |      0.709 
     abrs-qb-aqrs |          1.576 |      1.476 |      1.120 
     abcs-rc-abrs |          1.534 |      1.397 |      1.070 
       abj-bka-kj |          1.551 |      1.200 |      1.070 
       ajb-kba-jk |          1.490 |      1.214 |      0.969 
     abjc-cbka-kj |          2.714 |      2.149 |      2.158 
     ajbc-ckba-jk |          2.072 |      1.800 |      1.729 
     abjc-kbac-jk |          1.380 |      1.306 |      0.968 
   abjcd-dkbac-jk |          2.200 |      1.820 |      1.742 
   adbjc-cbdka-kj |          2.458 |      1.991 |      2.024 
   ajbdc-ckbad-jk |          2.325 |      1.780 |      1.716 
 abcijk-ijma-mkbc |          1.636 |      1.496 |      1.230 
 abcijk-ijmb-mkac |          1.923 |      1.741 |      1.416 
 abcijk-ijmc-mkab |          1.832 |      1.729 |      1.468 
 abcijk-ikma-mjbc |          1.664 |      1.428 |      1.248 
 abcijk-ikmb-mjac |          1.904 |      1.700 |      1.406 
 abcijk-ikmc-mjab |          1.818 |      1.739 |      1.456 
 abcijk-jkma-mibc |          1.779 |      1.618 |      1.315 
 abcijk-jkmb-miac |          1.951 |      1.786 |      1.431 
 abcijk-jkmc-miab |          1.898 |      1.765 |      1.513 
 abcijk-eiab-jkec |          1.891 |      1.777 |      1.514 
 abcijk-eiac-jkeb |          1.946 |      1.774 |      1.428 
 abcijk-eibc-jkea |          1.707 |      1.584 |      1.314 
 abcijk-ejab-ikec |          1.815 |      1.720 |      1.457 
 abcijk-ejac-ikeb |          1.911 |      1.712 |      1.412 
 abcijk-ejbc-ikea |          1.677 |      1.466 |      1.228 
 abcijk-ekab-ijec |          1.853 |      1.759 |      1.485 
 abcijk-ekac-ijeb |          1.880 |      1.639 |      1.395 
 abcijk-ekbc-ijea |          1.650 |      1.505 |      1.266 
       abc-bk-akc |          1.397 |      1.140 |      0.935 
             MEAN |          1.637 |      1.420 |      1.189 

wrote bench-results/worker6150-icelake/phase4f/th-t8-f64c64.csv
