host        : worker6150
target      : x86_64 / linux
cpu features: avx2 fma avx512f avx512dq 
caches      : L1=48KiB/12-way/1sh L2=1280KiB/20-way/1sh L3=49152KiB/12-way/32sh (via sysfs), blocking=legacy
l3 domains  : t1=1 t4=1 t8=1 t16=1 t32=1 t64=2
baselines   : tblis=false blas=false

sweeping 49 cases at 64 MiB nominal tensor size, 3 reps, stress=none


=== f64 ===
             case |      m |      n |     k | regA | regB | planar GF/s | 1m GF/s | 3m GF/s 
------------------+--------+--------+-------+------+------+-------------+---------+---------
         ij-ik-kj |   2904 |   2896 |  2904 | 1.00 | 1.00 |       970.8 |   970.8 |   970.8 
       ij-ikl-ljk |    216 |    204 | 44064 | 1.00 | 1.00 |       261.4 |   261.4 |   261.4 
       ij-kil-lkj |    216 |    204 | 46656 | 1.00 | 1.00 |       266.5 |   266.5 |   266.5 
       ijk-ikl-lj |  44064 |    204 |   216 | 1.00 | 1.00 |       804.5 |   804.5 |   804.5 
       ijk-il-jlk |    216 |  44064 |   204 | 1.00 | 1.00 |       319.8 |   319.8 |   319.8 
       ijk-ilk-jl |  44064 |    216 |   204 | 1.00 | 1.00 |       876.2 |   876.2 |   876.2 
       ijk-ilk-lj |  44064 |    204 |   216 | 1.00 | 1.00 |       881.3 |   881.3 |   881.3 
     ijk-ilmk-mjl |   3744 |     52 |  3744 | 1.00 | 1.00 |       429.4 |   429.4 |   429.4 
   ijkl-imjn-lnkm |   3744 |   3744 |  2704 | 1.00 | 0.92 |       996.0 |   996.0 |   996.0 
   ijkl-imjn-nlmk |   3744 |   2704 |  3744 | 1.00 | 0.92 |      1049.2 |  1049.2 |  1049.2 
   ijkl-imkn-jnlm |   3744 |   3744 |  2704 | 1.00 | 1.00 |       977.2 |   977.2 |   977.2 
   ijkl-imkn-njml |   3744 |   2704 |  3744 | 1.00 | 0.92 |      1087.7 |  1087.7 |  1087.7 
   ijkl-imln-jnkm |   3744 |   3744 |  2704 | 1.00 | 1.00 |      1018.7 |  1018.7 |  1018.7 
   ijkl-imln-njmk |   3744 |   2704 |  3744 | 1.00 | 0.92 |      1078.5 |  1078.5 |  1078.5 
   ijkl-imnj-nlkm |   3744 |   2704 |  3744 | 1.00 | 0.92 |      1053.8 |  1053.8 |  1053.8 
   ijkl-imnk-njml |   3744 |   2704 |  3744 | 1.00 | 0.92 |      1048.2 |  1048.2 |  1048.2 
   ijkl-minj-nlmk |   3744 |   2704 |  5184 | 1.00 | 0.92 |      1012.0 |  1012.0 |  1012.0 
   ijkl-mink-jnlm |   3744 |   3744 |  3744 | 1.00 | 1.00 |      1012.8 |  1012.8 |  1012.8 
   ijkl-minl-njmk |   3744 |   2704 |  5184 | 1.00 | 0.92 |      1035.5 |  1035.5 |  1035.5 
     aqrs-pa-pqrs |     72 | 140608 |    72 | 1.00 | 1.00 |        73.8 |    73.8 |    73.8 
     abrs-qb-aqrs |     52 | 194688 |    72 | 1.00 | 1.00 |       428.0 |   428.0 |   428.0 
     abcs-rc-abrs |     52 | 194688 |    72 | 1.00 | 1.00 |       374.5 |   374.5 |   374.5 
       abj-bka-kj |  46656 |    204 |   216 | 1.00 | 1.00 |       597.6 |   597.6 |   597.6 
       ajb-kba-jk |  44064 |    216 |   216 | 1.00 | 1.00 |       858.7 |   858.7 |   858.7 
     abjc-cbka-kj | 269568 |     52 |    72 | 1.00 | 1.00 |       147.2 |   147.2 |   147.2 
     ajbc-ckba-jk | 269568 |     72 |    52 | 1.00 | 1.00 |       208.9 |   208.9 |   208.9 
     abjc-kbac-jk | 194688 |     72 |    72 | 1.00 | 1.00 |       496.2 |   496.2 |   496.2 
   abjcd-dkbac-jk | 331776 |     24 |    24 | 1.00 | 1.00 |        81.2 |    81.2 |    81.2 
   adbjc-cbdka-kj | 331776 |     24 |    24 | 1.00 | 1.00 |        86.6 |    86.6 |    86.6 
   ajbdc-ckbad-jk | 331776 |     24 |    24 | 1.00 | 1.00 |        95.9 |    95.9 |    95.9 
 abcijk-ijma-mkbc |   9216 |   4096 |    24 | 1.00 | 1.00 |       334.2 |   334.2 |   334.2 
 abcijk-ijmb-mkac |   6144 |   6144 |    24 | 1.00 | 1.00 |       339.3 |   339.3 |   339.3 
 abcijk-ijmc-mkab |   6144 |   6144 |    24 | 1.00 | 1.00 |       323.5 |   323.5 |   323.5 
 abcijk-ikma-mjbc |   9216 |   4096 |    24 | 1.00 | 1.00 |       367.6 |   367.6 |   367.6 
 abcijk-ikmb-mjac |   6144 |   6144 |    24 | 1.00 | 1.00 |       332.5 |   332.5 |   332.5 
 abcijk-ikmc-mjab |   6144 |   6144 |    24 | 1.00 | 1.00 |       325.8 |   325.8 |   325.8 
 abcijk-jkma-mibc |   9216 |   4096 |    24 | 1.00 | 1.00 |       363.8 |   363.8 |   363.8 
 abcijk-jkmb-miac |   6144 |   6144 |    24 | 1.00 | 1.00 |       321.5 |   321.5 |   321.5 
 abcijk-jkmc-miab |   6144 |   6144 |    24 | 1.00 | 1.00 |       313.3 |   313.3 |   313.3 
 abcijk-eiab-jkec |   6144 |   6144 |    24 | 1.00 | 1.00 |       307.0 |   307.0 |   307.0 
 abcijk-eiac-jkeb |   6144 |   6144 |    24 | 1.00 | 1.00 |       307.8 |   307.8 |   307.8 
 abcijk-eibc-jkea |   4096 |   9216 |    24 | 1.00 | 1.00 |       319.5 |   319.5 |   319.5 
 abcijk-ejab-ikec |   6144 |   6144 |    24 | 1.00 | 1.00 |       324.9 |   324.9 |   324.9 
 abcijk-ejac-ikeb |   6144 |   6144 |    24 | 1.00 | 1.00 |       351.6 |   351.6 |   351.6 
 abcijk-ejbc-ikea |   4096 |   9216 |    24 | 1.00 | 1.00 |       392.4 |   392.4 |   392.4 
 abcijk-ekab-ijec |   6144 |   6144 |    24 | 1.00 | 1.00 |       357.9 |   357.9 |   357.9 
 abcijk-ekac-ijeb |   6144 |   6144 |    24 | 1.00 | 1.00 |       361.9 |   361.9 |   361.9 
 abcijk-ekbc-ijea |   4096 |   9216 |    24 | 1.00 | 1.00 |       358.7 |   358.7 |   358.7 
       abc-bk-akc |    216 |  44064 |   204 | 1.00 | 1.00 |       844.9 |   844.9 |   844.9 

=== c64 ===
             case |      m |      n |     k | regA | regB | planar GF/s | 1m GF/s | 3m GF/s 
------------------+--------+--------+-------+------+------+-------------+---------+---------
         ij-ik-kj |   2904 |   2896 |  2904 | 1.00 | 1.00 |      1370.3 |  1221.5 |   969.0 
       ij-ikl-ljk |    216 |    204 | 44064 | 1.00 | 1.00 |       551.5 |   486.2 |   402.3 
       ij-kil-lkj |    216 |    204 | 46656 | 1.00 | 1.00 |       571.0 |   555.7 |   408.3 
       ijk-ikl-lj |  44064 |    204 |   216 | 1.00 | 1.00 |      1552.1 |  1390.6 |   970.7 
       ijk-il-jlk |    216 |  44064 |   204 | 1.00 | 1.00 |       675.5 |   643.5 |   275.5 
       ijk-ilk-jl |  44064 |    216 |   204 | 0.96 | 1.00 |      1615.9 |  1031.6 |  1235.1 
       ijk-ilk-lj |  44064 |    204 |   216 | 0.96 | 1.00 |      1536.1 |  1316.8 |  1188.6 
     ijk-ilmk-mjl |   3744 |     52 |  3744 | 0.89 | 1.00 |       874.5 |   771.1 |   675.3 
   ijkl-imjn-lnkm |   3744 |   3744 |  2704 | 0.89 | 0.92 |      1503.6 |  1313.5 |  1058.3 
   ijkl-imjn-nlmk |   3744 |   2704 |  3744 | 0.89 | 0.92 |      1418.8 |  1286.8 |  1045.7 
   ijkl-imkn-jnlm |   3744 |   3744 |  2704 | 0.89 | 1.00 |      1445.9 |  1287.5 |  1063.9 
   ijkl-imkn-njml |   3744 |   2704 |  3744 | 0.89 | 0.92 |      1400.0 |  1276.0 |  1065.8 
   ijkl-imln-jnkm |   3744 |   3744 |  2704 | 0.89 | 1.00 |      1458.3 |  1282.8 |  1047.2 
   ijkl-imln-njmk |   3744 |   2704 |  3744 | 0.89 | 0.92 |      1408.8 |  1251.3 |  1046.3 
   ijkl-imnj-nlkm |   3744 |   2704 |  3744 | 0.89 | 0.92 |      1460.0 |  1274.3 |  1061.4 
   ijkl-imnk-njml |   3744 |   2704 |  3744 | 0.89 | 0.92 |      1433.4 |  1279.3 |  1063.1 
   ijkl-minj-nlmk |   3744 |   2704 |  5184 | 0.89 | 0.92 |      1429.7 |  1260.9 |  1031.0 
   ijkl-mink-jnlm |   3744 |   3744 |  3744 | 0.89 | 1.00 |      1465.7 |  1308.1 |  1076.8 
   ijkl-minl-njmk |   3744 |   2704 |  5184 | 0.89 | 0.92 |      1425.1 |  1268.1 |  1043.0 
     aqrs-pa-pqrs |     72 | 140608 |    72 | 1.00 | 1.00 |       215.9 |   218.1 |   199.9 
     abrs-qb-aqrs |     52 | 194688 |    72 | 0.89 | 1.00 |       779.7 |   806.3 |   755.3 
     abcs-rc-abrs |     52 | 194688 |    72 | 1.00 | 1.00 |       995.2 |   878.4 |   741.9 
       abj-bka-kj |  46656 |    204 |   216 | 0.96 | 1.00 |      1026.3 |   974.6 |   895.9 
       ajb-kba-jk |  44064 |    216 |   216 | 0.96 | 1.00 |      1231.7 |  1395.4 |  1341.5 
     abjc-cbka-kj | 269568 |     52 |    72 | 0.89 | 1.00 |       536.7 |   439.8 |   450.2 
     ajbc-ckba-jk | 269568 |     72 |    52 | 0.89 | 1.00 |       570.2 |   518.1 |   534.5 
     abjc-kbac-jk | 194688 |     72 |    72 | 0.89 | 1.00 |       808.2 |   942.8 |   779.1 
   abjcd-dkbac-jk | 331776 |     24 |    24 | 0.67 | 1.00 |       222.7 |   206.3 |   185.9 
   adbjc-cbdka-kj | 331776 |     24 |    24 | 0.67 | 1.00 |       219.8 |   175.0 |   180.5 
   ajbdc-ckbad-jk | 331776 |     24 |    24 | 1.00 | 1.00 |       236.4 |   179.9 |   190.4 
 abcijk-ijma-mkbc |   9216 |   4096 |    24 | 1.00 | 0.99 |       716.9 |   664.2 |   597.2 
 abcijk-ijmb-mkac |   6144 |   6144 |    24 | 1.00 | 0.88 |       671.2 |   671.8 |   575.4 
 abcijk-ijmc-mkab |   6144 |   6144 |    24 | 1.00 | 0.75 |       600.9 |   608.6 |   581.8 
 abcijk-ikma-mjbc |   9216 |   4096 |    24 | 1.00 | 0.99 |       725.2 |   643.1 |   599.0 
 abcijk-ikmb-mjac |   6144 |   6144 |    24 | 1.00 | 0.88 |       716.3 |   642.7 |   590.4 
 abcijk-ikmc-mjab |   6144 |   6144 |    24 | 1.00 | 0.75 |       594.7 |   620.1 |   600.7 
 abcijk-jkma-mibc |   9216 |   4096 |    24 | 1.00 | 0.99 |       713.9 |   602.4 |   629.4 
 abcijk-jkmb-miac |   6144 |   6144 |    24 | 1.00 | 0.88 |       631.9 |   640.4 |   564.9 
 abcijk-jkmc-miab |   6144 |   6144 |    24 | 1.00 | 0.75 |       567.2 |   560.2 |   571.0 
 abcijk-eiab-jkec |   6144 |   6144 |    24 | 1.00 | 0.75 |       575.1 |   557.5 |   550.3 
 abcijk-eiac-jkeb |   6144 |   6144 |    24 | 1.00 | 0.88 |       653.7 |   624.4 |   574.3 
 abcijk-eibc-jkea |   4096 |   9216 |    24 | 1.00 | 0.99 |       683.8 |   688.3 |   588.1 
 abcijk-ejab-ikec |   6144 |   6144 |    24 | 1.00 | 0.75 |       610.7 |   584.9 |   589.2 
 abcijk-ejac-ikeb |   6144 |   6144 |    24 | 1.00 | 0.88 |       695.5 |   636.2 |   591.7 
 abcijk-ejbc-ikea |   4096 |   9216 |    24 | 1.00 | 0.99 |       724.7 |   697.3 |   621.3 
 abcijk-ekab-ijec |   6144 |   6144 |    24 | 1.00 | 0.75 |       601.0 |   601.6 |   599.0 
 abcijk-ekac-ijeb |   6144 |   6144 |    24 | 1.00 | 0.88 |       663.2 |   643.9 |   575.0 
 abcijk-ekbc-ijea |   4096 |   9216 |    24 | 1.00 | 0.99 |       673.7 |   692.0 |   637.5 
       abc-bk-akc |    216 |  44064 |   204 | 0.96 | 1.00 |      1580.2 |  1359.7 |  1172.3 

=== complex efficiency ratio (c64 GF/s over f64 GF/s; 1.0 = no penalty) ===
             case | planar c64/f64 | 1m c64/f64 | 3m c64/f64 
------------------+----------------+------------+------------
         ij-ik-kj |          1.412 |      1.258 |      0.998 
       ij-ikl-ljk |          2.110 |      1.860 |      1.539 
       ij-kil-lkj |          2.143 |      2.085 |      1.532 
       ijk-ikl-lj |          1.929 |      1.728 |      1.207 
       ijk-il-jlk |          2.112 |      2.012 |      0.861 
       ijk-ilk-jl |          1.844 |      1.177 |      1.409 
       ijk-ilk-lj |          1.743 |      1.494 |      1.349 
     ijk-ilmk-mjl |          2.036 |      1.796 |      1.573 
   ijkl-imjn-lnkm |          1.510 |      1.319 |      1.062 
   ijkl-imjn-nlmk |          1.352 |      1.227 |      0.997 
   ijkl-imkn-jnlm |          1.480 |      1.318 |      1.089 
   ijkl-imkn-njml |          1.287 |      1.173 |      0.980 
   ijkl-imln-jnkm |          1.432 |      1.259 |      1.028 
   ijkl-imln-njmk |          1.306 |      1.160 |      0.970 
   ijkl-imnj-nlkm |          1.386 |      1.209 |      1.007 
   ijkl-imnk-njml |          1.367 |      1.220 |      1.014 
   ijkl-minj-nlmk |          1.413 |      1.246 |      1.019 
   ijkl-mink-jnlm |          1.447 |      1.292 |      1.063 
   ijkl-minl-njmk |          1.376 |      1.225 |      1.007 
     aqrs-pa-pqrs |          2.927 |      2.957 |      2.710 
     abrs-qb-aqrs |          1.822 |      1.884 |      1.765 
     abcs-rc-abrs |          2.657 |      2.345 |      1.981 
       abj-bka-kj |          1.717 |      1.631 |      1.499 
       ajb-kba-jk |          1.434 |      1.625 |      1.562 
     abjc-cbka-kj |          3.646 |      2.987 |      3.058 
     ajbc-ckba-jk |          2.730 |      2.481 |      2.559 
     abjc-kbac-jk |          1.629 |      1.900 |      1.570 
   abjcd-dkbac-jk |          2.743 |      2.540 |      2.289 
   adbjc-cbdka-kj |          2.537 |      2.020 |      2.083 
   ajbdc-ckbad-jk |          2.465 |      1.876 |      1.986 
 abcijk-ijma-mkbc |          2.145 |      1.987 |      1.787 
 abcijk-ijmb-mkac |          1.978 |      1.980 |      1.696 
 abcijk-ijmc-mkab |          1.858 |      1.882 |      1.799 
 abcijk-ikma-mjbc |          1.973 |      1.749 |      1.630 
 abcijk-ikmb-mjac |          2.155 |      1.933 |      1.776 
 abcijk-ikmc-mjab |          1.825 |      1.903 |      1.843 
 abcijk-jkma-mibc |          1.962 |      1.656 |      1.730 
 abcijk-jkmb-miac |          1.966 |      1.992 |      1.757 
 abcijk-jkmc-miab |          1.810 |      1.788 |      1.822 
 abcijk-eiab-jkec |          1.873 |      1.816 |      1.793 
 abcijk-eiac-jkeb |          2.124 |      2.029 |      1.866 
 abcijk-eibc-jkea |          2.140 |      2.154 |      1.841 
 abcijk-ejab-ikec |          1.880 |      1.800 |      1.814 
 abcijk-ejac-ikeb |          1.978 |      1.809 |      1.683 
 abcijk-ejbc-ikea |          1.847 |      1.777 |      1.583 
 abcijk-ekab-ijec |          1.679 |      1.681 |      1.674 
 abcijk-ekac-ijeb |          1.833 |      1.779 |      1.589 
 abcijk-ekbc-ijea |          1.878 |      1.929 |      1.778 
       abc-bk-akc |          1.870 |      1.609 |      1.387 
             MEAN |          1.914 |      1.767 |      1.584 

wrote bench-results/worker6150-icelake/phase4f/th-t32-pm-f64c64.csv
