host        : worker6150
target      : x86_64 / linux
cpu features: avx2 fma avx512f avx512dq 
caches      : L1=48KiB/12-way/1sh L2=1280KiB/20-way/1sh L3=49152KiB/12-way/32sh (via sysfs), blocking=legacy
l3 domains  : t1=1 t4=1 t8=1
baselines   : tblis=false blas=false

sweeping 49 cases at 64 MiB nominal tensor size, 3 reps, stress=none


=== f32 ===
             case |      m |      n |     k | regA | regB | planar GF/s | 1m GF/s | 3m GF/s 
------------------+--------+--------+-------+------+------+-------------+---------+---------
         ij-ik-kj |   2904 |   2896 |  2904 | 1.00 | 1.00 |       623.5 |   623.5 |   623.5 
       ij-ikl-ljk |    216 |    204 | 44064 | 1.00 | 1.00 |       200.2 |   200.2 |   200.2 
       ij-kil-lkj |    216 |    204 | 46656 | 1.00 | 1.00 |       206.2 |   206.2 |   206.2 
       ijk-ikl-lj |  44064 |    204 |   216 | 1.00 | 1.00 |       552.0 |   552.0 |   552.0 
       ijk-il-jlk |    216 |  44064 |   204 | 1.00 | 1.00 |       296.8 |   296.8 |   296.8 
       ijk-ilk-jl |  44064 |    216 |   204 | 0.89 | 1.00 |       575.1 |   575.1 |   575.1 
       ijk-ilk-lj |  44064 |    204 |   216 | 0.89 | 1.00 |       562.9 |   562.9 |   562.9 
     ijk-ilmk-mjl |   3744 |     52 |  3744 | 0.67 | 1.00 |       361.0 |   361.0 |   361.0 
   ijkl-imjn-lnkm |   3744 |   3744 |  2704 | 0.67 | 0.92 |       607.0 |   607.0 |   607.0 
   ijkl-imjn-nlmk |   3744 |   2704 |  3744 | 0.67 | 0.92 |       620.2 |   620.2 |   620.2 
   ijkl-imkn-jnlm |   3744 |   3744 |  2704 | 0.67 | 1.00 |       634.8 |   634.8 |   634.8 
   ijkl-imkn-njml |   3744 |   2704 |  3744 | 0.67 | 0.92 |       621.2 |   621.2 |   621.2 
   ijkl-imln-jnkm |   3744 |   3744 |  2704 | 0.67 | 1.00 |       636.6 |   636.6 |   636.6 
   ijkl-imln-njmk |   3744 |   2704 |  3744 | 0.67 | 0.92 |       619.8 |   619.8 |   619.8 
   ijkl-imnj-nlkm |   3744 |   2704 |  3744 | 0.67 | 0.92 |       615.0 |   615.0 |   615.0 
   ijkl-imnk-njml |   3744 |   2704 |  3744 | 0.67 | 0.92 |       620.2 |   620.2 |   620.2 
   ijkl-minj-nlmk |   3744 |   2704 |  5184 | 0.67 | 0.92 |       603.6 |   603.6 |   603.6 
   ijkl-mink-jnlm |   3744 |   3744 |  3744 | 0.67 | 1.00 |       635.3 |   635.3 |   635.3 
   ijkl-minl-njmk |   3744 |   2704 |  5184 | 0.67 | 0.92 |       604.7 |   604.7 |   604.7 
     aqrs-pa-pqrs |     72 | 140608 |    72 | 1.00 | 1.00 |       208.3 |   208.3 |   208.3 
     abrs-qb-aqrs |     52 | 194688 |    72 | 0.67 | 1.00 |       293.1 |   293.1 |   293.1 
     abcs-rc-abrs |     52 | 194688 |    72 | 1.00 | 1.00 |       298.6 |   298.6 |   298.6 
       abj-bka-kj |  46656 |    204 |   216 | 0.89 | 1.00 |       283.0 |   283.0 |   283.0 
       ajb-kba-jk |  44064 |    216 |   216 | 0.89 | 1.00 |       551.1 |   551.1 |   551.1 
     abjc-cbka-kj | 269568 |     52 |    72 | 0.67 | 1.00 |        55.4 |    55.4 |    55.4 
     ajbc-ckba-jk | 269568 |     72 |    52 | 0.67 | 1.00 |        86.0 |    86.0 |    86.0 
     abjc-kbac-jk | 194688 |     72 |    72 | 0.67 | 1.00 |       261.1 |   261.1 |   261.1 
   abjcd-dkbac-jk | 331776 |     24 |    24 | 0.00 | 1.00 |        53.8 |    53.8 |    53.8 
   adbjc-cbdka-kj | 331776 |     24 |    24 | 0.00 | 1.00 |        56.7 |    56.7 |    56.7 
   ajbdc-ckbad-jk | 331776 |     24 |    24 | 0.00 | 1.00 |        48.2 |    48.2 |    48.2 
 abcijk-ijma-mkbc |   9216 |   4096 |    24 | 0.00 | 1.00 |       250.8 |   250.8 |   250.8 
 abcijk-ijmb-mkac |   6144 |   6144 |    24 | 0.00 | 1.00 |       188.5 |   188.5 |   188.5 
 abcijk-ijmc-mkab |   6144 |   6144 |    24 | 1.00 | 1.00 |       271.1 |   271.1 |   271.1 
 abcijk-ikma-mjbc |   9216 |   4096 |    24 | 0.00 | 1.00 |       251.2 |   251.2 |   251.2 
 abcijk-ikmb-mjac |   6144 |   6144 |    24 | 0.00 | 1.00 |       187.9 |   187.9 |   187.9 
 abcijk-ikmc-mjab |   6144 |   6144 |    24 | 1.00 | 1.00 |       273.8 |   273.8 |   273.8 
 abcijk-jkma-mibc |   9216 |   4096 |    24 | 0.00 | 1.00 |       230.7 |   230.7 |   230.7 
 abcijk-jkmb-miac |   6144 |   6144 |    24 | 0.00 | 1.00 |       126.2 |   126.2 |   126.2 
 abcijk-jkmc-miab |   6144 |   6144 |    24 | 1.00 | 1.00 |       273.3 |   273.3 |   273.3 
 abcijk-eiab-jkec |   6144 |   6144 |    24 | 1.00 | 1.00 |       269.0 |   269.0 |   269.0 
 abcijk-eiac-jkeb |   6144 |   6144 |    24 | 0.00 | 1.00 |       125.5 |   125.5 |   125.5 
 abcijk-eibc-jkea |   4096 |   9216 |    24 | 0.00 | 1.00 |       229.1 |   229.1 |   229.1 
 abcijk-ejab-ikec |   6144 |   6144 |    24 | 1.00 | 1.00 |       271.4 |   271.4 |   271.4 
 abcijk-ejac-ikeb |   6144 |   6144 |    24 | 0.00 | 1.00 |       187.4 |   187.4 |   187.4 
 abcijk-ejbc-ikea |   4096 |   9216 |    24 | 0.00 | 1.00 |       249.1 |   249.1 |   249.1 
 abcijk-ekab-ijec |   6144 |   6144 |    24 | 1.00 | 1.00 |       271.6 |   271.6 |   271.6 
 abcijk-ekac-ijeb |   6144 |   6144 |    24 | 0.00 | 1.00 |       187.6 |   187.6 |   187.6 
 abcijk-ekbc-ijea |   4096 |   9216 |    24 | 0.00 | 1.00 |       249.2 |   249.2 |   249.2 
       abc-bk-akc |    216 |  44064 |   204 | 0.89 | 1.00 |       573.5 |   573.5 |   573.5 

=== c32 ===
             case |      m |      n |     k | regA | regB | planar GF/s | 1m GF/s | 3m GF/s 
------------------+--------+--------+-------+------+------+-------------+---------+---------
         ij-ik-kj |   2904 |   2896 |  2904 | 1.00 | 1.00 |       692.2 |   669.3 |   464.9 
       ij-ikl-ljk |    216 |    204 | 44064 | 1.00 | 1.00 |       255.5 |   231.5 |   210.5 
       ij-kil-lkj |    216 |    204 | 46656 | 1.00 | 1.00 |       297.0 |   252.1 |   202.7 
       ijk-ikl-lj |  44064 |    204 |   216 | 1.00 | 1.00 |       669.4 |   624.8 |   432.5 
       ijk-il-jlk |    216 |  44064 |   204 | 1.00 | 1.00 |       424.7 |   414.9 |   293.9 
       ijk-ilk-jl |  44064 |    216 |   204 | 0.89 | 1.00 |       684.9 |   655.6 |   450.2 
       ijk-ilk-lj |  44064 |    204 |   216 | 0.89 | 1.00 |       682.0 |   651.7 |   443.9 
     ijk-ilmk-mjl |   3744 |     52 |  3744 | 0.67 | 1.00 |       456.7 |   425.2 |   291.3 
   ijkl-imjn-lnkm |   3744 |   3744 |  2704 | 0.67 | 0.92 |       658.0 |   644.9 |   459.3 
   ijkl-imjn-nlmk |   3744 |   2704 |  3744 | 0.67 | 0.92 |       684.9 |   670.1 |   471.2 
   ijkl-imkn-jnlm |   3744 |   3744 |  2704 | 0.67 | 1.00 |       685.9 |   676.5 |   464.9 
   ijkl-imkn-njml |   3744 |   2704 |  3744 | 0.67 | 0.92 |       688.7 |   679.5 |   469.5 
   ijkl-imln-jnkm |   3744 |   3744 |  2704 | 0.67 | 1.00 |       684.7 |   676.8 |   464.3 
   ijkl-imln-njmk |   3744 |   2704 |  3744 | 0.67 | 0.92 |       689.8 |   677.3 |   470.0 
   ijkl-imnj-nlkm |   3744 |   2704 |  3744 | 0.67 | 0.92 |       682.3 |   669.4 |   471.2 
   ijkl-imnk-njml |   3744 |   2704 |  3744 | 0.67 | 0.92 |       689.2 |   681.6 |   471.0 
   ijkl-minj-nlmk |   3744 |   2704 |  5184 | 0.67 | 0.92 |       675.6 |   659.6 |   467.2 
   ijkl-mink-jnlm |   3744 |   3744 |  3744 | 0.67 | 1.00 |       694.2 |   681.5 |   472.8 
   ijkl-minl-njmk |   3744 |   2704 |  5184 | 0.67 | 0.92 |       683.3 |   671.6 |   469.5 
     aqrs-pa-pqrs |     72 | 140608 |    72 | 1.00 | 1.00 |       357.0 |   349.3 |   195.0 
     abrs-qb-aqrs |     52 | 194688 |    72 | 0.67 | 1.00 |       428.9 |   400.4 |   288.1 
     abcs-rc-abrs |     52 | 194688 |    72 | 1.00 | 1.00 |       528.3 |   329.5 |   285.5 
       abj-bka-kj |  46656 |    204 |   216 | 0.89 | 1.00 |       523.3 |   489.3 |   378.6 
       ajb-kba-jk |  44064 |    216 |   216 | 0.89 | 1.00 |       685.5 |   661.5 |   467.3 
     abjc-cbka-kj | 269568 |     52 |    72 | 0.67 | 1.00 |       152.7 |   113.5 |   115.9 
     ajbc-ckba-jk | 269568 |     72 |    52 | 0.67 | 1.00 |       197.3 |   157.3 |   156.1 
     abjc-kbac-jk | 194688 |     72 |    72 | 0.67 | 1.00 |       452.3 |   372.6 |   305.7 
   abjcd-dkbac-jk | 331776 |     24 |    24 | 0.00 | 1.00 |        95.4 |    80.9 |    75.2 
   adbjc-cbdka-kj | 331776 |     24 |    24 | 0.00 | 1.00 |        76.5 |    66.4 |    67.4 
   ajbdc-ckbad-jk | 331776 |     24 |    24 | 0.00 | 1.00 |        90.2 |    79.9 |    74.1 
 abcijk-ijma-mkbc |   9216 |   4096 |    24 | 0.00 | 0.99 |       401.5 |   481.6 |   334.2 
 abcijk-ijmb-mkac |   6144 |   6144 |    24 | 0.00 | 1.00 |       314.9 |   411.3 |   312.2 
 abcijk-ijmc-mkab |   6144 |   6144 |    24 | 1.00 | 0.75 |       455.8 |   381.1 |   325.6 
 abcijk-ikma-mjbc |   9216 |   4096 |    24 | 0.00 | 0.99 |       404.6 |   481.1 |   334.3 
 abcijk-ikmb-mjac |   6144 |   6144 |    24 | 0.00 | 1.00 |       311.2 |   415.2 |   313.0 
 abcijk-ikmc-mjab |   6144 |   6144 |    24 | 1.00 | 0.75 |       457.9 |   389.6 |   325.6 
 abcijk-jkma-mibc |   9216 |   4096 |    24 | 0.00 | 0.99 |       389.1 |   467.1 |   331.4 
 abcijk-jkmb-miac |   6144 |   6144 |    24 | 0.00 | 1.00 |       280.1 |   416.7 |   308.4 
 abcijk-jkmc-miab |   6144 |   6144 |    24 | 1.00 | 0.75 |       449.4 |   384.1 |   320.1 
 abcijk-eiab-jkec |   6144 |   6144 |    24 | 1.00 | 0.75 |       449.4 |   384.2 |   319.4 
 abcijk-eiac-jkeb |   6144 |   6144 |    24 | 0.00 | 1.00 |       289.7 |   416.1 |   308.6 
 abcijk-eibc-jkea |   4096 |   9216 |    24 | 0.00 | 0.99 |       389.6 |   463.0 |   330.5 
 abcijk-ejab-ikec |   6144 |   6144 |    24 | 1.00 | 0.75 |       458.3 |   391.1 |   325.5 
 abcijk-ejac-ikeb |   6144 |   6144 |    24 | 0.00 | 1.00 |       314.1 |   395.3 |   312.6 
 abcijk-ejbc-ikea |   4096 |   9216 |    24 | 0.00 | 0.99 |       403.6 |   480.7 |   333.4 
 abcijk-ekab-ijec |   6144 |   6144 |    24 | 1.00 | 0.75 |       436.5 |   379.2 |   324.8 
 abcijk-ekac-ijeb |   6144 |   6144 |    24 | 0.00 | 1.00 |       314.3 |   413.3 |   312.3 
 abcijk-ekbc-ijea |   4096 |   9216 |    24 | 0.00 | 0.99 |       405.4 |   481.5 |   334.5 
       abc-bk-akc |    216 |  44064 |   204 | 0.89 | 1.00 |       685.2 |   654.2 |   450.3 

=== complex efficiency ratio (c32 GF/s over f32 GF/s; 1.0 = no penalty) ===
             case | planar c32/f32 | 1m c32/f32 | 3m c32/f32 
------------------+----------------+------------+------------
         ij-ik-kj |          1.110 |      1.073 |      0.746 
       ij-ikl-ljk |          1.277 |      1.156 |      1.052 
       ij-kil-lkj |          1.440 |      1.223 |      0.983 
       ijk-ikl-lj |          1.213 |      1.132 |      0.783 
       ijk-il-jlk |          1.431 |      1.398 |      0.990 
       ijk-ilk-jl |          1.191 |      1.140 |      0.783 
       ijk-ilk-lj |          1.212 |      1.158 |      0.789 
     ijk-ilmk-mjl |          1.265 |      1.178 |      0.807 
   ijkl-imjn-lnkm |          1.084 |      1.062 |      0.757 
   ijkl-imjn-nlmk |          1.104 |      1.080 |      0.760 
   ijkl-imkn-jnlm |          1.081 |      1.066 |      0.732 
   ijkl-imkn-njml |          1.109 |      1.094 |      0.756 
   ijkl-imln-jnkm |          1.076 |      1.063 |      0.729 
   ijkl-imln-njmk |          1.113 |      1.093 |      0.758 
   ijkl-imnj-nlkm |          1.109 |      1.088 |      0.766 
   ijkl-imnk-njml |          1.111 |      1.099 |      0.760 
   ijkl-minj-nlmk |          1.119 |      1.093 |      0.774 
   ijkl-mink-jnlm |          1.093 |      1.073 |      0.744 
   ijkl-minl-njmk |          1.130 |      1.111 |      0.776 
     aqrs-pa-pqrs |          1.714 |      1.677 |      0.936 
     abrs-qb-aqrs |          1.463 |      1.366 |      0.983 
     abcs-rc-abrs |          1.769 |      1.103 |      0.956 
       abj-bka-kj |          1.850 |      1.729 |      1.338 
       ajb-kba-jk |          1.244 |      1.200 |      0.848 
     abjc-cbka-kj |          2.756 |      2.049 |      2.092 
     ajbc-ckba-jk |          2.295 |      1.830 |      1.816 
     abjc-kbac-jk |          1.732 |      1.427 |      1.171 
   abjcd-dkbac-jk |          1.773 |      1.503 |      1.398 
   adbjc-cbdka-kj |          1.349 |      1.171 |      1.188 
   ajbdc-ckbad-jk |          1.872 |      1.658 |      1.537 
 abcijk-ijma-mkbc |          1.601 |      1.920 |      1.332 
 abcijk-ijmb-mkac |          1.670 |      2.182 |      1.656 
 abcijk-ijmc-mkab |          1.681 |      1.405 |      1.201 
 abcijk-ikma-mjbc |          1.611 |      1.915 |      1.331 
 abcijk-ikmb-mjac |          1.656 |      2.209 |      1.665 
 abcijk-ikmc-mjab |          1.672 |      1.423 |      1.189 
 abcijk-jkma-mibc |          1.686 |      2.025 |      1.436 
 abcijk-jkmb-miac |          2.219 |      3.301 |      2.443 
 abcijk-jkmc-miab |          1.645 |      1.406 |      1.171 
 abcijk-eiab-jkec |          1.671 |      1.428 |      1.188 
 abcijk-eiac-jkeb |          2.309 |      3.317 |      2.460 
 abcijk-eibc-jkea |          1.701 |      2.021 |      1.443 
 abcijk-ejab-ikec |          1.689 |      1.441 |      1.200 
 abcijk-ejac-ikeb |          1.676 |      2.109 |      1.668 
 abcijk-ejbc-ikea |          1.620 |      1.929 |      1.339 
 abcijk-ekab-ijec |          1.608 |      1.397 |      1.196 
 abcijk-ekac-ijeb |          1.675 |      2.203 |      1.664 
 abcijk-ekbc-ijea |          1.627 |      1.932 |      1.342 
       abc-bk-akc |          1.195 |      1.141 |      0.785 
             MEAN |          1.516 |      1.527 |      1.168 

wrote bench-results/worker6150-icelake/phase4f/th-t4-f32c32.csv
