host        : worker6150
target      : x86_64 / linux
cpu features: avx2 fma avx512f avx512dq 
caches      : L1=48KiB/12-way/1sh L2=1280KiB/20-way/1sh L3=49152KiB/12-way/32sh (via sysfs), blocking=legacy
l3 domains  : t1=1
baselines   : tblis=false blas=false

sweeping 49 cases at 64 MiB nominal tensor size, 3 reps, stress=none


=== f64 ===
             case |      m |      n |     k | regA | regB | planar GF/s | 1m GF/s | 3m GF/s 
------------------+--------+--------+-------+------+------+-------------+---------+---------
         ij-ik-kj |   2904 |   2896 |  2904 | 1.00 | 1.00 |        71.7 |    71.7 |    71.7 
       ij-ikl-ljk |    216 |    204 | 44064 | 1.00 | 1.00 |        41.2 |    41.2 |    41.2 
       ij-kil-lkj |    216 |    204 | 46656 | 1.00 | 1.00 |        40.3 |    40.3 |    40.3 
       ijk-ikl-lj |  44064 |    204 |   216 | 1.00 | 1.00 |        58.2 |    58.2 |    58.2 
       ijk-il-jlk |    216 |  44064 |   204 | 1.00 | 1.00 |        48.3 |    48.3 |    48.3 
       ijk-ilk-jl |  44064 |    216 |   204 | 1.00 | 1.00 |        62.9 |    62.9 |    62.9 
       ijk-ilk-lj |  44064 |    204 |   216 | 1.00 | 1.00 |        61.1 |    61.1 |    61.1 
     ijk-ilmk-mjl |   3744 |     52 |  3744 | 1.00 | 1.00 |        43.7 |    43.7 |    43.7 
   ijkl-imjn-lnkm |   3744 |   3744 |  2704 | 1.00 | 0.92 |        70.8 |    70.8 |    70.8 
   ijkl-imjn-nlmk |   3744 |   2704 |  3744 | 1.00 | 0.92 |        70.5 |    70.5 |    70.5 
   ijkl-imkn-jnlm |   3744 |   3744 |  2704 | 1.00 | 1.00 |        69.7 |    69.7 |    69.7 
   ijkl-imkn-njml |   3744 |   2704 |  3744 | 1.00 | 0.92 |        69.4 |    69.4 |    69.4 
   ijkl-imln-jnkm |   3744 |   3744 |  2704 | 1.00 | 1.00 |        69.8 |    69.8 |    69.8 
   ijkl-imln-njmk |   3744 |   2704 |  3744 | 1.00 | 0.92 |        69.6 |    69.6 |    69.6 
   ijkl-imnj-nlkm |   3744 |   2704 |  3744 | 1.00 | 0.92 |        70.7 |    70.7 |    70.7 
   ijkl-imnk-njml |   3744 |   2704 |  3744 | 1.00 | 0.92 |        69.1 |    69.1 |    69.1 
   ijkl-minj-nlmk |   3744 |   2704 |  5184 | 1.00 | 0.92 |        69.6 |    69.6 |    69.6 
   ijkl-mink-jnlm |   3744 |   3744 |  3744 | 1.00 | 1.00 |        69.1 |    69.1 |    69.1 
   ijkl-minl-njmk |   3744 |   2704 |  5184 | 1.00 | 0.92 |        68.8 |    68.8 |    68.8 
     aqrs-pa-pqrs |     72 | 140608 |    72 | 1.00 | 1.00 |        36.8 |    36.8 |    36.8 
     abrs-qb-aqrs |     52 | 194688 |    72 | 1.00 | 1.00 |        42.3 |    42.3 |    42.3 
     abcs-rc-abrs |     52 | 194688 |    72 | 1.00 | 1.00 |        50.7 |    50.7 |    50.7 
       abj-bka-kj |  46656 |    204 |   216 | 1.00 | 1.00 |        45.1 |    45.1 |    45.1 
       ajb-kba-jk |  44064 |    216 |   216 | 1.00 | 1.00 |        64.1 |    64.1 |    64.1 
     abjc-cbka-kj | 269568 |     52 |    72 | 1.00 | 1.00 |        15.6 |    15.6 |    15.6 
     ajbc-ckba-jk | 269568 |     72 |    52 | 1.00 | 1.00 |        22.9 |    22.9 |    22.9 
     abjc-kbac-jk | 194688 |     72 |    72 | 1.00 | 1.00 |        56.0 |    56.0 |    56.0 
   abjcd-dkbac-jk | 331776 |     24 |    24 | 1.00 | 1.00 |         9.3 |     9.3 |     9.3 
   adbjc-cbdka-kj | 331776 |     24 |    24 | 1.00 | 1.00 |         7.2 |     7.2 |     7.2 
   ajbdc-ckbad-jk | 331776 |     24 |    24 | 1.00 | 1.00 |         9.1 |     9.1 |     9.1 
 abcijk-ijma-mkbc |   9216 |   4096 |    24 | 1.00 | 1.00 |        45.9 |    45.9 |    45.9 
 abcijk-ijmb-mkac |   6144 |   6144 |    24 | 1.00 | 1.00 |        38.7 |    38.7 |    38.7 
 abcijk-ijmc-mkab |   6144 |   6144 |    24 | 1.00 | 1.00 |        41.1 |    41.1 |    41.1 
 abcijk-ikma-mjbc |   9216 |   4096 |    24 | 1.00 | 1.00 |        45.9 |    45.9 |    45.9 
 abcijk-ikmb-mjac |   6144 |   6144 |    24 | 1.00 | 1.00 |        39.0 |    39.0 |    39.0 
 abcijk-ikmc-mjab |   6144 |   6144 |    24 | 1.00 | 1.00 |        41.2 |    41.2 |    41.2 
 abcijk-jkma-mibc |   9216 |   4096 |    24 | 1.00 | 1.00 |        43.5 |    43.5 |    43.5 
 abcijk-jkmb-miac |   6144 |   6144 |    24 | 1.00 | 1.00 |        38.2 |    38.2 |    38.2 
 abcijk-jkmc-miab |   6144 |   6144 |    24 | 1.00 | 1.00 |        40.6 |    40.6 |    40.6 
 abcijk-eiab-jkec |   6144 |   6144 |    24 | 1.00 | 1.00 |        40.6 |    40.6 |    40.6 
 abcijk-eiac-jkeb |   6144 |   6144 |    24 | 1.00 | 1.00 |        37.8 |    37.8 |    37.8 
 abcijk-eibc-jkea |   4096 |   9216 |    24 | 1.00 | 1.00 |        43.3 |    43.3 |    43.3 
 abcijk-ejab-ikec |   6144 |   6144 |    24 | 1.00 | 1.00 |        41.1 |    41.1 |    41.1 
 abcijk-ejac-ikeb |   6144 |   6144 |    24 | 1.00 | 1.00 |        38.7 |    38.7 |    38.7 
 abcijk-ejbc-ikea |   4096 |   9216 |    24 | 1.00 | 1.00 |        45.9 |    45.9 |    45.9 
 abcijk-ekab-ijec |   6144 |   6144 |    24 | 1.00 | 1.00 |        41.2 |    41.2 |    41.2 
 abcijk-ekac-ijeb |   6144 |   6144 |    24 | 1.00 | 1.00 |        38.7 |    38.7 |    38.7 
 abcijk-ekbc-ijea |   4096 |   9216 |    24 | 1.00 | 1.00 |        45.9 |    45.9 |    45.9 
       abc-bk-akc |    216 |  44064 |   204 | 1.00 | 1.00 |        62.9 |    62.9 |    62.9 

=== c64 ===
             case |      m |      n |     k | regA | regB | planar GF/s | 1m GF/s | 3m GF/s 
------------------+--------+--------+-------+------+------+-------------+---------+---------
         ij-ik-kj |   2904 |   2896 |  2904 | 1.00 | 1.00 |        91.0 |    73.6 |    58.5 
       ij-ikl-ljk |    216 |    204 | 44064 | 1.00 | 1.00 |        62.3 |    53.0 |    44.5 
       ij-kil-lkj |    216 |    204 | 46656 | 1.00 | 1.00 |        64.6 |    54.8 |    46.0 
       ijk-ikl-lj |  44064 |    204 |   216 | 1.00 | 1.00 |        83.2 |    66.1 |    54.6 
       ijk-il-jlk |    216 |  44064 |   204 | 1.00 | 1.00 |        80.5 |    68.7 |    54.4 
       ijk-ilk-jl |  44064 |    216 |   204 | 0.96 | 1.00 |        85.1 |    68.7 |    55.7 
       ijk-ilk-lj |  44064 |    204 |   216 | 0.96 | 1.00 |        85.0 |    67.4 |    55.2 
     ijk-ilmk-mjl |   3744 |     52 |  3744 | 0.89 | 1.00 |        64.8 |    52.9 |    40.7 
   ijkl-imjn-lnkm |   3744 |   3744 |  2704 | 0.89 | 0.92 |        90.9 |    73.7 |    58.2 
   ijkl-imjn-nlmk |   3744 |   2704 |  3744 | 0.89 | 0.92 |        90.8 |    73.8 |    58.3 
   ijkl-imkn-jnlm |   3744 |   3744 |  2704 | 0.89 | 1.00 |        89.3 |    73.3 |    58.2 
   ijkl-imkn-njml |   3744 |   2704 |  3744 | 0.89 | 0.92 |        89.0 |    73.2 |    57.8 
   ijkl-imln-jnkm |   3744 |   3744 |  2704 | 0.89 | 1.00 |        89.3 |    73.4 |    58.2 
   ijkl-imln-njmk |   3744 |   2704 |  3744 | 0.89 | 0.92 |        89.1 |    73.3 |    57.8 
   ijkl-imnj-nlkm |   3744 |   2704 |  3744 | 0.89 | 0.92 |        91.1 |    74.0 |    58.3 
   ijkl-imnk-njml |   3744 |   2704 |  3744 | 0.89 | 0.92 |        89.1 |    73.2 |    57.8 
   ijkl-minj-nlmk |   3744 |   2704 |  5184 | 0.89 | 0.92 |        90.4 |    73.2 |    57.9 
   ijkl-mink-jnlm |   3744 |   3744 |  3744 | 0.89 | 1.00 |        89.1 |    72.7 |    58.0 
   ijkl-minl-njmk |   3744 |   2704 |  5184 | 0.89 | 0.92 |        88.5 |    72.5 |    57.4 
     aqrs-pa-pqrs |     72 | 140608 |    72 | 1.00 | 1.00 |        55.8 |    56.3 |    43.8 
     abrs-qb-aqrs |     52 | 194688 |    72 | 0.89 | 1.00 |        60.4 |    55.9 |    41.4 
     abcs-rc-abrs |     52 | 194688 |    72 | 1.00 | 1.00 |        67.8 |    59.1 |    44.5 
       abj-bka-kj |  46656 |    204 |   216 | 0.96 | 1.00 |        70.8 |    56.7 |    48.7 
       ajb-kba-jk |  44064 |    216 |   216 | 0.96 | 1.00 |        91.2 |    73.8 |    58.6 
     abjc-cbka-kj | 269568 |     52 |    72 | 0.89 | 1.00 |        32.3 |    30.0 |    25.7 
     ajbc-ckba-jk | 269568 |     72 |    52 | 0.89 | 1.00 |        36.5 |    36.6 |    30.5 
     abjc-kbac-jk | 194688 |     72 |    72 | 0.89 | 1.00 |        67.2 |    62.4 |    45.6 
   abjcd-dkbac-jk | 331776 |     24 |    24 | 0.67 | 1.00 |        15.8 |    13.0 |    12.9 
   adbjc-cbdka-kj | 331776 |     24 |    24 | 0.67 | 1.00 |        16.2 |    13.8 |    13.1 
   ajbdc-ckbad-jk | 331776 |     24 |    24 | 1.00 | 1.00 |        16.4 |    12.3 |    12.5 
 abcijk-ijma-mkbc |   9216 |   4096 |    24 | 1.00 | 0.99 |        62.1 |    54.1 |    42.8 
 abcijk-ijmb-mkac |   6144 |   6144 |    24 | 1.00 | 0.88 |        60.4 |    54.4 |    42.2 
 abcijk-ijmc-mkab |   6144 |   6144 |    24 | 1.00 | 0.75 |        61.0 |    60.0 |    45.7 
 abcijk-ikma-mjbc |   9216 |   4096 |    24 | 1.00 | 0.99 |        62.0 |    54.2 |    42.8 
 abcijk-ikmb-mjac |   6144 |   6144 |    24 | 1.00 | 0.88 |        60.3 |    54.4 |    42.3 
 abcijk-ikmc-mjab |   6144 |   6144 |    24 | 1.00 | 0.75 |        61.2 |    60.2 |    45.6 
 abcijk-jkma-mibc |   9216 |   4096 |    24 | 1.00 | 0.99 |        60.8 |    54.3 |    42.5 
 abcijk-jkmb-miac |   6144 |   6144 |    24 | 1.00 | 0.88 |        60.2 |    54.5 |    42.0 
 abcijk-jkmc-miab |   6144 |   6144 |    24 | 1.00 | 0.75 |        60.8 |    59.3 |    45.4 
 abcijk-eiab-jkec |   6144 |   6144 |    24 | 1.00 | 0.75 |        60.6 |    59.2 |    45.5 
 abcijk-eiac-jkeb |   6144 |   6144 |    24 | 1.00 | 0.88 |        60.2 |    54.3 |    41.9 
 abcijk-eibc-jkea |   4096 |   9216 |    24 | 1.00 | 0.99 |        60.8 |    54.3 |    42.6 
 abcijk-ejab-ikec |   6144 |   6144 |    24 | 1.00 | 0.75 |        61.0 |    60.3 |    46.0 
 abcijk-ejac-ikeb |   6144 |   6144 |    24 | 1.00 | 0.88 |        60.2 |    54.5 |    42.5 
 abcijk-ejbc-ikea |   4096 |   9216 |    24 | 1.00 | 0.99 |        61.9 |    54.1 |    42.7 
 abcijk-ekab-ijec |   6144 |   6144 |    24 | 1.00 | 0.75 |        60.9 |    60.1 |    45.9 
 abcijk-ekac-ijeb |   6144 |   6144 |    24 | 1.00 | 0.88 |        60.3 |    54.3 |    42.2 
 abcijk-ekbc-ijea |   4096 |   9216 |    24 | 1.00 | 0.99 |        62.1 |    54.3 |    42.8 
       abc-bk-akc |    216 |  44064 |   204 | 0.96 | 1.00 |        85.2 |    68.7 |    55.8 

=== complex efficiency ratio (c64 GF/s over f64 GF/s; 1.0 = no penalty) ===
             case | planar c64/f64 | 1m c64/f64 | 3m c64/f64 
------------------+----------------+------------+------------
         ij-ik-kj |          1.269 |      1.027 |      0.816 
       ij-ikl-ljk |          1.512 |      1.287 |      1.081 
       ij-kil-lkj |          1.602 |      1.358 |      1.140 
       ijk-ikl-lj |          1.428 |      1.135 |      0.938 
       ijk-il-jlk |          1.668 |      1.423 |      1.127 
       ijk-ilk-jl |          1.354 |      1.093 |      0.886 
       ijk-ilk-lj |          1.391 |      1.103 |      0.903 
     ijk-ilmk-mjl |          1.481 |      1.210 |      0.931 
   ijkl-imjn-lnkm |          1.282 |      1.041 |      0.821 
   ijkl-imjn-nlmk |          1.289 |      1.048 |      0.828 
   ijkl-imkn-jnlm |          1.281 |      1.052 |      0.836 
   ijkl-imkn-njml |          1.284 |      1.055 |      0.833 
   ijkl-imln-jnkm |          1.281 |      1.052 |      0.834 
   ijkl-imln-njmk |          1.281 |      1.053 |      0.831 
   ijkl-imnj-nlkm |          1.289 |      1.048 |      0.825 
   ijkl-imnk-njml |          1.289 |      1.059 |      0.836 
   ijkl-minj-nlmk |          1.298 |      1.051 |      0.832 
   ijkl-mink-jnlm |          1.290 |      1.052 |      0.839 
   ijkl-minl-njmk |          1.286 |      1.054 |      0.835 
     aqrs-pa-pqrs |          1.516 |      1.529 |      1.190 
     abrs-qb-aqrs |          1.430 |      1.324 |      0.979 
     abcs-rc-abrs |          1.337 |      1.165 |      0.879 
       abj-bka-kj |          1.567 |      1.257 |      1.079 
       ajb-kba-jk |          1.422 |      1.152 |      0.914 
     abjc-cbka-kj |          2.068 |      1.919 |      1.647 
     ajbc-ckba-jk |          1.596 |      1.601 |      1.332 
     abjc-kbac-jk |          1.200 |      1.116 |      0.816 
   abjcd-dkbac-jk |          1.694 |      1.395 |      1.384 
   adbjc-cbdka-kj |          2.235 |      1.901 |      1.809 
   ajbdc-ckbad-jk |          1.802 |      1.350 |      1.373 
 abcijk-ijma-mkbc |          1.352 |      1.179 |      0.931 
 abcijk-ijmb-mkac |          1.561 |      1.406 |      1.092 
 abcijk-ijmc-mkab |          1.484 |      1.461 |      1.111 
 abcijk-ikma-mjbc |          1.349 |      1.179 |      0.931 
 abcijk-ikmb-mjac |          1.546 |      1.396 |      1.085 
 abcijk-ikmc-mjab |          1.486 |      1.461 |      1.109 
 abcijk-jkma-mibc |          1.399 |      1.249 |      0.978 
 abcijk-jkmb-miac |          1.577 |      1.425 |      1.098 
 abcijk-jkmc-miab |          1.500 |      1.463 |      1.120 
 abcijk-eiab-jkec |          1.491 |      1.458 |      1.120 
 abcijk-eiac-jkeb |          1.591 |      1.436 |      1.107 
 abcijk-eibc-jkea |          1.403 |      1.254 |      0.983 
 abcijk-ejab-ikec |          1.485 |      1.466 |      1.118 
 abcijk-ejac-ikeb |          1.556 |      1.409 |      1.098 
 abcijk-ejbc-ikea |          1.348 |      1.180 |      0.930 
 abcijk-ekab-ijec |          1.478 |      1.458 |      1.114 
 abcijk-ekac-ijeb |          1.558 |      1.402 |      1.091 
 abcijk-ekbc-ijea |          1.353 |      1.183 |      0.933 
       abc-bk-akc |          1.356 |      1.093 |      0.887 
             MEAN |          1.461 |      1.275 |      1.025 

wrote bench-results/worker6150-icelake/phase4f/th-t1-f64c64.csv
