host        : worker6150
target      : x86_64 / linux
cpu features: avx2 fma avx512f avx512dq 
caches      : L1=48KiB/12-way/1sh L2=1280KiB/20-way/1sh L3=49152KiB/12-way/32sh (via sysfs), blocking=legacy
l3 domains  : t1=1 t4=1 t8=1 t16=1 t32=1 t64=2
baselines   : tblis=false blas=false

sweeping 49 cases at 64 MiB nominal tensor size, 3 reps, stress=none


=== f64 ===
             case |      m |      n |     k | regA | regB | planar GF/s | 1m GF/s | 3m GF/s 
------------------+--------+--------+-------+------+------+-------------+---------+---------
         ij-ik-kj |   2904 |   2896 |  2904 | 1.00 | 1.00 |       994.2 |   994.2 |   994.2 
       ij-ikl-ljk |    216 |    204 | 44064 | 1.00 | 1.00 |       342.8 |   342.8 |   342.8 
       ij-kil-lkj |    216 |    204 | 46656 | 1.00 | 1.00 |       285.6 |   285.6 |   285.6 
       ijk-ikl-lj |  44064 |    204 |   216 | 1.00 | 1.00 |       253.0 |   253.0 |   253.0 
       ijk-il-jlk |    216 |  44064 |   204 | 1.00 | 1.00 |       876.7 |   876.7 |   876.7 
       ijk-ilk-jl |  44064 |    216 |   204 | 1.00 | 1.00 |       368.7 |   368.7 |   368.7 
       ijk-ilk-lj |  44064 |    204 |   216 | 1.00 | 1.00 |       379.9 |   379.9 |   379.9 
     ijk-ilmk-mjl |   3744 |     52 |  3744 | 1.00 | 1.00 |        94.6 |    94.6 |    94.6 
   ijkl-imjn-lnkm |   3744 |   3744 |  2704 | 1.00 | 0.92 |       987.4 |   987.4 |   987.4 
   ijkl-imjn-nlmk |   3744 |   2704 |  3744 | 1.00 | 0.92 |      1026.4 |  1026.4 |  1026.4 
   ijkl-imkn-jnlm |   3744 |   3744 |  2704 | 1.00 | 1.00 |       999.9 |   999.9 |   999.9 
   ijkl-imkn-njml |   3744 |   2704 |  3744 | 1.00 | 0.92 |      1029.5 |  1029.5 |  1029.5 
   ijkl-imln-jnkm |   3744 |   3744 |  2704 | 1.00 | 1.00 |      1005.7 |  1005.7 |  1005.7 
   ijkl-imln-njmk |   3744 |   2704 |  3744 | 1.00 | 0.92 |      1038.7 |  1038.7 |  1038.7 
   ijkl-imnj-nlkm |   3744 |   2704 |  3744 | 1.00 | 0.92 |      1020.9 |  1020.9 |  1020.9 
   ijkl-imnk-njml |   3744 |   2704 |  3744 | 1.00 | 0.92 |      1032.4 |  1032.4 |  1032.4 
   ijkl-minj-nlmk |   3744 |   2704 |  5184 | 1.00 | 0.92 |      1005.0 |  1005.0 |  1005.0 
   ijkl-mink-jnlm |   3744 |   3744 |  3744 | 1.00 | 1.00 |       970.5 |   970.5 |   970.5 
   ijkl-minl-njmk |   3744 |   2704 |  5184 | 1.00 | 0.92 |       987.4 |   987.4 |   987.4 
     aqrs-pa-pqrs |     72 | 140608 |    72 | 1.00 | 1.00 |       482.3 |   482.3 |   482.3 
     abrs-qb-aqrs |     52 | 194688 |    72 | 1.00 | 1.00 |        93.2 |    93.2 |    93.2 
     abcs-rc-abrs |     52 | 194688 |    72 | 1.00 | 1.00 |        73.9 |    73.9 |    73.9 
       abj-bka-kj |  46656 |    204 |   216 | 1.00 | 1.00 |        97.4 |    97.4 |    97.4 
       ajb-kba-jk |  44064 |    216 |   216 | 1.00 | 1.00 |       391.9 |   391.9 |   391.9 
     abjc-cbka-kj | 269568 |     52 |    72 | 1.00 | 1.00 |        35.5 |    35.5 |    35.5 
     ajbc-ckba-jk | 269568 |     72 |    52 | 1.00 | 1.00 |        40.5 |    40.5 |    40.5 
     abjc-kbac-jk | 194688 |     72 |    72 | 1.00 | 1.00 |       157.9 |   157.9 |   157.9 
   abjcd-dkbac-jk | 331776 |     24 |    24 | 1.00 | 1.00 |        11.8 |    11.8 |    11.8 
   adbjc-cbdka-kj | 331776 |     24 |    24 | 1.00 | 1.00 |        13.2 |    13.2 |    13.2 
   ajbdc-ckbad-jk | 331776 |     24 |    24 | 1.00 | 1.00 |        12.1 |    12.1 |    12.1 
 abcijk-ijma-mkbc |   9216 |   4096 |    24 | 1.00 | 1.00 |       339.2 |   339.2 |   339.2 
 abcijk-ijmb-mkac |   6144 |   6144 |    24 | 1.00 | 1.00 |       334.7 |   334.7 |   334.7 
 abcijk-ijmc-mkab |   6144 |   6144 |    24 | 1.00 | 1.00 |       332.6 |   332.6 |   332.6 
 abcijk-ikma-mjbc |   9216 |   4096 |    24 | 1.00 | 1.00 |       345.5 |   345.5 |   345.5 
 abcijk-ikmb-mjac |   6144 |   6144 |    24 | 1.00 | 1.00 |       359.7 |   359.7 |   359.7 
 abcijk-ikmc-mjab |   6144 |   6144 |    24 | 1.00 | 1.00 |       350.7 |   350.7 |   350.7 
 abcijk-jkma-mibc |   9216 |   4096 |    24 | 1.00 | 1.00 |       338.8 |   338.8 |   338.8 
 abcijk-jkmb-miac |   6144 |   6144 |    24 | 1.00 | 1.00 |       337.8 |   337.8 |   337.8 
 abcijk-jkmc-miab |   6144 |   6144 |    24 | 1.00 | 1.00 |       356.0 |   356.0 |   356.0 
 abcijk-eiab-jkec |   6144 |   6144 |    24 | 1.00 | 1.00 |       350.8 |   350.8 |   350.8 
 abcijk-eiac-jkeb |   6144 |   6144 |    24 | 1.00 | 1.00 |       362.2 |   362.2 |   362.2 
 abcijk-eibc-jkea |   4096 |   9216 |    24 | 1.00 | 1.00 |       346.8 |   346.8 |   346.8 
 abcijk-ejab-ikec |   6144 |   6144 |    24 | 1.00 | 1.00 |       351.4 |   351.4 |   351.4 
 abcijk-ejac-ikeb |   6144 |   6144 |    24 | 1.00 | 1.00 |       303.9 |   303.9 |   303.9 
 abcijk-ejbc-ikea |   4096 |   9216 |    24 | 1.00 | 1.00 |       300.8 |   300.8 |   300.8 
 abcijk-ekab-ijec |   6144 |   6144 |    24 | 1.00 | 1.00 |       351.4 |   351.4 |   351.4 
 abcijk-ekac-ijeb |   6144 |   6144 |    24 | 1.00 | 1.00 |       350.1 |   350.1 |   350.1 
 abcijk-ekbc-ijea |   4096 |   9216 |    24 | 1.00 | 1.00 |       345.2 |   345.2 |   345.2 
       abc-bk-akc |    216 |  44064 |   204 | 1.00 | 1.00 |       386.8 |   386.8 |   386.8 

=== c64 ===
             case |      m |      n |     k | regA | regB | planar GF/s | 1m GF/s | 3m GF/s 
------------------+--------+--------+-------+------+------+-------------+---------+---------
         ij-ik-kj |   2904 |   2896 |  2904 | 1.00 | 1.00 |      1071.0 |   914.6 |   750.6 
       ij-ikl-ljk |    216 |    204 | 44064 | 1.00 | 1.00 |       482.3 |   413.4 |   407.0 
       ij-kil-lkj |    216 |    204 | 46656 | 1.00 | 1.00 |       477.7 |   426.1 |   362.2 
       ijk-ikl-lj |  44064 |    204 |   216 | 1.00 | 1.00 |       419.8 |   361.8 |   451.7 
       ijk-il-jlk |    216 |  44064 |   204 | 1.00 | 1.00 |      1246.2 |  1099.6 |   703.3 
       ijk-ilk-jl |  44064 |    216 |   204 | 0.96 | 1.00 |       505.2 |   401.3 |   455.5 
       ijk-ilk-lj |  44064 |    204 |   216 | 0.96 | 1.00 |       477.3 |   386.4 |   434.5 
     ijk-ilmk-mjl |   3744 |     52 |  3744 | 0.89 | 1.00 |       189.4 |   146.6 |   118.3 
   ijkl-imjn-lnkm |   3744 |   3744 |  2704 | 0.89 | 0.92 |      1245.6 |  1020.5 |   669.8 
   ijkl-imjn-nlmk |   3744 |   2704 |  3744 | 0.89 | 0.92 |      1184.9 |   984.0 |   654.8 
   ijkl-imkn-jnlm |   3744 |   3744 |  2704 | 0.89 | 1.00 |      1241.8 |  1026.6 |   673.2 
   ijkl-imkn-njml |   3744 |   2704 |  3744 | 0.89 | 0.92 |      1180.7 |   987.6 |   651.8 
   ijkl-imln-jnkm |   3744 |   3744 |  2704 | 0.89 | 1.00 |      1232.8 |  1025.9 |   671.7 
   ijkl-imln-njmk |   3744 |   2704 |  3744 | 0.89 | 0.92 |      1178.4 |   982.2 |   651.4 
   ijkl-imnj-nlkm |   3744 |   2704 |  3744 | 0.89 | 0.92 |      1185.9 |   984.4 |   651.6 
   ijkl-imnk-njml |   3744 |   2704 |  3744 | 0.89 | 0.92 |      1182.1 |   986.0 |   649.9 
   ijkl-minj-nlmk |   3744 |   2704 |  5184 | 0.89 | 0.92 |      1009.6 |   844.2 |   628.0 
   ijkl-mink-jnlm |   3744 |   3744 |  3744 | 0.89 | 1.00 |      1071.4 |   879.4 |   645.9 
   ijkl-minl-njmk |   3744 |   2704 |  5184 | 0.89 | 0.92 |      1003.8 |   835.0 |   624.8 
     aqrs-pa-pqrs |     72 | 140608 |    72 | 1.00 | 1.00 |       728.2 |   811.2 |   579.6 
     abrs-qb-aqrs |     52 | 194688 |    72 | 0.89 | 1.00 |       177.5 |   149.6 |   121.7 
     abcs-rc-abrs |     52 | 194688 |    72 | 1.00 | 1.00 |       202.9 |   187.9 |   137.9 
       abj-bka-kj |  46656 |    204 |   216 | 0.96 | 1.00 |       279.7 |   302.6 |   332.2 
       ajb-kba-jk |  44064 |    216 |   216 | 0.96 | 1.00 |       589.8 |   584.4 |   512.3 
     abjc-cbka-kj | 269568 |     52 |    72 | 0.89 | 1.00 |        78.7 |    66.7 |    65.1 
     ajbc-ckba-jk | 269568 |     72 |    52 | 0.89 | 1.00 |        97.7 |   106.8 |   109.2 
     abjc-kbac-jk | 194688 |     72 |    72 | 0.89 | 1.00 |       278.9 |   205.3 |   163.5 
   abjcd-dkbac-jk | 331776 |     24 |    24 | 0.67 | 1.00 |        18.9 |    13.2 |    14.8 
   adbjc-cbdka-kj | 331776 |     24 |    24 | 0.67 | 1.00 |        23.7 |    19.2 |    20.0 
   ajbdc-ckbad-jk | 331776 |     24 |    24 | 1.00 | 1.00 |        22.8 |    13.0 |    14.8 
 abcijk-ijma-mkbc |   9216 |   4096 |    24 | 1.00 | 0.99 |       624.0 |   548.3 |   476.4 
 abcijk-ijmb-mkac |   6144 |   6144 |    24 | 1.00 | 0.88 |       651.2 |   564.2 |   509.0 
 abcijk-ijmc-mkab |   6144 |   6144 |    24 | 1.00 | 0.75 |       532.8 |   598.6 |   539.0 
 abcijk-ikma-mjbc |   9216 |   4096 |    24 | 1.00 | 0.99 |       641.1 |   559.3 |   477.3 
 abcijk-ikmb-mjac |   6144 |   6144 |    24 | 1.00 | 0.88 |       661.8 |   635.4 |   506.7 
 abcijk-ikmc-mjab |   6144 |   6144 |    24 | 1.00 | 0.75 |       638.7 |   631.6 |   544.7 
 abcijk-jkma-mibc |   9216 |   4096 |    24 | 1.00 | 0.99 |       642.5 |   592.9 |   478.4 
 abcijk-jkmb-miac |   6144 |   6144 |    24 | 1.00 | 0.88 |       646.7 |   642.5 |   508.5 
 abcijk-jkmc-miab |   6144 |   6144 |    24 | 1.00 | 0.75 |       681.3 |   661.1 |   548.6 
 abcijk-eiab-jkec |   6144 |   6144 |    24 | 1.00 | 0.75 |       687.4 |   670.6 |   539.4 
 abcijk-eiac-jkeb |   6144 |   6144 |    24 | 1.00 | 0.88 |       625.3 |   585.1 |   510.6 
 abcijk-eibc-jkea |   4096 |   9216 |    24 | 1.00 | 0.99 |       628.5 |   593.4 |   481.5 
 abcijk-ejab-ikec |   6144 |   6144 |    24 | 1.00 | 0.75 |       612.6 |   590.8 |   541.8 
 abcijk-ejac-ikeb |   6144 |   6144 |    24 | 1.00 | 0.88 |       670.7 |   636.3 |   502.8 
 abcijk-ejbc-ikea |   4096 |   9216 |    24 | 1.00 | 0.99 |       627.1 |   572.9 |   460.8 
 abcijk-ekab-ijec |   6144 |   6144 |    24 | 1.00 | 0.75 |       687.7 |   640.0 |   539.4 
 abcijk-ekac-ijeb |   6144 |   6144 |    24 | 1.00 | 0.88 |       663.8 |   641.7 |   509.0 
 abcijk-ekbc-ijea |   4096 |   9216 |    24 | 1.00 | 0.99 |       634.2 |   572.1 |   466.0 
       abc-bk-akc |    216 |  44064 |   204 | 0.96 | 1.00 |       498.5 |   404.4 |   456.7 

=== complex efficiency ratio (c64 GF/s over f64 GF/s; 1.0 = no penalty) ===
             case | planar c64/f64 | 1m c64/f64 | 3m c64/f64 
------------------+----------------+------------+------------
         ij-ik-kj |          1.077 |      0.920 |      0.755 
       ij-ikl-ljk |          1.407 |      1.206 |      1.187 
       ij-kil-lkj |          1.673 |      1.492 |      1.268 
       ijk-ikl-lj |          1.659 |      1.430 |      1.786 
       ijk-il-jlk |          1.421 |      1.254 |      0.802 
       ijk-ilk-jl |          1.370 |      1.088 |      1.235 
       ijk-ilk-lj |          1.256 |      1.017 |      1.144 
     ijk-ilmk-mjl |          2.001 |      1.549 |      1.250 
   ijkl-imjn-lnkm |          1.261 |      1.034 |      0.678 
   ijkl-imjn-nlmk |          1.155 |      0.959 |      0.638 
   ijkl-imkn-jnlm |          1.242 |      1.027 |      0.673 
   ijkl-imkn-njml |          1.147 |      0.959 |      0.633 
   ijkl-imln-jnkm |          1.226 |      1.020 |      0.668 
   ijkl-imln-njmk |          1.134 |      0.946 |      0.627 
   ijkl-imnj-nlkm |          1.162 |      0.964 |      0.638 
   ijkl-imnk-njml |          1.145 |      0.955 |      0.629 
   ijkl-minj-nlmk |          1.005 |      0.840 |      0.625 
   ijkl-mink-jnlm |          1.104 |      0.906 |      0.665 
   ijkl-minl-njmk |          1.017 |      0.846 |      0.633 
     aqrs-pa-pqrs |          1.510 |      1.682 |      1.202 
     abrs-qb-aqrs |          1.904 |      1.604 |      1.305 
     abcs-rc-abrs |          2.748 |      2.544 |      1.867 
       abj-bka-kj |          2.872 |      3.107 |      3.411 
       ajb-kba-jk |          1.505 |      1.491 |      1.307 
     abjc-cbka-kj |          2.219 |      1.881 |      1.837 
     ajbc-ckba-jk |          2.411 |      2.635 |      2.693 
     abjc-kbac-jk |          1.766 |      1.300 |      1.035 
   abjcd-dkbac-jk |          1.603 |      1.125 |      1.260 
   adbjc-cbdka-kj |          1.787 |      1.447 |      1.514 
   ajbdc-ckbad-jk |          1.891 |      1.083 |      1.228 
 abcijk-ijma-mkbc |          1.840 |      1.616 |      1.405 
 abcijk-ijmb-mkac |          1.946 |      1.686 |      1.521 
 abcijk-ijmc-mkab |          1.602 |      1.800 |      1.621 
 abcijk-ikma-mjbc |          1.855 |      1.618 |      1.381 
 abcijk-ikmb-mjac |          1.840 |      1.767 |      1.409 
 abcijk-ikmc-mjab |          1.821 |      1.801 |      1.553 
 abcijk-jkma-mibc |          1.896 |      1.750 |      1.412 
 abcijk-jkmb-miac |          1.914 |      1.902 |      1.505 
 abcijk-jkmc-miab |          1.914 |      1.857 |      1.541 
 abcijk-eiab-jkec |          1.960 |      1.912 |      1.538 
 abcijk-eiac-jkeb |          1.726 |      1.615 |      1.410 
 abcijk-eibc-jkea |          1.812 |      1.711 |      1.388 
 abcijk-ejab-ikec |          1.743 |      1.681 |      1.542 
 abcijk-ejac-ikeb |          2.207 |      2.094 |      1.655 
 abcijk-ejbc-ikea |          2.085 |      1.905 |      1.532 
 abcijk-ekab-ijec |          1.957 |      1.821 |      1.535 
 abcijk-ekac-ijeb |          1.896 |      1.833 |      1.454 
 abcijk-ekbc-ijea |          1.837 |      1.657 |      1.350 
       abc-bk-akc |          1.289 |      1.046 |      1.181 
             MEAN |          1.670 |      1.498 |      1.288 

wrote bench-results/worker6150-icelake/phase4f/th-t32-pn-f64c64.csv
