host        : worker6150
target      : x86_64 / linux
cpu features: avx2 fma avx512f avx512dq 
caches      : L1=48KiB/12-way/1sh L2=1280KiB/20-way/1sh L3=49152KiB/12-way/32sh (via sysfs), blocking=legacy
l3 domains  : t1=1 t4=1 t8=1 t16=1 t32=1 t64=2
baselines   : tblis=false blas=false

sweeping 49 cases at 64 MiB nominal tensor size, 3 reps, stress=none


=== f64 ===
             case |      m |      n |     k | regA | regB | planar GF/s | 1m GF/s | 3m GF/s 
------------------+--------+--------+-------+------+------+-------------+---------+---------
         ij-ik-kj |   2904 |   2896 |  2904 | 1.00 | 1.00 |      1000.1 |  1000.1 |  1000.1 
       ij-ikl-ljk |    216 |    204 | 44064 | 1.00 | 1.00 |       395.0 |   395.0 |   395.0 
       ij-kil-lkj |    216 |    204 | 46656 | 1.00 | 1.00 |       409.7 |   409.7 |   409.7 
       ijk-ikl-lj |  44064 |    204 |   216 | 1.00 | 1.00 |       812.5 |   812.5 |   812.5 
       ijk-il-jlk |    216 |  44064 |   204 | 1.00 | 1.00 |       833.8 |   833.8 |   833.8 
       ijk-ilk-jl |  44064 |    216 |   204 | 1.00 | 1.00 |       914.6 |   914.6 |   914.6 
       ijk-ilk-lj |  44064 |    204 |   216 | 1.00 | 1.00 |       586.8 |   586.8 |   586.8 
     ijk-ilmk-mjl |   3744 |     52 |  3744 | 1.00 | 1.00 |       423.0 |   423.0 |   423.0 
   ijkl-imjn-lnkm |   3744 |   3744 |  2704 | 1.00 | 0.92 |       991.1 |   991.1 |   991.1 
   ijkl-imjn-nlmk |   3744 |   2704 |  3744 | 1.00 | 0.92 |      1053.8 |  1053.8 |  1053.8 
   ijkl-imkn-jnlm |   3744 |   3744 |  2704 | 1.00 | 1.00 |      1027.6 |  1027.6 |  1027.6 
   ijkl-imkn-njml |   3744 |   2704 |  3744 | 1.00 | 0.92 |      1043.6 |  1043.6 |  1043.6 
   ijkl-imln-jnkm |   3744 |   3744 |  2704 | 1.00 | 1.00 |       965.6 |   965.6 |   965.6 
   ijkl-imln-njmk |   3744 |   2704 |  3744 | 1.00 | 0.92 |      1048.9 |  1048.9 |  1048.9 
   ijkl-imnj-nlkm |   3744 |   2704 |  3744 | 1.00 | 0.92 |      1028.8 |  1028.8 |  1028.8 
   ijkl-imnk-njml |   3744 |   2704 |  3744 | 1.00 | 0.92 |      1025.2 |  1025.2 |  1025.2 
   ijkl-minj-nlmk |   3744 |   2704 |  5184 | 1.00 | 0.92 |       997.5 |   997.5 |   997.5 
   ijkl-mink-jnlm |   3744 |   3744 |  3744 | 1.00 | 1.00 |      1015.3 |  1015.3 |  1015.3 
   ijkl-minl-njmk |   3744 |   2704 |  5184 | 1.00 | 0.92 |      1034.1 |  1034.1 |  1034.1 
     aqrs-pa-pqrs |     72 | 140608 |    72 | 1.00 | 1.00 |       367.1 |   367.1 |   367.1 
     abrs-qb-aqrs |     52 | 194688 |    72 | 1.00 | 1.00 |       422.4 |   422.4 |   422.4 
     abcs-rc-abrs |     52 | 194688 |    72 | 1.00 | 1.00 |       356.8 |   356.8 |   356.8 
       abj-bka-kj |  46656 |    204 |   216 | 1.00 | 1.00 |       593.9 |   593.9 |   593.9 
       ajb-kba-jk |  44064 |    216 |   216 | 1.00 | 1.00 |       735.4 |   735.4 |   735.4 
     abjc-cbka-kj | 269568 |     52 |    72 | 1.00 | 1.00 |       177.8 |   177.8 |   177.8 
     ajbc-ckba-jk | 269568 |     72 |    52 | 1.00 | 1.00 |       224.7 |   224.7 |   224.7 
     abjc-kbac-jk | 194688 |     72 |    72 | 1.00 | 1.00 |       393.3 |   393.3 |   393.3 
   abjcd-dkbac-jk | 331776 |     24 |    24 | 1.00 | 1.00 |        80.1 |    80.1 |    80.1 
   adbjc-cbdka-kj | 331776 |     24 |    24 | 1.00 | 1.00 |        62.9 |    62.9 |    62.9 
   ajbdc-ckbad-jk | 331776 |     24 |    24 | 1.00 | 1.00 |        84.9 |    84.9 |    84.9 
 abcijk-ijma-mkbc |   9216 |   4096 |    24 | 1.00 | 1.00 |       355.9 |   355.9 |   355.9 
 abcijk-ijmb-mkac |   6144 |   6144 |    24 | 1.00 | 1.00 |       350.1 |   350.1 |   350.1 
 abcijk-ijmc-mkab |   6144 |   6144 |    24 | 1.00 | 1.00 |       354.7 |   354.7 |   354.7 
 abcijk-ikma-mjbc |   9216 |   4096 |    24 | 1.00 | 1.00 |       340.0 |   340.0 |   340.0 
 abcijk-ikmb-mjac |   6144 |   6144 |    24 | 1.00 | 1.00 |       359.9 |   359.9 |   359.9 
 abcijk-ikmc-mjab |   6144 |   6144 |    24 | 1.00 | 1.00 |       359.2 |   359.2 |   359.2 
 abcijk-jkma-mibc |   9216 |   4096 |    24 | 1.00 | 1.00 |       345.3 |   345.3 |   345.3 
 abcijk-jkmb-miac |   6144 |   6144 |    24 | 1.00 | 1.00 |       313.6 |   313.6 |   313.6 
 abcijk-jkmc-miab |   6144 |   6144 |    24 | 1.00 | 1.00 |       339.1 |   339.1 |   339.1 
 abcijk-eiab-jkec |   6144 |   6144 |    24 | 1.00 | 1.00 |       276.0 |   276.0 |   276.0 
 abcijk-eiac-jkeb |   6144 |   6144 |    24 | 1.00 | 1.00 |       302.3 |   302.3 |   302.3 
 abcijk-eibc-jkea |   4096 |   9216 |    24 | 1.00 | 1.00 |       355.8 |   355.8 |   355.8 
 abcijk-ejab-ikec |   6144 |   6144 |    24 | 1.00 | 1.00 |       319.9 |   319.9 |   319.9 
 abcijk-ejac-ikeb |   6144 |   6144 |    24 | 1.00 | 1.00 |       353.5 |   353.5 |   353.5 
 abcijk-ejbc-ikea |   4096 |   9216 |    24 | 1.00 | 1.00 |       375.0 |   375.0 |   375.0 
 abcijk-ekab-ijec |   6144 |   6144 |    24 | 1.00 | 1.00 |       348.2 |   348.2 |   348.2 
 abcijk-ekac-ijeb |   6144 |   6144 |    24 | 1.00 | 1.00 |       357.1 |   357.1 |   357.1 
 abcijk-ekbc-ijea |   4096 |   9216 |    24 | 1.00 | 1.00 |       325.0 |   325.0 |   325.0 
       abc-bk-akc |    216 |  44064 |   204 | 1.00 | 1.00 |       895.5 |   895.5 |   895.5 

=== c64 ===
             case |      m |      n |     k | regA | regB | planar GF/s | 1m GF/s | 3m GF/s 
------------------+--------+--------+-------+------+------+-------------+---------+---------
         ij-ik-kj |   2904 |   2896 |  2904 | 1.00 | 1.00 |      1321.7 |  1188.2 |   979.6 
       ij-ikl-ljk |    216 |    204 | 44064 | 1.00 | 1.00 |       737.3 |   739.7 |   400.4 
       ij-kil-lkj |    216 |    204 | 46656 | 1.00 | 1.00 |       803.7 |   782.7 |   194.1 
       ijk-ikl-lj |  44064 |    204 |   216 | 1.00 | 1.00 |      1427.2 |  1276.7 |  1262.0 
       ijk-il-jlk |    216 |  44064 |   204 | 1.00 | 1.00 |      1315.9 |  1193.0 |   715.4 
       ijk-ilk-jl |  44064 |    216 |   204 | 0.96 | 1.00 |      1371.9 |  1421.5 |  1088.8 
       ijk-ilk-lj |  44064 |    204 |   216 | 0.96 | 1.00 |      1559.3 |  1377.0 |  1183.2 
     ijk-ilmk-mjl |   3744 |     52 |  3744 | 0.89 | 1.00 |       837.0 |   730.1 |   655.5 
   ijkl-imjn-lnkm |   3744 |   3744 |  2704 | 0.89 | 0.92 |      1456.6 |  1284.4 |  1063.3 
   ijkl-imjn-nlmk |   3744 |   2704 |  3744 | 0.89 | 0.92 |      1441.2 |  1273.4 |  1041.2 
   ijkl-imkn-jnlm |   3744 |   3744 |  2704 | 0.89 | 1.00 |      1436.9 |  1276.6 |  1055.3 
   ijkl-imkn-njml |   3744 |   2704 |  3744 | 0.89 | 0.92 |      1408.9 |  1256.4 |  1041.7 
   ijkl-imln-jnkm |   3744 |   3744 |  2704 | 0.89 | 1.00 |      1483.8 |  1289.6 |  1045.6 
   ijkl-imln-njmk |   3744 |   2704 |  3744 | 0.89 | 0.92 |      1423.9 |  1291.4 |  1055.9 
   ijkl-imnj-nlkm |   3744 |   2704 |  3744 | 0.89 | 0.92 |      1404.8 |  1263.7 |  1050.8 
   ijkl-imnk-njml |   3744 |   2704 |  3744 | 0.89 | 0.92 |      1415.8 |  1256.4 |  1048.7 
   ijkl-minj-nlmk |   3744 |   2704 |  5184 | 0.89 | 0.92 |      1440.0 |  1269.1 |  1055.9 
   ijkl-mink-jnlm |   3744 |   3744 |  3744 | 0.89 | 1.00 |      1457.2 |  1315.8 |  1067.6 
   ijkl-minl-njmk |   3744 |   2704 |  5184 | 0.89 | 0.92 |      1393.9 |  1272.5 |  1038.7 
     aqrs-pa-pqrs |     72 | 140608 |    72 | 1.00 | 1.00 |       864.2 |   742.9 |   579.3 
     abrs-qb-aqrs |     52 | 194688 |    72 | 0.89 | 1.00 |       862.2 |   862.1 |   705.5 
     abcs-rc-abrs |     52 | 194688 |    72 | 1.00 | 1.00 |       715.7 |   865.8 |   604.0 
       abj-bka-kj |  46656 |    204 |   216 | 0.96 | 1.00 |      1177.5 |  1005.0 |   978.6 
       ajb-kba-jk |  44064 |    216 |   216 | 0.96 | 1.00 |      1614.4 |  1415.0 |  1257.1 
     abjc-cbka-kj | 269568 |     52 |    72 | 0.89 | 1.00 |       529.6 |   397.5 |   406.8 
     ajbc-ckba-jk | 269568 |     72 |    52 | 0.89 | 1.00 |       553.9 |   523.1 |   508.9 
     abjc-kbac-jk | 194688 |     72 |    72 | 0.89 | 1.00 |      1051.1 |  1056.1 |   853.2 
   abjcd-dkbac-jk | 331776 |     24 |    24 | 0.67 | 1.00 |       211.2 |   192.3 |   179.2 
   adbjc-cbdka-kj | 331776 |     24 |    24 | 0.67 | 1.00 |       200.3 |   190.8 |   191.9 
   ajbdc-ckbad-jk | 331776 |     24 |    24 | 1.00 | 1.00 |       218.8 |   162.0 |   192.0 
 abcijk-ijma-mkbc |   9216 |   4096 |    24 | 1.00 | 0.99 |       703.4 |   677.4 |   626.9 
 abcijk-ijmb-mkac |   6144 |   6144 |    24 | 1.00 | 0.88 |       675.8 |   640.1 |   622.2 
 abcijk-ijmc-mkab |   6144 |   6144 |    24 | 1.00 | 0.75 |       615.0 |   582.8 |   562.9 
 abcijk-ikma-mjbc |   9216 |   4096 |    24 | 1.00 | 0.99 |       727.2 |   687.1 |   642.1 
 abcijk-ikmb-mjac |   6144 |   6144 |    24 | 1.00 | 0.88 |       679.4 |   643.7 |   601.8 
 abcijk-ikmc-mjab |   6144 |   6144 |    24 | 1.00 | 0.75 |       622.0 |   600.9 |   601.5 
 abcijk-jkma-mibc |   9216 |   4096 |    24 | 1.00 | 0.99 |       656.0 |   707.3 |   601.9 
 abcijk-jkmb-miac |   6144 |   6144 |    24 | 1.00 | 0.88 |       669.0 |   639.2 |   556.5 
 abcijk-jkmc-miab |   6144 |   6144 |    24 | 1.00 | 0.75 |       595.6 |   588.9 |   561.0 
 abcijk-eiab-jkec |   6144 |   6144 |    24 | 1.00 | 0.75 |       563.0 |   589.9 |   569.1 
 abcijk-eiac-jkeb |   6144 |   6144 |    24 | 1.00 | 0.88 |       661.6 |   655.0 |   559.7 
 abcijk-eibc-jkea |   4096 |   9216 |    24 | 1.00 | 0.99 |       658.9 |   671.3 |   640.8 
 abcijk-ejab-ikec |   6144 |   6144 |    24 | 1.00 | 0.75 |       599.5 |   600.2 |   579.4 
 abcijk-ejac-ikeb |   6144 |   6144 |    24 | 1.00 | 0.88 |       692.0 |   643.8 |   627.9 
 abcijk-ejbc-ikea |   4096 |   9216 |    24 | 1.00 | 0.99 |       691.7 |   667.2 |   634.1 
 abcijk-ekab-ijec |   6144 |   6144 |    24 | 1.00 | 0.75 |       595.0 |   605.8 |   599.5 
 abcijk-ekac-ijeb |   6144 |   6144 |    24 | 1.00 | 0.88 |       717.5 |   652.4 |   624.2 
 abcijk-ekbc-ijea |   4096 |   9216 |    24 | 1.00 | 0.99 |       715.3 |   663.7 |   632.4 
       abc-bk-akc |    216 |  44064 |   204 | 0.96 | 1.00 |      1145.7 |  1166.5 |  1275.4 

=== complex efficiency ratio (c64 GF/s over f64 GF/s; 1.0 = no penalty) ===
             case | planar c64/f64 | 1m c64/f64 | 3m c64/f64 
------------------+----------------+------------+------------
         ij-ik-kj |          1.322 |      1.188 |      0.980 
       ij-ikl-ljk |          1.866 |      1.872 |      1.014 
       ij-kil-lkj |          1.962 |      1.911 |      0.474 
       ijk-ikl-lj |          1.757 |      1.571 |      1.553 
       ijk-il-jlk |          1.578 |      1.431 |      0.858 
       ijk-ilk-jl |          1.500 |      1.554 |      1.190 
       ijk-ilk-lj |          2.657 |      2.347 |      2.016 
     ijk-ilmk-mjl |          1.979 |      1.726 |      1.550 
   ijkl-imjn-lnkm |          1.470 |      1.296 |      1.073 
   ijkl-imjn-nlmk |          1.368 |      1.208 |      0.988 
   ijkl-imkn-jnlm |          1.398 |      1.242 |      1.027 
   ijkl-imkn-njml |          1.350 |      1.204 |      0.998 
   ijkl-imln-jnkm |          1.537 |      1.335 |      1.083 
   ijkl-imln-njmk |          1.357 |      1.231 |      1.007 
   ijkl-imnj-nlkm |          1.365 |      1.228 |      1.021 
   ijkl-imnk-njml |          1.381 |      1.226 |      1.023 
   ijkl-minj-nlmk |          1.444 |      1.272 |      1.059 
   ijkl-mink-jnlm |          1.435 |      1.296 |      1.051 
   ijkl-minl-njmk |          1.348 |      1.231 |      1.004 
     aqrs-pa-pqrs |          2.354 |      2.024 |      1.578 
     abrs-qb-aqrs |          2.041 |      2.041 |      1.670 
     abcs-rc-abrs |          2.006 |      2.426 |      1.693 
       abj-bka-kj |          1.983 |      1.692 |      1.648 
       ajb-kba-jk |          2.195 |      1.924 |      1.709 
     abjc-cbka-kj |          2.979 |      2.236 |      2.288 
     ajbc-ckba-jk |          2.465 |      2.328 |      2.265 
     abjc-kbac-jk |          2.673 |      2.685 |      2.169 
   abjcd-dkbac-jk |          2.635 |      2.399 |      2.236 
   adbjc-cbdka-kj |          3.182 |      3.030 |      3.048 
   ajbdc-ckbad-jk |          2.576 |      1.908 |      2.260 
 abcijk-ijma-mkbc |          1.976 |      1.903 |      1.762 
 abcijk-ijmb-mkac |          1.930 |      1.829 |      1.777 
 abcijk-ijmc-mkab |          1.734 |      1.643 |      1.587 
 abcijk-ikma-mjbc |          2.139 |      2.021 |      1.888 
 abcijk-ikmb-mjac |          1.888 |      1.788 |      1.672 
 abcijk-ikmc-mjab |          1.731 |      1.673 |      1.674 
 abcijk-jkma-mibc |          1.900 |      2.049 |      1.743 
 abcijk-jkmb-miac |          2.133 |      2.038 |      1.774 
 abcijk-jkmc-miab |          1.756 |      1.737 |      1.654 
 abcijk-eiab-jkec |          2.040 |      2.137 |      2.061 
 abcijk-eiac-jkeb |          2.189 |      2.167 |      1.852 
 abcijk-eibc-jkea |          1.852 |      1.887 |      1.801 
 abcijk-ejab-ikec |          1.874 |      1.877 |      1.811 
 abcijk-ejac-ikeb |          1.958 |      1.821 |      1.776 
 abcijk-ejbc-ikea |          1.845 |      1.779 |      1.691 
 abcijk-ekab-ijec |          1.709 |      1.740 |      1.722 
 abcijk-ekac-ijeb |          2.009 |      1.827 |      1.748 
 abcijk-ekbc-ijea |          2.201 |      2.042 |      1.946 
       abc-bk-akc |          1.279 |      1.303 |      1.424 
             MEAN |          1.904 |      1.782 |      1.569 

wrote bench-results/worker6150-icelake/phase4f/th-t32-dom-f64c64.csv
