host        : worker5086
target      : x86_64 / linux
cpu features: avx2 fma 
caches      : L1=32KiB/8-way/1sh L2=512KiB/8-way/1sh L3=16384KiB/16-way/4sh (via sysfs), blocking=legacy
l3 domains  : t1=1 t4=1
baselines   : tblis=false blas=false

sweeping 49 cases at 16 MiB nominal tensor size, 3 reps, stress=none


=== f64 ===
             case |      m |     n |     k | regA | regB | planar GF/s | 1m GF/s | 3m GF/s 
------------------+--------+-------+-------+------+------+-------------+---------+---------
         ij-ik-kj |   1464 |  1448 |  1464 | 1.00 | 1.00 |        78.8 |    78.8 |    78.8 
       ij-ikl-ljk |    144 |   128 | 18432 | 1.00 | 1.00 |        49.0 |    49.0 |    49.0 
       ij-kil-lkj |    144 |   128 | 20736 | 1.00 | 1.00 |        47.5 |    47.5 |    47.5 
       ijk-ikl-lj |  18432 |   128 |   144 | 1.00 | 1.00 |        61.1 |    61.1 |    61.1 
       ijk-il-jlk |    144 | 18432 |   128 | 1.00 | 1.00 |        52.0 |    52.0 |    52.0 
       ijk-ilk-jl |  18432 |   144 |   128 | 1.00 | 1.00 |        61.7 |    61.7 |    61.7 
       ijk-ilk-lj |  18432 |   128 |   144 | 1.00 | 1.00 |        65.1 |    65.1 |    65.1 
     ijk-ilmk-mjl |   1920 |    40 |  1920 | 1.00 | 1.00 |        50.6 |    50.6 |    50.6 
   ijkl-imjn-lnkm |   1920 |  1920 |  1600 | 1.00 | 0.90 |        77.2 |    77.2 |    77.2 
   ijkl-imjn-nlmk |   1920 |  1600 |  1920 | 1.00 | 0.90 |        76.9 |    76.9 |    76.9 
   ijkl-imkn-jnlm |   1920 |  1920 |  1600 | 1.00 | 1.00 |        74.7 |    74.7 |    74.7 
   ijkl-imkn-njml |   1920 |  1600 |  1920 | 1.00 | 0.90 |        75.0 |    75.0 |    75.0 
   ijkl-imln-jnkm |   1920 |  1920 |  1600 | 1.00 | 1.00 |        75.3 |    75.3 |    75.3 
   ijkl-imln-njmk |   1920 |  1600 |  1920 | 1.00 | 0.90 |        75.1 |    75.1 |    75.1 
   ijkl-imnj-nlkm |   1920 |  1600 |  1920 | 1.00 | 0.90 |        77.6 |    77.6 |    77.6 
   ijkl-imnk-njml |   1920 |  1600 |  1920 | 1.00 | 0.90 |        75.5 |    75.5 |    75.5 
   ijkl-minj-nlmk |   1920 |  1600 |  2304 | 1.00 | 0.90 |        75.9 |    75.9 |    75.9 
   ijkl-mink-jnlm |   1920 |  1920 |  1920 | 1.00 | 1.00 |        73.8 |    73.8 |    73.8 
   ijkl-minl-njmk |   1920 |  1600 |  2304 | 1.00 | 0.90 |        75.1 |    75.1 |    75.1 
     aqrs-pa-pqrs |     48 | 64000 |    48 | 1.00 | 1.00 |        26.6 |    26.6 |    26.6 
     abrs-qb-aqrs |     40 | 76800 |    48 | 1.00 | 1.00 |        32.9 |    32.9 |    32.9 
     abcs-rc-abrs |     40 | 76800 |    48 | 1.00 | 1.00 |        30.5 |    30.5 |    30.5 
       abj-bka-kj |  20736 |   128 |   144 | 1.00 | 1.00 |        61.6 |    61.6 |    61.6 
       ajb-kba-jk |  18432 |   144 |   144 | 1.00 | 1.00 |        71.2 |    71.2 |    71.2 
     abjc-cbka-kj |  92160 |    40 |    48 | 1.00 | 1.00 |        22.7 |    22.7 |    22.7 
     ajbc-ckba-jk |  92160 |    48 |    40 | 1.00 | 1.00 |        29.5 |    29.5 |    29.5 
     abjc-kbac-jk |  76800 |    48 |    48 | 1.00 | 1.00 |        39.5 |    39.5 |    39.5 
   abjcd-dkbac-jk | 230400 |    24 |    20 | 1.00 | 1.00 |         9.5 |     9.5 |     9.5 
   adbjc-cbdka-kj | 230400 |    20 |    24 | 1.00 | 1.00 |         7.5 |     7.5 |     7.5 
   ajbdc-ckbad-jk | 230400 |    24 |    20 | 1.00 | 1.00 |         8.8 |     8.8 |     8.8 
 abcijk-ijma-mkbc |   6912 |  1728 |    24 | 1.00 | 1.00 |        40.8 |    40.8 |    40.8 
 abcijk-ijmb-mkac |   3456 |  3456 |    24 | 1.00 | 1.00 |        36.3 |    36.3 |    36.3 
 abcijk-ijmc-mkab |   3456 |  3456 |    24 | 1.00 | 1.00 |        44.1 |    44.1 |    44.1 
 abcijk-ikma-mjbc |   6912 |  1728 |    24 | 1.00 | 1.00 |        40.7 |    40.7 |    40.7 
 abcijk-ikmb-mjac |   3456 |  3456 |    24 | 1.00 | 1.00 |        36.1 |    36.1 |    36.1 
 abcijk-ikmc-mjab |   3456 |  3456 |    24 | 1.00 | 1.00 |        44.5 |    44.5 |    44.5 
 abcijk-jkma-mibc |   6912 |  1728 |    24 | 1.00 | 1.00 |        42.2 |    42.2 |    42.2 
 abcijk-jkmb-miac |   3456 |  3456 |    24 | 1.00 | 1.00 |        35.9 |    35.9 |    35.9 
 abcijk-jkmc-miab |   3456 |  3456 |    24 | 1.00 | 1.00 |        44.3 |    44.3 |    44.3 
 abcijk-eiab-jkec |   3456 |  3456 |    24 | 1.00 | 1.00 |        43.7 |    43.7 |    43.7 
 abcijk-eiac-jkeb |   3456 |  3456 |    24 | 1.00 | 1.00 |        35.4 |    35.4 |    35.4 
 abcijk-eibc-jkea |   1728 |  6912 |    24 | 1.00 | 1.00 |        42.0 |    42.0 |    42.0 
 abcijk-ejab-ikec |   3456 |  3456 |    24 | 1.00 | 1.00 |        44.3 |    44.3 |    44.3 
 abcijk-ejac-ikeb |   3456 |  3456 |    24 | 1.00 | 1.00 |        35.2 |    35.2 |    35.2 
 abcijk-ejbc-ikea |   1728 |  6912 |    24 | 1.00 | 1.00 |        40.6 |    40.6 |    40.6 
 abcijk-ekab-ijec |   3456 |  3456 |    24 | 1.00 | 1.00 |        43.7 |    43.7 |    43.7 
 abcijk-ekac-ijeb |   3456 |  3456 |    24 | 1.00 | 1.00 |        35.6 |    35.6 |    35.6 
 abcijk-ekbc-ijea |   1728 |  6912 |    24 | 1.00 | 1.00 |        40.4 |    40.4 |    40.4 
       abc-bk-akc |    144 | 18432 |   128 | 1.00 | 1.00 |        60.8 |    60.8 |    60.8 

=== c64 ===
             case |      m |     n |     k | regA | regB | planar GF/s | 1m GF/s | 3m GF/s 
------------------+--------+-------+-------+------+------+-------------+---------+---------
         ij-ik-kj |   1464 |  1448 |  1464 | 1.00 | 1.00 |        85.2 |    86.5 |    83.7 
       ij-ikl-ljk |    144 |   128 | 18432 | 1.00 | 1.00 |        64.5 |    70.9 |    59.3 
       ij-kil-lkj |    144 |   128 | 20736 | 1.00 | 1.00 |        66.3 |    69.0 |    68.1 
       ijk-ikl-lj |  18432 |   128 |   144 | 1.00 | 1.00 |        72.8 |    74.6 |    70.0 
       ijk-il-jlk |    144 | 18432 |   128 | 1.00 | 0.97 |        74.9 |    77.1 |    64.9 
       ijk-ilk-jl |  18432 |   144 |   128 | 1.00 | 1.00 |        78.2 |    82.8 |    69.1 
       ijk-ilk-lj |  18432 |   128 |   144 | 1.00 | 1.00 |        78.8 |    80.6 |    69.9 
     ijk-ilmk-mjl |   1920 |    40 |  1920 | 1.00 | 1.00 |        64.8 |    67.1 |    49.8 
   ijkl-imjn-lnkm |   1920 |  1920 |  1600 | 1.00 | 1.00 |        85.6 |    88.7 |    84.9 
   ijkl-imjn-nlmk |   1920 |  1600 |  1920 | 1.00 | 1.00 |        85.8 |    88.6 |    81.4 
   ijkl-imkn-jnlm |   1920 |  1920 |  1600 | 1.00 | 0.92 |        83.4 |    83.9 |    80.8 
   ijkl-imkn-njml |   1920 |  1600 |  1920 | 1.00 | 1.00 |        83.7 |    84.4 |    78.0 
   ijkl-imln-jnkm |   1920 |  1920 |  1600 | 1.00 | 0.92 |        83.5 |    84.3 |    80.9 
   ijkl-imln-njmk |   1920 |  1600 |  1920 | 1.00 | 1.00 |        84.0 |    84.9 |    77.8 
   ijkl-imnj-nlkm |   1920 |  1600 |  1920 | 1.00 | 1.00 |        85.5 |    88.7 |    81.3 
   ijkl-imnk-njml |   1920 |  1600 |  1920 | 1.00 | 1.00 |        84.0 |    85.1 |    78.2 
   ijkl-minj-nlmk |   1920 |  1600 |  2304 | 1.00 | 1.00 |        85.1 |    86.7 |    84.7 
   ijkl-mink-jnlm |   1920 |  1920 |  1920 | 1.00 | 0.92 |        83.1 |    83.9 |    80.6 
   ijkl-minl-njmk |   1920 |  1600 |  2304 | 1.00 | 1.00 |        82.6 |    82.2 |    81.0 
     aqrs-pa-pqrs |     48 | 64000 |    48 | 1.00 | 1.00 |        44.8 |    49.7 |    40.6 
     abrs-qb-aqrs |     40 | 76800 |    48 | 1.00 | 1.00 |        47.9 |    49.8 |    35.7 
     abcs-rc-abrs |     40 | 76800 |    48 | 1.00 | 1.00 |        52.9 |    56.4 |    46.7 
       abj-bka-kj |  20736 |   128 |   144 | 1.00 | 1.00 |        71.9 |    70.0 |    70.8 
       ajb-kba-jk |  18432 |   144 |   144 | 1.00 | 1.00 |        81.9 |    84.5 |    80.9 
     abjc-cbka-kj |  92160 |    40 |    48 | 1.00 | 1.00 |        31.5 |    26.5 |    28.9 
     ajbc-ckba-jk |  92160 |    48 |    40 | 1.00 | 1.00 |        31.1 |    29.0 |    29.9 
     abjc-kbac-jk |  76800 |    48 |    48 | 1.00 | 1.00 |        61.2 |    65.3 |    57.7 
   abjcd-dkbac-jk | 230400 |    24 |    20 | 1.00 | 1.00 |        21.2 |    19.3 |    19.0 
   adbjc-cbdka-kj | 230400 |    20 |    24 | 1.00 | 1.00 |        17.8 |    14.8 |    16.1 
   ajbdc-ckbad-jk | 230400 |    24 |    20 | 1.00 | 1.00 |        20.2 |    18.5 |    18.3 
 abcijk-ijma-mkbc |   6912 |  1728 |    24 | 1.00 | 0.97 |        51.5 |    56.2 |    43.1 
 abcijk-ijmb-mkac |   3456 |  3456 |    24 | 1.00 | 0.67 |        51.0 |    55.4 |    42.7 
 abcijk-ijmc-mkab |   3456 |  3456 |    24 | 1.00 | 0.67 |        57.6 |    65.0 |    47.7 
 abcijk-ikma-mjbc |   6912 |  1728 |    24 | 1.00 | 0.97 |        51.4 |    56.0 |    43.1 
 abcijk-ikmb-mjac |   3456 |  3456 |    24 | 1.00 | 0.67 |        51.0 |    55.4 |    42.9 
 abcijk-ikmc-mjab |   3456 |  3456 |    24 | 1.00 | 0.67 |        57.6 |    65.1 |    47.7 
 abcijk-jkma-mibc |   6912 |  1728 |    24 | 1.00 | 0.97 |        51.8 |    56.3 |    43.5 
 abcijk-jkmb-miac |   3456 |  3456 |    24 | 1.00 | 0.67 |        51.2 |    55.5 |    43.0 
 abcijk-jkmc-miab |   3456 |  3456 |    24 | 1.00 | 0.67 |        57.4 |    64.8 |    47.7 
 abcijk-eiab-jkec |   3456 |  3456 |    24 | 1.00 | 0.67 |        57.3 |    64.8 |    47.3 
 abcijk-eiac-jkeb |   3456 |  3456 |    24 | 1.00 | 0.67 |        50.9 |    55.3 |    42.5 
 abcijk-eibc-jkea |   1728 |  6912 |    24 | 1.00 | 0.97 |        51.4 |    55.4 |    43.0 
 abcijk-ejab-ikec |   3456 |  3456 |    24 | 1.00 | 0.67 |        57.3 |    65.0 |    47.3 
 abcijk-ejac-ikeb |   3456 |  3456 |    24 | 1.00 | 0.67 |        50.4 |    54.9 |    42.0 
 abcijk-ejbc-ikea |   1728 |  6912 |    24 | 1.00 | 0.97 |        51.1 |    55.6 |    42.7 
 abcijk-ekab-ijec |   3456 |  3456 |    24 | 1.00 | 0.67 |        57.3 |    65.1 |    47.3 
 abcijk-ekac-ijeb |   3456 |  3456 |    24 | 1.00 | 0.67 |        50.6 |    55.1 |    42.3 
 abcijk-ekbc-ijea |   1728 |  6912 |    24 | 1.00 | 0.97 |        51.1 |    55.5 |    42.6 
       abc-bk-akc |    144 | 18432 |   128 | 1.00 | 1.00 |        76.1 |    78.6 |    72.6 

=== complex efficiency ratio (c64 GF/s over f64 GF/s; 1.0 = no penalty) ===
             case | planar c64/f64 | 1m c64/f64 | 3m c64/f64 
------------------+----------------+------------+------------
         ij-ik-kj |          1.081 |      1.098 |      1.062 
       ij-ikl-ljk |          1.315 |      1.445 |      1.208 
       ij-kil-lkj |          1.396 |      1.455 |      1.435 
       ijk-ikl-lj |          1.190 |      1.220 |      1.146 
       ijk-il-jlk |          1.438 |      1.481 |      1.247 
       ijk-ilk-jl |          1.268 |      1.342 |      1.121 
       ijk-ilk-lj |          1.211 |      1.239 |      1.075 
     ijk-ilmk-mjl |          1.281 |      1.327 |      0.985 
   ijkl-imjn-lnkm |          1.110 |      1.150 |      1.100 
   ijkl-imjn-nlmk |          1.115 |      1.152 |      1.059 
   ijkl-imkn-jnlm |          1.117 |      1.123 |      1.082 
   ijkl-imkn-njml |          1.116 |      1.127 |      1.041 
   ijkl-imln-jnkm |          1.109 |      1.119 |      1.074 
   ijkl-imln-njmk |          1.119 |      1.131 |      1.036 
   ijkl-imnj-nlkm |          1.102 |      1.142 |      1.047 
   ijkl-imnk-njml |          1.113 |      1.127 |      1.036 
   ijkl-minj-nlmk |          1.122 |      1.142 |      1.116 
   ijkl-mink-jnlm |          1.126 |      1.138 |      1.092 
   ijkl-minl-njmk |          1.101 |      1.096 |      1.079 
     aqrs-pa-pqrs |          1.685 |      1.867 |      1.528 
     abrs-qb-aqrs |          1.456 |      1.516 |      1.087 
     abcs-rc-abrs |          1.732 |      1.849 |      1.529 
       abj-bka-kj |          1.167 |      1.136 |      1.149 
       ajb-kba-jk |          1.151 |      1.187 |      1.136 
     abjc-cbka-kj |          1.386 |      1.165 |      1.269 
     ajbc-ckba-jk |          1.054 |      0.980 |      1.012 
     abjc-kbac-jk |          1.550 |      1.654 |      1.460 
   abjcd-dkbac-jk |          2.233 |      2.027 |      2.002 
   adbjc-cbdka-kj |          2.366 |      1.966 |      2.140 
   ajbdc-ckbad-jk |          2.302 |      2.106 |      2.083 
 abcijk-ijma-mkbc |          1.264 |      1.378 |      1.058 
 abcijk-ijmb-mkac |          1.407 |      1.529 |      1.177 
 abcijk-ijmc-mkab |          1.304 |      1.473 |      1.081 
 abcijk-ikma-mjbc |          1.262 |      1.375 |      1.058 
 abcijk-ikmb-mjac |          1.414 |      1.536 |      1.188 
 abcijk-ikmc-mjab |          1.295 |      1.462 |      1.071 
 abcijk-jkma-mibc |          1.226 |      1.333 |      1.029 
 abcijk-jkmb-miac |          1.423 |      1.543 |      1.196 
 abcijk-jkmc-miab |          1.298 |      1.463 |      1.078 
 abcijk-eiab-jkec |          1.312 |      1.485 |      1.084 
 abcijk-eiac-jkeb |          1.436 |      1.560 |      1.200 
 abcijk-eibc-jkea |          1.224 |      1.321 |      1.024 
 abcijk-ejab-ikec |          1.292 |      1.467 |      1.066 
 abcijk-ejac-ikeb |          1.435 |      1.561 |      1.196 
 abcijk-ejbc-ikea |          1.258 |      1.367 |      1.050 
 abcijk-ekab-ijec |          1.313 |      1.490 |      1.084 
 abcijk-ekac-ijeb |          1.420 |      1.544 |      1.187 
 abcijk-ekbc-ijea |          1.266 |      1.373 |      1.055 
       abc-bk-akc |          1.252 |      1.293 |      1.194 
             MEAN |          1.339 |      1.389 |      1.194 

wrote bench-results/worker5086-zen2/phase4g/sm-both-s16-t2-f64c64.csv
