host        : worker5086
target      : x86_64 / linux
cpu features: avx2 fma 
caches      : L1=32KiB/8-way/1sh L2=512KiB/8-way/1sh L3=16384KiB/16-way/4sh (via sysfs), blocking=legacy
l3 domains  : t1=1 t4=1 t8=2 t16=4
baselines   : tblis=false blas=false

sweeping 49 cases at 1 MiB nominal tensor size, 24 reps, stress=none


=== f64 ===
             case |     m |    n |    k | regA | regB | planar GF/s | 1m GF/s | 3m GF/s 
------------------+-------+------+------+------+------+-------------+---------+---------
         ij-ik-kj |   384 |  364 |  384 | 1.00 | 1.00 |       163.5 |   163.5 |   163.5 
       ij-ikl-ljk |    72 |   52 | 3744 | 1.00 | 1.00 |        28.7 |    28.7 |    28.7 
       ij-kil-lkj |    72 |   52 | 5184 | 1.00 | 1.00 |        39.3 |    39.3 |    39.3 
       ijk-ikl-lj |  3744 |   52 |   72 | 1.00 | 1.00 |       107.4 |   107.4 |   107.4 
       ijk-il-jlk |    72 | 3744 |   52 | 1.00 | 1.00 |        53.3 |    53.3 |    53.3 
       ijk-ilk-jl |  3744 |   72 |   52 | 1.00 | 1.00 |       112.9 |   112.9 |   112.9 
       ijk-ilk-lj |  3744 |   52 |   72 | 1.00 | 1.00 |       111.3 |   111.3 |   111.3 
     ijk-ilmk-mjl |   480 |   20 |  480 | 1.00 | 1.00 |        23.6 |    23.6 |    23.6 
   ijkl-imjn-lnkm |   480 |  480 |  400 | 1.00 | 0.80 |       189.5 |   189.5 |   189.5 
   ijkl-imjn-nlmk |   480 |  400 |  480 | 1.00 | 0.81 |       201.5 |   201.5 |   201.5 
   ijkl-imkn-jnlm |   480 |  480 |  400 | 1.00 | 1.00 |       238.7 |   238.7 |   238.7 
   ijkl-imkn-njml |   480 |  400 |  480 | 1.00 | 0.81 |       232.2 |   232.2 |   232.2 
   ijkl-imln-jnkm |   480 |  480 |  400 | 1.00 | 1.00 |       249.6 |   249.6 |   249.6 
   ijkl-imln-njmk |   480 |  400 |  480 | 1.00 | 0.81 |       235.5 |   235.5 |   235.5 
   ijkl-imnj-nlkm |   480 |  400 |  480 | 1.00 | 0.81 |       202.0 |   202.0 |   202.0 
   ijkl-imnk-njml |   480 |  400 |  480 | 1.00 | 0.81 |       235.0 |   235.0 |   235.0 
   ijkl-minj-nlmk |   480 |  400 |  576 | 1.00 | 0.81 |       184.9 |   184.9 |   184.9 
   ijkl-mink-jnlm |   480 |  480 |  480 | 1.00 | 1.00 |       257.5 |   257.5 |   257.5 
   ijkl-minl-njmk |   480 |  400 |  576 | 1.00 | 0.81 |       230.6 |   230.6 |   230.6 
     aqrs-pa-pqrs |    24 | 8000 |   24 | 1.00 | 1.00 |        16.6 |    16.6 |    16.6 
     abrs-qb-aqrs |    20 | 9600 |   24 | 1.00 | 1.00 |        16.3 |    16.3 |    16.3 
     abcs-rc-abrs |    20 | 9600 |   24 | 1.00 | 1.00 |        16.3 |    16.3 |    16.3 
       abj-bka-kj |  5184 |   52 |   72 | 1.00 | 1.00 |       127.5 |   127.5 |   127.5 
       ajb-kba-jk |  3744 |   72 |   72 | 1.00 | 1.00 |       167.6 |   167.6 |   167.6 
     abjc-cbka-kj | 11520 |   20 |   24 | 1.00 | 1.00 |        13.0 |    13.0 |    13.0 
     ajbc-ckba-jk | 11520 |   24 |   20 | 1.00 | 1.00 |        15.4 |    15.4 |    15.4 
     abjc-kbac-jk |  9600 |   24 |   24 | 1.00 | 1.00 |        17.9 |    17.9 |    17.9 
   abjcd-dkbac-jk | 82944 |   24 |   12 | 1.00 | 1.00 |        41.1 |    41.1 |    41.1 
   adbjc-cbdka-kj | 82944 |   12 |   24 | 1.00 | 1.00 |        20.1 |    20.1 |    20.1 
   ajbdc-ckbad-jk | 82944 |   24 |   12 | 1.00 | 1.00 |        34.5 |    34.5 |    34.5 
 abcijk-ijma-mkbc |  4608 |  512 |   24 | 1.00 | 0.94 |       142.3 |   142.3 |   142.3 
 abcijk-ijmb-mkac |  1536 | 1536 |   24 | 1.00 | 0.50 |       185.8 |   185.8 |   185.8 
 abcijk-ijmc-mkab |  1536 | 1536 |   24 | 1.00 | 0.50 |       185.6 |   185.6 |   185.6 
 abcijk-ikma-mjbc |  4608 |  512 |   24 | 1.00 | 0.94 |       140.4 |   140.4 |   140.4 
 abcijk-ikmb-mjac |  1536 | 1536 |   24 | 1.00 | 0.50 |       191.3 |   191.3 |   191.3 
 abcijk-ikmc-mjab |  1536 | 1536 |   24 | 1.00 | 0.50 |       191.8 |   191.8 |   191.8 
 abcijk-jkma-mibc |  4608 |  512 |   24 | 1.00 | 0.94 |       137.2 |   137.2 |   137.2 
 abcijk-jkmb-miac |  1536 | 1536 |   24 | 1.00 | 0.50 |       191.2 |   191.2 |   191.2 
 abcijk-jkmc-miab |  1536 | 1536 |   24 | 1.00 | 0.50 |       192.0 |   192.0 |   192.0 
 abcijk-eiab-jkec |  1536 | 1536 |   24 | 1.00 | 0.50 |       189.1 |   189.1 |   189.1 
 abcijk-eiac-jkeb |  1536 | 1536 |   24 | 1.00 | 0.50 |       190.8 |   190.8 |   190.8 
 abcijk-eibc-jkea |   512 | 4608 |   24 | 1.00 | 0.94 |       139.2 |   139.2 |   139.2 
 abcijk-ejab-ikec |  1536 | 1536 |   24 | 1.00 | 0.50 |       190.4 |   190.4 |   190.4 
 abcijk-ejac-ikeb |  1536 | 1536 |   24 | 1.00 | 0.50 |       190.5 |   190.5 |   190.5 
 abcijk-ejbc-ikea |   512 | 4608 |   24 | 1.00 | 0.94 |       141.1 |   141.1 |   141.1 
 abcijk-ekab-ijec |  1536 | 1536 |   24 | 1.00 | 0.50 |       188.9 |   188.9 |   188.9 
 abcijk-ekac-ijeb |  1536 | 1536 |   24 | 1.00 | 0.50 |       188.0 |   188.0 |   188.0 
 abcijk-ekbc-ijea |   512 | 4608 |   24 | 1.00 | 0.94 |       142.3 |   142.3 |   142.3 
       abc-bk-akc |    72 | 3744 |   52 | 1.00 | 1.00 |       113.4 |   113.4 |   113.4 

=== c64 ===
             case |     m |    n |    k | regA | regB | planar GF/s | 1m GF/s | 3m GF/s 
------------------+-------+------+------+------+------+-------------+---------+---------
         ij-ik-kj |   384 |  364 |  384 | 1.00 | 1.00 |       250.2 |   253.1 |   213.1 
       ij-ikl-ljk |    72 |   52 | 3744 | 1.00 | 1.00 |       105.8 |   107.2 |    92.5 
       ij-kil-lkj |    72 |   52 | 5184 | 1.00 | 1.00 |       109.2 |   109.4 |    96.6 
       ijk-ikl-lj |  3744 |   52 |   72 | 1.00 | 1.00 |       241.8 |   254.4 |   239.9 
       ijk-il-jlk |    72 | 3744 |   52 | 1.00 | 0.95 |       248.9 |   270.2 |   219.4 
       ijk-ilk-jl |  3744 |   72 |   52 | 1.00 | 1.00 |       164.0 |   130.0 |   133.6 
       ijk-ilk-lj |  3744 |   52 |   72 | 1.00 | 1.00 |       245.3 |   260.8 |   243.8 
     ijk-ilmk-mjl |   480 |   20 |  480 | 1.00 | 1.00 |       146.6 |   128.1 |   103.4 
   ijkl-imjn-lnkm |   480 |  480 |  400 | 1.00 | 1.00 |       289.1 |   287.5 |   256.5 
   ijkl-imjn-nlmk |   480 |  400 |  480 | 1.00 | 1.00 |       289.0 |   296.4 |   264.1 
   ijkl-imkn-jnlm |   480 |  480 |  400 | 1.00 | 0.83 |       293.3 |   303.4 |   273.2 
   ijkl-imkn-njml |   480 |  400 |  480 | 1.00 | 1.00 |       294.0 |   303.3 |   271.7 
   ijkl-imln-jnkm |   480 |  480 |  400 | 1.00 | 0.83 |       277.3 |   302.7 |   278.8 
   ijkl-imln-njmk |   480 |  400 |  480 | 1.00 | 1.00 |       294.8 |   301.2 |   256.6 
   ijkl-imnj-nlkm |   480 |  400 |  480 | 1.00 | 1.00 |       286.7 |   296.1 |   258.2 
   ijkl-imnk-njml |   480 |  400 |  480 | 1.00 | 1.00 |       297.0 |   302.6 |   273.2 
   ijkl-minj-nlmk |   480 |  400 |  576 | 1.00 | 1.00 |       282.6 |   276.9 |   269.4 
   ijkl-mink-jnlm |   480 |  480 |  480 | 1.00 | 0.83 |       308.4 |   307.6 |   276.9 
   ijkl-minl-njmk |   480 |  400 |  576 | 1.00 | 1.00 |       290.5 |   296.6 |   266.8 
     aqrs-pa-pqrs |    24 | 8000 |   24 | 1.00 | 1.00 |       129.5 |   142.3 |    21.7 
     abrs-qb-aqrs |    20 | 9600 |   24 | 1.00 | 1.00 |       116.9 |   109.4 |    72.0 
     abcs-rc-abrs |    20 | 9600 |   24 | 1.00 | 1.00 |       113.7 |   106.6 |    71.5 
       abj-bka-kj |  5184 |   52 |   72 | 1.00 | 1.00 |       223.3 |   240.6 |   227.5 
       ajb-kba-jk |  3744 |   72 |   72 | 1.00 | 1.00 |       258.1 |   282.3 |   251.0 
     abjc-cbka-kj | 11520 |   20 |   24 | 1.00 | 1.00 |       115.0 |   109.3 |    39.0 
     ajbc-ckba-jk | 11520 |   24 |   20 | 1.00 | 1.00 |       115.1 |   124.5 |    37.8 
     abjc-kbac-jk |  9600 |   24 |   24 | 1.00 | 1.00 |       126.9 |   139.0 |    41.5 
   abjcd-dkbac-jk | 82944 |   24 |   12 | 1.00 | 1.00 |        51.4 |    48.8 |    47.6 
   adbjc-cbdka-kj | 82944 |   12 |   24 | 1.00 | 1.00 |        31.3 |    28.5 |    30.7 
   ajbdc-ckbad-jk | 82944 |   24 |   12 | 1.00 | 1.00 |        54.4 |    53.2 |    50.3 
 abcijk-ijma-mkbc |  4608 |  512 |   24 | 1.00 | 0.94 |       148.0 |   150.8 |   137.9 
 abcijk-ijmb-mkac |  1536 | 1536 |   24 | 1.00 | 0.50 |       164.0 |   181.9 |   140.1 
 abcijk-ijmc-mkab |  1536 | 1536 |   24 | 1.00 | 0.50 |       195.4 |   213.7 |   168.2 
 abcijk-ikma-mjbc |  4608 |  512 |   24 | 1.00 | 0.94 |       154.4 |   156.8 |   142.2 
 abcijk-ikmb-mjac |  1536 | 1536 |   24 | 1.00 | 0.50 |       158.2 |   175.5 |   144.8 
 abcijk-ikmc-mjab |  1536 | 1536 |   24 | 1.00 | 0.50 |       194.6 |   218.2 |   170.7 
 abcijk-jkma-mibc |  4608 |  512 |   24 | 1.00 | 0.94 |       156.5 |   159.5 |   141.8 
 abcijk-jkmb-miac |  1536 | 1536 |   24 | 1.00 | 0.50 |       160.7 |   168.1 |   141.3 
 abcijk-jkmc-miab |  1536 | 1536 |   24 | 1.00 | 0.50 |       196.4 |   212.6 |   172.0 
 abcijk-eiab-jkec |  1536 | 1536 |   24 | 1.00 | 0.50 |       195.8 |   213.1 |   170.7 
 abcijk-eiac-jkeb |  1536 | 1536 |   24 | 1.00 | 0.50 |       161.0 |   170.0 |   141.0 
 abcijk-eibc-jkea |   512 | 4608 |   24 | 1.00 | 0.94 |       156.2 |   159.5 |   142.7 
 abcijk-ejab-ikec |  1536 | 1536 |   24 | 1.00 | 0.50 |       195.6 |   218.7 |   170.7 
 abcijk-ejac-ikeb |  1536 | 1536 |   24 | 1.00 | 0.50 |       157.4 |   175.0 |   144.3 
 abcijk-ejbc-ikea |   512 | 4608 |   24 | 1.00 | 0.94 |       154.4 |   157.8 |   140.5 
 abcijk-ekab-ijec |  1536 | 1536 |   24 | 1.00 | 0.50 |       196.1 |   213.0 |   170.0 
 abcijk-ekac-ijeb |  1536 | 1536 |   24 | 1.00 | 0.50 |       165.2 |   183.8 |   138.8 
 abcijk-ekbc-ijea |   512 | 4608 |   24 | 1.00 | 0.94 |       148.5 |   152.1 |   139.9 
       abc-bk-akc |    72 | 3744 |   52 | 1.00 | 1.00 |       164.7 |   129.6 |   129.3 

=== complex efficiency ratio (c64 GF/s over f64 GF/s; 1.0 = no penalty) ===
             case | planar c64/f64 | 1m c64/f64 | 3m c64/f64 
------------------+----------------+------------+------------
         ij-ik-kj |          1.530 |      1.548 |      1.303 
       ij-ikl-ljk |          3.689 |      3.737 |      3.227 
       ij-kil-lkj |          2.775 |      2.780 |      2.456 
       ijk-ikl-lj |          2.252 |      2.370 |      2.235 
       ijk-il-jlk |          4.672 |      5.071 |      4.119 
       ijk-ilk-jl |          1.452 |      1.151 |      1.183 
       ijk-ilk-lj |          2.203 |      2.343 |      2.190 
     ijk-ilmk-mjl |          6.213 |      5.431 |      4.381 
   ijkl-imjn-lnkm |          1.525 |      1.517 |      1.353 
   ijkl-imjn-nlmk |          1.434 |      1.471 |      1.311 
   ijkl-imkn-jnlm |          1.229 |      1.271 |      1.145 
   ijkl-imkn-njml |          1.266 |      1.306 |      1.170 
   ijkl-imln-jnkm |          1.111 |      1.213 |      1.117 
   ijkl-imln-njmk |          1.252 |      1.279 |      1.089 
   ijkl-imnj-nlkm |          1.419 |      1.466 |      1.278 
   ijkl-imnk-njml |          1.264 |      1.287 |      1.162 
   ijkl-minj-nlmk |          1.528 |      1.497 |      1.457 
   ijkl-mink-jnlm |          1.198 |      1.195 |      1.076 
   ijkl-minl-njmk |          1.260 |      1.286 |      1.157 
     aqrs-pa-pqrs |          7.795 |      8.569 |      1.303 
     abrs-qb-aqrs |          7.167 |      6.706 |      4.415 
     abcs-rc-abrs |          6.968 |      6.532 |      4.378 
       abj-bka-kj |          1.751 |      1.887 |      1.784 
       ajb-kba-jk |          1.540 |      1.685 |      1.498 
     abjc-cbka-kj |          8.816 |      8.380 |      2.992 
     ajbc-ckba-jk |          7.501 |      8.110 |      2.460 
     abjc-kbac-jk |          7.089 |      7.766 |      2.316 
   abjcd-dkbac-jk |          1.251 |      1.189 |      1.159 
   adbjc-cbdka-kj |          1.555 |      1.414 |      1.527 
   ajbdc-ckbad-jk |          1.575 |      1.540 |      1.456 
 abcijk-ijma-mkbc |          1.040 |      1.060 |      0.969 
 abcijk-ijmb-mkac |          0.883 |      0.979 |      0.754 
 abcijk-ijmc-mkab |          1.053 |      1.151 |      0.906 
 abcijk-ikma-mjbc |          1.100 |      1.117 |      1.013 
 abcijk-ikmb-mjac |          0.827 |      0.918 |      0.757 
 abcijk-ikmc-mjab |          1.015 |      1.138 |      0.890 
 abcijk-jkma-mibc |          1.141 |      1.163 |      1.033 
 abcijk-jkmb-miac |          0.840 |      0.879 |      0.739 
 abcijk-jkmc-miab |          1.023 |      1.107 |      0.896 
 abcijk-eiab-jkec |          1.035 |      1.127 |      0.903 
 abcijk-eiac-jkeb |          0.844 |      0.891 |      0.739 
 abcijk-eibc-jkea |          1.122 |      1.146 |      1.025 
 abcijk-ejab-ikec |          1.027 |      1.149 |      0.897 
 abcijk-ejac-ikeb |          0.826 |      0.919 |      0.758 
 abcijk-ejbc-ikea |          1.094 |      1.118 |      0.996 
 abcijk-ekab-ijec |          1.038 |      1.128 |      0.900 
 abcijk-ekac-ijeb |          0.879 |      0.978 |      0.738 
 abcijk-ekbc-ijea |          1.043 |      1.069 |      0.983 
       abc-bk-akc |          1.452 |      1.143 |      1.140 
             MEAN |          2.277 |      2.310 |      1.566 

wrote bench-results/worker5086-zen2/phase4g/sm-both-s1-t8-f64c64.csv
