host        : worker5086
target      : x86_64 / linux
cpu features: avx2 fma 
caches      : L1=32KiB/8-way/1sh L2=512KiB/8-way/1sh L3=16384KiB/16-way/4sh (via sysfs), blocking=legacy
l3 domains  : t1=1 t4=1 t8=2
baselines   : tblis=false blas=false

sweeping 49 cases at 1 MiB nominal tensor size, 24 reps, stress=none


=== f32 ===
             case |     m |    n |    k | regA | regB | planar GF/s | 1m GF/s | 3m GF/s 
------------------+-------+------+------+------+------+-------------+---------+---------
         ij-ik-kj |   384 |  364 |  384 | 1.00 | 1.00 |       299.6 |   299.6 |   299.6 
       ij-ikl-ljk |    72 |   52 | 3744 | 1.00 | 1.00 |        84.8 |    84.8 |    84.8 
       ij-kil-lkj |    72 |   52 | 5184 | 1.00 | 1.00 |        83.4 |    83.4 |    83.4 
       ijk-ikl-lj |  3744 |   52 |   72 | 1.00 | 1.00 |       205.6 |   205.6 |   205.6 
       ijk-il-jlk |    72 | 3744 |   52 | 1.00 | 1.00 |       105.8 |   105.8 |   105.8 
       ijk-ilk-jl |  3744 |   72 |   52 | 0.89 | 1.00 |       209.3 |   209.3 |   209.3 
       ijk-ilk-lj |  3744 |   52 |   72 | 0.89 | 1.00 |       207.6 |   207.6 |   207.6 
     ijk-ilmk-mjl |   480 |   20 |  480 | 0.67 | 1.00 |        40.8 |    40.8 |    40.8 
   ijkl-imjn-lnkm |   480 |  480 |  400 | 0.67 | 0.80 |       263.7 |   263.7 |   263.7 
   ijkl-imjn-nlmk |   480 |  400 |  480 | 0.67 | 0.81 |       268.6 |   268.6 |   268.6 
   ijkl-imkn-jnlm |   480 |  480 |  400 | 0.67 | 1.00 |       272.8 |   272.8 |   272.8 
   ijkl-imkn-njml |   480 |  400 |  480 | 0.67 | 0.81 |       269.2 |   269.2 |   269.2 
   ijkl-imln-jnkm |   480 |  480 |  400 | 0.67 | 1.00 |       273.6 |   273.6 |   273.6 
   ijkl-imln-njmk |   480 |  400 |  480 | 0.67 | 0.81 |       271.4 |   271.4 |   271.4 
   ijkl-imnj-nlkm |   480 |  400 |  480 | 0.67 | 0.81 |       272.5 |   272.5 |   272.5 
   ijkl-imnk-njml |   480 |  400 |  480 | 0.67 | 0.81 |       273.6 |   273.6 |   273.6 
   ijkl-minj-nlmk |   480 |  400 |  576 | 0.67 | 0.81 |       276.8 |   276.8 |   276.8 
   ijkl-mink-jnlm |   480 |  480 |  480 | 0.67 | 1.00 |       278.7 |   278.7 |   278.7 
   ijkl-minl-njmk |   480 |  400 |  576 | 0.67 | 0.81 |       280.2 |   280.2 |   280.2 
     aqrs-pa-pqrs |    24 | 8000 |   24 | 1.00 | 1.00 |        21.0 |    21.0 |    21.0 
     abrs-qb-aqrs |    20 | 9600 |   24 | 1.00 | 1.00 |        25.4 |    25.4 |    25.4 
     abcs-rc-abrs |    20 | 9600 |   24 | 1.00 | 1.00 |        32.1 |    32.1 |    32.1 
       abj-bka-kj |  5184 |   52 |   72 | 0.89 | 1.00 |       172.3 |   172.3 |   172.3 
       ajb-kba-jk |  3744 |   72 |   72 | 0.89 | 1.00 |       217.5 |   217.5 |   217.5 
     abjc-cbka-kj | 11520 |   20 |   24 | 0.67 | 1.00 |        20.9 |    20.9 |    20.9 
     ajbc-ckba-jk | 11520 |   24 |   20 | 1.00 | 1.00 |        17.8 |    17.8 |    17.8 
     abjc-kbac-jk |  9600 |   24 |   24 | 0.67 | 1.00 |        31.0 |    31.0 |    31.0 
   abjcd-dkbac-jk | 82944 |   24 |   12 | 0.67 | 1.00 |        53.4 |    53.4 |    53.4 
   adbjc-cbdka-kj | 82944 |   12 |   24 | 0.67 | 1.00 |        28.0 |    28.0 |    28.0 
   ajbdc-ckbad-jk | 82944 |   24 |   12 | 1.00 | 1.00 |        49.1 |    49.1 |    49.1 
 abcijk-ijma-mkbc |  4608 |  512 |   24 | 1.00 | 1.00 |       128.0 |   128.0 |   128.0 
 abcijk-ijmb-mkac |  1536 | 1536 |   24 | 1.00 | 1.00 |       131.6 |   131.6 |   131.6 
 abcijk-ijmc-mkab |  1536 | 1536 |   24 | 1.00 | 0.50 |       204.8 |   204.8 |   204.8 
 abcijk-ikma-mjbc |  4608 |  512 |   24 | 1.00 | 1.00 |       127.7 |   127.7 |   127.7 
 abcijk-ikmb-mjac |  1536 | 1536 |   24 | 1.00 | 1.00 |       131.5 |   131.5 |   131.5 
 abcijk-ikmc-mjab |  1536 | 1536 |   24 | 1.00 | 0.50 |       203.7 |   203.7 |   203.7 
 abcijk-jkma-mibc |  4608 |  512 |   24 | 1.00 | 1.00 |       127.6 |   127.6 |   127.6 
 abcijk-jkmb-miac |  1536 | 1536 |   24 | 1.00 | 1.00 |       131.5 |   131.5 |   131.5 
 abcijk-jkmc-miab |  1536 | 1536 |   24 | 1.00 | 0.50 |       203.5 |   203.5 |   203.5 
 abcijk-eiab-jkec |  1536 | 1536 |   24 | 1.00 | 0.50 |       203.5 |   203.5 |   203.5 
 abcijk-eiac-jkeb |  1536 | 1536 |   24 | 1.00 | 1.00 |       131.8 |   131.8 |   131.8 
 abcijk-eibc-jkea |   512 | 4608 |   24 | 1.00 | 1.00 |       127.6 |   127.6 |   127.6 
 abcijk-ejab-ikec |  1536 | 1536 |   24 | 1.00 | 0.50 |       205.7 |   205.7 |   205.7 
 abcijk-ejac-ikeb |  1536 | 1536 |   24 | 1.00 | 1.00 |       131.0 |   131.0 |   131.0 
 abcijk-ejbc-ikea |   512 | 4608 |   24 | 1.00 | 1.00 |       127.9 |   127.9 |   127.9 
 abcijk-ekab-ijec |  1536 | 1536 |   24 | 1.00 | 0.50 |       204.8 |   204.8 |   204.8 
 abcijk-ekac-ijeb |  1536 | 1536 |   24 | 1.00 | 1.00 |       131.4 |   131.4 |   131.4 
 abcijk-ekbc-ijea |   512 | 4608 |   24 | 1.00 | 1.00 |       127.7 |   127.7 |   127.7 
       abc-bk-akc |    72 | 3744 |   52 | 0.89 | 1.00 |       209.6 |   209.6 |   209.6 

=== c32 ===
             case |     m |    n |    k | regA | regB | planar GF/s | 1m GF/s | 3m GF/s 
------------------+-------+------+------+------+------+-------------+---------+---------
         ij-ik-kj |   384 |  364 |  384 | 1.00 | 1.00 |       335.6 |   360.6 |   354.0 
       ij-ikl-ljk |    72 |   52 | 3744 | 1.00 | 1.00 |       166.8 |   170.8 |   167.9 
       ij-kil-lkj |    72 |   52 | 5184 | 1.00 | 1.00 |       160.3 |   162.8 |   167.1 
       ijk-ikl-lj |  3744 |   52 |   72 | 1.00 | 1.00 |       256.4 |   269.1 |   255.3 
       ijk-il-jlk |    72 | 3744 |   52 | 1.00 | 0.95 |       178.1 |   196.7 |   172.6 
       ijk-ilk-jl |  3744 |   72 |   52 | 1.00 | 1.00 |       254.4 |   276.1 |   260.0 
       ijk-ilk-lj |  3744 |   52 |   72 | 1.00 | 1.00 |       260.7 |   272.5 |   266.6 
     ijk-ilmk-mjl |   480 |   20 |  480 | 1.00 | 1.00 |       215.7 |   188.8 |   200.0 
   ijkl-imjn-lnkm |   480 |  480 |  400 | 1.00 | 1.00 |       304.5 |   332.4 |   322.3 
   ijkl-imjn-nlmk |   480 |  400 |  480 | 1.00 | 1.00 |       319.3 |   339.8 |   329.1 
   ijkl-imkn-jnlm |   480 |  480 |  400 | 1.00 | 0.83 |       322.5 |   339.0 |   329.5 
   ijkl-imkn-njml |   480 |  400 |  480 | 1.00 | 1.00 |       324.0 |   340.7 |   336.4 
   ijkl-imln-jnkm |   480 |  480 |  400 | 1.00 | 0.83 |       324.9 |   339.3 |   328.7 
   ijkl-imln-njmk |   480 |  400 |  480 | 1.00 | 1.00 |       325.0 |   341.3 |   335.8 
   ijkl-imnj-nlkm |   480 |  400 |  480 | 1.00 | 1.00 |       320.3 |   338.9 |   330.1 
   ijkl-imnk-njml |   480 |  400 |  480 | 1.00 | 1.00 |       324.8 |   344.3 |   335.5 
   ijkl-minj-nlmk |   480 |  400 |  576 | 1.00 | 1.00 |       322.5 |   336.8 |   334.1 
   ijkl-mink-jnlm |   480 |  480 |  480 | 1.00 | 0.83 |       328.7 |   335.5 |   332.8 
   ijkl-minl-njmk |   480 |  400 |  576 | 1.00 | 1.00 |       333.3 |   343.2 |   341.6 
     aqrs-pa-pqrs |    24 | 8000 |   24 | 1.00 | 1.00 |       148.7 |   171.3 |   139.7 
     abrs-qb-aqrs |    20 | 9600 |   24 | 1.00 | 1.00 |       154.8 |   143.9 |   138.5 
     abcs-rc-abrs |    20 | 9600 |   24 | 1.00 | 1.00 |       153.7 |   145.1 |   138.5 
       abj-bka-kj |  5184 |   52 |   72 | 1.00 | 1.00 |       223.2 |   231.8 |   238.1 
       ajb-kba-jk |  3744 |   72 |   72 | 1.00 | 1.00 |       265.1 |   278.6 |   278.9 
     abjc-cbka-kj | 11520 |   20 |   24 | 1.00 | 1.00 |       123.5 |   112.4 |   118.9 
     ajbc-ckba-jk | 11520 |   24 |   20 | 1.00 | 1.00 |       130.0 |   135.8 |   124.9 
     abjc-kbac-jk |  9600 |   24 |   24 | 1.00 | 1.00 |       150.7 |   155.6 |   147.9 
   abjcd-dkbac-jk | 82944 |   24 |   12 | 1.00 | 1.00 |        74.7 |    73.2 |    70.0 
   adbjc-cbdka-kj | 82944 |   12 |   24 | 1.00 | 1.00 |        23.4 |    19.7 |    19.8 
   ajbdc-ckbad-jk | 82944 |   24 |   12 | 1.00 | 1.00 |        78.7 |    83.9 |    77.8 
 abcijk-ijma-mkbc |  4608 |  512 |   24 | 1.00 | 0.94 |       186.4 |   202.3 |   179.5 
 abcijk-ijmb-mkac |  1536 | 1536 |   24 | 1.00 | 0.50 |       156.3 |   174.5 |   170.1 
 abcijk-ijmc-mkab |  1536 | 1536 |   24 | 1.00 | 0.50 |       184.6 |   194.0 |   175.4 
 abcijk-ikma-mjbc |  4608 |  512 |   24 | 1.00 | 0.94 |       182.7 |   201.6 |   184.8 
 abcijk-ikmb-mjac |  1536 | 1536 |   24 | 1.00 | 0.50 |       170.5 |   192.1 |   178.0 
 abcijk-ikmc-mjab |  1536 | 1536 |   24 | 1.00 | 0.50 |       190.9 |   202.6 |   183.2 
 abcijk-jkma-mibc |  4608 |  512 |   24 | 1.00 | 0.94 |       185.2 |   211.8 |   189.0 
 abcijk-jkmb-miac |  1536 | 1536 |   24 | 1.00 | 0.50 |       172.4 |   194.1 |   180.1 
 abcijk-jkmc-miab |  1536 | 1536 |   24 | 1.00 | 0.50 |       188.5 |   201.8 |   180.9 
 abcijk-eiab-jkec |  1536 | 1536 |   24 | 1.00 | 0.50 |       188.5 |   202.2 |   181.1 
 abcijk-eiac-jkeb |  1536 | 1536 |   24 | 1.00 | 0.50 |       173.8 |   197.0 |   181.7 
 abcijk-eibc-jkea |   512 | 4608 |   24 | 1.00 | 0.94 |       185.2 |   210.0 |   188.9 
 abcijk-ejab-ikec |  1536 | 1536 |   24 | 1.00 | 0.50 |       190.9 |   203.8 |   183.2 
 abcijk-ejac-ikeb |  1536 | 1536 |   24 | 1.00 | 0.50 |       168.7 |   188.6 |   174.4 
 abcijk-ejbc-ikea |   512 | 4608 |   24 | 1.00 | 0.94 |       181.6 |   202.4 |   185.6 
 abcijk-ekab-ijec |  1536 | 1536 |   24 | 1.00 | 0.50 |       185.7 |   192.8 |   178.7 
 abcijk-ekac-ijeb |  1536 | 1536 |   24 | 1.00 | 0.50 |       153.9 |   167.0 |   163.8 
 abcijk-ekbc-ijea |   512 | 4608 |   24 | 1.00 | 0.94 |       186.9 |   210.0 |   189.9 
       abc-bk-akc |    72 | 3744 |   52 | 1.00 | 1.00 |       255.2 |   275.1 |   257.8 

=== complex efficiency ratio (c32 GF/s over f32 GF/s; 1.0 = no penalty) ===
             case | planar c32/f32 | 1m c32/f32 | 3m c32/f32 
------------------+----------------+------------+------------
         ij-ik-kj |          1.120 |      1.203 |      1.181 
       ij-ikl-ljk |          1.966 |      2.013 |      1.980 
       ij-kil-lkj |          1.923 |      1.953 |      2.005 
       ijk-ikl-lj |          1.248 |      1.309 |      1.242 
       ijk-il-jlk |          1.684 |      1.860 |      1.631 
       ijk-ilk-jl |          1.216 |      1.319 |      1.242 
       ijk-ilk-lj |          1.256 |      1.313 |      1.284 
     ijk-ilmk-mjl |          5.293 |      4.632 |      4.907 
   ijkl-imjn-lnkm |          1.155 |      1.261 |      1.222 
   ijkl-imjn-nlmk |          1.189 |      1.265 |      1.225 
   ijkl-imkn-jnlm |          1.182 |      1.243 |      1.208 
   ijkl-imkn-njml |          1.204 |      1.266 |      1.250 
   ijkl-imln-jnkm |          1.188 |      1.240 |      1.201 
   ijkl-imln-njmk |          1.198 |      1.257 |      1.237 
   ijkl-imnj-nlkm |          1.176 |      1.244 |      1.211 
   ijkl-imnk-njml |          1.187 |      1.258 |      1.226 
   ijkl-minj-nlmk |          1.165 |      1.217 |      1.207 
   ijkl-mink-jnlm |          1.179 |      1.204 |      1.194 
   ijkl-minl-njmk |          1.189 |      1.225 |      1.219 
     aqrs-pa-pqrs |          7.081 |      8.158 |      6.652 
     abrs-qb-aqrs |          6.105 |      5.676 |      5.463 
     abcs-rc-abrs |          4.781 |      4.515 |      4.310 
       abj-bka-kj |          1.295 |      1.345 |      1.381 
       ajb-kba-jk |          1.219 |      1.281 |      1.282 
     abjc-cbka-kj |          5.925 |      5.388 |      5.702 
     ajbc-ckba-jk |          7.307 |      7.632 |      7.020 
     abjc-kbac-jk |          4.867 |      5.025 |      4.776 
   abjcd-dkbac-jk |          1.398 |      1.369 |      1.309 
   adbjc-cbdka-kj |          0.837 |      0.702 |      0.707 
   ajbdc-ckbad-jk |          1.603 |      1.707 |      1.584 
 abcijk-ijma-mkbc |          1.456 |      1.581 |      1.402 
 abcijk-ijmb-mkac |          1.188 |      1.326 |      1.293 
 abcijk-ijmc-mkab |          0.902 |      0.947 |      0.857 
 abcijk-ikma-mjbc |          1.431 |      1.579 |      1.447 
 abcijk-ikmb-mjac |          1.296 |      1.461 |      1.353 
 abcijk-ikmc-mjab |          0.937 |      0.994 |      0.899 
 abcijk-jkma-mibc |          1.452 |      1.660 |      1.482 
 abcijk-jkmb-miac |          1.311 |      1.476 |      1.369 
 abcijk-jkmc-miab |          0.927 |      0.992 |      0.889 
 abcijk-eiab-jkec |          0.926 |      0.993 |      0.890 
 abcijk-eiac-jkeb |          1.319 |      1.495 |      1.379 
 abcijk-eibc-jkea |          1.452 |      1.646 |      1.481 
 abcijk-ejab-ikec |          0.928 |      0.991 |      0.891 
 abcijk-ejac-ikeb |          1.287 |      1.439 |      1.331 
 abcijk-ejbc-ikea |          1.420 |      1.583 |      1.451 
 abcijk-ekab-ijec |          0.907 |      0.941 |      0.872 
 abcijk-ekac-ijeb |          1.171 |      1.271 |      1.247 
 abcijk-ekbc-ijea |          1.463 |      1.644 |      1.487 
       abc-bk-akc |          1.218 |      1.312 |      1.230 
             MEAN |          1.921 |      1.988 |      1.884 

wrote bench-results/worker5086-zen2/phase4g/sm-both-s1-t4-f32c32.csv
