host        : worker5086
target      : x86_64 / linux
cpu features: avx2 fma 
caches      : L1=32KiB/8-way/1sh L2=512KiB/8-way/1sh L3=16384KiB/16-way/4sh (via sysfs), blocking=legacy
l3 domains  : t1=1 t4=1 t8=2
baselines   : tblis=false blas=false

sweeping 49 cases at 0.25 MiB nominal tensor size, 96 reps, stress=none


=== f32 ===
             case |     m |    n |    k | regA | regB | planar GF/s | 1m GF/s | 3m GF/s 
------------------+-------+------+------+------+------+-------------+---------+---------
         ij-ik-kj |   192 |  180 |  192 | 1.00 | 1.00 |       129.1 |   129.1 |   129.1 
       ij-ikl-ljk |    48 |   32 | 1536 | 1.00 | 1.00 |        35.2 |    35.2 |    35.2 
       ij-kil-lkj |    48 |   32 | 2304 | 1.00 | 1.00 |        30.8 |    30.8 |    30.8 
       ijk-ikl-lj |  1536 |   32 |   48 | 1.00 | 1.00 |        47.9 |    47.9 |    47.9 
       ijk-il-jlk |    48 | 1536 |   32 | 1.00 | 1.00 |        37.7 |    37.7 |    37.7 
       ijk-ilk-jl |  1536 |   48 |   32 | 1.00 | 1.00 |        49.5 |    49.5 |    49.5 
       ijk-ilk-lj |  1536 |   32 |   48 | 1.00 | 1.00 |        48.2 |    48.2 |    48.2 
     ijk-ilmk-mjl |   288 |   12 |  288 | 0.67 | 1.00 |        34.3 |    34.3 |    34.3 
   ijkl-imjn-lnkm |   288 |  288 |  144 | 0.67 | 1.00 |       191.9 |   191.9 |   191.9 
   ijkl-imjn-nlmk |   288 |  144 |  288 | 0.67 | 1.00 |       195.6 |   195.6 |   195.6 
   ijkl-imkn-jnlm |   288 |  288 |  144 | 0.67 | 1.00 |       194.1 |   194.1 |   194.1 
   ijkl-imkn-njml |   288 |  144 |  288 | 0.67 | 1.00 |       193.8 |   193.8 |   193.8 
   ijkl-imln-jnkm |   288 |  288 |  144 | 0.67 | 1.00 |       192.9 |   192.9 |   192.9 
   ijkl-imln-njmk |   288 |  144 |  288 | 0.67 | 1.00 |       195.2 |   195.2 |   195.2 
   ijkl-imnj-nlkm |   288 |  144 |  288 | 0.67 | 1.00 |       196.0 |   196.0 |   196.0 
   ijkl-imnk-njml |   288 |  144 |  288 | 0.67 | 1.00 |       195.7 |   195.7 |   195.7 
   ijkl-minj-nlmk |   288 |  144 |  576 | 0.67 | 1.00 |       216.9 |   216.9 |   216.9 
   ijkl-mink-jnlm |   288 |  288 |  288 | 0.67 | 1.00 |       247.6 |   247.6 |   247.6 
   ijkl-minl-njmk |   288 |  144 |  576 | 0.67 | 1.00 |       219.4 |   219.4 |   219.4 
     aqrs-pa-pqrs |    24 | 1728 |   24 | 1.00 | 1.00 |        21.1 |    21.1 |    21.1 
     abrs-qb-aqrs |    12 | 3456 |   24 | 1.00 | 1.00 |        22.0 |    22.0 |    22.0 
     abcs-rc-abrs |    12 | 3456 |   24 | 1.00 | 1.00 |        28.3 |    28.3 |    28.3 
       abj-bka-kj |  2304 |   32 |   48 | 1.00 | 1.00 |        35.6 |    35.6 |    35.6 
       ajb-kba-jk |  1536 |   48 |   48 | 1.00 | 1.00 |        49.4 |    49.4 |    49.4 
     abjc-cbka-kj |  6912 |   12 |   24 | 0.67 | 1.00 |        16.8 |    16.8 |    16.8 
     ajbc-ckba-jk |  6912 |   24 |   12 | 1.00 | 1.00 |        15.9 |    15.9 |    15.9 
     abjc-kbac-jk |  3456 |   24 |   24 | 0.67 | 1.00 |        30.7 |    30.7 |    30.7 
   abjcd-dkbac-jk | 36864 |   24 |    8 | 0.67 | 1.00 |        29.4 |    29.4 |    29.4 
   adbjc-cbdka-kj | 36864 |    8 |   24 | 0.67 | 1.00 |        11.9 |    11.9 |    11.9 
   ajbdc-ckbad-jk | 36864 |   24 |    8 | 1.00 | 1.00 |        24.3 |    24.3 |    24.3 
 abcijk-ijma-mkbc |  2304 |   64 |   24 | 1.00 | 1.00 |        25.6 |    25.6 |    25.6 
 abcijk-ijmb-mkac |   384 |  384 |   24 | 1.00 | 1.00 |        30.0 |    30.0 |    30.0 
 abcijk-ijmc-mkab |   384 |  384 |   24 | 1.00 | 0.00 |        49.3 |    49.3 |    49.3 
 abcijk-ikma-mjbc |  2304 |   64 |   24 | 1.00 | 1.00 |        25.5 |    25.5 |    25.5 
 abcijk-ikmb-mjac |   384 |  384 |   24 | 1.00 | 1.00 |        30.1 |    30.1 |    30.1 
 abcijk-ikmc-mjab |   384 |  384 |   24 | 1.00 | 0.00 |        48.8 |    48.8 |    48.8 
 abcijk-jkma-mibc |  2304 |   64 |   24 | 1.00 | 1.00 |        25.5 |    25.5 |    25.5 
 abcijk-jkmb-miac |   384 |  384 |   24 | 1.00 | 1.00 |        29.9 |    29.9 |    29.9 
 abcijk-jkmc-miab |   384 |  384 |   24 | 1.00 | 0.00 |        49.1 |    49.1 |    49.1 
 abcijk-eiab-jkec |   384 |  384 |   24 | 1.00 | 0.00 |        48.8 |    48.8 |    48.8 
 abcijk-eiac-jkeb |   384 |  384 |   24 | 1.00 | 1.00 |        30.0 |    30.0 |    30.0 
 abcijk-eibc-jkea |    64 | 2304 |   24 | 1.00 | 1.00 |        25.4 |    25.4 |    25.4 
 abcijk-ejab-ikec |   384 |  384 |   24 | 1.00 | 0.00 |        49.3 |    49.3 |    49.3 
 abcijk-ejac-ikeb |   384 |  384 |   24 | 1.00 | 1.00 |        30.0 |    30.0 |    30.0 
 abcijk-ejbc-ikea |    64 | 2304 |   24 | 1.00 | 1.00 |        25.5 |    25.5 |    25.5 
 abcijk-ekab-ijec |   384 |  384 |   24 | 1.00 | 0.00 |        49.2 |    49.2 |    49.2 
 abcijk-ekac-ijeb |   384 |  384 |   24 | 1.00 | 1.00 |        29.9 |    29.9 |    29.9 
 abcijk-ekbc-ijea |    64 | 2304 |   24 | 1.00 | 1.00 |        25.5 |    25.5 |    25.5 
       abc-bk-akc |    48 | 1536 |   32 | 1.00 | 1.00 |        49.3 |    49.3 |    49.3 

=== c32 ===
             case |     m |    n |    k | regA | regB | planar GF/s | 1m GF/s | 3m GF/s 
------------------+-------+------+------+------+------+-------------+---------+---------
         ij-ik-kj |   192 |  180 |  192 | 1.00 | 1.00 |       293.9 |   307.3 |   292.5 
       ij-ikl-ljk |    48 |   32 | 1536 | 1.00 | 1.00 |       120.4 |   120.7 |    85.7 
       ij-kil-lkj |    48 |   32 | 2304 | 1.00 | 1.00 |       123.1 |   114.4 |   114.8 
       ijk-ikl-lj |  1536 |   32 |   48 | 1.00 | 1.00 |       155.1 |   153.0 |   101.7 
       ijk-il-jlk |    48 | 1536 |   32 | 1.00 | 0.92 |       130.5 |   147.9 |    88.2 
       ijk-ilk-jl |  1536 |   48 |   32 | 1.00 | 1.00 |       150.7 |   162.9 |   101.7 
       ijk-ilk-lj |  1536 |   32 |   48 | 1.00 | 1.00 |       158.1 |   154.7 |   107.5 
     ijk-ilmk-mjl |   288 |   12 |  288 | 1.00 | 1.00 |        50.2 |    48.8 |    46.3 
   ijkl-imjn-lnkm |   288 |  288 |  144 | 1.00 | 0.67 |       297.5 |   306.3 |   304.7 
   ijkl-imjn-nlmk |   288 |  144 |  288 | 1.00 | 0.69 |       310.5 |   325.5 |   317.9 
   ijkl-imkn-jnlm |   288 |  288 |  144 | 1.00 | 0.84 |       313.1 |   331.4 |   315.1 
   ijkl-imkn-njml |   288 |  144 |  288 | 1.00 | 0.69 |       314.2 |   325.8 |   316.6 
   ijkl-imln-jnkm |   288 |  288 |  144 | 1.00 | 0.84 |       310.3 |   327.6 |   316.0 
   ijkl-imln-njmk |   288 |  144 |  288 | 1.00 | 0.69 |       314.6 |   325.9 |   320.9 
   ijkl-imnj-nlkm |   288 |  144 |  288 | 1.00 | 0.69 |       313.9 |   327.3 |   320.5 
   ijkl-imnk-njml |   288 |  144 |  288 | 1.00 | 0.69 |       316.8 |   327.7 |   322.4 
   ijkl-minj-nlmk |   288 |  144 |  576 | 1.00 | 0.69 |       296.4 |   301.9 |   298.2 
   ijkl-mink-jnlm |   288 |  288 |  288 | 1.00 | 0.84 |       328.4 |   339.7 |   339.6 
   ijkl-minl-njmk |   288 |  144 |  576 | 1.00 | 0.69 |       300.7 |   307.0 |   302.3 
     aqrs-pa-pqrs |    24 | 1728 |   24 | 1.00 | 1.00 |        39.9 |    46.6 |    38.6 
     abrs-qb-aqrs |    12 | 3456 |   24 | 1.00 | 1.00 |        34.6 |    37.2 |    32.2 
     abcs-rc-abrs |    12 | 3456 |   24 | 1.00 | 1.00 |        34.7 |    37.2 |    32.1 
       abj-bka-kj |  2304 |   32 |   48 | 1.00 | 1.00 |       184.1 |   176.5 |   146.2 
       ajb-kba-jk |  1536 |   48 |   48 | 1.00 | 1.00 |       216.7 |   222.7 |   169.9 
     abjc-cbka-kj |  6912 |   12 |   24 | 1.00 | 1.00 |        50.7 |    50.3 |    27.7 
     ajbc-ckba-jk |  6912 |   24 |   12 | 1.00 | 1.00 |        54.9 |    59.4 |    28.1 
     abjc-kbac-jk |  3456 |   24 |   24 | 1.00 | 1.00 |        78.5 |    80.8 |    41.0 
   abjcd-dkbac-jk | 36864 |   24 |    8 | 1.00 | 1.00 |        79.9 |    87.7 |    76.3 
   adbjc-cbdka-kj | 36864 |    8 |   24 | 1.00 | 1.00 |        36.0 |    49.0 |    44.1 
   ajbdc-ckbad-jk | 36864 |   24 |    8 | 1.00 | 1.00 |        79.4 |    87.3 |    75.6 
 abcijk-ijma-mkbc |  2304 |   64 |   24 | 1.00 | 0.77 |       176.4 |   189.4 |   135.1 
 abcijk-ijmb-mkac |   384 |  384 |   24 | 1.00 | 0.01 |       199.8 |   229.5 |   149.5 
 abcijk-ijmc-mkab |   384 |  384 |   24 | 1.00 | 0.01 |       199.5 |   229.7 |   150.2 
 abcijk-ikma-mjbc |  2304 |   64 |   24 | 1.00 | 0.77 |       176.6 |   190.6 |   132.3 
 abcijk-ikmb-mjac |   384 |  384 |   24 | 1.00 | 0.01 |       200.7 |   231.3 |   149.2 
 abcijk-ikmc-mjab |   384 |  384 |   24 | 1.00 | 0.01 |       199.2 |   230.7 |   150.5 
 abcijk-jkma-mibc |  2304 |   64 |   24 | 1.00 | 0.77 |       177.8 |   192.7 |   135.8 
 abcijk-jkmb-miac |   384 |  384 |   24 | 1.00 | 0.01 |       191.4 |   225.7 |   147.7 
 abcijk-jkmc-miab |   384 |  384 |   24 | 1.00 | 0.01 |       190.6 |   225.2 |   147.9 
 abcijk-eiab-jkec |   384 |  384 |   24 | 1.00 | 0.01 |       191.4 |   225.2 |   147.7 
 abcijk-eiac-jkeb |   384 |  384 |   24 | 1.00 | 0.01 |       190.5 |   226.3 |   149.1 
 abcijk-eibc-jkea |    64 | 2304 |   24 | 1.00 | 0.77 |       177.4 |   192.0 |   132.5 
 abcijk-ejab-ikec |   384 |  384 |   24 | 1.00 | 0.01 |       200.5 |   230.8 |   150.0 
 abcijk-ejac-ikeb |   384 |  384 |   24 | 1.00 | 0.01 |       199.9 |   231.0 |   149.6 
 abcijk-ejbc-ikea |    64 | 2304 |   24 | 1.00 | 0.77 |       177.6 |   192.0 |   135.7 
 abcijk-ekab-ijec |   384 |  384 |   24 | 1.00 | 0.01 |       200.7 |   231.3 |   150.4 
 abcijk-ekac-ijeb |   384 |  384 |   24 | 1.00 | 0.01 |       201.4 |   230.8 |   148.4 
 abcijk-ekbc-ijea |    64 | 2304 |   24 | 1.00 | 0.77 |       176.0 |   191.9 |   132.3 
       abc-bk-akc |    48 | 1536 |   32 | 1.00 | 1.00 |       150.9 |   162.0 |   100.4 

=== complex efficiency ratio (c32 GF/s over f32 GF/s; 1.0 = no penalty) ===
             case | planar c32/f32 | 1m c32/f32 | 3m c32/f32 
------------------+----------------+------------+------------
         ij-ik-kj |          2.277 |      2.381 |      2.266 
       ij-ikl-ljk |          3.422 |      3.432 |      2.437 
       ij-kil-lkj |          3.999 |      3.719 |      3.729 
       ijk-ikl-lj |          3.237 |      3.192 |      2.122 
       ijk-il-jlk |          3.463 |      3.924 |      2.340 
       ijk-ilk-jl |          3.044 |      3.290 |      2.054 
       ijk-ilk-lj |          3.282 |      3.209 |      2.230 
     ijk-ilmk-mjl |          1.464 |      1.425 |      1.351 
   ijkl-imjn-lnkm |          1.550 |      1.596 |      1.588 
   ijkl-imjn-nlmk |          1.587 |      1.664 |      1.625 
   ijkl-imkn-jnlm |          1.613 |      1.707 |      1.623 
   ijkl-imkn-njml |          1.621 |      1.681 |      1.634 
   ijkl-imln-jnkm |          1.609 |      1.698 |      1.639 
   ijkl-imln-njmk |          1.611 |      1.669 |      1.643 
   ijkl-imnj-nlkm |          1.602 |      1.670 |      1.635 
   ijkl-imnk-njml |          1.619 |      1.674 |      1.647 
   ijkl-minj-nlmk |          1.367 |      1.392 |      1.375 
   ijkl-mink-jnlm |          1.326 |      1.372 |      1.371 
   ijkl-minl-njmk |          1.370 |      1.399 |      1.378 
     aqrs-pa-pqrs |          1.889 |      2.211 |      1.829 
     abrs-qb-aqrs |          1.574 |      1.688 |      1.465 
     abcs-rc-abrs |          1.229 |      1.318 |      1.135 
       abj-bka-kj |          5.174 |      4.959 |      4.109 
       ajb-kba-jk |          4.391 |      4.513 |      3.443 
     abjc-cbka-kj |          3.010 |      2.986 |      1.646 
     ajbc-ckba-jk |          3.443 |      3.730 |      1.766 
     abjc-kbac-jk |          2.554 |      2.632 |      1.335 
   abjcd-dkbac-jk |          2.721 |      2.989 |      2.598 
   adbjc-cbdka-kj |          3.023 |      4.113 |      3.702 
   ajbdc-ckbad-jk |          3.274 |      3.597 |      3.115 
 abcijk-ijma-mkbc |          6.901 |      7.408 |      5.283 
 abcijk-ijmb-mkac |          6.668 |      7.660 |      4.989 
 abcijk-ijmc-mkab |          4.051 |      4.664 |      3.049 
 abcijk-ikma-mjbc |          6.922 |      7.470 |      5.184 
 abcijk-ikmb-mjac |          6.677 |      7.696 |      4.965 
 abcijk-ikmc-mjab |          4.080 |      4.723 |      3.081 
 abcijk-jkma-mibc |          6.959 |      7.545 |      5.315 
 abcijk-jkmb-miac |          6.392 |      7.540 |      4.934 
 abcijk-jkmc-miab |          3.881 |      4.586 |      3.011 
 abcijk-eiab-jkec |          3.924 |      4.619 |      3.029 
 abcijk-eiac-jkeb |          6.355 |      7.552 |      4.974 
 abcijk-eibc-jkea |          6.972 |      7.546 |      5.209 
 abcijk-ejab-ikec |          4.071 |      4.686 |      3.046 
 abcijk-ejac-ikeb |          6.666 |      7.700 |      4.989 
 abcijk-ejbc-ikea |          6.952 |      7.517 |      5.314 
 abcijk-ekab-ijec |          4.077 |      4.699 |      3.054 
 abcijk-ekac-ijeb |          6.735 |      7.721 |      4.963 
 abcijk-ekbc-ijea |          6.897 |      7.517 |      5.181 
       abc-bk-akc |          3.060 |      3.286 |      2.036 
             MEAN |          3.706 |      4.061 |      2.927 

wrote bench-results/worker5086-zen2/phase4g/sm-both-s0.25-t4-f32c32.csv
