host        : worker5086
target      : x86_64 / linux
cpu features: avx2 fma 
caches      : L1=32KiB/8-way/1sh L2=512KiB/8-way/1sh L3=16384KiB/16-way/4sh (via sysfs), blocking=legacy
l3 domains  : t1=1 t4=1 t8=2 t16=4 t32=8 t64=16
baselines   : tblis=false blas=false

sweeping 49 cases at 16 MiB nominal tensor size, 3 reps, stress=none


=== f64 ===
             case |      m |     n |     k | regA | regB | planar GF/s | 1m GF/s | 3m GF/s 
------------------+--------+-------+-------+------+------+-------------+---------+---------
         ij-ik-kj |   1464 |  1448 |  1464 | 1.00 | 1.00 |       263.3 |   263.3 |   263.3 
       ij-ikl-ljk |    144 |   128 | 18432 | 1.00 | 1.00 |       117.4 |   117.4 |   117.4 
       ij-kil-lkj |    144 |   128 | 20736 | 1.00 | 1.00 |       117.3 |   117.3 |   117.3 
       ijk-ikl-lj |  18432 |   128 |   144 | 1.00 | 1.00 |       537.7 |   537.7 |   537.7 
       ijk-il-jlk |    144 | 18432 |   128 | 1.00 | 1.00 |       329.4 |   329.4 |   329.4 
       ijk-ilk-jl |  18432 |   144 |   128 | 1.00 | 1.00 |       583.4 |   583.4 |   583.4 
       ijk-ilk-lj |  18432 |   128 |   144 | 1.00 | 1.00 |       470.8 |   470.8 |   470.8 
     ijk-ilmk-mjl |   1920 |    40 |  1920 | 1.00 | 1.00 |       268.1 |   268.1 |   268.1 
   ijkl-imjn-lnkm |   1920 |  1920 |  1600 | 1.00 | 0.90 |       421.5 |   421.5 |   421.5 
   ijkl-imjn-nlmk |   1920 |  1600 |  1920 | 1.00 | 0.90 |       361.3 |   361.3 |   361.3 
   ijkl-imkn-jnlm |   1920 |  1920 |  1600 | 1.00 | 1.00 |       712.4 |   712.4 |   712.4 
   ijkl-imkn-njml |   1920 |  1600 |  1920 | 1.00 | 0.90 |       418.8 |   418.8 |   418.8 
   ijkl-imln-jnkm |   1920 |  1920 |  1600 | 1.00 | 1.00 |       747.3 |   747.3 |   747.3 
   ijkl-imln-njmk |   1920 |  1600 |  1920 | 1.00 | 0.90 |       746.0 |   746.0 |   746.0 
   ijkl-imnj-nlkm |   1920 |  1600 |  1920 | 1.00 | 0.90 |       527.2 |   527.2 |   527.2 
   ijkl-imnk-njml |   1920 |  1600 |  1920 | 1.00 | 0.90 |       743.5 |   743.5 |   743.5 
   ijkl-minj-nlmk |   1920 |  1600 |  2304 | 1.00 | 0.90 |       551.7 |   551.7 |   551.7 
   ijkl-mink-jnlm |   1920 |  1920 |  1920 | 1.00 | 1.00 |       750.8 |   750.8 |   750.8 
   ijkl-minl-njmk |   1920 |  1600 |  2304 | 1.00 | 0.90 |       767.3 |   767.3 |   767.3 
     aqrs-pa-pqrs |     48 | 64000 |    48 | 1.00 | 1.00 |       153.1 |   153.1 |   153.1 
     abrs-qb-aqrs |     40 | 76800 |    48 | 1.00 | 1.00 |       379.0 |   379.0 |   379.0 
     abcs-rc-abrs |     40 | 76800 |    48 | 1.00 | 1.00 |       383.6 |   383.6 |   383.6 
       abj-bka-kj |  20736 |   128 |   144 | 1.00 | 1.00 |       510.3 |   510.3 |   510.3 
       ajb-kba-jk |  18432 |   144 |   144 | 1.00 | 1.00 |       745.2 |   745.2 |   745.2 
     abjc-cbka-kj |  92160 |    40 |    48 | 1.00 | 1.00 |        99.7 |    99.7 |    99.7 
     ajbc-ckba-jk |  92160 |    48 |    40 | 1.00 | 1.00 |       152.0 |   152.0 |   152.0 
     abjc-kbac-jk |  76800 |    48 |    48 | 1.00 | 1.00 |       402.2 |   402.2 |   402.2 
   abjcd-dkbac-jk | 230400 |    24 |    20 | 1.00 | 1.00 |        34.1 |    34.1 |    34.1 
   adbjc-cbdka-kj | 230400 |    20 |    24 | 1.00 | 1.00 |        27.5 |    27.5 |    27.5 
   ajbdc-ckbad-jk | 230400 |    24 |    20 | 1.00 | 1.00 |        25.4 |    25.4 |    25.4 
 abcijk-ijma-mkbc |   6912 |  1728 |    24 | 1.00 | 1.00 |       333.8 |   333.8 |   333.8 
 abcijk-ijmb-mkac |   3456 |  3456 |    24 | 1.00 | 1.00 |       406.6 |   406.6 |   406.6 
 abcijk-ijmc-mkab |   3456 |  3456 |    24 | 1.00 | 1.00 |       462.9 |   462.9 |   462.9 
 abcijk-ikma-mjbc |   6912 |  1728 |    24 | 1.00 | 1.00 |       332.1 |   332.1 |   332.1 
 abcijk-ikmb-mjac |   3456 |  3456 |    24 | 1.00 | 1.00 |       475.1 |   475.1 |   475.1 
 abcijk-ikmc-mjab |   3456 |  3456 |    24 | 1.00 | 1.00 |       431.8 |   431.8 |   431.8 
 abcijk-jkma-mibc |   6912 |  1728 |    24 | 1.00 | 1.00 |       233.3 |   233.3 |   233.3 
 abcijk-jkmb-miac |   3456 |  3456 |    24 | 1.00 | 1.00 |       270.4 |   270.4 |   270.4 
 abcijk-jkmc-miab |   3456 |  3456 |    24 | 1.00 | 1.00 |       436.6 |   436.6 |   436.6 
 abcijk-eiab-jkec |   3456 |  3456 |    24 | 1.00 | 1.00 |       438.3 |   438.3 |   438.3 
 abcijk-eiac-jkeb |   3456 |  3456 |    24 | 1.00 | 1.00 |       414.2 |   414.2 |   414.2 
 abcijk-eibc-jkea |   1728 |  6912 |    24 | 1.00 | 1.00 |       336.8 |   336.8 |   336.8 
 abcijk-ejab-ikec |   3456 |  3456 |    24 | 1.00 | 1.00 |       433.9 |   433.9 |   433.9 
 abcijk-ejac-ikeb |   3456 |  3456 |    24 | 1.00 | 1.00 |       422.6 |   422.6 |   422.6 
 abcijk-ejbc-ikea |   1728 |  6912 |    24 | 1.00 | 1.00 |       333.8 |   333.8 |   333.8 
 abcijk-ekab-ijec |   3456 |  3456 |    24 | 1.00 | 1.00 |       411.7 |   411.7 |   411.7 
 abcijk-ekac-ijeb |   3456 |  3456 |    24 | 1.00 | 1.00 |       422.6 |   422.6 |   422.6 
 abcijk-ekbc-ijea |   1728 |  6912 |    24 | 1.00 | 1.00 |       331.5 |   331.5 |   331.5 
       abc-bk-akc |    144 | 18432 |   128 | 1.00 | 1.00 |       480.2 |   480.2 |   480.2 

=== c64 ===
             case |      m |     n |     k | regA | regB | planar GF/s | 1m GF/s | 3m GF/s 
------------------+--------+-------+-------+------+------+-------------+---------+---------
         ij-ik-kj |   1464 |  1448 |  1464 | 1.00 | 1.00 |       905.0 |   786.4 |   761.0 
       ij-ikl-ljk |    144 |   128 | 18432 | 1.00 | 1.00 |       156.0 |   143.5 |   130.7 
       ij-kil-lkj |    144 |   128 | 20736 | 1.00 | 1.00 |       183.4 |   180.8 |   147.8 
       ijk-ikl-lj |  18432 |   128 |   144 | 1.00 | 1.00 |       787.4 |   703.1 |   750.2 
       ijk-il-jlk |    144 | 18432 |   128 | 1.00 | 0.97 |       223.8 |   207.1 |   132.3 
       ijk-ilk-jl |  18432 |   144 |   128 | 1.00 | 1.00 |       854.7 |   957.9 |   554.3 
       ijk-ilk-lj |  18432 |   128 |   144 | 1.00 | 1.00 |       905.6 |  1000.9 |   979.3 
     ijk-ilmk-mjl |   1920 |    40 |  1920 | 1.00 | 1.00 |       461.6 |   400.6 |   373.8 
   ijkl-imjn-lnkm |   1920 |  1920 |  1600 | 1.00 | 1.00 |       618.6 |   599.2 |   630.9 
   ijkl-imjn-nlmk |   1920 |  1600 |  1920 | 1.00 | 1.00 |       611.9 |   573.4 |   792.2 
   ijkl-imkn-jnlm |   1920 |  1920 |  1600 | 1.00 | 0.92 |       617.0 |   512.1 |   809.7 
   ijkl-imkn-njml |   1920 |  1600 |  1920 | 1.00 | 1.00 |       653.8 |   527.1 |   765.4 
   ijkl-imln-jnkm |   1920 |  1920 |  1600 | 1.00 | 0.92 |       850.8 |   633.9 |   828.8 
   ijkl-imln-njmk |   1920 |  1600 |  1920 | 1.00 | 1.00 |       707.8 |   671.6 |   816.4 
   ijkl-imnj-nlkm |   1920 |  1600 |  1920 | 1.00 | 1.00 |       734.2 |   723.0 |   724.1 
   ijkl-imnk-njml |   1920 |  1600 |  1920 | 1.00 | 1.00 |       945.8 |   726.5 |   783.9 
   ijkl-minj-nlmk |   1920 |  1600 |  2304 | 1.00 | 1.00 |       629.3 |   577.9 |   673.5 
   ijkl-mink-jnlm |   1920 |  1920 |  1920 | 1.00 | 0.92 |       896.4 |   749.9 |   818.4 
   ijkl-minl-njmk |   1920 |  1600 |  2304 | 1.00 | 1.00 |       853.7 |   842.5 |   853.5 
     aqrs-pa-pqrs |     48 | 64000 |    48 | 1.00 | 1.00 |       227.9 |   183.6 |   130.2 
     abrs-qb-aqrs |     40 | 76800 |    48 | 1.00 | 1.00 |       394.9 |   553.7 |   591.2 
     abcs-rc-abrs |     40 | 76800 |    48 | 1.00 | 1.00 |       629.6 |   601.4 |   570.9 
       abj-bka-kj |  20736 |   128 |   144 | 1.00 | 1.00 |       499.9 |   729.1 |   742.9 
       ajb-kba-jk |  18432 |   144 |   144 | 1.00 | 1.00 |       902.7 |   998.2 |   976.8 
     abjc-cbka-kj |  92160 |    40 |    48 | 1.00 | 1.00 |       115.8 |   116.6 |   116.8 
     ajbc-ckba-jk |  92160 |    48 |    40 | 1.00 | 1.00 |       141.6 |   140.2 |   140.4 
     abjc-kbac-jk |  76800 |    48 |    48 | 1.00 | 1.00 |       604.6 |   652.1 |   601.6 
   abjcd-dkbac-jk | 230400 |    24 |    20 | 1.00 | 1.00 |        56.4 |    55.5 |    56.0 
   adbjc-cbdka-kj | 230400 |    20 |    24 | 1.00 | 1.00 |        49.7 |    49.3 |    48.7 
   ajbdc-ckbad-jk | 230400 |    24 |    20 | 1.00 | 1.00 |        55.6 |    56.3 |    56.0 
 abcijk-ijma-mkbc |   6912 |  1728 |    24 | 1.00 | 0.97 |       195.3 |   195.9 |   185.3 
 abcijk-ijmb-mkac |   3456 |  3456 |    24 | 1.00 | 0.67 |       197.8 |   229.7 |   192.5 
 abcijk-ijmc-mkab |   3456 |  3456 |    24 | 1.00 | 0.67 |       223.6 |   214.7 |   217.1 
 abcijk-ikma-mjbc |   6912 |  1728 |    24 | 1.00 | 0.97 |       189.3 |   192.5 |   172.8 
 abcijk-ikmb-mjac |   3456 |  3456 |    24 | 1.00 | 0.67 |       198.2 |   227.9 |   190.8 
 abcijk-ikmc-mjab |   3456 |  3456 |    24 | 1.00 | 0.67 |       219.7 |   214.9 |   191.0 
 abcijk-jkma-mibc |   6912 |  1728 |    24 | 1.00 | 0.97 |       187.4 |   181.3 |   179.0 
 abcijk-jkmb-miac |   3456 |  3456 |    24 | 1.00 | 0.67 |       198.1 |   195.1 |   179.6 
 abcijk-jkmc-miab |   3456 |  3456 |    24 | 1.00 | 0.67 |       220.8 |   229.1 |   216.1 
 abcijk-eiab-jkec |   3456 |  3456 |    24 | 1.00 | 0.67 |       221.5 |   227.7 |   212.7 
 abcijk-eiac-jkeb |   3456 |  3456 |    24 | 1.00 | 0.67 |       196.4 |   230.5 |   191.9 
 abcijk-eibc-jkea |   1728 |  6912 |    24 | 1.00 | 0.97 |       194.7 |   178.4 |   173.5 
 abcijk-ejab-ikec |   3456 |  3456 |    24 | 1.00 | 0.67 |       218.4 |   214.5 |   214.1 
 abcijk-ejac-ikeb |   3456 |  3456 |    24 | 1.00 | 0.67 |       197.6 |   223.6 |   193.5 
 abcijk-ejbc-ikea |   1728 |  6912 |    24 | 1.00 | 0.97 |       192.6 |   191.8 |   176.3 
 abcijk-ekab-ijec |   3456 |  3456 |    24 | 1.00 | 0.67 |       222.8 |   214.6 |   215.1 
 abcijk-ekac-ijeb |   3456 |  3456 |    24 | 1.00 | 0.67 |       201.2 |   231.2 |   191.4 
 abcijk-ekbc-ijea |   1728 |  6912 |    24 | 1.00 | 0.97 |       199.5 |   192.4 |   189.1 
       abc-bk-akc |    144 | 18432 |   128 | 1.00 | 1.00 |       873.8 |   989.4 |   948.5 

=== complex efficiency ratio (c64 GF/s over f64 GF/s; 1.0 = no penalty) ===
             case | planar c64/f64 | 1m c64/f64 | 3m c64/f64 
------------------+----------------+------------+------------
         ij-ik-kj |          3.438 |      2.987 |      2.890 
       ij-ikl-ljk |          1.329 |      1.222 |      1.113 
       ij-kil-lkj |          1.564 |      1.541 |      1.260 
       ijk-ikl-lj |          1.464 |      1.308 |      1.395 
       ijk-il-jlk |          0.680 |      0.629 |      0.402 
       ijk-ilk-jl |          1.465 |      1.642 |      0.950 
       ijk-ilk-lj |          1.924 |      2.126 |      2.080 
     ijk-ilmk-mjl |          1.722 |      1.494 |      1.394 
   ijkl-imjn-lnkm |          1.468 |      1.422 |      1.497 
   ijkl-imjn-nlmk |          1.694 |      1.587 |      2.193 
   ijkl-imkn-jnlm |          0.866 |      0.719 |      1.137 
   ijkl-imkn-njml |          1.561 |      1.259 |      1.828 
   ijkl-imln-jnkm |          1.139 |      0.848 |      1.109 
   ijkl-imln-njmk |          0.949 |      0.900 |      1.094 
   ijkl-imnj-nlkm |          1.392 |      1.371 |      1.373 
   ijkl-imnk-njml |          1.272 |      0.977 |      1.054 
   ijkl-minj-nlmk |          1.141 |      1.048 |      1.221 
   ijkl-mink-jnlm |          1.194 |      0.999 |      1.090 
   ijkl-minl-njmk |          1.113 |      1.098 |      1.112 
     aqrs-pa-pqrs |          1.488 |      1.199 |      0.851 
     abrs-qb-aqrs |          1.042 |      1.461 |      1.560 
     abcs-rc-abrs |          1.641 |      1.568 |      1.488 
       abj-bka-kj |          0.980 |      1.429 |      1.456 
       ajb-kba-jk |          1.211 |      1.339 |      1.311 
     abjc-cbka-kj |          1.162 |      1.170 |      1.172 
     ajbc-ckba-jk |          0.932 |      0.923 |      0.923 
     abjc-kbac-jk |          1.503 |      1.621 |      1.496 
   abjcd-dkbac-jk |          1.655 |      1.627 |      1.642 
   adbjc-cbdka-kj |          1.809 |      1.792 |      1.773 
   ajbdc-ckbad-jk |          2.184 |      2.213 |      2.201 
 abcijk-ijma-mkbc |          0.585 |      0.587 |      0.555 
 abcijk-ijmb-mkac |          0.486 |      0.565 |      0.473 
 abcijk-ijmc-mkab |          0.483 |      0.464 |      0.469 
 abcijk-ikma-mjbc |          0.570 |      0.580 |      0.520 
 abcijk-ikmb-mjac |          0.417 |      0.480 |      0.402 
 abcijk-ikmc-mjab |          0.509 |      0.498 |      0.442 
 abcijk-jkma-mibc |          0.803 |      0.777 |      0.767 
 abcijk-jkmb-miac |          0.733 |      0.722 |      0.664 
 abcijk-jkmc-miab |          0.506 |      0.525 |      0.495 
 abcijk-eiab-jkec |          0.505 |      0.520 |      0.485 
 abcijk-eiac-jkeb |          0.474 |      0.557 |      0.463 
 abcijk-eibc-jkea |          0.578 |      0.530 |      0.515 
 abcijk-ejab-ikec |          0.503 |      0.494 |      0.493 
 abcijk-ejac-ikeb |          0.468 |      0.529 |      0.458 
 abcijk-ejbc-ikea |          0.577 |      0.575 |      0.528 
 abcijk-ekab-ijec |          0.541 |      0.521 |      0.522 
 abcijk-ekac-ijeb |          0.476 |      0.547 |      0.453 
 abcijk-ekbc-ijea |          0.602 |      0.580 |      0.570 
       abc-bk-akc |          1.820 |      2.061 |      1.975 
             MEAN |          1.115 |      1.094 |      1.088 

wrote bench-results/worker5086-zen2/phase4g/sm-both-s16-t32-f64c64.csv
