host        : worker5086
target      : x86_64 / linux
cpu features: avx2 fma 
caches      : L1=32KiB/8-way/1sh L2=512KiB/8-way/1sh L3=16384KiB/16-way/4sh (via sysfs), blocking=legacy
l3 domains  : t1=1
baselines   : tblis=false blas=false

sweeping 49 cases at 0.25 MiB nominal tensor size, 96 reps, stress=none


=== f32 ===
             case |     m |    n |    k | regA | regB | planar GF/s | 1m GF/s | 3m GF/s 
------------------+-------+------+------+------+------+-------------+---------+---------
         ij-ik-kj |   192 |  180 |  192 | 1.00 | 1.00 |        48.6 |    48.6 |    48.6 
       ij-ikl-ljk |    48 |   32 | 1536 | 1.00 | 1.00 |        35.2 |    35.2 |    35.2 
       ij-kil-lkj |    48 |   32 | 2304 | 1.00 | 1.00 |        30.9 |    30.9 |    30.9 
       ijk-ikl-lj |  1536 |   32 |   48 | 1.00 | 1.00 |        47.9 |    47.9 |    47.9 
       ijk-il-jlk |    48 | 1536 |   32 | 1.00 | 1.00 |        37.7 |    37.7 |    37.7 
       ijk-ilk-jl |  1536 |   48 |   32 | 1.00 | 1.00 |        49.5 |    49.5 |    49.5 
       ijk-ilk-lj |  1536 |   32 |   48 | 1.00 | 1.00 |        48.1 |    48.1 |    48.1 
     ijk-ilmk-mjl |   288 |   12 |  288 | 0.67 | 1.00 |        34.4 |    34.4 |    34.4 
   ijkl-imjn-lnkm |   288 |  288 |  144 | 0.67 | 1.00 |        73.6 |    73.6 |    73.6 
   ijkl-imjn-nlmk |   288 |  144 |  288 | 0.67 | 1.00 |        74.1 |    74.1 |    74.1 
   ijkl-imkn-jnlm |   288 |  288 |  144 | 0.67 | 1.00 |        73.7 |    73.7 |    73.7 
   ijkl-imkn-njml |   288 |  144 |  288 | 0.67 | 1.00 |        73.0 |    73.0 |    73.0 
   ijkl-imln-jnkm |   288 |  288 |  144 | 0.67 | 1.00 |        73.6 |    73.6 |    73.6 
   ijkl-imln-njmk |   288 |  144 |  288 | 0.67 | 1.00 |        73.2 |    73.2 |    73.2 
   ijkl-imnj-nlkm |   288 |  144 |  288 | 0.67 | 1.00 |        74.7 |    74.7 |    74.7 
   ijkl-imnk-njml |   288 |  144 |  288 | 0.67 | 1.00 |        73.7 |    73.7 |    73.7 
   ijkl-minj-nlmk |   288 |  144 |  576 | 0.67 | 1.00 |        68.4 |    68.4 |    68.4 
   ijkl-mink-jnlm |   288 |  288 |  288 | 0.67 | 1.00 |        76.6 |    76.6 |    76.6 
   ijkl-minl-njmk |   288 |  144 |  576 | 0.67 | 1.00 |        67.6 |    67.6 |    67.6 
     aqrs-pa-pqrs |    24 | 1728 |   24 | 1.00 | 1.00 |        21.1 |    21.1 |    21.1 
     abrs-qb-aqrs |    12 | 3456 |   24 | 1.00 | 1.00 |        22.0 |    22.0 |    22.0 
     abcs-rc-abrs |    12 | 3456 |   24 | 1.00 | 1.00 |        28.1 |    28.1 |    28.1 
       abj-bka-kj |  2304 |   32 |   48 | 1.00 | 1.00 |        35.8 |    35.8 |    35.8 
       ajb-kba-jk |  1536 |   48 |   48 | 1.00 | 1.00 |        49.1 |    49.1 |    49.1 
     abjc-cbka-kj |  6912 |   12 |   24 | 0.67 | 1.00 |        16.7 |    16.7 |    16.7 
     ajbc-ckba-jk |  6912 |   24 |   12 | 1.00 | 1.00 |        16.3 |    16.3 |    16.3 
     abjc-kbac-jk |  3456 |   24 |   24 | 0.67 | 1.00 |        30.9 |    30.9 |    30.9 
   abjcd-dkbac-jk | 36864 |   24 |    8 | 0.67 | 1.00 |        15.6 |    15.6 |    15.6 
   adbjc-cbdka-kj | 36864 |    8 |   24 | 0.67 | 1.00 |         6.2 |     6.2 |     6.2 
   ajbdc-ckbad-jk | 36864 |   24 |    8 | 1.00 | 1.00 |        13.0 |    13.0 |    13.0 
 abcijk-ijma-mkbc |  2304 |   64 |   24 | 1.00 | 1.00 |        25.5 |    25.5 |    25.5 
 abcijk-ijmb-mkac |   384 |  384 |   24 | 1.00 | 1.00 |        30.0 |    30.0 |    30.0 
 abcijk-ijmc-mkab |   384 |  384 |   24 | 1.00 | 0.00 |        49.2 |    49.2 |    49.2 
 abcijk-ikma-mjbc |  2304 |   64 |   24 | 1.00 | 1.00 |        25.5 |    25.5 |    25.5 
 abcijk-ikmb-mjac |   384 |  384 |   24 | 1.00 | 1.00 |        30.1 |    30.1 |    30.1 
 abcijk-ikmc-mjab |   384 |  384 |   24 | 1.00 | 0.00 |        49.2 |    49.2 |    49.2 
 abcijk-jkma-mibc |  2304 |   64 |   24 | 1.00 | 1.00 |        25.6 |    25.6 |    25.6 
 abcijk-jkmb-miac |   384 |  384 |   24 | 1.00 | 1.00 |        30.1 |    30.1 |    30.1 
 abcijk-jkmc-miab |   384 |  384 |   24 | 1.00 | 0.00 |        49.1 |    49.1 |    49.1 
 abcijk-eiab-jkec |   384 |  384 |   24 | 1.00 | 0.00 |        49.1 |    49.1 |    49.1 
 abcijk-eiac-jkeb |   384 |  384 |   24 | 1.00 | 1.00 |        30.0 |    30.0 |    30.0 
 abcijk-eibc-jkea |    64 | 2304 |   24 | 1.00 | 1.00 |        25.6 |    25.6 |    25.6 
 abcijk-ejab-ikec |   384 |  384 |   24 | 1.00 | 0.00 |        49.3 |    49.3 |    49.3 
 abcijk-ejac-ikeb |   384 |  384 |   24 | 1.00 | 1.00 |        30.0 |    30.0 |    30.0 
 abcijk-ejbc-ikea |    64 | 2304 |   24 | 1.00 | 1.00 |        25.5 |    25.5 |    25.5 
 abcijk-ekab-ijec |   384 |  384 |   24 | 1.00 | 0.00 |        49.3 |    49.3 |    49.3 
 abcijk-ekac-ijeb |   384 |  384 |   24 | 1.00 | 1.00 |        30.0 |    30.0 |    30.0 
 abcijk-ekbc-ijea |    64 | 2304 |   24 | 1.00 | 1.00 |        25.5 |    25.5 |    25.5 
       abc-bk-akc |    48 | 1536 |   32 | 1.00 | 1.00 |        49.3 |    49.3 |    49.3 

=== c32 ===
             case |     m |    n |    k | regA | regB | planar GF/s | 1m GF/s | 3m GF/s 
------------------+-------+------+------+------+------+-------------+---------+---------
         ij-ik-kj |   192 |  180 |  192 | 1.00 | 1.00 |        82.6 |    86.9 |    82.8 
       ij-ikl-ljk |    48 |   32 | 1536 | 1.00 | 1.00 |        55.5 |    52.7 |    55.0 
       ij-kil-lkj |    48 |   32 | 2304 | 1.00 | 1.00 |        51.5 |    48.3 |    53.7 
       ijk-ikl-lj |  1536 |   32 |   48 | 1.00 | 1.00 |        56.3 |    55.6 |    53.6 
       ijk-il-jlk |    48 | 1536 |   32 | 1.00 | 0.92 |        52.3 |    58.9 |    51.0 
       ijk-ilk-jl |  1536 |   48 |   32 | 1.00 | 1.00 |        55.1 |    59.7 |    53.8 
       ijk-ilk-lj |  1536 |   32 |   48 | 1.00 | 1.00 |        57.6 |    56.0 |    56.6 
     ijk-ilmk-mjl |   288 |   12 |  288 | 1.00 | 1.00 |        50.3 |    49.0 |    46.5 
   ijkl-imjn-lnkm |   288 |  288 |  144 | 1.00 | 0.67 |        82.9 |    87.7 |    85.2 
   ijkl-imjn-nlmk |   288 |  144 |  288 | 1.00 | 0.69 |        85.1 |    87.8 |    86.9 
   ijkl-imkn-jnlm |   288 |  288 |  144 | 1.00 | 0.84 |        83.4 |    88.5 |    86.2 
   ijkl-imkn-njml |   288 |  144 |  288 | 1.00 | 0.69 |        85.2 |    88.0 |    87.1 
   ijkl-imln-jnkm |   288 |  288 |  144 | 1.00 | 0.84 |        83.6 |    88.7 |    86.2 
   ijkl-imln-njmk |   288 |  144 |  288 | 1.00 | 0.69 |        85.2 |    87.1 |    86.9 
   ijkl-imnj-nlkm |   288 |  144 |  288 | 1.00 | 0.69 |        85.2 |    87.2 |    87.0 
   ijkl-imnk-njml |   288 |  144 |  288 | 1.00 | 0.69 |        85.1 |    87.1 |    87.2 
   ijkl-minj-nlmk |   288 |  144 |  576 | 1.00 | 0.69 |        79.5 |    80.5 |    81.1 
   ijkl-mink-jnlm |   288 |  288 |  288 | 1.00 | 0.84 |        86.0 |    89.3 |    89.6 
   ijkl-minl-njmk |   288 |  144 |  576 | 1.00 | 0.69 |        80.0 |    81.0 |    82.0 
     aqrs-pa-pqrs |    24 | 1728 |   24 | 1.00 | 1.00 |        39.9 |    46.7 |    37.4 
     abrs-qb-aqrs |    12 | 3456 |   24 | 1.00 | 1.00 |        34.7 |    37.1 |    32.2 
     abcs-rc-abrs |    12 | 3456 |   24 | 1.00 | 1.00 |        34.6 |    37.2 |    32.0 
       abj-bka-kj |  2304 |   32 |   48 | 1.00 | 1.00 |        50.4 |    47.5 |    51.8 
       ajb-kba-jk |  1536 |   48 |   48 | 1.00 | 1.00 |        58.9 |    61.0 |    60.5 
     abjc-cbka-kj |  6912 |   12 |   24 | 1.00 | 1.00 |        26.5 |    26.2 |    26.8 
     ajbc-ckba-jk |  6912 |   24 |   12 | 1.00 | 1.00 |        29.7 |    32.9 |    28.7 
     abjc-kbac-jk |  3456 |   24 |   24 | 1.00 | 1.00 |        41.6 |    43.2 |    40.6 
   abjcd-dkbac-jk | 36864 |   24 |    8 | 1.00 | 1.00 |        22.5 |    25.6 |    21.5 
   adbjc-cbdka-kj | 36864 |    8 |   24 | 1.00 | 1.00 |         9.5 |    14.0 |    11.9 
   ajbdc-ckbad-jk | 36864 |   24 |    8 | 1.00 | 1.00 |        22.2 |    25.3 |    21.4 
 abcijk-ijma-mkbc |  2304 |   64 |   24 | 1.00 | 0.77 |        48.9 |    53.2 |    48.6 
 abcijk-ijmb-mkac |   384 |  384 |   24 | 1.00 | 0.01 |        54.2 |    63.2 |    53.7 
 abcijk-ijmc-mkab |   384 |  384 |   24 | 1.00 | 0.01 |        54.3 |    63.3 |    53.7 
 abcijk-ikma-mjbc |  2304 |   64 |   24 | 1.00 | 0.77 |        48.9 |    53.3 |    48.5 
 abcijk-ikmb-mjac |   384 |  384 |   24 | 1.00 | 0.01 |        54.2 |    63.3 |    53.8 
 abcijk-ikmc-mjab |   384 |  384 |   24 | 1.00 | 0.01 |        54.3 |    63.3 |    53.9 
 abcijk-jkma-mibc |  2304 |   64 |   24 | 1.00 | 0.77 |        48.9 |    53.3 |    48.7 
 abcijk-jkmb-miac |   384 |  384 |   24 | 1.00 | 0.01 |        54.2 |    63.4 |    53.8 
 abcijk-jkmc-miab |   384 |  384 |   24 | 1.00 | 0.01 |        54.2 |    63.1 |    53.8 
 abcijk-eiab-jkec |   384 |  384 |   24 | 1.00 | 0.01 |        54.1 |    63.1 |    53.5 
 abcijk-eiac-jkeb |   384 |  384 |   24 | 1.00 | 0.01 |        54.3 |    63.3 |    53.7 
 abcijk-eibc-jkea |    64 | 2304 |   24 | 1.00 | 0.77 |        49.0 |    53.4 |    48.6 
 abcijk-ejab-ikec |   384 |  384 |   24 | 1.00 | 0.01 |        54.3 |    63.3 |    53.9 
 abcijk-ejac-ikeb |   384 |  384 |   24 | 1.00 | 0.01 |        54.2 |    63.2 |    53.7 
 abcijk-ejbc-ikea |    64 | 2304 |   24 | 1.00 | 0.77 |        48.9 |    53.3 |    48.6 
 abcijk-ekab-ijec |   384 |  384 |   24 | 1.00 | 0.01 |        54.2 |    63.3 |    53.8 
 abcijk-ekac-ijeb |   384 |  384 |   24 | 1.00 | 0.01 |        54.2 |    63.3 |    53.7 
 abcijk-ekbc-ijea |    64 | 2304 |   24 | 1.00 | 0.77 |        48.9 |    53.4 |    48.6 
       abc-bk-akc |    48 | 1536 |   32 | 1.00 | 1.00 |        55.2 |    59.7 |    53.7 

=== complex efficiency ratio (c32 GF/s over f32 GF/s; 1.0 = no penalty) ===
             case | planar c32/f32 | 1m c32/f32 | 3m c32/f32 
------------------+----------------+------------+------------
         ij-ik-kj |          1.700 |      1.789 |      1.704 
       ij-ikl-ljk |          1.578 |      1.498 |      1.565 
       ij-kil-lkj |          1.666 |      1.563 |      1.736 
       ijk-ikl-lj |          1.176 |      1.160 |      1.118 
       ijk-il-jlk |          1.388 |      1.562 |      1.354 
       ijk-ilk-jl |          1.113 |      1.206 |      1.085 
       ijk-ilk-lj |          1.197 |      1.165 |      1.177 
     ijk-ilmk-mjl |          1.464 |      1.426 |      1.352 
   ijkl-imjn-lnkm |          1.125 |      1.190 |      1.158 
   ijkl-imjn-nlmk |          1.148 |      1.185 |      1.174 
   ijkl-imkn-jnlm |          1.133 |      1.202 |      1.171 
   ijkl-imkn-njml |          1.168 |      1.206 |      1.194 
   ijkl-imln-jnkm |          1.136 |      1.205 |      1.171 
   ijkl-imln-njmk |          1.164 |      1.191 |      1.187 
   ijkl-imnj-nlkm |          1.141 |      1.167 |      1.164 
   ijkl-imnk-njml |          1.156 |      1.182 |      1.184 
   ijkl-minj-nlmk |          1.163 |      1.177 |      1.186 
   ijkl-mink-jnlm |          1.123 |      1.166 |      1.170 
   ijkl-minl-njmk |          1.184 |      1.199 |      1.214 
     aqrs-pa-pqrs |          1.894 |      2.216 |      1.778 
     abrs-qb-aqrs |          1.573 |      1.684 |      1.459 
     abcs-rc-abrs |          1.230 |      1.322 |      1.137 
       abj-bka-kj |          1.405 |      1.326 |      1.445 
       ajb-kba-jk |          1.200 |      1.242 |      1.233 
     abjc-cbka-kj |          1.587 |      1.568 |      1.602 
     ajbc-ckba-jk |          1.820 |      2.016 |      1.756 
     abjc-kbac-jk |          1.347 |      1.400 |      1.315 
   abjcd-dkbac-jk |          1.438 |      1.637 |      1.377 
   adbjc-cbdka-kj |          1.540 |      2.271 |      1.935 
   ajbdc-ckbad-jk |          1.714 |      1.952 |      1.650 
 abcijk-ijma-mkbc |          1.920 |      2.091 |      1.906 
 abcijk-ijmb-mkac |          1.804 |      2.104 |      1.787 
 abcijk-ijmc-mkab |          1.103 |      1.285 |      1.090 
 abcijk-ikma-mjbc |          1.921 |      2.093 |      1.905 
 abcijk-ikmb-mjac |          1.801 |      2.103 |      1.787 
 abcijk-ikmc-mjab |          1.102 |      1.286 |      1.094 
 abcijk-jkma-mibc |          1.913 |      2.085 |      1.902 
 abcijk-jkmb-miac |          1.803 |      2.106 |      1.788 
 abcijk-jkmc-miab |          1.104 |      1.286 |      1.095 
 abcijk-eiab-jkec |          1.102 |      1.285 |      1.091 
 abcijk-eiac-jkeb |          1.807 |      2.110 |      1.788 
 abcijk-eibc-jkea |          1.914 |      2.088 |      1.902 
 abcijk-ejab-ikec |          1.101 |      1.285 |      1.094 
 abcijk-ejac-ikeb |          1.808 |      2.109 |      1.790 
 abcijk-ejbc-ikea |          1.917 |      2.089 |      1.904 
 abcijk-ekab-ijec |          1.099 |      1.285 |      1.092 
 abcijk-ekac-ijeb |          1.806 |      2.108 |      1.790 
 abcijk-ekbc-ijea |          1.916 |      2.089 |      1.904 
       abc-bk-akc |          1.119 |      1.210 |      1.088 
             MEAN |          1.443 |      1.575 |      1.440 

wrote bench-results/worker5086-zen2/phase4g/sm-both-s0.25-t1-f32c32.csv
