host        : worker5086
target      : x86_64 / linux
cpu features: avx2 fma 
caches      : L1=32KiB/8-way/1sh L2=512KiB/8-way/1sh L3=16384KiB/16-way/4sh (via sysfs), blocking=legacy
l3 domains  : t1=1
baselines   : tblis=false blas=false

sweeping 49 cases at 16 MiB nominal tensor size, 3 reps, stress=none


=== f32 ===
             case |      m |     n |     k | regA | regB | planar GF/s | 1m GF/s | 3m GF/s 
------------------+--------+-------+-------+------+------+-------------+---------+---------
         ij-ik-kj |   1464 |  1448 |  1464 | 1.00 | 1.00 |        83.2 |    83.2 |    83.2 
       ij-ikl-ljk |    144 |   128 | 18432 | 1.00 | 1.00 |        44.1 |    44.1 |    44.1 
       ij-kil-lkj |    144 |   128 | 20736 | 1.00 | 1.00 |        44.4 |    44.4 |    44.4 
       ijk-ikl-lj |  18432 |   128 |   144 | 1.00 | 1.00 |        41.4 |    41.4 |    41.4 
       ijk-il-jlk |    144 | 18432 |   128 | 1.00 | 1.00 |        51.4 |    51.4 |    51.4 
       ijk-ilk-jl |  18432 |   144 |   128 | 1.00 | 1.00 |        63.1 |    63.1 |    63.1 
       ijk-ilk-lj |  18432 |   128 |   144 | 1.00 | 1.00 |        61.7 |    61.7 |    61.7 
     ijk-ilmk-mjl |   1920 |    40 |  1920 | 1.00 | 1.00 |        55.3 |    55.3 |    55.3 
   ijkl-imjn-lnkm |   1920 |  1920 |  1600 | 1.00 | 0.90 |        81.2 |    81.2 |    81.2 
   ijkl-imjn-nlmk |   1920 |  1600 |  1920 | 1.00 | 0.90 |        82.8 |    82.8 |    82.8 
   ijkl-imkn-jnlm |   1920 |  1920 |  1600 | 1.00 | 1.00 |        77.7 |    77.7 |    77.7 
   ijkl-imkn-njml |   1920 |  1600 |  1920 | 1.00 | 0.90 |        81.9 |    81.9 |    81.9 
   ijkl-imln-jnkm |   1920 |  1920 |  1600 | 1.00 | 1.00 |        78.7 |    78.7 |    78.7 
   ijkl-imln-njmk |   1920 |  1600 |  1920 | 1.00 | 0.90 |        82.2 |    82.2 |    82.2 
   ijkl-imnj-nlkm |   1920 |  1600 |  1920 | 1.00 | 0.90 |        82.8 |    82.8 |    82.8 
   ijkl-imnk-njml |   1920 |  1600 |  1920 | 1.00 | 0.90 |        81.8 |    81.8 |    81.8 
   ijkl-minj-nlmk |   1920 |  1600 |  2304 | 1.00 | 0.90 |        82.7 |    82.7 |    82.7 
   ijkl-mink-jnlm |   1920 |  1920 |  1920 | 1.00 | 1.00 |        79.0 |    79.0 |    79.0 
   ijkl-minl-njmk |   1920 |  1600 |  2304 | 1.00 | 0.90 |        82.3 |    82.3 |    82.3 
     aqrs-pa-pqrs |     48 | 64000 |    48 | 1.00 | 1.00 |        38.0 |    38.0 |    38.0 
     abrs-qb-aqrs |     40 | 76800 |    48 | 1.00 | 1.00 |        37.3 |    37.3 |    37.3 
     abcs-rc-abrs |     40 | 76800 |    48 | 1.00 | 1.00 |        29.7 |    29.7 |    29.7 
       abj-bka-kj |  20736 |   128 |   144 | 1.00 | 1.00 |        56.9 |    56.9 |    56.9 
       ajb-kba-jk |  18432 |   144 |   144 | 1.00 | 1.00 |        56.7 |    56.7 |    56.7 
     abjc-cbka-kj |  92160 |    40 |    48 | 1.00 | 1.00 |        21.6 |    21.6 |    21.6 
     ajbc-ckba-jk |  92160 |    48 |    40 | 1.00 | 1.00 |        23.3 |    23.3 |    23.3 
     abjc-kbac-jk |  76800 |    48 |    48 | 1.00 | 1.00 |        40.8 |    40.8 |    40.8 
   abjcd-dkbac-jk | 230400 |    24 |    20 | 0.67 | 1.00 |         9.5 |     9.5 |     9.5 
   adbjc-cbdka-kj | 230400 |    20 |    24 | 0.67 | 1.00 |         6.0 |     6.0 |     6.0 
   ajbdc-ckbad-jk | 230400 |    24 |    20 | 1.00 | 1.00 |         8.1 |     8.1 |     8.1 
 abcijk-ijma-mkbc |   6912 |  1728 |    24 | 1.00 | 1.00 |        29.4 |    29.4 |    29.4 
 abcijk-ijmb-mkac |   3456 |  3456 |    24 | 1.00 | 1.00 |        23.3 |    23.3 |    23.3 
 abcijk-ijmc-mkab |   3456 |  3456 |    24 | 1.00 | 1.00 |        38.3 |    38.3 |    38.3 
 abcijk-ikma-mjbc |   6912 |  1728 |    24 | 1.00 | 1.00 |        28.3 |    28.3 |    28.3 
 abcijk-ikmb-mjac |   3456 |  3456 |    24 | 1.00 | 1.00 |        24.6 |    24.6 |    24.6 
 abcijk-ikmc-mjab |   3456 |  3456 |    24 | 1.00 | 1.00 |        36.4 |    36.4 |    36.4 
 abcijk-jkma-mibc |   6912 |  1728 |    24 | 1.00 | 1.00 |        29.0 |    29.0 |    29.0 
 abcijk-jkmb-miac |   3456 |  3456 |    24 | 1.00 | 1.00 |        23.4 |    23.4 |    23.4 
 abcijk-jkmc-miab |   3456 |  3456 |    24 | 1.00 | 1.00 |        37.4 |    37.4 |    37.4 
 abcijk-eiab-jkec |   3456 |  3456 |    24 | 1.00 | 1.00 |        36.4 |    36.4 |    36.4 
 abcijk-eiac-jkeb |   3456 |  3456 |    24 | 1.00 | 1.00 |        24.2 |    24.2 |    24.2 
 abcijk-eibc-jkea |   1728 |  6912 |    24 | 1.00 | 1.00 |        29.3 |    29.3 |    29.3 
 abcijk-ejab-ikec |   3456 |  3456 |    24 | 1.00 | 1.00 |        37.2 |    37.2 |    37.2 
 abcijk-ejac-ikeb |   3456 |  3456 |    24 | 1.00 | 1.00 |        23.8 |    23.8 |    23.8 
 abcijk-ejbc-ikea |   1728 |  6912 |    24 | 1.00 | 1.00 |        28.8 |    28.8 |    28.8 
 abcijk-ekab-ijec |   3456 |  3456 |    24 | 1.00 | 1.00 |        37.0 |    37.0 |    37.0 
 abcijk-ekac-ijeb |   3456 |  3456 |    24 | 1.00 | 1.00 |        24.2 |    24.2 |    24.2 
 abcijk-ekbc-ijea |   1728 |  6912 |    24 | 1.00 | 1.00 |        28.8 |    28.8 |    28.8 
       abc-bk-akc |    144 | 18432 |   128 | 1.00 | 1.00 |        63.3 |    63.3 |    63.3 

=== c32 ===
             case |      m |     n |     k | regA | regB | planar GF/s | 1m GF/s | 3m GF/s 
------------------+--------+-------+-------+------+------+-------------+---------+---------
         ij-ik-kj |   1464 |  1448 |  1464 | 1.00 | 1.00 |        84.8 |    86.8 |    85.5 
       ij-ikl-ljk |    144 |   128 | 18432 | 1.00 | 1.00 |        61.7 |    53.4 |    52.8 
       ij-kil-lkj |    144 |   128 | 20736 | 1.00 | 1.00 |        64.1 |    63.9 |    64.1 
       ijk-ikl-lj |  18432 |   128 |   144 | 1.00 | 1.00 |        59.1 |    55.3 |    55.0 
       ijk-il-jlk |    144 | 18432 |   128 | 1.00 | 0.97 |        68.0 |    65.3 |    72.6 
       ijk-ilk-jl |  18432 |   144 |   128 | 1.00 | 1.00 |        65.8 |    60.7 |    71.3 
       ijk-ilk-lj |  18432 |   128 |   144 | 1.00 | 1.00 |        62.4 |    60.9 |    59.5 
     ijk-ilmk-mjl |   1920 |    40 |  1920 | 1.00 | 1.00 |        53.3 |    48.9 |    49.2 
   ijkl-imjn-lnkm |   1920 |  1920 |  1600 | 1.00 | 1.00 |        85.0 |    84.8 |    85.4 
   ijkl-imjn-nlmk |   1920 |  1600 |  1920 | 1.00 | 1.00 |        85.0 |    83.4 |    85.5 
   ijkl-imkn-jnlm |   1920 |  1920 |  1600 | 1.00 | 0.92 |        81.7 |    82.4 |    81.8 
   ijkl-imkn-njml |   1920 |  1600 |  1920 | 1.00 | 1.00 |        83.2 |    83.0 |    83.0 
   ijkl-imln-jnkm |   1920 |  1920 |  1600 | 1.00 | 0.92 |        81.4 |    81.3 |    81.6 
   ijkl-imln-njmk |   1920 |  1600 |  1920 | 1.00 | 1.00 |        83.7 |    83.5 |    83.2 
   ijkl-imnj-nlkm |   1920 |  1600 |  1920 | 1.00 | 1.00 |        85.7 |    85.4 |    85.8 
   ijkl-imnk-njml |   1920 |  1600 |  1920 | 1.00 | 1.00 |        83.2 |    83.3 |    82.9 
   ijkl-minj-nlmk |   1920 |  1600 |  2304 | 1.00 | 1.00 |        84.8 |    84.9 |    85.8 
   ijkl-mink-jnlm |   1920 |  1920 |  1920 | 1.00 | 0.92 |        82.1 |    84.1 |    83.1 
   ijkl-minl-njmk |   1920 |  1600 |  2304 | 1.00 | 1.00 |        83.2 |    83.4 |    83.4 
     aqrs-pa-pqrs |     48 | 64000 |    48 | 1.00 | 1.00 |        43.0 |    46.7 |    44.8 
     abrs-qb-aqrs |     40 | 76800 |    48 | 1.00 | 1.00 |        46.7 |    47.7 |    48.1 
     abcs-rc-abrs |     40 | 76800 |    48 | 1.00 | 1.00 |        39.3 |    41.7 |    46.8 
       abj-bka-kj |  20736 |   128 |   144 | 1.00 | 1.00 |        69.3 |    69.1 |    71.2 
       ajb-kba-jk |  18432 |   144 |   144 | 1.00 | 1.00 |        78.5 |    82.2 |    82.3 
     abjc-cbka-kj |  92160 |    40 |    48 | 1.00 | 1.00 |        39.5 |    35.9 |    37.4 
     ajbc-ckba-jk |  92160 |    48 |    40 | 1.00 | 1.00 |        41.5 |    40.9 |    41.2 
     abjc-kbac-jk |  76800 |    48 |    48 | 1.00 | 1.00 |        56.7 |    56.1 |    53.3 
   abjcd-dkbac-jk | 230400 |    24 |    20 | 1.00 | 1.00 |        23.5 |    21.9 |    22.1 
   adbjc-cbdka-kj | 230400 |    20 |    24 | 1.00 | 1.00 |        13.6 |     9.2 |    10.7 
   ajbdc-ckbad-jk | 230400 |    24 |    20 | 1.00 | 1.00 |        23.9 |    23.1 |    22.9 
 abcijk-ijma-mkbc |   6912 |  1728 |    24 | 1.00 | 0.97 |        50.6 |    57.4 |    50.1 
 abcijk-ijmb-mkac |   3456 |  3456 |    24 | 1.00 | 0.67 |        44.7 |    52.3 |    45.1 
 abcijk-ijmc-mkab |   3456 |  3456 |    24 | 1.00 | 0.67 |        51.7 |    59.8 |    50.7 
 abcijk-ikma-mjbc |   6912 |  1728 |    24 | 1.00 | 0.97 |        50.4 |    57.3 |    49.9 
 abcijk-ikmb-mjac |   3456 |  3456 |    24 | 1.00 | 0.67 |        44.9 |    52.6 |    45.2 
 abcijk-ikmc-mjab |   3456 |  3456 |    24 | 1.00 | 0.67 |        51.9 |    59.1 |    50.5 
 abcijk-jkma-mibc |   6912 |  1728 |    24 | 1.00 | 0.97 |        51.0 |    58.4 |    50.7 
 abcijk-jkmb-miac |   3456 |  3456 |    24 | 1.00 | 0.67 |        44.9 |    52.8 |    45.4 
 abcijk-jkmc-miab |   3456 |  3456 |    24 | 1.00 | 0.67 |        52.4 |    60.4 |    50.7 
 abcijk-eiab-jkec |   3456 |  3456 |    24 | 1.00 | 0.67 |        52.1 |    59.6 |    50.5 
 abcijk-eiac-jkeb |   3456 |  3456 |    24 | 1.00 | 0.67 |        44.7 |    52.4 |    44.9 
 abcijk-eibc-jkea |   1728 |  6912 |    24 | 1.00 | 0.97 |        51.4 |    58.4 |    51.0 
 abcijk-ejab-ikec |   3456 |  3456 |    24 | 1.00 | 0.67 |        51.5 |    59.0 |    50.0 
 abcijk-ejac-ikeb |   3456 |  3456 |    24 | 1.00 | 0.67 |        45.1 |    52.5 |    44.9 
 abcijk-ejbc-ikea |   1728 |  6912 |    24 | 1.00 | 0.97 |        50.6 |    57.6 |    50.1 
 abcijk-ekab-ijec |   3456 |  3456 |    24 | 1.00 | 0.67 |        51.7 |    59.6 |    50.3 
 abcijk-ekac-ijeb |   3456 |  3456 |    24 | 1.00 | 0.67 |        44.9 |    52.2 |    45.1 
 abcijk-ekbc-ijea |   1728 |  6912 |    24 | 1.00 | 0.97 |        50.8 |    57.7 |    50.3 
       abc-bk-akc |    144 | 18432 |   128 | 1.00 | 1.00 |        65.8 |    66.6 |    63.9 

=== complex efficiency ratio (c32 GF/s over f32 GF/s; 1.0 = no penalty) ===
             case | planar c32/f32 | 1m c32/f32 | 3m c32/f32 
------------------+----------------+------------+------------
         ij-ik-kj |          1.020 |      1.043 |      1.028 
       ij-ikl-ljk |          1.400 |      1.212 |      1.199 
       ij-kil-lkj |          1.443 |      1.438 |      1.443 
       ijk-ikl-lj |          1.429 |      1.338 |      1.330 
       ijk-il-jlk |          1.324 |      1.272 |      1.414 
       ijk-ilk-jl |          1.043 |      0.963 |      1.131 
       ijk-ilk-lj |          1.011 |      0.986 |      0.965 
     ijk-ilmk-mjl |          0.963 |      0.884 |      0.890 
   ijkl-imjn-lnkm |          1.047 |      1.045 |      1.052 
   ijkl-imjn-nlmk |          1.027 |      1.007 |      1.032 
   ijkl-imkn-jnlm |          1.050 |      1.060 |      1.053 
   ijkl-imkn-njml |          1.016 |      1.014 |      1.014 
   ijkl-imln-jnkm |          1.035 |      1.033 |      1.037 
   ijkl-imln-njmk |          1.018 |      1.015 |      1.013 
   ijkl-imnj-nlkm |          1.035 |      1.032 |      1.036 
   ijkl-imnk-njml |          1.017 |      1.019 |      1.014 
   ijkl-minj-nlmk |          1.026 |      1.028 |      1.038 
   ijkl-mink-jnlm |          1.039 |      1.064 |      1.051 
   ijkl-minl-njmk |          1.011 |      1.013 |      1.013 
     aqrs-pa-pqrs |          1.131 |      1.228 |      1.179 
     abrs-qb-aqrs |          1.252 |      1.280 |      1.289 
     abcs-rc-abrs |          1.327 |      1.407 |      1.578 
       abj-bka-kj |          1.218 |      1.214 |      1.251 
       ajb-kba-jk |          1.385 |      1.450 |      1.451 
     abjc-cbka-kj |          1.826 |      1.659 |      1.731 
     ajbc-ckba-jk |          1.783 |      1.754 |      1.769 
     abjc-kbac-jk |          1.390 |      1.375 |      1.305 
   abjcd-dkbac-jk |          2.480 |      2.318 |      2.340 
   adbjc-cbdka-kj |          2.278 |      1.540 |      1.791 
   ajbdc-ckbad-jk |          2.959 |      2.865 |      2.841 
 abcijk-ijma-mkbc |          1.723 |      1.953 |      1.707 
 abcijk-ijmb-mkac |          1.922 |      2.248 |      1.938 
 abcijk-ijmc-mkab |          1.351 |      1.561 |      1.323 
 abcijk-ikma-mjbc |          1.779 |      2.020 |      1.760 
 abcijk-ikmb-mjac |          1.829 |      2.144 |      1.839 
 abcijk-ikmc-mjab |          1.427 |      1.625 |      1.387 
 abcijk-jkma-mibc |          1.758 |      2.014 |      1.749 
 abcijk-jkmb-miac |          1.914 |      2.252 |      1.938 
 abcijk-jkmc-miab |          1.400 |      1.613 |      1.354 
 abcijk-eiab-jkec |          1.431 |      1.637 |      1.386 
 abcijk-eiac-jkeb |          1.850 |      2.169 |      1.858 
 abcijk-eibc-jkea |          1.756 |      1.994 |      1.743 
 abcijk-ejab-ikec |          1.383 |      1.585 |      1.343 
 abcijk-ejac-ikeb |          1.891 |      2.203 |      1.885 
 abcijk-ejbc-ikea |          1.754 |      1.998 |      1.735 
 abcijk-ekab-ijec |          1.397 |      1.610 |      1.360 
 abcijk-ekac-ijeb |          1.854 |      2.157 |      1.865 
 abcijk-ekbc-ijea |          1.763 |      2.004 |      1.746 
       abc-bk-akc |          1.041 |      1.053 |      1.009 
             MEAN |          1.453 |      1.518 |      1.433 

wrote bench-results/worker5086-zen2/phase4g/sm-both-s16-t1-f32c32.csv
