host        : worker5086
target      : x86_64 / linux
cpu features: avx2 fma 
caches      : L1=32KiB/8-way/1sh L2=512KiB/8-way/1sh L3=16384KiB/16-way/4sh (via sysfs), blocking=legacy
l3 domains  : t1=1 t4=1
baselines   : tblis=false blas=false

sweeping 49 cases at 16 MiB nominal tensor size, 3 reps, stress=none


=== f64 ===
             case |      m |     n |     k | regA | regB | planar GF/s | 1m GF/s | 3m GF/s 
------------------+--------+-------+-------+------+------+-------------+---------+---------
         ij-ik-kj |   1464 |  1448 |  1464 | 1.00 | 1.00 |        77.5 |    77.5 |    77.5 
       ij-ikl-ljk |    144 |   128 | 18432 | 1.00 | 1.00 |        46.7 |    46.7 |    46.7 
       ij-kil-lkj |    144 |   128 | 20736 | 1.00 | 1.00 |        44.3 |    44.3 |    44.3 
       ijk-ikl-lj |  18432 |   128 |   144 | 1.00 | 1.00 |        46.8 |    46.8 |    46.8 
       ijk-il-jlk |    144 | 18432 |   128 | 1.00 | 1.00 |        49.5 |    49.5 |    49.5 
       ijk-ilk-jl |  18432 |   144 |   128 | 1.00 | 1.00 |        59.7 |    59.7 |    59.7 
       ijk-ilk-lj |  18432 |   128 |   144 | 1.00 | 1.00 |        57.8 |    57.8 |    57.8 
     ijk-ilmk-mjl |   1920 |    40 |  1920 | 1.00 | 1.00 |        47.1 |    47.1 |    47.1 
   ijkl-imjn-lnkm |   1920 |  1920 |  1600 | 1.00 | 0.90 |        76.7 |    76.7 |    76.7 
   ijkl-imjn-nlmk |   1920 |  1600 |  1920 | 1.00 | 0.90 |        77.7 |    77.7 |    77.7 
   ijkl-imkn-jnlm |   1920 |  1920 |  1600 | 1.00 | 1.00 |        75.1 |    75.1 |    75.1 
   ijkl-imkn-njml |   1920 |  1600 |  1920 | 1.00 | 0.90 |        75.6 |    75.6 |    75.6 
   ijkl-imln-jnkm |   1920 |  1920 |  1600 | 1.00 | 1.00 |        75.6 |    75.6 |    75.6 
   ijkl-imln-njmk |   1920 |  1600 |  1920 | 1.00 | 0.90 |        75.8 |    75.8 |    75.8 
   ijkl-imnj-nlkm |   1920 |  1600 |  1920 | 1.00 | 0.90 |        78.5 |    78.5 |    78.5 
   ijkl-imnk-njml |   1920 |  1600 |  1920 | 1.00 | 0.90 |        75.8 |    75.8 |    75.8 
   ijkl-minj-nlmk |   1920 |  1600 |  2304 | 1.00 | 0.90 |        76.4 |    76.4 |    76.4 
   ijkl-mink-jnlm |   1920 |  1920 |  1920 | 1.00 | 1.00 |        73.9 |    73.9 |    73.9 
   ijkl-minl-njmk |   1920 |  1600 |  2304 | 1.00 | 0.90 |        63.5 |    63.5 |    63.5 
     aqrs-pa-pqrs |     48 | 64000 |    48 | 1.00 | 1.00 |        25.4 |    25.4 |    25.4 
     abrs-qb-aqrs |     40 | 76800 |    48 | 1.00 | 1.00 |        30.6 |    30.6 |    30.6 
     abcs-rc-abrs |     40 | 76800 |    48 | 1.00 | 1.00 |        26.2 |    26.2 |    26.2 
       abj-bka-kj |  20736 |   128 |   144 | 1.00 | 1.00 |        59.6 |    59.6 |    59.6 
       ajb-kba-jk |  18432 |   144 |   144 | 1.00 | 1.00 |        69.3 |    69.3 |    69.3 
     abjc-cbka-kj |  92160 |    40 |    48 | 1.00 | 1.00 |        23.0 |    23.0 |    23.0 
     ajbc-ckba-jk |  92160 |    48 |    40 | 1.00 | 1.00 |        30.6 |    30.6 |    30.6 
     abjc-kbac-jk |  76800 |    48 |    48 | 1.00 | 1.00 |        40.1 |    40.1 |    40.1 
   abjcd-dkbac-jk | 230400 |    24 |    20 | 1.00 | 1.00 |         9.6 |     9.6 |     9.6 
   adbjc-cbdka-kj | 230400 |    20 |    24 | 1.00 | 1.00 |         7.8 |     7.8 |     7.8 
   ajbdc-ckbad-jk | 230400 |    24 |    20 | 1.00 | 1.00 |         9.1 |     9.1 |     9.1 
 abcijk-ijma-mkbc |   6912 |  1728 |    24 | 1.00 | 1.00 |        40.4 |    40.4 |    40.4 
 abcijk-ijmb-mkac |   3456 |  3456 |    24 | 1.00 | 1.00 |        35.2 |    35.2 |    35.2 
 abcijk-ijmc-mkab |   3456 |  3456 |    24 | 1.00 | 1.00 |        43.2 |    43.2 |    43.2 
 abcijk-ikma-mjbc |   6912 |  1728 |    24 | 1.00 | 1.00 |        40.2 |    40.2 |    40.2 
 abcijk-ikmb-mjac |   3456 |  3456 |    24 | 1.00 | 1.00 |        35.4 |    35.4 |    35.4 
 abcijk-ikmc-mjab |   3456 |  3456 |    24 | 1.00 | 1.00 |        43.4 |    43.4 |    43.4 
 abcijk-jkma-mibc |   6912 |  1728 |    24 | 1.00 | 1.00 |        41.4 |    41.4 |    41.4 
 abcijk-jkmb-miac |   3456 |  3456 |    24 | 1.00 | 1.00 |        35.4 |    35.4 |    35.4 
 abcijk-jkmc-miab |   3456 |  3456 |    24 | 1.00 | 1.00 |        43.4 |    43.4 |    43.4 
 abcijk-eiab-jkec |   3456 |  3456 |    24 | 1.00 | 1.00 |        43.3 |    43.3 |    43.3 
 abcijk-eiac-jkeb |   3456 |  3456 |    24 | 1.00 | 1.00 |        35.6 |    35.6 |    35.6 
 abcijk-eibc-jkea |   1728 |  6912 |    24 | 1.00 | 1.00 |        41.2 |    41.2 |    41.2 
 abcijk-ejab-ikec |   3456 |  3456 |    24 | 1.00 | 1.00 |        43.5 |    43.5 |    43.5 
 abcijk-ejac-ikeb |   3456 |  3456 |    24 | 1.00 | 1.00 |        35.5 |    35.5 |    35.5 
 abcijk-ejbc-ikea |   1728 |  6912 |    24 | 1.00 | 1.00 |        40.2 |    40.2 |    40.2 
 abcijk-ekab-ijec |   3456 |  3456 |    24 | 1.00 | 1.00 |        43.0 |    43.0 |    43.0 
 abcijk-ekac-ijeb |   3456 |  3456 |    24 | 1.00 | 1.00 |        35.6 |    35.6 |    35.6 
 abcijk-ekbc-ijea |   1728 |  6912 |    24 | 1.00 | 1.00 |        40.1 |    40.1 |    40.1 
       abc-bk-akc |    144 | 18432 |   128 | 1.00 | 1.00 |        56.7 |    56.7 |    56.7 

=== c64 ===
             case |      m |     n |     k | regA | regB | planar GF/s | 1m GF/s | 3m GF/s 
------------------+--------+-------+-------+------+------+-------------+---------+---------
         ij-ik-kj |   1464 |  1448 |  1464 | 1.00 | 1.00 |        84.2 |    85.6 |    82.9 
       ij-ikl-ljk |    144 |   128 | 18432 | 1.00 | 1.00 |        64.5 |    69.8 |    57.5 
       ij-kil-lkj |    144 |   128 | 20736 | 1.00 | 1.00 |        66.0 |    68.7 |    68.1 
       ijk-ikl-lj |  18432 |   128 |   144 | 1.00 | 1.00 |        70.1 |    71.4 |    66.5 
       ijk-il-jlk |    144 | 18432 |   128 | 1.00 | 0.97 |        74.2 |    77.6 |    64.7 
       ijk-ilk-jl |  18432 |   144 |   128 | 1.00 | 1.00 |        77.8 |    84.0 |    66.3 
       ijk-ilk-lj |  18432 |   128 |   144 | 1.00 | 1.00 |        76.6 |    80.5 |    65.3 
     ijk-ilmk-mjl |   1920 |    40 |  1920 | 1.00 | 1.00 |        62.2 |    64.6 |    45.6 
   ijkl-imjn-lnkm |   1920 |  1920 |  1600 | 1.00 | 1.00 |        85.0 |    87.9 |    84.8 
   ijkl-imjn-nlmk |   1920 |  1600 |  1920 | 1.00 | 1.00 |        86.0 |    88.8 |    82.7 
   ijkl-imkn-jnlm |   1920 |  1920 |  1600 | 1.00 | 0.92 |        83.7 |    84.3 |    79.2 
   ijkl-imkn-njml |   1920 |  1600 |  1920 | 1.00 | 1.00 |        84.1 |    84.9 |    79.4 
   ijkl-imln-jnkm |   1920 |  1920 |  1600 | 1.00 | 0.92 |        83.6 |    84.6 |    79.2 
   ijkl-imln-njmk |   1920 |  1600 |  1920 | 1.00 | 1.00 |        84.3 |    85.3 |    79.2 
   ijkl-imnj-nlkm |   1920 |  1600 |  1920 | 1.00 | 1.00 |        85.8 |    89.0 |    83.0 
   ijkl-imnk-njml |   1920 |  1600 |  1920 | 1.00 | 1.00 |        84.3 |    85.4 |    79.7 
   ijkl-minj-nlmk |   1920 |  1600 |  2304 | 1.00 | 1.00 |        85.5 |    87.0 |    85.9 
   ijkl-mink-jnlm |   1920 |  1920 |  1920 | 1.00 | 0.92 |        83.4 |    84.0 |    82.2 
   ijkl-minl-njmk |   1920 |  1600 |  2304 | 1.00 | 1.00 |        83.5 |    81.8 |    81.5 
     aqrs-pa-pqrs |     48 | 64000 |    48 | 1.00 | 1.00 |        45.4 |    49.1 |    41.6 
     abrs-qb-aqrs |     40 | 76800 |    48 | 1.00 | 1.00 |        48.4 |    50.6 |    38.2 
     abcs-rc-abrs |     40 | 76800 |    48 | 1.00 | 1.00 |        55.3 |    57.2 |    50.8 
       abj-bka-kj |  20736 |   128 |   144 | 1.00 | 1.00 |        71.0 |    71.1 |    70.2 
       ajb-kba-jk |  18432 |   144 |   144 | 1.00 | 1.00 |        81.9 |    86.8 |    81.7 
     abjc-cbka-kj |  92160 |    40 |    48 | 1.00 | 1.00 |        31.5 |    26.6 |    29.2 
     ajbc-ckba-jk |  92160 |    48 |    40 | 1.00 | 1.00 |        31.3 |    29.3 |    30.3 
     abjc-kbac-jk |  76800 |    48 |    48 | 1.00 | 1.00 |        59.6 |    65.1 |    56.3 
   abjcd-dkbac-jk | 230400 |    24 |    20 | 1.00 | 1.00 |        21.4 |    19.6 |    19.3 
   adbjc-cbdka-kj | 230400 |    20 |    24 | 1.00 | 1.00 |        18.2 |    15.1 |    16.4 
   ajbdc-ckbad-jk | 230400 |    24 |    20 | 1.00 | 1.00 |        20.1 |    18.5 |    18.3 
 abcijk-ijma-mkbc |   6912 |  1728 |    24 | 1.00 | 0.97 |        51.5 |    56.3 |    43.2 
 abcijk-ijmb-mkac |   3456 |  3456 |    24 | 1.00 | 0.67 |        50.5 |    54.8 |    42.1 
 abcijk-ijmc-mkab |   3456 |  3456 |    24 | 1.00 | 0.67 |        57.0 |    64.7 |    47.3 
 abcijk-ikma-mjbc |   6912 |  1728 |    24 | 1.00 | 0.97 |        51.4 |    56.4 |    43.1 
 abcijk-ikmb-mjac |   3456 |  3456 |    24 | 1.00 | 0.67 |        50.4 |    54.7 |    42.1 
 abcijk-ikmc-mjab |   3456 |  3456 |    24 | 1.00 | 0.67 |        57.1 |    64.7 |    47.3 
 abcijk-jkma-mibc |   6912 |  1728 |    24 | 1.00 | 0.97 |        51.4 |    56.2 |    43.6 
 abcijk-jkmb-miac |   3456 |  3456 |    24 | 1.00 | 0.67 |        51.1 |    55.2 |    42.7 
 abcijk-jkmc-miab |   3456 |  3456 |    24 | 1.00 | 0.67 |        57.3 |    65.0 |    47.6 
 abcijk-eiab-jkec |   3456 |  3456 |    24 | 1.00 | 0.67 |        56.7 |    64.0 |    47.0 
 abcijk-eiac-jkeb |   3456 |  3456 |    24 | 1.00 | 0.67 |        50.5 |    54.5 |    42.0 
 abcijk-eibc-jkea |   1728 |  6912 |    24 | 1.00 | 0.97 |        51.5 |    56.3 |    43.5 
 abcijk-ejab-ikec |   3456 |  3456 |    24 | 1.00 | 0.67 |        56.7 |    64.2 |    47.0 
 abcijk-ejac-ikeb |   3456 |  3456 |    24 | 1.00 | 0.67 |        50.3 |    54.4 |    41.9 
 abcijk-ejbc-ikea |   1728 |  6912 |    24 | 1.00 | 0.97 |        51.3 |    56.2 |    43.2 
 abcijk-ekab-ijec |   3456 |  3456 |    24 | 1.00 | 0.67 |        56.7 |    64.1 |    47.0 
 abcijk-ekac-ijeb |   3456 |  3456 |    24 | 1.00 | 0.67 |        50.5 |    54.6 |    42.0 
 abcijk-ekbc-ijea |   1728 |  6912 |    24 | 1.00 | 0.97 |        51.5 |    56.4 |    43.4 
       abc-bk-akc |    144 | 18432 |   128 | 1.00 | 1.00 |        77.7 |    81.5 |    74.1 

=== complex efficiency ratio (c64 GF/s over f64 GF/s; 1.0 = no penalty) ===
             case | planar c64/f64 | 1m c64/f64 | 3m c64/f64 
------------------+----------------+------------+------------
         ij-ik-kj |          1.087 |      1.104 |      1.070 
       ij-ikl-ljk |          1.381 |      1.495 |      1.230 
       ij-kil-lkj |          1.490 |      1.552 |      1.539 
       ijk-ikl-lj |          1.498 |      1.526 |      1.421 
       ijk-il-jlk |          1.498 |      1.566 |      1.306 
       ijk-ilk-jl |          1.302 |      1.407 |      1.110 
       ijk-ilk-lj |          1.326 |      1.393 |      1.130 
     ijk-ilmk-mjl |          1.321 |      1.373 |      0.969 
   ijkl-imjn-lnkm |          1.109 |      1.146 |      1.105 
   ijkl-imjn-nlmk |          1.106 |      1.143 |      1.065 
   ijkl-imkn-jnlm |          1.114 |      1.122 |      1.055 
   ijkl-imkn-njml |          1.111 |      1.123 |      1.049 
   ijkl-imln-jnkm |          1.106 |      1.118 |      1.048 
   ijkl-imln-njmk |          1.113 |      1.126 |      1.046 
   ijkl-imnj-nlkm |          1.093 |      1.134 |      1.057 
   ijkl-imnk-njml |          1.112 |      1.126 |      1.051 
   ijkl-minj-nlmk |          1.118 |      1.139 |      1.124 
   ijkl-mink-jnlm |          1.129 |      1.137 |      1.112 
   ijkl-minl-njmk |          1.316 |      1.288 |      1.284 
     aqrs-pa-pqrs |          1.787 |      1.933 |      1.638 
     abrs-qb-aqrs |          1.585 |      1.655 |      1.251 
     abcs-rc-abrs |          2.110 |      2.182 |      1.936 
       abj-bka-kj |          1.191 |      1.192 |      1.178 
       ajb-kba-jk |          1.182 |      1.253 |      1.179 
     abjc-cbka-kj |          1.371 |      1.157 |      1.271 
     ajbc-ckba-jk |          1.020 |      0.958 |      0.990 
     abjc-kbac-jk |          1.486 |      1.623 |      1.403 
   abjcd-dkbac-jk |          2.219 |      2.033 |      2.007 
   adbjc-cbdka-kj |          2.319 |      1.926 |      2.097 
   ajbdc-ckbad-jk |          2.207 |      2.035 |      2.009 
 abcijk-ijma-mkbc |          1.273 |      1.392 |      1.069 
 abcijk-ijmb-mkac |          1.434 |      1.559 |      1.197 
 abcijk-ijmc-mkab |          1.319 |      1.497 |      1.093 
 abcijk-ikma-mjbc |          1.279 |      1.405 |      1.073 
 abcijk-ikmb-mjac |          1.424 |      1.547 |      1.189 
 abcijk-ikmc-mjab |          1.314 |      1.490 |      1.088 
 abcijk-jkma-mibc |          1.243 |      1.359 |      1.054 
 abcijk-jkmb-miac |          1.445 |      1.561 |      1.207 
 abcijk-jkmc-miab |          1.322 |      1.498 |      1.098 
 abcijk-eiab-jkec |          1.311 |      1.478 |      1.086 
 abcijk-eiac-jkeb |          1.420 |      1.532 |      1.181 
 abcijk-eibc-jkea |          1.250 |      1.368 |      1.056 
 abcijk-ejab-ikec |          1.303 |      1.473 |      1.079 
 abcijk-ejac-ikeb |          1.417 |      1.533 |      1.180 
 abcijk-ejbc-ikea |          1.276 |      1.398 |      1.074 
 abcijk-ekab-ijec |          1.319 |      1.492 |      1.093 
 abcijk-ekac-ijeb |          1.419 |      1.535 |      1.181 
 abcijk-ekbc-ijea |          1.284 |      1.407 |      1.082 
       abc-bk-akc |          1.369 |      1.437 |      1.307 
             MEAN |          1.372 |      1.427 |      1.227 

wrote bench-results/worker5086-zen2/phase4g/sm-guard-s16-t2-f64c64.csv
