host        : worker5086
target      : x86_64 / linux
cpu features: avx2 fma 
caches      : L1=32KiB/8-way/1sh L2=512KiB/8-way/1sh L3=16384KiB/16-way/4sh (via sysfs), blocking=legacy
l3 domains  : t1=1
baselines   : tblis=false blas=false

sweeping 49 cases at 16 MiB nominal tensor size, 3 reps, stress=none


=== f32 ===
             case |      m |     n |     k | regA | regB | planar GF/s | 1m GF/s | 3m GF/s 
------------------+--------+-------+-------+------+------+-------------+---------+---------
         ij-ik-kj |   1464 |  1448 |  1464 | 1.00 | 1.00 |        80.9 |    80.9 |    80.9 
       ij-ikl-ljk |    144 |   128 | 18432 | 1.00 | 1.00 |        43.2 |    43.2 |    43.2 
       ij-kil-lkj |    144 |   128 | 20736 | 1.00 | 1.00 |        43.6 |    43.6 |    43.6 
       ijk-ikl-lj |  18432 |   128 |   144 | 1.00 | 1.00 |        40.8 |    40.8 |    40.8 
       ijk-il-jlk |    144 | 18432 |   128 | 1.00 | 1.00 |        52.1 |    52.1 |    52.1 
       ijk-ilk-jl |  18432 |   144 |   128 | 1.00 | 1.00 |        63.9 |    63.9 |    63.9 
       ijk-ilk-lj |  18432 |   128 |   144 | 1.00 | 1.00 |        62.3 |    62.3 |    62.3 
     ijk-ilmk-mjl |   1920 |    40 |  1920 | 1.00 | 1.00 |        56.3 |    56.3 |    56.3 
   ijkl-imjn-lnkm |   1920 |  1920 |  1600 | 1.00 | 0.90 |        82.7 |    82.7 |    82.7 
   ijkl-imjn-nlmk |   1920 |  1600 |  1920 | 1.00 | 0.90 |        83.5 |    83.5 |    83.5 
   ijkl-imkn-jnlm |   1920 |  1920 |  1600 | 1.00 | 1.00 |        77.7 |    77.7 |    77.7 
   ijkl-imkn-njml |   1920 |  1600 |  1920 | 1.00 | 0.90 |        81.9 |    81.9 |    81.9 
   ijkl-imln-jnkm |   1920 |  1920 |  1600 | 1.00 | 1.00 |        78.9 |    78.9 |    78.9 
   ijkl-imln-njmk |   1920 |  1600 |  1920 | 1.00 | 0.90 |        82.6 |    82.6 |    82.6 
   ijkl-imnj-nlkm |   1920 |  1600 |  1920 | 1.00 | 0.90 |        83.4 |    83.4 |    83.4 
   ijkl-imnk-njml |   1920 |  1600 |  1920 | 1.00 | 0.90 |        82.0 |    82.0 |    82.0 
   ijkl-minj-nlmk |   1920 |  1600 |  2304 | 1.00 | 0.90 |        83.4 |    83.4 |    83.4 
   ijkl-mink-jnlm |   1920 |  1920 |  1920 | 1.00 | 1.00 |        79.3 |    79.3 |    79.3 
   ijkl-minl-njmk |   1920 |  1600 |  2304 | 1.00 | 0.90 |        82.7 |    82.7 |    82.7 
     aqrs-pa-pqrs |     48 | 64000 |    48 | 1.00 | 1.00 |        38.1 |    38.1 |    38.1 
     abrs-qb-aqrs |     40 | 76800 |    48 | 1.00 | 1.00 |        36.5 |    36.5 |    36.5 
     abcs-rc-abrs |     40 | 76800 |    48 | 1.00 | 1.00 |        29.8 |    29.8 |    29.8 
       abj-bka-kj |  20736 |   128 |   144 | 1.00 | 1.00 |        57.1 |    57.1 |    57.1 
       ajb-kba-jk |  18432 |   144 |   144 | 1.00 | 1.00 |        57.2 |    57.2 |    57.2 
     abjc-cbka-kj |  92160 |    40 |    48 | 1.00 | 1.00 |        21.2 |    21.2 |    21.2 
     ajbc-ckba-jk |  92160 |    48 |    40 | 1.00 | 1.00 |        22.8 |    22.8 |    22.8 
     abjc-kbac-jk |  76800 |    48 |    48 | 1.00 | 1.00 |        39.6 |    39.6 |    39.6 
   abjcd-dkbac-jk | 230400 |    24 |    20 | 0.67 | 1.00 |         8.4 |     8.4 |     8.4 
   adbjc-cbdka-kj | 230400 |    20 |    24 | 0.67 | 1.00 |         6.1 |     6.1 |     6.1 
   ajbdc-ckbad-jk | 230400 |    24 |    20 | 1.00 | 1.00 |         8.4 |     8.4 |     8.4 
 abcijk-ijma-mkbc |   6912 |  1728 |    24 | 1.00 | 1.00 |        30.8 |    30.8 |    30.8 
 abcijk-ijmb-mkac |   3456 |  3456 |    24 | 1.00 | 1.00 |        25.8 |    25.8 |    25.8 
 abcijk-ijmc-mkab |   3456 |  3456 |    24 | 1.00 | 1.00 |        37.5 |    37.5 |    37.5 
 abcijk-ikma-mjbc |   6912 |  1728 |    24 | 1.00 | 1.00 |        30.5 |    30.5 |    30.5 
 abcijk-ikmb-mjac |   3456 |  3456 |    24 | 1.00 | 1.00 |        25.7 |    25.7 |    25.7 
 abcijk-ikmc-mjab |   3456 |  3456 |    24 | 1.00 | 1.00 |        37.6 |    37.6 |    37.6 
 abcijk-jkma-mibc |   6912 |  1728 |    24 | 1.00 | 1.00 |        30.8 |    30.8 |    30.8 
 abcijk-jkmb-miac |   3456 |  3456 |    24 | 1.00 | 1.00 |        25.7 |    25.7 |    25.7 
 abcijk-jkmc-miab |   3456 |  3456 |    24 | 1.00 | 1.00 |        36.9 |    36.9 |    36.9 
 abcijk-eiab-jkec |   3456 |  3456 |    24 | 1.00 | 1.00 |        37.7 |    37.7 |    37.7 
 abcijk-eiac-jkeb |   3456 |  3456 |    24 | 1.00 | 1.00 |        25.2 |    25.2 |    25.2 
 abcijk-eibc-jkea |   1728 |  6912 |    24 | 1.00 | 1.00 |        31.5 |    31.5 |    31.5 
 abcijk-ejab-ikec |   3456 |  3456 |    24 | 1.00 | 1.00 |        37.0 |    37.0 |    37.0 
 abcijk-ejac-ikeb |   3456 |  3456 |    24 | 1.00 | 1.00 |        26.2 |    26.2 |    26.2 
 abcijk-ejbc-ikea |   1728 |  6912 |    24 | 1.00 | 1.00 |        30.5 |    30.5 |    30.5 
 abcijk-ekab-ijec |   3456 |  3456 |    24 | 1.00 | 1.00 |        37.9 |    37.9 |    37.9 
 abcijk-ekac-ijeb |   3456 |  3456 |    24 | 1.00 | 1.00 |        25.2 |    25.2 |    25.2 
 abcijk-ekbc-ijea |   1728 |  6912 |    24 | 1.00 | 1.00 |        31.1 |    31.1 |    31.1 
       abc-bk-akc |    144 | 18432 |   128 | 1.00 | 1.00 |        64.0 |    64.0 |    64.0 

=== c32 ===
             case |      m |     n |     k | regA | regB | planar GF/s | 1m GF/s | 3m GF/s 
------------------+--------+-------+-------+------+------+-------------+---------+---------
         ij-ik-kj |   1464 |  1448 |  1464 | 1.00 | 1.00 |        83.5 |    84.8 |    82.6 
       ij-ikl-ljk |    144 |   128 | 18432 | 1.00 | 1.00 |        61.3 |    52.2 |    51.5 
       ij-kil-lkj |    144 |   128 | 20736 | 1.00 | 1.00 |        63.8 |    63.1 |    63.3 
       ijk-ikl-lj |  18432 |   128 |   144 | 1.00 | 1.00 |        55.7 |    50.8 |    49.0 
       ijk-il-jlk |    144 | 18432 |   128 | 1.00 | 0.97 |        68.9 |    66.8 |    72.5 
       ijk-ilk-jl |  18432 |   144 |   128 | 1.00 | 1.00 |        67.1 |    61.8 |    71.6 
       ijk-ilk-lj |  18432 |   128 |   144 | 1.00 | 1.00 |        61.8 |    61.7 |    59.4 
     ijk-ilmk-mjl |   1920 |    40 |  1920 | 1.00 | 1.00 |        52.7 |    48.2 |    45.5 
   ijkl-imjn-lnkm |   1920 |  1920 |  1600 | 1.00 | 1.00 |        85.1 |    85.7 |    84.5 
   ijkl-imjn-nlmk |   1920 |  1600 |  1920 | 1.00 | 1.00 |        85.3 |    86.4 |    85.1 
   ijkl-imkn-jnlm |   1920 |  1920 |  1600 | 1.00 | 0.92 |        81.0 |    83.2 |    81.3 
   ijkl-imkn-njml |   1920 |  1600 |  1920 | 1.00 | 1.00 |        82.4 |    84.7 |    82.1 
   ijkl-imln-jnkm |   1920 |  1920 |  1600 | 1.00 | 0.92 |        81.4 |    83.6 |    81.3 
   ijkl-imln-njmk |   1920 |  1600 |  1920 | 1.00 | 1.00 |        82.9 |    85.3 |    82.7 
   ijkl-imnj-nlkm |   1920 |  1600 |  1920 | 1.00 | 1.00 |        85.5 |    85.8 |    84.1 
   ijkl-imnk-njml |   1920 |  1600 |  1920 | 1.00 | 1.00 |        83.0 |    85.4 |    81.9 
   ijkl-minj-nlmk |   1920 |  1600 |  2304 | 1.00 | 1.00 |        84.7 |    85.9 |    85.2 
   ijkl-mink-jnlm |   1920 |  1920 |  1920 | 1.00 | 0.92 |        82.2 |    84.6 |    83.8 
   ijkl-minl-njmk |   1920 |  1600 |  2304 | 1.00 | 1.00 |        81.9 |    84.9 |    82.4 
     aqrs-pa-pqrs |     48 | 64000 |    48 | 1.00 | 1.00 |        43.6 |    46.7 |    44.5 
     abrs-qb-aqrs |     40 | 76800 |    48 | 1.00 | 1.00 |        46.2 |    47.6 |    47.3 
     abcs-rc-abrs |     40 | 76800 |    48 | 1.00 | 1.00 |        38.3 |    41.4 |    46.2 
       abj-bka-kj |  20736 |   128 |   144 | 1.00 | 1.00 |        68.9 |    68.1 |    70.4 
       ajb-kba-jk |  18432 |   144 |   144 | 1.00 | 1.00 |        78.7 |    82.7 |    83.3 
     abjc-cbka-kj |  92160 |    40 |    48 | 1.00 | 1.00 |        37.4 |    34.2 |    35.1 
     ajbc-ckba-jk |  92160 |    48 |    40 | 1.00 | 1.00 |        41.2 |    40.4 |    40.9 
     abjc-kbac-jk |  76800 |    48 |    48 | 1.00 | 1.00 |        56.7 |    55.0 |    52.4 
   abjcd-dkbac-jk | 230400 |    24 |    20 | 1.00 | 1.00 |        24.0 |    22.1 |    22.4 
   adbjc-cbdka-kj | 230400 |    20 |    24 | 1.00 | 1.00 |        13.6 |     9.0 |    10.5 
   ajbdc-ckbad-jk | 230400 |    24 |    20 | 1.00 | 1.00 |        23.5 |    22.8 |    22.5 
 abcijk-ijma-mkbc |   6912 |  1728 |    24 | 1.00 | 0.97 |        51.1 |    58.0 |    50.4 
 abcijk-ijmb-mkac |   3456 |  3456 |    24 | 1.00 | 0.67 |        45.4 |    53.1 |    45.7 
 abcijk-ijmc-mkab |   3456 |  3456 |    24 | 1.00 | 0.67 |        52.3 |    60.1 |    50.8 
 abcijk-ikma-mjbc |   6912 |  1728 |    24 | 1.00 | 0.97 |        50.9 |    58.0 |    50.3 
 abcijk-ikmb-mjac |   3456 |  3456 |    24 | 1.00 | 0.67 |        45.5 |    53.0 |    45.9 
 abcijk-ikmc-mjab |   3456 |  3456 |    24 | 1.00 | 0.67 |        52.2 |    60.4 |    50.6 
 abcijk-jkma-mibc |   6912 |  1728 |    24 | 1.00 | 0.97 |        51.6 |    59.0 |    51.3 
 abcijk-jkmb-miac |   3456 |  3456 |    24 | 1.00 | 0.67 |        45.4 |    53.4 |    45.9 
 abcijk-jkmc-miab |   3456 |  3456 |    24 | 1.00 | 0.67 |        52.4 |    60.7 |    50.9 
 abcijk-eiab-jkec |   3456 |  3456 |    24 | 1.00 | 0.67 |        52.2 |    60.3 |    50.7 
 abcijk-eiac-jkeb |   3456 |  3456 |    24 | 1.00 | 0.67 |        45.3 |    52.9 |    45.5 
 abcijk-eibc-jkea |   1728 |  6912 |    24 | 1.00 | 0.97 |        50.9 |    58.9 |    51.3 
 abcijk-ejab-ikec |   3456 |  3456 |    24 | 1.00 | 0.67 |        51.8 |    59.7 |    50.5 
 abcijk-ejac-ikeb |   3456 |  3456 |    24 | 1.00 | 0.67 |        45.1 |    52.7 |    45.4 
 abcijk-ejbc-ikea |   1728 |  6912 |    24 | 1.00 | 0.97 |        50.8 |    57.8 |    50.4 
 abcijk-ekab-ijec |   3456 |  3456 |    24 | 1.00 | 0.67 |        51.9 |    59.8 |    50.3 
 abcijk-ekac-ijeb |   3456 |  3456 |    24 | 1.00 | 0.67 |        45.2 |    52.8 |    45.6 
 abcijk-ekbc-ijea |   1728 |  6912 |    24 | 1.00 | 0.97 |        50.9 |    57.9 |    50.4 
       abc-bk-akc |    144 | 18432 |   128 | 1.00 | 1.00 |        66.6 |    67.0 |    63.9 

=== complex efficiency ratio (c32 GF/s over f32 GF/s; 1.0 = no penalty) ===
             case | planar c32/f32 | 1m c32/f32 | 3m c32/f32 
------------------+----------------+------------+------------
         ij-ik-kj |          1.032 |      1.049 |      1.021 
       ij-ikl-ljk |          1.418 |      1.207 |      1.190 
       ij-kil-lkj |          1.462 |      1.447 |      1.451 
       ijk-ikl-lj |          1.364 |      1.244 |      1.201 
       ijk-il-jlk |          1.323 |      1.282 |      1.391 
       ijk-ilk-jl |          1.050 |      0.967 |      1.121 
       ijk-ilk-lj |          0.992 |      0.990 |      0.954 
     ijk-ilmk-mjl |          0.936 |      0.856 |      0.809 
   ijkl-imjn-lnkm |          1.030 |      1.037 |      1.023 
   ijkl-imjn-nlmk |          1.022 |      1.035 |      1.020 
   ijkl-imkn-jnlm |          1.043 |      1.071 |      1.047 
   ijkl-imkn-njml |          1.006 |      1.034 |      1.002 
   ijkl-imln-jnkm |          1.032 |      1.059 |      1.030 
   ijkl-imln-njmk |          1.003 |      1.032 |      1.001 
   ijkl-imnj-nlkm |          1.025 |      1.028 |      1.008 
   ijkl-imnk-njml |          1.012 |      1.042 |      0.998 
   ijkl-minj-nlmk |          1.016 |      1.030 |      1.021 
   ijkl-mink-jnlm |          1.037 |      1.067 |      1.057 
   ijkl-minl-njmk |          0.989 |      1.026 |      0.996 
     aqrs-pa-pqrs |          1.145 |      1.226 |      1.168 
     abrs-qb-aqrs |          1.266 |      1.305 |      1.297 
     abcs-rc-abrs |          1.285 |      1.389 |      1.548 
       abj-bka-kj |          1.208 |      1.193 |      1.234 
       ajb-kba-jk |          1.376 |      1.445 |      1.455 
     abjc-cbka-kj |          1.762 |      1.612 |      1.651 
     ajbc-ckba-jk |          1.806 |      1.770 |      1.792 
     abjc-kbac-jk |          1.432 |      1.388 |      1.324 
   abjcd-dkbac-jk |          2.839 |      2.616 |      2.650 
   adbjc-cbdka-kj |          2.228 |      1.479 |      1.727 
   ajbdc-ckbad-jk |          2.809 |      2.725 |      2.685 
 abcijk-ijma-mkbc |          1.660 |      1.885 |      1.636 
 abcijk-ijmb-mkac |          1.762 |      2.058 |      1.773 
 abcijk-ijmc-mkab |          1.395 |      1.604 |      1.356 
 abcijk-ikma-mjbc |          1.668 |      1.898 |      1.647 
 abcijk-ikmb-mjac |          1.771 |      2.061 |      1.784 
 abcijk-ikmc-mjab |          1.387 |      1.604 |      1.344 
 abcijk-jkma-mibc |          1.672 |      1.914 |      1.663 
 abcijk-jkmb-miac |          1.768 |      2.081 |      1.789 
 abcijk-jkmc-miab |          1.421 |      1.644 |      1.379 
 abcijk-eiab-jkec |          1.384 |      1.600 |      1.343 
 abcijk-eiac-jkeb |          1.799 |      2.099 |      1.805 
 abcijk-eibc-jkea |          1.613 |      1.869 |      1.628 
 abcijk-ejab-ikec |          1.401 |      1.613 |      1.364 
 abcijk-ejac-ikeb |          1.724 |      2.015 |      1.733 
 abcijk-ejbc-ikea |          1.666 |      1.897 |      1.654 
 abcijk-ekab-ijec |          1.367 |      1.577 |      1.325 
 abcijk-ekac-ijeb |          1.792 |      2.095 |      1.809 
 abcijk-ekbc-ijea |          1.640 |      1.865 |      1.624 
       abc-bk-akc |          1.041 |      1.047 |      0.998 
             MEAN |          1.426 |      1.491 |      1.398 

wrote bench-results/worker5086-zen2/phase4g/sm-guard-s16-t1-f32c32.csv
