host        : worker5086
target      : x86_64 / linux
cpu features: avx2 fma 
caches      : L1=32KiB/8-way/1sh L2=512KiB/8-way/1sh L3=16384KiB/16-way/4sh (via sysfs), blocking=legacy
l3 domains  : t1=1 t4=1 t8=2 t16=4 t32=8 t64=16 t128=32
baselines   : tblis=false blas=false

sweeping 49 cases at 0.25 MiB nominal tensor size, 96 reps, stress=none


=== f64 ===
             case |     m |    n |    k | regA | regB | planar GF/s | 1m GF/s | 3m GF/s 
------------------+-------+------+------+------+------+-------------+---------+---------
         ij-ik-kj |   192 |  180 |  192 | 1.00 | 1.00 |        45.7 |    45.7 |    45.7 
       ij-ikl-ljk |    48 |   32 | 1536 | 1.00 | 1.00 |        21.5 |    21.5 |    21.5 
       ij-kil-lkj |    48 |   32 | 2304 | 1.00 | 1.00 |        20.2 |    20.2 |    20.2 
       ijk-ikl-lj |  1536 |   32 |   48 | 1.00 | 1.00 |        23.4 |    23.4 |    23.4 
       ijk-il-jlk |    48 | 1536 |   32 | 1.00 | 1.00 |        22.5 |    22.5 |    22.5 
       ijk-ilk-jl |  1536 |   48 |   32 | 1.00 | 1.00 |        24.2 |    24.2 |    24.2 
       ijk-ilk-lj |  1536 |   32 |   48 | 1.00 | 1.00 |        23.8 |    23.8 |    23.8 
     ijk-ilmk-mjl |   288 |   12 |  288 | 1.00 | 1.00 |        19.2 |    19.2 |    19.2 
   ijkl-imjn-lnkm |   288 |  288 |  144 | 1.00 | 1.00 |        52.6 |    52.6 |    52.6 
   ijkl-imjn-nlmk |   288 |  144 |  288 | 1.00 | 1.00 |        48.9 |    48.9 |    48.9 
   ijkl-imkn-jnlm |   288 |  288 |  144 | 1.00 | 1.00 |        63.8 |    63.8 |    63.8 
   ijkl-imkn-njml |   288 |  144 |  288 | 1.00 | 1.00 |        52.8 |    52.8 |    52.8 
   ijkl-imln-jnkm |   288 |  288 |  144 | 1.00 | 1.00 |        60.0 |    60.0 |    60.0 
   ijkl-imln-njmk |   288 |  144 |  288 | 1.00 | 1.00 |        53.3 |    53.3 |    53.3 
   ijkl-imnj-nlkm |   288 |  144 |  288 | 1.00 | 1.00 |        48.6 |    48.6 |    48.6 
   ijkl-imnk-njml |   288 |  144 |  288 | 1.00 | 1.00 |        51.2 |    51.2 |    51.2 
   ijkl-minj-nlmk |   288 |  144 |  576 | 1.00 | 1.00 |        74.1 |    74.1 |    74.1 
   ijkl-mink-jnlm |   288 |  288 |  288 | 1.00 | 1.00 |        86.5 |    86.5 |    86.5 
   ijkl-minl-njmk |   288 |  144 |  576 | 1.00 | 1.00 |        80.2 |    80.2 |    80.2 
     aqrs-pa-pqrs |    24 | 1728 |   24 | 1.00 | 1.00 |        16.1 |    16.1 |    16.1 
     abrs-qb-aqrs |    12 | 3456 |   24 | 1.00 | 1.00 |        14.1 |    14.1 |    14.1 
     abcs-rc-abrs |    12 | 3456 |   24 | 1.00 | 1.00 |        14.5 |    14.5 |    14.5 
       abj-bka-kj |  2304 |   32 |   48 | 1.00 | 1.00 |        21.1 |    21.1 |    21.1 
       ajb-kba-jk |  1536 |   48 |   48 | 1.00 | 1.00 |        26.6 |    26.6 |    26.6 
     abjc-cbka-kj |  6912 |   12 |   24 | 1.00 | 1.00 |        10.8 |    10.8 |    10.8 
     ajbc-ckba-jk |  6912 |   24 |   12 | 1.00 | 1.00 |        12.2 |    12.2 |    12.2 
     abjc-kbac-jk |  3456 |   24 |   24 | 1.00 | 1.00 |        17.9 |    17.9 |    17.9 
   abjcd-dkbac-jk | 36864 |   24 |    8 | 1.00 | 1.00 |        15.7 |    15.7 |    15.7 
   adbjc-cbdka-kj | 36864 |    8 |   24 | 1.00 | 1.00 |         5.0 |     5.0 |     5.0 
   ajbdc-ckbad-jk | 36864 |   24 |    8 | 1.00 | 1.00 |        15.2 |    15.2 |    15.2 
 abcijk-ijma-mkbc |  2304 |   64 |   24 | 1.00 | 0.82 |        21.1 |    21.1 |    21.1 
 abcijk-ijmb-mkac |   384 |  384 |   24 | 1.00 | 0.00 |        24.7 |    24.7 |    24.7 
 abcijk-ijmc-mkab |   384 |  384 |   24 | 1.00 | 0.00 |        24.7 |    24.7 |    24.7 
 abcijk-ikma-mjbc |  2304 |   64 |   24 | 1.00 | 0.82 |        21.2 |    21.2 |    21.2 
 abcijk-ikmb-mjac |   384 |  384 |   24 | 1.00 | 0.00 |        24.7 |    24.7 |    24.7 
 abcijk-ikmc-mjab |   384 |  384 |   24 | 1.00 | 0.00 |        24.7 |    24.7 |    24.7 
 abcijk-jkma-mibc |  2304 |   64 |   24 | 1.00 | 0.82 |        21.2 |    21.2 |    21.2 
 abcijk-jkmb-miac |   384 |  384 |   24 | 1.00 | 0.00 |        24.8 |    24.8 |    24.8 
 abcijk-jkmc-miab |   384 |  384 |   24 | 1.00 | 0.00 |        24.6 |    24.6 |    24.6 
 abcijk-eiab-jkec |   384 |  384 |   24 | 1.00 | 0.00 |        24.6 |    24.6 |    24.6 
 abcijk-eiac-jkeb |   384 |  384 |   24 | 1.00 | 0.00 |        24.8 |    24.8 |    24.8 
 abcijk-eibc-jkea |    64 | 2304 |   24 | 1.00 | 0.82 |        21.2 |    21.2 |    21.2 
 abcijk-ejab-ikec |   384 |  384 |   24 | 1.00 | 0.00 |        24.7 |    24.7 |    24.7 
 abcijk-ejac-ikeb |   384 |  384 |   24 | 1.00 | 0.00 |        24.7 |    24.7 |    24.7 
 abcijk-ejbc-ikea |    64 | 2304 |   24 | 1.00 | 0.82 |        21.1 |    21.1 |    21.1 
 abcijk-ekab-ijec |   384 |  384 |   24 | 1.00 | 0.00 |        24.7 |    24.7 |    24.7 
 abcijk-ekac-ijeb |   384 |  384 |   24 | 1.00 | 0.00 |        24.7 |    24.7 |    24.7 
 abcijk-ekbc-ijea |    64 | 2304 |   24 | 1.00 | 0.82 |        21.1 |    21.1 |    21.1 
       abc-bk-akc |    48 | 1536 |   32 | 1.00 | 1.00 |        24.4 |    24.4 |    24.4 

=== c64 ===
             case |     m |    n |    k | regA | regB | planar GF/s | 1m GF/s | 3m GF/s 
------------------+-------+------+------+------+------+-------------+---------+---------
         ij-ik-kj |   192 |  180 |  192 | 1.00 | 1.00 |       110.4 |   106.0 |    87.6 
       ij-ikl-ljk |    48 |   32 | 1536 | 1.00 | 1.00 |        45.8 |    33.3 |    35.2 
       ij-kil-lkj |    48 |   32 | 2304 | 1.00 | 1.00 |        56.2 |    50.1 |    48.7 
       ijk-ikl-lj |  1536 |   32 |   48 | 1.00 | 1.00 |        57.2 |    51.5 |    43.7 
       ijk-il-jlk |    48 | 1536 |   32 | 1.00 | 0.92 |        44.6 |    45.7 |    31.4 
       ijk-ilk-jl |  1536 |   48 |   32 | 1.00 | 1.00 |        57.4 |    59.1 |    41.4 
       ijk-ilk-lj |  1536 |   32 |   48 | 1.00 | 1.00 |        58.2 |    52.1 |    45.3 
     ijk-ilmk-mjl |   288 |   12 |  288 | 1.00 | 1.00 |        24.5 |    24.8 |    26.8 
   ijkl-imjn-lnkm |   288 |  288 |  144 | 1.00 | 0.67 |       122.3 |   119.3 |   135.3 
   ijkl-imjn-nlmk |   288 |  144 |  288 | 1.00 | 0.69 |       115.1 |   108.7 |   119.9 
   ijkl-imkn-jnlm |   288 |  288 |  144 | 1.00 | 0.84 |       126.9 |   122.7 |   136.1 
   ijkl-imkn-njml |   288 |  144 |  288 | 1.00 | 0.69 |       115.8 |   111.3 |   122.2 
   ijkl-imln-jnkm |   288 |  288 |  144 | 1.00 | 0.84 |       111.4 |   126.3 |   137.0 
   ijkl-imln-njmk |   288 |  144 |  288 | 1.00 | 0.69 |       112.4 |   113.0 |   123.2 
   ijkl-imnj-nlkm |   288 |  144 |  288 | 1.00 | 0.69 |       113.9 |   111.0 |   117.5 
   ijkl-imnk-njml |   288 |  144 |  288 | 1.00 | 0.69 |       116.0 |   112.6 |   122.2 
   ijkl-minj-nlmk |   288 |  144 |  576 | 1.00 | 0.69 |        92.4 |    92.4 |   112.6 
   ijkl-mink-jnlm |   288 |  288 |  288 | 1.00 | 0.84 |        99.9 |    99.5 |   109.6 
   ijkl-minl-njmk |   288 |  144 |  576 | 1.00 | 0.69 |        93.1 |    94.8 |   112.5 
     aqrs-pa-pqrs |    24 | 1728 |   24 | 1.00 | 1.00 |        24.3 |    27.6 |    20.2 
     abrs-qb-aqrs |    12 | 3456 |   24 | 1.00 | 1.00 |        18.4 |    20.6 |    17.6 
     abcs-rc-abrs |    12 | 3456 |   24 | 1.00 | 1.00 |        18.8 |    20.7 |    17.6 
       abj-bka-kj |  2304 |   32 |   48 | 1.00 | 1.00 |        70.0 |    62.6 |    55.3 
       ajb-kba-jk |  1536 |   48 |   48 | 1.00 | 1.00 |        75.6 |    73.9 |    60.2 
     abjc-cbka-kj |  6912 |   12 |   24 | 1.00 | 1.00 |        26.2 |    27.7 |    15.4 
     ajbc-ckba-jk |  6912 |   24 |   12 | 1.00 | 1.00 |        28.8 |    31.3 |    13.5 
     abjc-kbac-jk |  3456 |   24 |   24 | 1.00 | 1.00 |        38.1 |    40.0 |    20.7 
   abjcd-dkbac-jk | 36864 |   24 |    8 | 1.00 | 1.00 |        60.1 |    63.4 |    46.2 
   adbjc-cbdka-kj | 36864 |    8 |   24 | 1.00 | 1.00 |        39.3 |    36.9 |    36.1 
   ajbdc-ckbad-jk | 36864 |   24 |    8 | 1.00 | 1.00 |        54.1 |    62.3 |    43.5 
 abcijk-ijma-mkbc |  2304 |   64 |   24 | 1.00 | 0.77 |        70.7 |    67.9 |    50.7 
 abcijk-ijmb-mkac |   384 |  384 |   24 | 1.00 | 0.01 |        74.6 |    75.2 |    43.4 
 abcijk-ijmc-mkab |   384 |  384 |   24 | 1.00 | 0.01 |        74.4 |    74.6 |    44.6 
 abcijk-ikma-mjbc |  2304 |   64 |   24 | 1.00 | 0.77 |        71.5 |    68.0 |    50.7 
 abcijk-ikmb-mjac |   384 |  384 |   24 | 1.00 | 0.01 |        75.0 |    73.9 |    44.1 
 abcijk-ikmc-mjab |   384 |  384 |   24 | 1.00 | 0.01 |        74.0 |    74.2 |    47.6 
 abcijk-jkma-mibc |  2304 |   64 |   24 | 1.00 | 0.77 |        71.3 |    69.2 |    51.8 
 abcijk-jkmb-miac |   384 |  384 |   24 | 1.00 | 0.01 |        68.4 |    68.3 |    47.9 
 abcijk-jkmc-miab |   384 |  384 |   24 | 1.00 | 0.01 |        66.5 |    66.0 |    43.6 
 abcijk-eiab-jkec |   384 |  384 |   24 | 1.00 | 0.01 |        64.7 |    66.4 |    44.1 
 abcijk-eiac-jkeb |   384 |  384 |   24 | 1.00 | 0.01 |        69.3 |    69.0 |    47.2 
 abcijk-eibc-jkea |    64 | 2304 |   24 | 1.00 | 0.77 |        71.3 |    69.7 |    51.2 
 abcijk-ejab-ikec |   384 |  384 |   24 | 1.00 | 0.01 |        75.7 |    73.9 |    45.6 
 abcijk-ejac-ikeb |   384 |  384 |   24 | 1.00 | 0.01 |        76.0 |    73.8 |    45.2 
 abcijk-ejbc-ikea |    64 | 2304 |   24 | 1.00 | 0.77 |        71.3 |    68.5 |    50.7 
 abcijk-ekab-ijec |   384 |  384 |   24 | 1.00 | 0.01 |        75.2 |    73.1 |    44.0 
 abcijk-ekac-ijeb |   384 |  384 |   24 | 1.00 | 0.01 |        74.0 |    74.7 |    46.7 
 abcijk-ekbc-ijea |    64 | 2304 |   24 | 1.00 | 0.77 |        70.3 |    67.8 |    50.5 
       abc-bk-akc |    48 | 1536 |   32 | 1.00 | 1.00 |        56.3 |    56.2 |    41.5 

=== complex efficiency ratio (c64 GF/s over f64 GF/s; 1.0 = no penalty) ===
             case | planar c64/f64 | 1m c64/f64 | 3m c64/f64 
------------------+----------------+------------+------------
         ij-ik-kj |          2.416 |      2.320 |      1.918 
       ij-ikl-ljk |          2.130 |      1.546 |      1.637 
       ij-kil-lkj |          2.784 |      2.478 |      2.412 
       ijk-ikl-lj |          2.451 |      2.207 |      1.873 
       ijk-il-jlk |          1.978 |      2.025 |      1.393 
       ijk-ilk-jl |          2.368 |      2.437 |      1.708 
       ijk-ilk-lj |          2.443 |      2.187 |      1.902 
     ijk-ilmk-mjl |          1.276 |      1.293 |      1.396 
   ijkl-imjn-lnkm |          2.324 |      2.267 |      2.571 
   ijkl-imjn-nlmk |          2.352 |      2.222 |      2.451 
   ijkl-imkn-jnlm |          1.990 |      1.924 |      2.134 
   ijkl-imkn-njml |          2.193 |      2.107 |      2.314 
   ijkl-imln-jnkm |          1.856 |      2.105 |      2.283 
   ijkl-imln-njmk |          2.106 |      2.117 |      2.309 
   ijkl-imnj-nlkm |          2.342 |      2.282 |      2.416 
   ijkl-imnk-njml |          2.263 |      2.197 |      2.385 
   ijkl-minj-nlmk |          1.247 |      1.246 |      1.519 
   ijkl-mink-jnlm |          1.156 |      1.151 |      1.268 
   ijkl-minl-njmk |          1.162 |      1.182 |      1.403 
     aqrs-pa-pqrs |          1.508 |      1.714 |      1.251 
     abrs-qb-aqrs |          1.305 |      1.463 |      1.248 
     abcs-rc-abrs |          1.296 |      1.429 |      1.215 
       abj-bka-kj |          3.314 |      2.963 |      2.620 
       ajb-kba-jk |          2.845 |      2.783 |      2.265 
     abjc-cbka-kj |          2.416 |      2.563 |      1.423 
     ajbc-ckba-jk |          2.351 |      2.559 |      1.102 
     abjc-kbac-jk |          2.131 |      2.240 |      1.157 
   abjcd-dkbac-jk |          3.834 |      4.045 |      2.947 
   adbjc-cbdka-kj |          7.940 |      7.457 |      7.295 
   ajbdc-ckbad-jk |          3.546 |      4.084 |      2.849 
 abcijk-ijma-mkbc |          3.342 |      3.212 |      2.400 
 abcijk-ijmb-mkac |          3.017 |      3.037 |      1.754 
 abcijk-ijmc-mkab |          3.007 |      3.017 |      1.803 
 abcijk-ikma-mjbc |          3.379 |      3.214 |      2.395 
 abcijk-ikmb-mjac |          3.035 |      2.991 |      1.783 
 abcijk-ikmc-mjab |          2.995 |      3.001 |      1.925 
 abcijk-jkma-mibc |          3.363 |      3.263 |      2.446 
 abcijk-jkmb-miac |          2.760 |      2.759 |      1.935 
 abcijk-jkmc-miab |          2.704 |      2.682 |      1.772 
 abcijk-eiab-jkec |          2.627 |      2.696 |      1.792 
 abcijk-eiac-jkeb |          2.796 |      2.784 |      1.905 
 abcijk-eibc-jkea |          3.368 |      3.291 |      2.417 
 abcijk-ejab-ikec |          3.058 |      2.987 |      1.842 
 abcijk-ejac-ikeb |          3.073 |      2.984 |      1.829 
 abcijk-ejbc-ikea |          3.377 |      3.246 |      2.405 
 abcijk-ekab-ijec |          3.042 |      2.956 |      1.780 
 abcijk-ekac-ijeb |          2.993 |      3.023 |      1.891 
 abcijk-ekbc-ijea |          3.329 |      3.213 |      2.394 
       abc-bk-akc |          2.306 |      2.304 |      1.701 
             MEAN |          2.631 |      2.597 |      2.058 

wrote bench-results/worker5086-zen2/phase4g/sm-guard-s0.25-t64-f64c64.csv
