host        : worker5086
target      : x86_64 / linux
cpu features: avx2 fma 
caches      : L1=32KiB/8-way/1sh L2=512KiB/8-way/1sh L3=16384KiB/16-way/4sh (via sysfs), blocking=legacy
l3 domains  : t1=1 t4=1 t8=2 t16=4
baselines   : tblis=false blas=false

sweeping 49 cases at 1 MiB nominal tensor size, 24 reps, stress=none


=== f64 ===
             case |     m |    n |    k | regA | regB | planar GF/s | 1m GF/s | 3m GF/s 
------------------+-------+------+------+------+------+-------------+---------+---------
         ij-ik-kj |   384 |  364 |  384 | 1.00 | 1.00 |       119.6 |   119.6 |   119.6 
       ij-ikl-ljk |    72 |   52 | 3744 | 1.00 | 1.00 |        51.1 |    51.1 |    51.1 
       ij-kil-lkj |    72 |   52 | 5184 | 1.00 | 1.00 |        38.0 |    38.0 |    38.0 
       ijk-ikl-lj |  3744 |   52 |   72 | 1.00 | 1.00 |        77.0 |    77.0 |    77.0 
       ijk-il-jlk |    72 | 3744 |   52 | 1.00 | 1.00 |        40.9 |    40.9 |    40.9 
       ijk-ilk-jl |  3744 |   72 |   52 | 1.00 | 1.00 |        78.0 |    78.0 |    78.0 
       ijk-ilk-lj |  3744 |   52 |   72 | 1.00 | 1.00 |        75.3 |    75.3 |    75.3 
     ijk-ilmk-mjl |   480 |   20 |  480 | 1.00 | 1.00 |        23.5 |    23.5 |    23.5 
   ijkl-imjn-lnkm |   480 |  480 |  400 | 1.00 | 0.80 |       148.0 |   148.0 |   148.0 
   ijkl-imjn-nlmk |   480 |  400 |  480 | 1.00 | 0.81 |       162.1 |   162.1 |   162.1 
   ijkl-imkn-jnlm |   480 |  480 |  400 | 1.00 | 1.00 |       172.5 |   172.5 |   172.5 
   ijkl-imkn-njml |   480 |  400 |  480 | 1.00 | 0.81 |       161.5 |   161.5 |   161.5 
   ijkl-imln-jnkm |   480 |  480 |  400 | 1.00 | 1.00 |       180.9 |   180.9 |   180.9 
   ijkl-imln-njmk |   480 |  400 |  480 | 1.00 | 0.81 |       179.7 |   179.7 |   179.7 
   ijkl-imnj-nlkm |   480 |  400 |  480 | 1.00 | 0.81 |       155.7 |   155.7 |   155.7 
   ijkl-imnk-njml |   480 |  400 |  480 | 1.00 | 0.81 |       180.5 |   180.5 |   180.5 
   ijkl-minj-nlmk |   480 |  400 |  576 | 1.00 | 0.81 |       139.0 |   139.0 |   139.0 
   ijkl-mink-jnlm |   480 |  480 |  480 | 1.00 | 1.00 |       123.6 |   123.6 |   123.6 
   ijkl-minl-njmk |   480 |  400 |  576 | 1.00 | 0.81 |       165.4 |   165.4 |   165.4 
     aqrs-pa-pqrs |    24 | 8000 |   24 | 1.00 | 1.00 |        16.4 |    16.4 |    16.4 
     abrs-qb-aqrs |    20 | 9600 |   24 | 1.00 | 1.00 |        16.2 |    16.2 |    16.2 
     abcs-rc-abrs |    20 | 9600 |   24 | 1.00 | 1.00 |        15.9 |    15.9 |    15.9 
       abj-bka-kj |  5184 |   52 |   72 | 1.00 | 1.00 |        87.2 |    87.2 |    87.2 
       ajb-kba-jk |  3744 |   72 |   72 | 1.00 | 1.00 |       101.2 |   101.2 |   101.2 
     abjc-cbka-kj | 11520 |   20 |   24 | 1.00 | 1.00 |        12.9 |    12.9 |    12.9 
     ajbc-ckba-jk | 11520 |   24 |   20 | 1.00 | 1.00 |        15.2 |    15.2 |    15.2 
     abjc-kbac-jk |  9600 |   24 |   24 | 1.00 | 1.00 |        17.8 |    17.8 |    17.8 
   abjcd-dkbac-jk | 82944 |   24 |   12 | 1.00 | 1.00 |        38.6 |    38.6 |    38.6 
   adbjc-cbdka-kj | 82944 |   12 |   24 | 1.00 | 1.00 |        18.0 |    18.0 |    18.0 
   ajbdc-ckbad-jk | 82944 |   24 |   12 | 1.00 | 1.00 |        36.2 |    36.2 |    36.2 
 abcijk-ijma-mkbc |  4608 |  512 |   24 | 1.00 | 0.94 |       122.3 |   122.3 |   122.3 
 abcijk-ijmb-mkac |  1536 | 1536 |   24 | 1.00 | 0.50 |       152.3 |   152.3 |   152.3 
 abcijk-ijmc-mkab |  1536 | 1536 |   24 | 1.00 | 0.50 |       153.3 |   153.3 |   153.3 
 abcijk-ikma-mjbc |  4608 |  512 |   24 | 1.00 | 0.94 |       124.9 |   124.9 |   124.9 
 abcijk-ikmb-mjac |  1536 | 1536 |   24 | 1.00 | 0.50 |       155.7 |   155.7 |   155.7 
 abcijk-ikmc-mjab |  1536 | 1536 |   24 | 1.00 | 0.50 |       155.4 |   155.4 |   155.4 
 abcijk-jkma-mibc |  4608 |  512 |   24 | 1.00 | 0.94 |       118.2 |   118.2 |   118.2 
 abcijk-jkmb-miac |  1536 | 1536 |   24 | 1.00 | 0.50 |       153.5 |   153.5 |   153.5 
 abcijk-jkmc-miab |  1536 | 1536 |   24 | 1.00 | 0.50 |       154.8 |   154.8 |   154.8 
 abcijk-eiab-jkec |  1536 | 1536 |   24 | 1.00 | 0.50 |       153.6 |   153.6 |   153.6 
 abcijk-eiac-jkeb |  1536 | 1536 |   24 | 1.00 | 0.50 |       153.6 |   153.6 |   153.6 
 abcijk-eibc-jkea |   512 | 4608 |   24 | 1.00 | 0.94 |       116.9 |   116.9 |   116.9 
 abcijk-ejab-ikec |  1536 | 1536 |   24 | 1.00 | 0.50 |       156.5 |   156.5 |   156.5 
 abcijk-ejac-ikeb |  1536 | 1536 |   24 | 1.00 | 0.50 |       156.0 |   156.0 |   156.0 
 abcijk-ejbc-ikea |   512 | 4608 |   24 | 1.00 | 0.94 |       123.3 |   123.3 |   123.3 
 abcijk-ekab-ijec |  1536 | 1536 |   24 | 1.00 | 0.50 |       155.7 |   155.7 |   155.7 
 abcijk-ekac-ijeb |  1536 | 1536 |   24 | 1.00 | 0.50 |       154.0 |   154.0 |   154.0 
 abcijk-ekbc-ijea |   512 | 4608 |   24 | 1.00 | 0.94 |       124.2 |   124.2 |   124.2 
       abc-bk-akc |    72 | 3744 |   52 | 1.00 | 1.00 |        77.7 |    77.7 |    77.7 

=== c64 ===
             case |     m |    n |    k | regA | regB | planar GF/s | 1m GF/s | 3m GF/s 
------------------+-------+------+------+------+------+-------------+---------+---------
         ij-ik-kj |   384 |  364 |  384 | 1.00 | 1.00 |       222.0 |   191.8 |   183.2 
       ij-ikl-ljk |    72 |   52 | 3744 | 1.00 | 1.00 |        84.3 |    83.4 |    82.8 
       ij-kil-lkj |    72 |   52 | 5184 | 1.00 | 1.00 |        85.8 |    86.1 |    78.0 
       ijk-ikl-lj |  3744 |   52 |   72 | 1.00 | 1.00 |       140.5 |   159.5 |   159.7 
       ijk-il-jlk |    72 | 3744 |   52 | 1.00 | 0.95 |       190.9 |   205.9 |   179.8 
       ijk-ilk-jl |  3744 |   72 |   52 | 1.00 | 1.00 |       141.0 |   114.9 |   114.3 
       ijk-ilk-lj |  3744 |   52 |   72 | 1.00 | 1.00 |       157.7 |   148.2 |   143.5 
     ijk-ilmk-mjl |   480 |   20 |  480 | 1.00 | 1.00 |        81.0 |    70.7 |    73.1 
   ijkl-imjn-lnkm |   480 |  480 |  400 | 1.00 | 1.00 |       254.7 |   243.6 |   224.1 
   ijkl-imjn-nlmk |   480 |  400 |  480 | 1.00 | 1.00 |       254.1 |   254.4 |   231.8 
   ijkl-imkn-jnlm |   480 |  480 |  400 | 1.00 | 0.83 |       257.9 |   240.4 |   229.4 
   ijkl-imkn-njml |   480 |  400 |  480 | 1.00 | 1.00 |       274.3 |   263.3 |   221.2 
   ijkl-imln-jnkm |   480 |  480 |  400 | 1.00 | 0.83 |       251.4 |   245.5 |   231.3 
   ijkl-imln-njmk |   480 |  400 |  480 | 1.00 | 1.00 |       265.7 |   258.7 |   242.9 
   ijkl-imnj-nlkm |   480 |  400 |  480 | 1.00 | 1.00 |       243.2 |   247.6 |   233.6 
   ijkl-imnk-njml |   480 |  400 |  480 | 1.00 | 1.00 |       250.2 |   247.9 |   247.2 
   ijkl-minj-nlmk |   480 |  400 |  576 | 1.00 | 1.00 |       248.4 |   221.8 |   222.1 
   ijkl-mink-jnlm |   480 |  480 |  480 | 1.00 | 0.83 |       253.6 |   253.5 |   247.8 
   ijkl-minl-njmk |   480 |  400 |  576 | 1.00 | 1.00 |       254.3 |   257.2 |   244.4 
     aqrs-pa-pqrs |    24 | 8000 |   24 | 1.00 | 1.00 |        95.4 |   101.8 |    30.4 
     abrs-qb-aqrs |    20 | 9600 |   24 | 1.00 | 1.00 |        84.1 |    76.4 |    61.2 
     abcs-rc-abrs |    20 | 9600 |   24 | 1.00 | 1.00 |        83.6 |    74.6 |    60.3 
       abj-bka-kj |  5184 |   52 |   72 | 1.00 | 1.00 |       172.2 |   157.8 |   166.4 
       ajb-kba-jk |  3744 |   72 |   72 | 1.00 | 1.00 |       189.0 |   180.0 |   170.8 
     abjc-cbka-kj | 11520 |   20 |   24 | 1.00 | 1.00 |        81.9 |    79.4 |    36.0 
     ajbc-ckba-jk | 11520 |   24 |   20 | 1.00 | 1.00 |        83.0 |    86.1 |    29.2 
     abjc-kbac-jk |  9600 |   24 |   24 | 1.00 | 1.00 |        92.7 |    97.2 |    38.4 
   abjcd-dkbac-jk | 82944 |   24 |   12 | 1.00 | 1.00 |        47.2 |    46.8 |    44.0 
   adbjc-cbdka-kj | 82944 |   12 |   24 | 1.00 | 1.00 |        31.4 |    27.2 |    31.2 
   ajbdc-ckbad-jk | 82944 |   24 |   12 | 1.00 | 1.00 |        50.2 |    49.5 |    43.7 
 abcijk-ijma-mkbc |  4608 |  512 |   24 | 1.00 | 0.94 |       148.3 |   150.7 |   137.9 
 abcijk-ijmb-mkac |  1536 | 1536 |   24 | 1.00 | 0.50 |       155.5 |   169.5 |   139.4 
 abcijk-ijmc-mkab |  1536 | 1536 |   24 | 1.00 | 0.50 |       186.6 |   206.1 |   162.9 
 abcijk-ikma-mjbc |  4608 |  512 |   24 | 1.00 | 0.94 |       139.8 |   147.7 |   138.6 
 abcijk-ikmb-mjac |  1536 | 1536 |   24 | 1.00 | 0.50 |       151.1 |   164.9 |   136.8 
 abcijk-ikmc-mjab |  1536 | 1536 |   24 | 1.00 | 0.50 |       182.6 |   203.0 |   159.5 
 abcijk-jkma-mibc |  4608 |  512 |   24 | 1.00 | 0.94 |       150.4 |   149.0 |   134.6 
 abcijk-jkmb-miac |  1536 | 1536 |   24 | 1.00 | 0.50 |       146.2 |   158.3 |   139.6 
 abcijk-jkmc-miab |  1536 | 1536 |   24 | 1.00 | 0.50 |       182.9 |   202.6 |   162.1 
 abcijk-eiab-jkec |  1536 | 1536 |   24 | 1.00 | 0.50 |       182.0 |   202.0 |   162.0 
 abcijk-eiac-jkeb |  1536 | 1536 |   24 | 1.00 | 0.50 |       152.4 |   159.0 |   138.4 
 abcijk-eibc-jkea |   512 | 4608 |   24 | 1.00 | 0.94 |       147.3 |   148.3 |   133.6 
 abcijk-ejab-ikec |  1536 | 1536 |   24 | 1.00 | 0.50 |       187.0 |   204.9 |   161.6 
 abcijk-ejac-ikeb |  1536 | 1536 |   24 | 1.00 | 0.50 |       150.3 |   164.9 |   137.2 
 abcijk-ejbc-ikea |   512 | 4608 |   24 | 1.00 | 0.94 |       142.9 |   155.5 |   135.0 
 abcijk-ekab-ijec |  1536 | 1536 |   24 | 1.00 | 0.50 |       185.7 |   204.6 |   160.6 
 abcijk-ekac-ijeb |  1536 | 1536 |   24 | 1.00 | 0.50 |       154.1 |   169.0 |   140.1 
 abcijk-ekbc-ijea |   512 | 4608 |   24 | 1.00 | 0.94 |       147.0 |   150.8 |   137.2 
       abc-bk-akc |    72 | 3744 |   52 | 1.00 | 1.00 |       138.5 |   112.0 |   110.6 

=== complex efficiency ratio (c64 GF/s over f64 GF/s; 1.0 = no penalty) ===
             case | planar c64/f64 | 1m c64/f64 | 3m c64/f64 
------------------+----------------+------------+------------
         ij-ik-kj |          1.855 |      1.603 |      1.532 
       ij-ikl-ljk |          1.649 |      1.630 |      1.619 
       ij-kil-lkj |          2.259 |      2.266 |      2.052 
       ijk-ikl-lj |          1.824 |      2.071 |      2.074 
       ijk-il-jlk |          4.663 |      5.030 |      4.394 
       ijk-ilk-jl |          1.808 |      1.473 |      1.465 
       ijk-ilk-lj |          2.094 |      1.967 |      1.905 
     ijk-ilmk-mjl |          3.442 |      3.007 |      3.110 
   ijkl-imjn-lnkm |          1.721 |      1.646 |      1.514 
   ijkl-imjn-nlmk |          1.567 |      1.569 |      1.430 
   ijkl-imkn-jnlm |          1.495 |      1.394 |      1.330 
   ijkl-imkn-njml |          1.699 |      1.631 |      1.370 
   ijkl-imln-jnkm |          1.390 |      1.357 |      1.279 
   ijkl-imln-njmk |          1.479 |      1.440 |      1.352 
   ijkl-imnj-nlkm |          1.562 |      1.590 |      1.500 
   ijkl-imnk-njml |          1.386 |      1.373 |      1.370 
   ijkl-minj-nlmk |          1.788 |      1.596 |      1.599 
   ijkl-mink-jnlm |          2.052 |      2.051 |      2.005 
   ijkl-minl-njmk |          1.538 |      1.555 |      1.478 
     aqrs-pa-pqrs |          5.816 |      6.200 |      1.854 
     abrs-qb-aqrs |          5.183 |      4.710 |      3.772 
     abcs-rc-abrs |          5.273 |      4.707 |      3.801 
       abj-bka-kj |          1.975 |      1.810 |      1.909 
       ajb-kba-jk |          1.868 |      1.778 |      1.688 
     abjc-cbka-kj |          6.330 |      6.132 |      2.781 
     ajbc-ckba-jk |          5.446 |      5.652 |      1.914 
     abjc-kbac-jk |          5.200 |      5.455 |      2.156 
   abjcd-dkbac-jk |          1.223 |      1.212 |      1.140 
   adbjc-cbdka-kj |          1.744 |      1.511 |      1.732 
   ajbdc-ckbad-jk |          1.387 |      1.368 |      1.207 
 abcijk-ijma-mkbc |          1.213 |      1.232 |      1.127 
 abcijk-ijmb-mkac |          1.021 |      1.113 |      0.916 
 abcijk-ijmc-mkab |          1.217 |      1.345 |      1.063 
 abcijk-ikma-mjbc |          1.119 |      1.182 |      1.109 
 abcijk-ikmb-mjac |          0.971 |      1.059 |      0.879 
 abcijk-ikmc-mjab |          1.175 |      1.306 |      1.026 
 abcijk-jkma-mibc |          1.273 |      1.260 |      1.139 
 abcijk-jkmb-miac |          0.952 |      1.031 |      0.909 
 abcijk-jkmc-miab |          1.181 |      1.309 |      1.047 
 abcijk-eiab-jkec |          1.184 |      1.315 |      1.054 
 abcijk-eiac-jkeb |          0.992 |      1.035 |      0.901 
 abcijk-eibc-jkea |          1.259 |      1.268 |      1.142 
 abcijk-ejab-ikec |          1.195 |      1.309 |      1.032 
 abcijk-ejac-ikeb |          0.963 |      1.057 |      0.880 
 abcijk-ejbc-ikea |          1.158 |      1.261 |      1.095 
 abcijk-ekab-ijec |          1.193 |      1.314 |      1.031 
 abcijk-ekac-ijeb |          1.001 |      1.097 |      0.909 
 abcijk-ekbc-ijea |          1.183 |      1.213 |      1.104 
       abc-bk-akc |          1.783 |      1.442 |      1.425 
             MEAN |          2.056 |      2.039 |      1.594 

wrote bench-results/worker5086-zen2/phase4g/sm-guard-s1-t8-f64c64.csv
