host        : worker5086
target      : x86_64 / linux
cpu features: avx2 fma 
caches      : L1=32KiB/8-way/1sh L2=512KiB/8-way/1sh L3=16384KiB/16-way/4sh (via sysfs), blocking=legacy
l3 domains  : t1=1 t4=1 t8=2 t16=4 t32=8
baselines   : tblis=false blas=false

sweeping 49 cases at 0.25 MiB nominal tensor size, 96 reps, stress=none


=== f32 ===
             case |     m |    n |    k | regA | regB | planar GF/s | 1m GF/s | 3m GF/s 
------------------+-------+------+------+------+------+-------------+---------+---------
         ij-ik-kj |   192 |  180 |  192 | 1.00 | 1.00 |       215.1 |   215.1 |   215.1 
       ij-ikl-ljk |    48 |   32 | 1536 | 1.00 | 1.00 |        40.7 |    40.7 |    40.7 
       ij-kil-lkj |    48 |   32 | 2304 | 1.00 | 1.00 |        41.4 |    41.4 |    41.4 
       ijk-ikl-lj |  1536 |   32 |   48 | 1.00 | 1.00 |        92.4 |    92.4 |    92.4 
       ijk-il-jlk |    48 | 1536 |   32 | 1.00 | 1.00 |       153.5 |   153.5 |   153.5 
       ijk-ilk-jl |  1536 |   48 |   32 | 1.00 | 1.00 |        89.6 |    89.6 |    89.6 
       ijk-ilk-lj |  1536 |   32 |   48 | 1.00 | 1.00 |        81.5 |    81.5 |    81.5 
     ijk-ilmk-mjl |   288 |   12 |  288 | 0.67 | 1.00 |        34.3 |    34.3 |    34.3 
   ijkl-imjn-lnkm |   288 |  288 |  144 | 0.67 | 1.00 |       253.5 |   253.5 |   253.5 
   ijkl-imjn-nlmk |   288 |  144 |  288 | 0.67 | 1.00 |       270.9 |   270.9 |   270.9 
   ijkl-imkn-jnlm |   288 |  288 |  144 | 0.67 | 1.00 |       222.4 |   222.4 |   222.4 
   ijkl-imkn-njml |   288 |  144 |  288 | 0.67 | 1.00 |       237.4 |   237.4 |   237.4 
   ijkl-imln-jnkm |   288 |  288 |  144 | 0.67 | 1.00 |       253.5 |   253.5 |   253.5 
   ijkl-imln-njmk |   288 |  144 |  288 | 0.67 | 1.00 |       260.0 |   260.0 |   260.0 
   ijkl-imnj-nlkm |   288 |  144 |  288 | 0.67 | 1.00 |       269.0 |   269.0 |   269.0 
   ijkl-imnk-njml |   288 |  144 |  288 | 0.67 | 1.00 |       239.0 |   239.0 |   239.0 
   ijkl-minj-nlmk |   288 |  144 |  576 | 0.67 | 1.00 |       289.9 |   289.9 |   289.9 
   ijkl-mink-jnlm |   288 |  288 |  288 | 0.67 | 1.00 |       331.7 |   331.7 |   331.7 
   ijkl-minl-njmk |   288 |  144 |  576 | 0.67 | 1.00 |       287.3 |   287.3 |   287.3 
     aqrs-pa-pqrs |    24 | 1728 |   24 | 1.00 | 1.00 |        37.9 |    37.9 |    37.9 
     abrs-qb-aqrs |    12 | 3456 |   24 | 1.00 | 1.00 |        35.7 |    35.7 |    35.7 
     abcs-rc-abrs |    12 | 3456 |   24 | 1.00 | 1.00 |        36.2 |    36.2 |    36.2 
       abj-bka-kj |  2304 |   32 |   48 | 1.00 | 1.00 |        95.4 |    95.4 |    95.4 
       ajb-kba-jk |  1536 |   48 |   48 | 1.00 | 1.00 |       115.4 |   115.4 |   115.4 
     abjc-cbka-kj |  6912 |   12 |   24 | 0.67 | 1.00 |        47.7 |    47.7 |    47.7 
     ajbc-ckba-jk |  6912 |   24 |   12 | 1.00 | 1.00 |        49.9 |    49.9 |    49.9 
     abjc-kbac-jk |  3456 |   24 |   24 | 0.67 | 1.00 |        58.8 |    58.8 |    58.8 
   abjcd-dkbac-jk | 36864 |   24 |    8 | 0.67 | 1.00 |        78.2 |    78.2 |    78.2 
   adbjc-cbdka-kj | 36864 |    8 |   24 | 0.67 | 1.00 |        50.7 |    50.7 |    50.7 
   ajbdc-ckbad-jk | 36864 |   24 |    8 | 1.00 | 1.00 |        67.3 |    67.3 |    67.3 
 abcijk-ijma-mkbc |  2304 |   64 |   24 | 1.00 | 1.00 |        66.5 |    66.5 |    66.5 
 abcijk-ijmb-mkac |   384 |  384 |   24 | 1.00 | 1.00 |       172.1 |   172.1 |   172.1 
 abcijk-ijmc-mkab |   384 |  384 |   24 | 1.00 | 0.00 |       188.2 |   188.2 |   188.2 
 abcijk-ikma-mjbc |  2304 |   64 |   24 | 1.00 | 1.00 |        68.3 |    68.3 |    68.3 
 abcijk-ikmb-mjac |   384 |  384 |   24 | 1.00 | 1.00 |       175.7 |   175.7 |   175.7 
 abcijk-ikmc-mjab |   384 |  384 |   24 | 1.00 | 0.00 |       196.6 |   196.6 |   196.6 
 abcijk-jkma-mibc |  2304 |   64 |   24 | 1.00 | 1.00 |        66.9 |    66.9 |    66.9 
 abcijk-jkmb-miac |   384 |  384 |   24 | 1.00 | 1.00 |       178.8 |   178.8 |   178.8 
 abcijk-jkmc-miab |   384 |  384 |   24 | 1.00 | 0.00 |       159.7 |   159.7 |   159.7 
 abcijk-eiab-jkec |   384 |  384 |   24 | 1.00 | 0.00 |       161.0 |   161.0 |   161.0 
 abcijk-eiac-jkeb |   384 |  384 |   24 | 1.00 | 1.00 |       174.9 |   174.9 |   174.9 
 abcijk-eibc-jkea |    64 | 2304 |   24 | 1.00 | 1.00 |        66.7 |    66.7 |    66.7 
 abcijk-ejab-ikec |   384 |  384 |   24 | 1.00 | 0.00 |       204.8 |   204.8 |   204.8 
 abcijk-ejac-ikeb |   384 |  384 |   24 | 1.00 | 1.00 |       180.9 |   180.9 |   180.9 
 abcijk-ejbc-ikea |    64 | 2304 |   24 | 1.00 | 1.00 |        68.9 |    68.9 |    68.9 
 abcijk-ekab-ijec |   384 |  384 |   24 | 1.00 | 0.00 |       202.2 |   202.2 |   202.2 
 abcijk-ekac-ijeb |   384 |  384 |   24 | 1.00 | 1.00 |       179.8 |   179.8 |   179.8 
 abcijk-ekbc-ijea |    64 | 2304 |   24 | 1.00 | 1.00 |        66.4 |    66.4 |    66.4 
       abc-bk-akc |    48 | 1536 |   32 | 1.00 | 1.00 |        93.3 |    93.3 |    93.3 

=== c32 ===
             case |     m |    n |    k | regA | regB | planar GF/s | 1m GF/s | 3m GF/s 
------------------+-------+------+------+------+------+-------------+---------+---------
         ij-ik-kj |   192 |  180 |  192 | 1.00 | 1.00 |       413.3 |   446.9 |   388.0 
       ij-ikl-ljk |    48 |   32 | 1536 | 1.00 | 1.00 |       125.8 |   123.3 |   108.8 
       ij-kil-lkj |    48 |   32 | 2304 | 1.00 | 1.00 |       127.6 |   113.8 |   114.8 
       ijk-ikl-lj |  1536 |   32 |   48 | 1.00 | 1.00 |       258.6 |   253.7 |   256.1 
       ijk-il-jlk |    48 | 1536 |   32 | 1.00 | 0.92 |       229.0 |   235.2 |   183.9 
       ijk-ilk-jl |  1536 |   48 |   32 | 1.00 | 1.00 |       266.3 |   262.7 |   245.1 
       ijk-ilk-lj |  1536 |   32 |   48 | 1.00 | 1.00 |       247.0 |   245.3 |   243.7 
     ijk-ilmk-mjl |   288 |   12 |  288 | 1.00 | 1.00 |       116.0 |   113.8 |   114.8 
   ijkl-imjn-lnkm |   288 |  288 |  144 | 1.00 | 0.67 |       535.2 |   582.3 |   514.7 
   ijkl-imjn-nlmk |   288 |  144 |  288 | 1.00 | 0.69 |       562.1 |   590.1 |   517.0 
   ijkl-imkn-jnlm |   288 |  288 |  144 | 1.00 | 0.84 |       597.2 |   626.0 |   576.3 
   ijkl-imkn-njml |   288 |  144 |  288 | 1.00 | 0.69 |       588.6 |   596.4 |   540.3 
   ijkl-imln-jnkm |   288 |  288 |  144 | 1.00 | 0.84 |       618.9 |   642.2 |   587.4 
   ijkl-imln-njmk |   288 |  144 |  288 | 1.00 | 0.69 |       616.2 |   608.7 |   553.9 
   ijkl-imnj-nlkm |   288 |  144 |  288 | 1.00 | 0.69 |       569.9 |   591.6 |   516.5 
   ijkl-imnk-njml |   288 |  144 |  288 | 1.00 | 0.69 |       593.4 |   600.3 |   548.6 
   ijkl-minj-nlmk |   288 |  144 |  576 | 1.00 | 0.69 |       588.6 |   572.0 |   509.2 
   ijkl-mink-jnlm |   288 |  288 |  288 | 1.00 | 0.84 |       724.0 |   747.6 |   675.4 
   ijkl-minl-njmk |   288 |  144 |  576 | 1.00 | 0.69 |       635.6 |   625.4 |   576.2 
     aqrs-pa-pqrs |    24 | 1728 |   24 | 1.00 | 1.00 |       219.6 |   226.8 |   191.0 
     abrs-qb-aqrs |    12 | 3456 |   24 | 1.00 | 1.00 |       114.0 |   114.7 |   114.1 
     abcs-rc-abrs |    12 | 3456 |   24 | 1.00 | 1.00 |       108.7 |   112.0 |   102.9 
       abj-bka-kj |  2304 |   32 |   48 | 1.00 | 1.00 |       261.5 |   273.1 |   275.4 
       ajb-kba-jk |  1536 |   48 |   48 | 1.00 | 1.00 |       336.8 |   332.1 |   329.1 
     abjc-cbka-kj |  6912 |   12 |   24 | 1.00 | 1.00 |       139.1 |   142.1 |   139.8 
     ajbc-ckba-jk |  6912 |   24 |   12 | 1.00 | 1.00 |       156.8 |   159.9 |   154.6 
     abjc-kbac-jk |  3456 |   24 |   24 | 1.00 | 1.00 |       164.4 |   181.5 |   162.4 
   abjcd-dkbac-jk | 36864 |   24 |    8 | 1.00 | 1.00 |       177.4 |   187.7 |   176.3 
   adbjc-cbdka-kj | 36864 |    8 |   24 | 1.00 | 1.00 |       107.4 |   136.6 |   123.7 
   ajbdc-ckbad-jk | 36864 |   24 |    8 | 1.00 | 1.00 |       173.3 |   188.2 |   169.4 
 abcijk-ijma-mkbc |  2304 |   64 |   24 | 1.00 | 0.77 |       304.7 |   304.2 |   167.1 
 abcijk-ijmb-mkac |   384 |  384 |   24 | 1.00 | 0.01 |       417.7 |   461.2 |   443.3 
 abcijk-ijmc-mkab |   384 |  384 |   24 | 1.00 | 0.01 |       400.3 |   439.7 |   421.3 
 abcijk-ikma-mjbc |  2304 |   64 |   24 | 1.00 | 0.77 |       312.7 |   317.6 |   168.7 
 abcijk-ikmb-mjac |   384 |  384 |   24 | 1.00 | 0.01 |       394.2 |   460.0 |   432.9 
 abcijk-ikmc-mjab |   384 |  384 |   24 | 1.00 | 0.01 |       385.5 |   438.0 |   426.2 
 abcijk-jkma-mibc |  2304 |   64 |   24 | 1.00 | 0.77 |       310.3 |   298.7 |   159.5 
 abcijk-jkmb-miac |   384 |  384 |   24 | 1.00 | 0.01 |       410.0 |   287.0 |   269.2 
 abcijk-jkmc-miab |   384 |  384 |   24 | 1.00 | 0.01 |       275.0 |   283.3 |   269.5 
 abcijk-eiab-jkec |   384 |  384 |   24 | 1.00 | 0.01 |       274.6 |   445.9 |   421.3 
 abcijk-eiac-jkeb |   384 |  384 |   24 | 1.00 | 0.01 |       396.7 |   434.9 |   414.8 
 abcijk-eibc-jkea |    64 | 2304 |   24 | 1.00 | 0.77 |       316.0 |   312.3 |   159.9 
 abcijk-ejab-ikec |   384 |  384 |   24 | 1.00 | 0.01 |       398.1 |   444.8 |   436.5 
 abcijk-ejac-ikeb |   384 |  384 |   24 | 1.00 | 0.01 |       405.5 |   467.2 |   442.6 
 abcijk-ejbc-ikea |    64 | 2304 |   24 | 1.00 | 0.77 |       315.6 |   317.7 |   165.0 
 abcijk-ekab-ijec |   384 |  384 |   24 | 1.00 | 0.01 |       388.8 |   445.2 |   424.3 
 abcijk-ekac-ijeb |   384 |  384 |   24 | 1.00 | 0.01 |       387.8 |   454.2 |   421.4 
 abcijk-ekbc-ijea |    64 | 2304 |   24 | 1.00 | 0.77 |       310.2 |   305.5 |   169.1 
       abc-bk-akc |    48 | 1536 |   32 | 1.00 | 1.00 |       269.5 |   260.8 |   253.2 

=== complex efficiency ratio (c32 GF/s over f32 GF/s; 1.0 = no penalty) ===
             case | planar c32/f32 | 1m c32/f32 | 3m c32/f32 
------------------+----------------+------------+------------
         ij-ik-kj |          1.921 |      2.077 |      1.804 
       ij-ikl-ljk |          3.089 |      3.027 |      2.671 
       ij-kil-lkj |          3.086 |      2.752 |      2.775 
       ijk-ikl-lj |          2.799 |      2.746 |      2.772 
       ijk-il-jlk |          1.492 |      1.533 |      1.198 
       ijk-ilk-jl |          2.974 |      2.934 |      2.737 
       ijk-ilk-lj |          3.029 |      3.009 |      2.989 
     ijk-ilmk-mjl |          3.385 |      3.322 |      3.348 
   ijkl-imjn-lnkm |          2.111 |      2.297 |      2.030 
   ijkl-imjn-nlmk |          2.074 |      2.178 |      1.908 
   ijkl-imkn-jnlm |          2.685 |      2.815 |      2.592 
   ijkl-imkn-njml |          2.479 |      2.512 |      2.276 
   ijkl-imln-jnkm |          2.442 |      2.534 |      2.317 
   ijkl-imln-njmk |          2.370 |      2.341 |      2.130 
   ijkl-imnj-nlkm |          2.119 |      2.199 |      1.920 
   ijkl-imnk-njml |          2.483 |      2.512 |      2.295 
   ijkl-minj-nlmk |          2.030 |      1.973 |      1.756 
   ijkl-mink-jnlm |          2.183 |      2.254 |      2.036 
   ijkl-minl-njmk |          2.212 |      2.176 |      2.005 
     aqrs-pa-pqrs |          5.793 |      5.981 |      5.037 
     abrs-qb-aqrs |          3.198 |      3.217 |      3.200 
     abcs-rc-abrs |          3.000 |      3.092 |      2.842 
       abj-bka-kj |          2.743 |      2.864 |      2.888 
       ajb-kba-jk |          2.918 |      2.878 |      2.851 
     abjc-cbka-kj |          2.915 |      2.979 |      2.930 
     ajbc-ckba-jk |          3.146 |      3.207 |      3.101 
     abjc-kbac-jk |          2.797 |      3.088 |      2.763 
   abjcd-dkbac-jk |          2.269 |      2.401 |      2.256 
   adbjc-cbdka-kj |          2.118 |      2.693 |      2.438 
   ajbdc-ckbad-jk |          2.574 |      2.796 |      2.516 
 abcijk-ijma-mkbc |          4.583 |      4.576 |      2.513 
 abcijk-ijmb-mkac |          2.427 |      2.679 |      2.575 
 abcijk-ijmc-mkab |          2.127 |      2.336 |      2.238 
 abcijk-ikma-mjbc |          4.577 |      4.649 |      2.470 
 abcijk-ikmb-mjac |          2.243 |      2.618 |      2.463 
 abcijk-ikmc-mjab |          1.961 |      2.228 |      2.168 
 abcijk-jkma-mibc |          4.638 |      4.466 |      2.385 
 abcijk-jkmb-miac |          2.294 |      1.605 |      1.506 
 abcijk-jkmc-miab |          1.722 |      1.774 |      1.687 
 abcijk-eiab-jkec |          1.706 |      2.770 |      2.617 
 abcijk-eiac-jkeb |          2.268 |      2.487 |      2.372 
 abcijk-eibc-jkea |          4.740 |      4.684 |      2.399 
 abcijk-ejab-ikec |          1.943 |      2.172 |      2.131 
 abcijk-ejac-ikeb |          2.242 |      2.583 |      2.447 
 abcijk-ejbc-ikea |          4.577 |      4.608 |      2.394 
 abcijk-ekab-ijec |          1.923 |      2.202 |      2.099 
 abcijk-ekac-ijeb |          2.158 |      2.527 |      2.344 
 abcijk-ekbc-ijea |          4.673 |      4.603 |      2.548 
       abc-bk-akc |          2.889 |      2.796 |      2.715 
             MEAN |          2.778 |      2.872 |      2.458 

wrote bench-results/worker5086-zen2/phase4g/sm-pool-s0.25-t16-f32c32.csv
