host        : worker5086
target      : x86_64 / linux
cpu features: avx2 fma 
caches      : L1=32KiB/8-way/1sh L2=512KiB/8-way/1sh L3=16384KiB/16-way/4sh (via sysfs), blocking=legacy
l3 domains  : t1=1 t4=1 t8=2 t16=4
baselines   : tblis=false blas=false

sweeping 49 cases at 1 MiB nominal tensor size, 24 reps, stress=none


=== f64 ===
             case |     m |    n |    k | regA | regB | planar GF/s | 1m GF/s | 3m GF/s 
------------------+-------+------+------+------+------+-------------+---------+---------
         ij-ik-kj |   384 |  364 |  384 | 1.00 | 1.00 |       160.7 |   160.7 |   160.7 
       ij-ikl-ljk |    72 |   52 | 3744 | 1.00 | 1.00 |        46.4 |    46.4 |    46.4 
       ij-kil-lkj |    72 |   52 | 5184 | 1.00 | 1.00 |        49.4 |    49.4 |    49.4 
       ijk-ikl-lj |  3744 |   52 |   72 | 1.00 | 1.00 |       175.0 |   175.0 |   175.0 
       ijk-il-jlk |    72 | 3744 |   52 | 1.00 | 1.00 |       193.2 |   193.2 |   193.2 
       ijk-ilk-jl |  3744 |   72 |   52 | 1.00 | 1.00 |        93.4 |    93.4 |    93.4 
       ijk-ilk-lj |  3744 |   52 |   72 | 1.00 | 1.00 |       183.8 |   183.8 |   183.8 
     ijk-ilmk-mjl |   480 |   20 |  480 | 1.00 | 1.00 |        84.1 |    84.1 |    84.1 
   ijkl-imjn-lnkm |   480 |  480 |  400 | 1.00 | 0.80 |       194.2 |   194.2 |   194.2 
   ijkl-imjn-nlmk |   480 |  400 |  480 | 1.00 | 0.81 |       201.1 |   201.1 |   201.1 
   ijkl-imkn-jnlm |   480 |  480 |  400 | 1.00 | 1.00 |       242.4 |   242.4 |   242.4 
   ijkl-imkn-njml |   480 |  400 |  480 | 1.00 | 0.81 |       228.1 |   228.1 |   228.1 
   ijkl-imln-jnkm |   480 |  480 |  400 | 1.00 | 1.00 |       244.5 |   244.5 |   244.5 
   ijkl-imln-njmk |   480 |  400 |  480 | 1.00 | 0.81 |       232.8 |   232.8 |   232.8 
   ijkl-imnj-nlkm |   480 |  400 |  480 | 1.00 | 0.81 |       204.0 |   204.0 |   204.0 
   ijkl-imnk-njml |   480 |  400 |  480 | 1.00 | 0.81 |       227.8 |   227.8 |   227.8 
   ijkl-minj-nlmk |   480 |  400 |  576 | 1.00 | 0.81 |       182.6 |   182.6 |   182.6 
   ijkl-mink-jnlm |   480 |  480 |  480 | 1.00 | 1.00 |       253.7 |   253.7 |   253.7 
   ijkl-minl-njmk |   480 |  400 |  576 | 1.00 | 0.81 |       223.3 |   223.3 |   223.3 
     aqrs-pa-pqrs |    24 | 8000 |   24 | 1.00 | 1.00 |        95.9 |    95.9 |    95.9 
     abrs-qb-aqrs |    20 | 9600 |   24 | 1.00 | 1.00 |        47.2 |    47.2 |    47.2 
     abcs-rc-abrs |    20 | 9600 |   24 | 1.00 | 1.00 |        74.1 |    74.1 |    74.1 
       abj-bka-kj |  5184 |   52 |   72 | 1.00 | 1.00 |       159.1 |   159.1 |   159.1 
       ajb-kba-jk |  3744 |   72 |   72 | 1.00 | 1.00 |       201.6 |   201.6 |   201.6 
     abjc-cbka-kj | 11520 |   20 |   24 | 1.00 | 1.00 |        63.7 |    63.7 |    63.7 
     ajbc-ckba-jk | 11520 |   24 |   20 | 1.00 | 1.00 |        71.8 |    71.8 |    71.8 
     abjc-kbac-jk |  9600 |   24 |   24 | 1.00 | 1.00 |        79.9 |    79.9 |    79.9 
   abjcd-dkbac-jk | 82944 |   24 |   12 | 1.00 | 1.00 |        47.4 |    47.4 |    47.4 
   adbjc-cbdka-kj | 82944 |   12 |   24 | 1.00 | 1.00 |        19.3 |    19.3 |    19.3 
   ajbdc-ckbad-jk | 82944 |   24 |   12 | 1.00 | 1.00 |        50.9 |    50.9 |    50.9 
 abcijk-ijma-mkbc |  4608 |  512 |   24 | 1.00 | 0.94 |       136.4 |   136.4 |   136.4 
 abcijk-ijmb-mkac |  1536 | 1536 |   24 | 1.00 | 0.50 |       192.2 |   192.2 |   192.2 
 abcijk-ijmc-mkab |  1536 | 1536 |   24 | 1.00 | 0.50 |       188.9 |   188.9 |   188.9 
 abcijk-ikma-mjbc |  4608 |  512 |   24 | 1.00 | 0.94 |       136.1 |   136.1 |   136.1 
 abcijk-ikmb-mjac |  1536 | 1536 |   24 | 1.00 | 0.50 |       190.5 |   190.5 |   190.5 
 abcijk-ikmc-mjab |  1536 | 1536 |   24 | 1.00 | 0.50 |       191.1 |   191.1 |   191.1 
 abcijk-jkma-mibc |  4608 |  512 |   24 | 1.00 | 0.94 |       131.3 |   131.3 |   131.3 
 abcijk-jkmb-miac |  1536 | 1536 |   24 | 1.00 | 0.50 |       190.9 |   190.9 |   190.9 
 abcijk-jkmc-miab |  1536 | 1536 |   24 | 1.00 | 0.50 |       186.8 |   186.8 |   186.8 
 abcijk-eiab-jkec |  1536 | 1536 |   24 | 1.00 | 0.50 |       189.1 |   189.1 |   189.1 
 abcijk-eiac-jkeb |  1536 | 1536 |   24 | 1.00 | 0.50 |       191.2 |   191.2 |   191.2 
 abcijk-eibc-jkea |   512 | 4608 |   24 | 1.00 | 0.94 |       134.8 |   134.8 |   134.8 
 abcijk-ejab-ikec |  1536 | 1536 |   24 | 1.00 | 0.50 |       190.3 |   190.3 |   190.3 
 abcijk-ejac-ikeb |  1536 | 1536 |   24 | 1.00 | 0.50 |       189.1 |   189.1 |   189.1 
 abcijk-ejbc-ikea |   512 | 4608 |   24 | 1.00 | 0.94 |       139.9 |   139.9 |   139.9 
 abcijk-ekab-ijec |  1536 | 1536 |   24 | 1.00 | 0.50 |       185.3 |   185.3 |   185.3 
 abcijk-ekac-ijeb |  1536 | 1536 |   24 | 1.00 | 0.50 |       188.3 |   188.3 |   188.3 
 abcijk-ekbc-ijea |   512 | 4608 |   24 | 1.00 | 0.94 |       137.4 |   137.4 |   137.4 
       abc-bk-akc |    72 | 3744 |   52 | 1.00 | 1.00 |        89.5 |    89.5 |    89.5 

=== c64 ===
             case |     m |    n |    k | regA | regB | planar GF/s | 1m GF/s | 3m GF/s 
------------------+-------+------+------+------+------+-------------+---------+---------
         ij-ik-kj |   384 |  364 |  384 | 1.00 | 1.00 |       258.7 |   261.7 |   233.5 
       ij-ikl-ljk |    72 |   52 | 3744 | 1.00 | 1.00 |       107.0 |   109.0 |   102.2 
       ij-kil-lkj |    72 |   52 | 5184 | 1.00 | 1.00 |       104.7 |   108.0 |   101.6 
       ijk-ikl-lj |  3744 |   52 |   72 | 1.00 | 1.00 |       238.3 |   249.2 |   233.1 
       ijk-il-jlk |    72 | 3744 |   52 | 1.00 | 0.95 |       248.1 |   263.5 |   228.0 
       ijk-ilk-jl |  3744 |   72 |   52 | 1.00 | 1.00 |       163.0 |   129.1 |   129.1 
       ijk-ilk-lj |  3744 |   52 |   72 | 1.00 | 1.00 |       241.4 |   252.7 |   232.6 
     ijk-ilmk-mjl |   480 |   20 |  480 | 1.00 | 1.00 |       175.3 |   158.3 |   171.8 
   ijkl-imjn-lnkm |   480 |  480 |  400 | 1.00 | 1.00 |       264.4 |   263.3 |   242.5 
   ijkl-imjn-nlmk |   480 |  400 |  480 | 1.00 | 1.00 |       267.5 |   276.2 |   254.7 
   ijkl-imkn-jnlm |   480 |  480 |  400 | 1.00 | 0.83 |       287.7 |   295.4 |   269.5 
   ijkl-imkn-njml |   480 |  400 |  480 | 1.00 | 1.00 |       283.3 |   299.0 |   272.1 
   ijkl-imln-jnkm |   480 |  480 |  400 | 1.00 | 0.83 |       287.6 |   296.8 |   270.8 
   ijkl-imln-njmk |   480 |  400 |  480 | 1.00 | 1.00 |       286.7 |   301.7 |   273.7 
   ijkl-imnj-nlkm |   480 |  400 |  480 | 1.00 | 1.00 |       268.1 |   278.8 |   255.8 
   ijkl-imnk-njml |   480 |  400 |  480 | 1.00 | 1.00 |       291.6 |   302.9 |   272.6 
   ijkl-minj-nlmk |   480 |  400 |  576 | 1.00 | 1.00 |       258.2 |   255.2 |   255.0 
   ijkl-mink-jnlm |   480 |  480 |  480 | 1.00 | 0.83 |       290.9 |   300.1 |   272.8 
   ijkl-minl-njmk |   480 |  400 |  576 | 1.00 | 1.00 |       280.0 |   290.4 |   266.5 
     aqrs-pa-pqrs |    24 | 8000 |   24 | 1.00 | 1.00 |        65.7 |    70.4 |    51.4 
     abrs-qb-aqrs |    20 | 9600 |   24 | 1.00 | 1.00 |        82.8 |   115.9 |   124.0 
     abcs-rc-abrs |    20 | 9600 |   24 | 1.00 | 1.00 |       134.7 |   129.4 |   120.5 
       abj-bka-kj |  5184 |   52 |   72 | 1.00 | 1.00 |       226.0 |   235.3 |   224.3 
       ajb-kba-jk |  3744 |   72 |   72 | 1.00 | 1.00 |       258.2 |   269.3 |   245.8 
     abjc-cbka-kj | 11520 |   20 |   24 | 1.00 | 1.00 |       125.0 |   119.4 |   109.7 
     ajbc-ckba-jk | 11520 |   24 |   20 | 1.00 | 1.00 |       122.1 |   134.0 |   107.4 
     abjc-kbac-jk |  9600 |   24 |   24 | 1.00 | 1.00 |       142.2 |   152.1 |   128.4 
   abjcd-dkbac-jk | 82944 |   24 |   12 | 1.00 | 1.00 |        53.9 |    52.8 |    50.1 
   adbjc-cbdka-kj | 82944 |   12 |   24 | 1.00 | 1.00 |        34.7 |    31.4 |    33.6 
   ajbdc-ckbad-jk | 82944 |   24 |   12 | 1.00 | 1.00 |        52.3 |    51.0 |    48.3 
 abcijk-ijma-mkbc |  4608 |  512 |   24 | 1.00 | 0.94 |       156.1 |   161.6 |   147.8 
 abcijk-ijmb-mkac |  1536 | 1536 |   24 | 1.00 | 0.50 |       171.3 |   189.6 |   141.7 
 abcijk-ijmc-mkab |  1536 | 1536 |   24 | 1.00 | 0.50 |       198.4 |   217.2 |   166.2 
 abcijk-ikma-mjbc |  4608 |  512 |   24 | 1.00 | 0.94 |       161.2 |   166.5 |   152.6 
 abcijk-ikmb-mjac |  1536 | 1536 |   24 | 1.00 | 0.50 |       172.6 |   183.9 |   145.1 
 abcijk-ikmc-mjab |  1536 | 1536 |   24 | 1.00 | 0.50 |       199.7 |   219.4 |   171.0 
 abcijk-jkma-mibc |  4608 |  512 |   24 | 1.00 | 0.94 |       163.2 |   167.3 |   149.2 
 abcijk-jkmb-miac |  1536 | 1536 |   24 | 1.00 | 0.50 |       168.3 |   179.0 |   140.5 
 abcijk-jkmc-miab |  1536 | 1536 |   24 | 1.00 | 0.50 |       197.7 |   215.3 |   170.8 
 abcijk-eiab-jkec |  1536 | 1536 |   24 | 1.00 | 0.50 |       198.4 |   216.0 |   171.6 
 abcijk-eiac-jkeb |  1536 | 1536 |   24 | 1.00 | 0.50 |       168.2 |   179.5 |   140.3 
 abcijk-eibc-jkea |   512 | 4608 |   24 | 1.00 | 0.94 |       162.4 |   167.7 |   150.4 
 abcijk-ejab-ikec |  1536 | 1536 |   24 | 1.00 | 0.50 |       199.2 |   219.0 |   172.4 
 abcijk-ejac-ikeb |  1536 | 1536 |   24 | 1.00 | 0.50 |       174.0 |   184.7 |   145.2 
 abcijk-ejbc-ikea |   512 | 4608 |   24 | 1.00 | 0.94 |       161.9 |   167.9 |   150.7 
 abcijk-ekab-ijec |  1536 | 1536 |   24 | 1.00 | 0.50 |       200.0 |   217.3 |   166.5 
 abcijk-ekac-ijeb |  1536 | 1536 |   24 | 1.00 | 0.50 |       172.8 |   189.5 |   140.9 
 abcijk-ekbc-ijea |   512 | 4608 |   24 | 1.00 | 0.94 |       156.8 |   161.0 |   146.2 
       abc-bk-akc |    72 | 3744 |   52 | 1.00 | 1.00 |       165.4 |   127.6 |   128.8 

=== complex efficiency ratio (c64 GF/s over f64 GF/s; 1.0 = no penalty) ===
             case | planar c64/f64 | 1m c64/f64 | 3m c64/f64 
------------------+----------------+------------+------------
         ij-ik-kj |          1.610 |      1.628 |      1.453 
       ij-ikl-ljk |          2.305 |      2.346 |      2.201 
       ij-kil-lkj |          2.121 |      2.188 |      2.058 
       ijk-ikl-lj |          1.362 |      1.424 |      1.332 
       ijk-il-jlk |          1.284 |      1.364 |      1.180 
       ijk-ilk-jl |          1.746 |      1.383 |      1.383 
       ijk-ilk-lj |          1.313 |      1.375 |      1.266 
     ijk-ilmk-mjl |          2.085 |      1.883 |      2.043 
   ijkl-imjn-lnkm |          1.361 |      1.356 |      1.249 
   ijkl-imjn-nlmk |          1.330 |      1.373 |      1.266 
   ijkl-imkn-jnlm |          1.187 |      1.218 |      1.112 
   ijkl-imkn-njml |          1.242 |      1.311 |      1.193 
   ijkl-imln-jnkm |          1.176 |      1.214 |      1.108 
   ijkl-imln-njmk |          1.231 |      1.296 |      1.175 
   ijkl-imnj-nlkm |          1.314 |      1.366 |      1.254 
   ijkl-imnk-njml |          1.280 |      1.330 |      1.197 
   ijkl-minj-nlmk |          1.414 |      1.397 |      1.396 
   ijkl-mink-jnlm |          1.147 |      1.183 |      1.075 
   ijkl-minl-njmk |          1.254 |      1.301 |      1.194 
     aqrs-pa-pqrs |          0.686 |      0.734 |      0.536 
     abrs-qb-aqrs |          1.754 |      2.455 |      2.626 
     abcs-rc-abrs |          1.817 |      1.746 |      1.626 
       abj-bka-kj |          1.420 |      1.478 |      1.409 
       ajb-kba-jk |          1.281 |      1.336 |      1.219 
     abjc-cbka-kj |          1.964 |      1.876 |      1.724 
     ajbc-ckba-jk |          1.700 |      1.865 |      1.496 
     abjc-kbac-jk |          1.780 |      1.904 |      1.607 
   abjcd-dkbac-jk |          1.138 |      1.114 |      1.056 
   adbjc-cbdka-kj |          1.795 |      1.622 |      1.736 
   ajbdc-ckbad-jk |          1.028 |      1.002 |      0.950 
 abcijk-ijma-mkbc |          1.144 |      1.184 |      1.083 
 abcijk-ijmb-mkac |          0.891 |      0.986 |      0.737 
 abcijk-ijmc-mkab |          1.050 |      1.150 |      0.880 
 abcijk-ikma-mjbc |          1.185 |      1.224 |      1.121 
 abcijk-ikmb-mjac |          0.906 |      0.965 |      0.762 
 abcijk-ikmc-mjab |          1.045 |      1.148 |      0.895 
 abcijk-jkma-mibc |          1.243 |      1.274 |      1.137 
 abcijk-jkmb-miac |          0.882 |      0.938 |      0.736 
 abcijk-jkmc-miab |          1.058 |      1.153 |      0.915 
 abcijk-eiab-jkec |          1.049 |      1.142 |      0.908 
 abcijk-eiac-jkeb |          0.880 |      0.939 |      0.734 
 abcijk-eibc-jkea |          1.205 |      1.244 |      1.116 
 abcijk-ejab-ikec |          1.047 |      1.151 |      0.906 
 abcijk-ejac-ikeb |          0.920 |      0.977 |      0.768 
 abcijk-ejbc-ikea |          1.158 |      1.201 |      1.078 
 abcijk-ekab-ijec |          1.079 |      1.173 |      0.899 
 abcijk-ekac-ijeb |          0.917 |      1.006 |      0.748 
 abcijk-ekbc-ijea |          1.141 |      1.171 |      1.064 
       abc-bk-akc |          1.847 |      1.425 |      1.439 
             MEAN |          1.322 |      1.358 |      1.225 

wrote bench-results/worker5086-zen2/phase4g/sm-pool-s1-t8-f64c64.csv
