host        : worker5086
target      : x86_64 / linux
cpu features: avx2 fma 
caches      : L1=32KiB/8-way/1sh L2=512KiB/8-way/1sh L3=16384KiB/16-way/4sh (via sysfs), blocking=legacy
l3 domains  : t1=1 t4=1
baselines   : tblis=false blas=false

sweeping 49 cases at 1 MiB nominal tensor size, 24 reps, stress=none


=== f64 ===
             case |     m |    n |    k | regA | regB | planar GF/s | 1m GF/s | 3m GF/s 
------------------+-------+------+------+------+------+-------------+---------+---------
         ij-ik-kj |   384 |  364 |  384 | 1.00 | 1.00 |        75.8 |    75.8 |    75.8 
       ij-ikl-ljk |    72 |   52 | 3744 | 1.00 | 1.00 |        42.0 |    42.0 |    42.0 
       ij-kil-lkj |    72 |   52 | 5184 | 1.00 | 1.00 |        40.4 |    40.4 |    40.4 
       ijk-ikl-lj |  3744 |   52 |   72 | 1.00 | 1.00 |        58.3 |    58.3 |    58.3 
       ijk-il-jlk |    72 | 3744 |   52 | 1.00 | 1.00 |        49.3 |    49.3 |    49.3 
       ijk-ilk-jl |  3744 |   72 |   52 | 1.00 | 1.00 |        61.1 |    61.1 |    61.1 
       ijk-ilk-lj |  3744 |   52 |   72 | 1.00 | 1.00 |        60.7 |    60.7 |    60.7 
     ijk-ilmk-mjl |   480 |   20 |  480 | 1.00 | 1.00 |        44.1 |    44.1 |    44.1 
   ijkl-imjn-lnkm |   480 |  480 |  400 | 1.00 | 0.80 |        78.6 |    78.6 |    78.6 
   ijkl-imjn-nlmk |   480 |  400 |  480 | 1.00 | 0.81 |        81.0 |    81.0 |    81.0 
   ijkl-imkn-jnlm |   480 |  480 |  400 | 1.00 | 1.00 |        80.9 |    80.9 |    80.9 
   ijkl-imkn-njml |   480 |  400 |  480 | 1.00 | 0.81 |        81.3 |    81.3 |    81.3 
   ijkl-imln-jnkm |   480 |  480 |  400 | 1.00 | 1.00 |        81.0 |    81.0 |    81.0 
   ijkl-imln-njmk |   480 |  400 |  480 | 1.00 | 0.81 |        81.4 |    81.4 |    81.4 
   ijkl-imnj-nlkm |   480 |  400 |  480 | 1.00 | 0.81 |        81.0 |    81.0 |    81.0 
   ijkl-imnk-njml |   480 |  400 |  480 | 1.00 | 0.81 |        81.4 |    81.4 |    81.4 
   ijkl-minj-nlmk |   480 |  400 |  576 | 1.00 | 0.81 |        76.4 |    76.4 |    76.4 
   ijkl-mink-jnlm |   480 |  480 |  480 | 1.00 | 1.00 |        81.9 |    81.9 |    81.9 
   ijkl-minl-njmk |   480 |  400 |  576 | 1.00 | 0.81 |        77.4 |    77.4 |    77.4 
     aqrs-pa-pqrs |    24 | 8000 |   24 | 1.00 | 1.00 |        22.7 |    22.7 |    22.7 
     abrs-qb-aqrs |    20 | 9600 |   24 | 1.00 | 1.00 |        30.2 |    30.2 |    30.2 
     abcs-rc-abrs |    20 | 9600 |   24 | 1.00 | 1.00 |        30.4 |    30.4 |    30.4 
       abj-bka-kj |  5184 |   52 |   72 | 1.00 | 1.00 |        51.7 |    51.7 |    51.7 
       ajb-kba-jk |  3744 |   72 |   72 | 1.00 | 1.00 |        64.7 |    64.7 |    64.7 
     abjc-cbka-kj | 11520 |   20 |   24 | 1.00 | 1.00 |        23.6 |    23.6 |    23.6 
     ajbc-ckba-jk | 11520 |   24 |   20 | 1.00 | 1.00 |        27.7 |    27.7 |    27.7 
     abjc-kbac-jk |  9600 |   24 |   24 | 1.00 | 1.00 |        33.5 |    33.5 |    33.5 
   abjcd-dkbac-jk | 82944 |   24 |   12 | 1.00 | 1.00 |        17.0 |    17.0 |    17.0 
   adbjc-cbdka-kj | 82944 |   12 |   24 | 1.00 | 1.00 |         9.9 |     9.9 |     9.9 
   ajbdc-ckbad-jk | 82944 |   24 |   12 | 1.00 | 1.00 |        15.9 |    15.9 |    15.9 
 abcijk-ijma-mkbc |  4608 |  512 |   24 | 1.00 | 0.94 |        39.9 |    39.9 |    39.9 
 abcijk-ijmb-mkac |  1536 | 1536 |   24 | 1.00 | 0.50 |        36.5 |    36.5 |    36.5 
 abcijk-ijmc-mkab |  1536 | 1536 |   24 | 1.00 | 0.50 |        42.5 |    42.5 |    42.5 
 abcijk-ikma-mjbc |  4608 |  512 |   24 | 1.00 | 0.94 |        40.3 |    40.3 |    40.3 
 abcijk-ikmb-mjac |  1536 | 1536 |   24 | 1.00 | 0.50 |        36.8 |    36.8 |    36.8 
 abcijk-ikmc-mjab |  1536 | 1536 |   24 | 1.00 | 0.50 |        42.4 |    42.4 |    42.4 
 abcijk-jkma-mibc |  4608 |  512 |   24 | 1.00 | 0.94 |        41.0 |    41.0 |    41.0 
 abcijk-jkmb-miac |  1536 | 1536 |   24 | 1.00 | 0.50 |        36.6 |    36.6 |    36.6 
 abcijk-jkmc-miab |  1536 | 1536 |   24 | 1.00 | 0.50 |        42.7 |    42.7 |    42.7 
 abcijk-eiab-jkec |  1536 | 1536 |   24 | 1.00 | 0.50 |        42.9 |    42.9 |    42.9 
 abcijk-eiac-jkeb |  1536 | 1536 |   24 | 1.00 | 0.50 |        37.0 |    37.0 |    37.0 
 abcijk-eibc-jkea |   512 | 4608 |   24 | 1.00 | 0.94 |        40.8 |    40.8 |    40.8 
 abcijk-ejab-ikec |  1536 | 1536 |   24 | 1.00 | 0.50 |        42.8 |    42.8 |    42.8 
 abcijk-ejac-ikeb |  1536 | 1536 |   24 | 1.00 | 0.50 |        37.0 |    37.0 |    37.0 
 abcijk-ejbc-ikea |   512 | 4608 |   24 | 1.00 | 0.94 |        40.1 |    40.1 |    40.1 
 abcijk-ekab-ijec |  1536 | 1536 |   24 | 1.00 | 0.50 |        42.9 |    42.9 |    42.9 
 abcijk-ekac-ijeb |  1536 | 1536 |   24 | 1.00 | 0.50 |        37.0 |    37.0 |    37.0 
 abcijk-ekbc-ijea |   512 | 4608 |   24 | 1.00 | 0.94 |        40.1 |    40.1 |    40.1 
       abc-bk-akc |    72 | 3744 |   52 | 1.00 | 1.00 |        61.7 |    61.7 |    61.7 

=== c64 ===
             case |     m |    n |    k | regA | regB | planar GF/s | 1m GF/s | 3m GF/s 
------------------+-------+------+------+------+------+-------------+---------+---------
         ij-ik-kj |   384 |  364 |  384 | 1.00 | 1.00 |        83.2 |    86.0 |    81.5 
       ij-ikl-ljk |    72 |   52 | 3744 | 1.00 | 1.00 |        62.3 |    63.8 |    63.4 
       ij-kil-lkj |    72 |   52 | 5184 | 1.00 | 1.00 |        59.5 |    59.8 |    60.1 
       ijk-ikl-lj |  3744 |   52 |   72 | 1.00 | 1.00 |        68.1 |    70.9 |    67.4 
       ijk-il-jlk |    72 | 3744 |   52 | 1.00 | 0.95 |        66.2 |    70.3 |    59.8 
       ijk-ilk-jl |  3744 |   72 |   52 | 1.00 | 1.00 |        68.7 |    74.1 |    64.5 
       ijk-ilk-lj |  3744 |   52 |   72 | 1.00 | 1.00 |        69.4 |    73.1 |    69.3 
     ijk-ilmk-mjl |   480 |   20 |  480 | 1.00 | 1.00 |        67.8 |    55.5 |    64.7 
   ijkl-imjn-lnkm |   480 |  480 |  400 | 1.00 | 1.00 |        83.7 |    86.7 |    82.8 
   ijkl-imjn-nlmk |   480 |  400 |  480 | 1.00 | 1.00 |        85.7 |    87.9 |    85.4 
   ijkl-imkn-jnlm |   480 |  480 |  400 | 1.00 | 0.83 |        84.2 |    87.7 |    81.4 
   ijkl-imkn-njml |   480 |  400 |  480 | 1.00 | 1.00 |        86.0 |    89.0 |    85.0 
   ijkl-imln-jnkm |   480 |  480 |  400 | 1.00 | 0.83 |        84.3 |    88.0 |    82.8 
   ijkl-imln-njmk |   480 |  400 |  480 | 1.00 | 1.00 |        86.1 |    88.8 |    84.8 
   ijkl-imnj-nlkm |   480 |  400 |  480 | 1.00 | 1.00 |        85.4 |    88.1 |    85.7 
   ijkl-imnk-njml |   480 |  400 |  480 | 1.00 | 1.00 |        86.1 |    89.0 |    85.1 
   ijkl-minj-nlmk |   480 |  400 |  576 | 1.00 | 1.00 |        83.5 |    86.0 |    83.3 
   ijkl-mink-jnlm |   480 |  480 |  480 | 1.00 | 0.83 |        85.6 |    88.7 |    84.9 
   ijkl-minl-njmk |   480 |  400 |  576 | 1.00 | 1.00 |        83.8 |    86.1 |    83.7 
     aqrs-pa-pqrs |    24 | 8000 |   24 | 1.00 | 1.00 |        41.4 |    46.5 |    34.3 
     abrs-qb-aqrs |    20 | 9600 |   24 | 1.00 | 1.00 |        46.5 |    42.7 |    38.8 
     abcs-rc-abrs |    20 | 9600 |   24 | 1.00 | 1.00 |        47.0 |    42.9 |    38.7 
       abj-bka-kj |  5184 |   52 |   72 | 1.00 | 1.00 |        63.3 |    65.8 |    63.5 
       ajb-kba-jk |  3744 |   72 |   72 | 1.00 | 1.00 |        72.6 |    78.9 |    71.6 
     abjc-cbka-kj | 11520 |   20 |   24 | 1.00 | 1.00 |        40.7 |    38.5 |    35.1 
     ajbc-ckba-jk | 11520 |   24 |   20 | 1.00 | 1.00 |        40.6 |    44.3 |    34.7 
     abjc-kbac-jk |  9600 |   24 |   24 | 1.00 | 1.00 |        46.4 |    50.9 |    40.1 
   abjcd-dkbac-jk | 82944 |   24 |   12 | 1.00 | 1.00 |        26.1 |    26.3 |    21.3 
   adbjc-cbdka-kj | 82944 |   12 |   24 | 1.00 | 1.00 |        15.1 |    13.1 |    14.4 
   ajbdc-ckbad-jk | 82944 |   24 |   12 | 1.00 | 1.00 |        23.5 |    23.9 |    19.7 
 abcijk-ijma-mkbc |  4608 |  512 |   24 | 1.00 | 0.94 |        50.6 |    54.9 |    44.2 
 abcijk-ijmb-mkac |  1536 | 1536 |   24 | 1.00 | 0.50 |        45.7 |    49.7 |    40.3 
 abcijk-ijmc-mkab |  1536 | 1536 |   24 | 1.00 | 0.50 |        56.1 |    63.3 |    46.8 
 abcijk-ikma-mjbc |  4608 |  512 |   24 | 1.00 | 0.94 |        50.2 |    54.1 |    44.0 
 abcijk-ikmb-mjac |  1536 | 1536 |   24 | 1.00 | 0.50 |        46.3 |    49.3 |    40.1 
 abcijk-ikmc-mjab |  1536 | 1536 |   24 | 1.00 | 0.50 |        56.2 |    63.2 |    46.7 
 abcijk-jkma-mibc |  4608 |  512 |   24 | 1.00 | 0.94 |        50.4 |    54.7 |    44.2 
 abcijk-jkmb-miac |  1536 | 1536 |   24 | 1.00 | 0.50 |        46.7 |    49.9 |    40.2 
 abcijk-jkmc-miab |  1536 | 1536 |   24 | 1.00 | 0.50 |        56.1 |    63.3 |    46.5 
 abcijk-eiab-jkec |  1536 | 1536 |   24 | 1.00 | 0.50 |        56.2 |    63.1 |    46.3 
 abcijk-eiac-jkeb |  1536 | 1536 |   24 | 1.00 | 0.50 |        46.7 |    49.6 |    40.5 
 abcijk-eibc-jkea |   512 | 4608 |   24 | 1.00 | 0.94 |        50.1 |    54.6 |    44.3 
 abcijk-ejab-ikec |  1536 | 1536 |   24 | 1.00 | 0.50 |        56.4 |    63.2 |    46.7 
 abcijk-ejac-ikeb |  1536 | 1536 |   24 | 1.00 | 0.50 |        46.5 |    49.4 |    40.4 
 abcijk-ejbc-ikea |   512 | 4608 |   24 | 1.00 | 0.94 |        50.5 |    54.3 |    44.0 
 abcijk-ekab-ijec |  1536 | 1536 |   24 | 1.00 | 0.50 |        56.1 |    62.8 |    46.7 
 abcijk-ekac-ijeb |  1536 | 1536 |   24 | 1.00 | 0.50 |        46.0 |    48.7 |    40.2 
 abcijk-ekbc-ijea |   512 | 4608 |   24 | 1.00 | 0.94 |        50.4 |    54.8 |    44.5 
       abc-bk-akc |    72 | 3744 |   52 | 1.00 | 1.00 |        69.1 |    74.8 |    65.4 

=== complex efficiency ratio (c64 GF/s over f64 GF/s; 1.0 = no penalty) ===
             case | planar c64/f64 | 1m c64/f64 | 3m c64/f64 
------------------+----------------+------------+------------
         ij-ik-kj |          1.098 |      1.135 |      1.076 
       ij-ikl-ljk |          1.484 |      1.520 |      1.510 
       ij-kil-lkj |          1.471 |      1.478 |      1.486 
       ijk-ikl-lj |          1.169 |      1.216 |      1.157 
       ijk-il-jlk |          1.341 |      1.425 |      1.212 
       ijk-ilk-jl |          1.125 |      1.214 |      1.057 
       ijk-ilk-lj |          1.145 |      1.205 |      1.143 
     ijk-ilmk-mjl |          1.537 |      1.259 |      1.467 
   ijkl-imjn-lnkm |          1.065 |      1.104 |      1.053 
   ijkl-imjn-nlmk |          1.058 |      1.086 |      1.054 
   ijkl-imkn-jnlm |          1.041 |      1.084 |      1.006 
   ijkl-imkn-njml |          1.059 |      1.094 |      1.046 
   ijkl-imln-jnkm |          1.041 |      1.087 |      1.023 
   ijkl-imln-njmk |          1.058 |      1.091 |      1.041 
   ijkl-imnj-nlkm |          1.054 |      1.087 |      1.058 
   ijkl-imnk-njml |          1.057 |      1.094 |      1.045 
   ijkl-minj-nlmk |          1.093 |      1.126 |      1.091 
   ijkl-mink-jnlm |          1.045 |      1.083 |      1.037 
   ijkl-minl-njmk |          1.083 |      1.112 |      1.081 
     aqrs-pa-pqrs |          1.826 |      2.052 |      1.513 
     abrs-qb-aqrs |          1.540 |      1.414 |      1.283 
     abcs-rc-abrs |          1.548 |      1.413 |      1.275 
       abj-bka-kj |          1.224 |      1.272 |      1.227 
       ajb-kba-jk |          1.122 |      1.220 |      1.107 
     abjc-cbka-kj |          1.723 |      1.629 |      1.486 
     ajbc-ckba-jk |          1.465 |      1.599 |      1.253 
     abjc-kbac-jk |          1.386 |      1.520 |      1.199 
   abjcd-dkbac-jk |          1.536 |      1.548 |      1.252 
   adbjc-cbdka-kj |          1.532 |      1.323 |      1.460 
   ajbdc-ckbad-jk |          1.479 |      1.503 |      1.239 
 abcijk-ijma-mkbc |          1.267 |      1.375 |      1.106 
 abcijk-ijmb-mkac |          1.253 |      1.362 |      1.104 
 abcijk-ijmc-mkab |          1.322 |      1.491 |      1.101 
 abcijk-ikma-mjbc |          1.245 |      1.341 |      1.093 
 abcijk-ikmb-mjac |          1.258 |      1.341 |      1.091 
 abcijk-ikmc-mjab |          1.324 |      1.490 |      1.101 
 abcijk-jkma-mibc |          1.229 |      1.333 |      1.079 
 abcijk-jkmb-miac |          1.275 |      1.362 |      1.097 
 abcijk-jkmc-miab |          1.313 |      1.481 |      1.088 
 abcijk-eiab-jkec |          1.311 |      1.472 |      1.081 
 abcijk-eiac-jkeb |          1.260 |      1.339 |      1.093 
 abcijk-eibc-jkea |          1.227 |      1.338 |      1.086 
 abcijk-ejab-ikec |          1.319 |      1.477 |      1.090 
 abcijk-ejac-ikeb |          1.257 |      1.336 |      1.092 
 abcijk-ejbc-ikea |          1.260 |      1.354 |      1.099 
 abcijk-ekab-ijec |          1.306 |      1.463 |      1.087 
 abcijk-ekac-ijeb |          1.243 |      1.316 |      1.087 
 abcijk-ekbc-ijea |          1.259 |      1.368 |      1.110 
       abc-bk-akc |          1.120 |      1.213 |      1.060 
             MEAN |          1.275 |      1.332 |      1.157 

wrote bench-results/worker5086-zen2/phase4g/sm-pool-s1-t2-f64c64.csv
