host        : worker5086
target      : x86_64 / linux
cpu features: avx2 fma 
caches      : L1=32KiB/8-way/1sh L2=512KiB/8-way/1sh L3=16384KiB/16-way/4sh (via sysfs), blocking=legacy
l3 domains  : t1=1 t4=1 t8=2 t16=4
baselines   : tblis=false blas=false

sweeping 49 cases at 16 MiB nominal tensor size, 3 reps, stress=none


=== f32 ===
             case |      m |     n |     k | regA | regB | planar GF/s | 1m GF/s | 3m GF/s 
------------------+--------+-------+-------+------+------+-------------+---------+---------
         ij-ik-kj |   1464 |  1448 |  1464 | 1.00 | 1.00 |       326.2 |   326.2 |   326.2 
       ij-ikl-ljk |    144 |   128 | 18432 | 1.00 | 1.00 |       111.9 |   111.9 |   111.9 
       ij-kil-lkj |    144 |   128 | 20736 | 1.00 | 1.00 |       135.6 |   135.6 |   135.6 
       ijk-ikl-lj |  18432 |   128 |   144 | 1.00 | 1.00 |       292.8 |   292.8 |   292.8 
       ijk-il-jlk |    144 | 18432 |   128 | 1.00 | 1.00 |       115.2 |   115.2 |   115.2 
       ijk-ilk-jl |  18432 |   144 |   128 | 1.00 | 1.00 |       250.7 |   250.7 |   250.7 
       ijk-ilk-lj |  18432 |   128 |   144 | 1.00 | 1.00 |       455.6 |   455.6 |   455.6 
     ijk-ilmk-mjl |   1920 |    40 |  1920 | 1.00 | 1.00 |       144.0 |   144.0 |   144.0 
   ijkl-imjn-lnkm |   1920 |  1920 |  1600 | 1.00 | 0.90 |       396.8 |   396.8 |   396.8 
   ijkl-imjn-nlmk |   1920 |  1600 |  1920 | 1.00 | 0.90 |       465.7 |   465.7 |   465.7 
   ijkl-imkn-jnlm |   1920 |  1920 |  1600 | 1.00 | 1.00 |       564.0 |   564.0 |   564.0 
   ijkl-imkn-njml |   1920 |  1600 |  1920 | 1.00 | 0.90 |       483.8 |   483.8 |   483.8 
   ijkl-imln-jnkm |   1920 |  1920 |  1600 | 1.00 | 1.00 |       336.1 |   336.1 |   336.1 
   ijkl-imln-njmk |   1920 |  1600 |  1920 | 1.00 | 0.90 |       406.9 |   406.9 |   406.9 
   ijkl-imnj-nlkm |   1920 |  1600 |  1920 | 1.00 | 0.90 |       476.1 |   476.1 |   476.1 
   ijkl-imnk-njml |   1920 |  1600 |  1920 | 1.00 | 0.90 |       400.2 |   400.2 |   400.2 
   ijkl-minj-nlmk |   1920 |  1600 |  2304 | 1.00 | 0.90 |       436.8 |   436.8 |   436.8 
   ijkl-mink-jnlm |   1920 |  1920 |  1920 | 1.00 | 1.00 |       559.2 |   559.2 |   559.2 
   ijkl-minl-njmk |   1920 |  1600 |  2304 | 1.00 | 0.90 |       489.7 |   489.7 |   489.7 
     aqrs-pa-pqrs |     48 | 64000 |    48 | 1.00 | 1.00 |       234.2 |   234.2 |   234.2 
     abrs-qb-aqrs |     40 | 76800 |    48 | 1.00 | 1.00 |       121.4 |   121.4 |   121.4 
     abcs-rc-abrs |     40 | 76800 |    48 | 1.00 | 1.00 |       212.5 |   212.5 |   212.5 
       abj-bka-kj |  20736 |   128 |   144 | 1.00 | 1.00 |       292.2 |   292.2 |   292.2 
       ajb-kba-jk |  18432 |   144 |   144 | 1.00 | 1.00 |       362.6 |   362.6 |   362.6 
     abjc-cbka-kj |  92160 |    40 |    48 | 1.00 | 1.00 |        61.4 |    61.4 |    61.4 
     ajbc-ckba-jk |  92160 |    48 |    40 | 1.00 | 1.00 |        34.2 |    34.2 |    34.2 
     abjc-kbac-jk |  76800 |    48 |    48 | 1.00 | 1.00 |        90.1 |    90.1 |    90.1 
   abjcd-dkbac-jk | 230400 |    24 |    20 | 0.67 | 1.00 |        28.7 |    28.7 |    28.7 
   adbjc-cbdka-kj | 230400 |    20 |    24 | 0.67 | 1.00 |        30.4 |    30.4 |    30.4 
   ajbdc-ckbad-jk | 230400 |    24 |    20 | 1.00 | 1.00 |        32.8 |    32.8 |    32.8 
 abcijk-ijma-mkbc |   6912 |  1728 |    24 | 1.00 | 1.00 |       180.7 |   180.7 |   180.7 
 abcijk-ijmb-mkac |   3456 |  3456 |    24 | 1.00 | 1.00 |       156.7 |   156.7 |   156.7 
 abcijk-ijmc-mkab |   3456 |  3456 |    24 | 1.00 | 1.00 |       232.0 |   232.0 |   232.0 
 abcijk-ikma-mjbc |   6912 |  1728 |    24 | 1.00 | 1.00 |       177.2 |   177.2 |   177.2 
 abcijk-ikmb-mjac |   3456 |  3456 |    24 | 1.00 | 1.00 |       158.7 |   158.7 |   158.7 
 abcijk-ikmc-mjab |   3456 |  3456 |    24 | 1.00 | 1.00 |       203.2 |   203.2 |   203.2 
 abcijk-jkma-mibc |   6912 |  1728 |    24 | 1.00 | 1.00 |       175.3 |   175.3 |   175.3 
 abcijk-jkmb-miac |   3456 |  3456 |    24 | 1.00 | 1.00 |       156.7 |   156.7 |   156.7 
 abcijk-jkmc-miab |   3456 |  3456 |    24 | 1.00 | 1.00 |       200.8 |   200.8 |   200.8 
 abcijk-eiab-jkec |   3456 |  3456 |    24 | 1.00 | 1.00 |       199.6 |   199.6 |   199.6 
 abcijk-eiac-jkeb |   3456 |  3456 |    24 | 1.00 | 1.00 |       156.6 |   156.6 |   156.6 
 abcijk-eibc-jkea |   1728 |  6912 |    24 | 1.00 | 1.00 |       180.5 |   180.5 |   180.5 
 abcijk-ejab-ikec |   3456 |  3456 |    24 | 1.00 | 1.00 |       200.8 |   200.8 |   200.8 
 abcijk-ejac-ikeb |   3456 |  3456 |    24 | 1.00 | 1.00 |       155.1 |   155.1 |   155.1 
 abcijk-ejbc-ikea |   1728 |  6912 |    24 | 1.00 | 1.00 |       176.7 |   176.7 |   176.7 
 abcijk-ekab-ijec |   3456 |  3456 |    24 | 1.00 | 1.00 |       201.8 |   201.8 |   201.8 
 abcijk-ekac-ijeb |   3456 |  3456 |    24 | 1.00 | 1.00 |       157.0 |   157.0 |   157.0 
 abcijk-ekbc-ijea |   1728 |  6912 |    24 | 1.00 | 1.00 |       180.2 |   180.2 |   180.2 
       abc-bk-akc |    144 | 18432 |   128 | 1.00 | 1.00 |       255.0 |   255.0 |   255.0 

=== c32 ===
             case |      m |     n |     k | regA | regB | planar GF/s | 1m GF/s | 3m GF/s 
------------------+--------+-------+-------+------+------+-------------+---------+---------
         ij-ik-kj |   1464 |  1448 |  1464 | 1.00 | 1.00 |       563.8 |   574.9 |   446.4 
       ij-ikl-ljk |    144 |   128 | 18432 | 1.00 | 1.00 |       237.0 |   230.0 |   208.9 
       ij-kil-lkj |    144 |   128 | 20736 | 1.00 | 1.00 |       234.2 |   167.3 |   139.1 
       ijk-ikl-lj |  18432 |   128 |   144 | 1.00 | 1.00 |       292.6 |   347.3 |   383.2 
       ijk-il-jlk |    144 | 18432 |   128 | 1.00 | 0.97 |       274.3 |   312.5 |   236.1 
       ijk-ilk-jl |  18432 |   144 |   128 | 1.00 | 1.00 |       451.0 |   322.9 |   532.7 
       ijk-ilk-lj |  18432 |   128 |   144 | 1.00 | 1.00 |       423.3 |   471.6 |   310.0 
     ijk-ilmk-mjl |   1920 |    40 |  1920 | 1.00 | 1.00 |       213.0 |   282.8 |   255.0 
   ijkl-imjn-lnkm |   1920 |  1920 |  1600 | 1.00 | 1.00 |       574.5 |   465.4 |   548.8 
   ijkl-imjn-nlmk |   1920 |  1600 |  1920 | 1.00 | 1.00 |       554.9 |   589.9 |   560.7 
   ijkl-imkn-jnlm |   1920 |  1920 |  1600 | 1.00 | 0.92 |       579.2 |   605.3 |   581.2 
   ijkl-imkn-njml |   1920 |  1600 |  1920 | 1.00 | 1.00 |       526.1 |   613.4 |   597.0 
   ijkl-imln-jnkm |   1920 |  1920 |  1600 | 1.00 | 0.92 |       624.5 |   612.7 |   586.1 
   ijkl-imln-njmk |   1920 |  1600 |  1920 | 1.00 | 1.00 |       620.5 |   620.8 |   551.9 
   ijkl-imnj-nlkm |   1920 |  1600 |  1920 | 1.00 | 1.00 |       436.2 |   548.2 |   537.5 
   ijkl-imnk-njml |   1920 |  1600 |  1920 | 1.00 | 1.00 |       617.1 |   554.4 |   550.3 
   ijkl-minj-nlmk |   1920 |  1600 |  2304 | 1.00 | 1.00 |       553.3 |   584.3 |   549.3 
   ijkl-mink-jnlm |   1920 |  1920 |  1920 | 1.00 | 0.92 |       637.7 |   624.9 |   607.3 
   ijkl-minl-njmk |   1920 |  1600 |  2304 | 1.00 | 1.00 |       619.0 |   609.3 |   578.0 
     aqrs-pa-pqrs |     48 | 64000 |    48 | 1.00 | 1.00 |       257.7 |   268.1 |   246.0 
     abrs-qb-aqrs |     40 | 76800 |    48 | 1.00 | 1.00 |       131.4 |   283.9 |   130.4 
     abcs-rc-abrs |     40 | 76800 |    48 | 1.00 | 1.00 |       152.8 |   257.6 |   144.1 
       abj-bka-kj |  20736 |   128 |   144 | 1.00 | 1.00 |       445.4 |   430.6 |   434.0 
       ajb-kba-jk |  18432 |   144 |   144 | 1.00 | 1.00 |       530.1 |   517.2 |   357.5 
     abjc-cbka-kj |  92160 |    40 |    48 | 1.00 | 1.00 |        57.4 |   102.9 |    56.9 
     ajbc-ckba-jk |  92160 |    48 |    40 | 1.00 | 1.00 |       101.6 |    78.3 |    80.9 
     abjc-kbac-jk |  76800 |    48 |    48 | 1.00 | 1.00 |       170.8 |   170.8 |   168.8 
   abjcd-dkbac-jk | 230400 |    24 |    20 | 1.00 | 1.00 |        77.8 |    60.8 |    57.5 
   adbjc-cbdka-kj | 230400 |    20 |    24 | 1.00 | 1.00 |        67.5 |    59.0 |    64.3 
   ajbdc-ckbad-jk | 230400 |    24 |    20 | 1.00 | 1.00 |        76.5 |    72.6 |    74.2 
 abcijk-ijma-mkbc |   6912 |  1728 |    24 | 1.00 | 0.97 |       311.6 |   327.9 |   299.7 
 abcijk-ijmb-mkac |   3456 |  3456 |    24 | 1.00 | 0.67 |       297.0 |   325.5 |   289.9 
 abcijk-ijmc-mkab |   3456 |  3456 |    24 | 1.00 | 0.67 |       340.3 |   348.0 |   325.8 
 abcijk-ikma-mjbc |   6912 |  1728 |    24 | 1.00 | 0.97 |       307.0 |   315.3 |   305.1 
 abcijk-ikmb-mjac |   3456 |  3456 |    24 | 1.00 | 0.67 |       299.5 |   327.1 |   285.8 
 abcijk-ikmc-mjab |   3456 |  3456 |    24 | 1.00 | 0.67 |       339.7 |   347.5 |   327.1 
 abcijk-jkma-mibc |   6912 |  1728 |    24 | 1.00 | 0.97 |       320.9 |   328.6 |   310.6 
 abcijk-jkmb-miac |   3456 |  3456 |    24 | 1.00 | 0.67 |       297.1 |   328.3 |   291.9 
 abcijk-jkmc-miab |   3456 |  3456 |    24 | 1.00 | 0.67 |       341.2 |   355.5 |   328.2 
 abcijk-eiab-jkec |   3456 |  3456 |    24 | 1.00 | 0.67 |       343.7 |   355.6 |   330.9 
 abcijk-eiac-jkeb |   3456 |  3456 |    24 | 1.00 | 0.67 |       297.1 |   329.1 |   286.6 
 abcijk-eibc-jkea |   1728 |  6912 |    24 | 1.00 | 0.97 |       320.9 |   329.6 |   308.7 
 abcijk-ejab-ikec |   3456 |  3456 |    24 | 1.00 | 0.67 |       341.3 |   348.5 |   327.2 
 abcijk-ejac-ikeb |   3456 |  3456 |    24 | 1.00 | 0.67 |       298.1 |   325.5 |   287.4 
 abcijk-ejbc-ikea |   1728 |  6912 |    24 | 1.00 | 0.97 |       310.6 |   317.8 |   302.2 
 abcijk-ekab-ijec |   3456 |  3456 |    24 | 1.00 | 0.67 |       339.4 |   347.4 |   324.2 
 abcijk-ekac-ijeb |   3456 |  3456 |    24 | 1.00 | 0.67 |       296.3 |   325.9 |   284.5 
 abcijk-ekbc-ijea |   1728 |  6912 |    24 | 1.00 | 0.97 |       312.0 |   320.8 |   301.8 
       abc-bk-akc |    144 | 18432 |   128 | 1.00 | 1.00 |       317.3 |   444.6 |   307.2 

=== complex efficiency ratio (c32 GF/s over f32 GF/s; 1.0 = no penalty) ===
             case | planar c32/f32 | 1m c32/f32 | 3m c32/f32 
------------------+----------------+------------+------------
         ij-ik-kj |          1.728 |      1.762 |      1.368 
       ij-ikl-ljk |          2.118 |      2.055 |      1.867 
       ij-kil-lkj |          1.728 |      1.234 |      1.026 
       ijk-ikl-lj |          0.999 |      1.186 |      1.309 
       ijk-il-jlk |          2.382 |      2.714 |      2.051 
       ijk-ilk-jl |          1.799 |      1.288 |      2.124 
       ijk-ilk-lj |          0.929 |      1.035 |      0.681 
     ijk-ilmk-mjl |          1.480 |      1.964 |      1.771 
   ijkl-imjn-lnkm |          1.448 |      1.173 |      1.383 
   ijkl-imjn-nlmk |          1.191 |      1.267 |      1.204 
   ijkl-imkn-jnlm |          1.027 |      1.073 |      1.030 
   ijkl-imkn-njml |          1.087 |      1.268 |      1.234 
   ijkl-imln-jnkm |          1.858 |      1.823 |      1.744 
   ijkl-imln-njmk |          1.525 |      1.526 |      1.356 
   ijkl-imnj-nlkm |          0.916 |      1.151 |      1.129 
   ijkl-imnk-njml |          1.542 |      1.385 |      1.375 
   ijkl-minj-nlmk |          1.267 |      1.338 |      1.258 
   ijkl-mink-jnlm |          1.141 |      1.118 |      1.086 
   ijkl-minl-njmk |          1.264 |      1.244 |      1.180 
     aqrs-pa-pqrs |          1.100 |      1.145 |      1.050 
     abrs-qb-aqrs |          1.082 |      2.339 |      1.074 
     abcs-rc-abrs |          0.719 |      1.213 |      0.678 
       abj-bka-kj |          1.524 |      1.473 |      1.485 
       ajb-kba-jk |          1.462 |      1.426 |      0.986 
     abjc-cbka-kj |          0.935 |      1.676 |      0.927 
     ajbc-ckba-jk |          2.974 |      2.291 |      2.367 
     abjc-kbac-jk |          1.896 |      1.896 |      1.874 
   abjcd-dkbac-jk |          2.712 |      2.121 |      2.005 
   adbjc-cbdka-kj |          2.223 |      1.941 |      2.118 
   ajbdc-ckbad-jk |          2.332 |      2.213 |      2.263 
 abcijk-ijma-mkbc |          1.724 |      1.814 |      1.659 
 abcijk-ijmb-mkac |          1.896 |      2.078 |      1.851 
 abcijk-ijmc-mkab |          1.467 |      1.500 |      1.405 
 abcijk-ikma-mjbc |          1.733 |      1.779 |      1.722 
 abcijk-ikmb-mjac |          1.888 |      2.061 |      1.802 
 abcijk-ikmc-mjab |          1.671 |      1.710 |      1.610 
 abcijk-jkma-mibc |          1.830 |      1.874 |      1.772 
 abcijk-jkmb-miac |          1.896 |      2.095 |      1.863 
 abcijk-jkmc-miab |          1.699 |      1.771 |      1.635 
 abcijk-eiab-jkec |          1.722 |      1.782 |      1.658 
 abcijk-eiac-jkeb |          1.897 |      2.101 |      1.830 
 abcijk-eibc-jkea |          1.778 |      1.827 |      1.711 
 abcijk-ejab-ikec |          1.700 |      1.735 |      1.629 
 abcijk-ejac-ikeb |          1.922 |      2.099 |      1.853 
 abcijk-ejbc-ikea |          1.758 |      1.799 |      1.711 
 abcijk-ekab-ijec |          1.682 |      1.721 |      1.606 
 abcijk-ekac-ijeb |          1.887 |      2.075 |      1.812 
 abcijk-ekbc-ijea |          1.731 |      1.780 |      1.675 
       abc-bk-akc |          1.244 |      1.744 |      1.205 
             MEAN |          1.623 |      1.687 |      1.531 

wrote bench-results/worker5086-zen2/phase4g/sm-s16-t8-f32c32.csv
