host        : worker5086
target      : x86_64 / linux
cpu features: avx2 fma 
caches      : L1=32KiB/8-way/1sh L2=512KiB/8-way/1sh L3=16384KiB/16-way/4sh (via sysfs), blocking=legacy
l3 domains  : t1=1 t4=1 t8=2 t16=4 t32=8 t64=16 t128=32
baselines   : tblis=false blas=false

sweeping 49 cases at 1 MiB nominal tensor size, 24 reps, stress=none


=== f64 ===
             case |     m |    n |    k | regA | regB | planar GF/s | 1m GF/s | 3m GF/s 
------------------+-------+------+------+------+------+-------------+---------+---------
         ij-ik-kj |   384 |  364 |  384 | 1.00 | 1.00 |        29.2 |    29.2 |    29.2 
       ij-ikl-ljk |    72 |   52 | 3744 | 1.00 | 1.00 |         7.3 |     7.3 |     7.3 
       ij-kil-lkj |    72 |   52 | 5184 | 1.00 | 1.00 |         8.8 |     8.8 |     8.8 
       ijk-ikl-lj |  3744 |   52 |   72 | 1.00 | 1.00 |        10.1 |    10.1 |    10.1 
       ijk-il-jlk |    72 | 3744 |   52 | 1.00 | 1.00 |        10.4 |    10.4 |    10.4 
       ijk-ilk-jl |  3744 |   72 |   52 | 1.00 | 1.00 |         8.1 |     8.1 |     8.1 
       ijk-ilk-lj |  3744 |   52 |   72 | 1.00 | 1.00 |         9.2 |     9.2 |     9.2 
     ijk-ilmk-mjl |   480 |   20 |  480 | 1.00 | 1.00 |         3.0 |     3.0 |     3.0 
   ijkl-imjn-lnkm |   480 |  480 |  400 | 1.00 | 0.80 |        44.2 |    44.2 |    44.2 
   ijkl-imjn-nlmk |   480 |  400 |  480 | 1.00 | 0.81 |        46.6 |    46.6 |    46.6 
   ijkl-imkn-jnlm |   480 |  480 |  400 | 1.00 | 1.00 |        44.5 |    44.5 |    44.5 
   ijkl-imkn-njml |   480 |  400 |  480 | 1.00 | 0.81 |        51.6 |    51.6 |    51.6 
   ijkl-imln-jnkm |   480 |  480 |  400 | 1.00 | 1.00 |        41.7 |    41.7 |    41.7 
   ijkl-imln-njmk |   480 |  400 |  480 | 1.00 | 0.81 |        46.6 |    46.6 |    46.6 
   ijkl-imnj-nlkm |   480 |  400 |  480 | 1.00 | 0.81 |        41.5 |    41.5 |    41.5 
   ijkl-imnk-njml |   480 |  400 |  480 | 1.00 | 0.81 |        49.5 |    49.5 |    49.5 
   ijkl-minj-nlmk |   480 |  400 |  576 | 1.00 | 0.81 |        55.6 |    55.6 |    55.6 
   ijkl-mink-jnlm |   480 |  480 |  480 | 1.00 | 1.00 |        53.3 |    53.3 |    53.3 
   ijkl-minl-njmk |   480 |  400 |  576 | 1.00 | 0.81 |        45.2 |    45.2 |    45.2 
     aqrs-pa-pqrs |    24 | 8000 |   24 | 1.00 | 1.00 |         3.4 |     3.4 |     3.4 
     abrs-qb-aqrs |    20 | 9600 |   24 | 1.00 | 1.00 |         3.1 |     3.1 |     3.1 
     abcs-rc-abrs |    20 | 9600 |   24 | 1.00 | 1.00 |         2.7 |     2.7 |     2.7 
       abj-bka-kj |  5184 |   52 |   72 | 1.00 | 1.00 |        11.3 |    11.3 |    11.3 
       ajb-kba-jk |  3744 |   72 |   72 | 1.00 | 1.00 |        12.1 |    12.1 |    12.1 
     abjc-cbka-kj | 11520 |   20 |   24 | 1.00 | 1.00 |         3.5 |     3.5 |     3.5 
     ajbc-ckba-jk | 11520 |   24 |   20 | 1.00 | 1.00 |         3.4 |     3.4 |     3.4 
     abjc-kbac-jk |  9600 |   24 |   24 | 1.00 | 1.00 |         3.4 |     3.4 |     3.4 
   abjcd-dkbac-jk | 82944 |   24 |   12 | 1.00 | 1.00 |        12.7 |    12.7 |    12.7 
   adbjc-cbdka-kj | 82944 |   12 |   24 | 1.00 | 1.00 |        10.7 |    10.7 |    10.7 
   ajbdc-ckbad-jk | 82944 |   24 |   12 | 1.00 | 1.00 |        12.5 |    12.5 |    12.5 
 abcijk-ijma-mkbc |  4608 |  512 |   24 | 1.00 | 0.94 |        54.2 |    54.2 |    54.2 
 abcijk-ijmb-mkac |  1536 | 1536 |   24 | 1.00 | 0.50 |        65.5 |    65.5 |    65.5 
 abcijk-ijmc-mkab |  1536 | 1536 |   24 | 1.00 | 0.50 |        71.4 |    71.4 |    71.4 
 abcijk-ikma-mjbc |  4608 |  512 |   24 | 1.00 | 0.94 |        54.6 |    54.6 |    54.6 
 abcijk-ikmb-mjac |  1536 | 1536 |   24 | 1.00 | 0.50 |        64.9 |    64.9 |    64.9 
 abcijk-ikmc-mjab |  1536 | 1536 |   24 | 1.00 | 0.50 |        65.8 |    65.8 |    65.8 
 abcijk-jkma-mibc |  4608 |  512 |   24 | 1.00 | 0.94 |        55.4 |    55.4 |    55.4 
 abcijk-jkmb-miac |  1536 | 1536 |   24 | 1.00 | 0.50 |        69.1 |    69.1 |    69.1 
 abcijk-jkmc-miab |  1536 | 1536 |   24 | 1.00 | 0.50 |        70.9 |    70.9 |    70.9 
 abcijk-eiab-jkec |  1536 | 1536 |   24 | 1.00 | 0.50 |        68.8 |    68.8 |    68.8 
 abcijk-eiac-jkeb |  1536 | 1536 |   24 | 1.00 | 0.50 |        66.7 |    66.7 |    66.7 
 abcijk-eibc-jkea |   512 | 4608 |   24 | 1.00 | 0.94 |        54.1 |    54.1 |    54.1 
 abcijk-ejab-ikec |  1536 | 1536 |   24 | 1.00 | 0.50 |        65.8 |    65.8 |    65.8 
 abcijk-ejac-ikeb |  1536 | 1536 |   24 | 1.00 | 0.50 |        67.4 |    67.4 |    67.4 
 abcijk-ejbc-ikea |   512 | 4608 |   24 | 1.00 | 0.94 |        53.3 |    53.3 |    53.3 
 abcijk-ekab-ijec |  1536 | 1536 |   24 | 1.00 | 0.50 |        65.1 |    65.1 |    65.1 
 abcijk-ekac-ijeb |  1536 | 1536 |   24 | 1.00 | 0.50 |        68.3 |    68.3 |    68.3 
 abcijk-ekbc-ijea |   512 | 4608 |   24 | 1.00 | 0.94 |        53.7 |    53.7 |    53.7 
       abc-bk-akc |    72 | 3744 |   52 | 1.00 | 1.00 |         8.8 |     8.8 |     8.8 

=== c64 ===
             case |     m |    n |    k | regA | regB | planar GF/s | 1m GF/s | 3m GF/s 
------------------+-------+------+------+------+------+-------------+---------+---------
         ij-ik-kj |   384 |  364 |  384 | 1.00 | 1.00 |        93.0 |    76.8 |    73.5 
       ij-ikl-ljk |    72 |   52 | 3744 | 1.00 | 1.00 |        24.7 |    23.7 |    24.1 
       ij-kil-lkj |    72 |   52 | 5184 | 1.00 | 1.00 |        29.0 |    26.8 |    27.9 
       ijk-ikl-lj |  3744 |   52 |   72 | 1.00 | 1.00 |        31.9 |    32.7 |    31.7 
       ijk-il-jlk |    72 | 3744 |   52 | 1.00 | 0.95 |        33.5 |    32.1 |    29.7 
       ijk-ilk-jl |  3744 |   72 |   52 | 1.00 | 1.00 |        31.9 |    32.1 |    32.5 
       ijk-ilk-lj |  3744 |   52 |   72 | 1.00 | 1.00 |        31.1 |    32.8 |    31.0 
     ijk-ilmk-mjl |   480 |   20 |  480 | 1.00 | 1.00 |        10.1 |     9.6 |    10.1 
   ijkl-imjn-lnkm |   480 |  480 |  400 | 1.00 | 1.00 |       122.0 |   122.6 |   115.1 
   ijkl-imjn-nlmk |   480 |  400 |  480 | 1.00 | 1.00 |       116.4 |   119.7 |   107.8 
   ijkl-imkn-jnlm |   480 |  480 |  400 | 1.00 | 0.83 |       117.6 |   123.7 |   108.4 
   ijkl-imkn-njml |   480 |  400 |  480 | 1.00 | 1.00 |       113.8 |   126.3 |   105.3 
   ijkl-imln-jnkm |   480 |  480 |  400 | 1.00 | 0.83 |       118.5 |   133.4 |   109.3 
   ijkl-imln-njmk |   480 |  400 |  480 | 1.00 | 1.00 |       119.3 |   116.0 |   112.0 
   ijkl-imnj-nlkm |   480 |  400 |  480 | 1.00 | 1.00 |       121.1 |   126.6 |   107.8 
   ijkl-imnk-njml |   480 |  400 |  480 | 1.00 | 1.00 |       121.9 |   117.0 |   129.7 
   ijkl-minj-nlmk |   480 |  400 |  576 | 1.00 | 1.00 |       135.2 |   112.8 |   111.0 
   ijkl-mink-jnlm |   480 |  480 |  480 | 1.00 | 0.83 |       142.1 |   154.0 |   129.5 
   ijkl-minl-njmk |   480 |  400 |  576 | 1.00 | 1.00 |       127.0 |   126.7 |   117.3 
     aqrs-pa-pqrs |    24 | 8000 |   24 | 1.00 | 1.00 |        15.0 |    14.7 |    14.7 
     abrs-qb-aqrs |    20 | 9600 |   24 | 1.00 | 1.00 |        11.1 |    10.9 |    11.5 
     abcs-rc-abrs |    20 | 9600 |   24 | 1.00 | 1.00 |        10.4 |    10.6 |    10.6 
       abj-bka-kj |  5184 |   52 |   72 | 1.00 | 1.00 |        47.1 |    40.9 |    39.3 
       ajb-kba-jk |  3744 |   72 |   72 | 1.00 | 1.00 |        44.3 |    44.2 |    44.5 
     abjc-cbka-kj | 11520 |   20 |   24 | 1.00 | 1.00 |        13.0 |    12.4 |    13.9 
     ajbc-ckba-jk | 11520 |   24 |   20 | 1.00 | 1.00 |        13.8 |    12.6 |    13.1 
     abjc-kbac-jk |  9600 |   24 |   24 | 1.00 | 1.00 |        13.0 |    13.4 |    13.1 
   abjcd-dkbac-jk | 82944 |   24 |   12 | 1.00 | 1.00 |        37.7 |    35.9 |    37.6 
   adbjc-cbdka-kj | 82944 |   12 |   24 | 1.00 | 1.00 |        32.5 |    29.7 |    33.3 
   ajbdc-ckbad-jk | 82944 |   24 |   12 | 1.00 | 1.00 |        37.2 |    38.8 |    38.6 
 abcijk-ijma-mkbc |  4608 |  512 |   24 | 1.00 | 0.94 |       149.8 |   139.5 |   145.1 
 abcijk-ijmb-mkac |  1536 | 1536 |   24 | 1.00 | 0.50 |       173.0 |   177.2 |   173.3 
 abcijk-ijmc-mkab |  1536 | 1536 |   24 | 1.00 | 0.50 |       184.1 |   178.1 |   179.7 
 abcijk-ikma-mjbc |  4608 |  512 |   24 | 1.00 | 0.94 |       156.0 |   137.7 |   148.9 
 abcijk-ikmb-mjac |  1536 | 1536 |   24 | 1.00 | 0.50 |       173.9 |   176.7 |   175.8 
 abcijk-ikmc-mjab |  1536 | 1536 |   24 | 1.00 | 0.50 |       188.3 |   185.4 |   171.7 
 abcijk-jkma-mibc |  4608 |  512 |   24 | 1.00 | 0.94 |       155.3 |   139.8 |   152.3 
 abcijk-jkmb-miac |  1536 | 1536 |   24 | 1.00 | 0.50 |       175.6 |   185.4 |   170.2 
 abcijk-jkmc-miab |  1536 | 1536 |   24 | 1.00 | 0.50 |       192.5 |   183.3 |   185.4 
 abcijk-eiab-jkec |  1536 | 1536 |   24 | 1.00 | 0.50 |       190.1 |   188.4 |   181.2 
 abcijk-eiac-jkeb |  1536 | 1536 |   24 | 1.00 | 0.50 |       169.5 |   184.9 |   174.8 
 abcijk-eibc-jkea |   512 | 4608 |   24 | 1.00 | 0.94 |       149.0 |   140.0 |   146.4 
 abcijk-ejab-ikec |  1536 | 1536 |   24 | 1.00 | 0.50 |       190.0 |   180.8 |   177.2 
 abcijk-ejac-ikeb |  1536 | 1536 |   24 | 1.00 | 0.50 |       176.5 |   176.9 |   172.6 
 abcijk-ejbc-ikea |   512 | 4608 |   24 | 1.00 | 0.94 |       159.5 |   142.5 |   147.4 
 abcijk-ekab-ijec |  1536 | 1536 |   24 | 1.00 | 0.50 |       192.1 |   175.4 |   175.7 
 abcijk-ekac-ijeb |  1536 | 1536 |   24 | 1.00 | 0.50 |       169.6 |   174.0 |   179.2 
 abcijk-ekbc-ijea |   512 | 4608 |   24 | 1.00 | 0.94 |       153.7 |   140.9 |   153.6 
       abc-bk-akc |    72 | 3744 |   52 | 1.00 | 1.00 |        31.7 |    30.2 |    32.5 

=== complex efficiency ratio (c64 GF/s over f64 GF/s; 1.0 = no penalty) ===
             case | planar c64/f64 | 1m c64/f64 | 3m c64/f64 
------------------+----------------+------------+------------
         ij-ik-kj |          3.182 |      2.628 |      2.514 
       ij-ikl-ljk |          3.399 |      3.261 |      3.313 
       ij-kil-lkj |          3.308 |      3.064 |      3.188 
       ijk-ikl-lj |          3.154 |      3.226 |      3.129 
       ijk-il-jlk |          3.228 |      3.093 |      2.858 
       ijk-ilk-jl |          3.944 |      3.961 |      4.021 
       ijk-ilk-lj |          3.392 |      3.584 |      3.380 
     ijk-ilmk-mjl |          3.337 |      3.149 |      3.332 
   ijkl-imjn-lnkm |          2.760 |      2.774 |      2.605 
   ijkl-imjn-nlmk |          2.497 |      2.569 |      2.312 
   ijkl-imkn-jnlm |          2.644 |      2.781 |      2.436 
   ijkl-imkn-njml |          2.205 |      2.448 |      2.041 
   ijkl-imln-jnkm |          2.841 |      3.198 |      2.620 
   ijkl-imln-njmk |          2.560 |      2.490 |      2.404 
   ijkl-imnj-nlkm |          2.921 |      3.055 |      2.601 
   ijkl-imnk-njml |          2.464 |      2.365 |      2.621 
   ijkl-minj-nlmk |          2.430 |      2.028 |      1.995 
   ijkl-mink-jnlm |          2.666 |      2.891 |      2.430 
   ijkl-minl-njmk |          2.811 |      2.804 |      2.596 
     aqrs-pa-pqrs |          4.374 |      4.274 |      4.286 
     abrs-qb-aqrs |          3.631 |      3.580 |      3.780 
     abcs-rc-abrs |          3.909 |      3.981 |      3.996 
       abj-bka-kj |          4.174 |      3.630 |      3.489 
       ajb-kba-jk |          3.663 |      3.654 |      3.683 
     abjc-cbka-kj |          3.737 |      3.565 |      3.990 
     ajbc-ckba-jk |          4.020 |      3.679 |      3.804 
     abjc-kbac-jk |          3.804 |      3.914 |      3.827 
   abjcd-dkbac-jk |          2.979 |      2.838 |      2.968 
   adbjc-cbdka-kj |          3.045 |      2.788 |      3.128 
   ajbdc-ckbad-jk |          2.970 |      3.098 |      3.086 
 abcijk-ijma-mkbc |          2.764 |      2.575 |      2.678 
 abcijk-ijmb-mkac |          2.641 |      2.705 |      2.646 
 abcijk-ijmc-mkab |          2.580 |      2.496 |      2.518 
 abcijk-ikma-mjbc |          2.858 |      2.523 |      2.727 
 abcijk-ikmb-mjac |          2.677 |      2.720 |      2.706 
 abcijk-ikmc-mjab |          2.862 |      2.818 |      2.609 
 abcijk-jkma-mibc |          2.804 |      2.525 |      2.749 
 abcijk-jkmb-miac |          2.542 |      2.683 |      2.464 
 abcijk-jkmc-miab |          2.715 |      2.586 |      2.615 
 abcijk-eiab-jkec |          2.762 |      2.738 |      2.633 
 abcijk-eiac-jkeb |          2.540 |      2.770 |      2.619 
 abcijk-eibc-jkea |          2.755 |      2.589 |      2.709 
 abcijk-ejab-ikec |          2.887 |      2.746 |      2.692 
 abcijk-ejac-ikeb |          2.618 |      2.622 |      2.559 
 abcijk-ejbc-ikea |          2.993 |      2.674 |      2.766 
 abcijk-ekab-ijec |          2.949 |      2.692 |      2.697 
 abcijk-ekac-ijeb |          2.483 |      2.547 |      2.623 
 abcijk-ekbc-ijea |          2.864 |      2.626 |      2.861 
       abc-bk-akc |          3.625 |      3.450 |      3.708 
             MEAN |          3.040 |      2.968 |      2.939 

wrote bench-results/worker5086-zen2/phase4g/sm-s1-t64-f64c64.csv
