host        : worker5086
target      : x86_64 / linux
cpu features: avx2 fma 
caches      : L1=32KiB/8-way/1sh L2=512KiB/8-way/1sh L3=16384KiB/16-way/4sh (via sysfs), blocking=legacy
l3 domains  : t1=1 t4=1 t8=2
baselines   : tblis=false blas=false

sweeping 49 cases at 0.25 MiB nominal tensor size, 96 reps, stress=none


=== f32 ===
             case |     m |    n |    k | regA | regB | planar GF/s | 1m GF/s | 3m GF/s 
------------------+-------+------+------+------+------+-------------+---------+---------
         ij-ik-kj |   192 |  180 |  192 | 1.00 | 1.00 |       118.9 |   118.9 |   118.9 
       ij-ikl-ljk |    48 |   32 | 1536 | 1.00 | 1.00 |        41.2 |    41.2 |    41.2 
       ij-kil-lkj |    48 |   32 | 2304 | 1.00 | 1.00 |        45.3 |    45.3 |    45.3 
       ijk-ikl-lj |  1536 |   32 |   48 | 1.00 | 1.00 |        51.1 |    51.1 |    51.1 
       ijk-il-jlk |    48 | 1536 |   32 | 1.00 | 1.00 |        55.6 |    55.6 |    55.6 
       ijk-ilk-jl |  1536 |   48 |   32 | 1.00 | 1.00 |        51.0 |    51.0 |    51.0 
       ijk-ilk-lj |  1536 |   32 |   48 | 1.00 | 1.00 |        51.0 |    51.0 |    51.0 
     ijk-ilmk-mjl |   288 |   12 |  288 | 0.67 | 1.00 |        25.5 |    25.5 |    25.5 
   ijkl-imjn-lnkm |   288 |  288 |  144 | 0.67 | 1.00 |       152.8 |   152.8 |   152.8 
   ijkl-imjn-nlmk |   288 |  144 |  288 | 0.67 | 1.00 |       155.5 |   155.5 |   155.5 
   ijkl-imkn-jnlm |   288 |  288 |  144 | 0.67 | 1.00 |       154.1 |   154.1 |   154.1 
   ijkl-imkn-njml |   288 |  144 |  288 | 0.67 | 1.00 |       153.0 |   153.0 |   153.0 
   ijkl-imln-jnkm |   288 |  288 |  144 | 0.67 | 1.00 |       155.8 |   155.8 |   155.8 
   ijkl-imln-njmk |   288 |  144 |  288 | 0.67 | 1.00 |       155.0 |   155.0 |   155.0 
   ijkl-imnj-nlkm |   288 |  144 |  288 | 0.67 | 1.00 |       158.4 |   158.4 |   158.4 
   ijkl-imnk-njml |   288 |  144 |  288 | 0.67 | 1.00 |       156.2 |   156.2 |   156.2 
   ijkl-minj-nlmk |   288 |  144 |  576 | 0.67 | 1.00 |       179.1 |   179.1 |   179.1 
   ijkl-mink-jnlm |   288 |  288 |  288 | 0.67 | 1.00 |       198.8 |   198.8 |   198.8 
   ijkl-minl-njmk |   288 |  144 |  576 | 0.67 | 1.00 |       178.1 |   178.1 |   178.1 
     aqrs-pa-pqrs |    24 | 1728 |   24 | 1.00 | 1.00 |        23.6 |    23.6 |    23.6 
     abrs-qb-aqrs |    12 | 3456 |   24 | 1.00 | 1.00 |        22.0 |    22.0 |    22.0 
     abcs-rc-abrs |    12 | 3456 |   24 | 1.00 | 1.00 |        24.4 |    24.4 |    24.4 
       abj-bka-kj |  2304 |   32 |   48 | 1.00 | 1.00 |        59.7 |    59.7 |    59.7 
       ajb-kba-jk |  1536 |   48 |   48 | 1.00 | 1.00 |        70.4 |    70.4 |    70.4 
     abjc-cbka-kj |  6912 |   12 |   24 | 0.67 | 1.00 |        28.8 |    28.8 |    28.8 
     ajbc-ckba-jk |  6912 |   24 |   12 | 1.00 | 1.00 |        28.3 |    28.3 |    28.3 
     abjc-kbac-jk |  3456 |   24 |   24 | 0.67 | 1.00 |        39.4 |    39.4 |    39.4 
   abjcd-dkbac-jk | 36864 |   24 |    8 | 0.67 | 1.00 |        40.5 |    40.5 |    40.5 
   adbjc-cbdka-kj | 36864 |    8 |   24 | 0.67 | 1.00 |        19.7 |    19.7 |    19.7 
   ajbdc-ckbad-jk | 36864 |   24 |    8 | 1.00 | 1.00 |        34.6 |    34.6 |    34.6 
 abcijk-ijma-mkbc |  2304 |   64 |   24 | 1.00 | 1.00 |        52.2 |    52.2 |    52.2 
 abcijk-ijmb-mkac |   384 |  384 |   24 | 1.00 | 1.00 |        57.6 |    57.6 |    57.6 
 abcijk-ijmc-mkab |   384 |  384 |   24 | 1.00 | 0.00 |        70.9 |    70.9 |    70.9 
 abcijk-ikma-mjbc |  2304 |   64 |   24 | 1.00 | 1.00 |        51.6 |    51.6 |    51.6 
 abcijk-ikmb-mjac |   384 |  384 |   24 | 1.00 | 1.00 |        55.9 |    55.9 |    55.9 
 abcijk-ikmc-mjab |   384 |  384 |   24 | 1.00 | 0.00 |        73.3 |    73.3 |    73.3 
 abcijk-jkma-mibc |  2304 |   64 |   24 | 1.00 | 1.00 |        53.3 |    53.3 |    53.3 
 abcijk-jkmb-miac |   384 |  384 |   24 | 1.00 | 1.00 |        56.3 |    56.3 |    56.3 
 abcijk-jkmc-miab |   384 |  384 |   24 | 1.00 | 0.00 |        72.3 |    72.3 |    72.3 
 abcijk-eiab-jkec |   384 |  384 |   24 | 1.00 | 0.00 |        70.2 |    70.2 |    70.2 
 abcijk-eiac-jkeb |   384 |  384 |   24 | 1.00 | 1.00 |        57.1 |    57.1 |    57.1 
 abcijk-eibc-jkea |    64 | 2304 |   24 | 1.00 | 1.00 |        51.4 |    51.4 |    51.4 
 abcijk-ejab-ikec |   384 |  384 |   24 | 1.00 | 0.00 |        74.4 |    74.4 |    74.4 
 abcijk-ejac-ikeb |   384 |  384 |   24 | 1.00 | 1.00 |        56.8 |    56.8 |    56.8 
 abcijk-ejbc-ikea |    64 | 2304 |   24 | 1.00 | 1.00 |        51.7 |    51.7 |    51.7 
 abcijk-ekab-ijec |   384 |  384 |   24 | 1.00 | 0.00 |        70.6 |    70.6 |    70.6 
 abcijk-ekac-ijeb |   384 |  384 |   24 | 1.00 | 1.00 |        57.3 |    57.3 |    57.3 
 abcijk-ekbc-ijea |    64 | 2304 |   24 | 1.00 | 1.00 |        51.8 |    51.8 |    51.8 
       abc-bk-akc |    48 | 1536 |   32 | 1.00 | 1.00 |        53.3 |    53.3 |    53.3 

=== c32 ===
             case |     m |    n |    k | regA | regB | planar GF/s | 1m GF/s | 3m GF/s 
------------------+-------+------+------+------+------+-------------+---------+---------
         ij-ik-kj |   192 |  180 |  192 | 1.00 | 1.00 |       225.4 |   230.8 |   224.2 
       ij-ikl-ljk |    48 |   32 | 1536 | 1.00 | 1.00 |        95.3 |    90.4 |    95.2 
       ij-kil-lkj |    48 |   32 | 2304 | 1.00 | 1.00 |        98.1 |    93.2 |   101.7 
       ijk-ikl-lj |  1536 |   32 |   48 | 1.00 | 1.00 |       122.1 |   125.9 |   121.8 
       ijk-il-jlk |    48 | 1536 |   32 | 1.00 | 0.92 |        98.6 |   106.3 |    92.2 
       ijk-ilk-jl |  1536 |   48 |   32 | 1.00 | 1.00 |       122.0 |   124.3 |   119.6 
       ijk-ilk-lj |  1536 |   32 |   48 | 1.00 | 1.00 |       125.7 |   124.6 |   124.2 
     ijk-ilmk-mjl |   288 |   12 |  288 | 1.00 | 1.00 |        72.9 |    74.0 |    70.4 
   ijkl-imjn-lnkm |   288 |  288 |  144 | 1.00 | 0.67 |       252.4 |   268.7 |   256.3 
   ijkl-imjn-nlmk |   288 |  144 |  288 | 1.00 | 0.69 |       260.3 |   275.5 |   267.0 
   ijkl-imkn-jnlm |   288 |  288 |  144 | 1.00 | 0.84 |       260.8 |   275.0 |   264.2 
   ijkl-imkn-njml |   288 |  144 |  288 | 1.00 | 0.69 |       261.0 |   273.4 |   265.8 
   ijkl-imln-jnkm |   288 |  288 |  144 | 1.00 | 0.84 |       261.7 |   275.7 |   265.5 
   ijkl-imln-njmk |   288 |  144 |  288 | 1.00 | 0.69 |       260.2 |   272.7 |   268.1 
   ijkl-imnj-nlkm |   288 |  144 |  288 | 1.00 | 0.69 |       262.3 |   275.6 |   267.0 
   ijkl-imnk-njml |   288 |  144 |  288 | 1.00 | 0.69 |       265.3 |   275.4 |   268.1 
   ijkl-minj-nlmk |   288 |  144 |  576 | 1.00 | 0.69 |       272.0 |   279.0 |   276.2 
   ijkl-mink-jnlm |   288 |  288 |  288 | 1.00 | 0.84 |       296.1 |   310.5 |   307.5 
   ijkl-minl-njmk |   288 |  144 |  576 | 1.00 | 0.69 |       274.9 |   276.1 |   276.7 
     aqrs-pa-pqrs |    24 | 1728 |   24 | 1.00 | 1.00 |        75.6 |    81.3 |    73.6 
     abrs-qb-aqrs |    12 | 3456 |   24 | 1.00 | 1.00 |        60.1 |    64.3 |    60.3 
     abcs-rc-abrs |    12 | 3456 |   24 | 1.00 | 1.00 |        61.8 |    63.9 |    60.2 
       abj-bka-kj |  2304 |   32 |   48 | 1.00 | 1.00 |       131.3 |   127.8 |   135.4 
       ajb-kba-jk |  1536 |   48 |   48 | 1.00 | 1.00 |       149.6 |   152.7 |   150.5 
     abjc-cbka-kj |  6912 |   12 |   24 | 1.00 | 1.00 |        66.3 |    65.9 |    67.6 
     ajbc-ckba-jk |  6912 |   24 |   12 | 1.00 | 1.00 |        70.8 |    76.9 |    68.7 
     abjc-kbac-jk |  3456 |   24 |   24 | 1.00 | 1.00 |        93.3 |    98.7 |    92.4 
   abjcd-dkbac-jk | 36864 |   24 |    8 | 1.00 | 1.00 |        73.2 |    79.8 |    70.6 
   adbjc-cbdka-kj | 36864 |    8 |   24 | 1.00 | 1.00 |        40.7 |    48.9 |    47.6 
   ajbdc-ckbad-jk | 36864 |   24 |    8 | 1.00 | 1.00 |        72.4 |    79.1 |    68.7 
 abcijk-ijma-mkbc |  2304 |   64 |   24 | 1.00 | 0.77 |       126.9 |   138.0 |   129.2 
 abcijk-ijmb-mkac |   384 |  384 |   24 | 1.00 | 0.01 |       144.0 |   155.4 |   139.1 
 abcijk-ijmc-mkab |   384 |  384 |   24 | 1.00 | 0.01 |       144.4 |   160.0 |   140.6 
 abcijk-ikma-mjbc |  2304 |   64 |   24 | 1.00 | 0.77 |       131.5 |   137.4 |   127.8 
 abcijk-ikmb-mjac |   384 |  384 |   24 | 1.00 | 0.01 |       142.9 |   155.4 |   139.4 
 abcijk-ikmc-mjab |   384 |  384 |   24 | 1.00 | 0.01 |       141.1 |   158.5 |   141.7 
 abcijk-jkma-mibc |  2304 |   64 |   24 | 1.00 | 0.77 |       130.1 |   141.9 |   129.0 
 abcijk-jkmb-miac |   384 |  384 |   24 | 1.00 | 0.01 |       140.5 |   156.5 |   142.0 
 abcijk-jkmc-miab |   384 |  384 |   24 | 1.00 | 0.01 |       138.8 |   157.0 |   140.0 
 abcijk-eiab-jkec |   384 |  384 |   24 | 1.00 | 0.01 |       142.0 |   156.3 |   141.2 
 abcijk-eiac-jkeb |   384 |  384 |   24 | 1.00 | 0.01 |       143.3 |   157.8 |   140.8 
 abcijk-eibc-jkea |    64 | 2304 |   24 | 1.00 | 0.77 |       131.5 |   140.3 |   131.1 
 abcijk-ejab-ikec |   384 |  384 |   24 | 1.00 | 0.01 |       144.5 |   156.0 |   143.8 
 abcijk-ejac-ikeb |   384 |  384 |   24 | 1.00 | 0.01 |       144.5 |   159.6 |   142.4 
 abcijk-ejbc-ikea |    64 | 2304 |   24 | 1.00 | 0.77 |       131.7 |   140.6 |   129.9 
 abcijk-ekab-ijec |   384 |  384 |   24 | 1.00 | 0.01 |       142.2 |   156.6 |   140.5 
 abcijk-ekac-ijeb |   384 |  384 |   24 | 1.00 | 0.01 |       141.5 |   156.9 |   141.7 
 abcijk-ekbc-ijea |    64 | 2304 |   24 | 1.00 | 0.77 |       130.9 |   137.2 |   128.7 
       abc-bk-akc |    48 | 1536 |   32 | 1.00 | 1.00 |       123.2 |   127.9 |   123.0 

=== complex efficiency ratio (c32 GF/s over f32 GF/s; 1.0 = no penalty) ===
             case | planar c32/f32 | 1m c32/f32 | 3m c32/f32 
------------------+----------------+------------+------------
         ij-ik-kj |          1.896 |      1.942 |      1.886 
       ij-ikl-ljk |          2.315 |      2.195 |      2.312 
       ij-kil-lkj |          2.163 |      2.055 |      2.243 
       ijk-ikl-lj |          2.387 |      2.462 |      2.382 
       ijk-il-jlk |          1.775 |      1.913 |      1.659 
       ijk-ilk-jl |          2.390 |      2.436 |      2.344 
       ijk-ilk-lj |          2.465 |      2.443 |      2.434 
     ijk-ilmk-mjl |          2.858 |      2.902 |      2.759 
   ijkl-imjn-lnkm |          1.652 |      1.758 |      1.677 
   ijkl-imjn-nlmk |          1.673 |      1.771 |      1.716 
   ijkl-imkn-jnlm |          1.692 |      1.784 |      1.714 
   ijkl-imkn-njml |          1.706 |      1.788 |      1.738 
   ijkl-imln-jnkm |          1.680 |      1.770 |      1.704 
   ijkl-imln-njmk |          1.679 |      1.759 |      1.730 
   ijkl-imnj-nlkm |          1.656 |      1.740 |      1.686 
   ijkl-imnk-njml |          1.698 |      1.763 |      1.716 
   ijkl-minj-nlmk |          1.519 |      1.558 |      1.542 
   ijkl-mink-jnlm |          1.489 |      1.562 |      1.547 
   ijkl-minl-njmk |          1.543 |      1.550 |      1.553 
     aqrs-pa-pqrs |          3.207 |      3.449 |      3.121 
     abrs-qb-aqrs |          2.730 |      2.921 |      2.741 
     abcs-rc-abrs |          2.534 |      2.621 |      2.470 
       abj-bka-kj |          2.200 |      2.141 |      2.270 
       ajb-kba-jk |          2.124 |      2.169 |      2.137 
     abjc-cbka-kj |          2.305 |      2.289 |      2.352 
     ajbc-ckba-jk |          2.500 |      2.716 |      2.428 
     abjc-kbac-jk |          2.369 |      2.507 |      2.346 
   abjcd-dkbac-jk |          1.809 |      1.973 |      1.744 
   adbjc-cbdka-kj |          2.069 |      2.488 |      2.420 
   ajbdc-ckbad-jk |          2.091 |      2.287 |      1.987 
 abcijk-ijma-mkbc |          2.433 |      2.644 |      2.476 
 abcijk-ijmb-mkac |          2.498 |      2.696 |      2.413 
 abcijk-ijmc-mkab |          2.038 |      2.258 |      1.984 
 abcijk-ikma-mjbc |          2.550 |      2.664 |      2.477 
 abcijk-ikmb-mjac |          2.556 |      2.779 |      2.492 
 abcijk-ikmc-mjab |          1.924 |      2.161 |      1.932 
 abcijk-jkma-mibc |          2.439 |      2.661 |      2.418 
 abcijk-jkmb-miac |          2.493 |      2.777 |      2.521 
 abcijk-jkmc-miab |          1.920 |      2.170 |      1.935 
 abcijk-eiab-jkec |          2.024 |      2.227 |      2.012 
 abcijk-eiac-jkeb |          2.509 |      2.764 |      2.466 
 abcijk-eibc-jkea |          2.559 |      2.729 |      2.551 
 abcijk-ejab-ikec |          1.941 |      2.096 |      1.931 
 abcijk-ejac-ikeb |          2.545 |      2.809 |      2.507 
 abcijk-ejbc-ikea |          2.546 |      2.718 |      2.512 
 abcijk-ekab-ijec |          2.015 |      2.219 |      1.991 
 abcijk-ekac-ijeb |          2.468 |      2.737 |      2.473 
 abcijk-ekbc-ijea |          2.529 |      2.651 |      2.486 
       abc-bk-akc |          2.311 |      2.400 |      2.308 
             MEAN |          2.173 |      2.304 |      2.168 

wrote bench-results/worker5086-zen2/phase4g/sm-s0.25-t4-f32c32.csv
