host        : worker5086
target      : x86_64 / linux
cpu features: avx2 fma 
caches      : L1=32KiB/8-way/1sh L2=512KiB/8-way/1sh L3=16384KiB/16-way/4sh (via sysfs), blocking=legacy
l3 domains  : t1=1
baselines   : tblis=false blas=false

sweeping 49 cases at 0.25 MiB nominal tensor size, 96 reps, stress=none


=== f32 ===
             case |     m |    n |    k | regA | regB | planar GF/s | 1m GF/s | 3m GF/s 
------------------+-------+------+------+------+------+-------------+---------+---------
         ij-ik-kj |   192 |  180 |  192 | 1.00 | 1.00 |        67.2 |    67.2 |    67.2 
       ij-ikl-ljk |    48 |   32 | 1536 | 1.00 | 1.00 |        35.3 |    35.3 |    35.3 
       ij-kil-lkj |    48 |   32 | 2304 | 1.00 | 1.00 |        30.8 |    30.8 |    30.8 
       ijk-ikl-lj |  1536 |   32 |   48 | 1.00 | 1.00 |        48.1 |    48.1 |    48.1 
       ijk-il-jlk |    48 | 1536 |   32 | 1.00 | 1.00 |        37.7 |    37.7 |    37.7 
       ijk-ilk-jl |  1536 |   48 |   32 | 1.00 | 1.00 |        49.5 |    49.5 |    49.5 
       ijk-ilk-lj |  1536 |   32 |   48 | 1.00 | 1.00 |        48.1 |    48.1 |    48.1 
     ijk-ilmk-mjl |   288 |   12 |  288 | 0.67 | 1.00 |        34.3 |    34.3 |    34.3 
   ijkl-imjn-lnkm |   288 |  288 |  144 | 0.67 | 1.00 |        73.5 |    73.5 |    73.5 
   ijkl-imjn-nlmk |   288 |  144 |  288 | 0.67 | 1.00 |        73.2 |    73.2 |    73.2 
   ijkl-imkn-jnlm |   288 |  288 |  144 | 0.67 | 1.00 |        73.5 |    73.5 |    73.5 
   ijkl-imkn-njml |   288 |  144 |  288 | 0.67 | 1.00 |        72.9 |    72.9 |    72.9 
   ijkl-imln-jnkm |   288 |  288 |  144 | 0.67 | 1.00 |        73.3 |    73.3 |    73.3 
   ijkl-imln-njmk |   288 |  144 |  288 | 0.67 | 1.00 |        73.0 |    73.0 |    73.0 
   ijkl-imnj-nlkm |   288 |  144 |  288 | 0.67 | 1.00 |        74.6 |    74.6 |    74.6 
   ijkl-imnk-njml |   288 |  144 |  288 | 0.67 | 1.00 |        73.5 |    73.5 |    73.5 
   ijkl-minj-nlmk |   288 |  144 |  576 | 0.67 | 1.00 |        68.0 |    68.0 |    68.0 
   ijkl-mink-jnlm |   288 |  288 |  288 | 0.67 | 1.00 |        76.6 |    76.6 |    76.6 
   ijkl-minl-njmk |   288 |  144 |  576 | 0.67 | 1.00 |        67.3 |    67.3 |    67.3 
     aqrs-pa-pqrs |    24 | 1728 |   24 | 1.00 | 1.00 |        21.1 |    21.1 |    21.1 
     abrs-qb-aqrs |    12 | 3456 |   24 | 1.00 | 1.00 |        22.0 |    22.0 |    22.0 
     abcs-rc-abrs |    12 | 3456 |   24 | 1.00 | 1.00 |        28.0 |    28.0 |    28.0 
       abj-bka-kj |  2304 |   32 |   48 | 1.00 | 1.00 |        35.6 |    35.6 |    35.6 
       ajb-kba-jk |  1536 |   48 |   48 | 1.00 | 1.00 |        49.0 |    49.0 |    49.0 
     abjc-cbka-kj |  6912 |   12 |   24 | 0.67 | 1.00 |        16.5 |    16.5 |    16.5 
     ajbc-ckba-jk |  6912 |   24 |   12 | 1.00 | 1.00 |        16.2 |    16.2 |    16.2 
     abjc-kbac-jk |  3456 |   24 |   24 | 0.67 | 1.00 |        30.8 |    30.8 |    30.8 
   abjcd-dkbac-jk | 36864 |   24 |    8 | 0.67 | 1.00 |        15.6 |    15.6 |    15.6 
   adbjc-cbdka-kj | 36864 |    8 |   24 | 0.67 | 1.00 |         6.1 |     6.1 |     6.1 
   ajbdc-ckbad-jk | 36864 |   24 |    8 | 1.00 | 1.00 |        12.9 |    12.9 |    12.9 
 abcijk-ijma-mkbc |  2304 |   64 |   24 | 1.00 | 1.00 |        25.6 |    25.6 |    25.6 
 abcijk-ijmb-mkac |   384 |  384 |   24 | 1.00 | 1.00 |        30.0 |    30.0 |    30.0 
 abcijk-ijmc-mkab |   384 |  384 |   24 | 1.00 | 0.00 |        49.3 |    49.3 |    49.3 
 abcijk-ikma-mjbc |  2304 |   64 |   24 | 1.00 | 1.00 |        25.6 |    25.6 |    25.6 
 abcijk-ikmb-mjac |   384 |  384 |   24 | 1.00 | 1.00 |        30.0 |    30.0 |    30.0 
 abcijk-ikmc-mjab |   384 |  384 |   24 | 1.00 | 0.00 |        49.3 |    49.3 |    49.3 
 abcijk-jkma-mibc |  2304 |   64 |   24 | 1.00 | 1.00 |        25.6 |    25.6 |    25.6 
 abcijk-jkmb-miac |   384 |  384 |   24 | 1.00 | 1.00 |        30.1 |    30.1 |    30.1 
 abcijk-jkmc-miab |   384 |  384 |   24 | 1.00 | 0.00 |        49.2 |    49.2 |    49.2 
 abcijk-eiab-jkec |   384 |  384 |   24 | 1.00 | 0.00 |        49.2 |    49.2 |    49.2 
 abcijk-eiac-jkeb |   384 |  384 |   24 | 1.00 | 1.00 |        30.0 |    30.0 |    30.0 
 abcijk-eibc-jkea |    64 | 2304 |   24 | 1.00 | 1.00 |        25.6 |    25.6 |    25.6 
 abcijk-ejab-ikec |   384 |  384 |   24 | 1.00 | 0.00 |        49.3 |    49.3 |    49.3 
 abcijk-ejac-ikeb |   384 |  384 |   24 | 1.00 | 1.00 |        30.0 |    30.0 |    30.0 
 abcijk-ejbc-ikea |    64 | 2304 |   24 | 1.00 | 1.00 |        25.6 |    25.6 |    25.6 
 abcijk-ekab-ijec |   384 |  384 |   24 | 1.00 | 0.00 |        49.3 |    49.3 |    49.3 
 abcijk-ekac-ijeb |   384 |  384 |   24 | 1.00 | 1.00 |        30.1 |    30.1 |    30.1 
 abcijk-ekbc-ijea |    64 | 2304 |   24 | 1.00 | 1.00 |        25.6 |    25.6 |    25.6 
       abc-bk-akc |    48 | 1536 |   32 | 1.00 | 1.00 |        49.5 |    49.5 |    49.5 

=== c32 ===
             case |     m |    n |    k | regA | regB | planar GF/s | 1m GF/s | 3m GF/s 
------------------+-------+------+------+------+------+-------------+---------+---------
         ij-ik-kj |   192 |  180 |  192 | 1.00 | 1.00 |        82.6 |    86.7 |    83.2 
       ij-ikl-ljk |    48 |   32 | 1536 | 1.00 | 1.00 |        55.5 |    52.6 |    54.8 
       ij-kil-lkj |    48 |   32 | 2304 | 1.00 | 1.00 |        51.5 |    48.0 |    53.6 
       ijk-ikl-lj |  1536 |   32 |   48 | 1.00 | 1.00 |        56.3 |    55.6 |    53.6 
       ijk-il-jlk |    48 | 1536 |   32 | 1.00 | 0.92 |        52.4 |    59.0 |    51.2 
       ijk-ilk-jl |  1536 |   48 |   32 | 1.00 | 1.00 |        55.2 |    59.7 |    53.7 
       ijk-ilk-lj |  1536 |   32 |   48 | 1.00 | 1.00 |        57.7 |    56.1 |    56.5 
     ijk-ilmk-mjl |   288 |   12 |  288 | 1.00 | 1.00 |        50.3 |    49.2 |    46.5 
   ijkl-imjn-lnkm |   288 |  288 |  144 | 1.00 | 0.67 |        82.6 |    87.9 |    85.4 
   ijkl-imjn-nlmk |   288 |  144 |  288 | 1.00 | 0.69 |        85.2 |    88.5 |    86.3 
   ijkl-imkn-jnlm |   288 |  288 |  144 | 1.00 | 0.84 |        83.6 |    89.2 |    86.3 
   ijkl-imkn-njml |   288 |  144 |  288 | 1.00 | 0.69 |        85.7 |    88.7 |    86.7 
   ijkl-imln-jnkm |   288 |  288 |  144 | 1.00 | 0.84 |        83.7 |    89.0 |    86.3 
   ijkl-imln-njmk |   288 |  144 |  288 | 1.00 | 0.69 |        85.5 |    88.3 |    86.7 
   ijkl-imnj-nlkm |   288 |  144 |  288 | 1.00 | 0.69 |        85.5 |    88.2 |    86.7 
   ijkl-imnk-njml |   288 |  144 |  288 | 1.00 | 0.69 |        85.7 |    88.3 |    86.9 
   ijkl-minj-nlmk |   288 |  144 |  576 | 1.00 | 0.69 |        80.3 |    81.2 |    81.7 
   ijkl-mink-jnlm |   288 |  288 |  288 | 1.00 | 0.84 |        86.4 |    90.0 |    89.4 
   ijkl-minl-njmk |   288 |  144 |  576 | 1.00 | 0.69 |        80.4 |    81.7 |    81.9 
     aqrs-pa-pqrs |    24 | 1728 |   24 | 1.00 | 1.00 |        39.8 |    46.6 |    37.7 
     abrs-qb-aqrs |    12 | 3456 |   24 | 1.00 | 1.00 |        34.7 |    37.2 |    32.2 
     abcs-rc-abrs |    12 | 3456 |   24 | 1.00 | 1.00 |        34.7 |    37.2 |    31.9 
       abj-bka-kj |  2304 |   32 |   48 | 1.00 | 1.00 |        50.0 |    46.8 |    51.5 
       ajb-kba-jk |  1536 |   48 |   48 | 1.00 | 1.00 |        58.9 |    61.1 |    60.4 
     abjc-cbka-kj |  6912 |   12 |   24 | 1.00 | 1.00 |        26.5 |    26.0 |    26.5 
     ajbc-ckba-jk |  6912 |   24 |   12 | 1.00 | 1.00 |        29.5 |    32.4 |    28.4 
     abjc-kbac-jk |  3456 |   24 |   24 | 1.00 | 1.00 |        41.6 |    43.3 |    40.9 
   abjcd-dkbac-jk | 36864 |   24 |    8 | 1.00 | 1.00 |        22.5 |    25.7 |    21.4 
   adbjc-cbdka-kj | 36864 |    8 |   24 | 1.00 | 1.00 |        11.4 |    14.5 |    13.9 
   ajbdc-ckbad-jk | 36864 |   24 |    8 | 1.00 | 1.00 |        22.2 |    25.6 |    21.4 
 abcijk-ijma-mkbc |  2304 |   64 |   24 | 1.00 | 0.77 |        48.9 |    53.3 |    48.5 
 abcijk-ijmb-mkac |   384 |  384 |   24 | 1.00 | 0.01 |        54.2 |    63.3 |    53.7 
 abcijk-ijmc-mkab |   384 |  384 |   24 | 1.00 | 0.01 |        54.3 |    63.4 |    53.7 
 abcijk-ikma-mjbc |  2304 |   64 |   24 | 1.00 | 0.77 |        49.0 |    53.4 |    48.6 
 abcijk-ikmb-mjac |   384 |  384 |   24 | 1.00 | 0.01 |        54.3 |    63.4 |    53.9 
 abcijk-ikmc-mjab |   384 |  384 |   24 | 1.00 | 0.01 |        54.3 |    63.4 |    53.9 
 abcijk-jkma-mibc |  2304 |   64 |   24 | 1.00 | 0.77 |        49.0 |    53.3 |    48.6 
 abcijk-jkmb-miac |   384 |  384 |   24 | 1.00 | 0.01 |        54.3 |    63.4 |    53.7 
 abcijk-jkmc-miab |   384 |  384 |   24 | 1.00 | 0.01 |        54.2 |    63.2 |    53.9 
 abcijk-eiab-jkec |   384 |  384 |   24 | 1.00 | 0.01 |        54.2 |    63.1 |    53.8 
 abcijk-eiac-jkeb |   384 |  384 |   24 | 1.00 | 0.01 |        54.3 |    63.4 |    53.8 
 abcijk-eibc-jkea |    64 | 2304 |   24 | 1.00 | 0.77 |        49.0 |    53.3 |    48.6 
 abcijk-ejab-ikec |   384 |  384 |   24 | 1.00 | 0.01 |        54.2 |    63.4 |    53.9 
 abcijk-ejac-ikeb |   384 |  384 |   24 | 1.00 | 0.01 |        54.3 |    63.4 |    53.8 
 abcijk-ejbc-ikea |    64 | 2304 |   24 | 1.00 | 0.77 |        48.9 |    53.3 |    48.5 
 abcijk-ekab-ijec |   384 |  384 |   24 | 1.00 | 0.01 |        54.3 |    63.5 |    53.9 
 abcijk-ekac-ijeb |   384 |  384 |   24 | 1.00 | 0.01 |        54.3 |    63.4 |    53.8 
 abcijk-ekbc-ijea |    64 | 2304 |   24 | 1.00 | 0.77 |        48.9 |    53.2 |    48.5 
       abc-bk-akc |    48 | 1536 |   32 | 1.00 | 1.00 |        55.1 |    59.7 |    53.8 

=== complex efficiency ratio (c32 GF/s over f32 GF/s; 1.0 = no penalty) ===
             case | planar c32/f32 | 1m c32/f32 | 3m c32/f32 
------------------+----------------+------------+------------
         ij-ik-kj |          1.230 |      1.290 |      1.238 
       ij-ikl-ljk |          1.574 |      1.490 |      1.552 
       ij-kil-lkj |          1.672 |      1.557 |      1.739 
       ijk-ikl-lj |          1.170 |      1.157 |      1.115 
       ijk-il-jlk |          1.390 |      1.563 |      1.356 
       ijk-ilk-jl |          1.115 |      1.206 |      1.084 
       ijk-ilk-lj |          1.200 |      1.168 |      1.176 
     ijk-ilmk-mjl |          1.466 |      1.433 |      1.355 
   ijkl-imjn-lnkm |          1.124 |      1.197 |      1.162 
   ijkl-imjn-nlmk |          1.165 |      1.210 |      1.180 
   ijkl-imkn-jnlm |          1.138 |      1.214 |      1.175 
   ijkl-imkn-njml |          1.176 |      1.218 |      1.190 
   ijkl-imln-jnkm |          1.142 |      1.214 |      1.176 
   ijkl-imln-njmk |          1.170 |      1.209 |      1.188 
   ijkl-imnj-nlkm |          1.147 |      1.183 |      1.162 
   ijkl-imnk-njml |          1.166 |      1.202 |      1.182 
   ijkl-minj-nlmk |          1.182 |      1.195 |      1.203 
   ijkl-mink-jnlm |          1.128 |      1.175 |      1.167 
   ijkl-minl-njmk |          1.196 |      1.215 |      1.218 
     aqrs-pa-pqrs |          1.887 |      2.208 |      1.787 
     abrs-qb-aqrs |          1.573 |      1.687 |      1.462 
     abcs-rc-abrs |          1.240 |      1.328 |      1.141 
       abj-bka-kj |          1.405 |      1.316 |      1.448 
       ajb-kba-jk |          1.202 |      1.247 |      1.234 
     abjc-cbka-kj |          1.600 |      1.575 |      1.605 
     ajbc-ckba-jk |          1.814 |      1.995 |      1.747 
     abjc-kbac-jk |          1.352 |      1.406 |      1.329 
   abjcd-dkbac-jk |          1.441 |      1.646 |      1.376 
   adbjc-cbdka-kj |          1.855 |      2.359 |      2.262 
   ajbdc-ckbad-jk |          1.715 |      1.978 |      1.655 
 abcijk-ijma-mkbc |          1.913 |      2.083 |      1.897 
 abcijk-ijmb-mkac |          1.804 |      2.109 |      1.790 
 abcijk-ijmc-mkab |          1.101 |      1.285 |      1.090 
 abcijk-ikma-mjbc |          1.914 |      2.086 |      1.902 
 abcijk-ikmb-mjac |          1.808 |      2.112 |      1.794 
 abcijk-ikmc-mjab |          1.101 |      1.286 |      1.093 
 abcijk-jkma-mibc |          1.912 |      2.081 |      1.899 
 abcijk-jkmb-miac |          1.802 |      2.108 |      1.785 
 abcijk-jkmc-miab |          1.102 |      1.284 |      1.095 
 abcijk-eiab-jkec |          1.102 |      1.282 |      1.093 
 abcijk-eiac-jkeb |          1.807 |      2.112 |      1.790 
 abcijk-eibc-jkea |          1.912 |      2.083 |      1.896 
 abcijk-ejab-ikec |          1.100 |      1.287 |      1.094 
 abcijk-ejac-ikeb |          1.809 |      2.112 |      1.793 
 abcijk-ejbc-ikea |          1.912 |      2.082 |      1.897 
 abcijk-ekab-ijec |          1.101 |      1.287 |      1.093 
 abcijk-ekac-ijeb |          1.802 |      2.105 |      1.787 
 abcijk-ekbc-ijea |          1.911 |      2.076 |      1.895 
       abc-bk-akc |          1.115 |      1.206 |      1.087 
             MEAN |          1.442 |      1.570 |      1.437 

wrote bench-results/worker5086-zen2/phase4g/sm-s0.25-t1-f32c32.csv
