host        : worker5086
target      : x86_64 / linux
cpu features: avx2 fma 
caches      : L1=32KiB/8-way/1sh L2=512KiB/8-way/1sh L3=16384KiB/16-way/4sh (via sysfs), blocking=legacy
l3 domains  : t1=1 t4=1
baselines   : tblis=false blas=false

sweeping 49 cases at 4 MiB nominal tensor size, 6 reps, stress=none


=== f64 ===
             case |     m |     n |    k | regA | regB | planar GF/s | 1m GF/s | 3m GF/s 
------------------+-------+-------+------+------+------+-------------+---------+---------
         ij-ik-kj |   744 |   724 |  744 | 1.00 | 1.00 |        80.8 |    80.8 |    80.8 
       ij-ikl-ljk |    96 |    80 | 7680 | 1.00 | 1.00 |        46.4 |    46.4 |    46.4 
       ij-kil-lkj |    96 |    80 | 9216 | 1.00 | 1.00 |        44.4 |    44.4 |    44.4 
       ijk-ikl-lj |  7680 |    80 |   96 | 1.00 | 1.00 |        63.6 |    63.6 |    63.6 
       ijk-il-jlk |    96 |  7680 |   80 | 1.00 | 1.00 |        58.0 |    58.0 |    58.0 
       ijk-ilk-jl |  7680 |    96 |   80 | 1.00 | 1.00 |        68.0 |    68.0 |    68.0 
       ijk-ilk-lj |  7680 |    80 |   96 | 1.00 | 1.00 |        64.4 |    64.4 |    64.4 
     ijk-ilmk-mjl |  1344 |    28 | 1344 | 1.00 | 1.00 |        46.9 |    46.9 |    46.9 
   ijkl-imjn-lnkm |  1344 |  1344 |  784 | 1.00 | 0.86 |        75.8 |    75.8 |    75.8 
   ijkl-imjn-nlmk |  1344 |   784 | 1344 | 1.00 | 0.86 |        78.0 |    78.0 |    78.0 
   ijkl-imkn-jnlm |  1344 |  1344 |  784 | 1.00 | 1.00 |        73.9 |    73.9 |    73.9 
   ijkl-imkn-njml |  1344 |   784 | 1344 | 1.00 | 0.86 |        77.3 |    77.3 |    77.3 
   ijkl-imln-jnkm |  1344 |  1344 |  784 | 1.00 | 1.00 |        73.5 |    73.5 |    73.5 
   ijkl-imln-njmk |  1344 |   784 | 1344 | 1.00 | 0.86 |        77.2 |    77.2 |    77.2 
   ijkl-imnj-nlkm |  1344 |   784 | 1344 | 1.00 | 0.86 |        78.6 |    78.6 |    78.6 
   ijkl-imnk-njml |  1344 |   784 | 1344 | 1.00 | 0.86 |        77.6 |    77.6 |    77.6 
   ijkl-minj-nlmk |  1344 |   784 | 2304 | 1.00 | 0.86 |        77.4 |    77.4 |    77.4 
   ijkl-mink-jnlm |  1344 |  1344 | 1344 | 1.00 | 1.00 |        74.4 |    74.4 |    74.4 
   ijkl-minl-njmk |  1344 |   784 | 2304 | 1.00 | 0.86 |        76.2 |    76.2 |    76.2 
     aqrs-pa-pqrs |    48 | 21952 |   48 | 1.00 | 1.00 |        31.6 |    31.6 |    31.6 
     abrs-qb-aqrs |    28 | 37632 |   48 | 1.00 | 1.00 |        29.9 |    29.9 |    29.9 
     abcs-rc-abrs |    28 | 37632 |   48 | 1.00 | 1.00 |        31.3 |    31.3 |    31.3 
       abj-bka-kj |  9216 |    80 |   96 | 1.00 | 1.00 |        49.0 |    49.0 |    49.0 
       ajb-kba-jk |  7680 |    96 |   96 | 1.00 | 1.00 |        67.8 |    67.8 |    67.8 
     abjc-cbka-kj | 64512 |    28 |   48 | 1.00 | 1.00 |        21.6 |    21.6 |    21.6 
     ajbc-ckba-jk | 64512 |    48 |   28 | 1.00 | 1.00 |        27.5 |    27.5 |    27.5 
     abjc-kbac-jk | 37632 |    48 |   48 | 1.00 | 1.00 |        41.3 |    41.3 |    41.3 
   abjcd-dkbac-jk | 82944 |    24 |   12 | 1.00 | 1.00 |        17.4 |    17.4 |    17.4 
   adbjc-cbdka-kj | 82944 |    12 |   24 | 1.00 | 1.00 |        10.7 |    10.7 |    10.7 
   ajbdc-ckbad-jk | 82944 |    24 |   12 | 1.00 | 1.00 |        14.2 |    14.2 |    14.2 
 abcijk-ijma-mkbc |  4608 |   512 |   24 | 1.00 | 0.94 |        35.4 |    35.4 |    35.4 
 abcijk-ijmb-mkac |  1536 |  1536 |   24 | 1.00 | 0.50 |        32.2 |    32.2 |    32.2 
 abcijk-ijmc-mkab |  1536 |  1536 |   24 | 1.00 | 0.50 |        39.7 |    39.7 |    39.7 
 abcijk-ikma-mjbc |  4608 |   512 |   24 | 1.00 | 0.94 |        34.5 |    34.5 |    34.5 
 abcijk-ikmb-mjac |  1536 |  1536 |   24 | 1.00 | 0.50 |        33.6 |    33.6 |    33.6 
 abcijk-ikmc-mjab |  1536 |  1536 |   24 | 1.00 | 0.50 |        40.2 |    40.2 |    40.2 
 abcijk-jkma-mibc |  4608 |   512 |   24 | 1.00 | 0.94 |        36.5 |    36.5 |    36.5 
 abcijk-jkmb-miac |  1536 |  1536 |   24 | 1.00 | 0.50 |        33.2 |    33.2 |    33.2 
 abcijk-jkmc-miab |  1536 |  1536 |   24 | 1.00 | 0.50 |        39.8 |    39.8 |    39.8 
 abcijk-eiab-jkec |  1536 |  1536 |   24 | 1.00 | 0.50 |        39.6 |    39.6 |    39.6 
 abcijk-eiac-jkeb |  1536 |  1536 |   24 | 1.00 | 0.50 |        33.5 |    33.5 |    33.5 
 abcijk-eibc-jkea |   512 |  4608 |   24 | 1.00 | 0.94 |        35.9 |    35.9 |    35.9 
 abcijk-ejab-ikec |  1536 |  1536 |   24 | 1.00 | 0.50 |        39.6 |    39.6 |    39.6 
 abcijk-ejac-ikeb |  1536 |  1536 |   24 | 1.00 | 0.50 |        33.5 |    33.5 |    33.5 
 abcijk-ejbc-ikea |   512 |  4608 |   24 | 1.00 | 0.94 |        34.1 |    34.1 |    34.1 
 abcijk-ekab-ijec |  1536 |  1536 |   24 | 1.00 | 0.50 |        39.5 |    39.5 |    39.5 
 abcijk-ekac-ijeb |  1536 |  1536 |   24 | 1.00 | 0.50 |        32.3 |    32.3 |    32.3 
 abcijk-ekbc-ijea |   512 |  4608 |   24 | 1.00 | 0.94 |        35.0 |    35.0 |    35.0 
       abc-bk-akc |    96 |  7680 |   80 | 1.00 | 1.00 |        67.4 |    67.4 |    67.4 

=== c64 ===
             case |     m |     n |    k | regA | regB | planar GF/s | 1m GF/s | 3m GF/s 
------------------+-------+-------+------+------+------+-------------+---------+---------
         ij-ik-kj |   744 |   724 |  744 | 1.00 | 1.00 |        84.9 |    86.6 |    82.1 
       ij-ikl-ljk |    96 |    80 | 7680 | 1.00 | 1.00 |        55.9 |    55.2 |    53.0 
       ij-kil-lkj |    96 |    80 | 9216 | 1.00 | 1.00 |        57.5 |    56.8 |    57.1 
       ijk-ikl-lj |  7680 |    80 |   96 | 1.00 | 1.00 |        67.7 |    62.1 |    59.9 
       ijk-il-jlk |    96 |  7680 |   80 | 1.00 | 0.96 |        61.0 |    61.7 |    56.5 
       ijk-ilk-jl |  7680 |    96 |   80 | 1.00 | 1.00 |        63.9 |    67.5 |    59.3 
       ijk-ilk-lj |  7680 |    80 |   96 | 1.00 | 1.00 |        64.4 |    62.8 |    57.1 
     ijk-ilmk-mjl |  1344 |    28 | 1344 | 1.00 | 1.00 |        55.3 |    57.2 |    45.6 
   ijkl-imjn-lnkm |  1344 |  1344 |  784 | 1.00 | 0.86 |        83.8 |    86.6 |    82.9 
   ijkl-imjn-nlmk |  1344 |   784 | 1344 | 1.00 | 0.86 |        83.4 |    85.7 |    83.9 
   ijkl-imkn-jnlm |  1344 |  1344 |  784 | 1.00 | 0.92 |        81.7 |    84.0 |    80.2 
   ijkl-imkn-njml |  1344 |   784 | 1344 | 1.00 | 0.86 |        81.9 |    83.5 |    81.9 
   ijkl-imln-jnkm |  1344 |  1344 |  784 | 1.00 | 0.92 |        81.7 |    84.1 |    79.6 
   ijkl-imln-njmk |  1344 |   784 | 1344 | 1.00 | 0.86 |        81.9 |    83.5 |    81.5 
   ijkl-imnj-nlkm |  1344 |   784 | 1344 | 1.00 | 0.86 |        83.8 |    86.0 |    84.2 
   ijkl-imnk-njml |  1344 |   784 | 1344 | 1.00 | 0.86 |        82.1 |    83.8 |    82.2 
   ijkl-minj-nlmk |  1344 |   784 | 2304 | 1.00 | 0.86 |        83.1 |    85.1 |    84.5 
   ijkl-mink-jnlm |  1344 |  1344 | 1344 | 1.00 | 0.92 |        82.5 |    84.8 |    81.5 
   ijkl-minl-njmk |  1344 |   784 | 2304 | 1.00 | 0.86 |        81.7 |    83.2 |    82.5 
     aqrs-pa-pqrs |    48 | 21952 |   48 | 1.00 | 1.00 |        45.6 |    48.1 |    41.7 
     abrs-qb-aqrs |    28 | 37632 |   48 | 1.00 | 1.00 |        43.5 |    44.5 |    40.4 
     abcs-rc-abrs |    28 | 37632 |   48 | 1.00 | 1.00 |        49.6 |    49.0 |    43.5 
       abj-bka-kj |  9216 |    80 |   96 | 1.00 | 1.00 |        62.3 |    60.1 |    59.7 
       ajb-kba-jk |  7680 |    96 |   96 | 1.00 | 1.00 |        71.2 |    77.9 |    69.9 
     abjc-cbka-kj | 64512 |    28 |   48 | 1.00 | 1.00 |        26.2 |    23.0 |    24.6 
     ajbc-ckba-jk | 64512 |    48 |   28 | 1.00 | 1.00 |        39.6 |    40.2 |    36.2 
     abjc-kbac-jk | 37632 |    48 |   48 | 1.00 | 1.00 |        57.7 |    62.7 |    55.0 
   abjcd-dkbac-jk | 82944 |    24 |   12 | 1.00 | 1.00 |        25.9 |    26.3 |    21.3 
   adbjc-cbdka-kj | 82944 |    12 |   24 | 1.00 | 1.00 |        16.8 |    14.4 |    16.4 
   ajbdc-ckbad-jk | 82944 |    24 |   12 | 1.00 | 1.00 |        22.3 |    22.3 |    19.3 
 abcijk-ijma-mkbc |  4608 |   512 |   24 | 1.00 | 0.94 |        50.7 |    55.8 |    43.6 
 abcijk-ijmb-mkac |  1536 |  1536 |   24 | 1.00 | 0.50 |        50.1 |    56.5 |    41.8 
 abcijk-ijmc-mkab |  1536 |  1536 |   24 | 1.00 | 0.50 |        56.4 |    62.9 |    47.0 
 abcijk-ikma-mjbc |  4608 |   512 |   24 | 1.00 | 0.94 |        50.8 |    55.6 |    43.7 
 abcijk-ikmb-mjac |  1536 |  1536 |   24 | 1.00 | 0.50 |        50.4 |    56.5 |    41.9 
 abcijk-ikmc-mjab |  1536 |  1536 |   24 | 1.00 | 0.50 |        56.3 |    63.2 |    47.0 
 abcijk-jkma-mibc |  4608 |   512 |   24 | 1.00 | 0.94 |        50.7 |    55.3 |    43.7 
 abcijk-jkmb-miac |  1536 |  1536 |   24 | 1.00 | 0.50 |        50.3 |    56.7 |    41.8 
 abcijk-jkmc-miab |  1536 |  1536 |   24 | 1.00 | 0.50 |        56.1 |    62.5 |    46.9 
 abcijk-eiab-jkec |  1536 |  1536 |   24 | 1.00 | 0.50 |        55.7 |    62.6 |    46.6 
 abcijk-eiac-jkeb |  1536 |  1536 |   24 | 1.00 | 0.50 |        50.2 |    56.2 |    41.7 
 abcijk-eibc-jkea |   512 |  4608 |   24 | 1.00 | 0.94 |        50.8 |    55.7 |    43.6 
 abcijk-ejab-ikec |  1536 |  1536 |   24 | 1.00 | 0.50 |        56.1 |    63.0 |    46.8 
 abcijk-ejac-ikeb |  1536 |  1536 |   24 | 1.00 | 0.50 |        50.1 |    56.0 |    41.6 
 abcijk-ejbc-ikea |   512 |  4608 |   24 | 1.00 | 0.94 |        50.7 |    55.6 |    43.6 
 abcijk-ekab-ijec |  1536 |  1536 |   24 | 1.00 | 0.50 |        56.2 |    63.2 |    46.8 
 abcijk-ekac-ijeb |  1536 |  1536 |   24 | 1.00 | 0.50 |        49.9 |    56.1 |    41.6 
 abcijk-ekbc-ijea |   512 |  4608 |   24 | 1.00 | 0.94 |        50.7 |    55.6 |    43.6 
       abc-bk-akc |    96 |  7680 |   80 | 1.00 | 1.00 |        61.0 |    62.8 |    56.4 

=== complex efficiency ratio (c64 GF/s over f64 GF/s; 1.0 = no penalty) ===
             case | planar c64/f64 | 1m c64/f64 | 3m c64/f64 
------------------+----------------+------------+------------
         ij-ik-kj |          1.051 |      1.073 |      1.017 
       ij-ikl-ljk |          1.206 |      1.189 |      1.143 
       ij-kil-lkj |          1.294 |      1.278 |      1.286 
       ijk-ikl-lj |          1.065 |      0.976 |      0.942 
       ijk-il-jlk |          1.051 |      1.063 |      0.974 
       ijk-ilk-jl |          0.940 |      0.993 |      0.872 
       ijk-ilk-lj |          1.000 |      0.976 |      0.887 
     ijk-ilmk-mjl |          1.179 |      1.220 |      0.972 
   ijkl-imjn-lnkm |          1.106 |      1.143 |      1.094 
   ijkl-imjn-nlmk |          1.070 |      1.099 |      1.076 
   ijkl-imkn-jnlm |          1.106 |      1.137 |      1.085 
   ijkl-imkn-njml |          1.058 |      1.079 |      1.058 
   ijkl-imln-jnkm |          1.111 |      1.144 |      1.083 
   ijkl-imln-njmk |          1.060 |      1.082 |      1.056 
   ijkl-imnj-nlkm |          1.067 |      1.095 |      1.072 
   ijkl-imnk-njml |          1.058 |      1.080 |      1.059 
   ijkl-minj-nlmk |          1.074 |      1.100 |      1.092 
   ijkl-mink-jnlm |          1.108 |      1.140 |      1.095 
   ijkl-minl-njmk |          1.072 |      1.091 |      1.082 
     aqrs-pa-pqrs |          1.442 |      1.521 |      1.320 
     abrs-qb-aqrs |          1.454 |      1.488 |      1.352 
     abcs-rc-abrs |          1.585 |      1.565 |      1.389 
       abj-bka-kj |          1.272 |      1.226 |      1.218 
       ajb-kba-jk |          1.050 |      1.150 |      1.032 
     abjc-cbka-kj |          1.213 |      1.064 |      1.136 
     ajbc-ckba-jk |          1.442 |      1.462 |      1.316 
     abjc-kbac-jk |          1.399 |      1.519 |      1.332 
   abjcd-dkbac-jk |          1.495 |      1.514 |      1.225 
   adbjc-cbdka-kj |          1.572 |      1.349 |      1.531 
   ajbdc-ckbad-jk |          1.567 |      1.566 |      1.354 
 abcijk-ijma-mkbc |          1.432 |      1.577 |      1.233 
 abcijk-ijmb-mkac |          1.558 |      1.757 |      1.301 
 abcijk-ijmc-mkab |          1.420 |      1.583 |      1.184 
 abcijk-ikma-mjbc |          1.473 |      1.612 |      1.268 
 abcijk-ikmb-mjac |          1.502 |      1.683 |      1.248 
 abcijk-ikmc-mjab |          1.400 |      1.570 |      1.169 
 abcijk-jkma-mibc |          1.388 |      1.514 |      1.197 
 abcijk-jkmb-miac |          1.515 |      1.707 |      1.259 
 abcijk-jkmc-miab |          1.409 |      1.571 |      1.178 
 abcijk-eiab-jkec |          1.405 |      1.579 |      1.177 
 abcijk-eiac-jkeb |          1.500 |      1.680 |      1.246 
 abcijk-eibc-jkea |          1.415 |      1.551 |      1.214 
 abcijk-ejab-ikec |          1.417 |      1.593 |      1.183 
 abcijk-ejac-ikeb |          1.495 |      1.671 |      1.241 
 abcijk-ejbc-ikea |          1.485 |      1.630 |      1.276 
 abcijk-ekab-ijec |          1.422 |      1.599 |      1.184 
 abcijk-ekac-ijeb |          1.548 |      1.740 |      1.290 
 abcijk-ekbc-ijea |          1.445 |      1.587 |      1.244 
       abc-bk-akc |          0.906 |      0.933 |      0.837 
             MEAN |          1.292 |      1.358 |      1.165 

wrote bench-results/worker5086-zen2/phase4g/sm-s4-t2-f64c64.csv
