host        : worker5086
target      : x86_64 / linux
cpu features: avx2 fma 
caches      : L1=32KiB/8-way/1sh L2=512KiB/8-way/1sh L3=16384KiB/16-way/4sh (via sysfs), blocking=legacy
l3 domains  : t1=1 t4=1 t8=2 t16=4
baselines   : tblis=false blas=false

sweeping 49 cases at 0.25 MiB nominal tensor size, 96 reps, stress=none


=== f32 ===
             case |     m |    n |    k | regA | regB | planar GF/s | 1m GF/s | 3m GF/s 
------------------+-------+------+------+------+------+-------------+---------+---------
         ij-ik-kj |   192 |  180 |  192 | 1.00 | 1.00 |        57.3 |    57.3 |    57.3 
       ij-ikl-ljk |    48 |   32 | 1536 | 1.00 | 1.00 |        28.5 |    28.5 |    28.5 
       ij-kil-lkj |    48 |   32 | 2304 | 1.00 | 1.00 |        35.1 |    35.1 |    35.1 
       ijk-ikl-lj |  1536 |   32 |   48 | 1.00 | 1.00 |        25.1 |    25.1 |    25.1 
       ijk-il-jlk |    48 | 1536 |   32 | 1.00 | 1.00 |        32.1 |    32.1 |    32.1 
       ijk-ilk-jl |  1536 |   48 |   32 | 1.00 | 1.00 |        27.5 |    27.5 |    27.5 
       ijk-ilk-lj |  1536 |   32 |   48 | 1.00 | 1.00 |        24.8 |    24.8 |    24.8 
     ijk-ilmk-mjl |   288 |   12 |  288 | 0.67 | 1.00 |        11.4 |    11.4 |    11.4 
   ijkl-imjn-lnkm |   288 |  288 |  144 | 0.67 | 1.00 |        92.1 |    92.1 |    92.1 
   ijkl-imjn-nlmk |   288 |  144 |  288 | 0.67 | 1.00 |        93.1 |    93.1 |    93.1 
   ijkl-imkn-jnlm |   288 |  288 |  144 | 0.67 | 1.00 |        90.0 |    90.0 |    90.0 
   ijkl-imkn-njml |   288 |  144 |  288 | 0.67 | 1.00 |        94.9 |    94.9 |    94.9 
   ijkl-imln-jnkm |   288 |  288 |  144 | 0.67 | 1.00 |        99.7 |    99.7 |    99.7 
   ijkl-imln-njmk |   288 |  144 |  288 | 0.67 | 1.00 |        91.7 |    91.7 |    91.7 
   ijkl-imnj-nlkm |   288 |  144 |  288 | 0.67 | 1.00 |        94.9 |    94.9 |    94.9 
   ijkl-imnk-njml |   288 |  144 |  288 | 0.67 | 1.00 |        97.9 |    97.9 |    97.9 
   ijkl-minj-nlmk |   288 |  144 |  576 | 0.67 | 1.00 |       130.8 |   130.8 |   130.8 
   ijkl-mink-jnlm |   288 |  288 |  288 | 0.67 | 1.00 |       150.5 |   150.5 |   150.5 
   ijkl-minl-njmk |   288 |  144 |  576 | 0.67 | 1.00 |       132.3 |   132.3 |   132.3 
     aqrs-pa-pqrs |    24 | 1728 |   24 | 1.00 | 1.00 |        11.2 |    11.2 |    11.2 
     abrs-qb-aqrs |    12 | 3456 |   24 | 1.00 | 1.00 |        10.3 |    10.3 |    10.3 
     abcs-rc-abrs |    12 | 3456 |   24 | 1.00 | 1.00 |        10.6 |    10.6 |    10.6 
       abj-bka-kj |  2304 |   32 |   48 | 1.00 | 1.00 |        33.2 |    33.2 |    33.2 
       ajb-kba-jk |  1536 |   48 |   48 | 1.00 | 1.00 |        33.3 |    33.3 |    33.3 
     abjc-cbka-kj |  6912 |   12 |   24 | 0.67 | 1.00 |        17.5 |    17.5 |    17.5 
     ajbc-ckba-jk |  6912 |   24 |   12 | 1.00 | 1.00 |        17.1 |    17.1 |    17.1 
     abjc-kbac-jk |  3456 |   24 |   24 | 0.67 | 1.00 |        20.2 |    20.2 |    20.2 
   abjcd-dkbac-jk | 36864 |   24 |    8 | 0.67 | 1.00 |        32.4 |    32.4 |    32.4 
   adbjc-cbdka-kj | 36864 |    8 |   24 | 0.67 | 1.00 |        24.6 |    24.6 |    24.6 
   ajbdc-ckbad-jk | 36864 |   24 |    8 | 1.00 | 1.00 |        29.2 |    29.2 |    29.2 
 abcijk-ijma-mkbc |  2304 |   64 |   24 | 1.00 | 1.00 |        30.8 |    30.8 |    30.8 
 abcijk-ijmb-mkac |   384 |  384 |   24 | 1.00 | 1.00 |        46.6 |    46.6 |    46.6 
 abcijk-ijmc-mkab |   384 |  384 |   24 | 1.00 | 0.00 |        46.2 |    46.2 |    46.2 
 abcijk-ikma-mjbc |  2304 |   64 |   24 | 1.00 | 1.00 |        29.2 |    29.2 |    29.2 
 abcijk-ikmb-mjac |   384 |  384 |   24 | 1.00 | 1.00 |        45.3 |    45.3 |    45.3 
 abcijk-ikmc-mjab |   384 |  384 |   24 | 1.00 | 0.00 |        45.5 |    45.5 |    45.5 
 abcijk-jkma-mibc |  2304 |   64 |   24 | 1.00 | 1.00 |        29.7 |    29.7 |    29.7 
 abcijk-jkmb-miac |   384 |  384 |   24 | 1.00 | 1.00 |        46.5 |    46.5 |    46.5 
 abcijk-jkmc-miab |   384 |  384 |   24 | 1.00 | 0.00 |        44.9 |    44.9 |    44.9 
 abcijk-eiab-jkec |   384 |  384 |   24 | 1.00 | 0.00 |        45.3 |    45.3 |    45.3 
 abcijk-eiac-jkeb |   384 |  384 |   24 | 1.00 | 1.00 |        43.0 |    43.0 |    43.0 
 abcijk-eibc-jkea |    64 | 2304 |   24 | 1.00 | 1.00 |        30.6 |    30.6 |    30.6 
 abcijk-ejab-ikec |   384 |  384 |   24 | 1.00 | 0.00 |        47.6 |    47.6 |    47.6 
 abcijk-ejac-ikeb |   384 |  384 |   24 | 1.00 | 1.00 |        42.0 |    42.0 |    42.0 
 abcijk-ejbc-ikea |    64 | 2304 |   24 | 1.00 | 1.00 |        29.7 |    29.7 |    29.7 
 abcijk-ekab-ijec |   384 |  384 |   24 | 1.00 | 0.00 |        46.4 |    46.4 |    46.4 
 abcijk-ekac-ijeb |   384 |  384 |   24 | 1.00 | 1.00 |        45.0 |    45.0 |    45.0 
 abcijk-ekbc-ijea |    64 | 2304 |   24 | 1.00 | 1.00 |        29.4 |    29.4 |    29.4 
       abc-bk-akc |    48 | 1536 |   32 | 1.00 | 1.00 |        29.5 |    29.5 |    29.5 

=== c32 ===
             case |     m |    n |    k | regA | regB | planar GF/s | 1m GF/s | 3m GF/s 
------------------+-------+------+------+------+------+-------------+---------+---------
         ij-ik-kj |   192 |  180 |  192 | 1.00 | 1.00 |       178.7 |   171.3 |   156.9 
       ij-ikl-ljk |    48 |   32 | 1536 | 1.00 | 1.00 |        58.6 |    65.4 |    52.2 
       ij-kil-lkj |    48 |   32 | 2304 | 1.00 | 1.00 |        66.7 |    74.6 |    59.5 
       ijk-ikl-lj |  1536 |   32 |   48 | 1.00 | 1.00 |        83.2 |    80.8 |    65.9 
       ijk-il-jlk |    48 | 1536 |   32 | 1.00 | 0.92 |        91.9 |    95.1 |    87.7 
       ijk-ilk-jl |  1536 |   48 |   32 | 1.00 | 1.00 |        74.7 |    80.6 |    72.6 
       ijk-ilk-lj |  1536 |   32 |   48 | 1.00 | 1.00 |        84.0 |    86.2 |    71.1 
     ijk-ilmk-mjl |   288 |   12 |  288 | 1.00 | 1.00 |        39.4 |    36.2 |    37.2 
   ijkl-imjn-lnkm |   288 |  288 |  144 | 1.00 | 0.67 |       238.9 |   252.2 |   223.6 
   ijkl-imjn-nlmk |   288 |  144 |  288 | 1.00 | 0.69 |       253.0 |   248.6 |   198.0 
   ijkl-imkn-jnlm |   288 |  288 |  144 | 1.00 | 0.84 |       250.3 |   255.6 |   238.0 
   ijkl-imkn-njml |   288 |  144 |  288 | 1.00 | 0.69 |       239.7 |   249.0 |   227.2 
   ijkl-imln-jnkm |   288 |  288 |  144 | 1.00 | 0.84 |       251.7 |   264.7 |   237.6 
   ijkl-imln-njmk |   288 |  144 |  288 | 1.00 | 0.69 |       258.0 |   261.8 |   228.6 
   ijkl-imnj-nlkm |   288 |  144 |  288 | 1.00 | 0.69 |       245.4 |   248.5 |   216.8 
   ijkl-imnk-njml |   288 |  144 |  288 | 1.00 | 0.69 |       255.4 |   246.0 |   237.0 
   ijkl-minj-nlmk |   288 |  144 |  576 | 1.00 | 0.69 |       294.6 |   269.0 |   250.9 
   ijkl-mink-jnlm |   288 |  288 |  288 | 1.00 | 0.84 |       341.5 |   319.7 |   304.0 
   ijkl-minl-njmk |   288 |  144 |  576 | 1.00 | 0.69 |       297.3 |   297.2 |   275.9 
     aqrs-pa-pqrs |    24 | 1728 |   24 | 1.00 | 1.00 |        51.8 |    51.1 |    51.9 
     abrs-qb-aqrs |    12 | 3456 |   24 | 1.00 | 1.00 |        38.1 |    38.2 |    36.4 
     abcs-rc-abrs |    12 | 3456 |   24 | 1.00 | 1.00 |        36.6 |    35.9 |    39.2 
       abj-bka-kj |  2304 |   32 |   48 | 1.00 | 1.00 |       107.0 |   103.6 |    77.5 
       ajb-kba-jk |  1536 |   48 |   48 | 1.00 | 1.00 |        88.9 |    90.2 |    93.4 
     abjc-cbka-kj |  6912 |   12 |   24 | 1.00 | 1.00 |        54.1 |    59.5 |    56.1 
     ajbc-ckba-jk |  6912 |   24 |   12 | 1.00 | 1.00 |        58.1 |    59.1 |    58.0 
     abjc-kbac-jk |  3456 |   24 |   24 | 1.00 | 1.00 |        68.1 |    70.6 |    68.7 
   abjcd-dkbac-jk | 36864 |   24 |    8 | 1.00 | 1.00 |        86.1 |    97.5 |    84.6 
   adbjc-cbdka-kj | 36864 |    8 |   24 | 1.00 | 1.00 |        58.7 |    66.5 |    67.8 
   ajbdc-ckbad-jk | 36864 |   24 |    8 | 1.00 | 1.00 |        88.8 |    93.3 |    86.0 
 abcijk-ijma-mkbc |  2304 |   64 |   24 | 1.00 | 0.77 |        76.1 |    78.5 |    88.6 
 abcijk-ijmb-mkac |   384 |  384 |   24 | 1.00 | 0.01 |       140.1 |   137.9 |   140.9 
 abcijk-ijmc-mkab |   384 |  384 |   24 | 1.00 | 0.01 |       131.4 |   129.5 |   131.4 
 abcijk-ikma-mjbc |  2304 |   64 |   24 | 1.00 | 0.77 |        75.6 |    78.6 |    88.3 
 abcijk-ikmb-mjac |   384 |  384 |   24 | 1.00 | 0.01 |       133.2 |   137.3 |   136.8 
 abcijk-ikmc-mjab |   384 |  384 |   24 | 1.00 | 0.01 |       131.9 |   133.1 |   135.8 
 abcijk-jkma-mibc |  2304 |   64 |   24 | 1.00 | 0.77 |        78.8 |    80.4 |    87.0 
 abcijk-jkmb-miac |   384 |  384 |   24 | 1.00 | 0.01 |       136.7 |   138.0 |   132.6 
 abcijk-jkmc-miab |   384 |  384 |   24 | 1.00 | 0.01 |       132.1 |   132.7 |   127.4 
 abcijk-eiab-jkec |   384 |  384 |   24 | 1.00 | 0.01 |       126.6 |   131.8 |   136.5 
 abcijk-eiac-jkeb |   384 |  384 |   24 | 1.00 | 0.01 |       127.0 |   131.1 |   135.4 
 abcijk-eibc-jkea |    64 | 2304 |   24 | 1.00 | 0.77 |        78.5 |    84.0 |    93.3 
 abcijk-ejab-ikec |   384 |  384 |   24 | 1.00 | 0.01 |       134.8 |   132.1 |   129.4 
 abcijk-ejac-ikeb |   384 |  384 |   24 | 1.00 | 0.01 |       123.6 |   129.5 |   134.8 
 abcijk-ejbc-ikea |    64 | 2304 |   24 | 1.00 | 0.77 |        76.5 |    77.3 |    86.1 
 abcijk-ekab-ijec |   384 |  384 |   24 | 1.00 | 0.01 |       133.4 |   137.2 |   140.7 
 abcijk-ekac-ijeb |   384 |  384 |   24 | 1.00 | 0.01 |       131.2 |   135.5 |   124.8 
 abcijk-ekbc-ijea |    64 | 2304 |   24 | 1.00 | 0.77 |        75.3 |    79.2 |    90.4 
       abc-bk-akc |    48 | 1536 |   32 | 1.00 | 1.00 |        79.1 |    80.1 |    75.3 

=== complex efficiency ratio (c32 GF/s over f32 GF/s; 1.0 = no penalty) ===
             case | planar c32/f32 | 1m c32/f32 | 3m c32/f32 
------------------+----------------+------------+------------
         ij-ik-kj |          3.120 |      2.990 |      2.739 
       ij-ikl-ljk |          2.060 |      2.296 |      1.835 
       ij-kil-lkj |          1.901 |      2.129 |      1.698 
       ijk-ikl-lj |          3.322 |      3.226 |      2.630 
       ijk-il-jlk |          2.858 |      2.961 |      2.728 
       ijk-ilk-jl |          2.717 |      2.932 |      2.641 
       ijk-ilk-lj |          3.382 |      3.472 |      2.862 
     ijk-ilmk-mjl |          3.438 |      3.160 |      3.250 
   ijkl-imjn-lnkm |          2.594 |      2.739 |      2.428 
   ijkl-imjn-nlmk |          2.718 |      2.670 |      2.127 
   ijkl-imkn-jnlm |          2.781 |      2.840 |      2.644 
   ijkl-imkn-njml |          2.525 |      2.623 |      2.393 
   ijkl-imln-jnkm |          2.525 |      2.655 |      2.383 
   ijkl-imln-njmk |          2.815 |      2.856 |      2.494 
   ijkl-imnj-nlkm |          2.586 |      2.619 |      2.284 
   ijkl-imnk-njml |          2.609 |      2.513 |      2.422 
   ijkl-minj-nlmk |          2.253 |      2.057 |      1.919 
   ijkl-mink-jnlm |          2.270 |      2.125 |      2.021 
   ijkl-minl-njmk |          2.247 |      2.246 |      2.085 
     aqrs-pa-pqrs |          4.607 |      4.545 |      4.619 
     abrs-qb-aqrs |          3.702 |      3.707 |      3.538 
     abcs-rc-abrs |          3.453 |      3.389 |      3.695 
       abj-bka-kj |          3.223 |      3.121 |      2.334 
       ajb-kba-jk |          2.667 |      2.707 |      2.803 
     abjc-cbka-kj |          3.090 |      3.398 |      3.208 
     ajbc-ckba-jk |          3.406 |      3.460 |      3.397 
     abjc-kbac-jk |          3.364 |      3.488 |      3.393 
   abjcd-dkbac-jk |          2.656 |      3.005 |      2.608 
   adbjc-cbdka-kj |          2.389 |      2.706 |      2.759 
   ajbdc-ckbad-jk |          3.039 |      3.193 |      2.944 
 abcijk-ijma-mkbc |          2.473 |      2.551 |      2.879 
 abcijk-ijmb-mkac |          3.005 |      2.958 |      3.022 
 abcijk-ijmc-mkab |          2.848 |      2.806 |      2.847 
 abcijk-ikma-mjbc |          2.588 |      2.692 |      3.022 
 abcijk-ikmb-mjac |          2.938 |      3.029 |      3.017 
 abcijk-ikmc-mjab |          2.900 |      2.924 |      2.985 
 abcijk-jkma-mibc |          2.649 |      2.705 |      2.925 
 abcijk-jkmb-miac |          2.940 |      2.968 |      2.851 
 abcijk-jkmc-miab |          2.940 |      2.952 |      2.835 
 abcijk-eiab-jkec |          2.796 |      2.910 |      3.013 
 abcijk-eiac-jkeb |          2.952 |      3.047 |      3.149 
 abcijk-eibc-jkea |          2.566 |      2.747 |      3.051 
 abcijk-ejab-ikec |          2.834 |      2.776 |      2.719 
 abcijk-ejac-ikeb |          2.940 |      3.079 |      3.207 
 abcijk-ejbc-ikea |          2.577 |      2.602 |      2.900 
 abcijk-ekab-ijec |          2.875 |      2.957 |      3.031 
 abcijk-ekac-ijeb |          2.915 |      3.012 |      2.774 
 abcijk-ekbc-ijea |          2.565 |      2.698 |      3.080 
       abc-bk-akc |          2.683 |      2.717 |      2.555 
             MEAN |          2.843 |      2.897 |      2.791 

wrote bench-results/worker5086-zen2/phase4g/sm-s0.25-t8-f32c32.csv
