host        : worker5086
target      : x86_64 / linux
cpu features: avx2 fma 
caches      : L1=32KiB/8-way/1sh L2=512KiB/8-way/1sh L3=16384KiB/16-way/4sh (via sysfs), blocking=legacy
l3 domains  : t1=1 t4=1 t8=2 t16=4
baselines   : tblis=false blas=false

sweeping 49 cases at 4 MiB nominal tensor size, 6 reps, stress=none


=== f64 ===
             case |     m |     n |    k | regA | regB | planar GF/s | 1m GF/s | 3m GF/s 
------------------+-------+-------+------+------+------+-------------+---------+---------
         ij-ik-kj |   744 |   724 |  744 | 1.00 | 1.00 |       181.2 |   181.2 |   181.2 
       ij-ikl-ljk |    96 |    80 | 7680 | 1.00 | 1.00 |        53.0 |    53.0 |    53.0 
       ij-kil-lkj |    96 |    80 | 9216 | 1.00 | 1.00 |        63.6 |    63.6 |    63.6 
       ijk-ikl-lj |  7680 |    80 |   96 | 1.00 | 1.00 |       104.2 |   104.2 |   104.2 
       ijk-il-jlk |    96 |  7680 |   80 | 1.00 | 1.00 |        66.3 |    66.3 |    66.3 
       ijk-ilk-jl |  7680 |    96 |   80 | 1.00 | 1.00 |        96.4 |    96.4 |    96.4 
       ijk-ilk-lj |  7680 |    80 |   96 | 1.00 | 1.00 |       141.6 |   141.6 |   141.6 
     ijk-ilmk-mjl |  1344 |    28 | 1344 | 1.00 | 1.00 |        83.9 |    83.9 |    83.9 
   ijkl-imjn-lnkm |  1344 |  1344 |  784 | 1.00 | 0.86 |       200.2 |   200.2 |   200.2 
   ijkl-imjn-nlmk |  1344 |   784 | 1344 | 1.00 | 0.86 |       211.8 |   211.8 |   211.8 
   ijkl-imkn-jnlm |  1344 |  1344 |  784 | 1.00 | 1.00 |       250.1 |   250.1 |   250.1 
   ijkl-imkn-njml |  1344 |   784 | 1344 | 1.00 | 0.86 |       216.3 |   216.3 |   216.3 
   ijkl-imln-jnkm |  1344 |  1344 |  784 | 1.00 | 1.00 |       249.9 |   249.9 |   249.9 
   ijkl-imln-njmk |  1344 |   784 | 1344 | 1.00 | 0.86 |       252.0 |   252.0 |   252.0 
   ijkl-imnj-nlkm |  1344 |   784 | 1344 | 1.00 | 0.86 |       187.7 |   187.7 |   187.7 
   ijkl-imnk-njml |  1344 |   784 | 1344 | 1.00 | 0.86 |       260.8 |   260.8 |   260.8 
   ijkl-minj-nlmk |  1344 |   784 | 2304 | 1.00 | 0.86 |       213.4 |   213.4 |   213.4 
   ijkl-mink-jnlm |  1344 |  1344 | 1344 | 1.00 | 1.00 |       266.0 |   266.0 |   266.0 
   ijkl-minl-njmk |  1344 |   784 | 2304 | 1.00 | 0.86 |       256.2 |   256.2 |   256.2 
     aqrs-pa-pqrs |    48 | 21952 |   48 | 1.00 | 1.00 |       113.1 |   113.1 |   113.1 
     abrs-qb-aqrs |    28 | 37632 |   48 | 1.00 | 1.00 |        88.9 |    88.9 |    88.9 
     abcs-rc-abrs |    28 | 37632 |   48 | 1.00 | 1.00 |       111.3 |   111.3 |   111.3 
       abj-bka-kj |  9216 |    80 |   96 | 1.00 | 1.00 |        86.8 |    86.8 |    86.8 
       ajb-kba-jk |  7680 |    96 |   96 | 1.00 | 1.00 |       163.2 |   163.2 |   163.2 
     abjc-cbka-kj | 64512 |    28 |   48 | 1.00 | 1.00 |        34.6 |    34.6 |    34.6 
     ajbc-ckba-jk | 64512 |    48 |   28 | 1.00 | 1.00 |        24.2 |    24.2 |    24.2 
     abjc-kbac-jk | 37632 |    48 |   48 | 1.00 | 1.00 |        54.1 |    54.1 |    54.1 
   abjcd-dkbac-jk | 82944 |    24 |   12 | 1.00 | 1.00 |        30.5 |    30.5 |    30.5 
   adbjc-cbdka-kj | 82944 |    12 |   24 | 1.00 | 1.00 |        18.9 |    18.9 |    18.9 
   ajbdc-ckbad-jk | 82944 |    24 |   12 | 1.00 | 1.00 |        36.2 |    36.2 |    36.2 
 abcijk-ijma-mkbc |  4608 |   512 |   24 | 1.00 | 0.94 |       124.1 |   124.1 |   124.1 
 abcijk-ijmb-mkac |  1536 |  1536 |   24 | 1.00 | 0.50 |       156.7 |   156.7 |   156.7 
 abcijk-ijmc-mkab |  1536 |  1536 |   24 | 1.00 | 0.50 |       152.1 |   152.1 |   152.1 
 abcijk-ikma-mjbc |  4608 |   512 |   24 | 1.00 | 0.94 |       125.3 |   125.3 |   125.3 
 abcijk-ikmb-mjac |  1536 |  1536 |   24 | 1.00 | 0.50 |       155.5 |   155.5 |   155.5 
 abcijk-ikmc-mjab |  1536 |  1536 |   24 | 1.00 | 0.50 |       158.3 |   158.3 |   158.3 
 abcijk-jkma-mibc |  4608 |   512 |   24 | 1.00 | 0.94 |       118.7 |   118.7 |   118.7 
 abcijk-jkmb-miac |  1536 |  1536 |   24 | 1.00 | 0.50 |       156.2 |   156.2 |   156.2 
 abcijk-jkmc-miab |  1536 |  1536 |   24 | 1.00 | 0.50 |       158.0 |   158.0 |   158.0 
 abcijk-eiab-jkec |  1536 |  1536 |   24 | 1.00 | 0.50 |       159.3 |   159.3 |   159.3 
 abcijk-eiac-jkeb |  1536 |  1536 |   24 | 1.00 | 0.50 |       158.8 |   158.8 |   158.8 
 abcijk-eibc-jkea |   512 |  4608 |   24 | 1.00 | 0.94 |       117.7 |   117.7 |   117.7 
 abcijk-ejab-ikec |  1536 |  1536 |   24 | 1.00 | 0.50 |       157.3 |   157.3 |   157.3 
 abcijk-ejac-ikeb |  1536 |  1536 |   24 | 1.00 | 0.50 |       157.6 |   157.6 |   157.6 
 abcijk-ejbc-ikea |   512 |  4608 |   24 | 1.00 | 0.94 |       123.1 |   123.1 |   123.1 
 abcijk-ekab-ijec |  1536 |  1536 |   24 | 1.00 | 0.50 |       154.4 |   154.4 |   154.4 
 abcijk-ekac-ijeb |  1536 |  1536 |   24 | 1.00 | 0.50 |       154.8 |   154.8 |   154.8 
 abcijk-ekbc-ijea |   512 |  4608 |   24 | 1.00 | 0.94 |       123.1 |   123.1 |   123.1 
       abc-bk-akc |    96 |  7680 |   80 | 1.00 | 1.00 |       126.1 |   126.1 |   126.1 

=== c64 ===
             case |     m |     n |    k | regA | regB | planar GF/s | 1m GF/s | 3m GF/s 
------------------+-------+-------+------+------+------+-------------+---------+---------
         ij-ik-kj |   744 |   724 |  744 | 1.00 | 1.00 |       274.3 |   255.3 |   254.0 
       ij-ikl-ljk |    96 |    80 | 7680 | 1.00 | 1.00 |       135.4 |   115.9 |   107.1 
       ij-kil-lkj |    96 |    80 | 9216 | 1.00 | 1.00 |       139.2 |   129.0 |   108.0 
       ijk-ikl-lj |  7680 |    80 |   96 | 1.00 | 1.00 |       188.8 |   174.7 |   171.3 
       ijk-il-jlk |    96 |  7680 |   80 | 1.00 | 0.96 |        94.2 |   130.6 |   120.0 
       ijk-ilk-jl |  7680 |    96 |   80 | 1.00 | 1.00 |       233.9 |   127.6 |   183.1 
       ijk-ilk-lj |  7680 |    80 |   96 | 1.00 | 1.00 |       129.2 |   238.8 |   171.3 
     ijk-ilmk-mjl |  1344 |    28 | 1344 | 1.00 | 1.00 |       147.5 |   135.0 |   117.5 
   ijkl-imjn-lnkm |  1344 |  1344 |  784 | 1.00 | 0.86 |       261.9 |   288.3 |   249.8 
   ijkl-imjn-nlmk |  1344 |   784 | 1344 | 1.00 | 0.86 |       279.5 |   290.8 |   284.2 
   ijkl-imkn-jnlm |  1344 |  1344 |  784 | 1.00 | 0.92 |       293.7 |   297.2 |   279.8 
   ijkl-imkn-njml |  1344 |   784 | 1344 | 1.00 | 0.86 |       285.4 |   285.4 |   275.4 
   ijkl-imln-jnkm |  1344 |  1344 |  784 | 1.00 | 0.92 |       292.5 |   290.8 |   273.0 
   ijkl-imln-njmk |  1344 |   784 | 1344 | 1.00 | 0.86 |       283.3 |   294.7 |   281.1 
   ijkl-imnj-nlkm |  1344 |   784 | 1344 | 1.00 | 0.86 |       289.0 |   290.6 |   278.3 
   ijkl-imnk-njml |  1344 |   784 | 1344 | 1.00 | 0.86 |       292.8 |   288.1 |   284.3 
   ijkl-minj-nlmk |  1344 |   784 | 2304 | 1.00 | 0.86 |       272.7 |   294.2 |   290.0 
   ijkl-mink-jnlm |  1344 |  1344 | 1344 | 1.00 | 0.92 |       287.5 |   300.1 |   275.2 
   ijkl-minl-njmk |  1344 |   784 | 2304 | 1.00 | 0.86 |       282.3 |   265.1 |   277.8 
     aqrs-pa-pqrs |    48 | 21952 |   48 | 1.00 | 1.00 |       181.8 |   199.2 |   165.6 
     abrs-qb-aqrs |    28 | 37632 |   48 | 1.00 | 1.00 |       143.1 |   143.0 |   132.3 
     abcs-rc-abrs |    28 | 37632 |   48 | 1.00 | 1.00 |       112.3 |   107.7 |   110.7 
       abj-bka-kj |  9216 |    80 |   96 | 1.00 | 1.00 |       216.7 |   217.9 |   195.6 
       ajb-kba-jk |  7680 |    96 |   96 | 1.00 | 1.00 |       218.4 |   134.4 |   130.8 
     abjc-cbka-kj | 64512 |    28 |   48 | 1.00 | 1.00 |        73.4 |    67.6 |    71.8 
     ajbc-ckba-jk | 64512 |    48 |   28 | 1.00 | 1.00 |        50.6 |    41.3 |    42.8 
     abjc-kbac-jk | 37632 |    48 |   48 | 1.00 | 1.00 |       102.3 |   101.5 |    93.6 
   abjcd-dkbac-jk | 82944 |    24 |   12 | 1.00 | 1.00 |        50.9 |    47.8 |    47.3 
   adbjc-cbdka-kj | 82944 |    12 |   24 | 1.00 | 1.00 |        32.8 |    29.7 |    32.9 
   ajbdc-ckbad-jk | 82944 |    24 |   12 | 1.00 | 1.00 |        45.8 |    46.0 |    43.9 
 abcijk-ijma-mkbc |  4608 |   512 |   24 | 1.00 | 0.94 |       152.5 |   153.0 |   145.0 
 abcijk-ijmb-mkac |  1536 |  1536 |   24 | 1.00 | 0.50 |       170.2 |   192.6 |   151.8 
 abcijk-ijmc-mkab |  1536 |  1536 |   24 | 1.00 | 0.50 |       188.2 |   207.8 |   161.0 
 abcijk-ikma-mjbc |  4608 |   512 |   24 | 1.00 | 0.94 |       159.4 |   158.8 |   139.6 
 abcijk-ikmb-mjac |  1536 |  1536 |   24 | 1.00 | 0.50 |       171.1 |   195.3 |   151.4 
 abcijk-ikmc-mjab |  1536 |  1536 |   24 | 1.00 | 0.50 |       188.5 |   211.9 |   161.7 
 abcijk-jkma-mibc |  4608 |   512 |   24 | 1.00 | 0.94 |       152.7 |   150.7 |   138.4 
 abcijk-jkmb-miac |  1536 |  1536 |   24 | 1.00 | 0.50 |       167.5 |   190.7 |   151.9 
 abcijk-jkmc-miab |  1536 |  1536 |   24 | 1.00 | 0.50 |       186.4 |   205.5 |   161.6 
 abcijk-eiab-jkec |  1536 |  1536 |   24 | 1.00 | 0.50 |       185.3 |   208.1 |   160.9 
 abcijk-eiac-jkeb |  1536 |  1536 |   24 | 1.00 | 0.50 |       168.0 |   189.6 |   152.7 
 abcijk-eibc-jkea |   512 |  4608 |   24 | 1.00 | 0.94 |       151.4 |   157.9 |   137.1 
 abcijk-ejab-ikec |  1536 |  1536 |   24 | 1.00 | 0.50 |       186.4 |   210.6 |   162.2 
 abcijk-ejac-ikeb |  1536 |  1536 |   24 | 1.00 | 0.50 |       171.7 |   193.3 |   149.9 
 abcijk-ejbc-ikea |   512 |  4608 |   24 | 1.00 | 0.94 |       158.3 |   148.4 |   139.7 
 abcijk-ekab-ijec |  1536 |  1536 |   24 | 1.00 | 0.50 |       184.5 |   207.4 |   161.2 
 abcijk-ekac-ijeb |  1536 |  1536 |   24 | 1.00 | 0.50 |       169.2 |   190.6 |   150.0 
 abcijk-ekbc-ijea |   512 |  4608 |   24 | 1.00 | 0.94 |       147.2 |   145.9 |   134.5 
       abc-bk-akc |    96 |  7680 |   80 | 1.00 | 1.00 |       217.9 |   212.7 |   202.6 

=== complex efficiency ratio (c64 GF/s over f64 GF/s; 1.0 = no penalty) ===
             case | planar c64/f64 | 1m c64/f64 | 3m c64/f64 
------------------+----------------+------------+------------
         ij-ik-kj |          1.514 |      1.409 |      1.402 
       ij-ikl-ljk |          2.556 |      2.189 |      2.022 
       ij-kil-lkj |          2.188 |      2.028 |      1.698 
       ijk-ikl-lj |          1.812 |      1.676 |      1.644 
       ijk-il-jlk |          1.419 |      1.968 |      1.809 
       ijk-ilk-jl |          2.428 |      1.325 |      1.901 
       ijk-ilk-lj |          0.912 |      1.687 |      1.210 
     ijk-ilmk-mjl |          1.758 |      1.609 |      1.401 
   ijkl-imjn-lnkm |          1.308 |      1.440 |      1.248 
   ijkl-imjn-nlmk |          1.320 |      1.373 |      1.342 
   ijkl-imkn-jnlm |          1.175 |      1.188 |      1.119 
   ijkl-imkn-njml |          1.320 |      1.320 |      1.273 
   ijkl-imln-jnkm |          1.170 |      1.163 |      1.092 
   ijkl-imln-njmk |          1.124 |      1.169 |      1.115 
   ijkl-imnj-nlkm |          1.540 |      1.548 |      1.482 
   ijkl-imnk-njml |          1.123 |      1.105 |      1.090 
   ijkl-minj-nlmk |          1.278 |      1.379 |      1.359 
   ijkl-mink-jnlm |          1.081 |      1.128 |      1.034 
   ijkl-minl-njmk |          1.102 |      1.035 |      1.084 
     aqrs-pa-pqrs |          1.608 |      1.762 |      1.465 
     abrs-qb-aqrs |          1.610 |      1.609 |      1.489 
     abcs-rc-abrs |          1.009 |      0.968 |      0.995 
       abj-bka-kj |          2.498 |      2.512 |      2.254 
       ajb-kba-jk |          1.338 |      0.823 |      0.801 
     abjc-cbka-kj |          2.120 |      1.951 |      2.074 
     ajbc-ckba-jk |          2.091 |      1.707 |      1.770 
     abjc-kbac-jk |          1.891 |      1.876 |      1.730 
   abjcd-dkbac-jk |          1.669 |      1.568 |      1.549 
   adbjc-cbdka-kj |          1.737 |      1.569 |      1.738 
   ajbdc-ckbad-jk |          1.264 |      1.270 |      1.212 
 abcijk-ijma-mkbc |          1.228 |      1.233 |      1.168 
 abcijk-ijmb-mkac |          1.086 |      1.229 |      0.969 
 abcijk-ijmc-mkab |          1.237 |      1.366 |      1.059 
 abcijk-ikma-mjbc |          1.272 |      1.267 |      1.114 
 abcijk-ikmb-mjac |          1.100 |      1.256 |      0.974 
 abcijk-ikmc-mjab |          1.191 |      1.338 |      1.021 
 abcijk-jkma-mibc |          1.286 |      1.270 |      1.166 
 abcijk-jkmb-miac |          1.073 |      1.221 |      0.973 
 abcijk-jkmc-miab |          1.180 |      1.300 |      1.022 
 abcijk-eiab-jkec |          1.163 |      1.307 |      1.010 
 abcijk-eiac-jkeb |          1.058 |      1.194 |      0.961 
 abcijk-eibc-jkea |          1.287 |      1.341 |      1.165 
 abcijk-ejab-ikec |          1.186 |      1.339 |      1.032 
 abcijk-ejac-ikeb |          1.089 |      1.227 |      0.951 
 abcijk-ejbc-ikea |          1.287 |      1.206 |      1.136 
 abcijk-ekab-ijec |          1.195 |      1.343 |      1.044 
 abcijk-ekac-ijeb |          1.093 |      1.231 |      0.969 
 abcijk-ekbc-ijea |          1.196 |      1.185 |      1.093 
       abc-bk-akc |          1.728 |      1.687 |      1.606 
             MEAN |          1.426 |      1.426 |      1.303 

wrote bench-results/worker5086-zen2/phase4g/sm-s4-t8-f64c64.csv
