host        : worker5086
target      : x86_64 / linux
cpu features: avx2 fma 
caches      : L1=32KiB/8-way/1sh L2=512KiB/8-way/1sh L3=16384KiB/16-way/4sh (via sysfs), blocking=legacy
l3 domains  : t1=1 t4=1 t8=2 t16=4 t32=8 t64=16 t128=32
baselines   : tblis=false blas=false

sweeping 49 cases at 16 MiB nominal tensor size, 3 reps, stress=none


=== f32 ===
             case |      m |     n |     k | regA | regB | planar GF/s | 1m GF/s | 3m GF/s 
------------------+--------+-------+-------+------+------+-------------+---------+---------
         ij-ik-kj |   1464 |  1448 |  1464 | 1.00 | 1.00 |       318.2 |   318.2 |   318.2 
       ij-ikl-ljk |    144 |   128 | 18432 | 1.00 | 1.00 |        90.4 |    90.4 |    90.4 
       ij-kil-lkj |    144 |   128 | 20736 | 1.00 | 1.00 |        86.9 |    86.9 |    86.9 
       ijk-ikl-lj |  18432 |   128 |   144 | 1.00 | 1.00 |       114.5 |   114.5 |   114.5 
       ijk-il-jlk |    144 | 18432 |   128 | 1.00 | 1.00 |       136.7 |   136.7 |   136.7 
       ijk-ilk-jl |  18432 |   144 |   128 | 1.00 | 1.00 |       135.1 |   135.1 |   135.1 
       ijk-ilk-lj |  18432 |   128 |   144 | 1.00 | 1.00 |       138.5 |   138.5 |   138.5 
     ijk-ilmk-mjl |   1920 |    40 |  1920 | 1.00 | 1.00 |        49.4 |    49.4 |    49.4 
   ijkl-imjn-lnkm |   1920 |  1920 |  1600 | 1.00 | 0.90 |       389.1 |   389.1 |   389.1 
   ijkl-imjn-nlmk |   1920 |  1600 |  1920 | 1.00 | 0.90 |       442.0 |   442.0 |   442.0 
   ijkl-imkn-jnlm |   1920 |  1920 |  1600 | 1.00 | 1.00 |       530.6 |   530.6 |   530.6 
   ijkl-imkn-njml |   1920 |  1600 |  1920 | 1.00 | 0.90 |       517.9 |   517.9 |   517.9 
   ijkl-imln-jnkm |   1920 |  1920 |  1600 | 1.00 | 1.00 |       540.4 |   540.4 |   540.4 
   ijkl-imln-njmk |   1920 |  1600 |  1920 | 1.00 | 0.90 |       517.7 |   517.7 |   517.7 
   ijkl-imnj-nlkm |   1920 |  1600 |  1920 | 1.00 | 0.90 |       482.1 |   482.1 |   482.1 
   ijkl-imnk-njml |   1920 |  1600 |  1920 | 1.00 | 0.90 |       547.9 |   547.9 |   547.9 
   ijkl-minj-nlmk |   1920 |  1600 |  2304 | 1.00 | 0.90 |       484.1 |   484.1 |   484.1 
   ijkl-mink-jnlm |   1920 |  1920 |  1920 | 1.00 | 1.00 |       593.9 |   593.9 |   593.9 
   ijkl-minl-njmk |   1920 |  1600 |  2304 | 1.00 | 0.90 |       574.0 |   574.0 |   574.0 
     aqrs-pa-pqrs |     48 | 64000 |    48 | 1.00 | 1.00 |       135.2 |   135.2 |   135.2 
     abrs-qb-aqrs |     40 | 76800 |    48 | 1.00 | 1.00 |        64.2 |    64.2 |    64.2 
     abcs-rc-abrs |     40 | 76800 |    48 | 1.00 | 1.00 |        71.1 |    71.1 |    71.1 
       abj-bka-kj |  20736 |   128 |   144 | 1.00 | 1.00 |       120.5 |   120.5 |   120.5 
       ajb-kba-jk |  18432 |   144 |   144 | 1.00 | 1.00 |       147.1 |   147.1 |   147.1 
     abjc-cbka-kj |  92160 |    40 |    48 | 1.00 | 1.00 |        56.1 |    56.1 |    56.1 
     ajbc-ckba-jk |  92160 |    48 |    40 | 1.00 | 1.00 |        66.2 |    66.2 |    66.2 
     abjc-kbac-jk |  76800 |    48 |    48 | 1.00 | 1.00 |        74.5 |    74.5 |    74.5 
   abjcd-dkbac-jk | 230400 |    24 |    20 | 0.67 | 1.00 |        34.8 |    34.8 |    34.8 
   adbjc-cbdka-kj | 230400 |    20 |    24 | 0.67 | 1.00 |        36.0 |    36.0 |    36.0 
   ajbdc-ckbad-jk | 230400 |    24 |    20 | 1.00 | 1.00 |        33.5 |    33.5 |    33.5 
 abcijk-ijma-mkbc |   6912 |  1728 |    24 | 1.00 | 1.00 |       219.3 |   219.3 |   219.3 
 abcijk-ijmb-mkac |   3456 |  3456 |    24 | 1.00 | 1.00 |       276.7 |   276.7 |   276.7 
 abcijk-ijmc-mkab |   3456 |  3456 |    24 | 1.00 | 1.00 |       276.5 |   276.5 |   276.5 
 abcijk-ikma-mjbc |   6912 |  1728 |    24 | 1.00 | 1.00 |       247.6 |   247.6 |   247.6 
 abcijk-ikmb-mjac |   3456 |  3456 |    24 | 1.00 | 1.00 |       273.7 |   273.7 |   273.7 
 abcijk-ikmc-mjab |   3456 |  3456 |    24 | 1.00 | 1.00 |       275.5 |   275.5 |   275.5 
 abcijk-jkma-mibc |   6912 |  1728 |    24 | 1.00 | 1.00 |       216.3 |   216.3 |   216.3 
 abcijk-jkmb-miac |   3456 |  3456 |    24 | 1.00 | 1.00 |       274.0 |   274.0 |   274.0 
 abcijk-jkmc-miab |   3456 |  3456 |    24 | 1.00 | 1.00 |       252.3 |   252.3 |   252.3 
 abcijk-eiab-jkec |   3456 |  3456 |    24 | 1.00 | 1.00 |       224.7 |   224.7 |   224.7 
 abcijk-eiac-jkeb |   3456 |  3456 |    24 | 1.00 | 1.00 |       229.6 |   229.6 |   229.6 
 abcijk-eibc-jkea |   1728 |  6912 |    24 | 1.00 | 1.00 |       181.4 |   181.4 |   181.4 
 abcijk-ejab-ikec |   3456 |  3456 |    24 | 1.00 | 1.00 |       224.9 |   224.9 |   224.9 
 abcijk-ejac-ikeb |   3456 |  3456 |    24 | 1.00 | 1.00 |       271.1 |   271.1 |   271.1 
 abcijk-ejbc-ikea |   1728 |  6912 |    24 | 1.00 | 1.00 |       252.5 |   252.5 |   252.5 
 abcijk-ekab-ijec |   3456 |  3456 |    24 | 1.00 | 1.00 |       285.5 |   285.5 |   285.5 
 abcijk-ekac-ijeb |   3456 |  3456 |    24 | 1.00 | 1.00 |       261.1 |   261.1 |   261.1 
 abcijk-ekbc-ijea |   1728 |  6912 |    24 | 1.00 | 1.00 |       225.0 |   225.0 |   225.0 
       abc-bk-akc |    144 | 18432 |   128 | 1.00 | 1.00 |       121.5 |   121.5 |   121.5 

=== c32 ===
             case |      m |     n |     k | regA | regB | planar GF/s | 1m GF/s | 3m GF/s 
------------------+--------+-------+-------+------+------+-------------+---------+---------
         ij-ik-kj |   1464 |  1448 |  1464 | 1.00 | 1.00 |       601.3 |   561.7 |   602.9 
       ij-ikl-ljk |    144 |   128 | 18432 | 1.00 | 1.00 |       181.5 |   169.3 |   157.5 
       ij-kil-lkj |    144 |   128 | 20736 | 1.00 | 1.00 |       186.1 |   184.8 |   177.8 
       ijk-ikl-lj |  18432 |   128 |   144 | 1.00 | 1.00 |       268.3 |   377.8 |   257.2 
       ijk-il-jlk |    144 | 18432 |   128 | 1.00 | 0.97 |       345.6 |   525.3 |   524.8 
       ijk-ilk-jl |  18432 |   144 |   128 | 1.00 | 1.00 |       257.2 |   445.5 |   319.4 
       ijk-ilk-lj |  18432 |   128 |   144 | 1.00 | 1.00 |       324.4 |   338.1 |   350.1 
     ijk-ilmk-mjl |   1920 |    40 |  1920 | 1.00 | 1.00 |       148.7 |   118.4 |   141.9 
   ijkl-imjn-lnkm |   1920 |  1920 |  1600 | 1.00 | 1.00 |       910.5 |   792.8 |   701.1 
   ijkl-imjn-nlmk |   1920 |  1600 |  1920 | 1.00 | 1.00 |       843.4 |   758.8 |   665.4 
   ijkl-imkn-jnlm |   1920 |  1920 |  1600 | 1.00 | 0.92 |       959.5 |   780.5 |   875.0 
   ijkl-imkn-njml |   1920 |  1600 |  1920 | 1.00 | 1.00 |       748.4 |   953.5 |   657.7 
   ijkl-imln-jnkm |   1920 |  1920 |  1600 | 1.00 | 0.92 |       741.8 |   802.4 |   900.4 
   ijkl-imln-njmk |   1920 |  1600 |  1920 | 1.00 | 1.00 |       890.7 |   750.6 |   804.6 
   ijkl-imnj-nlkm |   1920 |  1600 |  1920 | 1.00 | 1.00 |       741.4 |   734.8 |   685.8 
   ijkl-imnk-njml |   1920 |  1600 |  1920 | 1.00 | 1.00 |       866.0 |   843.5 |   869.8 
   ijkl-minj-nlmk |   1920 |  1600 |  2304 | 1.00 | 1.00 |       780.7 |   835.8 |   869.0 
   ijkl-mink-jnlm |   1920 |  1920 |  1920 | 1.00 | 0.92 |       841.6 |   843.1 |   694.9 
   ijkl-minl-njmk |   1920 |  1600 |  2304 | 1.00 | 1.00 |       913.0 |   932.2 |   774.9 
     aqrs-pa-pqrs |     48 | 64000 |    48 | 1.00 | 1.00 |       226.9 |   247.0 |   237.7 
     abrs-qb-aqrs |     40 | 76800 |    48 | 1.00 | 1.00 |       165.5 |   186.5 |   195.5 
     abcs-rc-abrs |     40 | 76800 |    48 | 1.00 | 1.00 |       152.0 |   176.1 |   196.0 
       abj-bka-kj |  20736 |   128 |   144 | 1.00 | 1.00 |       345.8 |   351.1 |   347.3 
       ajb-kba-jk |  18432 |   144 |   144 | 1.00 | 1.00 |       308.2 |   422.4 |   371.2 
     abjc-cbka-kj |  92160 |    40 |    48 | 1.00 | 1.00 |       149.3 |   138.8 |   130.3 
     ajbc-ckba-jk |  92160 |    48 |    40 | 1.00 | 1.00 |       176.8 |   153.3 |   149.7 
     abjc-kbac-jk |  76800 |    48 |    48 | 1.00 | 1.00 |       223.2 |   201.0 |   208.8 
   abjcd-dkbac-jk | 230400 |    24 |    20 | 1.00 | 1.00 |        84.4 |    84.0 |    80.3 
   adbjc-cbdka-kj | 230400 |    20 |    24 | 1.00 | 1.00 |        65.6 |    54.9 |    68.1 
   ajbdc-ckbad-jk | 230400 |    24 |    20 | 1.00 | 1.00 |        88.3 |    86.5 |    83.4 
 abcijk-ijma-mkbc |   6912 |  1728 |    24 | 1.00 | 0.97 |       346.6 |   303.0 |   257.5 
 abcijk-ijmb-mkac |   3456 |  3456 |    24 | 1.00 | 0.67 |       349.8 |   386.4 |   320.4 
 abcijk-ijmc-mkab |   3456 |  3456 |    24 | 1.00 | 0.67 |       420.5 |   338.8 |   449.9 
 abcijk-ikma-mjbc |   6912 |  1728 |    24 | 1.00 | 0.97 |       325.0 |   327.5 |   270.8 
 abcijk-ikmb-mjac |   3456 |  3456 |    24 | 1.00 | 0.67 |       303.6 |   388.7 |   347.3 
 abcijk-ikmc-mjab |   3456 |  3456 |    24 | 1.00 | 0.67 |       432.5 |   412.3 |   416.5 
 abcijk-jkma-mibc |   6912 |  1728 |    24 | 1.00 | 0.97 |       326.3 |   324.0 |   269.5 
 abcijk-jkmb-miac |   3456 |  3456 |    24 | 1.00 | 0.67 |       317.6 |   372.2 |   333.1 
 abcijk-jkmc-miab |   3456 |  3456 |    24 | 1.00 | 0.67 |       431.7 |   426.6 |   388.6 
 abcijk-eiab-jkec |   3456 |  3456 |    24 | 1.00 | 0.67 |       444.9 |   420.0 |   423.6 
 abcijk-eiac-jkeb |   3456 |  3456 |    24 | 1.00 | 0.67 |       358.3 |   394.4 |   275.8 
 abcijk-eibc-jkea |   1728 |  6912 |    24 | 1.00 | 0.97 |       331.6 |   322.9 |   272.4 
 abcijk-ejab-ikec |   3456 |  3456 |    24 | 1.00 | 0.67 |       445.2 |   406.3 |   425.5 
 abcijk-ejac-ikeb |   3456 |  3456 |    24 | 1.00 | 0.67 |       351.6 |   383.5 |   307.7 
 abcijk-ejbc-ikea |   1728 |  6912 |    24 | 1.00 | 0.97 |       321.4 |   321.9 |   280.9 
 abcijk-ekab-ijec |   3456 |  3456 |    24 | 1.00 | 0.67 |       445.9 |   373.6 |   464.8 
 abcijk-ekac-ijeb |   3456 |  3456 |    24 | 1.00 | 0.67 |       360.8 |   387.9 |   322.2 
 abcijk-ekbc-ijea |   1728 |  6912 |    24 | 1.00 | 0.97 |       326.8 |   312.0 |   270.7 
       abc-bk-akc |    144 | 18432 |   128 | 1.00 | 1.00 |       330.8 |   317.0 |   338.9 

=== complex efficiency ratio (c32 GF/s over f32 GF/s; 1.0 = no penalty) ===
             case | planar c32/f32 | 1m c32/f32 | 3m c32/f32 
------------------+----------------+------------+------------
         ij-ik-kj |          1.890 |      1.765 |      1.895 
       ij-ikl-ljk |          2.008 |      1.874 |      1.744 
       ij-kil-lkj |          2.143 |      2.127 |      2.047 
       ijk-ikl-lj |          2.342 |      3.298 |      2.246 
       ijk-il-jlk |          2.528 |      3.843 |      3.839 
       ijk-ilk-jl |          1.904 |      3.298 |      2.365 
       ijk-ilk-lj |          2.342 |      2.441 |      2.528 
     ijk-ilmk-mjl |          3.010 |      2.397 |      2.873 
   ijkl-imjn-lnkm |          2.340 |      2.038 |      1.802 
   ijkl-imjn-nlmk |          1.908 |      1.717 |      1.505 
   ijkl-imkn-jnlm |          1.809 |      1.471 |      1.649 
   ijkl-imkn-njml |          1.445 |      1.841 |      1.270 
   ijkl-imln-jnkm |          1.373 |      1.485 |      1.666 
   ijkl-imln-njmk |          1.721 |      1.450 |      1.554 
   ijkl-imnj-nlkm |          1.538 |      1.524 |      1.423 
   ijkl-imnk-njml |          1.581 |      1.540 |      1.588 
   ijkl-minj-nlmk |          1.613 |      1.726 |      1.795 
   ijkl-mink-jnlm |          1.417 |      1.420 |      1.170 
   ijkl-minl-njmk |          1.590 |      1.624 |      1.350 
     aqrs-pa-pqrs |          1.679 |      1.828 |      1.759 
     abrs-qb-aqrs |          2.576 |      2.903 |      3.043 
     abcs-rc-abrs |          2.137 |      2.476 |      2.757 
       abj-bka-kj |          2.870 |      2.914 |      2.883 
       ajb-kba-jk |          2.096 |      2.872 |      2.524 
     abjc-cbka-kj |          2.661 |      2.474 |      2.324 
     ajbc-ckba-jk |          2.672 |      2.317 |      2.263 
     abjc-kbac-jk |          2.994 |      2.697 |      2.802 
   abjcd-dkbac-jk |          2.427 |      2.415 |      2.308 
   adbjc-cbdka-kj |          1.822 |      1.524 |      1.890 
   ajbdc-ckbad-jk |          2.632 |      2.580 |      2.487 
 abcijk-ijma-mkbc |          1.580 |      1.381 |      1.174 
 abcijk-ijmb-mkac |          1.264 |      1.396 |      1.158 
 abcijk-ijmc-mkab |          1.520 |      1.225 |      1.627 
 abcijk-ikma-mjbc |          1.313 |      1.323 |      1.094 
 abcijk-ikmb-mjac |          1.109 |      1.420 |      1.269 
 abcijk-ikmc-mjab |          1.570 |      1.496 |      1.512 
 abcijk-jkma-mibc |          1.509 |      1.498 |      1.246 
 abcijk-jkmb-miac |          1.159 |      1.358 |      1.215 
 abcijk-jkmc-miab |          1.711 |      1.691 |      1.540 
 abcijk-eiab-jkec |          1.980 |      1.869 |      1.886 
 abcijk-eiac-jkeb |          1.561 |      1.718 |      1.201 
 abcijk-eibc-jkea |          1.828 |      1.781 |      1.502 
 abcijk-ejab-ikec |          1.979 |      1.806 |      1.892 
 abcijk-ejac-ikeb |          1.297 |      1.415 |      1.135 
 abcijk-ejbc-ikea |          1.273 |      1.275 |      1.113 
 abcijk-ekab-ijec |          1.562 |      1.309 |      1.628 
 abcijk-ekac-ijeb |          1.382 |      1.486 |      1.234 
 abcijk-ekbc-ijea |          1.452 |      1.387 |      1.203 
       abc-bk-akc |          2.722 |      2.608 |      2.789 
             MEAN |          1.895 |      1.945 |      1.852 

wrote bench-results/worker5086-zen2/phase4g/sm-s16-t64-f32c32.csv
