host        : worker5086
target      : x86_64 / linux
cpu features: avx2 fma 
caches      : L1=32KiB/8-way/1sh L2=512KiB/8-way/1sh L3=16384KiB/16-way/4sh (via sysfs), blocking=legacy
l3 domains  : t1=1 t4=1 t8=2 t16=4
baselines   : tblis=false blas=false

sweeping 49 cases at 0.25 MiB nominal tensor size, 96 reps, stress=none


=== f64 ===
             case |     m |    n |    k | regA | regB | planar GF/s | 1m GF/s | 3m GF/s 
------------------+-------+------+------+------+------+-------------+---------+---------
         ij-ik-kj |   192 |  180 |  192 | 1.00 | 1.00 |        50.1 |    50.1 |    50.1 
       ij-ikl-ljk |    48 |   32 | 1536 | 1.00 | 1.00 |        16.5 |    16.5 |    16.5 
       ij-kil-lkj |    48 |   32 | 2304 | 1.00 | 1.00 |        18.6 |    18.6 |    18.6 
       ijk-ikl-lj |  1536 |   32 |   48 | 1.00 | 1.00 |        25.5 |    25.5 |    25.5 
       ijk-il-jlk |    48 | 1536 |   32 | 1.00 | 1.00 |        27.8 |    27.8 |    27.8 
       ijk-ilk-jl |  1536 |   48 |   32 | 1.00 | 1.00 |        25.4 |    25.4 |    25.4 
       ijk-ilk-lj |  1536 |   32 |   48 | 1.00 | 1.00 |        22.2 |    22.2 |    22.2 
     ijk-ilmk-mjl |   288 |   12 |  288 | 1.00 | 1.00 |         9.0 |     9.0 |     9.0 
   ijkl-imjn-lnkm |   288 |  288 |  144 | 1.00 | 1.00 |        72.4 |    72.4 |    72.4 
   ijkl-imjn-nlmk |   288 |  144 |  288 | 1.00 | 1.00 |        67.6 |    67.6 |    67.6 
   ijkl-imkn-jnlm |   288 |  288 |  144 | 1.00 | 1.00 |        79.6 |    79.6 |    79.6 
   ijkl-imkn-njml |   288 |  144 |  288 | 1.00 | 1.00 |        71.9 |    71.9 |    71.9 
   ijkl-imln-jnkm |   288 |  288 |  144 | 1.00 | 1.00 |        81.1 |    81.1 |    81.1 
   ijkl-imln-njmk |   288 |  144 |  288 | 1.00 | 1.00 |        73.1 |    73.1 |    73.1 
   ijkl-imnj-nlkm |   288 |  144 |  288 | 1.00 | 1.00 |        66.9 |    66.9 |    66.9 
   ijkl-imnk-njml |   288 |  144 |  288 | 1.00 | 1.00 |        71.2 |    71.2 |    71.2 
   ijkl-minj-nlmk |   288 |  144 |  576 | 1.00 | 1.00 |        88.0 |    88.0 |    88.0 
   ijkl-mink-jnlm |   288 |  288 |  288 | 1.00 | 1.00 |       109.1 |   109.1 |   109.1 
   ijkl-minl-njmk |   288 |  144 |  576 | 1.00 | 1.00 |        96.7 |    96.7 |    96.7 
     aqrs-pa-pqrs |    24 | 1728 |   24 | 1.00 | 1.00 |        13.8 |    13.8 |    13.8 
     abrs-qb-aqrs |    12 | 3456 |   24 | 1.00 | 1.00 |         9.6 |     9.6 |     9.6 
     abcs-rc-abrs |    12 | 3456 |   24 | 1.00 | 1.00 |        10.3 |    10.3 |    10.3 
       abj-bka-kj |  2304 |   32 |   48 | 1.00 | 1.00 |        29.0 |    29.0 |    29.0 
       ajb-kba-jk |  1536 |   48 |   48 | 1.00 | 1.00 |        30.1 |    30.1 |    30.1 
     abjc-cbka-kj |  6912 |   12 |   24 | 1.00 | 1.00 |        14.7 |    14.7 |    14.7 
     ajbc-ckba-jk |  6912 |   24 |   12 | 1.00 | 1.00 |        16.8 |    16.8 |    16.8 
     abjc-kbac-jk |  3456 |   24 |   24 | 1.00 | 1.00 |        19.3 |    19.3 |    19.3 
   abjcd-dkbac-jk | 36864 |   24 |    8 | 1.00 | 1.00 |        28.7 |    28.7 |    28.7 
   adbjc-cbdka-kj | 36864 |    8 |   24 | 1.00 | 1.00 |        14.7 |    14.7 |    14.7 
   ajbdc-ckbad-jk | 36864 |   24 |    8 | 1.00 | 1.00 |        26.6 |    26.6 |    26.6 
 abcijk-ijma-mkbc |  2304 |   64 |   24 | 1.00 | 0.82 |        24.9 |    24.9 |    24.9 
 abcijk-ijmb-mkac |   384 |  384 |   24 | 1.00 | 0.00 |        40.2 |    40.2 |    40.2 
 abcijk-ijmc-mkab |   384 |  384 |   24 | 1.00 | 0.00 |        41.3 |    41.3 |    41.3 
 abcijk-ikma-mjbc |  2304 |   64 |   24 | 1.00 | 0.82 |        25.1 |    25.1 |    25.1 
 abcijk-ikmb-mjac |   384 |  384 |   24 | 1.00 | 0.00 |        42.3 |    42.3 |    42.3 
 abcijk-ikmc-mjab |   384 |  384 |   24 | 1.00 | 0.00 |        41.0 |    41.0 |    41.0 
 abcijk-jkma-mibc |  2304 |   64 |   24 | 1.00 | 0.82 |        24.9 |    24.9 |    24.9 
 abcijk-jkmb-miac |   384 |  384 |   24 | 1.00 | 0.00 |        40.5 |    40.5 |    40.5 
 abcijk-jkmc-miab |   384 |  384 |   24 | 1.00 | 0.00 |        42.1 |    42.1 |    42.1 
 abcijk-eiab-jkec |   384 |  384 |   24 | 1.00 | 0.00 |        39.8 |    39.8 |    39.8 
 abcijk-eiac-jkeb |   384 |  384 |   24 | 1.00 | 0.00 |        40.2 |    40.2 |    40.2 
 abcijk-eibc-jkea |    64 | 2304 |   24 | 1.00 | 0.82 |        25.4 |    25.4 |    25.4 
 abcijk-ejab-ikec |   384 |  384 |   24 | 1.00 | 0.00 |        39.0 |    39.0 |    39.0 
 abcijk-ejac-ikeb |   384 |  384 |   24 | 1.00 | 0.00 |        40.4 |    40.4 |    40.4 
 abcijk-ejbc-ikea |    64 | 2304 |   24 | 1.00 | 0.82 |        24.2 |    24.2 |    24.2 
 abcijk-ekab-ijec |   384 |  384 |   24 | 1.00 | 0.00 |        41.2 |    41.2 |    41.2 
 abcijk-ekac-ijeb |   384 |  384 |   24 | 1.00 | 0.00 |        39.5 |    39.5 |    39.5 
 abcijk-ekbc-ijea |    64 | 2304 |   24 | 1.00 | 0.82 |        26.1 |    26.1 |    26.1 
       abc-bk-akc |    48 | 1536 |   32 | 1.00 | 1.00 |        24.1 |    24.1 |    24.1 

=== c64 ===
             case |     m |    n |    k | regA | regB | planar GF/s | 1m GF/s | 3m GF/s 
------------------+-------+------+------+------+------+-------------+---------+---------
         ij-ik-kj |   192 |  180 |  192 | 1.00 | 1.00 |       129.1 |   121.6 |   114.9 
       ij-ikl-ljk |    48 |   32 | 1536 | 1.00 | 1.00 |        42.6 |    40.5 |    37.3 
       ij-kil-lkj |    48 |   32 | 2304 | 1.00 | 1.00 |        49.4 |    43.4 |    50.9 
       ijk-ikl-lj |  1536 |   32 |   48 | 1.00 | 1.00 |        75.3 |    66.0 |    56.8 
       ijk-il-jlk |    48 | 1536 |   32 | 1.00 | 0.92 |        88.5 |    90.7 |    83.5 
       ijk-ilk-jl |  1536 |   48 |   32 | 1.00 | 1.00 |        58.6 |    61.7 |    56.2 
       ijk-ilk-lj |  1536 |   32 |   48 | 1.00 | 1.00 |        69.8 |    70.0 |    57.3 
     ijk-ilmk-mjl |   288 |   12 |  288 | 1.00 | 1.00 |        30.4 |    27.4 |    26.2 
   ijkl-imjn-lnkm |   288 |  288 |  144 | 1.00 | 0.67 |       168.9 |   160.6 |   143.2 
   ijkl-imjn-nlmk |   288 |  144 |  288 | 1.00 | 0.69 |       151.7 |   132.1 |   130.5 
   ijkl-imkn-jnlm |   288 |  288 |  144 | 1.00 | 0.84 |       177.0 |   169.8 |   151.9 
   ijkl-imkn-njml |   288 |  144 |  288 | 1.00 | 0.69 |       157.5 |   139.5 |   144.1 
   ijkl-imln-jnkm |   288 |  288 |  144 | 1.00 | 0.84 |       184.0 |   162.8 |   156.7 
   ijkl-imln-njmk |   288 |  144 |  288 | 1.00 | 0.69 |       160.1 |   150.7 |   138.1 
   ijkl-imnj-nlkm |   288 |  144 |  288 | 1.00 | 0.69 |       150.4 |   139.7 |   131.4 
   ijkl-imnk-njml |   288 |  144 |  288 | 1.00 | 0.69 |       152.9 |   145.5 |   134.4 
   ijkl-minj-nlmk |   288 |  144 |  576 | 1.00 | 0.69 |       172.0 |   159.0 |   164.2 
   ijkl-mink-jnlm |   288 |  288 |  288 | 1.00 | 0.84 |       200.6 |   178.3 |   169.9 
   ijkl-minl-njmk |   288 |  144 |  576 | 1.00 | 0.69 |       186.9 |   181.5 |   170.7 
     aqrs-pa-pqrs |    24 | 1728 |   24 | 1.00 | 1.00 |        40.8 |    40.1 |    36.1 
     abrs-qb-aqrs |    12 | 3456 |   24 | 1.00 | 1.00 |        31.7 |    32.0 |    32.9 
     abcs-rc-abrs |    12 | 3456 |   24 | 1.00 | 1.00 |        32.7 |    32.0 |    31.0 
       abj-bka-kj |  2304 |   32 |   48 | 1.00 | 1.00 |        84.5 |    79.6 |    61.2 
       ajb-kba-jk |  1536 |   48 |   48 | 1.00 | 1.00 |        72.8 |    77.9 |    72.3 
     abjc-cbka-kj |  6912 |   12 |   24 | 1.00 | 1.00 |        46.2 |    48.5 |    46.6 
     ajbc-ckba-jk |  6912 |   24 |   12 | 1.00 | 1.00 |        46.0 |    48.1 |    43.1 
     abjc-kbac-jk |  3456 |   24 |   24 | 1.00 | 1.00 |        58.3 |    60.6 |    55.0 
   abjcd-dkbac-jk | 36864 |   24 |    8 | 1.00 | 1.00 |        61.1 |    59.1 |    51.2 
   adbjc-cbdka-kj | 36864 |    8 |   24 | 1.00 | 1.00 |        33.7 |    32.4 |    36.3 
   ajbdc-ckbad-jk | 36864 |   24 |    8 | 1.00 | 1.00 |        54.1 |    57.3 |    49.0 
 abcijk-ijma-mkbc |  2304 |   64 |   24 | 1.00 | 0.77 |        67.2 |    63.7 |    62.6 
 abcijk-ijmb-mkac |   384 |  384 |   24 | 1.00 | 0.01 |       103.7 |   112.6 |   100.1 
 abcijk-ijmc-mkab |   384 |  384 |   24 | 1.00 | 0.01 |       107.2 |   112.7 |   101.9 
 abcijk-ikma-mjbc |  2304 |   64 |   24 | 1.00 | 0.77 |        67.2 |    61.6 |    65.0 
 abcijk-ikmb-mjac |   384 |  384 |   24 | 1.00 | 0.01 |       108.0 |   116.8 |    99.5 
 abcijk-ikmc-mjab |   384 |  384 |   24 | 1.00 | 0.01 |       106.2 |   112.2 |    98.4 
 abcijk-jkma-mibc |  2304 |   64 |   24 | 1.00 | 0.77 |        68.1 |    61.2 |    63.2 
 abcijk-jkmb-miac |   384 |  384 |   24 | 1.00 | 0.01 |       105.9 |   114.4 |    99.4 
 abcijk-jkmc-miab |   384 |  384 |   24 | 1.00 | 0.01 |       104.5 |   112.6 |   100.6 
 abcijk-eiab-jkec |   384 |  384 |   24 | 1.00 | 0.01 |       105.2 |   113.8 |   100.1 
 abcijk-eiac-jkeb |   384 |  384 |   24 | 1.00 | 0.01 |       104.6 |   113.9 |   100.6 
 abcijk-eibc-jkea |    64 | 2304 |   24 | 1.00 | 0.77 |        67.7 |    60.8 |    62.2 
 abcijk-ejab-ikec |   384 |  384 |   24 | 1.00 | 0.01 |       106.4 |   111.2 |    98.0 
 abcijk-ejac-ikeb |   384 |  384 |   24 | 1.00 | 0.01 |       104.6 |   112.1 |   100.0 
 abcijk-ejbc-ikea |    64 | 2304 |   24 | 1.00 | 0.77 |        66.4 |    63.0 |    62.6 
 abcijk-ekab-ijec |   384 |  384 |   24 | 1.00 | 0.01 |       103.4 |   111.3 |   100.6 
 abcijk-ekac-ijeb |   384 |  384 |   24 | 1.00 | 0.01 |       104.0 |   112.7 |    98.1 
 abcijk-ekbc-ijea |    64 | 2304 |   24 | 1.00 | 0.77 |        67.4 |    62.7 |    64.5 
       abc-bk-akc |    48 | 1536 |   32 | 1.00 | 1.00 |        61.8 |    63.0 |    57.9 

=== complex efficiency ratio (c64 GF/s over f64 GF/s; 1.0 = no penalty) ===
             case | planar c64/f64 | 1m c64/f64 | 3m c64/f64 
------------------+----------------+------------+------------
         ij-ik-kj |          2.578 |      2.426 |      2.294 
       ij-ikl-ljk |          2.586 |      2.461 |      2.261 
       ij-kil-lkj |          2.656 |      2.338 |      2.741 
       ijk-ikl-lj |          2.956 |      2.589 |      2.228 
       ijk-il-jlk |          3.177 |      3.257 |      2.998 
       ijk-ilk-jl |          2.305 |      2.428 |      2.211 
       ijk-ilk-lj |          3.146 |      3.153 |      2.583 
     ijk-ilmk-mjl |          3.378 |      3.046 |      2.910 
   ijkl-imjn-lnkm |          2.333 |      2.218 |      1.978 
   ijkl-imjn-nlmk |          2.243 |      1.953 |      1.930 
   ijkl-imkn-jnlm |          2.225 |      2.134 |      1.908 
   ijkl-imkn-njml |          2.191 |      1.940 |      2.005 
   ijkl-imln-jnkm |          2.267 |      2.006 |      1.931 
   ijkl-imln-njmk |          2.188 |      2.060 |      1.889 
   ijkl-imnj-nlkm |          2.248 |      2.089 |      1.964 
   ijkl-imnk-njml |          2.147 |      2.044 |      1.888 
   ijkl-minj-nlmk |          1.954 |      1.806 |      1.866 
   ijkl-mink-jnlm |          1.838 |      1.633 |      1.557 
   ijkl-minl-njmk |          1.934 |      1.878 |      1.766 
     aqrs-pa-pqrs |          2.957 |      2.908 |      2.620 
     abrs-qb-aqrs |          3.315 |      3.350 |      3.445 
     abcs-rc-abrs |          3.183 |      3.112 |      3.016 
       abj-bka-kj |          2.917 |      2.751 |      2.112 
       ajb-kba-jk |          2.418 |      2.589 |      2.403 
     abjc-cbka-kj |          3.143 |      3.300 |      3.165 
     ajbc-ckba-jk |          2.741 |      2.863 |      2.571 
     abjc-kbac-jk |          3.029 |      3.146 |      2.855 
   abjcd-dkbac-jk |          2.131 |      2.063 |      1.787 
   adbjc-cbdka-kj |          2.285 |      2.199 |      2.466 
   ajbdc-ckbad-jk |          2.034 |      2.154 |      1.843 
 abcijk-ijma-mkbc |          2.702 |      2.561 |      2.516 
 abcijk-ijmb-mkac |          2.581 |      2.802 |      2.493 
 abcijk-ijmc-mkab |          2.597 |      2.732 |      2.470 
 abcijk-ikma-mjbc |          2.680 |      2.455 |      2.590 
 abcijk-ikmb-mjac |          2.552 |      2.762 |      2.351 
 abcijk-ikmc-mjab |          2.590 |      2.735 |      2.398 
 abcijk-jkma-mibc |          2.732 |      2.455 |      2.535 
 abcijk-jkmb-miac |          2.617 |      2.826 |      2.456 
 abcijk-jkmc-miab |          2.483 |      2.675 |      2.390 
 abcijk-eiab-jkec |          2.644 |      2.859 |      2.516 
 abcijk-eiac-jkeb |          2.603 |      2.834 |      2.504 
 abcijk-eibc-jkea |          2.660 |      2.391 |      2.445 
 abcijk-ejab-ikec |          2.730 |      2.854 |      2.513 
 abcijk-ejac-ikeb |          2.589 |      2.773 |      2.474 
 abcijk-ejbc-ikea |          2.746 |      2.605 |      2.589 
 abcijk-ekab-ijec |          2.510 |      2.701 |      2.443 
 abcijk-ekac-ijeb |          2.634 |      2.855 |      2.484 
 abcijk-ekbc-ijea |          2.586 |      2.404 |      2.472 
       abc-bk-akc |          2.564 |      2.612 |      2.402 
             MEAN |          2.578 |      2.547 |      2.372 

wrote bench-results/worker5086-zen2/phase4g/sm-s0.25-t8-f64c64.csv
