host        : worker5086
target      : x86_64 / linux
cpu features: avx2 fma 
caches      : L1=32KiB/8-way/1sh L2=512KiB/8-way/1sh L3=16384KiB/16-way/4sh (via sysfs), blocking=legacy
l3 domains  : t1=1 t4=1 t8=2 t16=4 t32=8 t64=16
baselines   : tblis=false blas=false

sweeping 49 cases at 1 MiB nominal tensor size, 24 reps, stress=none


=== f32 ===
             case |     m |    n |    k | regA | regB | planar GF/s | 1m GF/s | 3m GF/s 
------------------+-------+------+------+------+------+-------------+---------+---------
         ij-ik-kj |   384 |  364 |  384 | 1.00 | 1.00 |        95.5 |    95.5 |    95.5 
       ij-ikl-ljk |    72 |   52 | 3744 | 1.00 | 1.00 |        24.1 |    24.1 |    24.1 
       ij-kil-lkj |    72 |   52 | 5184 | 1.00 | 1.00 |        31.1 |    31.1 |    31.1 
       ijk-ikl-lj |  3744 |   52 |   72 | 1.00 | 1.00 |        24.9 |    24.9 |    24.9 
       ijk-il-jlk |    72 | 3744 |   52 | 1.00 | 1.00 |        28.5 |    28.5 |    28.5 
       ijk-ilk-jl |  3744 |   72 |   52 | 0.89 | 1.00 |        25.1 |    25.1 |    25.1 
       ijk-ilk-lj |  3744 |   52 |   72 | 0.89 | 1.00 |        27.4 |    27.4 |    27.4 
     ijk-ilmk-mjl |   480 |   20 |  480 | 0.67 | 1.00 |         9.2 |     9.2 |     9.2 
   ijkl-imjn-lnkm |   480 |  480 |  400 | 0.67 | 0.80 |       133.3 |   133.3 |   133.3 
   ijkl-imjn-nlmk |   480 |  400 |  480 | 0.67 | 0.81 |       134.6 |   134.6 |   134.6 
   ijkl-imkn-jnlm |   480 |  480 |  400 | 0.67 | 1.00 |       113.7 |   113.7 |   113.7 
   ijkl-imkn-njml |   480 |  400 |  480 | 0.67 | 0.81 |       141.1 |   141.1 |   141.1 
   ijkl-imln-jnkm |   480 |  480 |  400 | 0.67 | 1.00 |       140.4 |   140.4 |   140.4 
   ijkl-imln-njmk |   480 |  400 |  480 | 0.67 | 0.81 |       131.5 |   131.5 |   131.5 
   ijkl-imnj-nlkm |   480 |  400 |  480 | 0.67 | 0.81 |       121.2 |   121.2 |   121.2 
   ijkl-imnk-njml |   480 |  400 |  480 | 0.67 | 0.81 |       119.4 |   119.4 |   119.4 
   ijkl-minj-nlmk |   480 |  400 |  576 | 0.67 | 0.81 |       148.0 |   148.0 |   148.0 
   ijkl-mink-jnlm |   480 |  480 |  480 | 0.67 | 1.00 |       141.9 |   141.9 |   141.9 
   ijkl-minl-njmk |   480 |  400 |  576 | 0.67 | 0.81 |       145.9 |   145.9 |   145.9 
     aqrs-pa-pqrs |    24 | 8000 |   24 | 1.00 | 1.00 |        10.5 |    10.5 |    10.5 
     abrs-qb-aqrs |    20 | 9600 |   24 | 1.00 | 1.00 |         9.3 |     9.3 |     9.3 
     abcs-rc-abrs |    20 | 9600 |   24 | 1.00 | 1.00 |         8.7 |     8.7 |     8.7 
       abj-bka-kj |  5184 |   52 |   72 | 0.89 | 1.00 |        28.5 |    28.5 |    28.5 
       ajb-kba-jk |  3744 |   72 |   72 | 0.89 | 1.00 |        34.1 |    34.1 |    34.1 
     abjc-cbka-kj | 11520 |   20 |   24 | 0.67 | 1.00 |         9.8 |     9.8 |     9.8 
     ajbc-ckba-jk | 11520 |   24 |   20 | 1.00 | 1.00 |         8.4 |     8.4 |     8.4 
     abjc-kbac-jk |  9600 |   24 |   24 | 0.67 | 1.00 |        11.0 |    11.0 |    11.0 
   abjcd-dkbac-jk | 82944 |   24 |   12 | 0.67 | 1.00 |        25.8 |    25.8 |    25.8 
   adbjc-cbdka-kj | 82944 |   12 |   24 | 0.67 | 1.00 |        27.3 |    27.3 |    27.3 
   ajbdc-ckbad-jk | 82944 |   24 |   12 | 1.00 | 1.00 |        25.6 |    25.6 |    25.6 
 abcijk-ijma-mkbc |  4608 |  512 |   24 | 1.00 | 1.00 |       114.6 |   114.6 |   114.6 
 abcijk-ijmb-mkac |  1536 | 1536 |   24 | 1.00 | 1.00 |       139.0 |   139.0 |   139.0 
 abcijk-ijmc-mkab |  1536 | 1536 |   24 | 1.00 | 0.50 |       155.3 |   155.3 |   155.3 
 abcijk-ikma-mjbc |  4608 |  512 |   24 | 1.00 | 1.00 |       117.3 |   117.3 |   117.3 
 abcijk-ikmb-mjac |  1536 | 1536 |   24 | 1.00 | 1.00 |       137.6 |   137.6 |   137.6 
 abcijk-ikmc-mjab |  1536 | 1536 |   24 | 1.00 | 0.50 |       152.6 |   152.6 |   152.6 
 abcijk-jkma-mibc |  4608 |  512 |   24 | 1.00 | 1.00 |       114.5 |   114.5 |   114.5 
 abcijk-jkmb-miac |  1536 | 1536 |   24 | 1.00 | 1.00 |       139.3 |   139.3 |   139.3 
 abcijk-jkmc-miab |  1536 | 1536 |   24 | 1.00 | 0.50 |       149.5 |   149.5 |   149.5 
 abcijk-eiab-jkec |  1536 | 1536 |   24 | 1.00 | 0.50 |       153.2 |   153.2 |   153.2 
 abcijk-eiac-jkeb |  1536 | 1536 |   24 | 1.00 | 1.00 |       146.5 |   146.5 |   146.5 
 abcijk-eibc-jkea |   512 | 4608 |   24 | 1.00 | 1.00 |       115.8 |   115.8 |   115.8 
 abcijk-ejab-ikec |  1536 | 1536 |   24 | 1.00 | 0.50 |       151.6 |   151.6 |   151.6 
 abcijk-ejac-ikeb |  1536 | 1536 |   24 | 1.00 | 1.00 |       140.1 |   140.1 |   140.1 
 abcijk-ejbc-ikea |   512 | 4608 |   24 | 1.00 | 1.00 |       120.0 |   120.0 |   120.0 
 abcijk-ekab-ijec |  1536 | 1536 |   24 | 1.00 | 0.50 |       141.5 |   141.5 |   141.5 
 abcijk-ekac-ijeb |  1536 | 1536 |   24 | 1.00 | 1.00 |       144.0 |   144.0 |   144.0 
 abcijk-ekbc-ijea |   512 | 4608 |   24 | 1.00 | 1.00 |       122.0 |   122.0 |   122.0 
       abc-bk-akc |    72 | 3744 |   52 | 0.89 | 1.00 |        28.5 |    28.5 |    28.5 

=== c32 ===
             case |     m |    n |    k | regA | regB | planar GF/s | 1m GF/s | 3m GF/s 
------------------+-------+------+------+------+------+-------------+---------+---------
         ij-ik-kj |   384 |  364 |  384 | 1.00 | 1.00 |       255.7 |   210.3 |   221.4 
       ij-ikl-ljk |    72 |   52 | 3744 | 1.00 | 1.00 |        80.2 |    82.6 |    68.7 
       ij-kil-lkj |    72 |   52 | 5184 | 1.00 | 1.00 |        87.8 |    87.6 |    82.5 
       ijk-ikl-lj |  3744 |   52 |   72 | 1.00 | 1.00 |        75.9 |    90.0 |    70.6 
       ijk-il-jlk |    72 | 3744 |   52 | 1.00 | 0.95 |       103.5 |   152.6 |    99.5 
       ijk-ilk-jl |  3744 |   72 |   52 | 1.00 | 1.00 |        99.3 |    94.5 |    91.1 
       ijk-ilk-lj |  3744 |   52 |   72 | 1.00 | 1.00 |        89.0 |    80.9 |    81.3 
     ijk-ilmk-mjl |   480 |   20 |  480 | 1.00 | 1.00 |        31.4 |    30.1 |    32.2 
   ijkl-imjn-lnkm |   480 |  480 |  400 | 1.00 | 1.00 |       291.3 |   308.4 |   246.5 
   ijkl-imjn-nlmk |   480 |  400 |  480 | 1.00 | 1.00 |       284.0 |   305.7 |   276.8 
   ijkl-imkn-jnlm |   480 |  480 |  400 | 1.00 | 0.83 |       325.6 |   321.6 |   283.3 
   ijkl-imkn-njml |   480 |  400 |  480 | 1.00 | 1.00 |       298.8 |   323.7 |   284.7 
   ijkl-imln-jnkm |   480 |  480 |  400 | 1.00 | 0.83 |       351.2 |   300.8 |   255.6 
   ijkl-imln-njmk |   480 |  400 |  480 | 1.00 | 1.00 |       316.0 |   301.5 |   284.0 
   ijkl-imnj-nlkm |   480 |  400 |  480 | 1.00 | 1.00 |       341.7 |   323.4 |   283.3 
   ijkl-imnk-njml |   480 |  400 |  480 | 1.00 | 1.00 |       281.8 |   287.7 |   267.7 
   ijkl-minj-nlmk |   480 |  400 |  576 | 1.00 | 1.00 |       309.1 |   271.3 |   333.7 
   ijkl-mink-jnlm |   480 |  480 |  480 | 1.00 | 0.83 |       324.4 |   302.0 |   315.2 
   ijkl-minl-njmk |   480 |  400 |  576 | 1.00 | 1.00 |       321.0 |   350.6 |   342.4 
     aqrs-pa-pqrs |    24 | 8000 |   24 | 1.00 | 1.00 |        52.1 |    52.4 |    52.5 
     abrs-qb-aqrs |    20 | 9600 |   24 | 1.00 | 1.00 |        31.2 |    34.0 |    33.2 
     abcs-rc-abrs |    20 | 9600 |   24 | 1.00 | 1.00 |        32.9 |    28.4 |    33.6 
       abj-bka-kj |  5184 |   52 |   72 | 1.00 | 1.00 |       122.3 |   110.5 |    98.0 
       ajb-kba-jk |  3744 |   72 |   72 | 1.00 | 1.00 |       112.8 |   134.5 |   116.2 
     abjc-cbka-kj | 11520 |   20 |   24 | 1.00 | 1.00 |        30.0 |    34.7 |    36.3 
     ajbc-ckba-jk | 11520 |   24 |   20 | 1.00 | 1.00 |        34.3 |    36.2 |    37.1 
     abjc-kbac-jk |  9600 |   24 |   24 | 1.00 | 1.00 |        35.2 |    38.1 |    35.1 
   abjcd-dkbac-jk | 82944 |   24 |   12 | 1.00 | 1.00 |        79.4 |    80.4 |    85.8 
   adbjc-cbdka-kj | 82944 |   12 |   24 | 1.00 | 1.00 |        57.6 |    54.2 |    56.7 
   ajbdc-ckbad-jk | 82944 |   24 |   12 | 1.00 | 1.00 |        77.3 |    74.1 |    85.0 
 abcijk-ijma-mkbc |  4608 |  512 |   24 | 1.00 | 0.94 |       292.4 |   292.5 |   297.3 
 abcijk-ijmb-mkac |  1536 | 1536 |   24 | 1.00 | 0.50 |       353.3 |   364.7 |   346.6 
 abcijk-ijmc-mkab |  1536 | 1536 |   24 | 1.00 | 0.50 |       361.7 |   373.6 |   352.3 
 abcijk-ikma-mjbc |  4608 |  512 |   24 | 1.00 | 0.94 |       288.2 |   298.9 |   307.8 
 abcijk-ikmb-mjac |  1536 | 1536 |   24 | 1.00 | 0.50 |       339.6 |   363.9 |   343.8 
 abcijk-ikmc-mjab |  1536 | 1536 |   24 | 1.00 | 0.50 |       364.9 |   364.8 |   368.5 
 abcijk-jkma-mibc |  4608 |  512 |   24 | 1.00 | 0.94 |       306.4 |   293.0 |   305.7 
 abcijk-jkmb-miac |  1536 | 1536 |   24 | 1.00 | 0.50 |       344.3 |   401.0 |   337.9 
 abcijk-jkmc-miab |  1536 | 1536 |   24 | 1.00 | 0.50 |       359.7 |   385.8 |   357.7 
 abcijk-eiab-jkec |  1536 | 1536 |   24 | 1.00 | 0.50 |       349.8 |   381.2 |   367.6 
 abcijk-eiac-jkeb |  1536 | 1536 |   24 | 1.00 | 0.50 |       341.1 |   368.9 |   349.8 
 abcijk-eibc-jkea |   512 | 4608 |   24 | 1.00 | 0.94 |       301.5 |   291.0 |   303.9 
 abcijk-ejab-ikec |  1536 | 1536 |   24 | 1.00 | 0.50 |       391.1 |   361.7 |   331.8 
 abcijk-ejac-ikeb |  1536 | 1536 |   24 | 1.00 | 0.50 |       341.7 |   358.0 |   349.4 
 abcijk-ejbc-ikea |   512 | 4608 |   24 | 1.00 | 0.94 |       287.2 |   293.4 |   300.6 
 abcijk-ekab-ijec |  1536 | 1536 |   24 | 1.00 | 0.50 |       351.8 |   379.1 |   350.9 
 abcijk-ekac-ijeb |  1536 | 1536 |   24 | 1.00 | 0.50 |       332.2 |   362.2 |   338.9 
 abcijk-ekbc-ijea |   512 | 4608 |   24 | 1.00 | 0.94 |       301.3 |   295.0 |   292.2 
       abc-bk-akc |    72 | 3744 |   52 | 1.00 | 1.00 |        98.7 |    96.9 |    86.6 

=== complex efficiency ratio (c32 GF/s over f32 GF/s; 1.0 = no penalty) ===
             case | planar c32/f32 | 1m c32/f32 | 3m c32/f32 
------------------+----------------+------------+------------
         ij-ik-kj |          2.678 |      2.203 |      2.319 
       ij-ikl-ljk |          3.328 |      3.425 |      2.851 
       ij-kil-lkj |          2.827 |      2.820 |      2.657 
       ijk-ikl-lj |          3.049 |      3.614 |      2.837 
       ijk-il-jlk |          3.630 |      5.349 |      3.490 
       ijk-ilk-jl |          3.963 |      3.771 |      3.636 
       ijk-ilk-lj |          3.255 |      2.957 |      2.972 
     ijk-ilmk-mjl |          3.429 |      3.285 |      3.512 
   ijkl-imjn-lnkm |          2.185 |      2.313 |      1.849 
   ijkl-imjn-nlmk |          2.110 |      2.271 |      2.056 
   ijkl-imkn-jnlm |          2.863 |      2.828 |      2.492 
   ijkl-imkn-njml |          2.118 |      2.294 |      2.018 
   ijkl-imln-jnkm |          2.501 |      2.142 |      1.820 
   ijkl-imln-njmk |          2.402 |      2.292 |      2.159 
   ijkl-imnj-nlkm |          2.818 |      2.667 |      2.336 
   ijkl-imnk-njml |          2.361 |      2.410 |      2.242 
   ijkl-minj-nlmk |          2.088 |      1.833 |      2.254 
   ijkl-mink-jnlm |          2.286 |      2.128 |      2.222 
   ijkl-minl-njmk |          2.200 |      2.403 |      2.347 
     aqrs-pa-pqrs |          4.945 |      4.978 |      4.986 
     abrs-qb-aqrs |          3.355 |      3.659 |      3.569 
     abcs-rc-abrs |          3.790 |      3.269 |      3.861 
       abj-bka-kj |          4.287 |      3.871 |      3.434 
       ajb-kba-jk |          3.305 |      3.940 |      3.406 
     abjc-cbka-kj |          3.058 |      3.529 |      3.696 
     ajbc-ckba-jk |          4.108 |      4.332 |      4.437 
     abjc-kbac-jk |          3.212 |      3.475 |      3.204 
   abjcd-dkbac-jk |          3.074 |      3.112 |      3.321 
   adbjc-cbdka-kj |          2.113 |      1.987 |      2.080 
   ajbdc-ckbad-jk |          3.019 |      2.898 |      3.323 
 abcijk-ijma-mkbc |          2.551 |      2.552 |      2.593 
 abcijk-ijmb-mkac |          2.541 |      2.624 |      2.493 
 abcijk-ijmc-mkab |          2.329 |      2.406 |      2.269 
 abcijk-ikma-mjbc |          2.458 |      2.548 |      2.625 
 abcijk-ikmb-mjac |          2.469 |      2.645 |      2.499 
 abcijk-ikmc-mjab |          2.391 |      2.391 |      2.415 
 abcijk-jkma-mibc |          2.677 |      2.560 |      2.671 
 abcijk-jkmb-miac |          2.472 |      2.879 |      2.426 
 abcijk-jkmc-miab |          2.406 |      2.580 |      2.393 
 abcijk-eiab-jkec |          2.284 |      2.489 |      2.400 
 abcijk-eiac-jkeb |          2.328 |      2.518 |      2.388 
 abcijk-eibc-jkea |          2.602 |      2.512 |      2.623 
 abcijk-ejab-ikec |          2.580 |      2.385 |      2.188 
 abcijk-ejac-ikeb |          2.438 |      2.554 |      2.493 
 abcijk-ejbc-ikea |          2.392 |      2.444 |      2.504 
 abcijk-ekab-ijec |          2.486 |      2.679 |      2.480 
 abcijk-ekac-ijeb |          2.308 |      2.516 |      2.354 
 abcijk-ekbc-ijea |          2.470 |      2.418 |      2.396 
       abc-bk-akc |          3.465 |      3.402 |      3.042 
             MEAN |          2.816 |      2.881 |      2.748 

wrote bench-results/worker5086-zen2/phase4g/sm-s1-t32-f32c32.csv
