host        : worker5086
target      : x86_64 / linux
cpu features: avx2 fma 
caches      : L1=32KiB/8-way/1sh L2=512KiB/8-way/1sh L3=16384KiB/16-way/4sh (via sysfs), blocking=legacy
l3 domains  : t1=1 t4=1 t8=2
baselines   : tblis=false blas=false

sweeping 49 cases at 1 MiB nominal tensor size, 24 reps, stress=none


=== f32 ===
             case |     m |    n |    k | regA | regB | planar GF/s | 1m GF/s | 3m GF/s 
------------------+-------+------+------+------+------+-------------+---------+---------
         ij-ik-kj |   384 |  364 |  384 | 1.00 | 1.00 |       255.2 |   255.2 |   255.2 
       ij-ikl-ljk |    72 |   52 | 3744 | 1.00 | 1.00 |        72.2 |    72.2 |    72.2 
       ij-kil-lkj |    72 |   52 | 5184 | 1.00 | 1.00 |        74.4 |    74.4 |    74.4 
       ijk-ikl-lj |  3744 |   52 |   72 | 1.00 | 1.00 |       138.5 |   138.5 |   138.5 
       ijk-il-jlk |    72 | 3744 |   52 | 1.00 | 1.00 |        88.4 |    88.4 |    88.4 
       ijk-ilk-jl |  3744 |   72 |   52 | 0.89 | 1.00 |       142.6 |   142.6 |   142.6 
       ijk-ilk-lj |  3744 |   52 |   72 | 0.89 | 1.00 |       141.6 |   141.6 |   141.6 
     ijk-ilmk-mjl |   480 |   20 |  480 | 0.67 | 1.00 |        66.4 |    66.4 |    66.4 
   ijkl-imjn-lnkm |   480 |  480 |  400 | 0.67 | 0.80 |       240.1 |   240.1 |   240.1 
   ijkl-imjn-nlmk |   480 |  400 |  480 | 0.67 | 0.81 |       248.2 |   248.2 |   248.2 
   ijkl-imkn-jnlm |   480 |  480 |  400 | 0.67 | 1.00 |       248.6 |   248.6 |   248.6 
   ijkl-imkn-njml |   480 |  400 |  480 | 0.67 | 0.81 |       249.0 |   249.0 |   249.0 
   ijkl-imln-jnkm |   480 |  480 |  400 | 0.67 | 1.00 |       251.3 |   251.3 |   251.3 
   ijkl-imln-njmk |   480 |  400 |  480 | 0.67 | 0.81 |       250.9 |   250.9 |   250.9 
   ijkl-imnj-nlkm |   480 |  400 |  480 | 0.67 | 0.81 |       252.9 |   252.9 |   252.9 
   ijkl-imnk-njml |   480 |  400 |  480 | 0.67 | 0.81 |       254.0 |   254.0 |   254.0 
   ijkl-minj-nlmk |   480 |  400 |  576 | 0.67 | 0.81 |       259.9 |   259.9 |   259.9 
   ijkl-mink-jnlm |   480 |  480 |  480 | 0.67 | 1.00 |       263.6 |   263.6 |   263.6 
   ijkl-minl-njmk |   480 |  400 |  576 | 0.67 | 0.81 |       263.4 |   263.4 |   263.4 
     aqrs-pa-pqrs |    24 | 8000 |   24 | 1.00 | 1.00 |        43.7 |    43.7 |    43.7 
     abrs-qb-aqrs |    20 | 9600 |   24 | 1.00 | 1.00 |        52.3 |    52.3 |    52.3 
     abcs-rc-abrs |    20 | 9600 |   24 | 1.00 | 1.00 |        59.4 |    59.4 |    59.4 
       abj-bka-kj |  5184 |   52 |   72 | 0.89 | 1.00 |       133.8 |   133.8 |   133.8 
       ajb-kba-jk |  3744 |   72 |   72 | 0.89 | 1.00 |       159.3 |   159.3 |   159.3 
     abjc-cbka-kj | 11520 |   20 |   24 | 0.67 | 1.00 |        47.2 |    47.2 |    47.2 
     ajbc-ckba-jk | 11520 |   24 |   20 | 1.00 | 1.00 |        43.0 |    43.0 |    43.0 
     abjc-kbac-jk |  9600 |   24 |   24 | 0.67 | 1.00 |        65.1 |    65.1 |    65.1 
   abjcd-dkbac-jk | 82944 |   24 |   12 | 0.67 | 1.00 |        53.2 |    53.2 |    53.2 
   adbjc-cbdka-kj | 82944 |   12 |   24 | 0.67 | 1.00 |        29.4 |    29.4 |    29.4 
   ajbdc-ckbad-jk | 82944 |   24 |   12 | 1.00 | 1.00 |        43.6 |    43.6 |    43.6 
 abcijk-ijma-mkbc |  4608 |  512 |   24 | 1.00 | 1.00 |       112.4 |   112.4 |   112.4 
 abcijk-ijmb-mkac |  1536 | 1536 |   24 | 1.00 | 1.00 |       114.8 |   114.8 |   114.8 
 abcijk-ijmc-mkab |  1536 | 1536 |   24 | 1.00 | 0.50 |       184.3 |   184.3 |   184.3 
 abcijk-ikma-mjbc |  4608 |  512 |   24 | 1.00 | 1.00 |       112.5 |   112.5 |   112.5 
 abcijk-ikmb-mjac |  1536 | 1536 |   24 | 1.00 | 1.00 |       115.2 |   115.2 |   115.2 
 abcijk-ikmc-mjab |  1536 | 1536 |   24 | 1.00 | 0.50 |       183.2 |   183.2 |   183.2 
 abcijk-jkma-mibc |  4608 |  512 |   24 | 1.00 | 1.00 |       112.8 |   112.8 |   112.8 
 abcijk-jkmb-miac |  1536 | 1536 |   24 | 1.00 | 1.00 |       115.1 |   115.1 |   115.1 
 abcijk-jkmc-miab |  1536 | 1536 |   24 | 1.00 | 0.50 |       182.0 |   182.0 |   182.0 
 abcijk-eiab-jkec |  1536 | 1536 |   24 | 1.00 | 0.50 |       182.0 |   182.0 |   182.0 
 abcijk-eiac-jkeb |  1536 | 1536 |   24 | 1.00 | 1.00 |       114.6 |   114.6 |   114.6 
 abcijk-eibc-jkea |   512 | 4608 |   24 | 1.00 | 1.00 |       112.8 |   112.8 |   112.8 
 abcijk-ejab-ikec |  1536 | 1536 |   24 | 1.00 | 0.50 |       183.6 |   183.6 |   183.6 
 abcijk-ejac-ikeb |  1536 | 1536 |   24 | 1.00 | 1.00 |       114.9 |   114.9 |   114.9 
 abcijk-ejbc-ikea |   512 | 4608 |   24 | 1.00 | 1.00 |       112.6 |   112.6 |   112.6 
 abcijk-ekab-ijec |  1536 | 1536 |   24 | 1.00 | 0.50 |       184.5 |   184.5 |   184.5 
 abcijk-ekac-ijeb |  1536 | 1536 |   24 | 1.00 | 1.00 |       115.6 |   115.6 |   115.6 
 abcijk-ekbc-ijea |   512 | 4608 |   24 | 1.00 | 1.00 |       113.1 |   113.1 |   113.1 
       abc-bk-akc |    72 | 3744 |   52 | 0.89 | 1.00 |       141.8 |   141.8 |   141.8 

=== c32 ===
             case |     m |    n |    k | regA | regB | planar GF/s | 1m GF/s | 3m GF/s 
------------------+-------+------+------+------+------+-------------+---------+---------
         ij-ik-kj |   384 |  364 |  384 | 1.00 | 1.00 |       324.5 |   344.3 |   336.7 
       ij-ikl-ljk |    72 |   52 | 3744 | 1.00 | 1.00 |       152.4 |   159.4 |   150.9 
       ij-kil-lkj |    72 |   52 | 5184 | 1.00 | 1.00 |       146.9 |   150.8 |   154.1 
       ijk-ikl-lj |  3744 |   52 |   72 | 1.00 | 1.00 |       222.7 |   230.7 |   223.8 
       ijk-il-jlk |    72 | 3744 |   52 | 1.00 | 0.95 |       162.8 |   177.6 |   153.1 
       ijk-ilk-jl |  3744 |   72 |   52 | 1.00 | 1.00 |       222.0 |   240.2 |   229.2 
       ijk-ilk-lj |  3744 |   52 |   72 | 1.00 | 1.00 |       226.1 |   233.9 |   233.5 
     ijk-ilmk-mjl |   480 |   20 |  480 | 1.00 | 1.00 |       160.9 |   143.2 |   146.4 
   ijkl-imjn-lnkm |   480 |  480 |  400 | 1.00 | 1.00 |       300.4 |   325.0 |   314.0 
   ijkl-imjn-nlmk |   480 |  400 |  480 | 1.00 | 1.00 |       313.2 |   328.2 |   322.8 
   ijkl-imkn-jnlm |   480 |  480 |  400 | 1.00 | 0.83 |       315.5 |   327.5 |   316.4 
   ijkl-imkn-njml |   480 |  400 |  480 | 1.00 | 1.00 |       315.7 |   327.7 |   324.7 
   ijkl-imln-jnkm |   480 |  480 |  400 | 1.00 | 0.83 |       312.4 |   329.5 |   315.9 
   ijkl-imln-njmk |   480 |  400 |  480 | 1.00 | 1.00 |       315.3 |   331.7 |   321.3 
   ijkl-imnj-nlkm |   480 |  400 |  480 | 1.00 | 1.00 |       313.0 |   327.6 |   319.0 
   ijkl-imnk-njml |   480 |  400 |  480 | 1.00 | 1.00 |       316.9 |   327.5 |   323.3 
   ijkl-minj-nlmk |   480 |  400 |  576 | 1.00 | 1.00 |       317.3 |   328.9 |   322.5 
   ijkl-mink-jnlm |   480 |  480 |  480 | 1.00 | 0.83 |       323.8 |   329.1 |   322.1 
   ijkl-minl-njmk |   480 |  400 |  576 | 1.00 | 1.00 |       324.6 |   332.7 |   326.8 
     aqrs-pa-pqrs |    24 | 8000 |   24 | 1.00 | 1.00 |       122.6 |   139.4 |   118.6 
     abrs-qb-aqrs |    20 | 9600 |   24 | 1.00 | 1.00 |       123.1 |   115.7 |   113.8 
     abcs-rc-abrs |    20 | 9600 |   24 | 1.00 | 1.00 |       124.8 |   115.9 |   113.8 
       abj-bka-kj |  5184 |   52 |   72 | 1.00 | 1.00 |       202.6 |   214.1 |   218.3 
       ajb-kba-jk |  3744 |   72 |   72 | 1.00 | 1.00 |       238.9 |   248.9 |   251.2 
     abjc-cbka-kj | 11520 |   20 |   24 | 1.00 | 1.00 |       105.5 |    98.7 |   102.1 
     ajbc-ckba-jk | 11520 |   24 |   20 | 1.00 | 1.00 |       110.9 |   113.9 |   107.2 
     abjc-kbac-jk |  9600 |   24 |   24 | 1.00 | 1.00 |       124.9 |   127.2 |   123.8 
   abjcd-dkbac-jk | 82944 |   24 |   12 | 1.00 | 1.00 |        79.3 |    79.0 |    77.3 
   adbjc-cbdka-kj | 82944 |   12 |   24 | 1.00 | 1.00 |        32.3 |    28.7 |    28.4 
   ajbdc-ckbad-jk | 82944 |   24 |   12 | 1.00 | 1.00 |        81.2 |    85.1 |    79.7 
 abcijk-ijma-mkbc |  4608 |  512 |   24 | 1.00 | 0.94 |       186.7 |   210.3 |   189.7 
 abcijk-ijmb-mkac |  1536 | 1536 |   24 | 1.00 | 0.50 |       166.5 |   187.4 |   168.2 
 abcijk-ijmc-mkab |  1536 | 1536 |   24 | 1.00 | 0.50 |       187.2 |   198.0 |   178.5 
 abcijk-ikma-mjbc |  4608 |  512 |   24 | 1.00 | 0.94 |       186.7 |   209.3 |   189.8 
 abcijk-ikmb-mjac |  1536 | 1536 |   24 | 1.00 | 0.50 |       174.0 |   195.1 |   173.0 
 abcijk-ikmc-mjab |  1536 | 1536 |   24 | 1.00 | 0.50 |       189.3 |   201.5 |   181.0 
 abcijk-jkma-mibc |  4608 |  512 |   24 | 1.00 | 0.94 |       189.9 |   214.0 |   192.9 
 abcijk-jkmb-miac |  1536 | 1536 |   24 | 1.00 | 0.50 |       176.7 |   200.9 |   177.3 
 abcijk-jkmc-miab |  1536 | 1536 |   24 | 1.00 | 0.50 |       184.9 |   197.9 |   179.4 
 abcijk-eiab-jkec |  1536 | 1536 |   24 | 1.00 | 0.50 |       185.2 |   197.2 |   179.6 
 abcijk-eiac-jkeb |  1536 | 1536 |   24 | 1.00 | 0.50 |       175.5 |   196.5 |   174.1 
 abcijk-eibc-jkea |   512 | 4608 |   24 | 1.00 | 0.94 |       189.3 |   213.4 |   192.1 
 abcijk-ejab-ikec |  1536 | 1536 |   24 | 1.00 | 0.50 |       188.7 |   200.8 |   181.7 
 abcijk-ejac-ikeb |  1536 | 1536 |   24 | 1.00 | 0.50 |       172.2 |   192.2 |   169.9 
 abcijk-ejbc-ikea |   512 | 4608 |   24 | 1.00 | 0.94 |       186.8 |   210.8 |   191.0 
 abcijk-ekab-ijec |  1536 | 1536 |   24 | 1.00 | 0.50 |       188.8 |   201.6 |   181.5 
 abcijk-ekac-ijeb |  1536 | 1536 |   24 | 1.00 | 0.50 |       175.3 |   195.3 |   174.4 
 abcijk-ekbc-ijea |   512 | 4608 |   24 | 1.00 | 0.94 |       187.8 |   211.0 |   190.0 
       abc-bk-akc |    72 | 3744 |   52 | 1.00 | 1.00 |       222.4 |   239.7 |   227.5 

=== complex efficiency ratio (c32 GF/s over f32 GF/s; 1.0 = no penalty) ===
             case | planar c32/f32 | 1m c32/f32 | 3m c32/f32 
------------------+----------------+------------+------------
         ij-ik-kj |          1.272 |      1.349 |      1.319 
       ij-ikl-ljk |          2.111 |      2.208 |      2.090 
       ij-kil-lkj |          1.975 |      2.027 |      2.072 
       ijk-ikl-lj |          1.608 |      1.665 |      1.615 
       ijk-il-jlk |          1.841 |      2.009 |      1.732 
       ijk-ilk-jl |          1.557 |      1.685 |      1.608 
       ijk-ilk-lj |          1.597 |      1.652 |      1.649 
     ijk-ilmk-mjl |          2.425 |      2.159 |      2.206 
   ijkl-imjn-lnkm |          1.251 |      1.353 |      1.307 
   ijkl-imjn-nlmk |          1.262 |      1.322 |      1.301 
   ijkl-imkn-jnlm |          1.269 |      1.317 |      1.273 
   ijkl-imkn-njml |          1.268 |      1.316 |      1.304 
   ijkl-imln-jnkm |          1.243 |      1.311 |      1.257 
   ijkl-imln-njmk |          1.257 |      1.322 |      1.281 
   ijkl-imnj-nlkm |          1.238 |      1.295 |      1.261 
   ijkl-imnk-njml |          1.247 |      1.289 |      1.273 
   ijkl-minj-nlmk |          1.221 |      1.266 |      1.241 
   ijkl-mink-jnlm |          1.228 |      1.248 |      1.222 
   ijkl-minl-njmk |          1.232 |      1.263 |      1.240 
     aqrs-pa-pqrs |          2.801 |      3.187 |      2.711 
     abrs-qb-aqrs |          2.357 |      2.215 |      2.178 
     abcs-rc-abrs |          2.101 |      1.952 |      1.915 
       abj-bka-kj |          1.514 |      1.600 |      1.631 
       ajb-kba-jk |          1.500 |      1.563 |      1.577 
     abjc-cbka-kj |          2.236 |      2.091 |      2.164 
     ajbc-ckba-jk |          2.575 |      2.646 |      2.490 
     abjc-kbac-jk |          1.920 |      1.955 |      1.903 
   abjcd-dkbac-jk |          1.493 |      1.486 |      1.454 
   adbjc-cbdka-kj |          1.098 |      0.977 |      0.968 
   ajbdc-ckbad-jk |          1.862 |      1.950 |      1.825 
 abcijk-ijma-mkbc |          1.660 |      1.870 |      1.687 
 abcijk-ijmb-mkac |          1.450 |      1.632 |      1.465 
 abcijk-ijmc-mkab |          1.016 |      1.074 |      0.968 
 abcijk-ikma-mjbc |          1.660 |      1.861 |      1.688 
 abcijk-ikmb-mjac |          1.510 |      1.694 |      1.502 
 abcijk-ikmc-mjab |          1.033 |      1.100 |      0.988 
 abcijk-jkma-mibc |          1.684 |      1.897 |      1.710 
 abcijk-jkmb-miac |          1.535 |      1.745 |      1.540 
 abcijk-jkmc-miab |          1.016 |      1.088 |      0.986 
 abcijk-eiab-jkec |          1.017 |      1.083 |      0.987 
 abcijk-eiac-jkeb |          1.531 |      1.714 |      1.519 
 abcijk-eibc-jkea |          1.678 |      1.891 |      1.703 
 abcijk-ejab-ikec |          1.028 |      1.093 |      0.990 
 abcijk-ejac-ikeb |          1.498 |      1.673 |      1.479 
 abcijk-ejbc-ikea |          1.659 |      1.871 |      1.696 
 abcijk-ekab-ijec |          1.023 |      1.093 |      0.984 
 abcijk-ekac-ijeb |          1.516 |      1.689 |      1.508 
 abcijk-ekbc-ijea |          1.661 |      1.866 |      1.681 
       abc-bk-akc |          1.569 |      1.691 |      1.605 
             MEAN |          1.557 |      1.639 |      1.546 

wrote bench-results/worker5086-zen2/phase4g/sm-s1-t4-f32c32.csv
