host        : ccqlin038.flatironinstitute.org
target      : x86_64 / linux
cpu features: avx2 fma avx512f avx512dq 
caches      : L1=32KiB/8-way/2sh L2=1024KiB/16-way/2sh L3=25344KiB/11-way/16sh (via sysfs), blocking=legacy
baselines   : tblis=false blas=false

sweeping 49 cases at 64 MiB nominal tensor size, 3 reps, stress=none


=== f32 ===
             case |      m |      n |     k | regA | regB | planar GF/s | 1m GF/s | 3m GF/s 
------------------+--------+--------+-------+------+------+-------------+---------+---------
         ij-ik-kj |   2904 |   2896 |  2904 | 1.00 | 1.00 |       144.9 |   144.9 |   144.9 
       ij-ikl-ljk |    216 |    204 | 44064 | 1.00 | 1.00 |        64.9 |    64.9 |    64.9 
       ij-kil-lkj |    216 |    204 | 46656 | 1.00 | 1.00 |        63.7 |    63.7 |    63.7 
       ijk-ikl-lj |  44064 |    204 |   216 | 1.00 | 1.00 |       114.8 |   114.8 |   114.8 
       ijk-il-jlk |    216 |  44064 |   204 | 1.00 | 1.00 |        94.3 |    94.3 |    94.3 
       ijk-ilk-jl |  44064 |    216 |   204 | 0.89 | 1.00 |       122.4 |   122.4 |   122.4 
       ijk-ilk-lj |  44064 |    204 |   216 | 0.89 | 1.00 |       124.8 |   124.8 |   124.8 
     ijk-ilmk-mjl |   3744 |     52 |  3744 | 0.67 | 1.00 |        73.6 |    73.6 |    73.6 
   ijkl-imjn-lnkm |   3744 |   3744 |  2704 | 0.67 | 0.92 |       140.9 |   140.9 |   140.9 
   ijkl-imjn-nlmk |   3744 |   2704 |  3744 | 0.67 | 0.92 |       146.4 |   146.4 |   146.4 
   ijkl-imkn-jnlm |   3744 |   3744 |  2704 | 0.67 | 1.00 |       148.5 |   148.5 |   148.5 
   ijkl-imkn-njml |   3744 |   2704 |  3744 | 0.67 | 0.92 |       144.5 |   144.5 |   144.5 
   ijkl-imln-jnkm |   3744 |   3744 |  2704 | 0.67 | 1.00 |       150.1 |   150.1 |   150.1 
   ijkl-imln-njmk |   3744 |   2704 |  3744 | 0.67 | 0.92 |       148.0 |   148.0 |   148.0 
   ijkl-imnj-nlkm |   3744 |   2704 |  3744 | 0.67 | 0.92 |       153.1 |   153.1 |   153.1 
   ijkl-imnk-njml |   3744 |   2704 |  3744 | 0.67 | 0.92 |       148.3 |   148.3 |   148.3 
   ijkl-minj-nlmk |   3744 |   2704 |  5184 | 0.67 | 0.92 |       144.6 |   144.6 |   144.6 
   ijkl-mink-jnlm |   3744 |   3744 |  3744 | 0.67 | 1.00 |       151.2 |   151.2 |   151.2 
   ijkl-minl-njmk |   3744 |   2704 |  5184 | 0.67 | 0.92 |       143.3 |   143.3 |   143.3 
     aqrs-pa-pqrs |     72 | 140608 |    72 | 1.00 | 1.00 |        52.7 |    52.7 |    52.7 
     abrs-qb-aqrs |     52 | 194688 |    72 | 0.67 | 1.00 |        62.0 |    62.0 |    62.0 
     abcs-rc-abrs |     52 | 194688 |    72 | 1.00 | 1.00 |        56.8 |    56.8 |    56.8 
       abj-bka-kj |  46656 |    204 |   216 | 0.89 | 1.00 |        67.8 |    67.8 |    67.8 
       ajb-kba-jk |  44064 |    216 |   216 | 0.89 | 1.00 |       117.8 |   117.8 |   117.8 
     abjc-cbka-kj | 269568 |     52 |    72 | 0.67 | 1.00 |        17.5 |    17.5 |    17.5 
     ajbc-ckba-jk | 269568 |     72 |    52 | 0.67 | 1.00 |        24.8 |    24.8 |    24.8 
     abjc-kbac-jk | 194688 |     72 |    72 | 0.67 | 1.00 |        59.8 |    59.8 |    59.8 
   abjcd-dkbac-jk | 331776 |     24 |    24 | 0.00 | 1.00 |         5.9 |     5.9 |     5.9 
   adbjc-cbdka-kj | 331776 |     24 |    24 | 0.00 | 1.00 |         4.1 |     4.1 |     4.1 
   ajbdc-ckbad-jk | 331776 |     24 |    24 | 0.00 | 1.00 |         5.5 |     5.5 |     5.5 
 abcijk-ijma-mkbc |   9216 |   4096 |    24 | 0.00 | 1.00 |        50.4 |    50.4 |    50.4 
 abcijk-ijmb-mkac |   6144 |   6144 |    24 | 0.00 | 1.00 |        38.8 |    38.8 |    38.8 
 abcijk-ijmc-mkab |   6144 |   6144 |    24 | 1.00 | 1.00 |        56.4 |    56.4 |    56.4 
 abcijk-ikma-mjbc |   9216 |   4096 |    24 | 0.00 | 1.00 |        49.0 |    49.0 |    49.0 
 abcijk-ikmb-mjac |   6144 |   6144 |    24 | 0.00 | 1.00 |        39.6 |    39.6 |    39.6 
 abcijk-ikmc-mjab |   6144 |   6144 |    24 | 1.00 | 1.00 |        57.2 |    57.2 |    57.2 
 abcijk-jkma-mibc |   9216 |   4096 |    24 | 0.00 | 1.00 |        37.6 |    37.6 |    37.6 
 abcijk-jkmb-miac |   6144 |   6144 |    24 | 0.00 | 1.00 |        25.2 |    25.2 |    25.2 
 abcijk-jkmc-miab |   6144 |   6144 |    24 | 1.00 | 1.00 |        56.0 |    56.0 |    56.0 
 abcijk-eiab-jkec |   6144 |   6144 |    24 | 1.00 | 1.00 |        55.6 |    55.6 |    55.6 
 abcijk-eiac-jkeb |   6144 |   6144 |    24 | 0.00 | 1.00 |        25.1 |    25.1 |    25.1 
 abcijk-eibc-jkea |   4096 |   9216 |    24 | 0.00 | 1.00 |        39.6 |    39.6 |    39.6 
 abcijk-ejab-ikec |   6144 |   6144 |    24 | 1.00 | 1.00 |        55.8 |    55.8 |    55.8 
 abcijk-ejac-ikeb |   6144 |   6144 |    24 | 0.00 | 1.00 |        39.4 |    39.4 |    39.4 
 abcijk-ejbc-ikea |   4096 |   9216 |    24 | 0.00 | 1.00 |        49.3 |    49.3 |    49.3 
 abcijk-ekab-ijec |   6144 |   6144 |    24 | 1.00 | 1.00 |        57.6 |    57.6 |    57.6 
 abcijk-ekac-ijeb |   6144 |   6144 |    24 | 0.00 | 1.00 |        39.8 |    39.8 |    39.8 
 abcijk-ekbc-ijea |   4096 |   9216 |    24 | 0.00 | 1.00 |        50.3 |    50.3 |    50.3 
       abc-bk-akc |    216 |  44064 |   204 | 0.89 | 1.00 |       123.9 |   123.9 |   123.9 

=== c32 ===
             case |      m |      n |     k | regA | regB | planar GF/s | 1m GF/s | 3m GF/s 
------------------+--------+--------+-------+------+------+-------------+---------+---------
         ij-ik-kj |   2904 |   2896 |  2904 | 1.00 | 1.00 |       154.1 |   152.8 |   143.2 
       ij-ikl-ljk |    216 |    204 | 44064 | 1.00 | 1.00 |        97.8 |    92.2 |    92.7 
       ij-kil-lkj |    216 |    204 | 46656 | 1.00 | 1.00 |        99.2 |    92.7 |    91.8 
       ijk-ikl-lj |  44064 |    204 |   216 | 1.00 | 1.00 |       146.9 |   135.5 |   134.2 
       ijk-il-jlk |    216 |  44064 |   204 | 1.00 | 1.00 |       139.4 |   137.2 |   131.5 
       ijk-ilk-jl |  44064 |    216 |   204 | 0.89 | 1.00 |       151.0 |   143.8 |   134.8 
       ijk-ilk-lj |  44064 |    204 |   216 | 0.89 | 1.00 |       150.1 |   145.0 |   131.6 
     ijk-ilmk-mjl |   3744 |     52 |  3744 | 0.67 | 1.00 |        99.3 |    92.7 |    77.2 
   ijkl-imjn-lnkm |   3744 |   3744 |  2704 | 0.67 | 0.92 |       152.0 |   152.9 |   142.2 
   ijkl-imjn-nlmk |   3744 |   2704 |  3744 | 0.67 | 0.92 |       156.3 |   157.7 |   148.0 
   ijkl-imkn-jnlm |   3744 |   3744 |  2704 | 0.67 | 1.00 |       154.1 |   156.6 |   142.4 
   ijkl-imkn-njml |   3744 |   2704 |  3744 | 0.67 | 0.92 |       157.3 |   157.7 |   147.7 
   ijkl-imln-jnkm |   3744 |   3744 |  2704 | 0.67 | 1.00 |       156.2 |   159.1 |   144.9 
   ijkl-imln-njmk |   3744 |   2704 |  3744 | 0.67 | 0.92 |       159.9 |   159.6 |   146.6 
   ijkl-imnj-nlkm |   3744 |   2704 |  3744 | 0.67 | 0.92 |       159.4 |   159.1 |   150.8 
   ijkl-imnk-njml |   3744 |   2704 |  3744 | 0.67 | 0.92 |       158.4 |   162.3 |   146.6 
   ijkl-minj-nlmk |   3744 |   2704 |  5184 | 0.67 | 0.92 |       156.2 |   156.9 |   149.4 
   ijkl-mink-jnlm |   3744 |   3744 |  3744 | 0.67 | 1.00 |       157.1 |   159.8 |   147.2 
   ijkl-minl-njmk |   3744 |   2704 |  5184 | 0.67 | 0.92 |       156.6 |   158.6 |   145.7 
     aqrs-pa-pqrs |     72 | 140608 |    72 | 1.00 | 1.00 |        81.3 |    80.0 |    83.2 
     abrs-qb-aqrs |     52 | 194688 |    72 | 0.67 | 1.00 |        92.4 |    87.1 |    79.2 
     abcs-rc-abrs |     52 | 194688 |    72 | 1.00 | 1.00 |        94.1 |    68.8 |    71.1 
       abj-bka-kj |  46656 |    204 |   216 | 0.89 | 1.00 |       121.2 |   116.2 |   115.1 
       ajb-kba-jk |  44064 |    216 |   216 | 0.89 | 1.00 |       146.0 |   140.6 |   148.5 
     abjc-cbka-kj | 269568 |     52 |    72 | 0.67 | 1.00 |        33.7 |    28.6 |    33.7 
     ajbc-ckba-jk | 269568 |     72 |    52 | 0.67 | 1.00 |        49.9 |    47.5 |    51.0 
     abjc-kbac-jk | 194688 |     72 |    72 | 0.67 | 1.00 |       100.5 |    79.2 |    84.0 
   abjcd-dkbac-jk | 331776 |     24 |    24 | 0.00 | 1.00 |         8.2 |     7.4 |     8.2 
   adbjc-cbdka-kj | 331776 |     24 |    24 | 0.00 | 1.00 |         6.8 |     6.4 |     4.9 
   ajbdc-ckbad-jk | 331776 |     24 |    24 | 0.00 | 1.00 |         8.1 |     7.0 |     7.9 
 abcijk-ijma-mkbc |   9216 |   4096 |    24 | 0.00 | 0.99 |        79.9 |    95.5 |    80.1 
 abcijk-ijmb-mkac |   6144 |   6144 |    24 | 0.00 | 1.00 |        64.2 |    90.5 |    75.5 
 abcijk-ijmc-mkab |   6144 |   6144 |    24 | 1.00 | 0.75 |        91.9 |    84.1 |    83.7 
 abcijk-ikma-mjbc |   9216 |   4096 |    24 | 0.00 | 0.99 |        80.8 |    99.2 |    84.3 
 abcijk-ikmb-mjac |   6144 |   6144 |    24 | 0.00 | 1.00 |        59.7 |    89.8 |    76.8 
 abcijk-ikmc-mjab |   6144 |   6144 |    24 | 1.00 | 0.75 |        89.3 |    76.8 |    80.7 
 abcijk-jkma-mibc |   9216 |   4096 |    24 | 0.00 | 0.99 |        76.9 |    99.1 |    82.5 
 abcijk-jkmb-miac |   6144 |   6144 |    24 | 0.00 | 1.00 |        62.1 |    90.5 |    77.2 
 abcijk-jkmc-miab |   6144 |   6144 |    24 | 1.00 | 0.75 |        92.8 |    79.8 |    82.6 
 abcijk-eiab-jkec |   6144 |   6144 |    24 | 1.00 | 0.75 |        93.0 |    81.3 |    82.6 
 abcijk-eiac-jkeb |   6144 |   6144 |    24 | 0.00 | 1.00 |        62.5 |    91.5 |    77.4 
 abcijk-eibc-jkea |   4096 |   9216 |    24 | 0.00 | 0.99 |        75.9 |    97.5 |    80.8 
 abcijk-ejab-ikec |   6144 |   6144 |    24 | 1.00 | 0.75 |        92.8 |    82.5 |    83.3 
 abcijk-ejac-ikeb |   6144 |   6144 |    24 | 0.00 | 1.00 |        64.1 |    91.2 |    77.5 
 abcijk-ejbc-ikea |   4096 |   9216 |    24 | 0.00 | 0.99 |        80.4 |    96.6 |    82.4 
 abcijk-ekab-ijec |   6144 |   6144 |    24 | 1.00 | 0.75 |        92.1 |    82.8 |    83.0 
 abcijk-ekac-ijeb |   6144 |   6144 |    24 | 0.00 | 1.00 |        64.4 |    90.4 |    78.5 
 abcijk-ekbc-ijea |   4096 |   9216 |    24 | 0.00 | 0.99 |        81.2 |    99.1 |    82.0 
       abc-bk-akc |    216 |  44064 |   204 | 0.89 | 1.00 |       154.9 |   147.4 |   135.6 

=== complex efficiency ratio (c32 GF/s over f32 GF/s; 1.0 = no penalty) ===
             case | planar c32/f32 | 1m c32/f32 | 3m c32/f32 
------------------+----------------+------------+------------
         ij-ik-kj |          1.064 |      1.055 |      0.988 
       ij-ikl-ljk |          1.507 |      1.420 |      1.428 
       ij-kil-lkj |          1.558 |      1.456 |      1.442 
       ijk-ikl-lj |          1.280 |      1.181 |      1.169 
       ijk-il-jlk |          1.478 |      1.455 |      1.394 
       ijk-ilk-jl |          1.234 |      1.175 |      1.102 
       ijk-ilk-lj |          1.202 |      1.162 |      1.054 
     ijk-ilmk-mjl |          1.350 |      1.260 |      1.050 
   ijkl-imjn-lnkm |          1.079 |      1.085 |      1.009 
   ijkl-imjn-nlmk |          1.068 |      1.077 |      1.011 
   ijkl-imkn-jnlm |          1.038 |      1.055 |      0.959 
   ijkl-imkn-njml |          1.088 |      1.092 |      1.022 
   ijkl-imln-jnkm |          1.040 |      1.060 |      0.965 
   ijkl-imln-njmk |          1.080 |      1.078 |      0.991 
   ijkl-imnj-nlkm |          1.042 |      1.039 |      0.985 
   ijkl-imnk-njml |          1.068 |      1.095 |      0.989 
   ijkl-minj-nlmk |          1.081 |      1.085 |      1.034 
   ijkl-mink-jnlm |          1.039 |      1.057 |      0.973 
   ijkl-minl-njmk |          1.093 |      1.107 |      1.017 
     aqrs-pa-pqrs |          1.544 |      1.520 |      1.580 
     abrs-qb-aqrs |          1.489 |      1.403 |      1.276 
     abcs-rc-abrs |          1.655 |      1.211 |      1.251 
       abj-bka-kj |          1.788 |      1.715 |      1.699 
       ajb-kba-jk |          1.240 |      1.194 |      1.261 
     abjc-cbka-kj |          1.929 |      1.641 |      1.930 
     ajbc-ckba-jk |          2.009 |      1.911 |      2.055 
     abjc-kbac-jk |          1.680 |      1.323 |      1.405 
   abjcd-dkbac-jk |          1.394 |      1.264 |      1.405 
   adbjc-cbdka-kj |          1.676 |      1.583 |      1.213 
   ajbdc-ckbad-jk |          1.479 |      1.276 |      1.433 
 abcijk-ijma-mkbc |          1.585 |      1.895 |      1.589 
 abcijk-ijmb-mkac |          1.658 |      2.337 |      1.948 
 abcijk-ijmc-mkab |          1.628 |      1.490 |      1.484 
 abcijk-ikma-mjbc |          1.650 |      2.027 |      1.721 
 abcijk-ikmb-mjac |          1.507 |      2.268 |      1.941 
 abcijk-ikmc-mjab |          1.561 |      1.342 |      1.411 
 abcijk-jkma-mibc |          2.044 |      2.634 |      2.193 
 abcijk-jkmb-miac |          2.467 |      3.595 |      3.064 
 abcijk-jkmc-miab |          1.657 |      1.426 |      1.475 
 abcijk-eiab-jkec |          1.671 |      1.461 |      1.484 
 abcijk-eiac-jkeb |          2.489 |      3.641 |      3.080 
 abcijk-eibc-jkea |          1.918 |      2.463 |      2.041 
 abcijk-ejab-ikec |          1.661 |      1.477 |      1.492 
 abcijk-ejac-ikeb |          1.626 |      2.315 |      1.966 
 abcijk-ejbc-ikea |          1.632 |      1.960 |      1.673 
 abcijk-ekab-ijec |          1.599 |      1.438 |      1.441 
 abcijk-ekac-ijeb |          1.616 |      2.268 |      1.971 
 abcijk-ekbc-ijea |          1.614 |      1.970 |      1.630 
       abc-bk-akc |          1.250 |      1.190 |      1.094 
             MEAN |          1.492 |      1.576 |      1.465 

wrote bench-results/ab-deepen/A-f32c32.csv
