host        : ccqlin038.flatironinstitute.org
target      : x86_64 / linux
cpu features: avx2 fma avx512f avx512dq 
caches      : L1=32KiB/8-way/2sh L2=1024KiB/16-way/2sh L3=25344KiB/11-way/16sh (via sysfs), blocking=legacy
baselines   : tblis=false blas=false

sweeping 49 cases at 64 MiB nominal tensor size, 3 reps, stress=none


=== f32 ===
             case |      m |      n |     k | regA | regB | planar GF/s | 1m GF/s | 3m GF/s 
------------------+--------+--------+-------+------+------+-------------+---------+---------
         ij-ik-kj |   2904 |   2896 |  2904 | 1.00 | 1.00 |       145.8 |   145.8 |   145.8 
       ij-ikl-ljk |    216 |    204 | 44064 | 1.00 | 1.00 |        65.2 |    65.2 |    65.2 
       ij-kil-lkj |    216 |    204 | 46656 | 1.00 | 1.00 |        62.2 |    62.2 |    62.2 
       ijk-ikl-lj |  44064 |    204 |   216 | 1.00 | 1.00 |       112.7 |   112.7 |   112.7 
       ijk-il-jlk |    216 |  44064 |   204 | 1.00 | 1.00 |        92.7 |    92.7 |    92.7 
       ijk-ilk-jl |  44064 |    216 |   204 | 0.89 | 1.00 |       119.7 |   119.7 |   119.7 
       ijk-ilk-lj |  44064 |    204 |   216 | 0.89 | 1.00 |       117.9 |   117.9 |   117.9 
     ijk-ilmk-mjl |   3744 |     52 |  3744 | 0.67 | 1.00 |        73.0 |    73.0 |    73.0 
   ijkl-imjn-lnkm |   3744 |   3744 |  2704 | 0.67 | 0.92 |       135.6 |   135.6 |   135.6 
   ijkl-imjn-nlmk |   3744 |   2704 |  3744 | 0.67 | 0.92 |       141.0 |   141.0 |   141.0 
   ijkl-imkn-jnlm |   3744 |   3744 |  2704 | 0.67 | 1.00 |       142.3 |   142.3 |   142.3 
   ijkl-imkn-njml |   3744 |   2704 |  3744 | 0.67 | 0.92 |       147.6 |   147.6 |   147.6 
   ijkl-imln-jnkm |   3744 |   3744 |  2704 | 0.67 | 1.00 |       147.5 |   147.5 |   147.5 
   ijkl-imln-njmk |   3744 |   2704 |  3744 | 0.67 | 0.92 |       146.9 |   146.9 |   146.9 
   ijkl-imnj-nlkm |   3744 |   2704 |  3744 | 0.67 | 0.92 |       146.2 |   146.2 |   146.2 
   ijkl-imnk-njml |   3744 |   2704 |  3744 | 0.67 | 0.92 |       148.1 |   148.1 |   148.1 
   ijkl-minj-nlmk |   3744 |   2704 |  5184 | 0.67 | 0.92 |       143.0 |   143.0 |   143.0 
   ijkl-mink-jnlm |   3744 |   3744 |  3744 | 0.67 | 1.00 |       152.3 |   152.3 |   152.3 
   ijkl-minl-njmk |   3744 |   2704 |  5184 | 0.67 | 0.92 |       142.7 |   142.7 |   142.7 
     aqrs-pa-pqrs |     72 | 140608 |    72 | 1.00 | 1.00 |        51.0 |    51.0 |    51.0 
     abrs-qb-aqrs |     52 | 194688 |    72 | 0.67 | 1.00 |        63.0 |    63.0 |    63.0 
     abcs-rc-abrs |     52 | 194688 |    72 | 1.00 | 1.00 |        55.9 |    55.9 |    55.9 
       abj-bka-kj |  46656 |    204 |   216 | 0.89 | 1.00 |        66.5 |    66.5 |    66.5 
       ajb-kba-jk |  44064 |    216 |   216 | 0.89 | 1.00 |       113.2 |   113.2 |   113.2 
     abjc-cbka-kj | 269568 |     52 |    72 | 0.67 | 1.00 |        16.5 |    16.5 |    16.5 
     ajbc-ckba-jk | 269568 |     72 |    52 | 0.67 | 1.00 |        24.7 |    24.7 |    24.7 
     abjc-kbac-jk | 194688 |     72 |    72 | 0.67 | 1.00 |        60.0 |    60.0 |    60.0 
   abjcd-dkbac-jk | 331776 |     24 |    24 | 0.00 | 1.00 |         5.2 |     5.2 |     5.2 
   adbjc-cbdka-kj | 331776 |     24 |    24 | 0.00 | 1.00 |         3.9 |     3.9 |     3.9 
   ajbdc-ckbad-jk | 331776 |     24 |    24 | 0.00 | 1.00 |         5.4 |     5.4 |     5.4 
 abcijk-ijma-mkbc |   9216 |   4096 |    24 | 0.00 | 1.00 |        49.6 |    49.6 |    49.6 
 abcijk-ijmb-mkac |   6144 |   6144 |    24 | 0.00 | 1.00 |        39.6 |    39.6 |    39.6 
 abcijk-ijmc-mkab |   6144 |   6144 |    24 | 1.00 | 1.00 |        56.7 |    56.7 |    56.7 
 abcijk-ikma-mjbc |   9216 |   4096 |    24 | 0.00 | 1.00 |        50.0 |    50.0 |    50.0 
 abcijk-ikmb-mjac |   6144 |   6144 |    24 | 0.00 | 1.00 |        39.2 |    39.2 |    39.2 
 abcijk-ikmc-mjab |   6144 |   6144 |    24 | 1.00 | 1.00 |        56.9 |    56.9 |    56.9 
 abcijk-jkma-mibc |   9216 |   4096 |    24 | 0.00 | 1.00 |        40.7 |    40.7 |    40.7 
 abcijk-jkmb-miac |   6144 |   6144 |    24 | 0.00 | 1.00 |        25.3 |    25.3 |    25.3 
 abcijk-jkmc-miab |   6144 |   6144 |    24 | 1.00 | 1.00 |        57.0 |    57.0 |    57.0 
 abcijk-eiab-jkec |   6144 |   6144 |    24 | 1.00 | 1.00 |        55.8 |    55.8 |    55.8 
 abcijk-eiac-jkeb |   6144 |   6144 |    24 | 0.00 | 1.00 |        25.3 |    25.3 |    25.3 
 abcijk-eibc-jkea |   4096 |   9216 |    24 | 0.00 | 1.00 |        40.7 |    40.7 |    40.7 
 abcijk-ejab-ikec |   6144 |   6144 |    24 | 1.00 | 1.00 |        57.7 |    57.7 |    57.7 
 abcijk-ejac-ikeb |   6144 |   6144 |    24 | 0.00 | 1.00 |        39.6 |    39.6 |    39.6 
 abcijk-ejbc-ikea |   4096 |   9216 |    24 | 0.00 | 1.00 |        49.5 |    49.5 |    49.5 
 abcijk-ekab-ijec |   6144 |   6144 |    24 | 1.00 | 1.00 |        58.8 |    58.8 |    58.8 
 abcijk-ekac-ijeb |   6144 |   6144 |    24 | 0.00 | 1.00 |        39.0 |    39.0 |    39.0 
 abcijk-ekbc-ijea |   4096 |   9216 |    24 | 0.00 | 1.00 |        49.5 |    49.5 |    49.5 
       abc-bk-akc |    216 |  44064 |   204 | 0.89 | 1.00 |       121.9 |   121.9 |   121.9 

=== c32 ===
             case |      m |      n |     k | regA | regB | planar GF/s | 1m GF/s | 3m GF/s 
------------------+--------+--------+-------+------+------+-------------+---------+---------
         ij-ik-kj |   2904 |   2896 |  2904 | 1.00 | 1.00 |       154.6 |   151.5 |   143.8 
       ij-ikl-ljk |    216 |    204 | 44064 | 1.00 | 1.00 |        98.8 |    94.9 |    92.5 
       ij-kil-lkj |    216 |    204 | 46656 | 1.00 | 1.00 |        99.5 |    94.7 |    91.1 
       ijk-ikl-lj |  44064 |    204 |   216 | 1.00 | 1.00 |       145.4 |   133.6 |   134.1 
       ijk-il-jlk |    216 |  44064 |   204 | 1.00 | 1.00 |       139.1 |   138.2 |   130.7 
       ijk-ilk-jl |  44064 |    216 |   204 | 0.89 | 1.00 |       149.6 |   142.0 |   134.6 
       ijk-ilk-lj |  44064 |    204 |   216 | 0.89 | 1.00 |       148.8 |   141.5 |   134.0 
     ijk-ilmk-mjl |   3744 |     52 |  3744 | 0.67 | 1.00 |        98.8 |    89.0 |    76.0 
   ijkl-imjn-lnkm |   3744 |   3744 |  2704 | 0.67 | 0.92 |       150.6 |   148.1 |   138.1 
   ijkl-imjn-nlmk |   3744 |   2704 |  3744 | 0.67 | 0.92 |       154.2 |   152.4 |   142.3 
   ijkl-imkn-jnlm |   3744 |   3744 |  2704 | 0.67 | 1.00 |       153.6 |   155.8 |   139.1 
   ijkl-imkn-njml |   3744 |   2704 |  3744 | 0.67 | 0.92 |       155.9 |   157.8 |   142.2 
   ijkl-imln-jnkm |   3744 |   3744 |  2704 | 0.67 | 1.00 |       155.8 |   154.8 |   140.7 
   ijkl-imln-njmk |   3744 |   2704 |  3744 | 0.67 | 0.92 |       156.6 |   156.9 |   143.5 
   ijkl-imnj-nlkm |   3744 |   2704 |  3744 | 0.67 | 0.92 |       158.5 |   157.1 |   146.2 
   ijkl-imnk-njml |   3744 |   2704 |  3744 | 0.67 | 0.92 |       158.2 |   158.3 |   143.8 
   ijkl-minj-nlmk |   3744 |   2704 |  5184 | 0.67 | 0.92 |       155.1 |   151.8 |   144.9 
   ijkl-mink-jnlm |   3744 |   3744 |  3744 | 0.67 | 1.00 |       157.6 |   159.7 |   145.0 
   ijkl-minl-njmk |   3744 |   2704 |  5184 | 0.67 | 0.92 |       156.6 |   156.9 |   142.7 
     aqrs-pa-pqrs |     72 | 140608 |    72 | 1.00 | 1.00 |        81.2 |    79.3 |    83.5 
     abrs-qb-aqrs |     52 | 194688 |    72 | 0.67 | 1.00 |        91.9 |    85.3 |    79.4 
     abcs-rc-abrs |     52 | 194688 |    72 | 1.00 | 1.00 |        92.9 |    68.4 |    72.1 
       abj-bka-kj |  46656 |    204 |   216 | 0.89 | 1.00 |       121.5 |   111.7 |   115.0 
       ajb-kba-jk |  44064 |    216 |   216 | 0.89 | 1.00 |       147.9 |   135.2 |   147.6 
     abjc-cbka-kj | 269568 |     52 |    72 | 0.67 | 1.00 |        31.0 |    27.2 |    32.0 
     ajbc-ckba-jk | 269568 |     72 |    52 | 0.67 | 1.00 |        49.8 |    47.0 |    51.2 
     abjc-kbac-jk | 194688 |     72 |    72 | 0.67 | 1.00 |       101.4 |    80.4 |    83.7 
   abjcd-dkbac-jk | 331776 |     24 |    24 | 0.00 | 1.00 |         8.3 |     7.7 |     8.1 
   adbjc-cbdka-kj | 331776 |     24 |    24 | 0.00 | 1.00 |         7.1 |     6.7 |     5.1 
   ajbdc-ckbad-jk | 331776 |     24 |    24 | 0.00 | 1.00 |         8.3 |     7.1 |     8.2 
 abcijk-ijma-mkbc |   9216 |   4096 |    24 | 0.00 | 0.99 |        81.0 |    97.9 |    82.7 
 abcijk-ijmb-mkac |   6144 |   6144 |    24 | 0.00 | 1.00 |        64.1 |    90.8 |    77.3 
 abcijk-ijmc-mkab |   6144 |   6144 |    24 | 1.00 | 0.75 |        92.0 |    81.9 |    83.7 
 abcijk-ikma-mjbc |   9216 |   4096 |    24 | 0.00 | 0.99 |        83.4 |    97.9 |    83.3 
 abcijk-ikmb-mjac |   6144 |   6144 |    24 | 0.00 | 1.00 |        64.8 |    91.1 |    78.0 
 abcijk-ikmc-mjab |   6144 |   6144 |    24 | 1.00 | 0.75 |        92.5 |    82.1 |    83.3 
 abcijk-jkma-mibc |   9216 |   4096 |    24 | 0.00 | 0.99 |        75.9 |    99.2 |    82.9 
 abcijk-jkmb-miac |   6144 |   6144 |    24 | 0.00 | 1.00 |        63.2 |    90.5 |    77.4 
 abcijk-jkmc-miab |   6144 |   6144 |    24 | 1.00 | 0.75 |        93.9 |    81.0 |    82.6 
 abcijk-eiab-jkec |   6144 |   6144 |    24 | 1.00 | 0.75 |        93.7 |    79.9 |    82.3 
 abcijk-eiac-jkeb |   6144 |   6144 |    24 | 0.00 | 1.00 |        63.0 |    90.6 |    77.8 
 abcijk-eibc-jkea |   4096 |   9216 |    24 | 0.00 | 0.99 |        76.3 |    99.4 |    83.0 
 abcijk-ejab-ikec |   6144 |   6144 |    24 | 1.00 | 0.75 |        92.6 |    83.2 |    83.4 
 abcijk-ejac-ikeb |   6144 |   6144 |    24 | 0.00 | 1.00 |        65.1 |    90.6 |    77.5 
 abcijk-ejbc-ikea |   4096 |   9216 |    24 | 0.00 | 0.99 |        82.4 |    99.9 |    83.9 
 abcijk-ekab-ijec |   6144 |   6144 |    24 | 1.00 | 0.75 |        91.9 |    81.9 |    83.7 
 abcijk-ekac-ijeb |   6144 |   6144 |    24 | 0.00 | 1.00 |        64.3 |    90.4 |    77.7 
 abcijk-ekbc-ijea |   4096 |   9216 |    24 | 0.00 | 0.99 |        81.9 |   100.2 |    83.9 
       abc-bk-akc |    216 |  44064 |   204 | 0.89 | 1.00 |       152.2 |   145.3 |   135.4 

=== complex efficiency ratio (c32 GF/s over f32 GF/s; 1.0 = no penalty) ===
             case | planar c32/f32 | 1m c32/f32 | 3m c32/f32 
------------------+----------------+------------+------------
         ij-ik-kj |          1.060 |      1.039 |      0.986 
       ij-ikl-ljk |          1.515 |      1.456 |      1.419 
       ij-kil-lkj |          1.600 |      1.523 |      1.465 
       ijk-ikl-lj |          1.290 |      1.186 |      1.190 
       ijk-il-jlk |          1.500 |      1.490 |      1.410 
       ijk-ilk-jl |          1.250 |      1.186 |      1.125 
       ijk-ilk-lj |          1.262 |      1.200 |      1.136 
     ijk-ilmk-mjl |          1.353 |      1.219 |      1.041 
   ijkl-imjn-lnkm |          1.111 |      1.093 |      1.019 
   ijkl-imjn-nlmk |          1.093 |      1.081 |      1.009 
   ijkl-imkn-jnlm |          1.080 |      1.095 |      0.978 
   ijkl-imkn-njml |          1.056 |      1.069 |      0.964 
   ijkl-imln-jnkm |          1.056 |      1.050 |      0.954 
   ijkl-imln-njmk |          1.066 |      1.068 |      0.977 
   ijkl-imnj-nlkm |          1.084 |      1.075 |      1.000 
   ijkl-imnk-njml |          1.068 |      1.069 |      0.971 
   ijkl-minj-nlmk |          1.085 |      1.062 |      1.014 
   ijkl-mink-jnlm |          1.035 |      1.049 |      0.952 
   ijkl-minl-njmk |          1.097 |      1.100 |      1.000 
     aqrs-pa-pqrs |          1.592 |      1.555 |      1.637 
     abrs-qb-aqrs |          1.459 |      1.354 |      1.260 
     abcs-rc-abrs |          1.661 |      1.223 |      1.290 
       abj-bka-kj |          1.827 |      1.680 |      1.730 
       ajb-kba-jk |          1.306 |      1.194 |      1.304 
     abjc-cbka-kj |          1.883 |      1.649 |      1.944 
     ajbc-ckba-jk |          2.020 |      1.904 |      2.075 
     abjc-kbac-jk |          1.691 |      1.340 |      1.396 
   abjcd-dkbac-jk |          1.583 |      1.468 |      1.551 
   adbjc-cbdka-kj |          1.809 |      1.711 |      1.305 
   ajbdc-ckbad-jk |          1.531 |      1.312 |      1.516 
 abcijk-ijma-mkbc |          1.634 |      1.975 |      1.668 
 abcijk-ijmb-mkac |          1.620 |      2.296 |      1.954 
 abcijk-ijmc-mkab |          1.624 |      1.446 |      1.477 
 abcijk-ikma-mjbc |          1.669 |      1.958 |      1.667 
 abcijk-ikmb-mjac |          1.655 |      2.326 |      1.993 
 abcijk-ikmc-mjab |          1.623 |      1.442 |      1.463 
 abcijk-jkma-mibc |          1.865 |      2.438 |      2.038 
 abcijk-jkmb-miac |          2.503 |      3.585 |      3.066 
 abcijk-jkmc-miab |          1.649 |      1.422 |      1.451 
 abcijk-eiab-jkec |          1.680 |      1.433 |      1.476 
 abcijk-eiac-jkeb |          2.493 |      3.586 |      3.080 
 abcijk-eibc-jkea |          1.874 |      2.441 |      2.037 
 abcijk-ejab-ikec |          1.605 |      1.442 |      1.446 
 abcijk-ejac-ikeb |          1.645 |      2.291 |      1.958 
 abcijk-ejbc-ikea |          1.665 |      2.020 |      1.697 
 abcijk-ekab-ijec |          1.564 |      1.394 |      1.424 
 abcijk-ekac-ijeb |          1.650 |      2.320 |      1.995 
 abcijk-ekbc-ijea |          1.654 |      2.024 |      1.695 
       abc-bk-akc |          1.249 |      1.192 |      1.111 
             MEAN |          1.509 |      1.582 |      1.476 

wrote bench-results/ab-deepen/A2-f32c32.csv
