host        : ccqlin038.flatironinstitute.org
target      : x86_64 / linux
cpu features: avx2 fma avx512f avx512dq 
caches      : L1=32KiB/8-way/2sh L2=1024KiB/16-way/2sh L3=25344KiB/11-way/16sh (via sysfs), blocking=legacy
baselines   : tblis=false blas=false

sweeping 49 cases at 64 MiB nominal tensor size, 3 reps, stress=none


=== f64 ===
             case |      m |      n |     k | regA | regB | planar GF/s | 1m GF/s | 3m GF/s 
------------------+--------+--------+-------+------+------+-------------+---------+---------
         ij-ik-kj |   2904 |   2896 |  2904 | 1.00 | 1.00 |        69.7 |    69.7 |    69.7 
       ij-ikl-ljk |    216 |    204 | 44064 | 1.00 | 1.00 |        39.1 |    39.1 |    39.1 
       ij-kil-lkj |    216 |    204 | 46656 | 1.00 | 1.00 |        38.9 |    38.9 |    38.9 
       ijk-ikl-lj |  44064 |    204 |   216 | 1.00 | 1.00 |        56.3 |    56.3 |    56.3 
       ijk-il-jlk |    216 |  44064 |   204 | 1.00 | 1.00 |        47.2 |    47.2 |    47.2 
       ijk-ilk-jl |  44064 |    216 |   204 | 1.00 | 1.00 |        58.8 |    58.8 |    58.8 
       ijk-ilk-lj |  44064 |    204 |   216 | 1.00 | 1.00 |        59.5 |    59.5 |    59.5 
     ijk-ilmk-mjl |   3744 |     52 |  3744 | 1.00 | 1.00 |        40.7 |    40.7 |    40.7 
   ijkl-imjn-lnkm |   3744 |   3744 |  2704 | 1.00 | 0.92 |        68.8 |    68.8 |    68.8 
   ijkl-imjn-nlmk |   3744 |   2704 |  3744 | 1.00 | 0.92 |        69.7 |    69.7 |    69.7 
   ijkl-imkn-jnlm |   3744 |   3744 |  2704 | 1.00 | 1.00 |        68.5 |    68.5 |    68.5 
   ijkl-imkn-njml |   3744 |   2704 |  3744 | 1.00 | 0.92 |        68.3 |    68.3 |    68.3 
   ijkl-imln-jnkm |   3744 |   3744 |  2704 | 1.00 | 1.00 |        68.4 |    68.4 |    68.4 
   ijkl-imln-njmk |   3744 |   2704 |  3744 | 1.00 | 0.92 |        70.3 |    70.3 |    70.3 
   ijkl-imnj-nlkm |   3744 |   2704 |  3744 | 1.00 | 0.92 |        70.9 |    70.9 |    70.9 
   ijkl-imnk-njml |   3744 |   2704 |  3744 | 1.00 | 0.92 |        68.0 |    68.0 |    68.0 
   ijkl-minj-nlmk |   3744 |   2704 |  5184 | 1.00 | 0.92 |        70.6 |    70.6 |    70.6 
   ijkl-mink-jnlm |   3744 |   3744 |  3744 | 1.00 | 1.00 |        68.6 |    68.6 |    68.6 
   ijkl-minl-njmk |   3744 |   2704 |  5184 | 1.00 | 0.92 |        68.4 |    68.4 |    68.4 
     aqrs-pa-pqrs |     72 | 140608 |    72 | 1.00 | 1.00 |        32.1 |    32.1 |    32.1 
     abrs-qb-aqrs |     52 | 194688 |    72 | 1.00 | 1.00 |        35.3 |    35.3 |    35.3 
     abcs-rc-abrs |     52 | 194688 |    72 | 1.00 | 1.00 |        29.0 |    29.0 |    29.0 
       abj-bka-kj |  46656 |    204 |   216 | 1.00 | 1.00 |        42.7 |    42.7 |    42.7 
       ajb-kba-jk |  44064 |    216 |   216 | 1.00 | 1.00 |        60.9 |    60.9 |    60.9 
     abjc-cbka-kj | 269568 |     52 |    72 | 1.00 | 1.00 |        11.1 |    11.1 |    11.1 
     ajbc-ckba-jk | 269568 |     72 |    52 | 1.00 | 1.00 |        16.4 |    16.4 |    16.4 
     abjc-kbac-jk | 194688 |     72 |    72 | 1.00 | 1.00 |        34.6 |    34.6 |    34.6 
   abjcd-dkbac-jk | 331776 |     24 |    24 | 1.00 | 1.00 |         2.4 |     2.4 |     2.4 
   adbjc-cbdka-kj | 331776 |     24 |    24 | 1.00 | 1.00 |         1.3 |     1.3 |     1.3 
   ajbdc-ckbad-jk | 331776 |     24 |    24 | 1.00 | 1.00 |         2.3 |     2.3 |     2.3 
 abcijk-ijma-mkbc |   9216 |   4096 |    24 | 1.00 | 1.00 |        34.5 |    34.5 |    34.5 
 abcijk-ijmb-mkac |   6144 |   6144 |    24 | 1.00 | 1.00 |        31.6 |    31.6 |    31.6 
 abcijk-ijmc-mkab |   6144 |   6144 |    24 | 1.00 | 1.00 |        30.6 |    30.6 |    30.6 
 abcijk-ikma-mjbc |   9216 |   4096 |    24 | 1.00 | 1.00 |        34.9 |    34.9 |    34.9 
 abcijk-ikmb-mjac |   6144 |   6144 |    24 | 1.00 | 1.00 |        31.6 |    31.6 |    31.6 
 abcijk-ikmc-mjab |   6144 |   6144 |    24 | 1.00 | 1.00 |        31.0 |    31.0 |    31.0 
 abcijk-jkma-mibc |   9216 |   4096 |    24 | 1.00 | 1.00 |        33.2 |    33.2 |    33.2 
 abcijk-jkmb-miac |   6144 |   6144 |    24 | 1.00 | 1.00 |        31.9 |    31.9 |    31.9 
 abcijk-jkmc-miab |   6144 |   6144 |    24 | 1.00 | 1.00 |        30.1 |    30.1 |    30.1 
 abcijk-eiab-jkec |   6144 |   6144 |    24 | 1.00 | 1.00 |        30.2 |    30.2 |    30.2 
 abcijk-eiac-jkeb |   6144 |   6144 |    24 | 1.00 | 1.00 |        31.9 |    31.9 |    31.9 
 abcijk-eibc-jkea |   4096 |   9216 |    24 | 1.00 | 1.00 |        33.1 |    33.1 |    33.1 
 abcijk-ejab-ikec |   6144 |   6144 |    24 | 1.00 | 1.00 |        30.9 |    30.9 |    30.9 
 abcijk-ejac-ikeb |   6144 |   6144 |    24 | 1.00 | 1.00 |        31.7 |    31.7 |    31.7 
 abcijk-ejbc-ikea |   4096 |   9216 |    24 | 1.00 | 1.00 |        34.8 |    34.8 |    34.8 
 abcijk-ekab-ijec |   6144 |   6144 |    24 | 1.00 | 1.00 |        31.0 |    31.0 |    31.0 
 abcijk-ekac-ijeb |   6144 |   6144 |    24 | 1.00 | 1.00 |        31.6 |    31.6 |    31.6 
 abcijk-ekbc-ijea |   4096 |   9216 |    24 | 1.00 | 1.00 |        34.5 |    34.5 |    34.5 
       abc-bk-akc |    216 |  44064 |   204 | 1.00 | 1.00 |        60.5 |    60.5 |    60.5 

=== c64 ===
             case |      m |      n |     k | regA | regB | planar GF/s | 1m GF/s | 3m GF/s 
------------------+--------+--------+-------+------+------+-------------+---------+---------
         ij-ik-kj |   2904 |   2896 |  2904 | 1.00 | 1.00 |        78.8 |    73.5 |    70.1 
       ij-ikl-ljk |    216 |    204 | 44064 | 1.00 | 1.00 |        56.4 |    52.6 |    48.8 
       ij-kil-lkj |    216 |    204 | 46656 | 1.00 | 1.00 |        58.5 |    54.4 |    52.1 
       ijk-ikl-lj |  44064 |    204 |   216 | 1.00 | 1.00 |        76.5 |    68.4 |    67.1 
       ijk-il-jlk |    216 |  44064 |   204 | 1.00 | 1.00 |        71.8 |    68.0 |    65.7 
       ijk-ilk-jl |  44064 |    216 |   204 | 0.96 | 1.00 |        77.0 |    68.2 |    67.9 
       ijk-ilk-lj |  44064 |    204 |   216 | 0.96 | 1.00 |        77.4 |    69.3 |    66.5 
     ijk-ilmk-mjl |   3744 |     52 |  3744 | 0.89 | 1.00 |        54.3 |    47.4 |    44.5 
   ijkl-imjn-lnkm |   3744 |   3744 |  2704 | 0.89 | 0.92 |        81.1 |    75.3 |    71.2 
   ijkl-imjn-nlmk |   3744 |   2704 |  3744 | 0.89 | 0.92 |        81.2 |    75.6 |    71.9 
   ijkl-imkn-jnlm |   3744 |   3744 |  2704 | 0.89 | 1.00 |        78.0 |    74.8 |    69.7 
   ijkl-imkn-njml |   3744 |   2704 |  3744 | 0.89 | 0.92 |        77.7 |    73.8 |    69.1 
   ijkl-imln-jnkm |   3744 |   3744 |  2704 | 0.89 | 1.00 |        77.2 |    74.1 |    69.5 
   ijkl-imln-njmk |   3744 |   2704 |  3744 | 0.89 | 0.92 |        77.6 |    75.8 |    70.3 
   ijkl-imnj-nlkm |   3744 |   2704 |  3744 | 0.89 | 0.92 |        82.0 |    76.3 |    72.0 
   ijkl-imnk-njml |   3744 |   2704 |  3744 | 0.89 | 0.92 |        76.7 |    75.9 |    69.8 
   ijkl-minj-nlmk |   3744 |   2704 |  5184 | 0.89 | 0.92 |        80.4 |    72.7 |    70.0 
   ijkl-mink-jnlm |   3744 |   3744 |  3744 | 0.89 | 1.00 |        76.7 |    76.7 |    69.3 
   ijkl-minl-njmk |   3744 |   2704 |  5184 | 0.89 | 0.92 |        76.1 |    74.1 |    68.2 
     aqrs-pa-pqrs |     72 | 140608 |    72 | 1.00 | 1.00 |        45.9 |    49.4 |    47.9 
     abrs-qb-aqrs |     52 | 194688 |    72 | 0.89 | 1.00 |        49.5 |    44.3 |    45.8 
     abcs-rc-abrs |     52 | 194688 |    72 | 1.00 | 1.00 |        44.1 |    37.4 |    39.0 
       abj-bka-kj |  46656 |    204 |   216 | 0.96 | 1.00 |        64.5 |    58.8 |    59.1 
       ajb-kba-jk |  44064 |    216 |   216 | 0.96 | 1.00 |        80.0 |    75.5 |    74.8 
     abjc-cbka-kj | 269568 |     52 |    72 | 0.89 | 1.00 |        14.7 |    13.0 |    17.0 
     ajbc-ckba-jk | 269568 |     72 |    52 | 0.89 | 1.00 |        25.0 |    24.1 |    27.7 
     abjc-kbac-jk | 194688 |     72 |    72 | 0.89 | 1.00 |        56.0 |    49.6 |    51.4 
   abjcd-dkbac-jk | 331776 |     24 |    24 | 0.67 | 1.00 |         7.0 |     6.1 |     7.8 
   adbjc-cbdka-kj | 331776 |     24 |    24 | 0.67 | 1.00 |         4.1 |     3.4 |     3.4 
   ajbdc-ckbad-jk | 331776 |     24 |    24 | 1.00 | 1.00 |         6.2 |     6.2 |     7.7 
 abcijk-ijma-mkbc |   9216 |   4096 |    24 | 1.00 | 0.99 |        48.3 |    39.9 |    39.8 
 abcijk-ijmb-mkac |   6144 |   6144 |    24 | 1.00 | 0.88 |        47.2 |    43.0 |    42.9 
 abcijk-ijmc-mkab |   6144 |   6144 |    24 | 1.00 | 0.75 |        48.8 |    44.8 |    44.5 
 abcijk-ikma-mjbc |   9216 |   4096 |    24 | 1.00 | 0.99 |        46.8 |    40.4 |    39.4 
 abcijk-ikmb-mjac |   6144 |   6144 |    24 | 1.00 | 0.88 |        48.4 |    43.3 |    43.5 
 abcijk-ikmc-mjab |   6144 |   6144 |    24 | 1.00 | 0.75 |        48.8 |    44.9 |    44.3 
 abcijk-jkma-mibc |   9216 |   4096 |    24 | 1.00 | 0.99 |        45.8 |    42.2 |    41.8 
 abcijk-jkmb-miac |   6144 |   6144 |    24 | 1.00 | 0.88 |        48.1 |    43.5 |    43.3 
 abcijk-jkmc-miab |   6144 |   6144 |    24 | 1.00 | 0.75 |        48.6 |    44.6 |    44.5 
 abcijk-eiab-jkec |   6144 |   6144 |    24 | 1.00 | 0.75 |        48.3 |    44.6 |    44.8 
 abcijk-eiac-jkeb |   6144 |   6144 |    24 | 1.00 | 0.88 |        47.7 |    43.3 |    43.6 
 abcijk-eibc-jkea |   4096 |   9216 |    24 | 1.00 | 0.99 |        45.3 |    40.9 |    41.2 
 abcijk-ejab-ikec |   6144 |   6144 |    24 | 1.00 | 0.75 |        48.9 |    45.1 |    44.5 
 abcijk-ejac-ikeb |   6144 |   6144 |    24 | 1.00 | 0.88 |        47.6 |    43.2 |    43.7 
 abcijk-ejbc-ikea |   4096 |   9216 |    24 | 1.00 | 0.99 |        48.1 |    41.4 |    40.0 
 abcijk-ekab-ijec |   6144 |   6144 |    24 | 1.00 | 0.75 |        49.0 |    45.0 |    44.5 
 abcijk-ekac-ijeb |   6144 |   6144 |    24 | 1.00 | 0.88 |        47.4 |    42.9 |    43.0 
 abcijk-ekbc-ijea |   4096 |   9216 |    24 | 1.00 | 0.99 |        48.0 |    41.8 |    41.1 
       abc-bk-akc |    216 |  44064 |   204 | 0.96 | 1.00 |        75.4 |    68.1 |    67.4 

=== complex efficiency ratio (c64 GF/s over f64 GF/s; 1.0 = no penalty) ===
             case | planar c64/f64 | 1m c64/f64 | 3m c64/f64 
------------------+----------------+------------+------------
         ij-ik-kj |          1.130 |      1.054 |      1.006 
       ij-ikl-ljk |          1.444 |      1.345 |      1.249 
       ij-kil-lkj |          1.502 |      1.397 |      1.339 
       ijk-ikl-lj |          1.357 |      1.213 |      1.190 
       ijk-il-jlk |          1.521 |      1.441 |      1.393 
       ijk-ilk-jl |          1.311 |      1.160 |      1.156 
       ijk-ilk-lj |          1.302 |      1.164 |      1.117 
     ijk-ilmk-mjl |          1.336 |      1.166 |      1.094 
   ijkl-imjn-lnkm |          1.178 |      1.095 |      1.035 
   ijkl-imjn-nlmk |          1.165 |      1.085 |      1.031 
   ijkl-imkn-jnlm |          1.139 |      1.092 |      1.019 
   ijkl-imkn-njml |          1.138 |      1.081 |      1.012 
   ijkl-imln-jnkm |          1.128 |      1.084 |      1.016 
   ijkl-imln-njmk |          1.103 |      1.078 |      0.999 
   ijkl-imnj-nlkm |          1.157 |      1.077 |      1.016 
   ijkl-imnk-njml |          1.129 |      1.116 |      1.026 
   ijkl-minj-nlmk |          1.139 |      1.029 |      0.992 
   ijkl-mink-jnlm |          1.119 |      1.119 |      1.011 
   ijkl-minl-njmk |          1.113 |      1.083 |      0.998 
     aqrs-pa-pqrs |          1.433 |      1.541 |      1.493 
     abrs-qb-aqrs |          1.402 |      1.255 |      1.298 
     abcs-rc-abrs |          1.520 |      1.287 |      1.344 
       abj-bka-kj |          1.510 |      1.378 |      1.384 
       ajb-kba-jk |          1.314 |      1.241 |      1.228 
     abjc-cbka-kj |          1.324 |      1.168 |      1.523 
     ajbc-ckba-jk |          1.520 |      1.467 |      1.687 
     abjc-kbac-jk |          1.617 |      1.433 |      1.486 
   abjcd-dkbac-jk |          2.880 |      2.538 |      3.202 
   adbjc-cbdka-kj |          3.250 |      2.728 |      2.726 
   ajbdc-ckbad-jk |          2.647 |      2.639 |      3.313 
 abcijk-ijma-mkbc |          1.399 |      1.155 |      1.152 
 abcijk-ijmb-mkac |          1.494 |      1.361 |      1.358 
 abcijk-ijmc-mkab |          1.599 |      1.465 |      1.456 
 abcijk-ikma-mjbc |          1.338 |      1.156 |      1.128 
 abcijk-ikmb-mjac |          1.529 |      1.369 |      1.376 
 abcijk-ikmc-mjab |          1.575 |      1.448 |      1.428 
 abcijk-jkma-mibc |          1.378 |      1.271 |      1.258 
 abcijk-jkmb-miac |          1.507 |      1.365 |      1.357 
 abcijk-jkmc-miab |          1.614 |      1.481 |      1.477 
 abcijk-eiab-jkec |          1.597 |      1.476 |      1.483 
 abcijk-eiac-jkeb |          1.494 |      1.356 |      1.366 
 abcijk-eibc-jkea |          1.368 |      1.233 |      1.244 
 abcijk-ejab-ikec |          1.580 |      1.456 |      1.437 
 abcijk-ejac-ikeb |          1.501 |      1.364 |      1.378 
 abcijk-ejbc-ikea |          1.381 |      1.189 |      1.148 
 abcijk-ekab-ijec |          1.579 |      1.451 |      1.434 
 abcijk-ekac-ijeb |          1.504 |      1.360 |      1.362 
 abcijk-ekbc-ijea |          1.392 |      1.212 |      1.190 
       abc-bk-akc |          1.246 |      1.126 |      1.115 
             MEAN |          1.467 |      1.344 |      1.358 

wrote bench-results/ab-deepen/warm-f64c64.csv
