host        : worker5040
target      : x86_64 / linux
cpu features: avx2 fma 
caches      : L1=32KiB/8-way/1sh L2=512KiB/8-way/1sh L3=16384KiB/16-way/4sh (via sysfs), blocking=legacy
baselines   : tblis=false blas=false

sweeping 49 cases at 64 MiB nominal tensor size, 3 reps, stress=none


=== f64 ===
             case |      m |      n |     k | regA | regB | planar GF/s | 1m GF/s | 3m GF/s 
------------------+--------+--------+-------+------+------+-------------+---------+---------
         ij-ik-kj |   2904 |   2896 |  2904 | 1.00 | 1.00 |        40.6 |    40.6 |    40.6 
       ij-ikl-ljk |    216 |    204 | 44064 | 1.00 | 1.00 |        32.2 |    32.2 |    32.2 
       ij-kil-lkj |    216 |    204 | 46656 | 1.00 | 1.00 |        32.1 |    32.1 |    32.1 
       ijk-ikl-lj |  44064 |    204 |   216 | 1.00 | 1.00 |        33.4 |    33.4 |    33.4 
       ijk-il-jlk |    216 |  44064 |   204 | 1.00 | 1.00 |        33.9 |    33.9 |    33.9 
       ijk-ilk-jl |  44064 |    216 |   204 | 1.00 | 1.00 |        39.6 |    39.6 |    39.6 
       ijk-ilk-lj |  44064 |    204 |   216 | 1.00 | 1.00 |        38.9 |    38.9 |    38.9 
     ijk-ilmk-mjl |   3744 |     52 |  3744 | 1.00 | 1.00 |        29.0 |    29.0 |    29.0 
   ijkl-imjn-lnkm |   3744 |   3744 |  2704 | 1.00 | 0.92 |        41.2 |    41.2 |    41.2 
   ijkl-imjn-nlmk |   3744 |   2704 |  3744 | 1.00 | 0.92 |        41.2 |    41.2 |    41.2 
   ijkl-imkn-jnlm |   3744 |   3744 |  2704 | 1.00 | 1.00 |        39.9 |    39.9 |    39.9 
   ijkl-imkn-njml |   3744 |   2704 |  3744 | 1.00 | 0.92 |        39.4 |    39.4 |    39.4 
   ijkl-imln-jnkm |   3744 |   3744 |  2704 | 1.00 | 1.00 |        39.4 |    39.4 |    39.4 
   ijkl-imln-njmk |   3744 |   2704 |  3744 | 1.00 | 0.92 |        39.4 |    39.4 |    39.4 
   ijkl-imnj-nlkm |   3744 |   2704 |  3744 | 1.00 | 0.92 |        40.9 |    40.9 |    40.9 
   ijkl-imnk-njml |   3744 |   2704 |  3744 | 1.00 | 0.92 |        39.3 |    39.3 |    39.3 
   ijkl-minj-nlmk |   3744 |   2704 |  5184 | 1.00 | 0.92 |        40.0 |    40.0 |    40.0 
   ijkl-mink-jnlm |   3744 |   3744 |  3744 | 1.00 | 1.00 |        38.8 |    38.8 |    38.8 
   ijkl-minl-njmk |   3744 |   2704 |  5184 | 1.00 | 0.92 |        38.6 |    38.6 |    38.6 
     aqrs-pa-pqrs |     72 | 140608 |    72 | 1.00 | 1.00 |        25.0 |    25.0 |    25.0 
     abrs-qb-aqrs |     52 | 194688 |    72 | 1.00 | 1.00 |        24.4 |    24.4 |    24.4 
     abcs-rc-abrs |     52 | 194688 |    72 | 1.00 | 1.00 |        22.0 |    22.0 |    22.0 
       abj-bka-kj |  46656 |    204 |   216 | 1.00 | 1.00 |        35.8 |    35.8 |    35.8 
       ajb-kba-jk |  44064 |    216 |   216 | 1.00 | 1.00 |        40.7 |    40.7 |    40.7 
     abjc-cbka-kj | 269568 |     52 |    72 | 1.00 | 1.00 |        11.0 |    11.0 |    11.0 
     ajbc-ckba-jk | 269568 |     72 |    52 | 1.00 | 1.00 |        17.4 |    17.4 |    17.4 
     abjc-kbac-jk | 194688 |     72 |    72 | 1.00 | 1.00 |        30.8 |    30.8 |    30.8 
   abjcd-dkbac-jk | 331776 |     24 |    24 | 1.00 | 1.00 |         5.2 |     5.2 |     5.2 
   adbjc-cbdka-kj | 331776 |     24 |    24 | 1.00 | 1.00 |         4.3 |     4.3 |     4.3 
   ajbdc-ckbad-jk | 331776 |     24 |    24 | 1.00 | 1.00 |         4.9 |     4.9 |     4.9 
 abcijk-ijma-mkbc |   9216 |   4096 |    24 | 1.00 | 0.99 |        21.4 |    21.4 |    21.4 
 abcijk-ijmb-mkac |   6144 |   6144 |    24 | 1.00 | 0.75 |        19.0 |    19.0 |    19.0 
 abcijk-ijmc-mkab |   6144 |   6144 |    24 | 1.00 | 0.75 |        23.9 |    23.9 |    23.9 
 abcijk-ikma-mjbc |   9216 |   4096 |    24 | 1.00 | 0.99 |        21.5 |    21.5 |    21.5 
 abcijk-ikmb-mjac |   6144 |   6144 |    24 | 1.00 | 0.75 |        18.9 |    18.9 |    18.9 
 abcijk-ikmc-mjab |   6144 |   6144 |    24 | 1.00 | 0.75 |        23.8 |    23.8 |    23.8 
 abcijk-jkma-mibc |   9216 |   4096 |    24 | 1.00 | 0.99 |        21.8 |    21.8 |    21.8 
 abcijk-jkmb-miac |   6144 |   6144 |    24 | 1.00 | 0.75 |        18.5 |    18.5 |    18.5 
 abcijk-jkmc-miab |   6144 |   6144 |    24 | 1.00 | 0.75 |        21.8 |    21.8 |    21.8 
 abcijk-eiab-jkec |   6144 |   6144 |    24 | 1.00 | 0.75 |        21.9 |    21.9 |    21.9 
 abcijk-eiac-jkeb |   6144 |   6144 |    24 | 1.00 | 0.75 |        18.3 |    18.3 |    18.3 
 abcijk-eibc-jkea |   4096 |   9216 |    24 | 1.00 | 0.99 |        21.6 |    21.6 |    21.6 
 abcijk-ejab-ikec |   6144 |   6144 |    24 | 1.00 | 0.75 |        23.7 |    23.7 |    23.7 
 abcijk-ejac-ikeb |   6144 |   6144 |    24 | 1.00 | 0.75 |        18.5 |    18.5 |    18.5 
 abcijk-ejbc-ikea |   4096 |   9216 |    24 | 1.00 | 0.99 |        21.0 |    21.0 |    21.0 
 abcijk-ekab-ijec |   6144 |   6144 |    24 | 1.00 | 0.75 |        23.5 |    23.5 |    23.5 
 abcijk-ekac-ijeb |   6144 |   6144 |    24 | 1.00 | 0.75 |        18.7 |    18.7 |    18.7 
 abcijk-ekbc-ijea |   4096 |   9216 |    24 | 1.00 | 0.99 |        21.3 |    21.3 |    21.3 
       abc-bk-akc |    216 |  44064 |   204 | 1.00 | 1.00 |        38.3 |    38.3 |    38.3 

=== c64 ===
             case |      m |      n |     k | regA | regB | planar GF/s | 1m GF/s | 3m GF/s 
------------------+--------+--------+-------+------+------+-------------+---------+---------
         ij-ik-kj |   2904 |   2896 |  2904 | 1.00 | 1.00 |        42.7 |    43.2 |    42.6 
       ij-ikl-ljk |    216 |    204 | 44064 | 1.00 | 1.00 |        39.0 |    40.1 |    36.1 
       ij-kil-lkj |    216 |    204 | 46656 | 1.00 | 1.00 |        39.1 |    39.7 |    38.8 
       ijk-ikl-lj |  44064 |    204 |   216 | 1.00 | 1.00 |        39.9 |    40.1 |    39.6 
       ijk-il-jlk |    216 |  44064 |   204 | 1.00 | 0.98 |        41.7 |    43.7 |    39.3 
       ijk-ilk-jl |  44064 |    216 |   204 | 1.00 | 1.00 |        42.5 |    44.5 |    40.5 
       ijk-ilk-lj |  44064 |    204 |   216 | 1.00 | 1.00 |        43.1 |    45.3 |    40.5 
     ijk-ilmk-mjl |   3744 |     52 |  3744 | 1.00 | 1.00 |        35.0 |    35.2 |    29.7 
   ijkl-imjn-lnkm |   3744 |   3744 |  2704 | 1.00 | 0.92 |        43.7 |    45.3 |    42.9 
   ijkl-imjn-nlmk |   3744 |   2704 |  3744 | 1.00 | 0.92 |        43.8 |    45.3 |    42.8 
   ijkl-imkn-jnlm |   3744 |   3744 |  2704 | 1.00 | 0.95 |        43.3 |    44.1 |    41.3 
   ijkl-imkn-njml |   3744 |   2704 |  3744 | 1.00 | 0.92 |        43.2 |    43.8 |    41.1 
   ijkl-imln-jnkm |   3744 |   3744 |  2704 | 1.00 | 0.95 |        43.0 |    43.8 |    41.2 
   ijkl-imln-njmk |   3744 |   2704 |  3744 | 1.00 | 0.92 |        43.0 |    43.6 |    41.1 
   ijkl-imnj-nlkm |   3744 |   2704 |  3744 | 1.00 | 0.92 |        43.7 |    44.7 |    42.5 
   ijkl-imnk-njml |   3744 |   2704 |  3744 | 1.00 | 0.92 |        43.1 |    43.7 |    41.0 
   ijkl-minj-nlmk |   3744 |   2704 |  5184 | 1.00 | 0.92 |        43.3 |    44.1 |    43.5 
   ijkl-mink-jnlm |   3744 |   3744 |  3744 | 1.00 | 0.95 |        42.7 |    43.4 |    42.1 
   ijkl-minl-njmk |   3744 |   2704 |  5184 | 1.00 | 0.92 |        42.6 |    43.0 |    42.0 
     aqrs-pa-pqrs |     72 | 140608 |    72 | 1.00 | 1.00 |        32.3 |    34.8 |    32.6 
     abrs-qb-aqrs |     52 | 194688 |    72 | 1.00 | 1.00 |        30.2 |    32.1 |    26.7 
     abcs-rc-abrs |     52 | 194688 |    72 | 1.00 | 1.00 |        29.2 |    32.2 |    30.3 
       abj-bka-kj |  46656 |    204 |   216 | 1.00 | 1.00 |        41.6 |    40.6 |    41.4 
       ajb-kba-jk |  44064 |    216 |   216 | 1.00 | 1.00 |        43.6 |    45.2 |    44.7 
     abjc-cbka-kj | 269568 |     52 |    72 | 1.00 | 1.00 |        19.9 |    17.3 |    19.5 
     ajbc-ckba-jk | 269568 |     72 |    52 | 1.00 | 1.00 |        21.0 |    19.7 |    20.8 
     abjc-kbac-jk | 194688 |     72 |    72 | 1.00 | 1.00 |        35.0 |    38.3 |    37.4 
   abjcd-dkbac-jk | 331776 |     24 |    24 | 1.00 | 1.00 |        11.4 |     9.9 |    10.9 
   adbjc-cbdka-kj | 331776 |     24 |    24 | 1.00 | 1.00 |        10.4 |     8.8 |     9.5 
   ajbdc-ckbad-jk | 331776 |     24 |    24 | 1.00 | 1.00 |        10.8 |     9.5 |    10.1 
 abcijk-ijma-mkbc |   9216 |   4096 |    24 | 1.00 | 0.99 |        26.2 |    29.2 |    25.9 
 abcijk-ijmb-mkac |   6144 |   6144 |    24 | 1.00 | 0.75 |        26.2 |    28.9 |    25.5 
 abcijk-ijmc-mkab |   6144 |   6144 |    24 | 1.00 | 0.75 |        29.3 |    33.2 |    28.4 
 abcijk-ikma-mjbc |   9216 |   4096 |    24 | 1.00 | 0.99 |        26.1 |    29.0 |    25.9 
 abcijk-ikmb-mjac |   6144 |   6144 |    24 | 1.00 | 0.75 |        26.2 |    28.9 |    25.7 
 abcijk-ikmc-mjab |   6144 |   6144 |    24 | 1.00 | 0.75 |        29.1 |    33.0 |    28.3 
 abcijk-jkma-mibc |   9216 |   4096 |    24 | 1.00 | 0.99 |        26.1 |    29.0 |    26.0 
 abcijk-jkmb-miac |   6144 |   6144 |    24 | 1.00 | 0.75 |        25.7 |    27.5 |    25.3 
 abcijk-jkmc-miab |   6144 |   6144 |    24 | 1.00 | 0.75 |        28.3 |    29.5 |    27.9 
 abcijk-eiab-jkec |   6144 |   6144 |    24 | 1.00 | 0.75 |        28.3 |    29.5 |    27.8 
 abcijk-eiac-jkeb |   6144 |   6144 |    24 | 1.00 | 0.75 |        25.5 |    27.4 |    25.3 
 abcijk-eibc-jkea |   4096 |   9216 |    24 | 1.00 | 0.99 |        26.1 |    28.9 |    25.8 
 abcijk-ejab-ikec |   6144 |   6144 |    24 | 1.00 | 0.75 |        29.0 |    32.8 |    28.1 
 abcijk-ejac-ikeb |   6144 |   6144 |    24 | 1.00 | 0.75 |        25.9 |    28.5 |    25.2 
 abcijk-ejbc-ikea |   4096 |   9216 |    24 | 1.00 | 0.99 |        25.9 |    28.9 |    25.8 
 abcijk-ekab-ijec |   6144 |   6144 |    24 | 1.00 | 0.75 |        29.1 |    33.0 |    28.2 
 abcijk-ekac-ijeb |   6144 |   6144 |    24 | 1.00 | 0.75 |        26.0 |    28.6 |    25.3 
 abcijk-ekbc-ijea |   4096 |   9216 |    24 | 1.00 | 0.99 |        26.0 |    28.6 |    25.6 
       abc-bk-akc |    216 |  44064 |   204 | 1.00 | 1.00 |        42.0 |    44.8 |    39.7 

=== complex efficiency ratio (c64 GF/s over f64 GF/s; 1.0 = no penalty) ===
             case | planar c64/f64 | 1m c64/f64 | 3m c64/f64 
------------------+----------------+------------+------------
         ij-ik-kj |          1.053 |      1.064 |      1.051 
       ij-ikl-ljk |          1.213 |      1.246 |      1.121 
       ij-kil-lkj |          1.217 |      1.237 |      1.209 
       ijk-ikl-lj |          1.194 |      1.202 |      1.185 
       ijk-il-jlk |          1.229 |      1.288 |      1.158 
       ijk-ilk-jl |          1.071 |      1.124 |      1.022 
       ijk-ilk-lj |          1.108 |      1.163 |      1.042 
     ijk-ilmk-mjl |          1.206 |      1.212 |      1.024 
   ijkl-imjn-lnkm |          1.061 |      1.099 |      1.041 
   ijkl-imjn-nlmk |          1.063 |      1.100 |      1.039 
   ijkl-imkn-jnlm |          1.084 |      1.106 |      1.034 
   ijkl-imkn-njml |          1.095 |      1.110 |      1.044 
   ijkl-imln-jnkm |          1.093 |      1.112 |      1.045 
   ijkl-imln-njmk |          1.090 |      1.105 |      1.042 
   ijkl-imnj-nlkm |          1.070 |      1.095 |      1.040 
   ijkl-imnk-njml |          1.096 |      1.112 |      1.043 
   ijkl-minj-nlmk |          1.081 |      1.101 |      1.088 
   ijkl-mink-jnlm |          1.101 |      1.118 |      1.085 
   ijkl-minl-njmk |          1.104 |      1.114 |      1.089 
     aqrs-pa-pqrs |          1.294 |      1.394 |      1.308 
     abrs-qb-aqrs |          1.236 |      1.316 |      1.093 
     abcs-rc-abrs |          1.327 |      1.464 |      1.377 
       abj-bka-kj |          1.163 |      1.133 |      1.155 
       ajb-kba-jk |          1.070 |      1.112 |      1.098 
     abjc-cbka-kj |          1.816 |      1.571 |      1.771 
     ajbc-ckba-jk |          1.207 |      1.131 |      1.193 
     abjc-kbac-jk |          1.134 |      1.242 |      1.213 
   abjcd-dkbac-jk |          2.201 |      1.912 |      2.103 
   adbjc-cbdka-kj |          2.394 |      2.029 |      2.185 
   ajbdc-ckbad-jk |          2.203 |      1.930 |      2.066 
 abcijk-ijma-mkbc |          1.221 |      1.362 |      1.210 
 abcijk-ijmb-mkac |          1.378 |      1.519 |      1.342 
 abcijk-ijmc-mkab |          1.223 |      1.385 |      1.185 
 abcijk-ikma-mjbc |          1.212 |      1.348 |      1.202 
 abcijk-ikmb-mjac |          1.385 |      1.527 |      1.357 
 abcijk-ikmc-mjab |          1.224 |      1.387 |      1.189 
 abcijk-jkma-mibc |          1.198 |      1.331 |      1.192 
 abcijk-jkmb-miac |          1.393 |      1.489 |      1.368 
 abcijk-jkmc-miab |          1.296 |      1.352 |      1.278 
 abcijk-eiab-jkec |          1.292 |      1.347 |      1.271 
 abcijk-eiac-jkeb |          1.394 |      1.499 |      1.387 
 abcijk-eibc-jkea |          1.211 |      1.340 |      1.197 
 abcijk-ejab-ikec |          1.221 |      1.379 |      1.185 
 abcijk-ejac-ikeb |          1.403 |      1.543 |      1.365 
 abcijk-ejbc-ikea |          1.238 |      1.378 |      1.231 
 abcijk-ekab-ijec |          1.240 |      1.405 |      1.203 
 abcijk-ekac-ijeb |          1.390 |      1.527 |      1.355 
 abcijk-ekbc-ijea |          1.220 |      1.341 |      1.200 
       abc-bk-akc |          1.098 |      1.170 |      1.037 
             MEAN |          1.276 |      1.318 |      1.239 

wrote bench-results/worker5040-zen2/phase4e/bl-base-f64c64.csv
