host        : worker5040
target      : x86_64 / linux
cpu features: avx2 fma 
caches      : L1=32KiB/8-way/1sh L2=512KiB/8-way/1sh L3=16384KiB/16-way/4sh (via sysfs), blocking=legacy
baselines   : tblis=false blas=false

sweeping 49 cases at 64 MiB nominal tensor size, 3 reps, stress=none


=== f32 ===
             case |      m |      n |     k | regA | regB | planar GF/s | 1m GF/s | 3m GF/s 
------------------+--------+--------+-------+------+------+-------------+---------+---------
         ij-ik-kj |   2904 |   2896 |  2904 | 1.00 | 1.00 |        83.5 |    83.5 |    83.5 
       ij-ikl-ljk |    216 |    204 | 44064 | 1.00 | 1.00 |        48.0 |    48.0 |    48.0 
       ij-kil-lkj |    216 |    204 | 46656 | 1.00 | 1.00 |        54.8 |    54.8 |    54.8 
       ijk-ikl-lj |  44064 |    204 |   216 | 1.00 | 1.00 |        66.9 |    66.9 |    66.9 
       ijk-il-jlk |    216 |  44064 |   204 | 1.00 | 1.00 |        69.1 |    69.1 |    69.1 
       ijk-ilk-jl |  44064 |    216 |   204 | 0.96 | 1.00 |        67.8 |    67.8 |    67.8 
       ijk-ilk-lj |  44064 |    204 |   216 | 0.96 | 1.00 |        67.1 |    67.1 |    67.1 
     ijk-ilmk-mjl |   3744 |     52 |  3744 | 0.89 | 1.00 |        47.3 |    47.3 |    47.3 
   ijkl-imjn-lnkm |   3744 |   3744 |  2704 | 0.89 | 0.92 |        84.3 |    84.3 |    84.3 
   ijkl-imjn-nlmk |   3744 |   2704 |  3744 | 0.89 | 0.92 |        84.7 |    84.7 |    84.7 
   ijkl-imkn-jnlm |   3744 |   3744 |  2704 | 0.89 | 1.00 |        81.8 |    81.8 |    81.8 
   ijkl-imkn-njml |   3744 |   2704 |  3744 | 0.89 | 0.92 |        81.6 |    81.6 |    81.6 
   ijkl-imln-jnkm |   3744 |   3744 |  2704 | 0.89 | 1.00 |        82.5 |    82.5 |    82.5 
   ijkl-imln-njmk |   3744 |   2704 |  3744 | 0.89 | 0.92 |        82.1 |    82.1 |    82.1 
   ijkl-imnj-nlkm |   3744 |   2704 |  3744 | 0.89 | 0.92 |        84.8 |    84.8 |    84.8 
   ijkl-imnk-njml |   3744 |   2704 |  3744 | 0.89 | 0.92 |        81.6 |    81.6 |    81.6 
   ijkl-minj-nlmk |   3744 |   2704 |  5184 | 0.89 | 0.92 |        83.5 |    83.5 |    83.5 
   ijkl-mink-jnlm |   3744 |   3744 |  3744 | 0.89 | 1.00 |        83.0 |    83.0 |    83.0 
   ijkl-minl-njmk |   3744 |   2704 |  5184 | 0.89 | 0.92 |        80.7 |    80.7 |    80.7 
     aqrs-pa-pqrs |     72 | 140608 |    72 | 1.00 | 1.00 |        44.4 |    44.4 |    44.4 
     abrs-qb-aqrs |     52 | 194688 |    72 | 0.89 | 1.00 |        44.3 |    44.3 |    44.3 
     abcs-rc-abrs |     52 | 194688 |    72 | 1.00 | 1.00 |        45.4 |    45.4 |    45.4 
       abj-bka-kj |  46656 |    204 |   216 | 0.96 | 1.00 |        68.2 |    68.2 |    68.2 
       ajb-kba-jk |  44064 |    216 |   216 | 0.96 | 1.00 |        79.5 |    79.5 |    79.5 
     abjc-cbka-kj | 269568 |     52 |    72 | 0.89 | 1.00 |        18.1 |    18.1 |    18.1 
     ajbc-ckba-jk | 269568 |     72 |    52 | 0.89 | 1.00 |        33.9 |    33.9 |    33.9 
     abjc-kbac-jk | 194688 |     72 |    72 | 0.89 | 1.00 |        55.6 |    55.6 |    55.6 
   abjcd-dkbac-jk | 331776 |     24 |    24 | 0.67 | 1.00 |         9.2 |     9.2 |     9.2 
   adbjc-cbdka-kj | 331776 |     24 |    24 | 0.67 | 1.00 |         6.7 |     6.7 |     6.7 
   ajbdc-ckbad-jk | 331776 |     24 |    24 | 1.00 | 1.00 |         7.0 |     7.0 |     7.0 
 abcijk-ijma-mkbc |   9216 |   4096 |    24 | 1.00 | 1.00 |        31.9 |    31.9 |    31.9 
 abcijk-ijmb-mkac |   6144 |   6144 |    24 | 1.00 | 1.00 |        27.6 |    27.6 |    27.6 
 abcijk-ijmc-mkab |   6144 |   6144 |    24 | 1.00 | 0.75 |        42.5 |    42.5 |    42.5 
 abcijk-ikma-mjbc |   9216 |   4096 |    24 | 1.00 | 1.00 |        32.0 |    32.0 |    32.0 
 abcijk-ikmb-mjac |   6144 |   6144 |    24 | 1.00 | 1.00 |        27.3 |    27.3 |    27.3 
 abcijk-ikmc-mjab |   6144 |   6144 |    24 | 1.00 | 0.75 |        42.4 |    42.4 |    42.4 
 abcijk-jkma-mibc |   9216 |   4096 |    24 | 1.00 | 1.00 |        31.8 |    31.8 |    31.8 
 abcijk-jkmb-miac |   6144 |   6144 |    24 | 1.00 | 1.00 |        27.4 |    27.4 |    27.4 
 abcijk-jkmc-miab |   6144 |   6144 |    24 | 1.00 | 0.75 |        39.8 |    39.8 |    39.8 
 abcijk-eiab-jkec |   6144 |   6144 |    24 | 1.00 | 0.75 |        40.4 |    40.4 |    40.4 
 abcijk-eiac-jkeb |   6144 |   6144 |    24 | 1.00 | 1.00 |        27.0 |    27.0 |    27.0 
 abcijk-eibc-jkea |   4096 |   9216 |    24 | 1.00 | 1.00 |        31.9 |    31.9 |    31.9 
 abcijk-ejab-ikec |   6144 |   6144 |    24 | 1.00 | 0.75 |        42.1 |    42.1 |    42.1 
 abcijk-ejac-ikeb |   6144 |   6144 |    24 | 1.00 | 1.00 |        26.7 |    26.7 |    26.7 
 abcijk-ejbc-ikea |   4096 |   9216 |    24 | 1.00 | 1.00 |        31.8 |    31.8 |    31.8 
 abcijk-ekab-ijec |   6144 |   6144 |    24 | 1.00 | 0.75 |        42.1 |    42.1 |    42.1 
 abcijk-ekac-ijeb |   6144 |   6144 |    24 | 1.00 | 1.00 |        26.7 |    26.7 |    26.7 
 abcijk-ekbc-ijea |   4096 |   9216 |    24 | 1.00 | 1.00 |        31.7 |    31.7 |    31.7 
       abc-bk-akc |    216 |  44064 |   204 | 0.96 | 1.00 |        64.7 |    64.7 |    64.7 

=== c32 ===
             case |      m |      n |     k | regA | regB | planar GF/s | 1m GF/s | 3m GF/s 
------------------+--------+--------+-------+------+------+-------------+---------+---------
         ij-ik-kj |   2904 |   2896 |  2904 | 1.00 | 1.00 |        85.3 |    87.2 |    86.1 
       ij-ikl-ljk |    216 |    204 | 44064 | 1.00 | 1.00 |        73.0 |    69.6 |    68.3 
       ij-kil-lkj |    216 |    204 | 46656 | 1.00 | 1.00 |        73.7 |    74.6 |    75.1 
       ijk-ikl-lj |  44064 |    204 |   216 | 1.00 | 1.00 |        76.1 |    81.7 |    81.2 
       ijk-il-jlk |    216 |  44064 |   204 | 1.00 | 0.98 |        81.2 |    83.5 |    78.1 
       ijk-ilk-jl |  44064 |    216 |   204 | 1.00 | 1.00 |        81.7 |    82.6 |    79.8 
       ijk-ilk-lj |  44064 |    204 |   216 | 1.00 | 1.00 |        82.9 |    80.8 |    80.0 
     ijk-ilmk-mjl |   3744 |     52 |  3744 | 1.00 | 1.00 |        64.5 |    65.2 |    62.6 
   ijkl-imjn-lnkm |   3744 |   3744 |  2704 | 1.00 | 0.92 |        86.6 |    87.5 |    87.3 
   ijkl-imjn-nlmk |   3744 |   2704 |  3744 | 1.00 | 0.92 |        87.4 |    88.3 |    88.5 
   ijkl-imkn-jnlm |   3744 |   3744 |  2704 | 1.00 | 0.95 |        85.3 |    85.7 |    85.7 
   ijkl-imkn-njml |   3744 |   2704 |  3744 | 1.00 | 0.92 |        86.2 |    86.9 |    87.0 
   ijkl-imln-jnkm |   3744 |   3744 |  2704 | 1.00 | 0.95 |        85.3 |    85.8 |    85.9 
   ijkl-imln-njmk |   3744 |   2704 |  3744 | 1.00 | 0.92 |        86.2 |    86.9 |    87.1 
   ijkl-imnj-nlkm |   3744 |   2704 |  3744 | 1.00 | 0.92 |        87.5 |    88.6 |    88.7 
   ijkl-imnk-njml |   3744 |   2704 |  3744 | 1.00 | 0.92 |        86.0 |    86.9 |    87.0 
   ijkl-minj-nlmk |   3744 |   2704 |  5184 | 1.00 | 0.92 |        86.7 |    88.2 |    88.9 
   ijkl-mink-jnlm |   3744 |   3744 |  3744 | 1.00 | 0.95 |        85.9 |    87.1 |    87.5 
   ijkl-minl-njmk |   3744 |   2704 |  5184 | 1.00 | 0.92 |        85.1 |    86.3 |    87.3 
     aqrs-pa-pqrs |     72 | 140608 |    72 | 1.00 | 1.00 |        59.7 |    65.8 |    58.0 
     abrs-qb-aqrs |     52 | 194688 |    72 | 1.00 | 1.00 |        56.6 |    53.5 |    50.5 
     abcs-rc-abrs |     52 | 194688 |    72 | 1.00 | 1.00 |        60.1 |    65.0 |    53.5 
       abj-bka-kj |  46656 |    204 |   216 | 1.00 | 1.00 |        79.1 |    81.1 |    81.1 
       ajb-kba-jk |  44064 |    216 |   216 | 1.00 | 1.00 |        85.4 |    90.0 |    88.6 
     abjc-cbka-kj | 269568 |     52 |    72 | 1.00 | 1.00 |        32.9 |    25.6 |    29.5 
     ajbc-ckba-jk | 269568 |     72 |    52 | 1.00 | 1.00 |        46.5 |    37.2 |    41.3 
     abjc-kbac-jk | 194688 |     72 |    72 | 1.00 | 1.00 |        66.7 |    70.2 |    69.4 
   abjcd-dkbac-jk | 331776 |     24 |    24 | 1.00 | 1.00 |        17.5 |    14.1 |    15.7 
   adbjc-cbdka-kj | 331776 |     24 |    24 | 1.00 | 1.00 |        14.9 |    11.9 |    13.3 
   ajbdc-ckbad-jk | 331776 |     24 |    24 | 1.00 | 1.00 |        17.2 |    13.9 |    15.5 
 abcijk-ijma-mkbc |   9216 |   4096 |    24 | 1.00 | 0.99 |        52.6 |    60.7 |    52.1 
 abcijk-ijmb-mkac |   6144 |   6144 |    24 | 1.00 | 0.75 |        50.4 |    57.5 |    50.1 
 abcijk-ijmc-mkab |   6144 |   6144 |    24 | 1.00 | 0.75 |        54.0 |    62.5 |    53.4 
 abcijk-ikma-mjbc |   9216 |   4096 |    24 | 1.00 | 0.99 |        53.0 |    60.8 |    52.4 
 abcijk-ikmb-mjac |   6144 |   6144 |    24 | 1.00 | 0.75 |        50.3 |    57.8 |    50.4 
 abcijk-ikmc-mjab |   6144 |   6144 |    24 | 1.00 | 0.75 |        54.0 |    62.5 |    53.2 
 abcijk-jkma-mibc |   9216 |   4096 |    24 | 1.00 | 0.99 |        53.1 |    61.1 |    52.7 
 abcijk-jkmb-miac |   6144 |   6144 |    24 | 1.00 | 0.75 |        50.1 |    56.9 |    50.3 
 abcijk-jkmc-miab |   6144 |   6144 |    24 | 1.00 | 0.75 |        52.8 |    60.9 |    52.0 
 abcijk-eiab-jkec |   6144 |   6144 |    24 | 1.00 | 0.75 |        52.8 |    60.6 |    51.5 
 abcijk-eiac-jkeb |   6144 |   6144 |    24 | 1.00 | 0.75 |        49.9 |    56.6 |    50.1 
 abcijk-eibc-jkea |   4096 |   9216 |    24 | 1.00 | 0.99 |        52.9 |    60.7 |    52.6 
 abcijk-ejab-ikec |   6144 |   6144 |    24 | 1.00 | 0.75 |        53.9 |    62.3 |    53.2 
 abcijk-ejac-ikeb |   6144 |   6144 |    24 | 1.00 | 0.75 |        50.0 |    56.7 |    49.8 
 abcijk-ejbc-ikea |   4096 |   9216 |    24 | 1.00 | 0.99 |        52.5 |    60.6 |    52.1 
 abcijk-ekab-ijec |   6144 |   6144 |    24 | 1.00 | 0.75 |        53.6 |    62.3 |    53.0 
 abcijk-ekac-ijeb |   6144 |   6144 |    24 | 1.00 | 0.75 |        49.9 |    57.3 |    50.0 
 abcijk-ekbc-ijea |   4096 |   9216 |    24 | 1.00 | 0.99 |        52.4 |    60.1 |    52.1 
       abc-bk-akc |    216 |  44064 |   204 | 1.00 | 1.00 |        81.3 |    81.3 |    78.7 

=== complex efficiency ratio (c32 GF/s over f32 GF/s; 1.0 = no penalty) ===
             case | planar c32/f32 | 1m c32/f32 | 3m c32/f32 
------------------+----------------+------------+------------
         ij-ik-kj |          1.022 |      1.044 |      1.030 
       ij-ikl-ljk |          1.520 |      1.450 |      1.423 
       ij-kil-lkj |          1.345 |      1.360 |      1.369 
       ijk-ikl-lj |          1.138 |      1.221 |      1.214 
       ijk-il-jlk |          1.175 |      1.209 |      1.132 
       ijk-ilk-jl |          1.206 |      1.219 |      1.178 
       ijk-ilk-lj |          1.236 |      1.205 |      1.193 
     ijk-ilmk-mjl |          1.364 |      1.379 |      1.323 
   ijkl-imjn-lnkm |          1.026 |      1.038 |      1.035 
   ijkl-imjn-nlmk |          1.032 |      1.042 |      1.045 
   ijkl-imkn-jnlm |          1.042 |      1.048 |      1.048 
   ijkl-imkn-njml |          1.056 |      1.064 |      1.065 
   ijkl-imln-jnkm |          1.034 |      1.041 |      1.042 
   ijkl-imln-njmk |          1.050 |      1.059 |      1.061 
   ijkl-imnj-nlkm |          1.032 |      1.045 |      1.047 
   ijkl-imnk-njml |          1.055 |      1.066 |      1.067 
   ijkl-minj-nlmk |          1.037 |      1.056 |      1.064 
   ijkl-mink-jnlm |          1.035 |      1.049 |      1.054 
   ijkl-minl-njmk |          1.054 |      1.069 |      1.081 
     aqrs-pa-pqrs |          1.342 |      1.480 |      1.304 
     abrs-qb-aqrs |          1.278 |      1.208 |      1.142 
     abcs-rc-abrs |          1.325 |      1.432 |      1.179 
       abj-bka-kj |          1.160 |      1.189 |      1.188 
       ajb-kba-jk |          1.074 |      1.131 |      1.115 
     abjc-cbka-kj |          1.813 |      1.413 |      1.626 
     ajbc-ckba-jk |          1.372 |      1.098 |      1.217 
     abjc-kbac-jk |          1.200 |      1.263 |      1.248 
   abjcd-dkbac-jk |          1.903 |      1.526 |      1.710 
   adbjc-cbdka-kj |          2.230 |      1.773 |      1.993 
   ajbdc-ckbad-jk |          2.446 |      1.985 |      2.211 
 abcijk-ijma-mkbc |          1.649 |      1.901 |      1.634 
 abcijk-ijmb-mkac |          1.826 |      2.085 |      1.817 
 abcijk-ijmc-mkab |          1.271 |      1.470 |      1.257 
 abcijk-ikma-mjbc |          1.657 |      1.903 |      1.640 
 abcijk-ikmb-mjac |          1.845 |      2.119 |      1.850 
 abcijk-ikmc-mjab |          1.274 |      1.474 |      1.254 
 abcijk-jkma-mibc |          1.671 |      1.924 |      1.659 
 abcijk-jkmb-miac |          1.830 |      2.076 |      1.838 
 abcijk-jkmc-miab |          1.326 |      1.529 |      1.307 
 abcijk-eiab-jkec |          1.306 |      1.501 |      1.274 
 abcijk-eiac-jkeb |          1.850 |      2.099 |      1.859 
 abcijk-eibc-jkea |          1.657 |      1.902 |      1.647 
 abcijk-ejab-ikec |          1.280 |      1.481 |      1.263 
 abcijk-ejac-ikeb |          1.876 |      2.127 |      1.869 
 abcijk-ejbc-ikea |          1.652 |      1.906 |      1.639 
 abcijk-ekab-ijec |          1.274 |      1.479 |      1.259 
 abcijk-ekac-ijeb |          1.872 |      2.149 |      1.874 
 abcijk-ekbc-ijea |          1.655 |      1.898 |      1.644 
       abc-bk-akc |          1.257 |      1.257 |      1.217 
             MEAN |          1.401 |      1.458 |      1.372 

wrote bench-results/worker5040-zen2/phase4e/bl-basem-f32c32.csv
