host        : worker5040
target      : x86_64 / linux
cpu features: avx2 fma 
caches      : L1=32KiB/8-way/1sh L2=512KiB/8-way/1sh L3=16384KiB/16-way/4sh (via sysfs), blocking=legacy
baselines   : tblis=false blas=false

sweeping 49 cases at 64 MiB nominal tensor size, 3 reps, stress=none


=== f32 ===
             case |      m |      n |     k | regA | regB | planar GF/s | 1m GF/s | 3m GF/s 
------------------+--------+--------+-------+------+------+-------------+---------+---------
         ij-ik-kj |   2904 |   2896 |  2904 | 1.00 | 1.00 |        68.3 |    68.3 |    68.3 
       ij-ikl-ljk |    216 |    204 | 44064 | 1.00 | 1.00 |        42.4 |    42.4 |    42.4 
       ij-kil-lkj |    216 |    204 | 46656 | 1.00 | 1.00 |        46.5 |    46.5 |    46.5 
       ijk-ikl-lj |  44064 |    204 |   216 | 1.00 | 1.00 |        53.5 |    53.5 |    53.5 
       ijk-il-jlk |    216 |  44064 |   204 | 1.00 | 1.00 |        56.0 |    56.0 |    56.0 
       ijk-ilk-jl |  44064 |    216 |   204 | 0.96 | 1.00 |        51.0 |    51.0 |    51.0 
       ijk-ilk-lj |  44064 |    204 |   216 | 0.96 | 1.00 |        51.6 |    51.6 |    51.6 
     ijk-ilmk-mjl |   3744 |     52 |  3744 | 0.89 | 1.00 |        40.7 |    40.7 |    40.7 
   ijkl-imjn-lnkm |   3744 |   3744 |  2704 | 0.89 | 0.92 |        68.6 |    68.6 |    68.6 
   ijkl-imjn-nlmk |   3744 |   2704 |  3744 | 0.89 | 0.92 |        66.5 |    66.5 |    66.5 
   ijkl-imkn-jnlm |   3744 |   3744 |  2704 | 0.89 | 1.00 |        58.0 |    58.0 |    58.0 
   ijkl-imkn-njml |   3744 |   2704 |  3744 | 0.89 | 0.92 |        57.0 |    57.0 |    57.0 
   ijkl-imln-jnkm |   3744 |   3744 |  2704 | 0.89 | 1.00 |        60.3 |    60.3 |    60.3 
   ijkl-imln-njmk |   3744 |   2704 |  3744 | 0.89 | 0.92 |        59.1 |    59.1 |    59.1 
   ijkl-imnj-nlkm |   3744 |   2704 |  3744 | 0.89 | 0.92 |        66.6 |    66.6 |    66.6 
   ijkl-imnk-njml |   3744 |   2704 |  3744 | 0.89 | 0.92 |        58.2 |    58.2 |    58.2 
   ijkl-minj-nlmk |   3744 |   2704 |  5184 | 0.89 | 0.92 |        65.8 |    65.8 |    65.8 
   ijkl-mink-jnlm |   3744 |   3744 |  3744 | 0.89 | 1.00 |        59.1 |    59.1 |    59.1 
   ijkl-minl-njmk |   3744 |   2704 |  5184 | 0.89 | 0.92 |        58.6 |    58.6 |    58.6 
     aqrs-pa-pqrs |     72 | 140608 |    72 | 1.00 | 1.00 |        45.1 |    45.1 |    45.1 
     abrs-qb-aqrs |     52 | 194688 |    72 | 0.89 | 1.00 |        43.0 |    43.0 |    43.0 
     abcs-rc-abrs |     52 | 194688 |    72 | 1.00 | 1.00 |        49.6 |    49.6 |    49.6 
       abj-bka-kj |  46656 |    204 |   216 | 0.96 | 1.00 |        56.8 |    56.8 |    56.8 
       ajb-kba-jk |  44064 |    216 |   216 | 0.96 | 1.00 |        57.9 |    57.9 |    57.9 
     abjc-cbka-kj | 269568 |     52 |    72 | 0.89 | 1.00 |        17.1 |    17.1 |    17.1 
     ajbc-ckba-jk | 269568 |     72 |    52 | 0.89 | 1.00 |        32.5 |    32.5 |    32.5 
     abjc-kbac-jk | 194688 |     72 |    72 | 0.89 | 1.00 |        55.2 |    55.2 |    55.2 
   abjcd-dkbac-jk | 331776 |     24 |    24 | 0.67 | 1.00 |         8.9 |     8.9 |     8.9 
   adbjc-cbdka-kj | 331776 |     24 |    24 | 0.67 | 1.00 |         6.6 |     6.6 |     6.6 
   ajbdc-ckbad-jk | 331776 |     24 |    24 | 1.00 | 1.00 |         7.0 |     7.0 |     7.0 
 abcijk-ijma-mkbc |   9216 |   4096 |    24 | 1.00 | 1.00 |        29.4 |    29.4 |    29.4 
 abcijk-ijmb-mkac |   6144 |   6144 |    24 | 1.00 | 1.00 |        26.2 |    26.2 |    26.2 
 abcijk-ijmc-mkab |   6144 |   6144 |    24 | 1.00 | 0.75 |        41.9 |    41.9 |    41.9 
 abcijk-ikma-mjbc |   9216 |   4096 |    24 | 1.00 | 1.00 |        29.3 |    29.3 |    29.3 
 abcijk-ikmb-mjac |   6144 |   6144 |    24 | 1.00 | 1.00 |        26.1 |    26.1 |    26.1 
 abcijk-ikmc-mjab |   6144 |   6144 |    24 | 1.00 | 0.75 |        41.8 |    41.8 |    41.8 
 abcijk-jkma-mibc |   9216 |   4096 |    24 | 1.00 | 1.00 |        30.3 |    30.3 |    30.3 
 abcijk-jkmb-miac |   6144 |   6144 |    24 | 1.00 | 1.00 |        26.3 |    26.3 |    26.3 
 abcijk-jkmc-miab |   6144 |   6144 |    24 | 1.00 | 0.75 |        42.0 |    42.0 |    42.0 
 abcijk-eiab-jkec |   6144 |   6144 |    24 | 1.00 | 0.75 |        42.1 |    42.1 |    42.1 
 abcijk-eiac-jkeb |   6144 |   6144 |    24 | 1.00 | 1.00 |        26.2 |    26.2 |    26.2 
 abcijk-eibc-jkea |   4096 |   9216 |    24 | 1.00 | 1.00 |        30.2 |    30.2 |    30.2 
 abcijk-ejab-ikec |   6144 |   6144 |    24 | 1.00 | 0.75 |        42.0 |    42.0 |    42.0 
 abcijk-ejac-ikeb |   6144 |   6144 |    24 | 1.00 | 1.00 |        26.2 |    26.2 |    26.2 
 abcijk-ejbc-ikea |   4096 |   9216 |    24 | 1.00 | 1.00 |        29.3 |    29.3 |    29.3 
 abcijk-ekab-ijec |   6144 |   6144 |    24 | 1.00 | 0.75 |        41.5 |    41.5 |    41.5 
 abcijk-ekac-ijeb |   6144 |   6144 |    24 | 1.00 | 1.00 |        26.1 |    26.1 |    26.1 
 abcijk-ekbc-ijea |   4096 |   9216 |    24 | 1.00 | 1.00 |        29.3 |    29.3 |    29.3 
       abc-bk-akc |    216 |  44064 |   204 | 0.96 | 1.00 |        51.2 |    51.2 |    51.2 

=== c32 ===
             case |      m |      n |     k | regA | regB | planar GF/s | 1m GF/s | 3m GF/s 
------------------+--------+--------+-------+------+------+-------------+---------+---------
         ij-ik-kj |   2904 |   2896 |  2904 | 1.00 | 1.00 |        72.7 |    73.7 |    72.4 
       ij-ikl-ljk |    216 |    204 | 44064 | 1.00 | 1.00 |        62.8 |    59.6 |    58.6 
       ij-kil-lkj |    216 |    204 | 46656 | 1.00 | 1.00 |        62.9 |    63.3 |    63.0 
       ijk-ikl-lj |  44064 |    204 |   216 | 1.00 | 1.00 |        67.6 |    69.4 |    63.3 
       ijk-il-jlk |    216 |  44064 |   204 | 1.00 | 0.98 |        69.4 |    69.8 |    66.5 
       ijk-ilk-jl |  44064 |    216 |   204 | 1.00 | 1.00 |        67.3 |    67.0 |    62.3 
       ijk-ilk-lj |  44064 |    204 |   216 | 1.00 | 1.00 |        68.6 |    68.2 |    61.7 
     ijk-ilmk-mjl |   3744 |     52 |  3744 | 1.00 | 1.00 |        56.8 |    51.4 |    47.4 
   ijkl-imjn-lnkm |   3744 |   3744 |  2704 | 1.00 | 0.92 |        73.5 |    73.4 |    72.9 
   ijkl-imjn-nlmk |   3744 |   2704 |  3744 | 1.00 | 0.92 |        73.1 |    73.1 |    71.4 
   ijkl-imkn-jnlm |   3744 |   3744 |  2704 | 1.00 | 0.95 |        65.8 |    68.0 |    64.2 
   ijkl-imkn-njml |   3744 |   2704 |  3744 | 1.00 | 0.92 |        66.4 |    69.1 |    65.1 
   ijkl-imln-jnkm |   3744 |   3744 |  2704 | 1.00 | 0.95 |        67.1 |    69.6 |    65.8 
   ijkl-imln-njmk |   3744 |   2704 |  3744 | 1.00 | 0.92 |        67.3 |    69.9 |    65.4 
   ijkl-imnj-nlkm |   3744 |   2704 |  3744 | 1.00 | 0.92 |        73.2 |    73.6 |    71.9 
   ijkl-imnk-njml |   3744 |   2704 |  3744 | 1.00 | 0.92 |        67.3 |    70.0 |    65.1 
   ijkl-minj-nlmk |   3744 |   2704 |  5184 | 1.00 | 0.92 |        73.1 |    73.5 |    72.2 
   ijkl-mink-jnlm |   3744 |   3744 |  3744 | 1.00 | 0.95 |        67.2 |    69.4 |    66.0 
   ijkl-minl-njmk |   3744 |   2704 |  5184 | 1.00 | 0.92 |        67.3 |    70.0 |    65.9 
     aqrs-pa-pqrs |     72 | 140608 |    72 | 1.00 | 1.00 |        58.8 |    65.5 |    61.0 
     abrs-qb-aqrs |     52 | 194688 |    72 | 1.00 | 1.00 |        55.6 |    53.6 |    48.8 
     abcs-rc-abrs |     52 | 194688 |    72 | 1.00 | 1.00 |        62.3 |    66.6 |    56.2 
       abj-bka-kj |  46656 |    204 |   216 | 1.00 | 1.00 |        68.2 |    68.1 |    67.8 
       ajb-kba-jk |  44064 |    216 |   216 | 1.00 | 1.00 |        69.1 |    72.9 |    68.6 
     abjc-cbka-kj | 269568 |     52 |    72 | 1.00 | 1.00 |        32.6 |    24.2 |    27.7 
     ajbc-ckba-jk | 269568 |     72 |    52 | 1.00 | 1.00 |        45.6 |    36.5 |    41.2 
     abjc-kbac-jk | 194688 |     72 |    72 | 1.00 | 1.00 |        66.3 |    70.7 |    68.6 
   abjcd-dkbac-jk | 331776 |     24 |    24 | 1.00 | 1.00 |        17.4 |    13.4 |    15.2 
   adbjc-cbdka-kj | 331776 |     24 |    24 | 1.00 | 1.00 |        14.6 |    11.3 |    12.8 
   ajbdc-ckbad-jk | 331776 |     24 |    24 | 1.00 | 1.00 |        16.8 |    13.2 |    14.8 
 abcijk-ijma-mkbc |   9216 |   4096 |    24 | 1.00 | 0.99 |        50.2 |    57.8 |    50.4 
 abcijk-ijmb-mkac |   6144 |   6144 |    24 | 1.00 | 0.75 |        49.4 |    56.4 |    50.0 
 abcijk-ijmc-mkab |   6144 |   6144 |    24 | 1.00 | 0.75 |        54.3 |    64.0 |    54.6 
 abcijk-ikma-mjbc |   9216 |   4096 |    24 | 1.00 | 0.99 |        49.9 |    57.7 |    50.5 
 abcijk-ikmb-mjac |   6144 |   6144 |    24 | 1.00 | 0.75 |        49.1 |    56.2 |    49.9 
 abcijk-ikmc-mjab |   6144 |   6144 |    24 | 1.00 | 0.75 |        54.4 |    63.4 |    54.1 
 abcijk-jkma-mibc |   9216 |   4096 |    24 | 1.00 | 0.99 |        51.7 |    59.5 |    52.6 
 abcijk-jkmb-miac |   6144 |   6144 |    24 | 1.00 | 0.75 |        48.8 |    55.4 |    49.7 
 abcijk-jkmc-miab |   6144 |   6144 |    24 | 1.00 | 0.75 |        53.7 |    61.3 |    52.8 
 abcijk-eiab-jkec |   6144 |   6144 |    24 | 1.00 | 0.75 |        53.7 |    61.4 |    52.7 
 abcijk-eiac-jkeb |   6144 |   6144 |    24 | 1.00 | 0.75 |        48.8 |    55.6 |    49.7 
 abcijk-eibc-jkea |   4096 |   9216 |    24 | 1.00 | 0.99 |        51.7 |    59.7 |    52.7 
 abcijk-ejab-ikec |   6144 |   6144 |    24 | 1.00 | 0.75 |        54.1 |    63.4 |    54.2 
 abcijk-ejac-ikeb |   6144 |   6144 |    24 | 1.00 | 0.75 |        49.2 |    56.1 |    50.0 
 abcijk-ejbc-ikea |   4096 |   9216 |    24 | 1.00 | 0.99 |        49.9 |    57.6 |    50.3 
 abcijk-ekab-ijec |   6144 |   6144 |    24 | 1.00 | 0.75 |        54.3 |    63.7 |    54.6 
 abcijk-ekac-ijeb |   6144 |   6144 |    24 | 1.00 | 0.75 |        49.2 |    56.1 |    50.3 
 abcijk-ekbc-ijea |   4096 |   9216 |    24 | 1.00 | 0.99 |        50.0 |    57.6 |    50.6 
       abc-bk-akc |    216 |  44064 |   204 | 1.00 | 1.00 |        67.3 |    66.7 |    61.7 

=== complex efficiency ratio (c32 GF/s over f32 GF/s; 1.0 = no penalty) ===
             case | planar c32/f32 | 1m c32/f32 | 3m c32/f32 
------------------+----------------+------------+------------
         ij-ik-kj |          1.065 |      1.079 |      1.061 
       ij-ikl-ljk |          1.482 |      1.406 |      1.382 
       ij-kil-lkj |          1.353 |      1.361 |      1.355 
       ijk-ikl-lj |          1.264 |      1.299 |      1.184 
       ijk-il-jlk |          1.239 |      1.246 |      1.186 
       ijk-ilk-jl |          1.319 |      1.314 |      1.220 
       ijk-ilk-lj |          1.331 |      1.323 |      1.198 
     ijk-ilmk-mjl |          1.396 |      1.264 |      1.164 
   ijkl-imjn-lnkm |          1.072 |      1.071 |      1.062 
   ijkl-imjn-nlmk |          1.100 |      1.100 |      1.074 
   ijkl-imkn-jnlm |          1.135 |      1.172 |      1.108 
   ijkl-imkn-njml |          1.165 |      1.212 |      1.144 
   ijkl-imln-jnkm |          1.114 |      1.154 |      1.092 
   ijkl-imln-njmk |          1.140 |      1.183 |      1.108 
   ijkl-imnj-nlkm |          1.100 |      1.105 |      1.079 
   ijkl-imnk-njml |          1.157 |      1.204 |      1.119 
   ijkl-minj-nlmk |          1.111 |      1.117 |      1.098 
   ijkl-mink-jnlm |          1.137 |      1.174 |      1.117 
   ijkl-minl-njmk |          1.148 |      1.193 |      1.123 
     aqrs-pa-pqrs |          1.303 |      1.450 |      1.351 
     abrs-qb-aqrs |          1.294 |      1.247 |      1.134 
     abcs-rc-abrs |          1.255 |      1.342 |      1.134 
       abj-bka-kj |          1.201 |      1.199 |      1.193 
       ajb-kba-jk |          1.195 |      1.259 |      1.185 
     abjc-cbka-kj |          1.902 |      1.412 |      1.617 
     ajbc-ckba-jk |          1.400 |      1.122 |      1.268 
     abjc-kbac-jk |          1.202 |      1.281 |      1.244 
   abjcd-dkbac-jk |          1.966 |      1.511 |      1.709 
   adbjc-cbdka-kj |          2.195 |      1.696 |      1.924 
   ajbdc-ckbad-jk |          2.419 |      1.901 |      2.121 
 abcijk-ijma-mkbc |          1.708 |      1.968 |      1.714 
 abcijk-ijmb-mkac |          1.887 |      2.152 |      1.911 
 abcijk-ijmc-mkab |          1.295 |      1.528 |      1.304 
 abcijk-ikma-mjbc |          1.701 |      1.968 |      1.722 
 abcijk-ikmb-mjac |          1.880 |      2.152 |      1.908 
 abcijk-ikmc-mjab |          1.301 |      1.514 |      1.293 
 abcijk-jkma-mibc |          1.709 |      1.964 |      1.738 
 abcijk-jkmb-miac |          1.860 |      2.109 |      1.894 
 abcijk-jkmc-miab |          1.278 |      1.459 |      1.256 
 abcijk-eiab-jkec |          1.275 |      1.459 |      1.253 
 abcijk-eiac-jkeb |          1.863 |      2.123 |      1.898 
 abcijk-eibc-jkea |          1.710 |      1.976 |      1.745 
 abcijk-ejab-ikec |          1.288 |      1.509 |      1.290 
 abcijk-ejac-ikeb |          1.879 |      2.142 |      1.909 
 abcijk-ejbc-ikea |          1.707 |      1.969 |      1.721 
 abcijk-ekab-ijec |          1.309 |      1.537 |      1.316 
 abcijk-ekac-ijeb |          1.886 |      2.151 |      1.927 
 abcijk-ekbc-ijea |          1.706 |      1.967 |      1.728 
       abc-bk-akc |          1.315 |      1.303 |      1.206 
             MEAN |          1.443 |      1.497 |      1.398 

wrote bench-results/worker5040-zen2/phase4e/bl-ck128-f32c32.csv
