host        : worker5040
target      : x86_64 / linux
cpu features: avx2 fma 
caches      : L1=32KiB/8-way/1sh L2=512KiB/8-way/1sh L3=16384KiB/16-way/4sh (via sysfs), blocking=legacy
baselines   : tblis=false blas=false

sweeping 49 cases at 64 MiB nominal tensor size, 3 reps, stress=none


=== f64 ===
             case |      m |      n |     k | regA | regB | planar GF/s | 1m GF/s | 3m GF/s 
------------------+--------+--------+-------+------+------+-------------+---------+---------
         ij-ik-kj |   2904 |   2896 |  2904 | 1.00 | 1.00 |        36.4 |    36.4 |    36.4 
       ij-ikl-ljk |    216 |    204 | 44064 | 1.00 | 1.00 |        30.0 |    30.0 |    30.0 
       ij-kil-lkj |    216 |    204 | 46656 | 1.00 | 1.00 |        29.7 |    29.7 |    29.7 
       ijk-ikl-lj |  44064 |    204 |   216 | 1.00 | 1.00 |        30.4 |    30.4 |    30.4 
       ijk-il-jlk |    216 |  44064 |   204 | 1.00 | 1.00 |        30.9 |    30.9 |    30.9 
       ijk-ilk-jl |  44064 |    216 |   204 | 1.00 | 1.00 |        32.4 |    32.4 |    32.4 
       ijk-ilk-lj |  44064 |    204 |   216 | 1.00 | 1.00 |        33.1 |    33.1 |    33.1 
     ijk-ilmk-mjl |   3744 |     52 |  3744 | 1.00 | 1.00 |        27.0 |    27.0 |    27.0 
   ijkl-imjn-lnkm |   3744 |   3744 |  2704 | 1.00 | 0.92 |        36.5 |    36.5 |    36.5 
   ijkl-imjn-nlmk |   3744 |   2704 |  3744 | 1.00 | 0.92 |        36.2 |    36.2 |    36.2 
   ijkl-imkn-jnlm |   3744 |   3744 |  2704 | 1.00 | 1.00 |        33.7 |    33.7 |    33.7 
   ijkl-imkn-njml |   3744 |   2704 |  3744 | 1.00 | 0.92 |        33.8 |    33.8 |    33.8 
   ijkl-imln-jnkm |   3744 |   3744 |  2704 | 1.00 | 1.00 |        33.8 |    33.8 |    33.8 
   ijkl-imln-njmk |   3744 |   2704 |  3744 | 1.00 | 0.92 |        33.9 |    33.9 |    33.9 
   ijkl-imnj-nlkm |   3744 |   2704 |  3744 | 1.00 | 0.92 |        36.2 |    36.2 |    36.2 
   ijkl-imnk-njml |   3744 |   2704 |  3744 | 1.00 | 0.92 |        33.8 |    33.8 |    33.8 
   ijkl-minj-nlmk |   3744 |   2704 |  5184 | 1.00 | 0.92 |        35.8 |    35.8 |    35.8 
   ijkl-mink-jnlm |   3744 |   3744 |  3744 | 1.00 | 1.00 |        33.6 |    33.6 |    33.6 
   ijkl-minl-njmk |   3744 |   2704 |  5184 | 1.00 | 0.92 |        33.6 |    33.6 |    33.6 
     aqrs-pa-pqrs |     72 | 140608 |    72 | 1.00 | 1.00 |        24.5 |    24.5 |    24.5 
     abrs-qb-aqrs |     52 | 194688 |    72 | 1.00 | 1.00 |        24.2 |    24.2 |    24.2 
     abcs-rc-abrs |     52 | 194688 |    72 | 1.00 | 1.00 |        23.9 |    23.9 |    23.9 
       abj-bka-kj |  46656 |    204 |   216 | 1.00 | 1.00 |        31.8 |    31.8 |    31.8 
       ajb-kba-jk |  44064 |    216 |   216 | 1.00 | 1.00 |        33.4 |    33.4 |    33.4 
     abjc-cbka-kj | 269568 |     52 |    72 | 1.00 | 1.00 |        11.6 |    11.6 |    11.6 
     ajbc-ckba-jk | 269568 |     72 |    52 | 1.00 | 1.00 |        18.4 |    18.4 |    18.4 
     abjc-kbac-jk | 194688 |     72 |    72 | 1.00 | 1.00 |        31.0 |    31.0 |    31.0 
   abjcd-dkbac-jk | 331776 |     24 |    24 | 1.00 | 1.00 |         5.6 |     5.6 |     5.6 
   adbjc-cbdka-kj | 331776 |     24 |    24 | 1.00 | 1.00 |         4.6 |     4.6 |     4.6 
   ajbdc-ckbad-jk | 331776 |     24 |    24 | 1.00 | 1.00 |         5.4 |     5.4 |     5.4 
 abcijk-ijma-mkbc |   9216 |   4096 |    24 | 1.00 | 0.99 |        21.1 |    21.1 |    21.1 
 abcijk-ijmb-mkac |   6144 |   6144 |    24 | 1.00 | 0.75 |        20.0 |    20.0 |    20.0 
 abcijk-ijmc-mkab |   6144 |   6144 |    24 | 1.00 | 0.75 |        24.1 |    24.1 |    24.1 
 abcijk-ikma-mjbc |   9216 |   4096 |    24 | 1.00 | 0.99 |        21.0 |    21.0 |    21.0 
 abcijk-ikmb-mjac |   6144 |   6144 |    24 | 1.00 | 0.75 |        19.9 |    19.9 |    19.9 
 abcijk-ikmc-mjab |   6144 |   6144 |    24 | 1.00 | 0.75 |        24.1 |    24.1 |    24.1 
 abcijk-jkma-mibc |   9216 |   4096 |    24 | 1.00 | 0.99 |        22.2 |    22.2 |    22.2 
 abcijk-jkmb-miac |   6144 |   6144 |    24 | 1.00 | 0.75 |        19.8 |    19.8 |    19.8 
 abcijk-jkmc-miab |   6144 |   6144 |    24 | 1.00 | 0.75 |        23.6 |    23.6 |    23.6 
 abcijk-eiab-jkec |   6144 |   6144 |    24 | 1.00 | 0.75 |        23.7 |    23.7 |    23.7 
 abcijk-eiac-jkeb |   6144 |   6144 |    24 | 1.00 | 0.75 |        19.8 |    19.8 |    19.8 
 abcijk-eibc-jkea |   4096 |   9216 |    24 | 1.00 | 0.99 |        22.2 |    22.2 |    22.2 
 abcijk-ejab-ikec |   6144 |   6144 |    24 | 1.00 | 0.75 |        24.0 |    24.0 |    24.0 
 abcijk-ejac-ikeb |   6144 |   6144 |    24 | 1.00 | 0.75 |        19.9 |    19.9 |    19.9 
 abcijk-ejbc-ikea |   4096 |   9216 |    24 | 1.00 | 0.99 |        21.1 |    21.1 |    21.1 
 abcijk-ekab-ijec |   6144 |   6144 |    24 | 1.00 | 0.75 |        24.0 |    24.0 |    24.0 
 abcijk-ekac-ijeb |   6144 |   6144 |    24 | 1.00 | 0.75 |        19.9 |    19.9 |    19.9 
 abcijk-ekbc-ijea |   4096 |   9216 |    24 | 1.00 | 0.99 |        21.1 |    21.1 |    21.1 
       abc-bk-akc |    216 |  44064 |   204 | 1.00 | 1.00 |        32.9 |    32.9 |    32.9 

=== c64 ===
             case |      m |      n |     k | regA | regB | planar GF/s | 1m GF/s | 3m GF/s 
------------------+--------+--------+-------+------+------+-------------+---------+---------
         ij-ik-kj |   2904 |   2896 |  2904 | 1.00 | 1.00 |        40.2 |    42.0 |    41.0 
       ij-ikl-ljk |    216 |    204 | 44064 | 1.00 | 1.00 |        36.4 |    37.5 |    32.5 
       ij-kil-lkj |    216 |    204 | 46656 | 1.00 | 1.00 |        36.2 |    37.1 |    34.9 
       ijk-ikl-lj |  44064 |    204 |   216 | 1.00 | 1.00 |        37.5 |    38.3 |    36.3 
       ijk-il-jlk |    216 |  44064 |   204 | 1.00 | 0.98 |        38.2 |    39.8 |    36.5 
       ijk-ilk-jl |  44064 |    216 |   204 | 1.00 | 1.00 |        38.1 |    39.8 |    36.1 
       ijk-ilk-lj |  44064 |    204 |   216 | 1.00 | 1.00 |        38.8 |    39.8 |    36.0 
     ijk-ilmk-mjl |   3744 |     52 |  3744 | 1.00 | 1.00 |        33.0 |    33.6 |    26.9 
   ijkl-imjn-lnkm |   3744 |   3744 |  2704 | 1.00 | 0.92 |        40.6 |    41.8 |    40.2 
   ijkl-imjn-nlmk |   3744 |   2704 |  3744 | 1.00 | 0.92 |        40.6 |    41.6 |    40.2 
   ijkl-imkn-jnlm |   3744 |   3744 |  2704 | 1.00 | 0.95 |        38.0 |    39.8 |    36.4 
   ijkl-imkn-njml |   3744 |   2704 |  3744 | 1.00 | 0.92 |        38.1 |    39.7 |    36.8 
   ijkl-imln-jnkm |   3744 |   3744 |  2704 | 1.00 | 0.95 |        38.0 |    39.5 |    36.4 
   ijkl-imln-njmk |   3744 |   2704 |  3744 | 1.00 | 0.92 |        38.0 |    39.5 |    36.5 
   ijkl-imnj-nlkm |   3744 |   2704 |  3744 | 1.00 | 0.92 |        40.5 |    41.7 |    40.2 
   ijkl-imnk-njml |   3744 |   2704 |  3744 | 1.00 | 0.92 |        38.1 |    39.9 |    36.3 
   ijkl-minj-nlmk |   3744 |   2704 |  5184 | 1.00 | 0.92 |        40.4 |    41.4 |    40.8 
   ijkl-mink-jnlm |   3744 |   3744 |  3744 | 1.00 | 0.95 |        37.9 |    39.8 |    37.0 
   ijkl-minl-njmk |   3744 |   2704 |  5184 | 1.00 | 0.92 |        37.7 |    39.0 |    36.5 
     aqrs-pa-pqrs |     72 | 140608 |    72 | 1.00 | 1.00 |        32.6 |    35.1 |    32.6 
     abrs-qb-aqrs |     52 | 194688 |    72 | 1.00 | 1.00 |        30.3 |    32.3 |    25.8 
     abcs-rc-abrs |     52 | 194688 |    72 | 1.00 | 1.00 |        29.5 |    33.0 |    29.5 
       abj-bka-kj |  46656 |    204 |   216 | 1.00 | 1.00 |        37.9 |    38.6 |    38.2 
       ajb-kba-jk |  44064 |    216 |   216 | 1.00 | 1.00 |        38.7 |    40.6 |    40.0 
     abjc-cbka-kj | 269568 |     52 |    72 | 1.00 | 1.00 |        20.7 |    18.6 |    20.9 
     ajbc-ckba-jk | 269568 |     72 |    52 | 1.00 | 1.00 |        22.3 |    21.0 |    22.2 
     abjc-kbac-jk | 194688 |     72 |    72 | 1.00 | 1.00 |        35.9 |    38.7 |    37.4 
   abjcd-dkbac-jk | 331776 |     24 |    24 | 1.00 | 1.00 |        12.3 |    10.7 |    11.6 
   adbjc-cbdka-kj | 331776 |     24 |    24 | 1.00 | 1.00 |        11.0 |     9.4 |    10.4 
   ajbdc-ckbad-jk | 331776 |     24 |    24 | 1.00 | 1.00 |        11.7 |    10.2 |    11.1 
 abcijk-ijma-mkbc |   9216 |   4096 |    24 | 1.00 | 0.99 |        27.3 |    30.6 |    26.7 
 abcijk-ijmb-mkac |   6144 |   6144 |    24 | 1.00 | 0.75 |        27.1 |    30.0 |    26.4 
 abcijk-ijmc-mkab |   6144 |   6144 |    24 | 1.00 | 0.75 |        29.9 |    34.0 |    29.4 
 abcijk-ikma-mjbc |   9216 |   4096 |    24 | 1.00 | 0.99 |        27.3 |    30.6 |    26.7 
 abcijk-ikmb-mjac |   6144 |   6144 |    24 | 1.00 | 0.75 |        27.1 |    30.0 |    26.5 
 abcijk-ikmc-mjab |   6144 |   6144 |    24 | 1.00 | 0.75 |        29.8 |    33.9 |    29.4 
 abcijk-jkma-mibc |   9216 |   4096 |    24 | 1.00 | 0.99 |        27.3 |    30.6 |    26.9 
 abcijk-jkmb-miac |   6144 |   6144 |    24 | 1.00 | 0.75 |        26.9 |    29.4 |    25.9 
 abcijk-jkmc-miab |   6144 |   6144 |    24 | 1.00 | 0.75 |        29.3 |    32.2 |    28.2 
 abcijk-eiab-jkec |   6144 |   6144 |    24 | 1.00 | 0.75 |        29.4 |    32.4 |    28.2 
 abcijk-eiac-jkeb |   6144 |   6144 |    24 | 1.00 | 0.75 |        26.9 |    29.4 |    25.9 
 abcijk-eibc-jkea |   4096 |   9216 |    24 | 1.00 | 0.99 |        27.2 |    30.6 |    27.0 
 abcijk-ejab-ikec |   6144 |   6144 |    24 | 1.00 | 0.75 |        29.9 |    34.0 |    29.4 
 abcijk-ejac-ikeb |   6144 |   6144 |    24 | 1.00 | 0.75 |        27.2 |    30.0 |    26.5 
 abcijk-ejbc-ikea |   4096 |   9216 |    24 | 1.00 | 0.99 |        27.2 |    30.6 |    26.8 
 abcijk-ekab-ijec |   6144 |   6144 |    24 | 1.00 | 0.75 |        30.0 |    34.0 |    29.5 
 abcijk-ekac-ijeb |   6144 |   6144 |    24 | 1.00 | 0.75 |        27.2 |    30.0 |    26.4 
 abcijk-ekbc-ijea |   4096 |   9216 |    24 | 1.00 | 0.99 |        27.3 |    30.6 |    26.8 
       abc-bk-akc |    216 |  44064 |   204 | 1.00 | 1.00 |        38.3 |    40.0 |    36.6 

=== complex efficiency ratio (c64 GF/s over f64 GF/s; 1.0 = no penalty) ===
             case | planar c64/f64 | 1m c64/f64 | 3m c64/f64 
------------------+----------------+------------+------------
         ij-ik-kj |          1.105 |      1.153 |      1.124 
       ij-ikl-ljk |          1.215 |      1.250 |      1.084 
       ij-kil-lkj |          1.219 |      1.251 |      1.176 
       ijk-ikl-lj |          1.232 |      1.258 |      1.195 
       ijk-il-jlk |          1.237 |      1.290 |      1.182 
       ijk-ilk-jl |          1.174 |      1.226 |      1.113 
       ijk-ilk-lj |          1.172 |      1.203 |      1.088 
     ijk-ilmk-mjl |          1.223 |      1.245 |      0.999 
   ijkl-imjn-lnkm |          1.112 |      1.145 |      1.102 
   ijkl-imjn-nlmk |          1.122 |      1.151 |      1.111 
   ijkl-imkn-jnlm |          1.130 |      1.181 |      1.082 
   ijkl-imkn-njml |          1.125 |      1.172 |      1.088 
   ijkl-imln-jnkm |          1.126 |      1.169 |      1.079 
   ijkl-imln-njmk |          1.121 |      1.165 |      1.077 
   ijkl-imnj-nlkm |          1.119 |      1.152 |      1.110 
   ijkl-imnk-njml |          1.127 |      1.178 |      1.072 
   ijkl-minj-nlmk |          1.128 |      1.156 |      1.139 
   ijkl-mink-jnlm |          1.130 |      1.185 |      1.102 
   ijkl-minl-njmk |          1.124 |      1.162 |      1.087 
     aqrs-pa-pqrs |          1.329 |      1.431 |      1.331 
     abrs-qb-aqrs |          1.253 |      1.335 |      1.069 
     abcs-rc-abrs |          1.234 |      1.380 |      1.233 
       abj-bka-kj |          1.193 |      1.214 |      1.203 
       ajb-kba-jk |          1.157 |      1.215 |      1.195 
     abjc-cbka-kj |          1.792 |      1.608 |      1.812 
     ajbc-ckba-jk |          1.217 |      1.142 |      1.207 
     abjc-kbac-jk |          1.157 |      1.248 |      1.205 
   abjcd-dkbac-jk |          2.211 |      1.919 |      2.073 
   adbjc-cbdka-kj |          2.418 |      2.068 |      2.280 
   ajbdc-ckbad-jk |          2.189 |      1.911 |      2.069 
 abcijk-ijma-mkbc |          1.294 |      1.454 |      1.269 
 abcijk-ijmb-mkac |          1.356 |      1.502 |      1.322 
 abcijk-ijmc-mkab |          1.244 |      1.412 |      1.224 
 abcijk-ikma-mjbc |          1.301 |      1.457 |      1.273 
 abcijk-ikmb-mjac |          1.364 |      1.511 |      1.332 
 abcijk-ikmc-mjab |          1.240 |      1.408 |      1.222 
 abcijk-jkma-mibc |          1.228 |      1.377 |      1.212 
 abcijk-jkmb-miac |          1.355 |      1.482 |      1.305 
 abcijk-jkmc-miab |          1.240 |      1.364 |      1.193 
 abcijk-eiab-jkec |          1.244 |      1.368 |      1.192 
 abcijk-eiac-jkeb |          1.358 |      1.487 |      1.310 
 abcijk-eibc-jkea |          1.223 |      1.376 |      1.213 
 abcijk-ejab-ikec |          1.246 |      1.414 |      1.226 
 abcijk-ejac-ikeb |          1.364 |      1.508 |      1.330 
 abcijk-ejbc-ikea |          1.291 |      1.449 |      1.270 
 abcijk-ekab-ijec |          1.248 |      1.416 |      1.228 
 abcijk-ekac-ijeb |          1.367 |      1.509 |      1.329 
 abcijk-ekbc-ijea |          1.293 |      1.453 |      1.273 
       abc-bk-akc |          1.163 |      1.215 |      1.111 
             MEAN |          1.296 |      1.354 |      1.256 

wrote bench-results/worker5040-zen2/phase4e/bl-ck128-f64c64.csv
