host        : worker5040
target      : x86_64 / linux
cpu features: avx2 fma 
caches      : L1=32KiB/8-way/1sh L2=512KiB/8-way/1sh L3=16384KiB/16-way/4sh (via sysfs), blocking=legacy
baselines   : tblis=false blas=false

sweeping 49 cases at 64 MiB nominal tensor size, 3 reps, stress=none


=== f32 ===
             case |      m |      n |     k | regA | regB | planar GF/s | 1m GF/s | 3m GF/s 
------------------+--------+--------+-------+------+------+-------------+---------+---------
         ij-ik-kj |   2904 |   2896 |  2904 | 1.00 | 1.00 |        79.4 |    79.4 |    79.4 
       ij-ikl-ljk |    216 |    204 | 44064 | 1.00 | 1.00 |        46.9 |    46.9 |    46.9 
       ij-kil-lkj |    216 |    204 | 46656 | 1.00 | 1.00 |        51.5 |    51.5 |    51.5 
       ijk-ikl-lj |  44064 |    204 |   216 | 1.00 | 1.00 |        66.8 |    66.8 |    66.8 
       ijk-il-jlk |    216 |  44064 |   204 | 1.00 | 1.00 |        69.0 |    69.0 |    69.0 
       ijk-ilk-jl |  44064 |    216 |   204 | 0.96 | 1.00 |        64.8 |    64.8 |    64.8 
       ijk-ilk-lj |  44064 |    204 |   216 | 0.96 | 1.00 |        64.6 |    64.6 |    64.6 
     ijk-ilmk-mjl |   3744 |     52 |  3744 | 0.89 | 1.00 |        44.7 |    44.7 |    44.7 
   ijkl-imjn-lnkm |   3744 |   3744 |  2704 | 0.89 | 0.92 |        78.9 |    78.9 |    78.9 
   ijkl-imjn-nlmk |   3744 |   2704 |  3744 | 0.89 | 0.92 |        78.4 |    78.4 |    78.4 
   ijkl-imkn-jnlm |   3744 |   3744 |  2704 | 0.89 | 1.00 |        74.3 |    74.3 |    74.3 
   ijkl-imkn-njml |   3744 |   2704 |  3744 | 0.89 | 0.92 |        73.5 |    73.5 |    73.5 
   ijkl-imln-jnkm |   3744 |   3744 |  2704 | 0.89 | 1.00 |        75.2 |    75.2 |    75.2 
   ijkl-imln-njmk |   3744 |   2704 |  3744 | 0.89 | 0.92 |        74.2 |    74.2 |    74.2 
   ijkl-imnj-nlkm |   3744 |   2704 |  3744 | 0.89 | 0.92 |        78.7 |    78.7 |    78.7 
   ijkl-imnk-njml |   3744 |   2704 |  3744 | 0.89 | 0.92 |        73.1 |    73.1 |    73.1 
   ijkl-minj-nlmk |   3744 |   2704 |  5184 | 0.89 | 0.92 |        77.9 |    77.9 |    77.9 
   ijkl-mink-jnlm |   3744 |   3744 |  3744 | 0.89 | 1.00 |        74.6 |    74.6 |    74.6 
   ijkl-minl-njmk |   3744 |   2704 |  5184 | 0.89 | 0.92 |        73.1 |    73.1 |    73.1 
     aqrs-pa-pqrs |     72 | 140608 |    72 | 1.00 | 1.00 |        44.5 |    44.5 |    44.5 
     abrs-qb-aqrs |     52 | 194688 |    72 | 0.89 | 1.00 |        43.0 |    43.0 |    43.0 
     abcs-rc-abrs |     52 | 194688 |    72 | 1.00 | 1.00 |        48.8 |    48.8 |    48.8 
       abj-bka-kj |  46656 |    204 |   216 | 0.96 | 1.00 |        68.1 |    68.1 |    68.1 
       ajb-kba-jk |  44064 |    216 |   216 | 0.96 | 1.00 |        78.0 |    78.0 |    78.0 
     abjc-cbka-kj | 269568 |     52 |    72 | 0.89 | 1.00 |        16.5 |    16.5 |    16.5 
     ajbc-ckba-jk | 269568 |     72 |    52 | 0.89 | 1.00 |        32.5 |    32.5 |    32.5 
     abjc-kbac-jk | 194688 |     72 |    72 | 0.89 | 1.00 |        55.2 |    55.2 |    55.2 
   abjcd-dkbac-jk | 331776 |     24 |    24 | 0.67 | 1.00 |         8.4 |     8.4 |     8.4 
   adbjc-cbdka-kj | 331776 |     24 |    24 | 0.67 | 1.00 |         6.3 |     6.3 |     6.3 
   ajbdc-ckbad-jk | 331776 |     24 |    24 | 1.00 | 1.00 |         6.5 |     6.5 |     6.5 
 abcijk-ijma-mkbc |   9216 |   4096 |    24 | 1.00 | 1.00 |        28.4 |    28.4 |    28.4 
 abcijk-ijmb-mkac |   6144 |   6144 |    24 | 1.00 | 1.00 |        25.7 |    25.7 |    25.7 
 abcijk-ijmc-mkab |   6144 |   6144 |    24 | 1.00 | 0.75 |        42.7 |    42.7 |    42.7 
 abcijk-ikma-mjbc |   9216 |   4096 |    24 | 1.00 | 1.00 |        28.4 |    28.4 |    28.4 
 abcijk-ikmb-mjac |   6144 |   6144 |    24 | 1.00 | 1.00 |        25.8 |    25.8 |    25.8 
 abcijk-ikmc-mjab |   6144 |   6144 |    24 | 1.00 | 0.75 |        43.4 |    43.4 |    43.4 
 abcijk-jkma-mibc |   9216 |   4096 |    24 | 1.00 | 1.00 |        30.2 |    30.2 |    30.2 
 abcijk-jkmb-miac |   6144 |   6144 |    24 | 1.00 | 1.00 |        25.9 |    25.9 |    25.9 
 abcijk-jkmc-miab |   6144 |   6144 |    24 | 1.00 | 0.75 |        40.4 |    40.4 |    40.4 
 abcijk-eiab-jkec |   6144 |   6144 |    24 | 1.00 | 0.75 |        40.4 |    40.4 |    40.4 
 abcijk-eiac-jkeb |   6144 |   6144 |    24 | 1.00 | 1.00 |        26.0 |    26.0 |    26.0 
 abcijk-eibc-jkea |   4096 |   9216 |    24 | 1.00 | 1.00 |        30.2 |    30.2 |    30.2 
 abcijk-ejab-ikec |   6144 |   6144 |    24 | 1.00 | 0.75 |        43.3 |    43.3 |    43.3 
 abcijk-ejac-ikeb |   6144 |   6144 |    24 | 1.00 | 1.00 |        26.3 |    26.3 |    26.3 
 abcijk-ejbc-ikea |   4096 |   9216 |    24 | 1.00 | 1.00 |        28.8 |    28.8 |    28.8 
 abcijk-ekab-ijec |   6144 |   6144 |    24 | 1.00 | 0.75 |        43.7 |    43.7 |    43.7 
 abcijk-ekac-ijeb |   6144 |   6144 |    24 | 1.00 | 1.00 |        26.1 |    26.1 |    26.1 
 abcijk-ekbc-ijea |   4096 |   9216 |    24 | 1.00 | 1.00 |        28.5 |    28.5 |    28.5 
       abc-bk-akc |    216 |  44064 |   204 | 0.96 | 1.00 |        65.4 |    65.4 |    65.4 

=== c32 ===
             case |      m |      n |     k | regA | regB | planar GF/s | 1m GF/s | 3m GF/s 
------------------+--------+--------+-------+------+------+-------------+---------+---------
         ij-ik-kj |   2904 |   2896 |  2904 | 1.00 | 1.00 |        82.2 |    84.8 |    82.2 
       ij-ikl-ljk |    216 |    204 | 44064 | 1.00 | 1.00 |        70.0 |    66.7 |    65.6 
       ij-kil-lkj |    216 |    204 | 46656 | 1.00 | 1.00 |        70.5 |    71.1 |    70.2 
       ijk-ikl-lj |  44064 |    204 |   216 | 1.00 | 1.00 |        76.0 |    78.2 |    79.4 
       ijk-il-jlk |    216 |  44064 |   204 | 1.00 | 0.98 |        80.8 |    83.5 |    78.2 
       ijk-ilk-jl |  44064 |    216 |   204 | 1.00 | 1.00 |        80.5 |    80.9 |    78.6 
       ijk-ilk-lj |  44064 |    204 |   216 | 1.00 | 1.00 |        81.5 |    81.3 |    77.7 
     ijk-ilmk-mjl |   3744 |     52 |  3744 | 1.00 | 1.00 |        61.8 |    62.8 |    57.8 
   ijkl-imjn-lnkm |   3744 |   3744 |  2704 | 1.00 | 0.92 |        82.7 |    85.9 |    82.8 
   ijkl-imjn-nlmk |   3744 |   2704 |  3744 | 1.00 | 0.92 |        82.5 |    85.8 |    82.5 
   ijkl-imkn-jnlm |   3744 |   3744 |  2704 | 1.00 | 0.95 |        80.2 |    83.5 |    80.5 
   ijkl-imkn-njml |   3744 |   2704 |  3744 | 1.00 | 0.92 |        79.9 |    83.5 |    80.0 
   ijkl-imln-jnkm |   3744 |   3744 |  2704 | 1.00 | 0.95 |        80.6 |    83.7 |    80.8 
   ijkl-imln-njmk |   3744 |   2704 |  3744 | 1.00 | 0.92 |        80.4 |    83.6 |    80.5 
   ijkl-imnj-nlkm |   3744 |   2704 |  3744 | 1.00 | 0.92 |        82.7 |    86.0 |    82.7 
   ijkl-imnk-njml |   3744 |   2704 |  3744 | 1.00 | 0.92 |        80.3 |    83.7 |    80.2 
   ijkl-minj-nlmk |   3744 |   2704 |  5184 | 1.00 | 0.92 |        82.1 |    85.6 |    82.8 
   ijkl-mink-jnlm |   3744 |   3744 |  3744 | 1.00 | 0.95 |        80.3 |    83.7 |    81.2 
   ijkl-minl-njmk |   3744 |   2704 |  5184 | 1.00 | 0.92 |        79.6 |    83.1 |    80.2 
     aqrs-pa-pqrs |     72 | 140608 |    72 | 1.00 | 1.00 |        57.9 |    64.1 |    57.2 
     abrs-qb-aqrs |     52 | 194688 |    72 | 1.00 | 1.00 |        55.2 |    51.9 |    49.5 
     abcs-rc-abrs |     52 | 194688 |    72 | 1.00 | 1.00 |        59.4 |    65.2 |    59.3 
       abj-bka-kj |  46656 |    204 |   216 | 1.00 | 1.00 |        78.1 |    79.4 |    80.0 
       ajb-kba-jk |  44064 |    216 |   216 | 1.00 | 1.00 |        84.8 |    88.6 |    87.6 
     abjc-cbka-kj | 269568 |     52 |    72 | 1.00 | 1.00 |        31.0 |    23.5 |    27.0 
     ajbc-ckba-jk | 269568 |     72 |    52 | 1.00 | 1.00 |        45.0 |    35.7 |    40.1 
     abjc-kbac-jk | 194688 |     72 |    72 | 1.00 | 1.00 |        67.2 |    70.5 |    69.9 
   abjcd-dkbac-jk | 331776 |     24 |    24 | 1.00 | 1.00 |        16.7 |    13.6 |    14.9 
   adbjc-cbdka-kj | 331776 |     24 |    24 | 1.00 | 1.00 |        14.1 |    11.2 |    12.5 
   ajbdc-ckbad-jk | 331776 |     24 |    24 | 1.00 | 1.00 |        16.0 |    13.4 |    14.7 
 abcijk-ijma-mkbc |   9216 |   4096 |    24 | 1.00 | 0.99 |        52.5 |    61.2 |    52.6 
 abcijk-ijmb-mkac |   6144 |   6144 |    24 | 1.00 | 0.75 |        49.5 |    57.3 |    50.2 
 abcijk-ijmc-mkab |   6144 |   6144 |    24 | 1.00 | 0.75 |        54.5 |    63.7 |    53.4 
 abcijk-ikma-mjbc |   9216 |   4096 |    24 | 1.00 | 0.99 |        52.4 |    61.2 |    52.7 
 abcijk-ikmb-mjac |   6144 |   6144 |    24 | 1.00 | 0.75 |        49.7 |    57.6 |    50.5 
 abcijk-ikmc-mjab |   6144 |   6144 |    24 | 1.00 | 0.75 |        54.4 |    64.1 |    53.5 
 abcijk-jkma-mibc |   9216 |   4096 |    24 | 1.00 | 0.99 |        52.8 |    61.7 |    52.7 
 abcijk-jkmb-miac |   6144 |   6144 |    24 | 1.00 | 0.75 |        49.2 |    55.7 |    50.3 
 abcijk-jkmc-miab |   6144 |   6144 |    24 | 1.00 | 0.75 |        52.4 |    60.1 |    52.2 
 abcijk-eiab-jkec |   6144 |   6144 |    24 | 1.00 | 0.75 |        52.8 |    60.4 |    52.3 
 abcijk-eiac-jkeb |   6144 |   6144 |    24 | 1.00 | 0.75 |        49.1 |    55.8 |    50.5 
 abcijk-eibc-jkea |   4096 |   9216 |    24 | 1.00 | 0.99 |        52.9 |    61.5 |    52.7 
 abcijk-ejab-ikec |   6144 |   6144 |    24 | 1.00 | 0.75 |        54.4 |    64.1 |    53.6 
 abcijk-ejac-ikeb |   6144 |   6144 |    24 | 1.00 | 0.75 |        50.0 |    57.7 |    50.5 
 abcijk-ejbc-ikea |   4096 |   9216 |    24 | 1.00 | 0.99 |        52.6 |    61.7 |    52.8 
 abcijk-ekab-ijec |   6144 |   6144 |    24 | 1.00 | 0.75 |        54.5 |    64.2 |    53.5 
 abcijk-ekac-ijeb |   6144 |   6144 |    24 | 1.00 | 0.75 |        50.2 |    57.9 |    50.8 
 abcijk-ekbc-ijea |   4096 |   9216 |    24 | 1.00 | 0.99 |        52.9 |    61.7 |    52.6 
       abc-bk-akc |    216 |  44064 |   204 | 1.00 | 1.00 |        81.6 |    78.9 |    78.3 

=== complex efficiency ratio (c32 GF/s over f32 GF/s; 1.0 = no penalty) ===
             case | planar c32/f32 | 1m c32/f32 | 3m c32/f32 
------------------+----------------+------------+------------
         ij-ik-kj |          1.036 |      1.068 |      1.036 
       ij-ikl-ljk |          1.492 |      1.423 |      1.399 
       ij-kil-lkj |          1.368 |      1.380 |      1.362 
       ijk-ikl-lj |          1.138 |      1.171 |      1.188 
       ijk-il-jlk |          1.171 |      1.211 |      1.133 
       ijk-ilk-jl |          1.243 |      1.248 |      1.212 
       ijk-ilk-lj |          1.261 |      1.258 |      1.202 
     ijk-ilmk-mjl |          1.382 |      1.406 |      1.295 
   ijkl-imjn-lnkm |          1.048 |      1.089 |      1.050 
   ijkl-imjn-nlmk |          1.053 |      1.095 |      1.053 
   ijkl-imkn-jnlm |          1.079 |      1.124 |      1.083 
   ijkl-imkn-njml |          1.088 |      1.136 |      1.089 
   ijkl-imln-jnkm |          1.072 |      1.113 |      1.075 
   ijkl-imln-njmk |          1.084 |      1.127 |      1.085 
   ijkl-imnj-nlkm |          1.050 |      1.092 |      1.051 
   ijkl-imnk-njml |          1.099 |      1.145 |      1.097 
   ijkl-minj-nlmk |          1.053 |      1.098 |      1.062 
   ijkl-mink-jnlm |          1.076 |      1.123 |      1.089 
   ijkl-minl-njmk |          1.089 |      1.136 |      1.097 
     aqrs-pa-pqrs |          1.301 |      1.442 |      1.285 
     abrs-qb-aqrs |          1.284 |      1.206 |      1.150 
     abcs-rc-abrs |          1.216 |      1.335 |      1.213 
       abj-bka-kj |          1.146 |      1.165 |      1.175 
       ajb-kba-jk |          1.087 |      1.136 |      1.124 
     abjc-cbka-kj |          1.877 |      1.426 |      1.636 
     ajbc-ckba-jk |          1.387 |      1.099 |      1.235 
     abjc-kbac-jk |          1.218 |      1.278 |      1.267 
   abjcd-dkbac-jk |          1.983 |      1.625 |      1.777 
   adbjc-cbdka-kj |          2.239 |      1.776 |      1.979 
   ajbdc-ckbad-jk |          2.468 |      2.063 |      2.265 
 abcijk-ijma-mkbc |          1.851 |      2.158 |      1.854 
 abcijk-ijmb-mkac |          1.929 |      2.232 |      1.957 
 abcijk-ijmc-mkab |          1.275 |      1.491 |      1.249 
 abcijk-ikma-mjbc |          1.846 |      2.154 |      1.855 
 abcijk-ikmb-mjac |          1.927 |      2.232 |      1.957 
 abcijk-ikmc-mjab |          1.252 |      1.477 |      1.233 
 abcijk-jkma-mibc |          1.746 |      2.039 |      1.741 
 abcijk-jkmb-miac |          1.894 |      2.148 |      1.940 
 abcijk-jkmc-miab |          1.297 |      1.487 |      1.293 
 abcijk-eiab-jkec |          1.308 |      1.495 |      1.295 
 abcijk-eiac-jkeb |          1.887 |      2.144 |      1.940 
 abcijk-eibc-jkea |          1.752 |      2.034 |      1.745 
 abcijk-ejab-ikec |          1.255 |      1.478 |      1.238 
 abcijk-ejac-ikeb |          1.901 |      2.191 |      1.918 
 abcijk-ejbc-ikea |          1.830 |      2.146 |      1.836 
 abcijk-ekab-ijec |          1.247 |      1.469 |      1.225 
 abcijk-ekac-ijeb |          1.923 |      2.218 |      1.945 
 abcijk-ekbc-ijea |          1.856 |      2.163 |      1.844 
       abc-bk-akc |          1.247 |      1.205 |      1.196 
             MEAN |          1.435 |      1.509 |      1.409 

wrote bench-results/worker5040-zen2/phase4e/bl-ck256-f32c32.csv
