host        : worker5040
target      : x86_64 / linux
cpu features: avx2 fma 
caches      : L1=32KiB/8-way/1sh L2=512KiB/8-way/1sh L3=16384KiB/16-way/4sh (via sysfs), blocking=legacy
baselines   : tblis=false blas=false

sweeping 49 cases at 64 MiB nominal tensor size, 3 reps, stress=none


=== f32 ===
             case |      m |      n |     k | regA | regB | planar GF/s | 1m GF/s | 3m GF/s 
------------------+--------+--------+-------+------+------+-------------+---------+---------
         ij-ik-kj |   2904 |   2896 |  2904 | 1.00 | 1.00 |        84.1 |    84.1 |    84.1 
       ij-ikl-ljk |    216 |    204 | 44064 | 1.00 | 1.00 |        49.4 |    49.4 |    49.4 
       ij-kil-lkj |    216 |    204 | 46656 | 1.00 | 1.00 |        55.7 |    55.7 |    55.7 
       ijk-ikl-lj |  44064 |    204 |   216 | 1.00 | 1.00 |        68.2 |    68.2 |    68.2 
       ijk-il-jlk |    216 |  44064 |   204 | 1.00 | 1.00 |        69.4 |    69.4 |    69.4 
       ijk-ilk-jl |  44064 |    216 |   204 | 0.96 | 1.00 |        68.9 |    68.9 |    68.9 
       ijk-ilk-lj |  44064 |    204 |   216 | 0.96 | 1.00 |        67.3 |    67.3 |    67.3 
     ijk-ilmk-mjl |   3744 |     52 |  3744 | 0.89 | 1.00 |        47.7 |    47.7 |    47.7 
   ijkl-imjn-lnkm |   3744 |   3744 |  2704 | 0.89 | 0.92 |        84.2 |    84.2 |    84.2 
   ijkl-imjn-nlmk |   3744 |   2704 |  3744 | 0.89 | 0.92 |        84.7 |    84.7 |    84.7 
   ijkl-imkn-jnlm |   3744 |   3744 |  2704 | 0.89 | 1.00 |        81.8 |    81.8 |    81.8 
   ijkl-imkn-njml |   3744 |   2704 |  3744 | 0.89 | 0.92 |        81.7 |    81.7 |    81.7 
   ijkl-imln-jnkm |   3744 |   3744 |  2704 | 0.89 | 1.00 |        82.5 |    82.5 |    82.5 
   ijkl-imln-njmk |   3744 |   2704 |  3744 | 0.89 | 0.92 |        82.0 |    82.0 |    82.0 
   ijkl-imnj-nlkm |   3744 |   2704 |  3744 | 0.89 | 0.92 |        84.5 |    84.5 |    84.5 
   ijkl-imnk-njml |   3744 |   2704 |  3744 | 0.89 | 0.92 |        81.4 |    81.4 |    81.4 
   ijkl-minj-nlmk |   3744 |   2704 |  5184 | 0.89 | 0.92 |        83.3 |    83.3 |    83.3 
   ijkl-mink-jnlm |   3744 |   3744 |  3744 | 0.89 | 1.00 |        82.8 |    82.8 |    82.8 
   ijkl-minl-njmk |   3744 |   2704 |  5184 | 0.89 | 0.92 |        79.7 |    79.7 |    79.7 
     aqrs-pa-pqrs |     72 | 140608 |    72 | 1.00 | 1.00 |        44.4 |    44.4 |    44.4 
     abrs-qb-aqrs |     52 | 194688 |    72 | 0.89 | 1.00 |        42.1 |    42.1 |    42.1 
     abcs-rc-abrs |     52 | 194688 |    72 | 1.00 | 1.00 |        44.1 |    44.1 |    44.1 
       abj-bka-kj |  46656 |    204 |   216 | 0.96 | 1.00 |        66.8 |    66.8 |    66.8 
       ajb-kba-jk |  44064 |    216 |   216 | 0.96 | 1.00 |        78.5 |    78.5 |    78.5 
     abjc-cbka-kj | 269568 |     52 |    72 | 0.89 | 1.00 |        15.5 |    15.5 |    15.5 
     ajbc-ckba-jk | 269568 |     72 |    52 | 0.89 | 1.00 |        32.4 |    32.4 |    32.4 
     abjc-kbac-jk | 194688 |     72 |    72 | 0.89 | 1.00 |        55.1 |    55.1 |    55.1 
   abjcd-dkbac-jk | 331776 |     24 |    24 | 0.67 | 1.00 |         8.1 |     8.1 |     8.1 
   adbjc-cbdka-kj | 331776 |     24 |    24 | 0.67 | 1.00 |         6.1 |     6.1 |     6.1 
   ajbdc-ckbad-jk | 331776 |     24 |    24 | 1.00 | 1.00 |         6.5 |     6.5 |     6.5 
 abcijk-ijma-mkbc |   9216 |   4096 |    24 | 1.00 | 1.00 |        30.1 |    30.1 |    30.1 
 abcijk-ijmb-mkac |   6144 |   6144 |    24 | 1.00 | 1.00 |        26.6 |    26.6 |    26.6 
 abcijk-ijmc-mkab |   6144 |   6144 |    24 | 1.00 | 0.75 |        42.4 |    42.4 |    42.4 
 abcijk-ikma-mjbc |   9216 |   4096 |    24 | 1.00 | 1.00 |        30.2 |    30.2 |    30.2 
 abcijk-ikmb-mjac |   6144 |   6144 |    24 | 1.00 | 1.00 |        26.5 |    26.5 |    26.5 
 abcijk-ikmc-mjab |   6144 |   6144 |    24 | 1.00 | 0.75 |        42.3 |    42.3 |    42.3 
 abcijk-jkma-mibc |   9216 |   4096 |    24 | 1.00 | 1.00 |        30.0 |    30.0 |    30.0 
 abcijk-jkmb-miac |   6144 |   6144 |    24 | 1.00 | 1.00 |        26.5 |    26.5 |    26.5 
 abcijk-jkmc-miab |   6144 |   6144 |    24 | 1.00 | 0.75 |        40.7 |    40.7 |    40.7 
 abcijk-eiab-jkec |   6144 |   6144 |    24 | 1.00 | 0.75 |        41.0 |    41.0 |    41.0 
 abcijk-eiac-jkeb |   6144 |   6144 |    24 | 1.00 | 1.00 |        26.5 |    26.5 |    26.5 
 abcijk-eibc-jkea |   4096 |   9216 |    24 | 1.00 | 1.00 |        30.2 |    30.2 |    30.2 
 abcijk-ejab-ikec |   6144 |   6144 |    24 | 1.00 | 0.75 |        42.9 |    42.9 |    42.9 
 abcijk-ejac-ikeb |   6144 |   6144 |    24 | 1.00 | 1.00 |        26.1 |    26.1 |    26.1 
 abcijk-ejbc-ikea |   4096 |   9216 |    24 | 1.00 | 1.00 |        30.3 |    30.3 |    30.3 
 abcijk-ekab-ijec |   6144 |   6144 |    24 | 1.00 | 0.75 |        42.9 |    42.9 |    42.9 
 abcijk-ekac-ijeb |   6144 |   6144 |    24 | 1.00 | 1.00 |        26.1 |    26.1 |    26.1 
 abcijk-ekbc-ijea |   4096 |   9216 |    24 | 1.00 | 1.00 |        30.2 |    30.2 |    30.2 
       abc-bk-akc |    216 |  44064 |   204 | 0.96 | 1.00 |        66.3 |    66.3 |    66.3 

=== c32 ===
             case |      m |      n |     k | regA | regB | planar GF/s | 1m GF/s | 3m GF/s 
------------------+--------+--------+-------+------+------+-------------+---------+---------
         ij-ik-kj |   2904 |   2896 |  2904 | 1.00 | 1.00 |        86.2 |    86.2 |    86.2 
       ij-ikl-ljk |    216 |    204 | 44064 | 1.00 | 1.00 |        74.2 |    70.4 |    68.3 
       ij-kil-lkj |    216 |    204 | 46656 | 1.00 | 1.00 |        74.6 |    75.3 |    75.0 
       ijk-ikl-lj |  44064 |    204 |   216 | 1.00 | 1.00 |        77.1 |    78.2 |    81.2 
       ijk-il-jlk |    216 |  44064 |   204 | 1.00 | 0.98 |        81.6 |    83.7 |    78.6 
       ijk-ilk-jl |  44064 |    216 |   204 | 1.00 | 1.00 |        82.3 |    81.1 |    79.3 
       ijk-ilk-lj |  44064 |    204 |   216 | 1.00 | 1.00 |        83.4 |    81.0 |    79.9 
     ijk-ilmk-mjl |   3744 |     52 |  3744 | 1.00 | 1.00 |        65.0 |    65.8 |    62.2 
   ijkl-imjn-lnkm |   3744 |   3744 |  2704 | 1.00 | 0.92 |        86.8 |    87.3 |    86.5 
   ijkl-imjn-nlmk |   3744 |   2704 |  3744 | 1.00 | 0.92 |        87.6 |    88.2 |    87.8 
   ijkl-imkn-jnlm |   3744 |   3744 |  2704 | 1.00 | 0.95 |        85.0 |    85.5 |    85.1 
   ijkl-imkn-njml |   3744 |   2704 |  3744 | 1.00 | 0.92 |        86.0 |    86.7 |    86.4 
   ijkl-imln-jnkm |   3744 |   3744 |  2704 | 1.00 | 0.95 |        85.2 |    85.5 |    85.2 
   ijkl-imln-njmk |   3744 |   2704 |  3744 | 1.00 | 0.92 |        86.0 |    86.6 |    86.6 
   ijkl-imnj-nlkm |   3744 |   2704 |  3744 | 1.00 | 0.92 |        87.6 |    88.3 |    88.1 
   ijkl-imnk-njml |   3744 |   2704 |  3744 | 1.00 | 0.92 |        85.7 |    86.7 |    86.5 
   ijkl-minj-nlmk |   3744 |   2704 |  5184 | 1.00 | 0.92 |        86.8 |    87.9 |    88.2 
   ijkl-mink-jnlm |   3744 |   3744 |  3744 | 1.00 | 0.95 |        85.8 |    86.6 |    86.3 
   ijkl-minl-njmk |   3744 |   2704 |  5184 | 1.00 | 0.92 |        84.0 |    84.9 |    85.7 
     aqrs-pa-pqrs |     72 | 140608 |    72 | 1.00 | 1.00 |        57.3 |    62.8 |    58.2 
     abrs-qb-aqrs |     52 | 194688 |    72 | 1.00 | 1.00 |        54.4 |    51.1 |    48.9 
     abcs-rc-abrs |     52 | 194688 |    72 | 1.00 | 1.00 |        58.5 |    65.5 |    52.0 
       abj-bka-kj |  46656 |    204 |   216 | 1.00 | 1.00 |        78.6 |    79.8 |    81.1 
       ajb-kba-jk |  44064 |    216 |   216 | 1.00 | 1.00 |        85.0 |    89.1 |    87.8 
     abjc-cbka-kj | 269568 |     52 |    72 | 1.00 | 1.00 |        30.1 |    21.5 |    25.1 
     ajbc-ckba-jk | 269568 |     72 |    52 | 1.00 | 1.00 |        45.9 |    35.3 |    40.0 
     abjc-kbac-jk | 194688 |     72 |    72 | 1.00 | 1.00 |        66.8 |    70.2 |    69.5 
   abjcd-dkbac-jk | 331776 |     24 |    24 | 1.00 | 1.00 |        15.8 |    12.7 |    14.2 
   adbjc-cbdka-kj | 331776 |     24 |    24 | 1.00 | 1.00 |        13.5 |    10.5 |    11.7 
   ajbdc-ckbad-jk | 331776 |     24 |    24 | 1.00 | 1.00 |        15.7 |    12.9 |    14.6 
 abcijk-ijma-mkbc |   9216 |   4096 |    24 | 1.00 | 0.99 |        52.7 |    60.7 |    52.3 
 abcijk-ijmb-mkac |   6144 |   6144 |    24 | 1.00 | 0.75 |        50.1 |    57.6 |    50.3 
 abcijk-ijmc-mkab |   6144 |   6144 |    24 | 1.00 | 0.75 |        54.1 |    62.4 |    53.3 
 abcijk-ikma-mjbc |   9216 |   4096 |    24 | 1.00 | 0.99 |        53.0 |    61.1 |    52.4 
 abcijk-ikmb-mjac |   6144 |   6144 |    24 | 1.00 | 0.75 |        50.5 |    58.1 |    50.5 
 abcijk-ikmc-mjab |   6144 |   6144 |    24 | 1.00 | 0.75 |        53.9 |    62.5 |    53.5 
 abcijk-jkma-mibc |   9216 |   4096 |    24 | 1.00 | 0.99 |        53.0 |    61.2 |    52.7 
 abcijk-jkmb-miac |   6144 |   6144 |    24 | 1.00 | 0.75 |        50.3 |    57.2 |    50.7 
 abcijk-jkmc-miab |   6144 |   6144 |    24 | 1.00 | 0.75 |        53.0 |    61.2 |    52.4 
 abcijk-eiab-jkec |   6144 |   6144 |    24 | 1.00 | 0.75 |        53.0 |    61.1 |    51.8 
 abcijk-eiac-jkeb |   6144 |   6144 |    24 | 1.00 | 0.75 |        50.2 |    57.3 |    50.3 
 abcijk-eibc-jkea |   4096 |   9216 |    24 | 1.00 | 0.99 |        53.1 |    61.2 |    52.7 
 abcijk-ejab-ikec |   6144 |   6144 |    24 | 1.00 | 0.75 |        54.0 |    62.6 |    53.5 
 abcijk-ejac-ikeb |   6144 |   6144 |    24 | 1.00 | 0.75 |        50.6 |    57.7 |    50.4 
 abcijk-ejbc-ikea |   4096 |   9216 |    24 | 1.00 | 0.99 |        52.8 |    61.1 |    52.5 
 abcijk-ekab-ijec |   6144 |   6144 |    24 | 1.00 | 0.75 |        54.2 |    62.5 |    53.3 
 abcijk-ekac-ijeb |   6144 |   6144 |    24 | 1.00 | 0.75 |        50.6 |    58.1 |    50.6 
 abcijk-ekbc-ijea |   4096 |   9216 |    24 | 1.00 | 0.99 |        53.0 |    61.2 |    52.5 
       abc-bk-akc |    216 |  44064 |   204 | 1.00 | 1.00 |        82.3 |    78.1 |    79.9 

=== complex efficiency ratio (c32 GF/s over f32 GF/s; 1.0 = no penalty) ===
             case | planar c32/f32 | 1m c32/f32 | 3m c32/f32 
------------------+----------------+------------+------------
         ij-ik-kj |          1.025 |      1.025 |      1.025 
       ij-ikl-ljk |          1.503 |      1.427 |      1.384 
       ij-kil-lkj |          1.338 |      1.351 |      1.346 
       ijk-ikl-lj |          1.130 |      1.146 |      1.191 
       ijk-il-jlk |          1.176 |      1.206 |      1.132 
       ijk-ilk-jl |          1.195 |      1.178 |      1.152 
       ijk-ilk-lj |          1.238 |      1.203 |      1.186 
     ijk-ilmk-mjl |          1.363 |      1.380 |      1.304 
   ijkl-imjn-lnkm |          1.031 |      1.037 |      1.028 
   ijkl-imjn-nlmk |          1.034 |      1.041 |      1.037 
   ijkl-imkn-jnlm |          1.039 |      1.045 |      1.040 
   ijkl-imkn-njml |          1.052 |      1.061 |      1.058 
   ijkl-imln-jnkm |          1.033 |      1.036 |      1.033 
   ijkl-imln-njmk |          1.049 |      1.056 |      1.055 
   ijkl-imnj-nlkm |          1.038 |      1.046 |      1.043 
   ijkl-imnk-njml |          1.053 |      1.065 |      1.063 
   ijkl-minj-nlmk |          1.042 |      1.055 |      1.059 
   ijkl-mink-jnlm |          1.036 |      1.045 |      1.042 
   ijkl-minl-njmk |          1.054 |      1.065 |      1.075 
     aqrs-pa-pqrs |          1.290 |      1.413 |      1.310 
     abrs-qb-aqrs |          1.293 |      1.214 |      1.161 
     abcs-rc-abrs |          1.327 |      1.485 |      1.181 
       abj-bka-kj |          1.176 |      1.195 |      1.213 
       ajb-kba-jk |          1.082 |      1.135 |      1.119 
     abjc-cbka-kj |          1.944 |      1.393 |      1.624 
     ajbc-ckba-jk |          1.420 |      1.091 |      1.237 
     abjc-kbac-jk |          1.212 |      1.274 |      1.261 
   abjcd-dkbac-jk |          1.950 |      1.571 |      1.749 
   adbjc-cbdka-kj |          2.210 |      1.719 |      1.926 
   ajbdc-ckbad-jk |          2.407 |      1.968 |      2.237 
 abcijk-ijma-mkbc |          1.747 |      2.015 |      1.736 
 abcijk-ijmb-mkac |          1.884 |      2.165 |      1.889 
 abcijk-ijmc-mkab |          1.276 |      1.473 |      1.259 
 abcijk-ikma-mjbc |          1.754 |      2.023 |      1.736 
 abcijk-ikmb-mjac |          1.908 |      2.197 |      1.909 
 abcijk-ikmc-mjab |          1.273 |      1.478 |      1.265 
 abcijk-jkma-mibc |          1.767 |      2.042 |      1.756 
 abcijk-jkmb-miac |          1.895 |      2.154 |      1.909 
 abcijk-jkmc-miab |          1.304 |      1.504 |      1.289 
 abcijk-eiab-jkec |          1.291 |      1.490 |      1.264 
 abcijk-eiac-jkeb |          1.896 |      2.164 |      1.900 
 abcijk-eibc-jkea |          1.756 |      2.026 |      1.744 
 abcijk-ejab-ikec |          1.260 |      1.460 |      1.247 
 abcijk-ejac-ikeb |          1.937 |      2.209 |      1.932 
 abcijk-ejbc-ikea |          1.744 |      2.020 |      1.734 
 abcijk-ekab-ijec |          1.264 |      1.459 |      1.244 
 abcijk-ekac-ijeb |          1.939 |      2.225 |      1.938 
 abcijk-ekbc-ijea |          1.757 |      2.028 |      1.739 
       abc-bk-akc |          1.242 |      1.178 |      1.205 
             MEAN |          1.421 |      1.474 |      1.387 

wrote bench-results/worker5040-zen2/phase4e/bl-kc384-f32c32.csv
