host        : worker5040
target      : x86_64 / linux
cpu features: avx2 fma 
caches      : L1=32KiB/8-way/1sh L2=512KiB/8-way/1sh L3=16384KiB/16-way/4sh (via sysfs), blocking=legacy
baselines   : tblis=false blas=false

sweeping 49 cases at 64 MiB nominal tensor size, 3 reps, stress=none


=== f64 ===
             case |      m |      n |     k | regA | regB | planar GF/s | 1m GF/s | 3m GF/s 
------------------+--------+--------+-------+------+------+-------------+---------+---------
         ij-ik-kj |   2904 |   2896 |  2904 | 1.00 | 1.00 |        42.0 |    42.0 |    42.0 
       ij-ikl-ljk |    216 |    204 | 44064 | 1.00 | 1.00 |        34.0 |    34.0 |    34.0 
       ij-kil-lkj |    216 |    204 | 46656 | 1.00 | 1.00 |        33.4 |    33.4 |    33.4 
       ijk-ikl-lj |  44064 |    204 |   216 | 1.00 | 1.00 |        34.7 |    34.7 |    34.7 
       ijk-il-jlk |    216 |  44064 |   204 | 1.00 | 1.00 |        35.8 |    35.8 |    35.8 
       ijk-ilk-jl |  44064 |    216 |   204 | 1.00 | 1.00 |        41.0 |    41.0 |    41.0 
       ijk-ilk-lj |  44064 |    204 |   216 | 1.00 | 1.00 |        40.9 |    40.9 |    40.9 
     ijk-ilmk-mjl |   3744 |     52 |  3744 | 1.00 | 1.00 |        30.9 |    30.9 |    30.9 
   ijkl-imjn-lnkm |   3744 |   3744 |  2704 | 1.00 | 0.92 |        42.9 |    42.9 |    42.9 
   ijkl-imjn-nlmk |   3744 |   2704 |  3744 | 1.00 | 0.92 |        43.1 |    43.1 |    43.1 
   ijkl-imkn-jnlm |   3744 |   3744 |  2704 | 1.00 | 1.00 |        41.0 |    41.0 |    41.0 
   ijkl-imkn-njml |   3744 |   2704 |  3744 | 1.00 | 0.92 |        41.3 |    41.3 |    41.3 
   ijkl-imln-jnkm |   3744 |   3744 |  2704 | 1.00 | 1.00 |        41.0 |    41.0 |    41.0 
   ijkl-imln-njmk |   3744 |   2704 |  3744 | 1.00 | 0.92 |        41.2 |    41.2 |    41.2 
   ijkl-imnj-nlkm |   3744 |   2704 |  3744 | 1.00 | 0.92 |        42.9 |    42.9 |    42.9 
   ijkl-imnk-njml |   3744 |   2704 |  3744 | 1.00 | 0.92 |        41.2 |    41.2 |    41.2 
   ijkl-minj-nlmk |   3744 |   2704 |  5184 | 1.00 | 0.92 |        42.2 |    42.2 |    42.2 
   ijkl-mink-jnlm |   3744 |   3744 |  3744 | 1.00 | 1.00 |        40.7 |    40.7 |    40.7 
   ijkl-minl-njmk |   3744 |   2704 |  5184 | 1.00 | 0.92 |        40.3 |    40.3 |    40.3 
     aqrs-pa-pqrs |     72 | 140608 |    72 | 1.00 | 1.00 |        24.5 |    24.5 |    24.5 
     abrs-qb-aqrs |     52 | 194688 |    72 | 1.00 | 1.00 |        24.8 |    24.8 |    24.8 
     abcs-rc-abrs |     52 | 194688 |    72 | 1.00 | 1.00 |        19.2 |    19.2 |    19.2 
       abj-bka-kj |  46656 |    204 |   216 | 1.00 | 1.00 |        36.8 |    36.8 |    36.8 
       ajb-kba-jk |  44064 |    216 |   216 | 1.00 | 1.00 |        41.4 |    41.4 |    41.4 
     abjc-cbka-kj | 269568 |     52 |    72 | 1.00 | 1.00 |        10.8 |    10.8 |    10.8 
     ajbc-ckba-jk | 269568 |     72 |    52 | 1.00 | 1.00 |        18.4 |    18.4 |    18.4 
     abjc-kbac-jk | 194688 |     72 |    72 | 1.00 | 1.00 |        30.4 |    30.4 |    30.4 
   abjcd-dkbac-jk | 331776 |     24 |    24 | 1.00 | 1.00 |         5.0 |     5.0 |     5.0 
   adbjc-cbdka-kj | 331776 |     24 |    24 | 1.00 | 1.00 |         4.2 |     4.2 |     4.2 
   ajbdc-ckbad-jk | 331776 |     24 |    24 | 1.00 | 1.00 |         5.0 |     5.0 |     5.0 
 abcijk-ijma-mkbc |   9216 |   4096 |    24 | 1.00 | 0.99 |        23.1 |    23.1 |    23.1 
 abcijk-ijmb-mkac |   6144 |   6144 |    24 | 1.00 | 0.75 |        20.3 |    20.3 |    20.3 
 abcijk-ijmc-mkab |   6144 |   6144 |    24 | 1.00 | 0.75 |        23.2 |    23.2 |    23.2 
 abcijk-ikma-mjbc |   9216 |   4096 |    24 | 1.00 | 0.99 |        23.1 |    23.1 |    23.1 
 abcijk-ikmb-mjac |   6144 |   6144 |    24 | 1.00 | 0.75 |        20.1 |    20.1 |    20.1 
 abcijk-ikmc-mjab |   6144 |   6144 |    24 | 1.00 | 0.75 |        23.0 |    23.0 |    23.0 
 abcijk-jkma-mibc |   9216 |   4096 |    24 | 1.00 | 0.99 |        23.1 |    23.1 |    23.1 
 abcijk-jkmb-miac |   6144 |   6144 |    24 | 1.00 | 0.75 |        18.2 |    18.2 |    18.2 
 abcijk-jkmc-miab |   6144 |   6144 |    24 | 1.00 | 0.75 |        17.2 |    17.2 |    17.2 
 abcijk-eiab-jkec |   6144 |   6144 |    24 | 1.00 | 0.75 |        17.3 |    17.3 |    17.3 
 abcijk-eiac-jkeb |   6144 |   6144 |    24 | 1.00 | 0.75 |        18.3 |    18.3 |    18.3 
 abcijk-eibc-jkea |   4096 |   9216 |    24 | 1.00 | 0.99 |        22.9 |    22.9 |    22.9 
 abcijk-ejab-ikec |   6144 |   6144 |    24 | 1.00 | 0.75 |        23.0 |    23.0 |    23.0 
 abcijk-ejac-ikeb |   6144 |   6144 |    24 | 1.00 | 0.75 |        20.3 |    20.3 |    20.3 
 abcijk-ejbc-ikea |   4096 |   9216 |    24 | 1.00 | 0.99 |        23.2 |    23.2 |    23.2 
 abcijk-ekab-ijec |   6144 |   6144 |    24 | 1.00 | 0.75 |        23.1 |    23.1 |    23.1 
 abcijk-ekac-ijeb |   6144 |   6144 |    24 | 1.00 | 0.75 |        20.4 |    20.4 |    20.4 
 abcijk-ekbc-ijea |   4096 |   9216 |    24 | 1.00 | 0.99 |        23.1 |    23.1 |    23.1 
       abc-bk-akc |    216 |  44064 |   204 | 1.00 | 1.00 |        40.0 |    40.0 |    40.0 

=== c64 ===
             case |      m |      n |     k | regA | regB | planar GF/s | 1m GF/s | 3m GF/s 
------------------+--------+--------+-------+------+------+-------------+---------+---------
         ij-ik-kj |   2904 |   2896 |  2904 | 1.00 | 1.00 |        43.3 |    45.0 |    44.2 
       ij-ikl-ljk |    216 |    204 | 44064 | 1.00 | 1.00 |        39.4 |    41.7 |    38.5 
       ij-kil-lkj |    216 |    204 | 46656 | 1.00 | 1.00 |        39.4 |    41.3 |    41.1 
       ijk-ikl-lj |  44064 |    204 |   216 | 1.00 | 1.00 |        40.3 |    43.5 |    41.5 
       ijk-il-jlk |    216 |  44064 |   204 | 1.00 | 0.98 |        42.4 |    45.3 |    41.0 
       ijk-ilk-jl |  44064 |    216 |   204 | 1.00 | 1.00 |        43.2 |    46.4 |    42.3 
       ijk-ilk-lj |  44064 |    204 |   216 | 1.00 | 1.00 |        43.9 |    46.5 |    41.6 
     ijk-ilmk-mjl |   3744 |     52 |  3744 | 1.00 | 1.00 |        35.5 |    37.5 |    32.2 
   ijkl-imjn-lnkm |   3744 |   3744 |  2704 | 1.00 | 0.92 |        44.4 |    46.5 |    44.4 
   ijkl-imjn-nlmk |   3744 |   2704 |  3744 | 1.00 | 0.92 |        44.4 |    46.5 |    44.1 
   ijkl-imkn-jnlm |   3744 |   3744 |  2704 | 1.00 | 0.95 |        43.5 |    45.8 |    42.2 
   ijkl-imkn-njml |   3744 |   2704 |  3744 | 1.00 | 0.92 |        43.5 |    45.8 |    42.3 
   ijkl-imln-jnkm |   3744 |   3744 |  2704 | 1.00 | 0.95 |        43.4 |    45.8 |    42.1 
   ijkl-imln-njmk |   3744 |   2704 |  3744 | 1.00 | 0.92 |        43.4 |    45.7 |    42.0 
   ijkl-imnj-nlkm |   3744 |   2704 |  3744 | 1.00 | 0.92 |        44.4 |    46.6 |    44.1 
   ijkl-imnk-njml |   3744 |   2704 |  3744 | 1.00 | 0.92 |        43.5 |    45.9 |    42.3 
   ijkl-minj-nlmk |   3744 |   2704 |  5184 | 1.00 | 0.92 |        43.9 |    45.8 |    45.2 
   ijkl-mink-jnlm |   3744 |   3744 |  3744 | 1.00 | 0.95 |        43.2 |    45.4 |    43.3 
   ijkl-minl-njmk |   3744 |   2704 |  5184 | 1.00 | 0.92 |        43.0 |    45.0 |    43.1 
     aqrs-pa-pqrs |     72 | 140608 |    72 | 1.00 | 1.00 |        32.0 |    34.7 |    31.9 
     abrs-qb-aqrs |     52 | 194688 |    72 | 1.00 | 1.00 |        30.3 |    33.0 |    28.0 
     abcs-rc-abrs |     52 | 194688 |    72 | 1.00 | 1.00 |        29.3 |    33.0 |    31.7 
       abj-bka-kj |  46656 |    204 |   216 | 1.00 | 1.00 |        40.6 |    41.8 |    42.1 
       ajb-kba-jk |  44064 |    216 |   216 | 1.00 | 1.00 |        44.1 |    46.1 |    46.5 
     abjc-cbka-kj | 269568 |     52 |    72 | 1.00 | 1.00 |        19.4 |    17.1 |    19.5 
     ajbc-ckba-jk | 269568 |     72 |    52 | 1.00 | 1.00 |        21.1 |    20.0 |    20.6 
     abjc-kbac-jk | 194688 |     72 |    72 | 1.00 | 1.00 |        35.2 |    38.0 |    36.9 
   abjcd-dkbac-jk | 331776 |     24 |    24 | 1.00 | 1.00 |        11.3 |     9.6 |    10.7 
   adbjc-cbdka-kj | 331776 |     24 |    24 | 1.00 | 1.00 |        10.3 |     8.8 |     9.5 
   ajbdc-ckbad-jk | 331776 |     24 |    24 | 1.00 | 1.00 |        10.8 |     9.3 |    10.4 
 abcijk-ijma-mkbc |   9216 |   4096 |    24 | 1.00 | 0.99 |        26.4 |    27.8 |    27.6 
 abcijk-ijmb-mkac |   6144 |   6144 |    24 | 1.00 | 0.75 |        26.3 |    28.5 |    26.9 
 abcijk-ijmc-mkab |   6144 |   6144 |    24 | 1.00 | 0.75 |        28.9 |    32.0 |    26.9 
 abcijk-ikma-mjbc |   9216 |   4096 |    24 | 1.00 | 0.99 |        26.2 |    27.8 |    27.4 
 abcijk-ikmb-mjac |   6144 |   6144 |    24 | 1.00 | 0.75 |        26.1 |    28.6 |    26.8 
 abcijk-ikmc-mjab |   6144 |   6144 |    24 | 1.00 | 0.75 |        28.7 |    32.0 |    26.8 
 abcijk-jkma-mibc |   9216 |   4096 |    24 | 1.00 | 0.99 |        26.3 |    27.8 |    27.4 
 abcijk-jkmb-miac |   6144 |   6144 |    24 | 1.00 | 0.75 |        24.5 |    25.1 |    26.8 
 abcijk-jkmc-miab |   6144 |   6144 |    24 | 1.00 | 0.75 |        24.9 |    23.8 |    26.5 
 abcijk-eiab-jkec |   6144 |   6144 |    24 | 1.00 | 0.75 |        24.9 |    24.0 |    26.5 
 abcijk-eiac-jkeb |   6144 |   6144 |    24 | 1.00 | 0.75 |        24.5 |    24.9 |    26.9 
 abcijk-eibc-jkea |   4096 |   9216 |    24 | 1.00 | 0.99 |        26.2 |    27.8 |    27.5 
 abcijk-ejab-ikec |   6144 |   6144 |    24 | 1.00 | 0.75 |        28.8 |    32.0 |    26.9 
 abcijk-ejac-ikeb |   6144 |   6144 |    24 | 1.00 | 0.75 |        26.3 |    28.8 |    27.0 
 abcijk-ejbc-ikea |   4096 |   9216 |    24 | 1.00 | 0.99 |        26.5 |    27.7 |    27.6 
 abcijk-ekab-ijec |   6144 |   6144 |    24 | 1.00 | 0.75 |        28.9 |    32.2 |    26.7 
 abcijk-ekac-ijeb |   6144 |   6144 |    24 | 1.00 | 0.75 |        26.4 |    28.6 |    26.9 
 abcijk-ekbc-ijea |   4096 |   9216 |    24 | 1.00 | 0.99 |        26.2 |    28.0 |    27.5 
       abc-bk-akc |    216 |  44064 |   204 | 1.00 | 1.00 |        42.9 |    45.4 |    42.5 

=== complex efficiency ratio (c64 GF/s over f64 GF/s; 1.0 = no penalty) ===
             case | planar c64/f64 | 1m c64/f64 | 3m c64/f64 
------------------+----------------+------------+------------
         ij-ik-kj |          1.032 |      1.071 |      1.053 
       ij-ikl-ljk |          1.159 |      1.226 |      1.134 
       ij-kil-lkj |          1.180 |      1.237 |      1.229 
       ijk-ikl-lj |          1.163 |      1.256 |      1.196 
       ijk-il-jlk |          1.183 |      1.266 |      1.145 
       ijk-ilk-jl |          1.054 |      1.133 |      1.032 
       ijk-ilk-lj |          1.072 |      1.135 |      1.017 
     ijk-ilmk-mjl |          1.150 |      1.216 |      1.044 
   ijkl-imjn-lnkm |          1.035 |      1.084 |      1.034 
   ijkl-imjn-nlmk |          1.030 |      1.078 |      1.024 
   ijkl-imkn-jnlm |          1.062 |      1.118 |      1.030 
   ijkl-imkn-njml |          1.052 |      1.108 |      1.024 
   ijkl-imln-jnkm |          1.059 |      1.118 |      1.028 
   ijkl-imln-njmk |          1.054 |      1.109 |      1.020 
   ijkl-imnj-nlkm |          1.035 |      1.087 |      1.029 
   ijkl-imnk-njml |          1.055 |      1.112 |      1.024 
   ijkl-minj-nlmk |          1.042 |      1.086 |      1.072 
   ijkl-mink-jnlm |          1.062 |      1.116 |      1.066 
   ijkl-minl-njmk |          1.069 |      1.117 |      1.070 
     aqrs-pa-pqrs |          1.308 |      1.418 |      1.304 
     abrs-qb-aqrs |          1.222 |      1.332 |      1.130 
     abcs-rc-abrs |          1.523 |      1.717 |      1.652 
       abj-bka-kj |          1.103 |      1.137 |      1.144 
       ajb-kba-jk |          1.065 |      1.113 |      1.124 
     abjc-cbka-kj |          1.808 |      1.586 |      1.811 
     ajbc-ckba-jk |          1.147 |      1.087 |      1.121 
     abjc-kbac-jk |          1.157 |      1.249 |      1.215 
   abjcd-dkbac-jk |          2.248 |      1.905 |      2.121 
   adbjc-cbdka-kj |          2.447 |      2.088 |      2.253 
   ajbdc-ckbad-jk |          2.176 |      1.873 |      2.094 
 abcijk-ijma-mkbc |          1.141 |      1.202 |      1.195 
 abcijk-ijmb-mkac |          1.294 |      1.400 |      1.321 
 abcijk-ijmc-mkab |          1.249 |      1.382 |      1.160 
 abcijk-ikma-mjbc |          1.134 |      1.200 |      1.185 
 abcijk-ikmb-mjac |          1.296 |      1.418 |      1.329 
 abcijk-ikmc-mjab |          1.248 |      1.391 |      1.165 
 abcijk-jkma-mibc |          1.139 |      1.202 |      1.187 
 abcijk-jkmb-miac |          1.345 |      1.377 |      1.471 
 abcijk-jkmc-miab |          1.450 |      1.383 |      1.545 
 abcijk-eiab-jkec |          1.443 |      1.390 |      1.536 
 abcijk-eiac-jkeb |          1.339 |      1.364 |      1.473 
 abcijk-eibc-jkea |          1.146 |      1.216 |      1.201 
 abcijk-ejab-ikec |          1.253 |      1.394 |      1.171 
 abcijk-ejac-ikeb |          1.299 |      1.418 |      1.332 
 abcijk-ejbc-ikea |          1.142 |      1.197 |      1.190 
 abcijk-ekab-ijec |          1.254 |      1.399 |      1.160 
 abcijk-ekac-ijeb |          1.293 |      1.400 |      1.321 
 abcijk-ekbc-ijea |          1.132 |      1.210 |      1.189 
       abc-bk-akc |          1.072 |      1.135 |      1.062 
             MEAN |          1.253 |      1.291 |      1.254 

wrote bench-results/worker5040-zen2/phase4e/bl-mc25-f64c64.csv
