host        : worker5040
target      : x86_64 / linux
cpu features: avx2 fma 
caches      : L1=32KiB/8-way/1sh L2=512KiB/8-way/1sh L3=16384KiB/16-way/4sh (via sysfs), blocking=legacy
baselines   : tblis=false blas=false

sweeping 49 cases at 64 MiB nominal tensor size, 3 reps, stress=none


=== f64 ===
             case |      m |      n |     k | regA | regB | planar GF/s | 1m GF/s | 3m GF/s 
------------------+--------+--------+-------+------+------+-------------+---------+---------
         ij-ik-kj |   2904 |   2896 |  2904 | 1.00 | 1.00 |        41.0 |    41.0 |    41.0 
       ij-ikl-ljk |    216 |    204 | 44064 | 1.00 | 1.00 |        32.9 |    32.9 |    32.9 
       ij-kil-lkj |    216 |    204 | 46656 | 1.00 | 1.00 |        32.9 |    32.9 |    32.9 
       ijk-ikl-lj |  44064 |    204 |   216 | 1.00 | 1.00 |        34.7 |    34.7 |    34.7 
       ijk-il-jlk |    216 |  44064 |   204 | 1.00 | 1.00 |        35.5 |    35.5 |    35.5 
       ijk-ilk-jl |  44064 |    216 |   204 | 1.00 | 1.00 |        39.7 |    39.7 |    39.7 
       ijk-ilk-lj |  44064 |    204 |   216 | 1.00 | 1.00 |        39.9 |    39.9 |    39.9 
     ijk-ilmk-mjl |   3744 |     52 |  3744 | 1.00 | 1.00 |        30.0 |    30.0 |    30.0 
   ijkl-imjn-lnkm |   3744 |   3744 |  2704 | 1.00 | 0.92 |        41.7 |    41.7 |    41.7 
   ijkl-imjn-nlmk |   3744 |   2704 |  3744 | 1.00 | 0.92 |        41.4 |    41.4 |    41.4 
   ijkl-imkn-jnlm |   3744 |   3744 |  2704 | 1.00 | 1.00 |        40.0 |    40.0 |    40.0 
   ijkl-imkn-njml |   3744 |   2704 |  3744 | 1.00 | 0.92 |        40.1 |    40.1 |    40.1 
   ijkl-imln-jnkm |   3744 |   3744 |  2704 | 1.00 | 1.00 |        40.1 |    40.1 |    40.1 
   ijkl-imln-njmk |   3744 |   2704 |  3744 | 1.00 | 0.92 |        40.1 |    40.1 |    40.1 
   ijkl-imnj-nlkm |   3744 |   2704 |  3744 | 1.00 | 0.92 |        41.3 |    41.3 |    41.3 
   ijkl-imnk-njml |   3744 |   2704 |  3744 | 1.00 | 0.92 |        40.1 |    40.1 |    40.1 
   ijkl-minj-nlmk |   3744 |   2704 |  5184 | 1.00 | 0.92 |        40.9 |    40.9 |    40.9 
   ijkl-mink-jnlm |   3744 |   3744 |  3744 | 1.00 | 1.00 |        39.7 |    39.7 |    39.7 
   ijkl-minl-njmk |   3744 |   2704 |  5184 | 1.00 | 0.92 |        39.3 |    39.3 |    39.3 
     aqrs-pa-pqrs |     72 | 140608 |    72 | 1.00 | 1.00 |        24.6 |    24.6 |    24.6 
     abrs-qb-aqrs |     52 | 194688 |    72 | 1.00 | 1.00 |        24.1 |    24.1 |    24.1 
     abcs-rc-abrs |     52 | 194688 |    72 | 1.00 | 1.00 |        21.9 |    21.9 |    21.9 
       abj-bka-kj |  46656 |    204 |   216 | 1.00 | 1.00 |        36.0 |    36.0 |    36.0 
       ajb-kba-jk |  44064 |    216 |   216 | 1.00 | 1.00 |        41.1 |    41.1 |    41.1 
     abjc-cbka-kj | 269568 |     52 |    72 | 1.00 | 1.00 |        11.1 |    11.1 |    11.1 
     ajbc-ckba-jk | 269568 |     72 |    52 | 1.00 | 1.00 |        17.2 |    17.2 |    17.2 
     abjc-kbac-jk | 194688 |     72 |    72 | 1.00 | 1.00 |        30.0 |    30.0 |    30.0 
   abjcd-dkbac-jk | 331776 |     24 |    24 | 1.00 | 1.00 |         5.5 |     5.5 |     5.5 
   adbjc-cbdka-kj | 331776 |     24 |    24 | 1.00 | 1.00 |         4.5 |     4.5 |     4.5 
   ajbdc-ckbad-jk | 331776 |     24 |    24 | 1.00 | 1.00 |         5.3 |     5.3 |     5.3 
 abcijk-ijma-mkbc |   9216 |   4096 |    24 | 1.00 | 0.99 |        21.8 |    21.8 |    21.8 
 abcijk-ijmb-mkac |   6144 |   6144 |    24 | 1.00 | 0.75 |        19.6 |    19.6 |    19.6 
 abcijk-ijmc-mkab |   6144 |   6144 |    24 | 1.00 | 0.75 |        24.0 |    24.0 |    24.0 
 abcijk-ikma-mjbc |   9216 |   4096 |    24 | 1.00 | 0.99 |        21.7 |    21.7 |    21.7 
 abcijk-ikmb-mjac |   6144 |   6144 |    24 | 1.00 | 0.75 |        19.7 |    19.7 |    19.7 
 abcijk-ikmc-mjab |   6144 |   6144 |    24 | 1.00 | 0.75 |        24.0 |    24.0 |    24.0 
 abcijk-jkma-mibc |   9216 |   4096 |    24 | 1.00 | 0.99 |        20.2 |    20.2 |    20.2 
 abcijk-jkmb-miac |   6144 |   6144 |    24 | 1.00 | 0.75 |        19.7 |    19.7 |    19.7 
 abcijk-jkmc-miab |   6144 |   6144 |    24 | 1.00 | 0.75 |        23.7 |    23.7 |    23.7 
 abcijk-eiab-jkec |   6144 |   6144 |    24 | 1.00 | 0.75 |        23.9 |    23.9 |    23.9 
 abcijk-eiac-jkeb |   6144 |   6144 |    24 | 1.00 | 0.75 |        19.7 |    19.7 |    19.7 
 abcijk-eibc-jkea |   4096 |   9216 |    24 | 1.00 | 0.99 |        19.9 |    19.9 |    19.9 
 abcijk-ejab-ikec |   6144 |   6144 |    24 | 1.00 | 0.75 |        24.1 |    24.1 |    24.1 
 abcijk-ejac-ikeb |   6144 |   6144 |    24 | 1.00 | 0.75 |        19.8 |    19.8 |    19.8 
 abcijk-ejbc-ikea |   4096 |   9216 |    24 | 1.00 | 0.99 |        21.6 |    21.6 |    21.6 
 abcijk-ekab-ijec |   6144 |   6144 |    24 | 1.00 | 0.75 |        24.2 |    24.2 |    24.2 
 abcijk-ekac-ijeb |   6144 |   6144 |    24 | 1.00 | 0.75 |        19.6 |    19.6 |    19.6 
 abcijk-ekbc-ijea |   4096 |   9216 |    24 | 1.00 | 0.99 |        21.6 |    21.6 |    21.6 
       abc-bk-akc |    216 |  44064 |   204 | 1.00 | 1.00 |        39.2 |    39.2 |    39.2 

=== c64 ===
             case |      m |      n |     k | regA | regB | planar GF/s | 1m GF/s | 3m GF/s 
------------------+--------+--------+-------+------+------+-------------+---------+---------
         ij-ik-kj |   2904 |   2896 |  2904 | 1.00 | 1.00 |        43.2 |    43.9 |    43.0 
       ij-ikl-ljk |    216 |    204 | 44064 | 1.00 | 1.00 |        39.5 |    41.0 |    36.9 
       ij-kil-lkj |    216 |    204 | 46656 | 1.00 | 1.00 |        39.8 |    40.6 |    40.3 
       ijk-ikl-lj |  44064 |    204 |   216 | 1.00 | 1.00 |        40.6 |    40.0 |    40.4 
       ijk-il-jlk |    216 |  44064 |   204 | 1.00 | 0.98 |        42.1 |    44.3 |    40.0 
       ijk-ilk-jl |  44064 |    216 |   204 | 1.00 | 1.00 |        42.9 |    45.4 |    40.6 
       ijk-ilk-lj |  44064 |    204 |   216 | 1.00 | 1.00 |        43.3 |    45.3 |    40.6 
     ijk-ilmk-mjl |   3744 |     52 |  3744 | 1.00 | 1.00 |        34.8 |    35.3 |    28.9 
   ijkl-imjn-lnkm |   3744 |   3744 |  2704 | 1.00 | 0.92 |        44.1 |    45.4 |    43.3 
   ijkl-imjn-nlmk |   3744 |   2704 |  3744 | 1.00 | 0.92 |        44.0 |    45.3 |    43.2 
   ijkl-imkn-jnlm |   3744 |   3744 |  2704 | 1.00 | 0.95 |        43.2 |    43.4 |    41.9 
   ijkl-imkn-njml |   3744 |   2704 |  3744 | 1.00 | 0.92 |        43.3 |    43.4 |    41.8 
   ijkl-imln-jnkm |   3744 |   3744 |  2704 | 1.00 | 0.95 |        43.2 |    43.6 |    41.8 
   ijkl-imln-njmk |   3744 |   2704 |  3744 | 1.00 | 0.92 |        43.3 |    43.4 |    41.8 
   ijkl-imnj-nlkm |   3744 |   2704 |  3744 | 1.00 | 0.92 |        43.9 |    45.6 |    43.3 
   ijkl-imnk-njml |   3744 |   2704 |  3744 | 1.00 | 0.92 |        43.4 |    43.4 |    41.8 
   ijkl-minj-nlmk |   3744 |   2704 |  5184 | 1.00 | 0.92 |        43.6 |    45.0 |    44.3 
   ijkl-mink-jnlm |   3744 |   3744 |  3744 | 1.00 | 0.95 |        43.1 |    43.3 |    42.9 
   ijkl-minl-njmk |   3744 |   2704 |  5184 | 1.00 | 0.92 |        43.0 |    42.9 |    42.7 
     aqrs-pa-pqrs |     72 | 140608 |    72 | 1.00 | 1.00 |        32.5 |    35.1 |    32.4 
     abrs-qb-aqrs |     52 | 194688 |    72 | 1.00 | 1.00 |        30.1 |    31.9 |    24.9 
     abcs-rc-abrs |     52 | 194688 |    72 | 1.00 | 1.00 |        29.7 |    32.4 |    29.0 
       abj-bka-kj |  46656 |    204 |   216 | 1.00 | 1.00 |        41.5 |    42.0 |    42.3 
       ajb-kba-jk |  44064 |    216 |   216 | 1.00 | 1.00 |        43.7 |    45.9 |    44.8 
     abjc-cbka-kj | 269568 |     52 |    72 | 1.00 | 1.00 |        20.2 |    17.7 |    20.1 
     ajbc-ckba-jk | 269568 |     72 |    52 | 1.00 | 1.00 |        22.1 |    20.4 |    21.3 
     abjc-kbac-jk | 194688 |     72 |    72 | 1.00 | 1.00 |        35.0 |    37.4 |    36.2 
   abjcd-dkbac-jk | 331776 |     24 |    24 | 1.00 | 1.00 |        12.0 |    10.5 |    11.4 
   adbjc-cbdka-kj | 331776 |     24 |    24 | 1.00 | 1.00 |        10.7 |     9.3 |    10.0 
   ajbdc-ckbad-jk | 331776 |     24 |    24 | 1.00 | 1.00 |        11.6 |    10.1 |    10.9 
 abcijk-ijma-mkbc |   9216 |   4096 |    24 | 1.00 | 0.99 |        26.7 |    29.6 |    26.1 
 abcijk-ijmb-mkac |   6144 |   6144 |    24 | 1.00 | 0.75 |        26.9 |    29.9 |    25.5 
 abcijk-ijmc-mkab |   6144 |   6144 |    24 | 1.00 | 0.75 |        29.8 |    33.7 |    28.8 
 abcijk-ikma-mjbc |   9216 |   4096 |    24 | 1.00 | 0.99 |        26.6 |    29.6 |    26.1 
 abcijk-ikmb-mjac |   6144 |   6144 |    24 | 1.00 | 0.75 |        26.9 |    29.9 |    25.5 
 abcijk-ikmc-mjab |   6144 |   6144 |    24 | 1.00 | 0.75 |        29.7 |    33.7 |    28.8 
 abcijk-jkma-mibc |   9216 |   4096 |    24 | 1.00 | 0.99 |        26.3 |    29.7 |    26.3 
 abcijk-jkmb-miac |   6144 |   6144 |    24 | 1.00 | 0.75 |        26.7 |    29.6 |    25.3 
 abcijk-jkmc-miab |   6144 |   6144 |    24 | 1.00 | 0.75 |        29.4 |    32.8 |    28.7 
 abcijk-eiab-jkec |   6144 |   6144 |    24 | 1.00 | 0.75 |        29.4 |    32.9 |    28.6 
 abcijk-eiac-jkeb |   6144 |   6144 |    24 | 1.00 | 0.75 |        26.8 |    29.6 |    25.3 
 abcijk-eibc-jkea |   4096 |   9216 |    24 | 1.00 | 0.99 |        26.3 |    29.3 |    26.1 
 abcijk-ejab-ikec |   6144 |   6144 |    24 | 1.00 | 0.75 |        29.8 |    33.7 |    28.7 
 abcijk-ejac-ikeb |   6144 |   6144 |    24 | 1.00 | 0.75 |        26.8 |    29.6 |    25.4 
 abcijk-ejbc-ikea |   4096 |   9216 |    24 | 1.00 | 0.99 |        26.6 |    29.4 |    26.2 
 abcijk-ekab-ijec |   6144 |   6144 |    24 | 1.00 | 0.75 |        29.8 |    33.7 |    28.8 
 abcijk-ekac-ijeb |   6144 |   6144 |    24 | 1.00 | 0.75 |        26.6 |    29.7 |    25.1 
 abcijk-ekbc-ijea |   4096 |   9216 |    24 | 1.00 | 0.99 |        26.5 |    29.3 |    26.1 
       abc-bk-akc |    216 |  44064 |   204 | 1.00 | 1.00 |        42.6 |    45.1 |    40.6 

=== complex efficiency ratio (c64 GF/s over f64 GF/s; 1.0 = no penalty) ===
             case | planar c64/f64 | 1m c64/f64 | 3m c64/f64 
------------------+----------------+------------+------------
         ij-ik-kj |          1.055 |      1.072 |      1.051 
       ij-ikl-ljk |          1.202 |      1.245 |      1.122 
       ij-kil-lkj |          1.210 |      1.231 |      1.225 
       ijk-ikl-lj |          1.171 |      1.153 |      1.164 
       ijk-il-jlk |          1.185 |      1.248 |      1.126 
       ijk-ilk-jl |          1.080 |      1.144 |      1.023 
       ijk-ilk-lj |          1.087 |      1.135 |      1.019 
     ijk-ilmk-mjl |          1.159 |      1.175 |      0.962 
   ijkl-imjn-lnkm |          1.057 |      1.089 |      1.039 
   ijkl-imjn-nlmk |          1.062 |      1.094 |      1.044 
   ijkl-imkn-jnlm |          1.082 |      1.086 |      1.048 
   ijkl-imkn-njml |          1.080 |      1.083 |      1.042 
   ijkl-imln-jnkm |          1.079 |      1.088 |      1.043 
   ijkl-imln-njmk |          1.079 |      1.081 |      1.042 
   ijkl-imnj-nlkm |          1.063 |      1.104 |      1.048 
   ijkl-imnk-njml |          1.083 |      1.085 |      1.044 
   ijkl-minj-nlmk |          1.066 |      1.100 |      1.081 
   ijkl-mink-jnlm |          1.085 |      1.090 |      1.082 
   ijkl-minl-njmk |          1.094 |      1.092 |      1.087 
     aqrs-pa-pqrs |          1.319 |      1.425 |      1.315 
     abrs-qb-aqrs |          1.250 |      1.323 |      1.033 
     abcs-rc-abrs |          1.359 |      1.480 |      1.324 
       abj-bka-kj |          1.152 |      1.167 |      1.175 
       ajb-kba-jk |          1.063 |      1.117 |      1.090 
     abjc-cbka-kj |          1.813 |      1.590 |      1.808 
     ajbc-ckba-jk |          1.280 |      1.181 |      1.238 
     abjc-kbac-jk |          1.167 |      1.250 |      1.207 
   abjcd-dkbac-jk |          2.181 |      1.898 |      2.072 
   adbjc-cbdka-kj |          2.346 |      2.039 |      2.209 
   ajbdc-ckbad-jk |          2.207 |      1.908 |      2.064 
 abcijk-ijma-mkbc |          1.224 |      1.359 |      1.199 
 abcijk-ijmb-mkac |          1.374 |      1.524 |      1.300 
 abcijk-ijmc-mkab |          1.238 |      1.404 |      1.199 
 abcijk-ikma-mjbc |          1.227 |      1.363 |      1.201 
 abcijk-ikmb-mjac |          1.366 |      1.522 |      1.297 
 abcijk-ikmc-mjab |          1.239 |      1.407 |      1.201 
 abcijk-jkma-mibc |          1.301 |      1.470 |      1.303 
 abcijk-jkmb-miac |          1.358 |      1.506 |      1.288 
 abcijk-jkmc-miab |          1.240 |      1.385 |      1.209 
 abcijk-eiab-jkec |          1.230 |      1.377 |      1.197 
 abcijk-eiac-jkeb |          1.360 |      1.504 |      1.284 
 abcijk-eibc-jkea |          1.317 |      1.472 |      1.311 
 abcijk-ejab-ikec |          1.238 |      1.400 |      1.191 
 abcijk-ejac-ikeb |          1.355 |      1.495 |      1.283 
 abcijk-ejbc-ikea |          1.229 |      1.358 |      1.212 
 abcijk-ekab-ijec |          1.233 |      1.396 |      1.192 
 abcijk-ekac-ijeb |          1.360 |      1.516 |      1.284 
 abcijk-ekbc-ijea |          1.229 |      1.358 |      1.207 
       abc-bk-akc |          1.085 |      1.150 |      1.035 
             MEAN |          1.272 |      1.321 |      1.229 

wrote bench-results/worker5040-zen2/phase4e/bl-mc400-f64c64.csv
