host        : worker5040
target      : x86_64 / linux
cpu features: avx2 fma 
caches      : L1=32KiB/8-way/1sh L2=512KiB/8-way/1sh L3=16384KiB/16-way/4sh (via sysfs), blocking=legacy
baselines   : tblis=false blas=false

sweeping 49 cases at 64 MiB nominal tensor size, 3 reps, stress=none


=== f64 ===
             case |      m |      n |     k | regA | regB | planar GF/s | 1m GF/s | 3m GF/s 
------------------+--------+--------+-------+------+------+-------------+---------+---------
         ij-ik-kj |   2904 |   2896 |  2904 | 1.00 | 1.00 |        41.8 |    41.8 |    41.8 
       ij-ikl-ljk |    216 |    204 | 44064 | 1.00 | 1.00 |        33.6 |    33.6 |    33.6 
       ij-kil-lkj |    216 |    204 | 46656 | 1.00 | 1.00 |        33.2 |    33.2 |    33.2 
       ijk-ikl-lj |  44064 |    204 |   216 | 1.00 | 1.00 |        34.4 |    34.4 |    34.4 
       ijk-il-jlk |    216 |  44064 |   204 | 1.00 | 1.00 |        35.5 |    35.5 |    35.5 
       ijk-ilk-jl |  44064 |    216 |   204 | 1.00 | 1.00 |        40.8 |    40.8 |    40.8 
       ijk-ilk-lj |  44064 |    204 |   216 | 1.00 | 1.00 |        40.9 |    40.9 |    40.9 
     ijk-ilmk-mjl |   3744 |     52 |  3744 | 1.00 | 1.00 |        30.7 |    30.7 |    30.7 
   ijkl-imjn-lnkm |   3744 |   3744 |  2704 | 1.00 | 0.92 |        42.8 |    42.8 |    42.8 
   ijkl-imjn-nlmk |   3744 |   2704 |  3744 | 1.00 | 0.92 |        42.9 |    42.9 |    42.9 
   ijkl-imkn-jnlm |   3744 |   3744 |  2704 | 1.00 | 1.00 |        40.8 |    40.8 |    40.8 
   ijkl-imkn-njml |   3744 |   2704 |  3744 | 1.00 | 0.92 |        41.3 |    41.3 |    41.3 
   ijkl-imln-jnkm |   3744 |   3744 |  2704 | 1.00 | 1.00 |        41.3 |    41.3 |    41.3 
   ijkl-imln-njmk |   3744 |   2704 |  3744 | 1.00 | 0.92 |        41.4 |    41.4 |    41.4 
   ijkl-imnj-nlkm |   3744 |   2704 |  3744 | 1.00 | 0.92 |        42.9 |    42.9 |    42.9 
   ijkl-imnk-njml |   3744 |   2704 |  3744 | 1.00 | 0.92 |        41.4 |    41.4 |    41.4 
   ijkl-minj-nlmk |   3744 |   2704 |  5184 | 1.00 | 0.92 |        42.1 |    42.1 |    42.1 
   ijkl-mink-jnlm |   3744 |   3744 |  3744 | 1.00 | 1.00 |        40.7 |    40.7 |    40.7 
   ijkl-minl-njmk |   3744 |   2704 |  5184 | 1.00 | 0.92 |        40.7 |    40.7 |    40.7 
     aqrs-pa-pqrs |     72 | 140608 |    72 | 1.00 | 1.00 |        24.5 |    24.5 |    24.5 
     abrs-qb-aqrs |     52 | 194688 |    72 | 1.00 | 1.00 |        24.2 |    24.2 |    24.2 
     abcs-rc-abrs |     52 | 194688 |    72 | 1.00 | 1.00 |        20.8 |    20.8 |    20.8 
       abj-bka-kj |  46656 |    204 |   216 | 1.00 | 1.00 |        36.7 |    36.7 |    36.7 
       ajb-kba-jk |  44064 |    216 |   216 | 1.00 | 1.00 |        42.3 |    42.3 |    42.3 
     abjc-cbka-kj | 269568 |     52 |    72 | 1.00 | 1.00 |        10.5 |    10.5 |    10.5 
     ajbc-ckba-jk | 269568 |     72 |    52 | 1.00 | 1.00 |        17.6 |    17.6 |    17.6 
     abjc-kbac-jk | 194688 |     72 |    72 | 1.00 | 1.00 |        30.6 |    30.6 |    30.6 
   abjcd-dkbac-jk | 331776 |     24 |    24 | 1.00 | 1.00 |         5.1 |     5.1 |     5.1 
   adbjc-cbdka-kj | 331776 |     24 |    24 | 1.00 | 1.00 |         4.2 |     4.2 |     4.2 
   ajbdc-ckbad-jk | 331776 |     24 |    24 | 1.00 | 1.00 |         4.9 |     4.9 |     4.9 
 abcijk-ijma-mkbc |   9216 |   4096 |    24 | 1.00 | 0.99 |        22.2 |    22.2 |    22.2 
 abcijk-ijmb-mkac |   6144 |   6144 |    24 | 1.00 | 0.75 |        20.2 |    20.2 |    20.2 
 abcijk-ijmc-mkab |   6144 |   6144 |    24 | 1.00 | 0.75 |        23.8 |    23.8 |    23.8 
 abcijk-ikma-mjbc |   9216 |   4096 |    24 | 1.00 | 0.99 |        22.3 |    22.3 |    22.3 
 abcijk-ikmb-mjac |   6144 |   6144 |    24 | 1.00 | 0.75 |        20.2 |    20.2 |    20.2 
 abcijk-ikmc-mjab |   6144 |   6144 |    24 | 1.00 | 0.75 |        23.9 |    23.9 |    23.9 
 abcijk-jkma-mibc |   9216 |   4096 |    24 | 1.00 | 0.99 |        22.3 |    22.3 |    22.3 
 abcijk-jkmb-miac |   6144 |   6144 |    24 | 1.00 | 0.75 |        18.8 |    18.8 |    18.8 
 abcijk-jkmc-miab |   6144 |   6144 |    24 | 1.00 | 0.75 |        21.0 |    21.0 |    21.0 
 abcijk-eiab-jkec |   6144 |   6144 |    24 | 1.00 | 0.75 |        21.1 |    21.1 |    21.1 
 abcijk-eiac-jkeb |   6144 |   6144 |    24 | 1.00 | 0.75 |        19.5 |    19.5 |    19.5 
 abcijk-eibc-jkea |   4096 |   9216 |    24 | 1.00 | 0.99 |        22.6 |    22.6 |    22.6 
 abcijk-ejab-ikec |   6144 |   6144 |    24 | 1.00 | 0.75 |        24.0 |    24.0 |    24.0 
 abcijk-ejac-ikeb |   6144 |   6144 |    24 | 1.00 | 0.75 |        20.5 |    20.5 |    20.5 
 abcijk-ejbc-ikea |   4096 |   9216 |    24 | 1.00 | 0.99 |        22.5 |    22.5 |    22.5 
 abcijk-ekab-ijec |   6144 |   6144 |    24 | 1.00 | 0.75 |        24.1 |    24.1 |    24.1 
 abcijk-ekac-ijeb |   6144 |   6144 |    24 | 1.00 | 0.75 |        20.5 |    20.5 |    20.5 
 abcijk-ekbc-ijea |   4096 |   9216 |    24 | 1.00 | 0.99 |        22.6 |    22.6 |    22.6 
       abc-bk-akc |    216 |  44064 |   204 | 1.00 | 1.00 |        40.8 |    40.8 |    40.8 

=== c64 ===
             case |      m |      n |     k | regA | regB | planar GF/s | 1m GF/s | 3m GF/s 
------------------+--------+--------+-------+------+------+-------------+---------+---------
         ij-ik-kj |   2904 |   2896 |  2904 | 1.00 | 1.00 |        43.4 |    45.2 |    44.1 
       ij-ikl-ljk |    216 |    204 | 44064 | 1.00 | 1.00 |        39.1 |    41.5 |    37.1 
       ij-kil-lkj |    216 |    204 | 46656 | 1.00 | 1.00 |        39.0 |    41.1 |    40.3 
       ijk-ikl-lj |  44064 |    204 |   216 | 1.00 | 1.00 |        41.2 |    41.9 |    41.7 
       ijk-il-jlk |    216 |  44064 |   204 | 1.00 | 0.98 |        42.2 |    45.3 |    41.0 
       ijk-ilk-jl |  44064 |    216 |   204 | 1.00 | 1.00 |        43.1 |    46.4 |    41.7 
       ijk-ilk-lj |  44064 |    204 |   216 | 1.00 | 1.00 |        43.7 |    46.5 |    41.7 
     ijk-ilmk-mjl |   3744 |     52 |  3744 | 1.00 | 1.00 |        35.1 |    37.1 |    30.6 
   ijkl-imjn-lnkm |   3744 |   3744 |  2704 | 1.00 | 0.92 |        44.3 |    46.6 |    44.0 
   ijkl-imjn-nlmk |   3744 |   2704 |  3744 | 1.00 | 0.92 |        44.3 |    46.5 |    44.1 
   ijkl-imkn-jnlm |   3744 |   3744 |  2704 | 1.00 | 0.95 |        43.6 |    45.8 |    42.3 
   ijkl-imkn-njml |   3744 |   2704 |  3744 | 1.00 | 0.92 |        43.6 |    45.7 |    42.6 
   ijkl-imln-jnkm |   3744 |   3744 |  2704 | 1.00 | 0.95 |        43.6 |    45.8 |    42.3 
   ijkl-imln-njmk |   3744 |   2704 |  3744 | 1.00 | 0.92 |        43.5 |    45.6 |    42.4 
   ijkl-imnj-nlkm |   3744 |   2704 |  3744 | 1.00 | 0.92 |        44.3 |    46.6 |    43.9 
   ijkl-imnk-njml |   3744 |   2704 |  3744 | 1.00 | 0.92 |        43.6 |    45.8 |    42.4 
   ijkl-minj-nlmk |   3744 |   2704 |  5184 | 1.00 | 0.92 |        43.9 |    45.8 |    44.9 
   ijkl-mink-jnlm |   3744 |   3744 |  3744 | 1.00 | 0.95 |        43.3 |    45.3 |    43.5 
   ijkl-minl-njmk |   3744 |   2704 |  5184 | 1.00 | 0.92 |        43.1 |    45.0 |    43.2 
     aqrs-pa-pqrs |     72 | 140608 |    72 | 1.00 | 1.00 |        32.1 |    34.2 |    31.8 
     abrs-qb-aqrs |     52 | 194688 |    72 | 1.00 | 1.00 |        30.0 |    32.7 |    25.4 
     abcs-rc-abrs |     52 | 194688 |    72 | 1.00 | 1.00 |        29.4 |    32.8 |    31.5 
       abj-bka-kj |  46656 |    204 |   216 | 1.00 | 1.00 |        40.5 |    41.8 |    41.6 
       ajb-kba-jk |  44064 |    216 |   216 | 1.00 | 1.00 |        43.9 |    47.3 |    46.3 
     abjc-cbka-kj | 269568 |     52 |    72 | 1.00 | 1.00 |        19.4 |    17.0 |    19.5 
     ajbc-ckba-jk | 269568 |     72 |    52 | 1.00 | 1.00 |        21.2 |    19.8 |    20.8 
     abjc-kbac-jk | 194688 |     72 |    72 | 1.00 | 1.00 |        34.7 |    38.3 |    37.9 
   abjcd-dkbac-jk | 331776 |     24 |    24 | 1.00 | 1.00 |        11.3 |     9.6 |    10.6 
   adbjc-cbdka-kj | 331776 |     24 |    24 | 1.00 | 1.00 |        10.0 |     8.7 |     9.5 
   ajbdc-ckbad-jk | 331776 |     24 |    24 | 1.00 | 1.00 |        10.9 |     9.4 |    10.1 
 abcijk-ijma-mkbc |   9216 |   4096 |    24 | 1.00 | 0.99 |        26.2 |    29.1 |    25.9 
 abcijk-ijmb-mkac |   6144 |   6144 |    24 | 1.00 | 0.75 |        26.3 |    29.4 |    25.4 
 abcijk-ijmc-mkab |   6144 |   6144 |    24 | 1.00 | 0.75 |        29.4 |    32.9 |    28.0 
 abcijk-ikma-mjbc |   9216 |   4096 |    24 | 1.00 | 0.99 |        26.2 |    29.4 |    26.0 
 abcijk-ikmb-mjac |   6144 |   6144 |    24 | 1.00 | 0.75 |        26.3 |    29.2 |    25.2 
 abcijk-ikmc-mjab |   6144 |   6144 |    24 | 1.00 | 0.75 |        29.3 |    33.0 |    28.0 
 abcijk-jkma-mibc |   9216 |   4096 |    24 | 1.00 | 0.99 |        26.2 |    29.3 |    26.0 
 abcijk-jkmb-miac |   6144 |   6144 |    24 | 1.00 | 0.75 |        25.2 |    27.4 |    25.4 
 abcijk-jkmc-miab |   6144 |   6144 |    24 | 1.00 | 0.75 |        27.3 |    27.4 |    27.7 
 abcijk-eiab-jkec |   6144 |   6144 |    24 | 1.00 | 0.75 |        27.4 |    27.5 |    27.8 
 abcijk-eiac-jkeb |   6144 |   6144 |    24 | 1.00 | 0.75 |        25.6 |    27.4 |    25.5 
 abcijk-eibc-jkea |   4096 |   9216 |    24 | 1.00 | 0.99 |        26.4 |    29.7 |    26.3 
 abcijk-ejab-ikec |   6144 |   6144 |    24 | 1.00 | 0.75 |        29.4 |    33.0 |    28.2 
 abcijk-ejac-ikeb |   6144 |   6144 |    24 | 1.00 | 0.75 |        26.6 |    29.6 |    25.8 
 abcijk-ejbc-ikea |   4096 |   9216 |    24 | 1.00 | 0.99 |        26.4 |    29.8 |    26.2 
 abcijk-ekab-ijec |   6144 |   6144 |    24 | 1.00 | 0.75 |        29.4 |    33.2 |    28.1 
 abcijk-ekac-ijeb |   6144 |   6144 |    24 | 1.00 | 0.75 |        26.5 |    29.6 |    25.7 
 abcijk-ekbc-ijea |   4096 |   9216 |    24 | 1.00 | 0.99 |        26.4 |    29.8 |    26.1 
       abc-bk-akc |    216 |  44064 |   204 | 1.00 | 1.00 |        43.2 |    46.4 |    41.7 

=== complex efficiency ratio (c64 GF/s over f64 GF/s; 1.0 = no penalty) ===
             case | planar c64/f64 | 1m c64/f64 | 3m c64/f64 
------------------+----------------+------------+------------
         ij-ik-kj |          1.038 |      1.080 |      1.053 
       ij-ikl-ljk |          1.164 |      1.236 |      1.104 
       ij-kil-lkj |          1.177 |      1.239 |      1.216 
       ijk-ikl-lj |          1.198 |      1.217 |      1.213 
       ijk-il-jlk |          1.191 |      1.277 |      1.155 
       ijk-ilk-jl |          1.057 |      1.137 |      1.022 
       ijk-ilk-lj |          1.067 |      1.136 |      1.019 
     ijk-ilmk-mjl |          1.144 |      1.211 |      0.998 
   ijkl-imjn-lnkm |          1.035 |      1.087 |      1.027 
   ijkl-imjn-nlmk |          1.032 |      1.084 |      1.028 
   ijkl-imkn-jnlm |          1.067 |      1.122 |      1.035 
   ijkl-imkn-njml |          1.054 |      1.104 |      1.030 
   ijkl-imln-jnkm |          1.055 |      1.108 |      1.023 
   ijkl-imln-njmk |          1.052 |      1.103 |      1.024 
   ijkl-imnj-nlkm |          1.033 |      1.086 |      1.024 
   ijkl-imnk-njml |          1.052 |      1.106 |      1.024 
   ijkl-minj-nlmk |          1.043 |      1.090 |      1.068 
   ijkl-mink-jnlm |          1.064 |      1.113 |      1.069 
   ijkl-minl-njmk |          1.061 |      1.106 |      1.063 
     aqrs-pa-pqrs |          1.312 |      1.397 |      1.298 
     abrs-qb-aqrs |          1.239 |      1.349 |      1.050 
     abcs-rc-abrs |          1.414 |      1.579 |      1.514 
       abj-bka-kj |          1.106 |      1.139 |      1.135 
       ajb-kba-jk |          1.039 |      1.118 |      1.094 
     abjc-cbka-kj |          1.843 |      1.614 |      1.847 
     ajbc-ckba-jk |          1.209 |      1.128 |      1.182 
     abjc-kbac-jk |          1.133 |      1.250 |      1.237 
   abjcd-dkbac-jk |          2.222 |      1.887 |      2.067 
   adbjc-cbdka-kj |          2.376 |      2.058 |      2.250 
   ajbdc-ckbad-jk |          2.225 |      1.916 |      2.069 
 abcijk-ijma-mkbc |          1.178 |      1.309 |      1.165 
 abcijk-ijmb-mkac |          1.303 |      1.453 |      1.257 
 abcijk-ijmc-mkab |          1.232 |      1.382 |      1.175 
 abcijk-ikma-mjbc |          1.177 |      1.320 |      1.168 
 abcijk-ikmb-mjac |          1.298 |      1.443 |      1.245 
 abcijk-ikmc-mjab |          1.228 |      1.383 |      1.172 
 abcijk-jkma-mibc |          1.175 |      1.311 |      1.163 
 abcijk-jkmb-miac |          1.339 |      1.453 |      1.347 
 abcijk-jkmc-miab |          1.302 |      1.306 |      1.321 
 abcijk-eiab-jkec |          1.301 |      1.304 |      1.320 
 abcijk-eiac-jkeb |          1.311 |      1.405 |      1.304 
 abcijk-eibc-jkea |          1.167 |      1.315 |      1.161 
 abcijk-ejab-ikec |          1.223 |      1.375 |      1.172 
 abcijk-ejac-ikeb |          1.296 |      1.445 |      1.255 
 abcijk-ejbc-ikea |          1.172 |      1.322 |      1.163 
 abcijk-ekab-ijec |          1.219 |      1.376 |      1.168 
 abcijk-ekac-ijeb |          1.295 |      1.443 |      1.256 
 abcijk-ekbc-ijea |          1.171 |      1.321 |      1.158 
       abc-bk-akc |          1.061 |      1.139 |      1.023 
             MEAN |          1.248 |      1.304 |      1.223 

wrote bench-results/worker5040-zen2/phase4e/bl-mc50-f64c64.csv
