host        : worker5139
target      : x86_64 / linux
cpu features: avx2 fma 
caches      : L1=32KiB/8-way/1sh L2=512KiB/8-way/1sh L3=16384KiB/16-way/4sh (via sysfs), blocking=legacy
l3 domains  : t1=1 t4=1
baselines   : tblis=false blas=false

sweeping 49 cases at 64 MiB nominal tensor size, 3 reps, stress=none


=== f64 ===
             case |      m |      n |     k | regA | regB | planar GF/s | 1m GF/s | 3m GF/s 
------------------+--------+--------+-------+------+------+-------------+---------+---------
         ij-ik-kj |   2904 |   2896 |  2904 | 1.00 | 1.00 |        81.4 |    81.4 |    81.4 
       ij-ikl-ljk |    216 |    204 | 44064 | 1.00 | 1.00 |        59.5 |    59.5 |    59.5 
       ij-kil-lkj |    216 |    204 | 46656 | 1.00 | 1.00 |        58.6 |    58.6 |    58.6 
       ijk-ikl-lj |  44064 |    204 |   216 | 1.00 | 1.00 |        67.7 |    67.7 |    67.7 
       ijk-il-jlk |    216 |  44064 |   204 | 1.00 | 1.00 |        68.3 |    68.3 |    68.3 
       ijk-ilk-jl |  44064 |    216 |   204 | 1.00 | 1.00 |        78.8 |    78.8 |    78.8 
       ijk-ilk-lj |  44064 |    204 |   216 | 1.00 | 1.00 |        79.1 |    79.1 |    79.1 
     ijk-ilmk-mjl |   3744 |     52 |  3744 | 1.00 | 1.00 |        58.9 |    58.9 |    58.9 
   ijkl-imjn-lnkm |   3744 |   3744 |  2704 | 1.00 | 0.92 |        82.6 |    82.6 |    82.6 
   ijkl-imjn-nlmk |   3744 |   2704 |  3744 | 1.00 | 0.92 |        82.8 |    82.8 |    82.8 
   ijkl-imkn-jnlm |   3744 |   3744 |  2704 | 1.00 | 1.00 |        79.2 |    79.2 |    79.2 
   ijkl-imkn-njml |   3744 |   2704 |  3744 | 1.00 | 0.92 |        79.8 |    79.8 |    79.8 
   ijkl-imln-jnkm |   3744 |   3744 |  2704 | 1.00 | 1.00 |        79.3 |    79.3 |    79.3 
   ijkl-imln-njmk |   3744 |   2704 |  3744 | 1.00 | 0.92 |        79.5 |    79.5 |    79.5 
   ijkl-imnj-nlkm |   3744 |   2704 |  3744 | 1.00 | 0.92 |        82.7 |    82.7 |    82.7 
   ijkl-imnk-njml |   3744 |   2704 |  3744 | 1.00 | 0.92 |        80.1 |    80.1 |    80.1 
   ijkl-minj-nlmk |   3744 |   2704 |  5184 | 1.00 | 0.92 |        81.5 |    81.5 |    81.5 
   ijkl-mink-jnlm |   3744 |   3744 |  3744 | 1.00 | 1.00 |        79.0 |    79.0 |    79.0 
   ijkl-minl-njmk |   3744 |   2704 |  5184 | 1.00 | 0.92 |        79.2 |    79.2 |    79.2 
     aqrs-pa-pqrs |     72 | 140608 |    72 | 1.00 | 1.00 |        42.5 |    42.5 |    42.5 
     abrs-qb-aqrs |     52 | 194688 |    72 | 1.00 | 1.00 |        48.2 |    48.2 |    48.2 
     abcs-rc-abrs |     52 | 194688 |    72 | 1.00 | 1.00 |        43.2 |    43.2 |    43.2 
       abj-bka-kj |  46656 |    204 |   216 | 1.00 | 1.00 |        74.3 |    74.3 |    74.3 
       ajb-kba-jk |  44064 |    216 |   216 | 1.00 | 1.00 |        82.2 |    82.2 |    82.2 
     abjc-cbka-kj | 269568 |     52 |    72 | 1.00 | 1.00 |        20.5 |    20.5 |    20.5 
     ajbc-ckba-jk | 269568 |     72 |    52 | 1.00 | 1.00 |        24.6 |    24.6 |    24.6 
     abjc-kbac-jk | 194688 |     72 |    72 | 1.00 | 1.00 |        61.6 |    61.6 |    61.6 
   abjcd-dkbac-jk | 331776 |     24 |    24 | 1.00 | 1.00 |        10.3 |    10.3 |    10.3 
   adbjc-cbdka-kj | 331776 |     24 |    24 | 1.00 | 1.00 |         8.7 |     8.7 |     8.7 
   ajbdc-ckbad-jk | 331776 |     24 |    24 | 1.00 | 1.00 |         9.9 |     9.9 |     9.9 
 abcijk-ijma-mkbc |   9216 |   4096 |    24 | 1.00 | 0.99 |        43.0 |    43.0 |    43.0 
 abcijk-ijmb-mkac |   6144 |   6144 |    24 | 1.00 | 0.75 |        38.6 |    38.6 |    38.6 
 abcijk-ijmc-mkab |   6144 |   6144 |    24 | 1.00 | 0.75 |        46.5 |    46.5 |    46.5 
 abcijk-ikma-mjbc |   9216 |   4096 |    24 | 1.00 | 0.99 |        43.1 |    43.1 |    43.1 
 abcijk-ikmb-mjac |   6144 |   6144 |    24 | 1.00 | 0.75 |        38.2 |    38.2 |    38.2 
 abcijk-ikmc-mjab |   6144 |   6144 |    24 | 1.00 | 0.75 |        45.7 |    45.7 |    45.7 
 abcijk-jkma-mibc |   9216 |   4096 |    24 | 1.00 | 0.99 |        43.4 |    43.4 |    43.4 
 abcijk-jkmb-miac |   6144 |   6144 |    24 | 1.00 | 0.75 |        37.3 |    37.3 |    37.3 
 abcijk-jkmc-miab |   6144 |   6144 |    24 | 1.00 | 0.75 |        43.0 |    43.0 |    43.0 
 abcijk-eiab-jkec |   6144 |   6144 |    24 | 1.00 | 0.75 |        43.5 |    43.5 |    43.5 
 abcijk-eiac-jkeb |   6144 |   6144 |    24 | 1.00 | 0.75 |        37.3 |    37.3 |    37.3 
 abcijk-eibc-jkea |   4096 |   9216 |    24 | 1.00 | 0.99 |        43.5 |    43.5 |    43.5 
 abcijk-ejab-ikec |   6144 |   6144 |    24 | 1.00 | 0.75 |        46.1 |    46.1 |    46.1 
 abcijk-ejac-ikeb |   6144 |   6144 |    24 | 1.00 | 0.75 |        38.1 |    38.1 |    38.1 
 abcijk-ejbc-ikea |   4096 |   9216 |    24 | 1.00 | 0.99 |        42.9 |    42.9 |    42.9 
 abcijk-ekab-ijec |   6144 |   6144 |    24 | 1.00 | 0.75 |        46.5 |    46.5 |    46.5 
 abcijk-ekac-ijeb |   6144 |   6144 |    24 | 1.00 | 0.75 |        38.4 |    38.4 |    38.4 
 abcijk-ekbc-ijea |   4096 |   9216 |    24 | 1.00 | 0.99 |        43.0 |    43.0 |    43.0 
       abc-bk-akc |    216 |  44064 |   204 | 1.00 | 1.00 |        79.1 |    79.1 |    79.1 

=== c64 ===
             case |      m |      n |     k | regA | regB | planar GF/s | 1m GF/s | 3m GF/s 
------------------+--------+--------+-------+------+------+-------------+---------+---------
         ij-ik-kj |   2904 |   2896 |  2904 | 1.00 | 1.00 |        86.0 |    87.1 |    85.5 
       ij-ikl-ljk |    216 |    204 | 44064 | 1.00 | 1.00 |        75.0 |    80.8 |    71.8 
       ij-kil-lkj |    216 |    204 | 46656 | 1.00 | 1.00 |        75.5 |    79.7 |    77.9 
       ijk-ikl-lj |  44064 |    204 |   216 | 1.00 | 1.00 |        80.8 |    79.5 |    80.5 
       ijk-il-jlk |    216 |  44064 |   204 | 1.00 | 0.98 |        83.5 |    86.2 |    78.0 
       ijk-ilk-jl |  44064 |    216 |   204 | 1.00 | 1.00 |        85.3 |    90.4 |    81.0 
       ijk-ilk-lj |  44064 |    204 |   216 | 1.00 | 1.00 |        86.4 |    90.8 |    80.7 
     ijk-ilmk-mjl |   3744 |     52 |  3744 | 1.00 | 1.00 |        67.4 |    70.7 |    59.6 
   ijkl-imjn-lnkm |   3744 |   3744 |  2704 | 1.00 | 0.92 |        86.8 |    90.4 |    84.6 
   ijkl-imjn-nlmk |   3744 |   2704 |  3744 | 1.00 | 0.92 |        86.8 |    90.2 |    84.2 
   ijkl-imkn-jnlm |   3744 |   3744 |  2704 | 1.00 | 0.95 |        85.8 |    87.6 |    81.6 
   ijkl-imkn-njml |   3744 |   2704 |  3744 | 1.00 | 0.92 |        85.9 |    87.6 |    81.6 
   ijkl-imln-jnkm |   3744 |   3744 |  2704 | 1.00 | 0.95 |        85.6 |    87.7 |    81.8 
   ijkl-imln-njmk |   3744 |   2704 |  3744 | 1.00 | 0.92 |        85.8 |    87.3 |    81.8 
   ijkl-imnj-nlkm |   3744 |   2704 |  3744 | 1.00 | 0.92 |        86.7 |    90.3 |    84.5 
   ijkl-imnk-njml |   3744 |   2704 |  3744 | 1.00 | 0.92 |        86.3 |    88.1 |    82.2 
   ijkl-minj-nlmk |   3744 |   2704 |  5184 | 1.00 | 0.92 |        86.6 |    89.6 |    87.4 
   ijkl-mink-jnlm |   3744 |   3744 |  3744 | 1.00 | 0.95 |        86.0 |    87.6 |    84.6 
   ijkl-minl-njmk |   3744 |   2704 |  5184 | 1.00 | 0.92 |        85.7 |    87.1 |    84.5 
     aqrs-pa-pqrs |     72 | 140608 |    72 | 1.00 | 1.00 |        61.3 |    65.4 |    59.3 
     abrs-qb-aqrs |     52 | 194688 |    72 | 1.00 | 1.00 |        60.4 |    65.0 |    59.4 
     abcs-rc-abrs |     52 | 194688 |    72 | 1.00 | 1.00 |        58.8 |    66.1 |    61.2 
       abj-bka-kj |  46656 |    204 |   216 | 1.00 | 1.00 |        80.8 |    81.4 |    81.3 
       ajb-kba-jk |  44064 |    216 |   216 | 1.00 | 1.00 |        87.4 |    91.7 |    89.8 
     abjc-cbka-kj | 269568 |     52 |    72 | 1.00 | 1.00 |        40.9 |    36.8 |    40.5 
     ajbc-ckba-jk | 269568 |     72 |    52 | 1.00 | 1.00 |        43.7 |    40.7 |    43.5 
     abjc-kbac-jk | 194688 |     72 |    72 | 1.00 | 1.00 |        70.8 |    77.1 |    76.3 
   abjcd-dkbac-jk | 331776 |     24 |    24 | 1.00 | 1.00 |        23.1 |    20.9 |    22.5 
   adbjc-cbdka-kj | 331776 |     24 |    24 | 1.00 | 1.00 |        20.5 |    18.4 |    19.9 
   ajbdc-ckbad-jk | 331776 |     24 |    24 | 1.00 | 1.00 |        22.2 |    19.9 |    21.6 
 abcijk-ijma-mkbc |   9216 |   4096 |    24 | 1.00 | 0.99 |        53.2 |    58.4 |    53.1 
 abcijk-ijmb-mkac |   6144 |   6144 |    24 | 1.00 | 0.75 |        52.6 |    58.0 |    51.5 
 abcijk-ijmc-mkab |   6144 |   6144 |    24 | 1.00 | 0.75 |        58.3 |    65.9 |    57.4 
 abcijk-ikma-mjbc |   9216 |   4096 |    24 | 1.00 | 0.99 |        53.1 |    58.3 |    53.2 
 abcijk-ikmb-mjac |   6144 |   6144 |    24 | 1.00 | 0.75 |        52.6 |    57.9 |    51.6 
 abcijk-ikmc-mjab |   6144 |   6144 |    24 | 1.00 | 0.75 |        57.7 |    65.1 |    56.7 
 abcijk-jkma-mibc |   9216 |   4096 |    24 | 1.00 | 0.99 |        52.7 |    57.9 |    52.8 
 abcijk-jkmb-miac |   6144 |   6144 |    24 | 1.00 | 0.75 |        51.1 |    55.0 |    50.8 
 abcijk-jkmc-miab |   6144 |   6144 |    24 | 1.00 | 0.75 |        56.0 |    58.6 |    55.8 
 abcijk-eiab-jkec |   6144 |   6144 |    24 | 1.00 | 0.75 |        55.6 |    58.9 |    56.3 
 abcijk-eiac-jkeb |   6144 |   6144 |    24 | 1.00 | 0.75 |        51.3 |    55.4 |    51.3 
 abcijk-eibc-jkea |   4096 |   9216 |    24 | 1.00 | 0.99 |        53.0 |    58.1 |    53.1 
 abcijk-ejab-ikec |   6144 |   6144 |    24 | 1.00 | 0.75 |        58.1 |    66.0 |    57.4 
 abcijk-ejac-ikeb |   6144 |   6144 |    24 | 1.00 | 0.75 |        52.5 |    57.9 |    51.5 
 abcijk-ejbc-ikea |   4096 |   9216 |    24 | 1.00 | 0.99 |        53.0 |    58.3 |    52.9 
 abcijk-ekab-ijec |   6144 |   6144 |    24 | 1.00 | 0.75 |        58.2 |    65.9 |    57.5 
 abcijk-ekac-ijeb |   6144 |   6144 |    24 | 1.00 | 0.75 |        52.5 |    57.9 |    51.8 
 abcijk-ekbc-ijea |   4096 |   9216 |    24 | 1.00 | 0.99 |        53.0 |    58.2 |    52.7 
       abc-bk-akc |    216 |  44064 |   204 | 1.00 | 1.00 |        84.4 |    90.0 |    80.2 

=== complex efficiency ratio (c64 GF/s over f64 GF/s; 1.0 = no penalty) ===
             case | planar c64/f64 | 1m c64/f64 | 3m c64/f64 
------------------+----------------+------------+------------
         ij-ik-kj |          1.057 |      1.071 |      1.050 
       ij-ikl-ljk |          1.260 |      1.357 |      1.206 
       ij-kil-lkj |          1.287 |      1.359 |      1.328 
       ijk-ikl-lj |          1.193 |      1.174 |      1.188 
       ijk-il-jlk |          1.222 |      1.262 |      1.142 
       ijk-ilk-jl |          1.083 |      1.148 |      1.028 
       ijk-ilk-lj |          1.091 |      1.147 |      1.020 
     ijk-ilmk-mjl |          1.144 |      1.200 |      1.011 
   ijkl-imjn-lnkm |          1.052 |      1.095 |      1.025 
   ijkl-imjn-nlmk |          1.048 |      1.089 |      1.017 
   ijkl-imkn-jnlm |          1.083 |      1.107 |      1.031 
   ijkl-imkn-njml |          1.077 |      1.098 |      1.023 
   ijkl-imln-jnkm |          1.079 |      1.106 |      1.031 
   ijkl-imln-njmk |          1.079 |      1.099 |      1.030 
   ijkl-imnj-nlkm |          1.048 |      1.092 |      1.021 
   ijkl-imnk-njml |          1.078 |      1.100 |      1.026 
   ijkl-minj-nlmk |          1.063 |      1.100 |      1.072 
   ijkl-mink-jnlm |          1.089 |      1.110 |      1.071 
   ijkl-minl-njmk |          1.082 |      1.100 |      1.067 
     aqrs-pa-pqrs |          1.444 |      1.541 |      1.397 
     abrs-qb-aqrs |          1.253 |      1.349 |      1.233 
     abcs-rc-abrs |          1.359 |      1.529 |      1.415 
       abj-bka-kj |          1.088 |      1.096 |      1.094 
       ajb-kba-jk |          1.063 |      1.116 |      1.092 
     abjc-cbka-kj |          1.996 |      1.794 |      1.979 
     ajbc-ckba-jk |          1.775 |      1.652 |      1.764 
     abjc-kbac-jk |          1.149 |      1.252 |      1.239 
   abjcd-dkbac-jk |          2.235 |      2.028 |      2.177 
   adbjc-cbdka-kj |          2.345 |      2.109 |      2.277 
   ajbdc-ckbad-jk |          2.241 |      2.011 |      2.174 
 abcijk-ijma-mkbc |          1.236 |      1.358 |      1.234 
 abcijk-ijmb-mkac |          1.364 |      1.502 |      1.336 
 abcijk-ijmc-mkab |          1.253 |      1.416 |      1.234 
 abcijk-ikma-mjbc |          1.232 |      1.353 |      1.233 
 abcijk-ikmb-mjac |          1.374 |      1.514 |      1.350 
 abcijk-ikmc-mjab |          1.263 |      1.425 |      1.240 
 abcijk-jkma-mibc |          1.215 |      1.333 |      1.217 
 abcijk-jkmb-miac |          1.370 |      1.474 |      1.363 
 abcijk-jkmc-miab |          1.302 |      1.363 |      1.298 
 abcijk-eiab-jkec |          1.278 |      1.353 |      1.294 
 abcijk-eiac-jkeb |          1.375 |      1.485 |      1.374 
 abcijk-eibc-jkea |          1.218 |      1.336 |      1.220 
 abcijk-ejab-ikec |          1.261 |      1.431 |      1.246 
 abcijk-ejac-ikeb |          1.379 |      1.520 |      1.352 
 abcijk-ejbc-ikea |          1.235 |      1.358 |      1.234 
 abcijk-ekab-ijec |          1.251 |      1.416 |      1.235 
 abcijk-ekac-ijeb |          1.369 |      1.510 |      1.349 
 abcijk-ekbc-ijea |          1.233 |      1.355 |      1.227 
       abc-bk-akc |          1.067 |      1.137 |      1.014 
             MEAN |          1.293 |      1.345 |      1.271 

wrote bench-results/worker5139-zen2/phase4f/th-t2-f64c64.csv
