host        : worker5139
target      : x86_64 / linux
cpu features: avx2 fma 
caches      : L1=32KiB/8-way/1sh L2=512KiB/8-way/1sh L3=16384KiB/16-way/4sh (via sysfs), blocking=legacy
l3 domains  : t1=1 t4=1 t8=2 t16=4 t32=8 t64=16 t128=32
baselines   : tblis=false blas=false

sweeping 49 cases at 64 MiB nominal tensor size, 3 reps, stress=none


=== f32 ===
             case |      m |      n |     k | regA | regB | planar GF/s | 1m GF/s | 3m GF/s 
------------------+--------+--------+-------+------+------+-------------+---------+---------
         ij-ik-kj |   2904 |   2896 |  2904 | 1.00 | 1.00 |       785.0 |   785.0 |   785.0 
       ij-ikl-ljk |    216 |    204 | 44064 | 1.00 | 1.00 |       159.0 |   159.0 |   159.0 
       ij-kil-lkj |    216 |    204 | 46656 | 1.00 | 1.00 |       176.1 |   176.1 |   176.1 
       ijk-ikl-lj |  44064 |    204 |   216 | 1.00 | 1.00 |       346.6 |   346.6 |   346.6 
       ijk-il-jlk |    216 |  44064 |   204 | 1.00 | 1.00 |       592.6 |   592.6 |   592.6 
       ijk-ilk-jl |  44064 |    216 |   204 | 0.96 | 1.00 |       328.1 |   328.1 |   328.1 
       ijk-ilk-lj |  44064 |    204 |   216 | 0.96 | 1.00 |       373.7 |   373.7 |   373.7 
     ijk-ilmk-mjl |   3744 |     52 |  3744 | 0.89 | 1.00 |       116.0 |   116.0 |   116.0 
   ijkl-imjn-lnkm |   3744 |   3744 |  2704 | 0.89 | 0.92 |       791.9 |   791.9 |   791.9 
   ijkl-imjn-nlmk |   3744 |   2704 |  3744 | 0.89 | 0.92 |       796.6 |   796.6 |   796.6 
   ijkl-imkn-jnlm |   3744 |   3744 |  2704 | 0.89 | 1.00 |       853.8 |   853.8 |   853.8 
   ijkl-imkn-njml |   3744 |   2704 |  3744 | 0.89 | 0.92 |       751.9 |   751.9 |   751.9 
   ijkl-imln-jnkm |   3744 |   3744 |  2704 | 0.89 | 1.00 |       798.6 |   798.6 |   798.6 
   ijkl-imln-njmk |   3744 |   2704 |  3744 | 0.89 | 0.92 |       704.4 |   704.4 |   704.4 
   ijkl-imnj-nlkm |   3744 |   2704 |  3744 | 0.89 | 0.92 |       624.6 |   624.6 |   624.6 
   ijkl-imnk-njml |   3744 |   2704 |  3744 | 0.89 | 0.92 |       681.7 |   681.7 |   681.7 
   ijkl-minj-nlmk |   3744 |   2704 |  5184 | 0.89 | 0.92 |       844.4 |   844.4 |   844.4 
   ijkl-mink-jnlm |   3744 |   3744 |  3744 | 0.89 | 1.00 |       885.5 |   885.5 |   885.5 
   ijkl-minl-njmk |   3744 |   2704 |  5184 | 0.89 | 0.92 |       998.2 |   998.2 |   998.2 
     aqrs-pa-pqrs |     72 | 140608 |    72 | 1.00 | 1.00 |       312.8 |   312.8 |   312.8 
     abrs-qb-aqrs |     52 | 194688 |    72 | 0.89 | 1.00 |       172.3 |   172.3 |   172.3 
     abcs-rc-abrs |     52 | 194688 |    72 | 1.00 | 1.00 |       159.1 |   159.1 |   159.1 
       abj-bka-kj |  46656 |    204 |   216 | 0.96 | 1.00 |       276.2 |   276.2 |   276.2 
       ajb-kba-jk |  44064 |    216 |   216 | 0.96 | 1.00 |       370.9 |   370.9 |   370.9 
     abjc-cbka-kj | 269568 |     52 |    72 | 0.89 | 1.00 |        55.4 |    55.4 |    55.4 
     ajbc-ckba-jk | 269568 |     72 |    52 | 0.89 | 1.00 |        80.6 |    80.6 |    80.6 
     abjc-kbac-jk | 194688 |     72 |    72 | 0.89 | 1.00 |       209.6 |   209.6 |   209.6 
   abjcd-dkbac-jk | 331776 |     24 |    24 | 0.67 | 1.00 |        24.9 |    24.9 |    24.9 
   adbjc-cbdka-kj | 331776 |     24 |    24 | 0.67 | 1.00 |        24.6 |    24.6 |    24.6 
   ajbdc-ckbad-jk | 331776 |     24 |    24 | 1.00 | 1.00 |        23.7 |    23.7 |    23.7 
 abcijk-ijma-mkbc |   9216 |   4096 |    24 | 1.00 | 1.00 |       181.2 |   181.2 |   181.2 
 abcijk-ijmb-mkac |   6144 |   6144 |    24 | 1.00 | 1.00 |       448.4 |   448.4 |   448.4 
 abcijk-ijmc-mkab |   6144 |   6144 |    24 | 1.00 | 0.75 |       465.4 |   465.4 |   465.4 
 abcijk-ikma-mjbc |   9216 |   4096 |    24 | 1.00 | 1.00 |       285.2 |   285.2 |   285.2 
 abcijk-ikmb-mjac |   6144 |   6144 |    24 | 1.00 | 1.00 |       462.7 |   462.7 |   462.7 
 abcijk-ikmc-mjab |   6144 |   6144 |    24 | 1.00 | 0.75 |       434.3 |   434.3 |   434.3 
 abcijk-jkma-mibc |   9216 |   4096 |    24 | 1.00 | 1.00 |       230.3 |   230.3 |   230.3 
 abcijk-jkmb-miac |   6144 |   6144 |    24 | 1.00 | 1.00 |       457.3 |   457.3 |   457.3 
 abcijk-jkmc-miab |   6144 |   6144 |    24 | 1.00 | 0.75 |       412.3 |   412.3 |   412.3 
 abcijk-eiab-jkec |   6144 |   6144 |    24 | 1.00 | 0.75 |       424.8 |   424.8 |   424.8 
 abcijk-eiac-jkeb |   6144 |   6144 |    24 | 1.00 | 1.00 |       459.1 |   459.1 |   459.1 
 abcijk-eibc-jkea |   4096 |   9216 |    24 | 1.00 | 1.00 |       303.5 |   303.5 |   303.5 
 abcijk-ejab-ikec |   6144 |   6144 |    24 | 1.00 | 0.75 |       448.8 |   448.8 |   448.8 
 abcijk-ejac-ikeb |   6144 |   6144 |    24 | 1.00 | 1.00 |       440.9 |   440.9 |   440.9 
 abcijk-ejbc-ikea |   4096 |   9216 |    24 | 1.00 | 1.00 |       285.9 |   285.9 |   285.9 
 abcijk-ekab-ijec |   6144 |   6144 |    24 | 1.00 | 0.75 |       467.1 |   467.1 |   467.1 
 abcijk-ekac-ijeb |   6144 |   6144 |    24 | 1.00 | 1.00 |       439.5 |   439.5 |   439.5 
 abcijk-ekbc-ijea |   4096 |   9216 |    24 | 1.00 | 1.00 |       297.2 |   297.2 |   297.2 
       abc-bk-akc |    216 |  44064 |   204 | 0.96 | 1.00 |       283.3 |   283.3 |   283.3 

=== c32 ===
             case |      m |      n |     k | regA | regB | planar GF/s | 1m GF/s | 3m GF/s 
------------------+--------+--------+-------+------+------+-------------+---------+---------
         ij-ik-kj |   2904 |   2896 |  2904 | 1.00 | 1.00 |      1029.4 |   963.1 |   911.4 
       ij-ikl-ljk |    216 |    204 | 44064 | 1.00 | 1.00 |       286.5 |   286.9 |   244.1 
       ij-kil-lkj |    216 |    204 | 46656 | 1.00 | 1.00 |       354.4 |   319.8 |   278.7 
       ijk-ikl-lj |  44064 |    204 |   216 | 1.00 | 1.00 |       638.4 |   690.9 |   603.8 
       ijk-il-jlk |    216 |  44064 |   204 | 1.00 | 0.98 |      1197.0 |  1243.9 |  1028.1 
       ijk-ilk-jl |  44064 |    216 |   204 | 1.00 | 1.00 |       685.7 |   596.3 |   686.3 
       ijk-ilk-lj |  44064 |    204 |   216 | 1.00 | 1.00 |       580.9 |   572.8 |   719.3 
     ijk-ilmk-mjl |   3744 |     52 |  3744 | 1.00 | 1.00 |       260.8 |   248.6 |   286.1 
   ijkl-imjn-lnkm |   3744 |   3744 |  2704 | 1.00 | 0.92 |      1094.5 |  1128.9 |   907.3 
   ijkl-imjn-nlmk |   3744 |   2704 |  3744 | 1.00 | 0.92 |      1149.4 |  1176.9 |  1026.6 
   ijkl-imkn-jnlm |   3744 |   3744 |  2704 | 1.00 | 0.95 |      1277.0 |  1205.6 |  1171.1 
   ijkl-imkn-njml |   3744 |   2704 |  3744 | 1.00 | 0.92 |      1272.3 |  1181.3 |  1058.7 
   ijkl-imln-jnkm |   3744 |   3744 |  2704 | 1.00 | 0.95 |      1259.6 |  1082.5 |  1032.2 
   ijkl-imln-njmk |   3744 |   2704 |  3744 | 1.00 | 0.92 |      1167.9 |  1140.3 |  1003.8 
   ijkl-imnj-nlkm |   3744 |   2704 |  3744 | 1.00 | 0.92 |      1098.0 |  1015.3 |   961.5 
   ijkl-imnk-njml |   3744 |   2704 |  3744 | 1.00 | 0.92 |      1182.5 |  1173.1 |  1027.6 
   ijkl-minj-nlmk |   3744 |   2704 |  5184 | 1.00 | 0.92 |      1127.2 |  1105.3 |  1023.1 
   ijkl-mink-jnlm |   3744 |   3744 |  3744 | 1.00 | 0.95 |      1514.8 |  1522.9 |  1188.8 
   ijkl-minl-njmk |   3744 |   2704 |  5184 | 1.00 | 0.92 |      1414.4 |  1388.8 |  1238.4 
     aqrs-pa-pqrs |     72 | 140608 |    72 | 1.00 | 1.00 |       578.5 |   624.6 |   452.8 
     abrs-qb-aqrs |     52 | 194688 |    72 | 1.00 | 1.00 |       333.6 |   287.0 |   316.1 
     abcs-rc-abrs |     52 | 194688 |    72 | 1.00 | 1.00 |       290.7 |   278.7 |   341.0 
       abj-bka-kj |  46656 |    204 |   216 | 1.00 | 1.00 |       549.7 |   525.2 |   533.7 
       ajb-kba-jk |  44064 |    216 |   216 | 1.00 | 1.00 |       645.9 |   788.5 |   692.6 
     abjc-cbka-kj | 269568 |     52 |    72 | 1.00 | 1.00 |       155.1 |   152.1 |   154.5 
     ajbc-ckba-jk | 269568 |     72 |    52 | 1.00 | 1.00 |       212.6 |   179.7 |   192.5 
     abjc-kbac-jk | 194688 |     72 |    72 | 1.00 | 1.00 |       450.8 |   433.9 |   500.0 
   abjcd-dkbac-jk | 331776 |     24 |    24 | 1.00 | 1.00 |        72.2 |    69.5 |    70.1 
   adbjc-cbdka-kj | 331776 |     24 |    24 | 1.00 | 1.00 |        68.6 |    60.7 |    64.9 
   ajbdc-ckbad-jk | 331776 |     24 |    24 | 1.00 | 1.00 |        74.9 |    67.5 |    68.2 
 abcijk-ijma-mkbc |   9216 |   4096 |    24 | 1.00 | 0.99 |       308.7 |   302.9 |   274.8 
 abcijk-ijmb-mkac |   6144 |   6144 |    24 | 1.00 | 0.75 |       344.4 |   327.6 |   290.9 
 abcijk-ijmc-mkab |   6144 |   6144 |    24 | 1.00 | 0.75 |       388.4 |   366.9 |   413.3 
 abcijk-ikma-mjbc |   9216 |   4096 |    24 | 1.00 | 0.99 |       322.6 |   310.2 |   286.8 
 abcijk-ikmb-mjac |   6144 |   6144 |    24 | 1.00 | 0.75 |       343.6 |   317.3 |   275.5 
 abcijk-ikmc-mjab |   6144 |   6144 |    24 | 1.00 | 0.75 |       392.7 |   370.8 |   416.7 
 abcijk-jkma-mibc |   9216 |   4096 |    24 | 1.00 | 0.99 |       320.3 |   296.0 |   286.4 
 abcijk-jkmb-miac |   6144 |   6144 |    24 | 1.00 | 0.75 |       334.4 |   322.3 |   267.4 
 abcijk-jkmc-miab |   6144 |   6144 |    24 | 1.00 | 0.75 |       393.7 |   373.4 |   412.6 
 abcijk-eiab-jkec |   6144 |   6144 |    24 | 1.00 | 0.75 |       408.9 |   371.0 |   423.2 
 abcijk-eiac-jkeb |   6144 |   6144 |    24 | 1.00 | 0.75 |       329.2 |   315.8 |   266.4 
 abcijk-eibc-jkea |   4096 |   9216 |    24 | 1.00 | 0.99 |       333.9 |   333.1 |   308.3 
 abcijk-ejab-ikec |   6144 |   6144 |    24 | 1.00 | 0.75 |       401.1 |   376.8 |   433.3 
 abcijk-ejac-ikeb |   6144 |   6144 |    24 | 1.00 | 0.75 |       343.1 |   322.8 |   278.1 
 abcijk-ejbc-ikea |   4096 |   9216 |    24 | 1.00 | 0.99 |       323.1 |   315.1 |   285.1 
 abcijk-ekab-ijec |   6144 |   6144 |    24 | 1.00 | 0.75 |       388.2 |   373.2 |   413.2 
 abcijk-ekac-ijeb |   6144 |   6144 |    24 | 1.00 | 0.75 |       352.4 |   333.6 |   300.2 
 abcijk-ekbc-ijea |   4096 |   9216 |    24 | 1.00 | 0.99 |       313.3 |   310.7 |   282.7 
       abc-bk-akc |    216 |  44064 |   204 | 1.00 | 1.00 |       668.4 |   519.0 |   598.7 

=== complex efficiency ratio (c32 GF/s over f32 GF/s; 1.0 = no penalty) ===
             case | planar c32/f32 | 1m c32/f32 | 3m c32/f32 
------------------+----------------+------------+------------
         ij-ik-kj |          1.311 |      1.227 |      1.161 
       ij-ikl-ljk |          1.802 |      1.805 |      1.536 
       ij-kil-lkj |          2.012 |      1.816 |      1.582 
       ijk-ikl-lj |          1.842 |      1.993 |      1.742 
       ijk-il-jlk |          2.020 |      2.099 |      1.735 
       ijk-ilk-jl |          2.090 |      1.817 |      2.092 
       ijk-ilk-lj |          1.555 |      1.533 |      1.925 
     ijk-ilmk-mjl |          2.248 |      2.142 |      2.466 
   ijkl-imjn-lnkm |          1.382 |      1.425 |      1.146 
   ijkl-imjn-nlmk |          1.443 |      1.477 |      1.289 
   ijkl-imkn-jnlm |          1.496 |      1.412 |      1.372 
   ijkl-imkn-njml |          1.692 |      1.571 |      1.408 
   ijkl-imln-jnkm |          1.577 |      1.355 |      1.292 
   ijkl-imln-njmk |          1.658 |      1.619 |      1.425 
   ijkl-imnj-nlkm |          1.758 |      1.625 |      1.539 
   ijkl-imnk-njml |          1.735 |      1.721 |      1.507 
   ijkl-minj-nlmk |          1.335 |      1.309 |      1.212 
   ijkl-mink-jnlm |          1.711 |      1.720 |      1.342 
   ijkl-minl-njmk |          1.417 |      1.391 |      1.241 
     aqrs-pa-pqrs |          1.849 |      1.997 |      1.448 
     abrs-qb-aqrs |          1.936 |      1.666 |      1.834 
     abcs-rc-abrs |          1.827 |      1.752 |      2.144 
       abj-bka-kj |          1.990 |      1.901 |      1.932 
       ajb-kba-jk |          1.742 |      2.126 |      1.867 
     abjc-cbka-kj |          2.799 |      2.746 |      2.788 
     ajbc-ckba-jk |          2.638 |      2.230 |      2.389 
     abjc-kbac-jk |          2.151 |      2.070 |      2.386 
   abjcd-dkbac-jk |          2.901 |      2.794 |      2.815 
   adbjc-cbdka-kj |          2.792 |      2.472 |      2.643 
   ajbdc-ckbad-jk |          3.161 |      2.848 |      2.877 
 abcijk-ijma-mkbc |          1.703 |      1.672 |      1.516 
 abcijk-ijmb-mkac |          0.768 |      0.731 |      0.649 
 abcijk-ijmc-mkab |          0.834 |      0.788 |      0.888 
 abcijk-ikma-mjbc |          1.131 |      1.088 |      1.006 
 abcijk-ikmb-mjac |          0.743 |      0.686 |      0.595 
 abcijk-ikmc-mjab |          0.904 |      0.854 |      0.960 
 abcijk-jkma-mibc |          1.391 |      1.285 |      1.244 
 abcijk-jkmb-miac |          0.731 |      0.705 |      0.585 
 abcijk-jkmc-miab |          0.955 |      0.906 |      1.001 
 abcijk-eiab-jkec |          0.962 |      0.873 |      0.996 
 abcijk-eiac-jkeb |          0.717 |      0.688 |      0.580 
 abcijk-eibc-jkea |          1.100 |      1.098 |      1.016 
 abcijk-ejab-ikec |          0.894 |      0.840 |      0.965 
 abcijk-ejac-ikeb |          0.778 |      0.732 |      0.631 
 abcijk-ejbc-ikea |          1.130 |      1.102 |      0.997 
 abcijk-ekab-ijec |          0.831 |      0.799 |      0.885 
 abcijk-ekac-ijeb |          0.802 |      0.759 |      0.683 
 abcijk-ekbc-ijea |          1.054 |      1.045 |      0.951 
       abc-bk-akc |          2.360 |      1.832 |      2.114 
             MEAN |          1.585 |      1.513 |      1.477 

wrote bench-results/worker5139-zen2/phase4f/th-t64-f32c32.csv
