host        : worker5139
target      : x86_64 / linux
cpu features: avx2 fma 
caches      : L1=32KiB/8-way/1sh L2=512KiB/8-way/1sh L3=16384KiB/16-way/4sh (via sysfs), blocking=legacy
l3 domains  : t1=1 t4=1 t8=2 t16=4 t32=8 t64=16 t128=32
baselines   : tblis=false blas=false

sweeping 49 cases at 64 MiB nominal tensor size, 3 reps, stress=none


=== f64 ===
             case |      m |      n |     k | regA | regB | planar GF/s | 1m GF/s | 3m GF/s 
------------------+--------+--------+-------+------+------+-------------+---------+---------
         ij-ik-kj |   2904 |   2896 |  2904 | 1.00 | 1.00 |       561.0 |   561.0 |   561.0 
       ij-ikl-ljk |    216 |    204 | 44064 | 1.00 | 1.00 |       105.7 |   105.7 |   105.7 
       ij-kil-lkj |    216 |    204 | 46656 | 1.00 | 1.00 |       105.1 |   105.1 |   105.1 
       ijk-ikl-lj |  44064 |    204 |   216 | 1.00 | 1.00 |        93.7 |    93.7 |    93.7 
       ijk-il-jlk |    216 |  44064 |   204 | 1.00 | 1.00 |       522.4 |   522.4 |   522.4 
       ijk-ilk-jl |  44064 |    216 |   204 | 1.00 | 1.00 |       105.6 |   105.6 |   105.6 
       ijk-ilk-lj |  44064 |    204 |   216 | 1.00 | 1.00 |       101.1 |   101.1 |   101.1 
     ijk-ilmk-mjl |   3744 |     52 |  3744 | 1.00 | 1.00 |        50.0 |    50.0 |    50.0 
   ijkl-imjn-lnkm |   3744 |   3744 |  2704 | 1.00 | 0.92 |       446.9 |   446.9 |   446.9 
   ijkl-imjn-nlmk |   3744 |   2704 |  3744 | 1.00 | 0.92 |       626.7 |   626.7 |   626.7 
   ijkl-imkn-jnlm |   3744 |   3744 |  2704 | 1.00 | 1.00 |       541.5 |   541.5 |   541.5 
   ijkl-imkn-njml |   3744 |   2704 |  3744 | 1.00 | 0.92 |       423.4 |   423.4 |   423.4 
   ijkl-imln-jnkm |   3744 |   3744 |  2704 | 1.00 | 1.00 |       545.7 |   545.7 |   545.7 
   ijkl-imln-njmk |   3744 |   2704 |  3744 | 1.00 | 0.92 |       604.9 |   604.9 |   604.9 
   ijkl-imnj-nlkm |   3744 |   2704 |  3744 | 1.00 | 0.92 |       606.7 |   606.7 |   606.7 
   ijkl-imnk-njml |   3744 |   2704 |  3744 | 1.00 | 0.92 |       576.5 |   576.5 |   576.5 
   ijkl-minj-nlmk |   3744 |   2704 |  5184 | 1.00 | 0.92 |       578.8 |   578.8 |   578.8 
   ijkl-mink-jnlm |   3744 |   3744 |  3744 | 1.00 | 1.00 |       496.4 |   496.4 |   496.4 
   ijkl-minl-njmk |   3744 |   2704 |  5184 | 1.00 | 0.92 |       529.1 |   529.1 |   529.1 
     aqrs-pa-pqrs |     72 | 140608 |    72 | 1.00 | 1.00 |       224.5 |   224.5 |   224.5 
     abrs-qb-aqrs |     52 | 194688 |    72 | 1.00 | 1.00 |        59.5 |    59.5 |    59.5 
     abcs-rc-abrs |     52 | 194688 |    72 | 1.00 | 1.00 |        41.0 |    41.0 |    41.0 
       abj-bka-kj |  46656 |    204 |   216 | 1.00 | 1.00 |        48.1 |    48.1 |    48.1 
       ajb-kba-jk |  44064 |    216 |   216 | 1.00 | 1.00 |       106.0 |   106.0 |   106.0 
     abjc-cbka-kj | 269568 |     52 |    72 | 1.00 | 1.00 |        11.2 |    11.2 |    11.2 
     ajbc-ckba-jk | 269568 |     72 |    52 | 1.00 | 1.00 |        43.0 |    43.0 |    43.0 
     abjc-kbac-jk | 194688 |     72 |    72 | 1.00 | 1.00 |        96.7 |    96.7 |    96.7 
   abjcd-dkbac-jk | 331776 |     24 |    24 | 1.00 | 1.00 |         5.6 |     5.6 |     5.6 
   adbjc-cbdka-kj | 331776 |     24 |    24 | 1.00 | 1.00 |         4.4 |     4.4 |     4.4 
   ajbdc-ckbad-jk | 331776 |     24 |    24 | 1.00 | 1.00 |         5.4 |     5.4 |     5.4 
 abcijk-ijma-mkbc |   9216 |   4096 |    24 | 1.00 | 0.99 |       176.6 |   176.6 |   176.6 
 abcijk-ijmb-mkac |   6144 |   6144 |    24 | 1.00 | 0.75 |       215.7 |   215.7 |   215.7 
 abcijk-ijmc-mkab |   6144 |   6144 |    24 | 1.00 | 0.75 |       233.3 |   233.3 |   233.3 
 abcijk-ikma-mjbc |   9216 |   4096 |    24 | 1.00 | 0.99 |       181.4 |   181.4 |   181.4 
 abcijk-ikmb-mjac |   6144 |   6144 |    24 | 1.00 | 0.75 |       198.6 |   198.6 |   198.6 
 abcijk-ikmc-mjab |   6144 |   6144 |    24 | 1.00 | 0.75 |       231.3 |   231.3 |   231.3 
 abcijk-jkma-mibc |   9216 |   4096 |    24 | 1.00 | 0.99 |       193.5 |   193.5 |   193.5 
 abcijk-jkmb-miac |   6144 |   6144 |    24 | 1.00 | 0.75 |       202.5 |   202.5 |   202.5 
 abcijk-jkmc-miab |   6144 |   6144 |    24 | 1.00 | 0.75 |       238.7 |   238.7 |   238.7 
 abcijk-eiab-jkec |   6144 |   6144 |    24 | 1.00 | 0.75 |       245.3 |   245.3 |   245.3 
 abcijk-eiac-jkeb |   6144 |   6144 |    24 | 1.00 | 0.75 |       199.0 |   199.0 |   199.0 
 abcijk-eibc-jkea |   4096 |   9216 |    24 | 1.00 | 0.99 |       199.1 |   199.1 |   199.1 
 abcijk-ejab-ikec |   6144 |   6144 |    24 | 1.00 | 0.75 |       248.9 |   248.9 |   248.9 
 abcijk-ejac-ikeb |   6144 |   6144 |    24 | 1.00 | 0.75 |       210.3 |   210.3 |   210.3 
 abcijk-ejbc-ikea |   4096 |   9216 |    24 | 1.00 | 0.99 |       190.5 |   190.5 |   190.5 
 abcijk-ekab-ijec |   6144 |   6144 |    24 | 1.00 | 0.75 |       256.6 |   256.6 |   256.6 
 abcijk-ekac-ijeb |   6144 |   6144 |    24 | 1.00 | 0.75 |       212.1 |   212.1 |   212.1 
 abcijk-ekbc-ijea |   4096 |   9216 |    24 | 1.00 | 0.99 |       176.8 |   176.8 |   176.8 
       abc-bk-akc |    216 |  44064 |   204 | 1.00 | 1.00 |       110.2 |   110.2 |   110.2 

=== c64 ===
             case |      m |      n |     k | regA | regB | planar GF/s | 1m GF/s | 3m GF/s 
------------------+--------+--------+-------+------+------+-------------+---------+---------
         ij-ik-kj |   2904 |   2896 |  2904 | 1.00 | 1.00 |       475.9 |   383.0 |   311.4 
       ij-ikl-ljk |    216 |    204 | 44064 | 1.00 | 1.00 |       192.9 |   186.8 |   148.7 
       ij-kil-lkj |    216 |    204 | 46656 | 1.00 | 1.00 |       182.6 |   189.8 |   169.8 
       ijk-ikl-lj |  44064 |    204 |   216 | 1.00 | 1.00 |       151.7 |   124.5 |   148.1 
       ijk-il-jlk |    216 |  44064 |   204 | 1.00 | 0.98 |       664.5 |   564.9 |   602.5 
       ijk-ilk-jl |  44064 |    216 |   204 | 1.00 | 1.00 |       184.3 |   179.2 |   160.1 
       ijk-ilk-lj |  44064 |    204 |   216 | 1.00 | 1.00 |       175.0 |   179.5 |   150.5 
     ijk-ilmk-mjl |   3744 |     52 |  3744 | 1.00 | 1.00 |        80.4 |    98.7 |    47.5 
   ijkl-imjn-lnkm |   3744 |   3744 |  2704 | 1.00 | 0.92 |       463.7 |   511.8 |   345.1 
   ijkl-imjn-nlmk |   3744 |   2704 |  3744 | 1.00 | 0.92 |       468.3 |   492.1 |   432.5 
   ijkl-imkn-jnlm |   3744 |   3744 |  2704 | 1.00 | 0.95 |       452.5 |   435.2 |   314.8 
   ijkl-imkn-njml |   3744 |   2704 |  3744 | 1.00 | 0.92 |       511.9 |   578.4 |   421.0 
   ijkl-imln-jnkm |   3744 |   3744 |  2704 | 1.00 | 0.95 |       453.1 |   459.8 |   316.6 
   ijkl-imln-njmk |   3744 |   2704 |  3744 | 1.00 | 0.92 |       466.7 |   462.1 |   289.5 
   ijkl-imnj-nlkm |   3744 |   2704 |  3744 | 1.00 | 0.92 |       413.8 |   422.8 |   362.8 
   ijkl-imnk-njml |   3744 |   2704 |  3744 | 1.00 | 0.92 |       401.7 |   431.4 |   328.7 
   ijkl-minj-nlmk |   3744 |   2704 |  5184 | 1.00 | 0.92 |       446.0 |   480.0 |   423.4 
   ijkl-mink-jnlm |   3744 |   3744 |  3744 | 1.00 | 0.95 |       449.5 |   441.5 |   402.5 
   ijkl-minl-njmk |   3744 |   2704 |  5184 | 1.00 | 0.92 |       247.2 |   615.8 |   373.5 
     aqrs-pa-pqrs |     72 | 140608 |    72 | 1.00 | 1.00 |       302.0 |   288.3 |   275.2 
     abrs-qb-aqrs |     52 | 194688 |    72 | 1.00 | 1.00 |       112.6 |   107.5 |    94.3 
     abcs-rc-abrs |     52 | 194688 |    72 | 1.00 | 1.00 |        96.1 |    90.4 |    95.9 
       abj-bka-kj |  46656 |    204 |   216 | 1.00 | 1.00 |        93.4 |    71.5 |   154.0 
       ajb-kba-jk |  44064 |    216 |   216 | 1.00 | 1.00 |       110.5 |   142.2 |   164.8 
     abjc-cbka-kj | 269568 |     52 |    72 | 1.00 | 1.00 |        18.7 |    22.2 |    18.6 
     ajbc-ckba-jk | 269568 |     72 |    52 | 1.00 | 1.00 |        30.6 |    31.1 |    27.8 
     abjc-kbac-jk | 194688 |     72 |    72 | 1.00 | 1.00 |       176.3 |   175.8 |   110.7 
   abjcd-dkbac-jk | 331776 |     24 |    24 | 1.00 | 1.00 |        14.3 |    11.5 |    13.7 
   adbjc-cbdka-kj | 331776 |     24 |    24 | 1.00 | 1.00 |        12.2 |     9.3 |    11.4 
   ajbdc-ckbad-jk | 331776 |     24 |    24 | 1.00 | 1.00 |        13.6 |    11.0 |    13.3 
 abcijk-ijma-mkbc |   9216 |   4096 |    24 | 1.00 | 0.99 |       178.2 |   168.3 |   167.3 
 abcijk-ijmb-mkac |   6144 |   6144 |    24 | 1.00 | 0.75 |       166.6 |   165.8 |   169.2 
 abcijk-ijmc-mkab |   6144 |   6144 |    24 | 1.00 | 0.75 |       210.5 |   183.9 |   200.1 
 abcijk-ikma-mjbc |   9216 |   4096 |    24 | 1.00 | 0.99 |       176.8 |   172.1 |   172.8 
 abcijk-ikmb-mjac |   6144 |   6144 |    24 | 1.00 | 0.75 |       169.5 |   170.0 |   170.9 
 abcijk-ikmc-mjab |   6144 |   6144 |    24 | 1.00 | 0.75 |       207.4 |   190.8 |   209.5 
 abcijk-jkma-mibc |   9216 |   4096 |    24 | 1.00 | 0.99 |       181.5 |   178.4 |   175.8 
 abcijk-jkmb-miac |   6144 |   6144 |    24 | 1.00 | 0.75 |       166.4 |   171.1 |   171.7 
 abcijk-jkmc-miab |   6144 |   6144 |    24 | 1.00 | 0.75 |       202.8 |   192.0 |   205.8 
 abcijk-eiab-jkec |   6144 |   6144 |    24 | 1.00 | 0.75 |       201.9 |   192.4 |   207.7 
 abcijk-eiac-jkeb |   6144 |   6144 |    24 | 1.00 | 0.75 |       168.5 |   170.3 |   166.8 
 abcijk-eibc-jkea |   4096 |   9216 |    24 | 1.00 | 0.99 |       177.4 |   176.5 |   168.9 
 abcijk-ejab-ikec |   6144 |   6144 |    24 | 1.00 | 0.75 |       205.5 |   191.1 |   205.4 
 abcijk-ejac-ikeb |   6144 |   6144 |    24 | 1.00 | 0.75 |       168.4 |   168.1 |   166.8 
 abcijk-ejbc-ikea |   4096 |   9216 |    24 | 1.00 | 0.99 |       174.3 |   171.6 |   168.6 
 abcijk-ekab-ijec |   6144 |   6144 |    24 | 1.00 | 0.75 |       215.1 |   184.5 |   198.2 
 abcijk-ekac-ijeb |   6144 |   6144 |    24 | 1.00 | 0.75 |       170.2 |   171.7 |   172.5 
 abcijk-ekbc-ijea |   4096 |   9216 |    24 | 1.00 | 0.99 |       175.1 |   169.7 |   167.5 
       abc-bk-akc |    216 |  44064 |   204 | 1.00 | 1.00 |       190.3 |   185.4 |   163.0 

=== complex efficiency ratio (c64 GF/s over f64 GF/s; 1.0 = no penalty) ===
             case | planar c64/f64 | 1m c64/f64 | 3m c64/f64 
------------------+----------------+------------+------------
         ij-ik-kj |          0.848 |      0.683 |      0.555 
       ij-ikl-ljk |          1.825 |      1.767 |      1.406 
       ij-kil-lkj |          1.738 |      1.806 |      1.616 
       ijk-ikl-lj |          1.619 |      1.329 |      1.580 
       ijk-il-jlk |          1.272 |      1.081 |      1.153 
       ijk-ilk-jl |          1.746 |      1.697 |      1.517 
       ijk-ilk-lj |          1.731 |      1.776 |      1.489 
     ijk-ilmk-mjl |          1.608 |      1.975 |      0.950 
   ijkl-imjn-lnkm |          1.038 |      1.145 |      0.772 
   ijkl-imjn-nlmk |          0.747 |      0.785 |      0.690 
   ijkl-imkn-jnlm |          0.836 |      0.804 |      0.581 
   ijkl-imkn-njml |          1.209 |      1.366 |      0.994 
   ijkl-imln-jnkm |          0.830 |      0.843 |      0.580 
   ijkl-imln-njmk |          0.772 |      0.764 |      0.479 
   ijkl-imnj-nlkm |          0.682 |      0.697 |      0.598 
   ijkl-imnk-njml |          0.697 |      0.748 |      0.570 
   ijkl-minj-nlmk |          0.771 |      0.829 |      0.731 
   ijkl-mink-jnlm |          0.905 |      0.889 |      0.811 
   ijkl-minl-njmk |          0.467 |      1.164 |      0.706 
     aqrs-pa-pqrs |          1.345 |      1.284 |      1.226 
     abrs-qb-aqrs |          1.892 |      1.807 |      1.585 
     abcs-rc-abrs |          2.344 |      2.207 |      2.339 
       abj-bka-kj |          1.941 |      1.486 |      3.199 
       ajb-kba-jk |          1.043 |      1.341 |      1.555 
     abjc-cbka-kj |          1.675 |      1.988 |      1.669 
     ajbc-ckba-jk |          0.711 |      0.722 |      0.646 
     abjc-kbac-jk |          1.823 |      1.818 |      1.145 
   abjcd-dkbac-jk |          2.539 |      2.041 |      2.430 
   adbjc-cbdka-kj |          2.788 |      2.122 |      2.598 
   ajbdc-ckbad-jk |          2.533 |      2.041 |      2.475 
 abcijk-ijma-mkbc |          1.009 |      0.953 |      0.947 
 abcijk-ijmb-mkac |          0.772 |      0.769 |      0.785 
 abcijk-ijmc-mkab |          0.902 |      0.788 |      0.858 
 abcijk-ikma-mjbc |          0.975 |      0.949 |      0.953 
 abcijk-ikmb-mjac |          0.853 |      0.856 |      0.861 
 abcijk-ikmc-mjab |          0.897 |      0.825 |      0.906 
 abcijk-jkma-mibc |          0.938 |      0.922 |      0.909 
 abcijk-jkmb-miac |          0.822 |      0.845 |      0.848 
 abcijk-jkmc-miab |          0.850 |      0.804 |      0.862 
 abcijk-eiab-jkec |          0.823 |      0.784 |      0.847 
 abcijk-eiac-jkeb |          0.847 |      0.856 |      0.838 
 abcijk-eibc-jkea |          0.891 |      0.887 |      0.848 
 abcijk-ejab-ikec |          0.826 |      0.768 |      0.825 
 abcijk-ejac-ikeb |          0.801 |      0.799 |      0.793 
 abcijk-ejbc-ikea |          0.915 |      0.901 |      0.885 
 abcijk-ekab-ijec |          0.838 |      0.719 |      0.773 
 abcijk-ekac-ijeb |          0.802 |      0.809 |      0.813 
 abcijk-ekbc-ijea |          0.991 |      0.960 |      0.947 
       abc-bk-akc |          1.726 |      1.682 |      1.479 
             MEAN |          1.213 |      1.181 |      1.135 

wrote bench-results/worker5139-zen2/phase4f/th-t64-pn-f64c64.csv
