host        : worker5139
target      : x86_64 / linux
cpu features: avx2 fma 
caches      : L1=32KiB/8-way/1sh L2=512KiB/8-way/1sh L3=16384KiB/16-way/4sh (via sysfs), blocking=legacy
l3 domains  : t1=1 t4=1 t8=2 t16=4 t32=8
baselines   : tblis=false blas=false

sweeping 49 cases at 64 MiB nominal tensor size, 3 reps, stress=none


=== f32 ===
             case |      m |      n |     k | regA | regB | planar GF/s | 1m GF/s | 3m GF/s 
------------------+--------+--------+-------+------+------+-------------+---------+---------
         ij-ik-kj |   2904 |   2896 |  2904 | 1.00 | 1.00 |       800.9 |   800.9 |   800.9 
       ij-ikl-ljk |    216 |    204 | 44064 | 1.00 | 1.00 |       167.7 |   167.7 |   167.7 
       ij-kil-lkj |    216 |    204 | 46656 | 1.00 | 1.00 |       244.3 |   244.3 |   244.3 
       ijk-ikl-lj |  44064 |    204 |   216 | 1.00 | 1.00 |       471.6 |   471.6 |   471.6 
       ijk-il-jlk |    216 |  44064 |   204 | 1.00 | 1.00 |       511.1 |   511.1 |   511.1 
       ijk-ilk-jl |  44064 |    216 |   204 | 0.96 | 1.00 |       459.4 |   459.4 |   459.4 
       ijk-ilk-lj |  44064 |    204 |   216 | 0.96 | 1.00 |       422.1 |   422.1 |   422.1 
     ijk-ilmk-mjl |   3744 |     52 |  3744 | 0.89 | 1.00 |       174.8 |   174.8 |   174.8 
   ijkl-imjn-lnkm |   3744 |   3744 |  2704 | 0.89 | 0.92 |       844.6 |   844.6 |   844.6 
   ijkl-imjn-nlmk |   3744 |   2704 |  3744 | 0.89 | 0.92 |       803.3 |   803.3 |   803.3 
   ijkl-imkn-jnlm |   3744 |   3744 |  2704 | 0.89 | 1.00 |       918.8 |   918.8 |   918.8 
   ijkl-imkn-njml |   3744 |   2704 |  3744 | 0.89 | 0.92 |       849.4 |   849.4 |   849.4 
   ijkl-imln-jnkm |   3744 |   3744 |  2704 | 0.89 | 1.00 |       827.0 |   827.0 |   827.0 
   ijkl-imln-njmk |   3744 |   2704 |  3744 | 0.89 | 0.92 |       748.0 |   748.0 |   748.0 
   ijkl-imnj-nlkm |   3744 |   2704 |  3744 | 0.89 | 0.92 |       812.5 |   812.5 |   812.5 
   ijkl-imnk-njml |   3744 |   2704 |  3744 | 0.89 | 0.92 |       901.8 |   901.8 |   901.8 
   ijkl-minj-nlmk |   3744 |   2704 |  5184 | 0.89 | 0.92 |       847.2 |   847.2 |   847.2 
   ijkl-mink-jnlm |   3744 |   3744 |  3744 | 0.89 | 1.00 |       958.1 |   958.1 |   958.1 
   ijkl-minl-njmk |   3744 |   2704 |  5184 | 0.89 | 0.92 |      1009.8 |  1009.8 |  1009.8 
     aqrs-pa-pqrs |     72 | 140608 |    72 | 1.00 | 1.00 |       345.7 |   345.7 |   345.7 
     abrs-qb-aqrs |     52 | 194688 |    72 | 0.89 | 1.00 |       226.4 |   226.4 |   226.4 
     abcs-rc-abrs |     52 | 194688 |    72 | 1.00 | 1.00 |       185.9 |   185.9 |   185.9 
       abj-bka-kj |  46656 |    204 |   216 | 0.96 | 1.00 |       375.5 |   375.5 |   375.5 
       ajb-kba-jk |  44064 |    216 |   216 | 0.96 | 1.00 |       560.0 |   560.0 |   560.0 
     abjc-cbka-kj | 269568 |     52 |    72 | 0.89 | 1.00 |        45.9 |    45.9 |    45.9 
     ajbc-ckba-jk | 269568 |     72 |    52 | 0.89 | 1.00 |        66.9 |    66.9 |    66.9 
     abjc-kbac-jk | 194688 |     72 |    72 | 0.89 | 1.00 |       306.0 |   306.0 |   306.0 
   abjcd-dkbac-jk | 331776 |     24 |    24 | 0.67 | 1.00 |        28.5 |    28.5 |    28.5 
   adbjc-cbdka-kj | 331776 |     24 |    24 | 0.67 | 1.00 |        25.0 |    25.0 |    25.0 
   ajbdc-ckbad-jk | 331776 |     24 |    24 | 1.00 | 1.00 |        26.8 |    26.8 |    26.8 
 abcijk-ijma-mkbc |   9216 |   4096 |    24 | 1.00 | 1.00 |       210.6 |   210.6 |   210.6 
 abcijk-ijmb-mkac |   6144 |   6144 |    24 | 1.00 | 1.00 |       213.6 |   213.6 |   213.6 
 abcijk-ijmc-mkab |   6144 |   6144 |    24 | 1.00 | 0.75 |       216.8 |   216.8 |   216.8 
 abcijk-ikma-mjbc |   9216 |   4096 |    24 | 1.00 | 1.00 |       208.0 |   208.0 |   208.0 
 abcijk-ikmb-mjac |   6144 |   6144 |    24 | 1.00 | 1.00 |       214.9 |   214.9 |   214.9 
 abcijk-ikmc-mjab |   6144 |   6144 |    24 | 1.00 | 0.75 |       211.1 |   211.1 |   211.1 
 abcijk-jkma-mibc |   9216 |   4096 |    24 | 1.00 | 1.00 |       206.5 |   206.5 |   206.5 
 abcijk-jkmb-miac |   6144 |   6144 |    24 | 1.00 | 1.00 |       199.1 |   199.1 |   199.1 
 abcijk-jkmc-miab |   6144 |   6144 |    24 | 1.00 | 0.75 |       203.6 |   203.6 |   203.6 
 abcijk-eiab-jkec |   6144 |   6144 |    24 | 1.00 | 0.75 |       210.0 |   210.0 |   210.0 
 abcijk-eiac-jkeb |   6144 |   6144 |    24 | 1.00 | 1.00 |       210.2 |   210.2 |   210.2 
 abcijk-eibc-jkea |   4096 |   9216 |    24 | 1.00 | 1.00 |       210.2 |   210.2 |   210.2 
 abcijk-ejab-ikec |   6144 |   6144 |    24 | 1.00 | 0.75 |       212.1 |   212.1 |   212.1 
 abcijk-ejac-ikeb |   6144 |   6144 |    24 | 1.00 | 1.00 |       209.8 |   209.8 |   209.8 
 abcijk-ejbc-ikea |   4096 |   9216 |    24 | 1.00 | 1.00 |       212.8 |   212.8 |   212.8 
 abcijk-ekab-ijec |   6144 |   6144 |    24 | 1.00 | 0.75 |       215.3 |   215.3 |   215.3 
 abcijk-ekac-ijeb |   6144 |   6144 |    24 | 1.00 | 1.00 |       214.5 |   214.5 |   214.5 
 abcijk-ekbc-ijea |   4096 |   9216 |    24 | 1.00 | 1.00 |       207.6 |   207.6 |   207.6 
       abc-bk-akc |    216 |  44064 |   204 | 0.96 | 1.00 |       418.4 |   418.4 |   418.4 

=== c32 ===
             case |      m |      n |     k | regA | regB | planar GF/s | 1m GF/s | 3m GF/s 
------------------+--------+--------+-------+------+------+-------------+---------+---------
         ij-ik-kj |   2904 |   2896 |  2904 | 1.00 | 1.00 |      1088.0 |  1083.6 |   962.9 
       ij-ikl-ljk |    216 |    204 | 44064 | 1.00 | 1.00 |       399.0 |   409.4 |   346.1 
       ij-kil-lkj |    216 |    204 | 46656 | 1.00 | 1.00 |       489.2 |   407.3 |   377.5 
       ijk-ikl-lj |  44064 |    204 |   216 | 1.00 | 1.00 |       687.3 |   755.7 |   720.3 
       ijk-il-jlk |    216 |  44064 |   204 | 1.00 | 0.98 |       356.9 |   440.0 |   353.7 
       ijk-ilk-jl |  44064 |    216 |   204 | 1.00 | 1.00 |       732.0 |   694.2 |   689.3 
       ijk-ilk-lj |  44064 |    204 |   216 | 1.00 | 1.00 |       676.6 |   742.9 |   698.2 
     ijk-ilmk-mjl |   3744 |     52 |  3744 | 1.00 | 1.00 |       537.5 |   402.3 |   309.9 
   ijkl-imjn-lnkm |   3744 |   3744 |  2704 | 1.00 | 0.92 |      1036.0 |   998.7 |   971.8 
   ijkl-imjn-nlmk |   3744 |   2704 |  3744 | 1.00 | 0.92 |      1015.5 |  1103.5 |   980.6 
   ijkl-imkn-jnlm |   3744 |   3744 |  2704 | 1.00 | 0.95 |      1082.4 |  1140.0 |  1127.8 
   ijkl-imkn-njml |   3744 |   2704 |  3744 | 1.00 | 0.92 |      1022.4 |  1011.1 |  1046.1 
   ijkl-imln-jnkm |   3744 |   3744 |  2704 | 1.00 | 0.95 |      1000.7 |  1090.2 |   991.7 
   ijkl-imln-njmk |   3744 |   2704 |  3744 | 1.00 | 0.92 |      1075.3 |  1097.3 |  1103.6 
   ijkl-imnj-nlkm |   3744 |   2704 |  3744 | 1.00 | 0.92 |      1119.1 |  1091.4 |  1030.7 
   ijkl-imnk-njml |   3744 |   2704 |  3744 | 1.00 | 0.92 |      1069.8 |  1129.7 |  1079.8 
   ijkl-minj-nlmk |   3744 |   2704 |  5184 | 1.00 | 0.92 |      1089.3 |  1005.6 |  1104.2 
   ijkl-mink-jnlm |   3744 |   3744 |  3744 | 1.00 | 0.95 |      1092.7 |  1174.1 |  1113.3 
   ijkl-minl-njmk |   3744 |   2704 |  5184 | 1.00 | 0.92 |      1087.0 |  1095.9 |  1053.5 
     aqrs-pa-pqrs |     72 | 140608 |    72 | 1.00 | 1.00 |       647.1 |   664.1 |   606.1 
     abrs-qb-aqrs |     52 | 194688 |    72 | 1.00 | 1.00 |       432.0 |   385.5 |   348.0 
     abcs-rc-abrs |     52 | 194688 |    72 | 1.00 | 1.00 |       395.5 |   381.8 |   392.6 
       abj-bka-kj |  46656 |    204 |   216 | 1.00 | 1.00 |       654.8 |   607.3 |   619.7 
       ajb-kba-jk |  44064 |    216 |   216 | 1.00 | 1.00 |       785.5 |   812.1 |   808.3 
     abjc-cbka-kj | 269568 |     52 |    72 | 1.00 | 1.00 |       143.2 |   141.4 |   143.1 
     ajbc-ckba-jk | 269568 |     72 |    52 | 1.00 | 1.00 |       174.0 |   180.8 |    94.5 
     abjc-kbac-jk | 194688 |     72 |    72 | 1.00 | 1.00 |       577.2 |   612.7 |   577.2 
   abjcd-dkbac-jk | 331776 |     24 |    24 | 1.00 | 1.00 |        76.2 |    73.5 |    72.2 
   adbjc-cbdka-kj | 331776 |     24 |    24 | 1.00 | 1.00 |        75.1 |    72.8 |    71.2 
   ajbdc-ckbad-jk | 331776 |     24 |    24 | 1.00 | 1.00 |        75.1 |    70.5 |    75.8 
 abcijk-ijma-mkbc |   9216 |   4096 |    24 | 1.00 | 0.99 |       393.5 |   390.7 |   385.4 
 abcijk-ijmb-mkac |   6144 |   6144 |    24 | 1.00 | 0.75 |       414.6 |   406.8 |   387.2 
 abcijk-ijmc-mkab |   6144 |   6144 |    24 | 1.00 | 0.75 |       419.4 |   417.2 |   434.9 
 abcijk-ikma-mjbc |   9216 |   4096 |    24 | 1.00 | 0.99 |       397.1 |   396.4 |   374.7 
 abcijk-ikmb-mjac |   6144 |   6144 |    24 | 1.00 | 0.75 |       407.3 |   405.2 |   380.1 
 abcijk-ikmc-mjab |   6144 |   6144 |    24 | 1.00 | 0.75 |       418.6 |   415.3 |   422.3 
 abcijk-jkma-mibc |   9216 |   4096 |    24 | 1.00 | 0.99 |       408.4 |   404.6 |   381.0 
 abcijk-jkmb-miac |   6144 |   6144 |    24 | 1.00 | 0.75 |       406.9 |   400.8 |   377.8 
 abcijk-jkmc-miab |   6144 |   6144 |    24 | 1.00 | 0.75 |       419.3 |   417.2 |   424.7 
 abcijk-eiab-jkec |   6144 |   6144 |    24 | 1.00 | 0.75 |       419.5 |   417.0 |   384.4 
 abcijk-eiac-jkeb |   6144 |   6144 |    24 | 1.00 | 0.75 |       410.4 |   402.0 |   377.8 
 abcijk-eibc-jkea |   4096 |   9216 |    24 | 1.00 | 0.99 |       407.2 |   406.2 |   386.1 
 abcijk-ejab-ikec |   6144 |   6144 |    24 | 1.00 | 0.75 |       420.9 |   414.6 |   383.3 
 abcijk-ejac-ikeb |   6144 |   6144 |    24 | 1.00 | 0.75 |       408.7 |   404.2 |   356.9 
 abcijk-ejbc-ikea |   4096 |   9216 |    24 | 1.00 | 0.99 |       395.0 |   397.1 |   373.4 
 abcijk-ekab-ijec |   6144 |   6144 |    24 | 1.00 | 0.75 |       428.0 |   418.3 |   432.6 
 abcijk-ekac-ijeb |   6144 |   6144 |    24 | 1.00 | 0.75 |       409.7 |   410.5 |   385.2 
 abcijk-ekbc-ijea |   4096 |   9216 |    24 | 1.00 | 0.99 |       405.1 |   394.9 |   373.4 
       abc-bk-akc |    216 |  44064 |   204 | 1.00 | 1.00 |       745.9 |   754.5 |   629.1 

=== complex efficiency ratio (c32 GF/s over f32 GF/s; 1.0 = no penalty) ===
             case | planar c32/f32 | 1m c32/f32 | 3m c32/f32 
------------------+----------------+------------+------------
         ij-ik-kj |          1.358 |      1.353 |      1.202 
       ij-ikl-ljk |          2.380 |      2.442 |      2.064 
       ij-kil-lkj |          2.003 |      1.667 |      1.545 
       ijk-ikl-lj |          1.457 |      1.602 |      1.527 
       ijk-il-jlk |          0.698 |      0.861 |      0.692 
       ijk-ilk-jl |          1.593 |      1.511 |      1.500 
       ijk-ilk-lj |          1.603 |      1.760 |      1.654 
     ijk-ilmk-mjl |          3.075 |      2.301 |      1.773 
   ijkl-imjn-lnkm |          1.227 |      1.182 |      1.151 
   ijkl-imjn-nlmk |          1.264 |      1.374 |      1.221 
   ijkl-imkn-jnlm |          1.178 |      1.241 |      1.228 
   ijkl-imkn-njml |          1.204 |      1.190 |      1.232 
   ijkl-imln-jnkm |          1.210 |      1.318 |      1.199 
   ijkl-imln-njmk |          1.437 |      1.467 |      1.475 
   ijkl-imnj-nlkm |          1.377 |      1.343 |      1.269 
   ijkl-imnk-njml |          1.186 |      1.253 |      1.197 
   ijkl-minj-nlmk |          1.286 |      1.187 |      1.303 
   ijkl-mink-jnlm |          1.140 |      1.225 |      1.162 
   ijkl-minl-njmk |          1.076 |      1.085 |      1.043 
     aqrs-pa-pqrs |          1.872 |      1.921 |      1.753 
     abrs-qb-aqrs |          1.908 |      1.703 |      1.537 
     abcs-rc-abrs |          2.128 |      2.054 |      2.112 
       abj-bka-kj |          1.744 |      1.617 |      1.650 
       ajb-kba-jk |          1.403 |      1.450 |      1.443 
     abjc-cbka-kj |          3.118 |      3.080 |      3.117 
     ajbc-ckba-jk |          2.603 |      2.704 |      1.413 
     abjc-kbac-jk |          1.886 |      2.002 |      1.886 
   abjcd-dkbac-jk |          2.676 |      2.581 |      2.537 
   adbjc-cbdka-kj |          3.002 |      2.909 |      2.845 
   ajbdc-ckbad-jk |          2.803 |      2.631 |      2.829 
 abcijk-ijma-mkbc |          1.869 |      1.856 |      1.830 
 abcijk-ijmb-mkac |          1.941 |      1.905 |      1.813 
 abcijk-ijmc-mkab |          1.934 |      1.924 |      2.006 
 abcijk-ikma-mjbc |          1.910 |      1.906 |      1.802 
 abcijk-ikmb-mjac |          1.895 |      1.886 |      1.769 
 abcijk-ikmc-mjab |          1.983 |      1.967 |      2.000 
 abcijk-jkma-mibc |          1.978 |      1.959 |      1.845 
 abcijk-jkmb-miac |          2.044 |      2.014 |      1.898 
 abcijk-jkmc-miab |          2.059 |      2.049 |      2.086 
 abcijk-eiab-jkec |          1.998 |      1.985 |      1.830 
 abcijk-eiac-jkeb |          1.952 |      1.913 |      1.797 
 abcijk-eibc-jkea |          1.937 |      1.932 |      1.837 
 abcijk-ejab-ikec |          1.985 |      1.955 |      1.807 
 abcijk-ejac-ikeb |          1.948 |      1.926 |      1.701 
 abcijk-ejbc-ikea |          1.856 |      1.866 |      1.755 
 abcijk-ekab-ijec |          1.987 |      1.943 |      2.009 
 abcijk-ekac-ijeb |          1.910 |      1.914 |      1.796 
 abcijk-ekbc-ijea |          1.952 |      1.903 |      1.799 
       abc-bk-akc |          1.783 |      1.803 |      1.503 
             MEAN |          1.833 |      1.809 |      1.703 

wrote bench-results/worker5139-zen2/phase4f/th-t16-f32c32.csv
