host        : worker5139
target      : x86_64 / linux
cpu features: avx2 fma 
caches      : L1=32KiB/8-way/1sh L2=512KiB/8-way/1sh L3=16384KiB/16-way/4sh (via sysfs), blocking=legacy
l3 domains  : t1=1 t4=1 t8=2 t16=4 t32=8 t64=16 t128=32
baselines   : tblis=false blas=false

sweeping 49 cases at 64 MiB nominal tensor size, 3 reps, stress=none


=== f32 ===
             case |      m |      n |     k | regA | regB | planar GF/s | 1m GF/s | 3m GF/s 
------------------+--------+--------+-------+------+------+-------------+---------+---------
         ij-ik-kj |   2904 |   2896 |  2904 | 1.00 | 1.00 |       812.4 |   812.4 |   812.4 
       ij-ikl-ljk |    216 |    204 | 44064 | 1.00 | 1.00 |       196.5 |   196.5 |   196.5 
       ij-kil-lkj |    216 |    204 | 46656 | 1.00 | 1.00 |       236.3 |   236.3 |   236.3 
       ijk-ikl-lj |  44064 |    204 |   216 | 1.00 | 1.00 |       373.4 |   373.4 |   373.4 
       ijk-il-jlk |    216 |  44064 |   204 | 1.00 | 1.00 |       336.3 |   336.3 |   336.3 
       ijk-ilk-jl |  44064 |    216 |   204 | 0.96 | 1.00 |       308.8 |   308.8 |   308.8 
       ijk-ilk-lj |  44064 |    204 |   216 | 0.96 | 1.00 |       305.2 |   305.2 |   305.2 
     ijk-ilmk-mjl |   3744 |     52 |  3744 | 0.89 | 1.00 |       115.0 |   115.0 |   115.0 
   ijkl-imjn-lnkm |   3744 |   3744 |  2704 | 0.89 | 0.92 |       662.1 |   662.1 |   662.1 
   ijkl-imjn-nlmk |   3744 |   2704 |  3744 | 0.89 | 0.92 |       856.7 |   856.7 |   856.7 
   ijkl-imkn-jnlm |   3744 |   3744 |  2704 | 0.89 | 1.00 |       652.0 |   652.0 |   652.0 
   ijkl-imkn-njml |   3744 |   2704 |  3744 | 0.89 | 0.92 |       769.4 |   769.4 |   769.4 
   ijkl-imln-jnkm |   3744 |   3744 |  2704 | 0.89 | 1.00 |       676.6 |   676.6 |   676.6 
   ijkl-imln-njmk |   3744 |   2704 |  3744 | 0.89 | 0.92 |       704.5 |   704.5 |   704.5 
   ijkl-imnj-nlkm |   3744 |   2704 |  3744 | 0.89 | 0.92 |       645.4 |   645.4 |   645.4 
   ijkl-imnk-njml |   3744 |   2704 |  3744 | 0.89 | 0.92 |       808.4 |   808.4 |   808.4 
   ijkl-minj-nlmk |   3744 |   2704 |  5184 | 0.89 | 0.92 |       662.3 |   662.3 |   662.3 
   ijkl-mink-jnlm |   3744 |   3744 |  3744 | 0.89 | 1.00 |       861.8 |   861.8 |   861.8 
   ijkl-minl-njmk |   3744 |   2704 |  5184 | 0.89 | 0.92 |       866.9 |   866.9 |   866.9 
     aqrs-pa-pqrs |     72 | 140608 |    72 | 1.00 | 1.00 |        65.3 |    65.3 |    65.3 
     abrs-qb-aqrs |     52 | 194688 |    72 | 0.89 | 1.00 |       159.2 |   159.2 |   159.2 
     abcs-rc-abrs |     52 | 194688 |    72 | 1.00 | 1.00 |       172.0 |   172.0 |   172.0 
       abj-bka-kj |  46656 |    204 |   216 | 0.96 | 1.00 |       287.4 |   287.4 |   287.4 
       ajb-kba-jk |  44064 |    216 |   216 | 0.96 | 1.00 |       363.8 |   363.8 |   363.8 
     abjc-cbka-kj | 269568 |     52 |    72 | 0.89 | 1.00 |        60.8 |    60.8 |    60.8 
     ajbc-ckba-jk | 269568 |     72 |    52 | 0.89 | 1.00 |        77.9 |    77.9 |    77.9 
     abjc-kbac-jk | 194688 |     72 |    72 | 0.89 | 1.00 |       239.3 |   239.3 |   239.3 
   abjcd-dkbac-jk | 331776 |     24 |    24 | 0.67 | 1.00 |        22.0 |    22.0 |    22.0 
   adbjc-cbdka-kj | 331776 |     24 |    24 | 0.67 | 1.00 |        25.4 |    25.4 |    25.4 
   ajbdc-ckbad-jk | 331776 |     24 |    24 | 1.00 | 1.00 |        25.2 |    25.2 |    25.2 
 abcijk-ijma-mkbc |   9216 |   4096 |    24 | 1.00 | 1.00 |       166.8 |   166.8 |   166.8 
 abcijk-ijmb-mkac |   6144 |   6144 |    24 | 1.00 | 1.00 |       130.8 |   130.8 |   130.8 
 abcijk-ijmc-mkab |   6144 |   6144 |    24 | 1.00 | 0.75 |       128.6 |   128.6 |   128.6 
 abcijk-ikma-mjbc |   9216 |   4096 |    24 | 1.00 | 1.00 |       166.7 |   166.7 |   166.7 
 abcijk-ikmb-mjac |   6144 |   6144 |    24 | 1.00 | 1.00 |       139.2 |   139.2 |   139.2 
 abcijk-ikmc-mjab |   6144 |   6144 |    24 | 1.00 | 0.75 |       148.4 |   148.4 |   148.4 
 abcijk-jkma-mibc |   9216 |   4096 |    24 | 1.00 | 1.00 |       172.3 |   172.3 |   172.3 
 abcijk-jkmb-miac |   6144 |   6144 |    24 | 1.00 | 1.00 |       140.4 |   140.4 |   140.4 
 abcijk-jkmc-miab |   6144 |   6144 |    24 | 1.00 | 0.75 |       129.1 |   129.1 |   129.1 
 abcijk-eiab-jkec |   6144 |   6144 |    24 | 1.00 | 0.75 |       105.7 |   105.7 |   105.7 
 abcijk-eiac-jkeb |   6144 |   6144 |    24 | 1.00 | 1.00 |       128.1 |   128.1 |   128.1 
 abcijk-eibc-jkea |   4096 |   9216 |    24 | 1.00 | 1.00 |       154.5 |   154.5 |   154.5 
 abcijk-ejab-ikec |   6144 |   6144 |    24 | 1.00 | 0.75 |       128.8 |   128.8 |   128.8 
 abcijk-ejac-ikeb |   6144 |   6144 |    24 | 1.00 | 1.00 |       146.1 |   146.1 |   146.1 
 abcijk-ejbc-ikea |   4096 |   9216 |    24 | 1.00 | 1.00 |       162.7 |   162.7 |   162.7 
 abcijk-ekab-ijec |   6144 |   6144 |    24 | 1.00 | 0.75 |       121.1 |   121.1 |   121.1 
 abcijk-ekac-ijeb |   6144 |   6144 |    24 | 1.00 | 1.00 |       153.9 |   153.9 |   153.9 
 abcijk-ekbc-ijea |   4096 |   9216 |    24 | 1.00 | 1.00 |       214.5 |   214.5 |   214.5 
       abc-bk-akc |    216 |  44064 |   204 | 0.96 | 1.00 |       404.1 |   404.1 |   404.1 

=== c32 ===
             case |      m |      n |     k | regA | regB | planar GF/s | 1m GF/s | 3m GF/s 
------------------+--------+--------+-------+------+------+-------------+---------+---------
         ij-ik-kj |   2904 |   2896 |  2904 | 1.00 | 1.00 |      1031.8 |  1006.9 |   835.8 
       ij-ikl-ljk |    216 |    204 | 44064 | 1.00 | 1.00 |       283.1 |   320.5 |   312.5 
       ij-kil-lkj |    216 |    204 | 46656 | 1.00 | 1.00 |       327.5 |   303.6 |   289.8 
       ijk-ikl-lj |  44064 |    204 |   216 | 1.00 | 1.00 |       490.4 |   575.1 |   699.3 
       ijk-il-jlk |    216 |  44064 |   204 | 1.00 | 0.98 |       459.0 |   360.0 |   293.3 
       ijk-ilk-jl |  44064 |    216 |   204 | 1.00 | 1.00 |       551.6 |   675.6 |   588.0 
       ijk-ilk-lj |  44064 |    204 |   216 | 1.00 | 1.00 |       917.3 |   718.8 |   805.9 
     ijk-ilmk-mjl |   3744 |     52 |  3744 | 1.00 | 1.00 |       305.0 |   255.6 |   254.5 
   ijkl-imjn-lnkm |   3744 |   3744 |  2704 | 1.00 | 0.92 |      1084.8 |  1086.5 |   958.9 
   ijkl-imjn-nlmk |   3744 |   2704 |  3744 | 1.00 | 0.92 |      1127.0 |  1225.7 |  1156.2 
   ijkl-imkn-jnlm |   3744 |   3744 |  2704 | 1.00 | 0.95 |      1044.6 |  1052.8 |  1056.5 
   ijkl-imkn-njml |   3744 |   2704 |  3744 | 1.00 | 0.92 |      1252.7 |  1216.8 |   937.0 
   ijkl-imln-jnkm |   3744 |   3744 |  2704 | 1.00 | 0.95 |      1107.2 |  1052.5 |   984.4 
   ijkl-imln-njmk |   3744 |   2704 |  3744 | 1.00 | 0.92 |      1185.6 |  1085.7 |  1006.6 
   ijkl-imnj-nlkm |   3744 |   2704 |  3744 | 1.00 | 0.92 |      1127.5 |  1106.9 |   977.0 
   ijkl-imnk-njml |   3744 |   2704 |  3744 | 1.00 | 0.92 |      1212.8 |  1261.1 |  1053.8 
   ijkl-minj-nlmk |   3744 |   2704 |  5184 | 1.00 | 0.92 |      1344.9 |  1377.9 |  1100.7 
   ijkl-mink-jnlm |   3744 |   3744 |  3744 | 1.00 | 0.95 |      1357.7 |  1323.0 |  1097.9 
   ijkl-minl-njmk |   3744 |   2704 |  5184 | 1.00 | 0.92 |      1301.3 |  1209.3 |  1178.8 
     aqrs-pa-pqrs |     72 | 140608 |    72 | 1.00 | 1.00 |       206.2 |   221.6 |   157.7 
     abrs-qb-aqrs |     52 | 194688 |    72 | 1.00 | 1.00 |       322.5 |   305.5 |   339.7 
     abcs-rc-abrs |     52 | 194688 |    72 | 1.00 | 1.00 |       278.5 |   322.7 |   294.1 
       abj-bka-kj |  46656 |    204 |   216 | 1.00 | 1.00 |       508.3 |   460.5 |   533.9 
       ajb-kba-jk |  44064 |    216 |   216 | 1.00 | 1.00 |       579.3 |   630.9 |   713.4 
     abjc-cbka-kj | 269568 |     52 |    72 | 1.00 | 1.00 |       153.2 |   158.1 |   140.9 
     ajbc-ckba-jk | 269568 |     72 |    52 | 1.00 | 1.00 |       204.0 |   195.8 |   204.0 
     abjc-kbac-jk | 194688 |     72 |    72 | 1.00 | 1.00 |       512.3 |   437.8 |   466.2 
   abjcd-dkbac-jk | 331776 |     24 |    24 | 1.00 | 1.00 |        78.1 |    74.6 |    70.3 
   adbjc-cbdka-kj | 331776 |     24 |    24 | 1.00 | 1.00 |        63.9 |    65.5 |    68.1 
   ajbdc-ckbad-jk | 331776 |     24 |    24 | 1.00 | 1.00 |        81.1 |    68.8 |    81.0 
 abcijk-ijma-mkbc |   9216 |   4096 |    24 | 1.00 | 0.99 |       309.1 |   322.2 |   278.7 
 abcijk-ijmb-mkac |   6144 |   6144 |    24 | 1.00 | 0.75 |       302.2 |   301.5 |   272.9 
 abcijk-ijmc-mkab |   6144 |   6144 |    24 | 1.00 | 0.75 |       213.2 |   211.8 |   196.9 
 abcijk-ikma-mjbc |   9216 |   4096 |    24 | 1.00 | 0.99 |       304.9 |   311.4 |   285.6 
 abcijk-ikmb-mjac |   6144 |   6144 |    24 | 1.00 | 0.75 |       284.4 |   294.6 |   276.5 
 abcijk-ikmc-mjab |   6144 |   6144 |    24 | 1.00 | 0.75 |       211.7 |   212.1 |   196.7 
 abcijk-jkma-mibc |   9216 |   4096 |    24 | 1.00 | 0.99 |       311.2 |   314.1 |   294.3 
 abcijk-jkmb-miac |   6144 |   6144 |    24 | 1.00 | 0.75 |       288.5 |   284.9 |   270.2 
 abcijk-jkmc-miab |   6144 |   6144 |    24 | 1.00 | 0.75 |       194.5 |   199.0 |   192.5 
 abcijk-eiab-jkec |   6144 |   6144 |    24 | 1.00 | 0.75 |       208.4 |   189.4 |   196.1 
 abcijk-eiac-jkeb |   6144 |   6144 |    24 | 1.00 | 0.75 |       310.0 |   285.7 |   271.1 
 abcijk-eibc-jkea |   4096 |   9216 |    24 | 1.00 | 0.99 |       322.2 |   324.4 |   311.3 
 abcijk-ejab-ikec |   6144 |   6144 |    24 | 1.00 | 0.75 |       204.4 |   221.9 |   195.6 
 abcijk-ejac-ikeb |   6144 |   6144 |    24 | 1.00 | 0.75 |       308.8 |   303.6 |   280.6 
 abcijk-ejbc-ikea |   4096 |   9216 |    24 | 1.00 | 0.99 |       306.3 |   325.3 |   301.1 
 abcijk-ekab-ijec |   6144 |   6144 |    24 | 1.00 | 0.75 |       207.7 |   220.2 |   191.2 
 abcijk-ekac-ijeb |   6144 |   6144 |    24 | 1.00 | 0.75 |       308.4 |   278.9 |   273.8 
 abcijk-ekbc-ijea |   4096 |   9216 |    24 | 1.00 | 0.99 |       320.8 |   328.8 |   328.9 
       abc-bk-akc |    216 |  44064 |   204 | 1.00 | 1.00 |       740.9 |   600.5 |   636.6 

=== complex efficiency ratio (c32 GF/s over f32 GF/s; 1.0 = no penalty) ===
             case | planar c32/f32 | 1m c32/f32 | 3m c32/f32 
------------------+----------------+------------+------------
         ij-ik-kj |          1.270 |      1.239 |      1.029 
       ij-ikl-ljk |          1.441 |      1.631 |      1.590 
       ij-kil-lkj |          1.386 |      1.285 |      1.227 
       ijk-ikl-lj |          1.313 |      1.540 |      1.873 
       ijk-il-jlk |          1.365 |      1.070 |      0.872 
       ijk-ilk-jl |          1.786 |      2.188 |      1.904 
       ijk-ilk-lj |          3.005 |      2.355 |      2.640 
     ijk-ilmk-mjl |          2.653 |      2.223 |      2.214 
   ijkl-imjn-lnkm |          1.638 |      1.641 |      1.448 
   ijkl-imjn-nlmk |          1.316 |      1.431 |      1.350 
   ijkl-imkn-jnlm |          1.602 |      1.615 |      1.621 
   ijkl-imkn-njml |          1.628 |      1.582 |      1.218 
   ijkl-imln-jnkm |          1.636 |      1.556 |      1.455 
   ijkl-imln-njmk |          1.683 |      1.541 |      1.429 
   ijkl-imnj-nlkm |          1.747 |      1.715 |      1.514 
   ijkl-imnk-njml |          1.500 |      1.560 |      1.303 
   ijkl-minj-nlmk |          2.031 |      2.080 |      1.662 
   ijkl-mink-jnlm |          1.575 |      1.535 |      1.274 
   ijkl-minl-njmk |          1.501 |      1.395 |      1.360 
     aqrs-pa-pqrs |          3.158 |      3.393 |      2.415 
     abrs-qb-aqrs |          2.026 |      1.919 |      2.134 
     abcs-rc-abrs |          1.619 |      1.876 |      1.710 
       abj-bka-kj |          1.769 |      1.602 |      1.858 
       ajb-kba-jk |          1.592 |      1.734 |      1.961 
     abjc-cbka-kj |          2.519 |      2.600 |      2.317 
     ajbc-ckba-jk |          2.619 |      2.515 |      2.620 
     abjc-kbac-jk |          2.141 |      1.830 |      1.948 
   abjcd-dkbac-jk |          3.546 |      3.388 |      3.190 
   adbjc-cbdka-kj |          2.513 |      2.577 |      2.678 
   ajbdc-ckbad-jk |          3.216 |      2.731 |      3.213 
 abcijk-ijma-mkbc |          1.853 |      1.931 |      1.671 
 abcijk-ijmb-mkac |          2.311 |      2.306 |      2.087 
 abcijk-ijmc-mkab |          1.658 |      1.647 |      1.530 
 abcijk-ikma-mjbc |          1.829 |      1.868 |      1.714 
 abcijk-ikmb-mjac |          2.043 |      2.116 |      1.986 
 abcijk-ikmc-mjab |          1.426 |      1.429 |      1.325 
 abcijk-jkma-mibc |          1.807 |      1.823 |      1.709 
 abcijk-jkmb-miac |          2.054 |      2.029 |      1.924 
 abcijk-jkmc-miab |          1.507 |      1.541 |      1.491 
 abcijk-eiab-jkec |          1.970 |      1.791 |      1.854 
 abcijk-eiac-jkeb |          2.420 |      2.229 |      2.115 
 abcijk-eibc-jkea |          2.085 |      2.099 |      2.015 
 abcijk-ejab-ikec |          1.587 |      1.722 |      1.518 
 abcijk-ejac-ikeb |          2.114 |      2.078 |      1.921 
 abcijk-ejbc-ikea |          1.882 |      1.999 |      1.850 
 abcijk-ekab-ijec |          1.716 |      1.819 |      1.579 
 abcijk-ekac-ijeb |          2.004 |      1.813 |      1.780 
 abcijk-ekbc-ijea |          1.496 |      1.533 |      1.534 
       abc-bk-akc |          1.833 |      1.486 |      1.575 
             MEAN |          1.926 |      1.890 |      1.800 

wrote bench-results/worker5139-zen2/phase4f/th-t64-pm-f32c32.csv
