host        : worker5139
target      : x86_64 / linux
cpu features: avx2 fma 
caches      : L1=32KiB/8-way/1sh L2=512KiB/8-way/1sh L3=16384KiB/16-way/4sh (via sysfs), blocking=legacy
l3 domains  : t1=1 t4=1 t8=2 t16=4 t32=8 t64=16 t128=32
baselines   : tblis=false blas=false

sweeping 49 cases at 64 MiB nominal tensor size, 3 reps, stress=none


=== f32 ===
             case |      m |      n |     k | regA | regB | planar GF/s | 1m GF/s | 3m GF/s 
------------------+--------+--------+-------+------+------+-------------+---------+---------
         ij-ik-kj |   2904 |   2896 |  2904 | 1.00 | 1.00 |       712.4 |   712.4 |   712.4 
       ij-ikl-ljk |    216 |    204 | 44064 | 1.00 | 1.00 |       159.8 |   159.8 |   159.8 
       ij-kil-lkj |    216 |    204 | 46656 | 1.00 | 1.00 |       172.7 |   172.7 |   172.7 
       ijk-ikl-lj |  44064 |    204 |   216 | 1.00 | 1.00 |       335.7 |   335.7 |   335.7 
       ijk-il-jlk |    216 |  44064 |   204 | 1.00 | 1.00 |       713.5 |   713.5 |   713.5 
       ijk-ilk-jl |  44064 |    216 |   204 | 0.96 | 1.00 |       303.0 |   303.0 |   303.0 
       ijk-ilk-lj |  44064 |    204 |   216 | 0.96 | 1.00 |       331.7 |   331.7 |   331.7 
     ijk-ilmk-mjl |   3744 |     52 |  3744 | 0.89 | 1.00 |       112.4 |   112.4 |   112.4 
   ijkl-imjn-lnkm |   3744 |   3744 |  2704 | 0.89 | 0.92 |       754.1 |   754.1 |   754.1 
   ijkl-imjn-nlmk |   3744 |   2704 |  3744 | 0.89 | 0.92 |       864.2 |   864.2 |   864.2 
   ijkl-imkn-jnlm |   3744 |   3744 |  2704 | 0.89 | 1.00 |       959.9 |   959.9 |   959.9 
   ijkl-imkn-njml |   3744 |   2704 |  3744 | 0.89 | 0.92 |       896.5 |   896.5 |   896.5 
   ijkl-imln-jnkm |   3744 |   3744 |  2704 | 0.89 | 1.00 |       822.3 |   822.3 |   822.3 
   ijkl-imln-njmk |   3744 |   2704 |  3744 | 0.89 | 0.92 |       733.8 |   733.8 |   733.8 
   ijkl-imnj-nlkm |   3744 |   2704 |  3744 | 0.89 | 0.92 |       714.3 |   714.3 |   714.3 
   ijkl-imnk-njml |   3744 |   2704 |  3744 | 0.89 | 0.92 |       719.8 |   719.8 |   719.8 
   ijkl-minj-nlmk |   3744 |   2704 |  5184 | 0.89 | 0.92 |       747.1 |   747.1 |   747.1 
   ijkl-mink-jnlm |   3744 |   3744 |  3744 | 0.89 | 1.00 |       796.9 |   796.9 |   796.9 
   ijkl-minl-njmk |   3744 |   2704 |  5184 | 0.89 | 0.92 |       708.2 |   708.2 |   708.2 
     aqrs-pa-pqrs |     72 | 140608 |    72 | 1.00 | 1.00 |       214.5 |   214.5 |   214.5 
     abrs-qb-aqrs |     52 | 194688 |    72 | 0.89 | 1.00 |       158.1 |   158.1 |   158.1 
     abcs-rc-abrs |     52 | 194688 |    72 | 1.00 | 1.00 |       138.7 |   138.7 |   138.7 
       abj-bka-kj |  46656 |    204 |   216 | 0.96 | 1.00 |       263.6 |   263.6 |   263.6 
       ajb-kba-jk |  44064 |    216 |   216 | 0.96 | 1.00 |       438.5 |   438.5 |   438.5 
     abjc-cbka-kj | 269568 |     52 |    72 | 0.89 | 1.00 |        54.3 |    54.3 |    54.3 
     ajbc-ckba-jk | 269568 |     72 |    52 | 0.89 | 1.00 |        79.6 |    79.6 |    79.6 
     abjc-kbac-jk | 194688 |     72 |    72 | 0.89 | 1.00 |       207.4 |   207.4 |   207.4 
   abjcd-dkbac-jk | 331776 |     24 |    24 | 0.67 | 1.00 |        23.1 |    23.1 |    23.1 
   adbjc-cbdka-kj | 331776 |     24 |    24 | 0.67 | 1.00 |        26.6 |    26.6 |    26.6 
   ajbdc-ckbad-jk | 331776 |     24 |    24 | 1.00 | 1.00 |        24.9 |    24.9 |    24.9 
 abcijk-ijma-mkbc |   9216 |   4096 |    24 | 1.00 | 1.00 |       281.9 |   281.9 |   281.9 
 abcijk-ijmb-mkac |   6144 |   6144 |    24 | 1.00 | 1.00 |       444.5 |   444.5 |   444.5 
 abcijk-ijmc-mkab |   6144 |   6144 |    24 | 1.00 | 0.75 |       437.4 |   437.4 |   437.4 
 abcijk-ikma-mjbc |   9216 |   4096 |    24 | 1.00 | 1.00 |       297.8 |   297.8 |   297.8 
 abcijk-ikmb-mjac |   6144 |   6144 |    24 | 1.00 | 1.00 |       430.5 |   430.5 |   430.5 
 abcijk-ikmc-mjab |   6144 |   6144 |    24 | 1.00 | 0.75 |       449.0 |   449.0 |   449.0 
 abcijk-jkma-mibc |   9216 |   4096 |    24 | 1.00 | 1.00 |       291.8 |   291.8 |   291.8 
 abcijk-jkmb-miac |   6144 |   6144 |    24 | 1.00 | 1.00 |       459.5 |   459.5 |   459.5 
 abcijk-jkmc-miab |   6144 |   6144 |    24 | 1.00 | 0.75 |       479.1 |   479.1 |   479.1 
 abcijk-eiab-jkec |   6144 |   6144 |    24 | 1.00 | 0.75 |       466.8 |   466.8 |   466.8 
 abcijk-eiac-jkeb |   6144 |   6144 |    24 | 1.00 | 1.00 |       453.8 |   453.8 |   453.8 
 abcijk-eibc-jkea |   4096 |   9216 |    24 | 1.00 | 1.00 |       288.7 |   288.7 |   288.7 
 abcijk-ejab-ikec |   6144 |   6144 |    24 | 1.00 | 0.75 |       466.9 |   466.9 |   466.9 
 abcijk-ejac-ikeb |   6144 |   6144 |    24 | 1.00 | 1.00 |       449.3 |   449.3 |   449.3 
 abcijk-ejbc-ikea |   4096 |   9216 |    24 | 1.00 | 1.00 |       300.5 |   300.5 |   300.5 
 abcijk-ekab-ijec |   6144 |   6144 |    24 | 1.00 | 0.75 |       444.8 |   444.8 |   444.8 
 abcijk-ekac-ijeb |   6144 |   6144 |    24 | 1.00 | 1.00 |       412.6 |   412.6 |   412.6 
 abcijk-ekbc-ijea |   4096 |   9216 |    24 | 1.00 | 1.00 |       302.0 |   302.0 |   302.0 
       abc-bk-akc |    216 |  44064 |   204 | 0.96 | 1.00 |       322.0 |   322.0 |   322.0 

=== c32 ===
             case |      m |      n |     k | regA | regB | planar GF/s | 1m GF/s | 3m GF/s 
------------------+--------+--------+-------+------+------+-------------+---------+---------
         ij-ik-kj |   2904 |   2896 |  2904 | 1.00 | 1.00 |      1068.4 |   990.9 |   986.3 
       ij-ikl-ljk |    216 |    204 | 44064 | 1.00 | 1.00 |       307.7 |   280.9 |   272.3 
       ij-kil-lkj |    216 |    204 | 46656 | 1.00 | 1.00 |       354.6 |   342.4 |   294.2 
       ijk-ikl-lj |  44064 |    204 |   216 | 1.00 | 1.00 |       623.2 |   701.3 |   688.4 
       ijk-il-jlk |    216 |  44064 |   204 | 1.00 | 0.98 |      1223.8 |  1360.6 |  1125.4 
       ijk-ilk-jl |  44064 |    216 |   204 | 1.00 | 1.00 |       831.2 |   719.8 |   952.8 
       ijk-ilk-lj |  44064 |    204 |   216 | 1.00 | 1.00 |       808.7 |   669.4 |   769.3 
     ijk-ilmk-mjl |   3744 |     52 |  3744 | 1.00 | 1.00 |       302.8 |   293.4 |   273.4 
   ijkl-imjn-lnkm |   3744 |   3744 |  2704 | 1.00 | 0.92 |      1111.4 |  1161.6 |  1062.3 
   ijkl-imjn-nlmk |   3744 |   2704 |  3744 | 1.00 | 0.92 |      1186.1 |  1251.9 |  1064.5 
   ijkl-imkn-jnlm |   3744 |   3744 |  2704 | 1.00 | 0.95 |      1351.5 |  1329.3 |  1036.6 
   ijkl-imkn-njml |   3744 |   2704 |  3744 | 1.00 | 0.92 |      1395.3 |  1294.8 |  1060.2 
   ijkl-imln-jnkm |   3744 |   3744 |  2704 | 1.00 | 0.95 |      1456.1 |  1300.2 |  1347.6 
   ijkl-imln-njmk |   3744 |   2704 |  3744 | 1.00 | 0.92 |      1221.4 |  1269.0 |   981.5 
   ijkl-imnj-nlkm |   3744 |   2704 |  3744 | 1.00 | 0.92 |      1119.0 |  1122.5 |   926.3 
   ijkl-imnk-njml |   3744 |   2704 |  3744 | 1.00 | 0.92 |      1085.0 |  1172.1 |  1043.9 
   ijkl-minj-nlmk |   3744 |   2704 |  5184 | 1.00 | 0.92 |      1231.7 |  1257.5 |  1037.2 
   ijkl-mink-jnlm |   3744 |   3744 |  3744 | 1.00 | 0.95 |      1256.2 |  1228.8 |  1078.2 
   ijkl-minl-njmk |   3744 |   2704 |  5184 | 1.00 | 0.92 |      1219.3 |  1214.5 |   988.0 
     aqrs-pa-pqrs |     72 | 140608 |    72 | 1.00 | 1.00 |       510.0 |   606.5 |   651.1 
     abrs-qb-aqrs |     52 | 194688 |    72 | 1.00 | 1.00 |       317.1 |   333.1 |   316.7 
     abcs-rc-abrs |     52 | 194688 |    72 | 1.00 | 1.00 |       310.2 |   341.8 |   296.0 
       abj-bka-kj |  46656 |    204 |   216 | 1.00 | 1.00 |       548.9 |   505.4 |   503.7 
       ajb-kba-jk |  44064 |    216 |   216 | 1.00 | 1.00 |       715.5 |   637.9 |   709.7 
     abjc-cbka-kj | 269568 |     52 |    72 | 1.00 | 1.00 |       160.3 |   151.3 |   154.6 
     ajbc-ckba-jk | 269568 |     72 |    52 | 1.00 | 1.00 |       224.9 |   199.7 |   205.0 
     abjc-kbac-jk | 194688 |     72 |    72 | 1.00 | 1.00 |       474.0 |   468.5 |   460.4 
   abjcd-dkbac-jk | 331776 |     24 |    24 | 1.00 | 1.00 |        72.2 |    69.2 |    70.2 
   adbjc-cbdka-kj | 331776 |     24 |    24 | 1.00 | 1.00 |        70.9 |    69.5 |    68.0 
   ajbdc-ckbad-jk | 331776 |     24 |    24 | 1.00 | 1.00 |        73.0 |    78.2 |    69.0 
 abcijk-ijma-mkbc |   9216 |   4096 |    24 | 1.00 | 0.99 |       326.8 |   304.6 |   284.2 
 abcijk-ijmb-mkac |   6144 |   6144 |    24 | 1.00 | 0.75 |       318.2 |   305.0 |   269.6 
 abcijk-ijmc-mkab |   6144 |   6144 |    24 | 1.00 | 0.75 |       355.8 |   339.3 |   381.8 
 abcijk-ikma-mjbc |   9216 |   4096 |    24 | 1.00 | 0.99 |       304.1 |   292.8 |   270.8 
 abcijk-ikmb-mjac |   6144 |   6144 |    24 | 1.00 | 0.75 |       324.6 |   311.8 |   263.1 
 abcijk-ikmc-mjab |   6144 |   6144 |    24 | 1.00 | 0.75 |       371.2 |   345.2 |   414.4 
 abcijk-jkma-mibc |   9216 |   4096 |    24 | 1.00 | 0.99 |       302.2 |   302.8 |   278.4 
 abcijk-jkmb-miac |   6144 |   6144 |    24 | 1.00 | 0.75 |       325.2 |   307.3 |   260.7 
 abcijk-jkmc-miab |   6144 |   6144 |    24 | 1.00 | 0.75 |       385.3 |   359.8 |   398.3 
 abcijk-eiab-jkec |   6144 |   6144 |    24 | 1.00 | 0.75 |       384.0 |   351.5 |   396.7 
 abcijk-eiac-jkeb |   6144 |   6144 |    24 | 1.00 | 0.75 |       326.5 |   304.9 |   261.5 
 abcijk-eibc-jkea |   4096 |   9216 |    24 | 1.00 | 0.99 |       310.9 |   302.2 |   279.3 
 abcijk-ejab-ikec |   6144 |   6144 |    24 | 1.00 | 0.75 |       381.3 |   340.2 |   406.6 
 abcijk-ejac-ikeb |   6144 |   6144 |    24 | 1.00 | 0.75 |       326.4 |   305.1 |   266.8 
 abcijk-ejbc-ikea |   4096 |   9216 |    24 | 1.00 | 0.99 |       299.5 |   297.4 |   273.7 
 abcijk-ekab-ijec |   6144 |   6144 |    24 | 1.00 | 0.75 |       367.5 |   344.5 |   394.5 
 abcijk-ekac-ijeb |   6144 |   6144 |    24 | 1.00 | 0.75 |       336.9 |   314.9 |   280.1 
 abcijk-ekbc-ijea |   4096 |   9216 |    24 | 1.00 | 0.99 |       297.2 |   294.5 |   268.4 
       abc-bk-akc |    216 |  44064 |   204 | 1.00 | 1.00 |       578.5 |   751.2 |   711.4 

=== complex efficiency ratio (c32 GF/s over f32 GF/s; 1.0 = no penalty) ===
             case | planar c32/f32 | 1m c32/f32 | 3m c32/f32 
------------------+----------------+------------+------------
         ij-ik-kj |          1.500 |      1.391 |      1.385 
       ij-ikl-ljk |          1.925 |      1.757 |      1.704 
       ij-kil-lkj |          2.053 |      1.983 |      1.703 
       ijk-ikl-lj |          1.857 |      2.089 |      2.051 
       ijk-il-jlk |          1.715 |      1.907 |      1.577 
       ijk-ilk-jl |          2.744 |      2.376 |      3.145 
       ijk-ilk-lj |          2.438 |      2.018 |      2.320 
     ijk-ilmk-mjl |          2.695 |      2.611 |      2.433 
   ijkl-imjn-lnkm |          1.474 |      1.540 |      1.409 
   ijkl-imjn-nlmk |          1.373 |      1.449 |      1.232 
   ijkl-imkn-jnlm |          1.408 |      1.385 |      1.080 
   ijkl-imkn-njml |          1.556 |      1.444 |      1.183 
   ijkl-imln-jnkm |          1.771 |      1.581 |      1.639 
   ijkl-imln-njmk |          1.664 |      1.729 |      1.337 
   ijkl-imnj-nlkm |          1.567 |      1.571 |      1.297 
   ijkl-imnk-njml |          1.507 |      1.628 |      1.450 
   ijkl-minj-nlmk |          1.649 |      1.683 |      1.388 
   ijkl-mink-jnlm |          1.576 |      1.542 |      1.353 
   ijkl-minl-njmk |          1.722 |      1.715 |      1.395 
     aqrs-pa-pqrs |          2.378 |      2.827 |      3.035 
     abrs-qb-aqrs |          2.006 |      2.107 |      2.003 
     abcs-rc-abrs |          2.236 |      2.464 |      2.134 
       abj-bka-kj |          2.083 |      1.918 |      1.911 
       ajb-kba-jk |          1.632 |      1.455 |      1.618 
     abjc-cbka-kj |          2.951 |      2.784 |      2.845 
     ajbc-ckba-jk |          2.826 |      2.510 |      2.576 
     abjc-kbac-jk |          2.286 |      2.259 |      2.220 
   abjcd-dkbac-jk |          3.122 |      2.990 |      3.037 
   adbjc-cbdka-kj |          2.662 |      2.610 |      2.553 
   ajbdc-ckbad-jk |          2.929 |      3.138 |      2.769 
 abcijk-ijma-mkbc |          1.159 |      1.081 |      1.008 
 abcijk-ijmb-mkac |          0.716 |      0.686 |      0.606 
 abcijk-ijmc-mkab |          0.814 |      0.776 |      0.873 
 abcijk-ikma-mjbc |          1.021 |      0.983 |      0.910 
 abcijk-ikmb-mjac |          0.754 |      0.724 |      0.611 
 abcijk-ikmc-mjab |          0.827 |      0.769 |      0.923 
 abcijk-jkma-mibc |          1.035 |      1.038 |      0.954 
 abcijk-jkmb-miac |          0.708 |      0.669 |      0.567 
 abcijk-jkmc-miab |          0.804 |      0.751 |      0.831 
 abcijk-eiab-jkec |          0.823 |      0.753 |      0.850 
 abcijk-eiac-jkeb |          0.719 |      0.672 |      0.576 
 abcijk-eibc-jkea |          1.077 |      1.047 |      0.967 
 abcijk-ejab-ikec |          0.817 |      0.729 |      0.871 
 abcijk-ejac-ikeb |          0.726 |      0.679 |      0.594 
 abcijk-ejbc-ikea |          0.997 |      0.990 |      0.911 
 abcijk-ekab-ijec |          0.826 |      0.774 |      0.887 
 abcijk-ekac-ijeb |          0.816 |      0.763 |      0.679 
 abcijk-ekbc-ijea |          0.984 |      0.975 |      0.889 
       abc-bk-akc |          1.797 |      2.333 |      2.209 
             MEAN |          1.607 |      1.585 |      1.520 

wrote bench-results/worker5139-zen2/phase4f/th-t64-dom-f32c32.csv
