host        : worker5139
target      : x86_64 / linux
cpu features: avx2 fma 
caches      : L1=32KiB/8-way/1sh L2=512KiB/8-way/1sh L3=16384KiB/16-way/4sh (via sysfs), blocking=legacy
l3 domains  : t1=1
baselines   : tblis=false blas=false

sweeping 49 cases at 64 MiB nominal tensor size, 3 reps, stress=none


=== f64 ===
             case |      m |      n |     k | regA | regB | planar GF/s | 1m GF/s | 3m GF/s 
------------------+--------+--------+-------+------+------+-------------+---------+---------
         ij-ik-kj |   2904 |   2896 |  2904 | 1.00 | 1.00 |        41.3 |    41.3 |    41.3 
       ij-ikl-ljk |    216 |    204 | 44064 | 1.00 | 1.00 |        33.3 |    33.3 |    33.3 
       ij-kil-lkj |    216 |    204 | 46656 | 1.00 | 1.00 |        32.8 |    32.8 |    32.8 
       ijk-ikl-lj |  44064 |    204 |   216 | 1.00 | 1.00 |        34.7 |    34.7 |    34.7 
       ijk-il-jlk |    216 |  44064 |   204 | 1.00 | 1.00 |        35.6 |    35.6 |    35.6 
       ijk-ilk-jl |  44064 |    216 |   204 | 1.00 | 1.00 |        40.1 |    40.1 |    40.1 
       ijk-ilk-lj |  44064 |    204 |   216 | 1.00 | 1.00 |        40.2 |    40.2 |    40.2 
     ijk-ilmk-mjl |   3744 |     52 |  3744 | 1.00 | 1.00 |        30.4 |    30.4 |    30.4 
   ijkl-imjn-lnkm |   3744 |   3744 |  2704 | 1.00 | 0.92 |        42.0 |    42.0 |    42.0 
   ijkl-imjn-nlmk |   3744 |   2704 |  3744 | 1.00 | 0.92 |        41.6 |    41.6 |    41.6 
   ijkl-imkn-jnlm |   3744 |   3744 |  2704 | 1.00 | 1.00 |        40.1 |    40.1 |    40.1 
   ijkl-imkn-njml |   3744 |   2704 |  3744 | 1.00 | 0.92 |        40.1 |    40.1 |    40.1 
   ijkl-imln-jnkm |   3744 |   3744 |  2704 | 1.00 | 1.00 |        40.1 |    40.1 |    40.1 
   ijkl-imln-njmk |   3744 |   2704 |  3744 | 1.00 | 0.92 |        40.2 |    40.2 |    40.2 
   ijkl-imnj-nlkm |   3744 |   2704 |  3744 | 1.00 | 0.92 |        41.6 |    41.6 |    41.6 
   ijkl-imnk-njml |   3744 |   2704 |  3744 | 1.00 | 0.92 |        40.2 |    40.2 |    40.2 
   ijkl-minj-nlmk |   3744 |   2704 |  5184 | 1.00 | 0.92 |        40.7 |    40.7 |    40.7 
   ijkl-mink-jnlm |   3744 |   3744 |  3744 | 1.00 | 1.00 |        39.6 |    39.6 |    39.6 
   ijkl-minl-njmk |   3744 |   2704 |  5184 | 1.00 | 0.92 |        39.1 |    39.1 |    39.1 
     aqrs-pa-pqrs |     72 | 140608 |    72 | 1.00 | 1.00 |        24.5 |    24.5 |    24.5 
     abrs-qb-aqrs |     52 | 194688 |    72 | 1.00 | 1.00 |        24.8 |    24.8 |    24.8 
     abcs-rc-abrs |     52 | 194688 |    72 | 1.00 | 1.00 |        25.1 |    25.1 |    25.1 
       abj-bka-kj |  46656 |    204 |   216 | 1.00 | 1.00 |        37.1 |    37.1 |    37.1 
       ajb-kba-jk |  44064 |    216 |   216 | 1.00 | 1.00 |        41.5 |    41.5 |    41.5 
     abjc-cbka-kj | 269568 |     52 |    72 | 1.00 | 1.00 |        12.4 |    12.4 |    12.4 
     ajbc-ckba-jk | 269568 |     72 |    52 | 1.00 | 1.00 |        19.1 |    19.1 |    19.1 
     abjc-kbac-jk | 194688 |     72 |    72 | 1.00 | 1.00 |        31.4 |    31.4 |    31.4 
   abjcd-dkbac-jk | 331776 |     24 |    24 | 1.00 | 1.00 |         5.9 |     5.9 |     5.9 
   adbjc-cbdka-kj | 331776 |     24 |    24 | 1.00 | 1.00 |         4.8 |     4.8 |     4.8 
   ajbdc-ckbad-jk | 331776 |     24 |    24 | 1.00 | 1.00 |         5.6 |     5.6 |     5.6 
 abcijk-ijma-mkbc |   9216 |   4096 |    24 | 1.00 | 0.99 |        22.1 |    22.1 |    22.1 
 abcijk-ijmb-mkac |   6144 |   6144 |    24 | 1.00 | 0.75 |        20.0 |    20.0 |    20.0 
 abcijk-ijmc-mkab |   6144 |   6144 |    24 | 1.00 | 0.75 |        24.4 |    24.4 |    24.4 
 abcijk-ikma-mjbc |   9216 |   4096 |    24 | 1.00 | 0.99 |        22.0 |    22.0 |    22.0 
 abcijk-ikmb-mjac |   6144 |   6144 |    24 | 1.00 | 0.75 |        20.0 |    20.0 |    20.0 
 abcijk-ikmc-mjab |   6144 |   6144 |    24 | 1.00 | 0.75 |        24.3 |    24.3 |    24.3 
 abcijk-jkma-mibc |   9216 |   4096 |    24 | 1.00 | 0.99 |        22.4 |    22.4 |    22.4 
 abcijk-jkmb-miac |   6144 |   6144 |    24 | 1.00 | 0.75 |        19.6 |    19.6 |    19.6 
 abcijk-jkmc-miab |   6144 |   6144 |    24 | 1.00 | 0.75 |        22.7 |    22.7 |    22.7 
 abcijk-eiab-jkec |   6144 |   6144 |    24 | 1.00 | 0.75 |        22.5 |    22.5 |    22.5 
 abcijk-eiac-jkeb |   6144 |   6144 |    24 | 1.00 | 0.75 |        19.5 |    19.5 |    19.5 
 abcijk-eibc-jkea |   4096 |   9216 |    24 | 1.00 | 0.99 |        22.5 |    22.5 |    22.5 
 abcijk-ejab-ikec |   6144 |   6144 |    24 | 1.00 | 0.75 |        24.3 |    24.3 |    24.3 
 abcijk-ejac-ikeb |   6144 |   6144 |    24 | 1.00 | 0.75 |        19.9 |    19.9 |    19.9 
 abcijk-ejbc-ikea |   4096 |   9216 |    24 | 1.00 | 0.99 |        22.0 |    22.0 |    22.0 
 abcijk-ekab-ijec |   6144 |   6144 |    24 | 1.00 | 0.75 |        24.2 |    24.2 |    24.2 
 abcijk-ekac-ijeb |   6144 |   6144 |    24 | 1.00 | 0.75 |        20.0 |    20.0 |    20.0 
 abcijk-ekbc-ijea |   4096 |   9216 |    24 | 1.00 | 0.99 |        22.1 |    22.1 |    22.1 
       abc-bk-akc |    216 |  44064 |   204 | 1.00 | 1.00 |        40.2 |    40.2 |    40.2 

=== c64 ===
             case |      m |      n |     k | regA | regB | planar GF/s | 1m GF/s | 3m GF/s 
------------------+--------+--------+-------+------+------+-------------+---------+---------
         ij-ik-kj |   2904 |   2896 |  2904 | 1.00 | 1.00 |        43.2 |    43.8 |    42.7 
       ij-ikl-ljk |    216 |    204 | 44064 | 1.00 | 1.00 |        38.9 |    41.1 |    37.1 
       ij-kil-lkj |    216 |    204 | 46656 | 1.00 | 1.00 |        39.3 |    40.7 |    40.1 
       ijk-ikl-lj |  44064 |    204 |   216 | 1.00 | 1.00 |        40.7 |    40.9 |    41.0 
       ijk-il-jlk |    216 |  44064 |   204 | 1.00 | 0.98 |        42.3 |    44.6 |    40.4 
       ijk-ilk-jl |  44064 |    216 |   204 | 1.00 | 1.00 |        42.8 |    45.5 |    40.9 
       ijk-ilk-lj |  44064 |    204 |   216 | 1.00 | 1.00 |        43.2 |    45.5 |    40.8 
     ijk-ilmk-mjl |   3744 |     52 |  3744 | 1.00 | 1.00 |        34.2 |    36.1 |    30.4 
   ijkl-imjn-lnkm |   3744 |   3744 |  2704 | 1.00 | 0.92 |        44.0 |    45.7 |    43.0 
   ijkl-imjn-nlmk |   3744 |   2704 |  3744 | 1.00 | 0.92 |        43.8 |    45.4 |    42.3 
   ijkl-imkn-jnlm |   3744 |   3744 |  2704 | 1.00 | 0.95 |        43.3 |    43.7 |    41.0 
   ijkl-imkn-njml |   3744 |   2704 |  3744 | 1.00 | 0.92 |        43.3 |    43.6 |    40.9 
   ijkl-imln-jnkm |   3744 |   3744 |  2704 | 1.00 | 0.95 |        43.3 |    43.7 |    40.9 
   ijkl-imln-njmk |   3744 |   2704 |  3744 | 1.00 | 0.92 |        43.3 |    43.6 |    40.9 
   ijkl-imnj-nlkm |   3744 |   2704 |  3744 | 1.00 | 0.92 |        44.0 |    44.8 |    42.4 
   ijkl-imnk-njml |   3744 |   2704 |  3744 | 1.00 | 0.92 |        43.4 |    43.7 |    40.9 
   ijkl-minj-nlmk |   3744 |   2704 |  5184 | 1.00 | 0.92 |        43.6 |    44.2 |    43.2 
   ijkl-mink-jnlm |   3744 |   3744 |  3744 | 1.00 | 0.95 |        43.1 |    43.3 |    41.9 
   ijkl-minl-njmk |   3744 |   2704 |  5184 | 1.00 | 0.92 |        42.8 |    42.9 |    41.8 
     aqrs-pa-pqrs |     72 | 140608 |    72 | 1.00 | 1.00 |        33.1 |    35.4 |    32.9 
     abrs-qb-aqrs |     52 | 194688 |    72 | 1.00 | 1.00 |        30.6 |    33.2 |    29.3 
     abcs-rc-abrs |     52 | 194688 |    72 | 1.00 | 1.00 |        29.9 |    33.0 |    32.1 
       abj-bka-kj |  46656 |    204 |   216 | 1.00 | 1.00 |        41.8 |    41.7 |    41.6 
       ajb-kba-jk |  44064 |    216 |   216 | 1.00 | 1.00 |        44.0 |    46.0 |    44.8 
     abjc-cbka-kj | 269568 |     52 |    72 | 1.00 | 1.00 |        20.8 |    18.7 |    21.2 
     ajbc-ckba-jk | 269568 |     72 |    52 | 1.00 | 1.00 |        22.4 |    21.1 |    22.4 
     abjc-kbac-jk | 194688 |     72 |    72 | 1.00 | 1.00 |        35.8 |    39.0 |    38.4 
   abjcd-dkbac-jk | 331776 |     24 |    24 | 1.00 | 1.00 |        12.4 |    11.3 |    12.1 
   adbjc-cbdka-kj | 331776 |     24 |    24 | 1.00 | 1.00 |        11.1 |    10.1 |    10.8 
   ajbdc-ckbad-jk | 331776 |     24 |    24 | 1.00 | 1.00 |        11.8 |    10.8 |    11.6 
 abcijk-ijma-mkbc |   9216 |   4096 |    24 | 1.00 | 0.99 |        26.7 |    29.8 |    26.6 
 abcijk-ijmb-mkac |   6144 |   6144 |    24 | 1.00 | 0.75 |        26.7 |    29.8 |    26.0 
 abcijk-ijmc-mkab |   6144 |   6144 |    24 | 1.00 | 0.75 |        29.7 |    33.7 |    29.2 
 abcijk-ikma-mjbc |   9216 |   4096 |    24 | 1.00 | 0.99 |        26.7 |    29.7 |    26.6 
 abcijk-ikmb-mjac |   6144 |   6144 |    24 | 1.00 | 0.75 |        26.7 |    29.8 |    26.1 
 abcijk-ikmc-mjab |   6144 |   6144 |    24 | 1.00 | 0.75 |        29.7 |    33.8 |    29.2 
 abcijk-jkma-mibc |   9216 |   4096 |    24 | 1.00 | 0.99 |        26.7 |    29.7 |    26.7 
 abcijk-jkmb-miac |   6144 |   6144 |    24 | 1.00 | 0.75 |        26.2 |    28.4 |    25.9 
 abcijk-jkmc-miab |   6144 |   6144 |    24 | 1.00 | 0.75 |        28.6 |    30.6 |    28.6 
 abcijk-eiab-jkec |   6144 |   6144 |    24 | 1.00 | 0.75 |        28.6 |    30.5 |    28.6 
 abcijk-eiac-jkeb |   6144 |   6144 |    24 | 1.00 | 0.75 |        26.2 |    28.4 |    25.8 
 abcijk-eibc-jkea |   4096 |   9216 |    24 | 1.00 | 0.99 |        26.7 |    29.8 |    26.8 
 abcijk-ejab-ikec |   6144 |   6144 |    24 | 1.00 | 0.75 |        29.7 |    33.6 |    29.0 
 abcijk-ejac-ikeb |   6144 |   6144 |    24 | 1.00 | 0.75 |        26.7 |    29.8 |    26.0 
 abcijk-ejbc-ikea |   4096 |   9216 |    24 | 1.00 | 0.99 |        26.7 |    29.7 |    26.7 
 abcijk-ekab-ijec |   6144 |   6144 |    24 | 1.00 | 0.75 |        29.7 |    33.6 |    29.0 
 abcijk-ekac-ijeb |   6144 |   6144 |    24 | 1.00 | 0.75 |        26.7 |    29.8 |    26.0 
 abcijk-ekbc-ijea |   4096 |   9216 |    24 | 1.00 | 0.99 |        26.7 |    29.7 |    26.7 
       abc-bk-akc |    216 |  44064 |   204 | 1.00 | 1.00 |        42.9 |    45.9 |    41.1 

=== complex efficiency ratio (c64 GF/s over f64 GF/s; 1.0 = no penalty) ===
             case | planar c64/f64 | 1m c64/f64 | 3m c64/f64 
------------------+----------------+------------+------------
         ij-ik-kj |          1.047 |      1.060 |      1.034 
       ij-ikl-ljk |          1.167 |      1.233 |      1.114 
       ij-kil-lkj |          1.199 |      1.239 |      1.222 
       ijk-ikl-lj |          1.170 |      1.179 |      1.179 
       ijk-il-jlk |          1.187 |      1.254 |      1.137 
       ijk-ilk-jl |          1.067 |      1.135 |      1.021 
       ijk-ilk-lj |          1.075 |      1.131 |      1.015 
     ijk-ilmk-mjl |          1.125 |      1.186 |      0.999 
   ijkl-imjn-lnkm |          1.049 |      1.088 |      1.024 
   ijkl-imjn-nlmk |          1.052 |      1.092 |      1.018 
   ijkl-imkn-jnlm |          1.078 |      1.088 |      1.021 
   ijkl-imkn-njml |          1.078 |      1.087 |      1.019 
   ijkl-imln-jnkm |          1.079 |      1.089 |      1.019 
   ijkl-imln-njmk |          1.078 |      1.085 |      1.017 
   ijkl-imnj-nlkm |          1.058 |      1.079 |      1.021 
   ijkl-imnk-njml |          1.080 |      1.087 |      1.018 
   ijkl-minj-nlmk |          1.070 |      1.086 |      1.061 
   ijkl-mink-jnlm |          1.089 |      1.095 |      1.058 
   ijkl-minl-njmk |          1.094 |      1.097 |      1.068 
     aqrs-pa-pqrs |          1.352 |      1.444 |      1.344 
     abrs-qb-aqrs |          1.231 |      1.338 |      1.180 
     abcs-rc-abrs |          1.193 |      1.318 |      1.282 
       abj-bka-kj |          1.128 |      1.123 |      1.122 
       ajb-kba-jk |          1.060 |      1.109 |      1.081 
     abjc-cbka-kj |          1.676 |      1.506 |      1.706 
     ajbc-ckba-jk |          1.174 |      1.104 |      1.171 
     abjc-kbac-jk |          1.142 |      1.243 |      1.225 
   abjcd-dkbac-jk |          2.111 |      1.934 |      2.068 
   adbjc-cbdka-kj |          2.293 |      2.095 |      2.243 
   ajbdc-ckbad-jk |          2.096 |      1.919 |      2.051 
 abcijk-ijma-mkbc |          1.211 |      1.348 |      1.205 
 abcijk-ijmb-mkac |          1.332 |      1.485 |      1.299 
 abcijk-ijmc-mkab |          1.217 |      1.379 |      1.193 
 abcijk-ikma-mjbc |          1.213 |      1.350 |      1.208 
 abcijk-ikmb-mjac |          1.334 |      1.488 |      1.303 
 abcijk-ikmc-mjab |          1.224 |      1.389 |      1.200 
 abcijk-jkma-mibc |          1.191 |      1.325 |      1.191 
 abcijk-jkmb-miac |          1.337 |      1.450 |      1.322 
 abcijk-jkmc-miab |          1.261 |      1.348 |      1.261 
 abcijk-eiab-jkec |          1.271 |      1.353 |      1.269 
 abcijk-eiac-jkeb |          1.341 |      1.454 |      1.323 
 abcijk-eibc-jkea |          1.189 |      1.326 |      1.192 
 abcijk-ejab-ikec |          1.224 |      1.386 |      1.196 
 abcijk-ejac-ikeb |          1.339 |      1.495 |      1.305 
 abcijk-ejbc-ikea |          1.215 |      1.352 |      1.214 
 abcijk-ekab-ijec |          1.226 |      1.387 |      1.198 
 abcijk-ekac-ijeb |          1.335 |      1.490 |      1.300 
 abcijk-ekbc-ijea |          1.208 |      1.346 |      1.208 
       abc-bk-akc |          1.067 |      1.141 |      1.021 
             MEAN |          1.246 |      1.302 |      1.223 

wrote bench-results/worker5139-zen2/phase4f/th-t1-f64c64.csv
