host        : worker5139
target      : x86_64 / linux
cpu features: avx2 fma 
caches      : L1=32KiB/8-way/1sh L2=512KiB/8-way/1sh L3=16384KiB/16-way/4sh (via sysfs), blocking=legacy
l3 domains  : t1=1 t4=1 t8=2 t16=4 t32=8 t64=16 t128=32
baselines   : tblis=false blas=false

sweeping 49 cases at 64 MiB nominal tensor size, 3 reps, stress=none


=== f64 ===
             case |      m |      n |     k | regA | regB | planar GF/s | 1m GF/s | 3m GF/s 
------------------+--------+--------+-------+------+------+-------------+---------+---------
         ij-ik-kj |   2904 |   2896 |  2904 | 1.00 | 1.00 |       328.8 |   328.8 |   328.8 
       ij-ikl-ljk |    216 |    204 | 44064 | 1.00 | 1.00 |        67.4 |    67.4 |    67.4 
       ij-kil-lkj |    216 |    204 | 46656 | 1.00 | 1.00 |        82.4 |    82.4 |    82.4 
       ijk-ikl-lj |  44064 |    204 |   216 | 1.00 | 1.00 |       209.3 |   209.3 |   209.3 
       ijk-il-jlk |    216 |  44064 |   204 | 1.00 | 1.00 |       126.2 |   126.2 |   126.2 
       ijk-ilk-jl |  44064 |    216 |   204 | 1.00 | 1.00 |       272.1 |   272.1 |   272.1 
       ijk-ilk-lj |  44064 |    204 |   216 | 1.00 | 1.00 |       286.2 |   286.2 |   286.2 
     ijk-ilmk-mjl |   3744 |     52 |  3744 | 1.00 | 1.00 |        88.8 |    88.8 |    88.8 
   ijkl-imjn-lnkm |   3744 |   3744 |  2704 | 1.00 | 0.92 |       419.9 |   419.9 |   419.9 
   ijkl-imjn-nlmk |   3744 |   2704 |  3744 | 1.00 | 0.92 |       437.9 |   437.9 |   437.9 
   ijkl-imkn-jnlm |   3744 |   3744 |  2704 | 1.00 | 1.00 |       472.2 |   472.2 |   472.2 
   ijkl-imkn-njml |   3744 |   2704 |  3744 | 1.00 | 0.92 |       507.8 |   507.8 |   507.8 
   ijkl-imln-jnkm |   3744 |   3744 |  2704 | 1.00 | 1.00 |       518.8 |   518.8 |   518.8 
   ijkl-imln-njmk |   3744 |   2704 |  3744 | 1.00 | 0.92 |       355.8 |   355.8 |   355.8 
   ijkl-imnj-nlkm |   3744 |   2704 |  3744 | 1.00 | 0.92 |       407.4 |   407.4 |   407.4 
   ijkl-imnk-njml |   3744 |   2704 |  3744 | 1.00 | 0.92 |       435.0 |   435.0 |   435.0 
   ijkl-minj-nlmk |   3744 |   2704 |  5184 | 1.00 | 0.92 |       447.8 |   447.8 |   447.8 
   ijkl-mink-jnlm |   3744 |   3744 |  3744 | 1.00 | 1.00 |       442.7 |   442.7 |   442.7 
   ijkl-minl-njmk |   3744 |   2704 |  5184 | 1.00 | 0.92 |       461.5 |   461.5 |   461.5 
     aqrs-pa-pqrs |     72 | 140608 |    72 | 1.00 | 1.00 |        61.5 |    61.5 |    61.5 
     abrs-qb-aqrs |     52 | 194688 |    72 | 1.00 | 1.00 |       137.0 |   137.0 |   137.0 
     abcs-rc-abrs |     52 | 194688 |    72 | 1.00 | 1.00 |        89.4 |    89.4 |    89.4 
       abj-bka-kj |  46656 |    204 |   216 | 1.00 | 1.00 |       175.3 |   175.3 |   175.3 
       ajb-kba-jk |  44064 |    216 |   216 | 1.00 | 1.00 |       250.9 |   250.9 |   250.9 
     abjc-cbka-kj | 269568 |     52 |    72 | 1.00 | 1.00 |        42.2 |    42.2 |    42.2 
     ajbc-ckba-jk | 269568 |     72 |    52 | 1.00 | 1.00 |        57.5 |    57.5 |    57.5 
     abjc-kbac-jk | 194688 |     72 |    72 | 1.00 | 1.00 |       155.0 |   155.0 |   155.0 
   abjcd-dkbac-jk | 331776 |     24 |    24 | 1.00 | 1.00 |        20.9 |    20.9 |    20.9 
   adbjc-cbdka-kj | 331776 |     24 |    24 | 1.00 | 1.00 |        18.0 |    18.0 |    18.0 
   ajbdc-ckbad-jk | 331776 |     24 |    24 | 1.00 | 1.00 |        18.7 |    18.7 |    18.7 
 abcijk-ijma-mkbc |   9216 |   4096 |    24 | 1.00 | 0.99 |       116.1 |   116.1 |   116.1 
 abcijk-ijmb-mkac |   6144 |   6144 |    24 | 1.00 | 0.75 |        90.4 |    90.4 |    90.4 
 abcijk-ijmc-mkab |   6144 |   6144 |    24 | 1.00 | 0.75 |        75.9 |    75.9 |    75.9 
 abcijk-ikma-mjbc |   9216 |   4096 |    24 | 1.00 | 0.99 |       105.4 |   105.4 |   105.4 
 abcijk-ikmb-mjac |   6144 |   6144 |    24 | 1.00 | 0.75 |        82.2 |    82.2 |    82.2 
 abcijk-ikmc-mjab |   6144 |   6144 |    24 | 1.00 | 0.75 |        67.5 |    67.5 |    67.5 
 abcijk-jkma-mibc |   9216 |   4096 |    24 | 1.00 | 0.99 |        95.7 |    95.7 |    95.7 
 abcijk-jkmb-miac |   6144 |   6144 |    24 | 1.00 | 0.75 |       103.2 |   103.2 |   103.2 
 abcijk-jkmc-miab |   6144 |   6144 |    24 | 1.00 | 0.75 |        71.3 |    71.3 |    71.3 
 abcijk-eiab-jkec |   6144 |   6144 |    24 | 1.00 | 0.75 |        66.7 |    66.7 |    66.7 
 abcijk-eiac-jkeb |   6144 |   6144 |    24 | 1.00 | 0.75 |       103.4 |   103.4 |   103.4 
 abcijk-eibc-jkea |   4096 |   9216 |    24 | 1.00 | 0.99 |        97.6 |    97.6 |    97.6 
 abcijk-ejab-ikec |   6144 |   6144 |    24 | 1.00 | 0.75 |        79.7 |    79.7 |    79.7 
 abcijk-ejac-ikeb |   6144 |   6144 |    24 | 1.00 | 0.75 |        85.1 |    85.1 |    85.1 
 abcijk-ejbc-ikea |   4096 |   9216 |    24 | 1.00 | 0.99 |       115.4 |   115.4 |   115.4 
 abcijk-ekab-ijec |   6144 |   6144 |    24 | 1.00 | 0.75 |        91.1 |    91.1 |    91.1 
 abcijk-ekac-ijeb |   6144 |   6144 |    24 | 1.00 | 0.75 |       124.6 |   124.6 |   124.6 
 abcijk-ekbc-ijea |   4096 |   9216 |    24 | 1.00 | 0.99 |       119.7 |   119.7 |   119.7 
       abc-bk-akc |    216 |  44064 |   204 | 1.00 | 1.00 |       271.5 |   271.5 |   271.5 

=== c64 ===
             case |      m |      n |     k | regA | regB | planar GF/s | 1m GF/s | 3m GF/s 
------------------+--------+--------+-------+------+------+-------------+---------+---------
         ij-ik-kj |   2904 |   2896 |  2904 | 1.00 | 1.00 |       527.5 |   565.2 |   474.2 
       ij-ikl-ljk |    216 |    204 | 44064 | 1.00 | 1.00 |       129.7 |   130.5 |   103.1 
       ij-kil-lkj |    216 |    204 | 46656 | 1.00 | 1.00 |       133.9 |   128.9 |   110.6 
       ijk-ikl-lj |  44064 |    204 |   216 | 1.00 | 1.00 |       411.9 |   468.2 |   499.6 
       ijk-il-jlk |    216 |  44064 |   204 | 1.00 | 0.98 |       193.4 |   187.9 |   144.0 
       ijk-ilk-jl |  44064 |    216 |   204 | 1.00 | 1.00 |       487.5 |   510.5 |   424.5 
       ijk-ilk-lj |  44064 |    204 |   216 | 1.00 | 1.00 |       496.7 |   451.5 |   426.5 
     ijk-ilmk-mjl |   3744 |     52 |  3744 | 1.00 | 1.00 |       198.3 |   167.0 |   167.9 
   ijkl-imjn-lnkm |   3744 |   3744 |  2704 | 1.00 | 0.92 |       668.7 |   581.7 |   498.3 
   ijkl-imjn-nlmk |   3744 |   2704 |  3744 | 1.00 | 0.92 |       691.3 |   603.3 |   524.8 
   ijkl-imkn-jnlm |   3744 |   3744 |  2704 | 1.00 | 0.95 |       718.9 |   691.3 |   638.3 
   ijkl-imkn-njml |   3744 |   2704 |  3744 | 1.00 | 0.92 |       674.6 |   628.5 |   674.9 
   ijkl-imln-jnkm |   3744 |   3744 |  2704 | 1.00 | 0.95 |       725.9 |   653.0 |   624.8 
   ijkl-imln-njmk |   3744 |   2704 |  3744 | 1.00 | 0.92 |       647.4 |   593.3 |   486.3 
   ijkl-imnj-nlkm |   3744 |   2704 |  3744 | 1.00 | 0.92 |       607.4 |   594.1 |   510.1 
   ijkl-imnk-njml |   3744 |   2704 |  3744 | 1.00 | 0.92 |       676.3 |   651.0 |   552.9 
   ijkl-minj-nlmk |   3744 |   2704 |  5184 | 1.00 | 0.92 |       654.4 |   629.4 |   643.7 
   ijkl-mink-jnlm |   3744 |   3744 |  3744 | 1.00 | 0.95 |       704.7 |   658.8 |   636.9 
   ijkl-minl-njmk |   3744 |   2704 |  5184 | 1.00 | 0.92 |       681.1 |   659.4 |   733.7 
     aqrs-pa-pqrs |     72 | 140608 |    72 | 1.00 | 1.00 |        99.5 |   103.4 |    77.2 
     abrs-qb-aqrs |     52 | 194688 |    72 | 1.00 | 1.00 |       197.3 |   226.5 |   180.2 
     abcs-rc-abrs |     52 | 194688 |    72 | 1.00 | 1.00 |       199.3 |   181.9 |   190.5 
       abj-bka-kj |  46656 |    204 |   216 | 1.00 | 1.00 |       308.2 |   295.6 |   335.8 
       ajb-kba-jk |  44064 |    216 |   216 | 1.00 | 1.00 |       373.0 |   408.6 |   378.8 
     abjc-cbka-kj | 269568 |     52 |    72 | 1.00 | 1.00 |       138.5 |   126.4 |   130.5 
     ajbc-ckba-jk | 269568 |     72 |    52 | 1.00 | 1.00 |       154.6 |   152.9 |   154.9 
     abjc-kbac-jk | 194688 |     72 |    72 | 1.00 | 1.00 |       286.9 |   281.1 |   298.8 
   abjcd-dkbac-jk | 331776 |     24 |    24 | 1.00 | 1.00 |        57.5 |    57.1 |    54.8 
   adbjc-cbdka-kj | 331776 |     24 |    24 | 1.00 | 1.00 |        52.2 |    51.4 |    51.6 
   ajbdc-ckbad-jk | 331776 |     24 |    24 | 1.00 | 1.00 |        54.6 |    54.0 |    56.2 
 abcijk-ijma-mkbc |   9216 |   4096 |    24 | 1.00 | 0.99 |       170.2 |   179.2 |   169.1 
 abcijk-ijmb-mkac |   6144 |   6144 |    24 | 1.00 | 0.75 |       172.4 |   164.0 |   148.8 
 abcijk-ijmc-mkab |   6144 |   6144 |    24 | 1.00 | 0.75 |       118.9 |   128.6 |   111.0 
 abcijk-ikma-mjbc |   9216 |   4096 |    24 | 1.00 | 0.99 |       170.4 |   166.4 |   167.1 
 abcijk-ikmb-mjac |   6144 |   6144 |    24 | 1.00 | 0.75 |       171.1 |   164.5 |   152.0 
 abcijk-ikmc-mjab |   6144 |   6144 |    24 | 1.00 | 0.75 |       116.6 |   128.1 |   112.4 
 abcijk-jkma-mibc |   9216 |   4096 |    24 | 1.00 | 0.99 |       161.4 |   176.1 |   163.6 
 abcijk-jkmb-miac |   6144 |   6144 |    24 | 1.00 | 0.75 |       166.2 |   152.8 |   160.4 
 abcijk-jkmc-miab |   6144 |   6144 |    24 | 1.00 | 0.75 |       113.1 |   109.4 |   114.0 
 abcijk-eiab-jkec |   6144 |   6144 |    24 | 1.00 | 0.75 |       120.2 |   103.3 |   109.4 
 abcijk-eiac-jkeb |   6144 |   6144 |    24 | 1.00 | 0.75 |       170.6 |   157.8 |   147.0 
 abcijk-eibc-jkea |   4096 |   9216 |    24 | 1.00 | 0.99 |       170.5 |   176.3 |   173.6 
 abcijk-ejab-ikec |   6144 |   6144 |    24 | 1.00 | 0.75 |       116.1 |   130.9 |   106.9 
 abcijk-ejac-ikeb |   6144 |   6144 |    24 | 1.00 | 0.75 |       161.9 |   162.7 |   150.8 
 abcijk-ejbc-ikea |   4096 |   9216 |    24 | 1.00 | 0.99 |       179.0 |   187.6 |   153.5 
 abcijk-ekab-ijec |   6144 |   6144 |    24 | 1.00 | 0.75 |       113.7 |   126.8 |   110.5 
 abcijk-ekac-ijeb |   6144 |   6144 |    24 | 1.00 | 0.75 |       176.7 |   162.6 |   157.3 
 abcijk-ekbc-ijea |   4096 |   9216 |    24 | 1.00 | 0.99 |       160.1 |   168.3 |   173.4 
       abc-bk-akc |    216 |  44064 |   204 | 1.00 | 1.00 |       504.2 |   632.3 |   430.1 

=== complex efficiency ratio (c64 GF/s over f64 GF/s; 1.0 = no penalty) ===
             case | planar c64/f64 | 1m c64/f64 | 3m c64/f64 
------------------+----------------+------------+------------
         ij-ik-kj |          1.604 |      1.719 |      1.442 
       ij-ikl-ljk |          1.925 |      1.936 |      1.530 
       ij-kil-lkj |          1.626 |      1.565 |      1.343 
       ijk-ikl-lj |          1.968 |      2.237 |      2.386 
       ijk-il-jlk |          1.532 |      1.488 |      1.141 
       ijk-ilk-jl |          1.792 |      1.876 |      1.560 
       ijk-ilk-lj |          1.735 |      1.577 |      1.490 
     ijk-ilmk-mjl |          2.232 |      1.879 |      1.890 
   ijkl-imjn-lnkm |          1.593 |      1.385 |      1.187 
   ijkl-imjn-nlmk |          1.579 |      1.378 |      1.198 
   ijkl-imkn-jnlm |          1.523 |      1.464 |      1.352 
   ijkl-imkn-njml |          1.329 |      1.238 |      1.329 
   ijkl-imln-jnkm |          1.399 |      1.259 |      1.204 
   ijkl-imln-njmk |          1.819 |      1.667 |      1.367 
   ijkl-imnj-nlkm |          1.491 |      1.458 |      1.252 
   ijkl-imnk-njml |          1.555 |      1.497 |      1.271 
   ijkl-minj-nlmk |          1.461 |      1.405 |      1.437 
   ijkl-mink-jnlm |          1.592 |      1.488 |      1.439 
   ijkl-minl-njmk |          1.476 |      1.429 |      1.590 
     aqrs-pa-pqrs |          1.618 |      1.681 |      1.255 
     abrs-qb-aqrs |          1.440 |      1.654 |      1.316 
     abcs-rc-abrs |          2.230 |      2.036 |      2.132 
       abj-bka-kj |          1.758 |      1.686 |      1.915 
       ajb-kba-jk |          1.486 |      1.628 |      1.509 
     abjc-cbka-kj |          3.281 |      2.993 |      3.091 
     ajbc-ckba-jk |          2.689 |      2.660 |      2.695 
     abjc-kbac-jk |          1.851 |      1.813 |      1.927 
   abjcd-dkbac-jk |          2.748 |      2.733 |      2.622 
   adbjc-cbdka-kj |          2.905 |      2.861 |      2.868 
   ajbdc-ckbad-jk |          2.916 |      2.883 |      3.002 
 abcijk-ijma-mkbc |          1.466 |      1.543 |      1.456 
 abcijk-ijmb-mkac |          1.908 |      1.815 |      1.647 
 abcijk-ijmc-mkab |          1.567 |      1.695 |      1.463 
 abcijk-ikma-mjbc |          1.616 |      1.578 |      1.585 
 abcijk-ikmb-mjac |          2.082 |      2.002 |      1.850 
 abcijk-ikmc-mjab |          1.727 |      1.897 |      1.664 
 abcijk-jkma-mibc |          1.687 |      1.841 |      1.711 
 abcijk-jkmb-miac |          1.611 |      1.481 |      1.554 
 abcijk-jkmc-miab |          1.588 |      1.536 |      1.600 
 abcijk-eiab-jkec |          1.800 |      1.548 |      1.639 
 abcijk-eiac-jkeb |          1.649 |      1.526 |      1.421 
 abcijk-eibc-jkea |          1.748 |      1.807 |      1.779 
 abcijk-ejab-ikec |          1.457 |      1.643 |      1.341 
 abcijk-ejac-ikeb |          1.903 |      1.912 |      1.772 
 abcijk-ejbc-ikea |          1.552 |      1.625 |      1.330 
 abcijk-ekab-ijec |          1.248 |      1.393 |      1.214 
 abcijk-ekac-ijeb |          1.418 |      1.305 |      1.262 
 abcijk-ekbc-ijea |          1.338 |      1.406 |      1.450 
       abc-bk-akc |          1.857 |      2.329 |      1.584 
             MEAN |          1.783 |      1.764 |      1.654 

wrote bench-results/worker5139-zen2/phase4f/th-t64-pm-f64c64.csv
