host        : worker5139
target      : x86_64 / linux
cpu features: avx2 fma 
caches      : L1=32KiB/8-way/1sh L2=512KiB/8-way/1sh L3=16384KiB/16-way/4sh (via sysfs), blocking=legacy
l3 domains  : t1=1 t4=1 t8=2 t16=4 t32=8 t64=16
baselines   : tblis=false blas=false

sweeping 49 cases at 64 MiB nominal tensor size, 3 reps, stress=none


=== f32 ===
             case |      m |      n |     k | regA | regB | planar GF/s | 1m GF/s | 3m GF/s 
------------------+--------+--------+-------+------+------+-------------+---------+---------
         ij-ik-kj |   2904 |   2896 |  2904 | 1.00 | 1.00 |       628.0 |   628.0 |   628.0 
       ij-ikl-ljk |    216 |    204 | 44064 | 1.00 | 1.00 |       195.6 |   195.6 |   195.6 
       ij-kil-lkj |    216 |    204 | 46656 | 1.00 | 1.00 |       206.0 |   206.0 |   206.0 
       ijk-ikl-lj |  44064 |    204 |   216 | 1.00 | 1.00 |       465.4 |   465.4 |   465.4 
       ijk-il-jlk |    216 |  44064 |   204 | 1.00 | 1.00 |       649.4 |   649.4 |   649.4 
       ijk-ilk-jl |  44064 |    216 |   204 | 0.96 | 1.00 |       419.7 |   419.7 |   419.7 
       ijk-ilk-lj |  44064 |    204 |   216 | 0.96 | 1.00 |       432.1 |   432.1 |   432.1 
     ijk-ilmk-mjl |   3744 |     52 |  3744 | 0.89 | 1.00 |       169.1 |   169.1 |   169.1 
   ijkl-imjn-lnkm |   3744 |   3744 |  2704 | 0.89 | 0.92 |       703.0 |   703.0 |   703.0 
   ijkl-imjn-nlmk |   3744 |   2704 |  3744 | 0.89 | 0.92 |       583.5 |   583.5 |   583.5 
   ijkl-imkn-jnlm |   3744 |   3744 |  2704 | 0.89 | 1.00 |       780.1 |   780.1 |   780.1 
   ijkl-imkn-njml |   3744 |   2704 |  3744 | 0.89 | 0.92 |       733.7 |   733.7 |   733.7 
   ijkl-imln-jnkm |   3744 |   3744 |  2704 | 0.89 | 1.00 |       644.8 |   644.8 |   644.8 
   ijkl-imln-njmk |   3744 |   2704 |  3744 | 0.89 | 0.92 |       648.8 |   648.8 |   648.8 
   ijkl-imnj-nlkm |   3744 |   2704 |  3744 | 0.89 | 0.92 |       591.7 |   591.7 |   591.7 
   ijkl-imnk-njml |   3744 |   2704 |  3744 | 0.89 | 0.92 |       657.0 |   657.0 |   657.0 
   ijkl-minj-nlmk |   3744 |   2704 |  5184 | 0.89 | 0.92 |       672.5 |   672.5 |   672.5 
   ijkl-mink-jnlm |   3744 |   3744 |  3744 | 0.89 | 1.00 |       765.3 |   765.3 |   765.3 
   ijkl-minl-njmk |   3744 |   2704 |  5184 | 0.89 | 0.92 |       729.4 |   729.4 |   729.4 
     aqrs-pa-pqrs |     72 | 140608 |    72 | 1.00 | 1.00 |       255.5 |   255.5 |   255.5 
     abrs-qb-aqrs |     52 | 194688 |    72 | 0.89 | 1.00 |       212.9 |   212.9 |   212.9 
     abcs-rc-abrs |     52 | 194688 |    72 | 1.00 | 1.00 |       203.5 |   203.5 |   203.5 
       abj-bka-kj |  46656 |    204 |   216 | 0.96 | 1.00 |       333.9 |   333.9 |   333.9 
       ajb-kba-jk |  44064 |    216 |   216 | 0.96 | 1.00 |       485.3 |   485.3 |   485.3 
     abjc-cbka-kj | 269568 |     52 |    72 | 0.89 | 1.00 |        50.0 |    50.0 |    50.0 
     ajbc-ckba-jk | 269568 |     72 |    52 | 0.89 | 1.00 |        72.7 |    72.7 |    72.7 
     abjc-kbac-jk | 194688 |     72 |    72 | 0.89 | 1.00 |       281.5 |   281.5 |   281.5 
   abjcd-dkbac-jk | 331776 |     24 |    24 | 0.67 | 1.00 |        24.5 |    24.5 |    24.5 
   adbjc-cbdka-kj | 331776 |     24 |    24 | 0.67 | 1.00 |        27.0 |    27.0 |    27.0 
   ajbdc-ckbad-jk | 331776 |     24 |    24 | 1.00 | 1.00 |        26.9 |    26.9 |    26.9 
 abcijk-ijma-mkbc |   9216 |   4096 |    24 | 1.00 | 1.00 |       169.8 |   169.8 |   169.8 
 abcijk-ijmb-mkac |   6144 |   6144 |    24 | 1.00 | 1.00 |       199.5 |   199.5 |   199.5 
 abcijk-ijmc-mkab |   6144 |   6144 |    24 | 1.00 | 0.75 |       271.0 |   271.0 |   271.0 
 abcijk-ikma-mjbc |   9216 |   4096 |    24 | 1.00 | 1.00 |       175.4 |   175.4 |   175.4 
 abcijk-ikmb-mjac |   6144 |   6144 |    24 | 1.00 | 1.00 |       203.5 |   203.5 |   203.5 
 abcijk-ikmc-mjab |   6144 |   6144 |    24 | 1.00 | 0.75 |       197.6 |   197.6 |   197.6 
 abcijk-jkma-mibc |   9216 |   4096 |    24 | 1.00 | 1.00 |       170.0 |   170.0 |   170.0 
 abcijk-jkmb-miac |   6144 |   6144 |    24 | 1.00 | 1.00 |       191.5 |   191.5 |   191.5 
 abcijk-jkmc-miab |   6144 |   6144 |    24 | 1.00 | 0.75 |       222.4 |   222.4 |   222.4 
 abcijk-eiab-jkec |   6144 |   6144 |    24 | 1.00 | 0.75 |       210.3 |   210.3 |   210.3 
 abcijk-eiac-jkeb |   6144 |   6144 |    24 | 1.00 | 1.00 |       190.0 |   190.0 |   190.0 
 abcijk-eibc-jkea |   4096 |   9216 |    24 | 1.00 | 1.00 |       175.0 |   175.0 |   175.0 
 abcijk-ejab-ikec |   6144 |   6144 |    24 | 1.00 | 0.75 |       199.3 |   199.3 |   199.3 
 abcijk-ejac-ikeb |   6144 |   6144 |    24 | 1.00 | 1.00 |       195.6 |   195.6 |   195.6 
 abcijk-ejbc-ikea |   4096 |   9216 |    24 | 1.00 | 1.00 |       179.1 |   179.1 |   179.1 
 abcijk-ekab-ijec |   6144 |   6144 |    24 | 1.00 | 0.75 |       265.1 |   265.1 |   265.1 
 abcijk-ekac-ijeb |   6144 |   6144 |    24 | 1.00 | 1.00 |       187.7 |   187.7 |   187.7 
 abcijk-ekbc-ijea |   4096 |   9216 |    24 | 1.00 | 1.00 |       173.8 |   173.8 |   173.8 
       abc-bk-akc |    216 |  44064 |   204 | 0.96 | 1.00 |       414.5 |   414.5 |   414.5 

=== c32 ===
             case |      m |      n |     k | regA | regB | planar GF/s | 1m GF/s | 3m GF/s 
------------------+--------+--------+-------+------+------+-------------+---------+---------
         ij-ik-kj |   2904 |   2896 |  2904 | 1.00 | 1.00 |      1205.0 |   986.3 |   895.5 
       ij-ikl-ljk |    216 |    204 | 44064 | 1.00 | 1.00 |       311.3 |   312.4 |   320.8 
       ij-kil-lkj |    216 |    204 | 46656 | 1.00 | 1.00 |       446.5 |   402.2 |   339.0 
       ijk-ikl-lj |  44064 |    204 |   216 | 1.00 | 1.00 |       779.2 |   708.8 |   723.2 
       ijk-il-jlk |    216 |  44064 |   204 | 1.00 | 0.98 |      1410.5 |  1258.2 |  1086.2 
       ijk-ilk-jl |  44064 |    216 |   204 | 1.00 | 1.00 |       847.6 |   715.8 |   721.6 
       ijk-ilk-lj |  44064 |    204 |   216 | 1.00 | 1.00 |       820.8 |   767.4 |   665.1 
     ijk-ilmk-mjl |   3744 |     52 |  3744 | 1.00 | 1.00 |       339.7 |   348.8 |   340.5 
   ijkl-imjn-lnkm |   3744 |   3744 |  2704 | 1.00 | 0.92 |      1354.9 |  1290.2 |  1142.0 
   ijkl-imjn-nlmk |   3744 |   2704 |  3744 | 1.00 | 0.92 |      1207.2 |  1180.0 |  1106.2 
   ijkl-imkn-jnlm |   3744 |   3744 |  2704 | 1.00 | 0.95 |      1210.8 |  1250.2 |  1082.6 
   ijkl-imkn-njml |   3744 |   2704 |  3744 | 1.00 | 0.92 |      1221.7 |  1015.2 |  1123.4 
   ijkl-imln-jnkm |   3744 |   3744 |  2704 | 1.00 | 0.95 |      1166.5 |  1147.1 |  1173.8 
   ijkl-imln-njmk |   3744 |   2704 |  3744 | 1.00 | 0.92 |      1061.1 |  1198.4 |  1088.8 
   ijkl-imnj-nlkm |   3744 |   2704 |  3744 | 1.00 | 0.92 |      1093.1 |  1294.2 |  1130.8 
   ijkl-imnk-njml |   3744 |   2704 |  3744 | 1.00 | 0.92 |      1220.5 |  1117.0 |   959.7 
   ijkl-minj-nlmk |   3744 |   2704 |  5184 | 1.00 | 0.92 |      1426.2 |  1201.5 |  1094.3 
   ijkl-mink-jnlm |   3744 |   3744 |  3744 | 1.00 | 0.95 |      1410.0 |  1303.7 |  1110.9 
   ijkl-minl-njmk |   3744 |   2704 |  5184 | 1.00 | 0.92 |      1400.3 |  1018.9 |  1114.3 
     aqrs-pa-pqrs |     72 | 140608 |    72 | 1.00 | 1.00 |       534.4 |   440.1 |   449.0 
     abrs-qb-aqrs |     52 | 194688 |    72 | 1.00 | 1.00 |       424.9 |   425.4 |   365.0 
     abcs-rc-abrs |     52 | 194688 |    72 | 1.00 | 1.00 |       371.6 |   342.4 |   379.6 
       abj-bka-kj |  46656 |    204 |   216 | 1.00 | 1.00 |       598.0 |   575.3 |   549.7 
       ajb-kba-jk |  44064 |    216 |   216 | 1.00 | 1.00 |       794.2 |   851.6 |   849.6 
     abjc-cbka-kj | 269568 |     52 |    72 | 1.00 | 1.00 |       150.7 |   148.6 |   147.6 
     ajbc-ckba-jk | 269568 |     72 |    52 | 1.00 | 1.00 |       190.7 |   188.1 |   193.9 
     abjc-kbac-jk | 194688 |     72 |    72 | 1.00 | 1.00 |       563.4 |   487.5 |   578.0 
   abjcd-dkbac-jk | 331776 |     24 |    24 | 1.00 | 1.00 |        77.1 |    78.2 |    75.0 
   adbjc-cbdka-kj | 331776 |     24 |    24 | 1.00 | 1.00 |        69.8 |    68.2 |    70.2 
   ajbdc-ckbad-jk | 331776 |     24 |    24 | 1.00 | 1.00 |        73.5 |    73.3 |    73.8 
 abcijk-ijma-mkbc |   9216 |   4096 |    24 | 1.00 | 0.99 |       355.1 |   354.1 |   341.6 
 abcijk-ijmb-mkac |   6144 |   6144 |    24 | 1.00 | 0.75 |       379.3 |   358.9 |   343.8 
 abcijk-ijmc-mkab |   6144 |   6144 |    24 | 1.00 | 0.75 |       402.7 |   379.7 |   394.4 
 abcijk-ikma-mjbc |   9216 |   4096 |    24 | 1.00 | 0.99 |       349.9 |   351.5 |   345.8 
 abcijk-ikmb-mjac |   6144 |   6144 |    24 | 1.00 | 0.75 |       364.8 |   366.4 |   340.8 
 abcijk-ikmc-mjab |   6144 |   6144 |    24 | 1.00 | 0.75 |       382.5 |   382.3 |   394.1 
 abcijk-jkma-mibc |   9216 |   4096 |    24 | 1.00 | 0.99 |       359.3 |   350.7 |   335.8 
 abcijk-jkmb-miac |   6144 |   6144 |    24 | 1.00 | 0.75 |       363.4 |   359.1 |   340.1 
 abcijk-jkmc-miab |   6144 |   6144 |    24 | 1.00 | 0.75 |       403.3 |   386.5 |   376.1 
 abcijk-eiab-jkec |   6144 |   6144 |    24 | 1.00 | 0.75 |       396.9 |   392.8 |   391.7 
 abcijk-eiac-jkeb |   6144 |   6144 |    24 | 1.00 | 0.75 |       378.8 |   359.6 |   337.8 
 abcijk-eibc-jkea |   4096 |   9216 |    24 | 1.00 | 0.99 |       347.3 |   355.8 |   338.5 
 abcijk-ejab-ikec |   6144 |   6144 |    24 | 1.00 | 0.75 |       381.7 |   378.1 |   387.1 
 abcijk-ejac-ikeb |   6144 |   6144 |    24 | 1.00 | 0.75 |       366.9 |   363.7 |   336.0 
 abcijk-ejbc-ikea |   4096 |   9216 |    24 | 1.00 | 0.99 |       358.0 |   361.1 |   340.2 
 abcijk-ekab-ijec |   6144 |   6144 |    24 | 1.00 | 0.75 |       401.6 |   387.5 |   393.4 
 abcijk-ekac-ijeb |   6144 |   6144 |    24 | 1.00 | 0.75 |       366.8 |   359.5 |   335.3 
 abcijk-ekbc-ijea |   4096 |   9216 |    24 | 1.00 | 0.99 |       364.7 |   351.3 |   343.1 
       abc-bk-akc |    216 |  44064 |   204 | 1.00 | 1.00 |       737.8 |   763.6 |   798.7 

=== complex efficiency ratio (c32 GF/s over f32 GF/s; 1.0 = no penalty) ===
             case | planar c32/f32 | 1m c32/f32 | 3m c32/f32 
------------------+----------------+------------+------------
         ij-ik-kj |          1.919 |      1.571 |      1.426 
       ij-ikl-ljk |          1.591 |      1.597 |      1.640 
       ij-kil-lkj |          2.168 |      1.953 |      1.646 
       ijk-ikl-lj |          1.674 |      1.523 |      1.554 
       ijk-il-jlk |          2.172 |      1.938 |      1.673 
       ijk-ilk-jl |          2.020 |      1.706 |      1.719 
       ijk-ilk-lj |          1.900 |      1.776 |      1.539 
     ijk-ilmk-mjl |          2.009 |      2.063 |      2.014 
   ijkl-imjn-lnkm |          1.927 |      1.835 |      1.625 
   ijkl-imjn-nlmk |          2.069 |      2.022 |      1.896 
   ijkl-imkn-jnlm |          1.552 |      1.603 |      1.388 
   ijkl-imkn-njml |          1.665 |      1.384 |      1.531 
   ijkl-imln-jnkm |          1.809 |      1.779 |      1.821 
   ijkl-imln-njmk |          1.635 |      1.847 |      1.678 
   ijkl-imnj-nlkm |          1.848 |      2.187 |      1.911 
   ijkl-imnk-njml |          1.858 |      1.700 |      1.461 
   ijkl-minj-nlmk |          2.121 |      1.787 |      1.627 
   ijkl-mink-jnlm |          1.842 |      1.703 |      1.452 
   ijkl-minl-njmk |          1.920 |      1.397 |      1.528 
     aqrs-pa-pqrs |          2.092 |      1.723 |      1.757 
     abrs-qb-aqrs |          1.996 |      1.998 |      1.714 
     abcs-rc-abrs |          1.826 |      1.682 |      1.865 
       abj-bka-kj |          1.791 |      1.723 |      1.647 
       ajb-kba-jk |          1.637 |      1.755 |      1.751 
     abjc-cbka-kj |          3.014 |      2.973 |      2.953 
     ajbc-ckba-jk |          2.625 |      2.589 |      2.669 
     abjc-kbac-jk |          2.001 |      1.732 |      2.053 
   abjcd-dkbac-jk |          3.142 |      3.188 |      3.056 
   adbjc-cbdka-kj |          2.583 |      2.524 |      2.598 
   ajbdc-ckbad-jk |          2.737 |      2.729 |      2.748 
 abcijk-ijma-mkbc |          2.091 |      2.085 |      2.012 
 abcijk-ijmb-mkac |          1.901 |      1.799 |      1.723 
 abcijk-ijmc-mkab |          1.486 |      1.401 |      1.455 
 abcijk-ikma-mjbc |          1.995 |      2.004 |      1.971 
 abcijk-ikmb-mjac |          1.793 |      1.801 |      1.675 
 abcijk-ikmc-mjab |          1.936 |      1.935 |      1.995 
 abcijk-jkma-mibc |          2.114 |      2.063 |      1.975 
 abcijk-jkmb-miac |          1.898 |      1.875 |      1.776 
 abcijk-jkmc-miab |          1.814 |      1.738 |      1.691 
 abcijk-eiab-jkec |          1.887 |      1.868 |      1.863 
 abcijk-eiac-jkeb |          1.993 |      1.892 |      1.777 
 abcijk-eibc-jkea |          1.985 |      2.034 |      1.935 
 abcijk-ejab-ikec |          1.916 |      1.897 |      1.943 
 abcijk-ejac-ikeb |          1.876 |      1.859 |      1.718 
 abcijk-ejbc-ikea |          1.999 |      2.017 |      1.899 
 abcijk-ekab-ijec |          1.515 |      1.462 |      1.484 
 abcijk-ekac-ijeb |          1.954 |      1.916 |      1.786 
 abcijk-ekbc-ijea |          2.099 |      2.022 |      1.974 
       abc-bk-akc |          1.780 |      1.842 |      1.927 
             MEAN |          1.983 |      1.908 |      1.847 

wrote bench-results/worker5139-zen2/phase4f/th-t32-f32c32.csv
