host        : ccqlin038.flatironinstitute.org
target      : x86_64 / linux
cpu features: avx2 fma avx512f avx512dq 
baselines   : tblis=false blas=false

sweeping 49 cases at 64 MiB nominal tensor size, 3 reps, stress=none


=== f64 ===
             case |      m |      n |     k | regA | regB | planar GF/s | 1m GF/s | 3m GF/s 
------------------+--------+--------+-------+------+------+-------------+---------+---------
         ij-ik-kj |   2904 |   2896 |  2904 | 1.00 | 1.00 |        72.0 |    72.0 |    72.0 
       ij-ikl-ljk |    216 |    204 | 44064 | 1.00 | 1.00 |        35.5 |    35.5 |    35.5 
       ij-kil-lkj |    216 |    204 | 46656 | 1.00 | 1.00 |        38.5 |    38.5 |    38.5 
       ijk-ikl-lj |  44064 |    204 |   216 | 1.00 | 1.00 |        58.3 |    58.3 |    58.3 
       ijk-il-jlk |    216 |  44064 |   204 | 1.00 | 1.00 |        45.5 |    45.5 |    45.5 
       ijk-ilk-jl |  44064 |    216 |   204 | 1.00 | 1.00 |        60.5 |    60.5 |    60.5 
       ijk-ilk-lj |  44064 |    204 |   216 | 1.00 | 1.00 |        61.0 |    61.0 |    61.0 
     ijk-ilmk-mjl |   3744 |     52 |  3744 | 1.00 | 1.00 |        41.5 |    41.5 |    41.5 
   ijkl-imjn-lnkm |   3744 |   3744 |  2704 | 1.00 | 0.92 |        70.7 |    70.7 |    70.7 
   ijkl-imjn-nlmk |   3744 |   2704 |  3744 | 1.00 | 0.92 |        70.9 |    70.9 |    70.9 
   ijkl-imkn-jnlm |   3744 |   3744 |  2704 | 1.00 | 1.00 |        71.2 |    71.2 |    71.2 
   ijkl-imkn-njml |   3744 |   2704 |  3744 | 1.00 | 0.92 |        70.9 |    70.9 |    70.9 
   ijkl-imln-jnkm |   3744 |   3744 |  2704 | 1.00 | 1.00 |        70.9 |    70.9 |    70.9 
   ijkl-imln-njmk |   3744 |   2704 |  3744 | 1.00 | 0.92 |        71.2 |    71.2 |    71.2 
   ijkl-imnj-nlkm |   3744 |   2704 |  3744 | 1.00 | 0.92 |        71.1 |    71.1 |    71.1 
   ijkl-imnk-njml |   3744 |   2704 |  3744 | 1.00 | 0.92 |        71.0 |    71.0 |    71.0 
   ijkl-minj-nlmk |   3744 |   2704 |  5184 | 1.00 | 0.92 |        69.2 |    69.2 |    69.2 
   ijkl-mink-jnlm |   3744 |   3744 |  3744 | 1.00 | 1.00 |        70.9 |    70.9 |    70.9 
   ijkl-minl-njmk |   3744 |   2704 |  5184 | 1.00 | 0.92 |        69.6 |    69.6 |    69.6 
     aqrs-pa-pqrs |     72 | 140608 |    72 | 1.00 | 1.00 |        33.1 |    33.1 |    33.1 
     abrs-qb-aqrs |     52 | 194688 |    72 | 1.00 | 1.00 |        35.1 |    35.1 |    35.1 
     abcs-rc-abrs |     52 | 194688 |    72 | 1.00 | 1.00 |        28.6 |    28.6 |    28.6 
       abj-bka-kj |  46656 |    204 |   216 | 1.00 | 1.00 |        41.0 |    41.0 |    41.0 
       ajb-kba-jk |  44064 |    216 |   216 | 1.00 | 1.00 |        61.2 |    61.2 |    61.2 
     abjc-cbka-kj | 269568 |     52 |    72 | 1.00 | 1.00 |         8.4 |     8.4 |     8.4 
     ajbc-ckba-jk | 269568 |     72 |    52 | 1.00 | 1.00 |        16.0 |    16.0 |    16.0 
     abjc-kbac-jk | 194688 |     72 |    72 | 1.00 | 1.00 |        33.4 |    33.4 |    33.4 
   abjcd-dkbac-jk | 331776 |     24 |    24 | 1.00 | 1.00 |         2.6 |     2.6 |     2.6 
   adbjc-cbdka-kj | 331776 |     24 |    24 | 1.00 | 1.00 |         1.5 |     1.5 |     1.5 
   ajbdc-ckbad-jk | 331776 |     24 |    24 | 1.00 | 1.00 |         2.6 |     2.6 |     2.6 
 abcijk-ijma-mkbc |   9216 |   4096 |    24 | 1.00 | 1.00 |        34.8 |    34.8 |    34.8 
 abcijk-ijmb-mkac |   6144 |   6144 |    24 | 1.00 | 1.00 |        31.6 |    31.6 |    31.6 
 abcijk-ijmc-mkab |   6144 |   6144 |    24 | 1.00 | 1.00 |        27.6 |    27.6 |    27.6 
 abcijk-ikma-mjbc |   9216 |   4096 |    24 | 1.00 | 1.00 |        34.9 |    34.9 |    34.9 
 abcijk-ikmb-mjac |   6144 |   6144 |    24 | 1.00 | 1.00 |        31.7 |    31.7 |    31.7 
 abcijk-ikmc-mjab |   6144 |   6144 |    24 | 1.00 | 1.00 |        27.0 |    27.0 |    27.0 
 abcijk-jkma-mibc |   9216 |   4096 |    24 | 1.00 | 1.00 |        33.6 |    33.6 |    33.6 
 abcijk-jkmb-miac |   6144 |   6144 |    24 | 1.00 | 1.00 |        32.2 |    32.2 |    32.2 
 abcijk-jkmc-miab |   6144 |   6144 |    24 | 1.00 | 1.00 |        28.2 |    28.2 |    28.2 
 abcijk-eiab-jkec |   6144 |   6144 |    24 | 1.00 | 1.00 |        28.5 |    28.5 |    28.5 
 abcijk-eiac-jkeb |   6144 |   6144 |    24 | 1.00 | 1.00 |        32.1 |    32.1 |    32.1 
 abcijk-eibc-jkea |   4096 |   9216 |    24 | 1.00 | 1.00 |        33.5 |    33.5 |    33.5 
 abcijk-ejab-ikec |   6144 |   6144 |    24 | 1.00 | 1.00 |        27.5 |    27.5 |    27.5 
 abcijk-ejac-ikeb |   6144 |   6144 |    24 | 1.00 | 1.00 |        31.9 |    31.9 |    31.9 
 abcijk-ejbc-ikea |   4096 |   9216 |    24 | 1.00 | 1.00 |        35.4 |    35.4 |    35.4 
 abcijk-ekab-ijec |   6144 |   6144 |    24 | 1.00 | 1.00 |        27.8 |    27.8 |    27.8 
 abcijk-ekac-ijeb |   6144 |   6144 |    24 | 1.00 | 1.00 |        31.3 |    31.3 |    31.3 
 abcijk-ekbc-ijea |   4096 |   9216 |    24 | 1.00 | 1.00 |        34.8 |    34.8 |    34.8 
       abc-bk-akc |    216 |  44064 |   204 | 1.00 | 1.00 |        62.4 |    62.4 |    62.4 

=== c64 ===
             case |      m |      n |     k | regA | regB | planar GF/s | 1m GF/s | 3m GF/s 
------------------+--------+--------+-------+------+------+-------------+---------+---------
         ij-ik-kj |   2904 |   2896 |  2904 | 1.00 | 1.00 |        82.4 |    75.8 |    71.6 
       ij-ikl-ljk |    216 |    204 | 44064 | 1.00 | 1.00 |        52.1 |    48.2 |    45.2 
       ij-kil-lkj |    216 |    204 | 46656 | 1.00 | 1.00 |        57.5 |    53.3 |    50.4 
       ijk-ikl-lj |  44064 |    204 |   216 | 1.00 | 1.00 |        76.8 |    67.2 |    66.8 
       ijk-il-jlk |    216 |  44064 |   204 | 1.00 | 1.00 |        70.2 |    67.6 |    66.2 
       ijk-ilk-jl |  44064 |    216 |   204 | 1.00 | 1.00 |        77.5 |    67.9 |    67.0 
       ijk-ilk-lj |  44064 |    204 |   216 | 1.00 | 1.00 |        78.0 |    66.3 |    66.3 
     ijk-ilmk-mjl |   3744 |     52 |  3744 | 1.00 | 1.00 |        58.4 |    48.4 |    45.9 
   ijkl-imjn-lnkm |   3744 |   3744 |  2704 | 0.89 | 0.92 |        82.8 |    77.0 |    72.3 
   ijkl-imjn-nlmk |   3744 |   2704 |  3744 | 0.89 | 0.92 |        83.1 |    76.8 |    72.6 
   ijkl-imkn-jnlm |   3744 |   3744 |  2704 | 1.00 | 1.00 |        82.3 |    76.9 |    71.2 
   ijkl-imkn-njml |   3744 |   2704 |  3744 | 1.00 | 0.96 |        82.2 |    76.3 |    70.8 
   ijkl-imln-jnkm |   3744 |   3744 |  2704 | 1.00 | 1.00 |        82.0 |    76.7 |    71.5 
   ijkl-imln-njmk |   3744 |   2704 |  3744 | 1.00 | 0.96 |        82.2 |    76.4 |    71.1 
   ijkl-imnj-nlkm |   3744 |   2704 |  3744 | 0.89 | 0.92 |        83.1 |    76.7 |    72.7 
   ijkl-imnk-njml |   3744 |   2704 |  3744 | 1.00 | 0.96 |        82.4 |    76.7 |    71.0 
   ijkl-minj-nlmk |   3744 |   2704 |  5184 | 0.89 | 0.92 |        82.3 |    75.2 |    71.9 
   ijkl-mink-jnlm |   3744 |   3744 |  3744 | 1.00 | 1.00 |        81.7 |    76.2 |    71.5 
   ijkl-minl-njmk |   3744 |   2704 |  5184 | 1.00 | 0.96 |        81.5 |    75.4 |    71.0 
     aqrs-pa-pqrs |     72 | 140608 |    72 | 1.00 | 1.00 |        46.9 |    48.3 |    46.1 
     abrs-qb-aqrs |     52 | 194688 |    72 | 1.00 | 1.00 |        51.2 |    44.1 |    43.9 
     abcs-rc-abrs |     52 | 194688 |    72 | 1.00 | 1.00 |        43.3 |    36.7 |    36.7 
       abj-bka-kj |  46656 |    204 |   216 | 0.96 | 1.00 |        61.5 |    53.8 |    54.8 
       ajb-kba-jk |  44064 |    216 |   216 | 1.00 | 1.00 |        79.9 |    77.1 |    74.8 
     abjc-cbka-kj | 269568 |     52 |    72 | 0.89 | 1.00 |        13.7 |    11.6 |    15.0 
     ajbc-ckba-jk | 269568 |     72 |    52 | 1.00 | 1.00 |        23.5 |    22.7 |    25.4 
     abjc-kbac-jk | 194688 |     72 |    72 | 0.89 | 1.00 |        55.9 |    49.3 |    49.2 
   abjcd-dkbac-jk | 331776 |     24 |    24 | 0.67 | 1.00 |         6.9 |     6.0 |     7.5 
   adbjc-cbdka-kj | 331776 |     24 |    24 | 0.67 | 1.00 |         4.0 |     3.4 |     3.4 
   ajbdc-ckbad-jk | 331776 |     24 |    24 | 1.00 | 1.00 |         6.0 |     6.0 |     7.6 
 abcijk-ijma-mkbc |   9216 |   4096 |    24 | 1.00 | 0.99 |        50.8 |    42.4 |    40.0 
 abcijk-ijmb-mkac |   6144 |   6144 |    24 | 1.00 | 0.88 |        49.5 |    43.1 |    41.1 
 abcijk-ijmc-mkab |   6144 |   6144 |    24 | 1.00 | 0.75 |        48.3 |    41.6 |    41.9 
 abcijk-ikma-mjbc |   9216 |   4096 |    24 | 1.00 | 0.99 |        51.5 |    42.7 |    39.7 
 abcijk-ikmb-mjac |   6144 |   6144 |    24 | 1.00 | 0.88 |        49.2 |    43.6 |    41.1 
 abcijk-ikmc-mjab |   6144 |   6144 |    24 | 1.00 | 0.75 |        49.1 |    41.8 |    42.1 
 abcijk-jkma-mibc |   9216 |   4096 |    24 | 1.00 | 0.99 |        49.3 |    42.9 |    39.9 
 abcijk-jkmb-miac |   6144 |   6144 |    24 | 1.00 | 0.88 |        49.9 |    43.6 |    40.8 
 abcijk-jkmc-miab |   6144 |   6144 |    24 | 1.00 | 0.75 |        49.0 |    42.0 |    42.0 
 abcijk-eiab-jkec |   6144 |   6144 |    24 | 1.00 | 0.75 |        47.5 |    41.8 |    41.6 
 abcijk-eiac-jkeb |   6144 |   6144 |    24 | 1.00 | 0.88 |        49.7 |    43.8 |    40.8 
 abcijk-eibc-jkea |   4096 |   9216 |    24 | 1.00 | 0.99 |        49.5 |    42.4 |    40.1 
 abcijk-ejab-ikec |   6144 |   6144 |    24 | 1.00 | 0.75 |        47.8 |    42.0 |    41.8 
 abcijk-ejac-ikeb |   6144 |   6144 |    24 | 1.00 | 0.88 |        49.4 |    43.7 |    41.1 
 abcijk-ejbc-ikea |   4096 |   9216 |    24 | 1.00 | 0.99 |        50.2 |    42.9 |    40.0 
 abcijk-ekab-ijec |   6144 |   6144 |    24 | 1.00 | 0.75 |        49.6 |    42.1 |    41.9 
 abcijk-ekac-ijeb |   6144 |   6144 |    24 | 1.00 | 0.88 |        49.7 |    43.8 |    41.1 
 abcijk-ekbc-ijea |   4096 |   9216 |    24 | 1.00 | 0.99 |        50.8 |    42.4 |    40.3 
       abc-bk-akc |    216 |  44064 |   204 | 1.00 | 1.00 |        78.5 |    68.6 |    67.5 

=== complex efficiency ratio (c64 GF/s over f64 GF/s; 1.0 = no penalty) ===
             case | planar c64/f64 | 1m c64/f64 | 3m c64/f64 
------------------+----------------+------------+------------
         ij-ik-kj |          1.144 |      1.052 |      0.994 
       ij-ikl-ljk |          1.469 |      1.360 |      1.276 
       ij-kil-lkj |          1.492 |      1.385 |      1.309 
       ijk-ikl-lj |          1.317 |      1.153 |      1.147 
       ijk-il-jlk |          1.544 |      1.485 |      1.456 
       ijk-ilk-jl |          1.279 |      1.121 |      1.107 
       ijk-ilk-lj |          1.278 |      1.087 |      1.086 
     ijk-ilmk-mjl |          1.408 |      1.165 |      1.106 
   ijkl-imjn-lnkm |          1.171 |      1.089 |      1.022 
   ijkl-imjn-nlmk |          1.172 |      1.083 |      1.024 
   ijkl-imkn-jnlm |          1.156 |      1.081 |      1.000 
   ijkl-imkn-njml |          1.159 |      1.076 |      0.999 
   ijkl-imln-jnkm |          1.157 |      1.083 |      1.009 
   ijkl-imln-njmk |          1.156 |      1.074 |      0.999 
   ijkl-imnj-nlkm |          1.169 |      1.078 |      1.022 
   ijkl-imnk-njml |          1.161 |      1.080 |      1.000 
   ijkl-minj-nlmk |          1.190 |      1.086 |      1.039 
   ijkl-mink-jnlm |          1.154 |      1.076 |      1.009 
   ijkl-minl-njmk |          1.172 |      1.084 |      1.020 
     aqrs-pa-pqrs |          1.416 |      1.458 |      1.392 
     abrs-qb-aqrs |          1.457 |      1.255 |      1.250 
     abcs-rc-abrs |          1.514 |      1.285 |      1.284 
       abj-bka-kj |          1.499 |      1.311 |      1.336 
       ajb-kba-jk |          1.305 |      1.259 |      1.221 
     abjc-cbka-kj |          1.643 |      1.389 |      1.794 
     ajbc-ckba-jk |          1.475 |      1.424 |      1.593 
     abjc-kbac-jk |          1.672 |      1.474 |      1.474 
   abjcd-dkbac-jk |          2.692 |      2.361 |      2.924 
   adbjc-cbdka-kj |          2.628 |      2.240 |      2.254 
   ajbdc-ckbad-jk |          2.280 |      2.285 |      2.880 
 abcijk-ijma-mkbc |          1.462 |      1.219 |      1.151 
 abcijk-ijmb-mkac |          1.567 |      1.365 |      1.300 
 abcijk-ijmc-mkab |          1.748 |      1.505 |      1.516 
 abcijk-ikma-mjbc |          1.472 |      1.222 |      1.135 
 abcijk-ikmb-mjac |          1.555 |      1.378 |      1.299 
 abcijk-ikmc-mjab |          1.818 |      1.546 |      1.556 
 abcijk-jkma-mibc |          1.466 |      1.277 |      1.186 
 abcijk-jkmb-miac |          1.548 |      1.353 |      1.267 
 abcijk-jkmc-miab |          1.737 |      1.489 |      1.487 
 abcijk-eiab-jkec |          1.666 |      1.466 |      1.458 
 abcijk-eiac-jkeb |          1.549 |      1.364 |      1.269 
 abcijk-eibc-jkea |          1.478 |      1.266 |      1.199 
 abcijk-ejab-ikec |          1.736 |      1.524 |      1.517 
 abcijk-ejac-ikeb |          1.549 |      1.372 |      1.290 
 abcijk-ejbc-ikea |          1.417 |      1.211 |      1.130 
 abcijk-ekab-ijec |          1.782 |      1.512 |      1.504 
 abcijk-ekac-ijeb |          1.586 |      1.398 |      1.310 
 abcijk-ekbc-ijea |          1.458 |      1.216 |      1.156 
       abc-bk-akc |          1.258 |      1.099 |      1.082 
             MEAN |          1.494 |      1.331 |      1.323 

wrote bench-results/phase4c/rb-auto-f64c64.csv
