host        : ccqlin038.flatironinstitute.org
target      : x86_64 / linux
cpu features: avx2 fma avx512f avx512dq 
baselines   : tblis=false blas=false

sweeping 49 cases at 64 MiB nominal tensor size, 3 reps, stress=none


=== f64 ===
             case |      m |      n |     k | regA | regB | planar GF/s | 1m GF/s | 3m GF/s 
------------------+--------+--------+-------+------+------+-------------+---------+---------
         ij-ik-kj |   2904 |   2896 |  2904 | 1.00 | 1.00 |        45.2 |    45.2 |    45.2 
       ij-ikl-ljk |    216 |    204 | 44064 | 1.00 | 1.00 |        23.7 |    23.7 |    23.7 
       ij-kil-lkj |    216 |    204 | 46656 | 1.00 | 1.00 |        27.2 |    27.2 |    27.2 
       ijk-ikl-lj |  44064 |    204 |   216 | 1.00 | 1.00 |        37.1 |    37.1 |    37.1 
       ijk-il-jlk |    216 |  44064 |   204 | 1.00 | 1.00 |        37.4 |    37.4 |    37.4 
       ijk-ilk-jl |  44064 |    216 |   204 | 1.00 | 1.00 |        37.9 |    37.9 |    37.9 
       ijk-ilk-lj |  44064 |    204 |   216 | 1.00 | 1.00 |        36.0 |    36.0 |    36.0 
     ijk-ilmk-mjl |   3744 |     52 |  3744 | 1.00 | 1.00 |        27.9 |    27.9 |    27.9 
   ijkl-imjn-lnkm |   3744 |   3744 |  2704 | 1.00 | 0.92 |        45.0 |    45.0 |    45.0 
   ijkl-imjn-nlmk |   3744 |   2704 |  3744 | 1.00 | 0.92 |        45.0 |    45.0 |    45.0 
   ijkl-imkn-jnlm |   3744 |   3744 |  2704 | 1.00 | 1.00 |        44.4 |    44.4 |    44.4 
   ijkl-imkn-njml |   3744 |   2704 |  3744 | 1.00 | 0.92 |        44.7 |    44.7 |    44.7 
   ijkl-imln-jnkm |   3744 |   3744 |  2704 | 1.00 | 1.00 |        44.6 |    44.6 |    44.6 
   ijkl-imln-njmk |   3744 |   2704 |  3744 | 1.00 | 0.92 |        43.6 |    43.6 |    43.6 
   ijkl-imnj-nlkm |   3744 |   2704 |  3744 | 1.00 | 0.92 |        43.5 |    43.5 |    43.5 
   ijkl-imnk-njml |   3744 |   2704 |  3744 | 1.00 | 0.92 |        43.0 |    43.0 |    43.0 
   ijkl-minj-nlmk |   3744 |   2704 |  5184 | 1.00 | 0.92 |        42.9 |    42.9 |    42.9 
   ijkl-mink-jnlm |   3744 |   3744 |  3744 | 1.00 | 1.00 |        43.3 |    43.3 |    43.3 
   ijkl-minl-njmk |   3744 |   2704 |  5184 | 1.00 | 0.92 |        41.8 |    41.8 |    41.8 
     aqrs-pa-pqrs |     72 | 140608 |    72 | 1.00 | 1.00 |        25.8 |    25.8 |    25.8 
     abrs-qb-aqrs |     52 | 194688 |    72 | 1.00 | 1.00 |        25.2 |    25.2 |    25.2 
     abcs-rc-abrs |     52 | 194688 |    72 | 1.00 | 1.00 |        16.9 |    16.9 |    16.9 
       abj-bka-kj |  46656 |    204 |   216 | 1.00 | 1.00 |        32.4 |    32.4 |    32.4 
       ajb-kba-jk |  44064 |    216 |   216 | 1.00 | 1.00 |        47.0 |    47.0 |    47.0 
     abjc-cbka-kj | 269568 |     52 |    72 | 1.00 | 1.00 |         8.2 |     8.2 |     8.2 
     ajbc-ckba-jk | 269568 |     72 |    52 | 1.00 | 1.00 |        14.2 |    14.2 |    14.2 
     abjc-kbac-jk | 194688 |     72 |    72 | 1.00 | 1.00 |        26.4 |    26.4 |    26.4 
   abjcd-dkbac-jk | 331776 |     24 |    24 | 1.00 | 1.00 |         3.1 |     3.1 |     3.1 
   adbjc-cbdka-kj | 331776 |     24 |    24 | 1.00 | 1.00 |         1.5 |     1.5 |     1.5 
   ajbdc-ckbad-jk | 331776 |     24 |    24 | 1.00 | 1.00 |         3.1 |     3.1 |     3.1 
 abcijk-ijma-mkbc |   9216 |   4096 |    24 | 1.00 | 1.00 |        21.7 |    21.7 |    21.7 
 abcijk-ijmb-mkac |   6144 |   6144 |    24 | 1.00 | 1.00 |        20.0 |    20.0 |    20.0 
 abcijk-ijmc-mkab |   6144 |   6144 |    24 | 1.00 | 1.00 |        20.3 |    20.3 |    20.3 
 abcijk-ikma-mjbc |   9216 |   4096 |    24 | 1.00 | 1.00 |        21.5 |    21.5 |    21.5 
 abcijk-ikmb-mjac |   6144 |   6144 |    24 | 1.00 | 1.00 |        20.0 |    20.0 |    20.0 
 abcijk-ikmc-mjab |   6144 |   6144 |    24 | 1.00 | 1.00 |        20.2 |    20.2 |    20.2 
 abcijk-jkma-mibc |   9216 |   4096 |    24 | 1.00 | 1.00 |        21.4 |    21.4 |    21.4 
 abcijk-jkmb-miac |   6144 |   6144 |    24 | 1.00 | 1.00 |        20.2 |    20.2 |    20.2 
 abcijk-jkmc-miab |   6144 |   6144 |    24 | 1.00 | 1.00 |        20.3 |    20.3 |    20.3 
 abcijk-eiab-jkec |   6144 |   6144 |    24 | 1.00 | 1.00 |        20.0 |    20.0 |    20.0 
 abcijk-eiac-jkeb |   6144 |   6144 |    24 | 1.00 | 1.00 |        20.2 |    20.2 |    20.2 
 abcijk-eibc-jkea |   4096 |   9216 |    24 | 1.00 | 1.00 |        22.0 |    22.0 |    22.0 
 abcijk-ejab-ikec |   6144 |   6144 |    24 | 1.00 | 1.00 |        20.3 |    20.3 |    20.3 
 abcijk-ejac-ikeb |   6144 |   6144 |    24 | 1.00 | 1.00 |        20.3 |    20.3 |    20.3 
 abcijk-ejbc-ikea |   4096 |   9216 |    24 | 1.00 | 1.00 |        21.0 |    21.0 |    21.0 
 abcijk-ekab-ijec |   6144 |   6144 |    24 | 1.00 | 1.00 |        20.4 |    20.4 |    20.4 
 abcijk-ekac-ijeb |   6144 |   6144 |    24 | 1.00 | 1.00 |        20.2 |    20.2 |    20.2 
 abcijk-ekbc-ijea |   4096 |   9216 |    24 | 1.00 | 1.00 |        21.2 |    21.2 |    21.2 
       abc-bk-akc |    216 |  44064 |   204 | 1.00 | 1.00 |        37.1 |    37.1 |    37.1 

=== c64 ===
             case |      m |      n |     k | regA | regB | planar GF/s | 1m GF/s | 3m GF/s 
------------------+--------+--------+-------+------+------+-------------+---------+---------
         ij-ik-kj |   2904 |   2896 |  2904 | 1.00 | 1.00 |        75.3 |    66.2 |    73.1 
       ij-ikl-ljk |    216 |    204 | 44064 | 1.00 | 1.00 |        45.4 |    41.8 |    44.4 
       ij-kil-lkj |    216 |    204 | 46656 | 1.00 | 1.00 |        52.3 |    48.0 |    50.2 
       ijk-ikl-lj |  44064 |    204 |   216 | 1.00 | 1.00 |        66.9 |    58.7 |    67.2 
       ijk-il-jlk |    216 |  44064 |   204 | 1.00 | 1.00 |        66.1 |    59.6 |    64.7 
       ijk-ilk-jl |  44064 |    216 |   204 | 1.00 | 1.00 |        66.9 |    59.5 |    67.5 
       ijk-ilk-lj |  44064 |    204 |   216 | 1.00 | 1.00 |        66.3 |    58.6 |    68.2 
     ijk-ilmk-mjl |   3744 |     52 |  3744 | 1.00 | 1.00 |        49.3 |    43.5 |    47.0 
   ijkl-imjn-lnkm |   3744 |   3744 |  2704 | 1.00 | 0.92 |        74.1 |    65.6 |    72.9 
   ijkl-imjn-nlmk |   3744 |   2704 |  3744 | 1.00 | 0.92 |        74.9 |    65.6 |    73.0 
   ijkl-imkn-jnlm |   3744 |   3744 |  2704 | 1.00 | 1.00 |        72.8 |    64.7 |    73.3 
   ijkl-imkn-njml |   3744 |   2704 |  3744 | 1.00 | 0.92 |        73.8 |    65.0 |    72.6 
   ijkl-imln-jnkm |   3744 |   3744 |  2704 | 1.00 | 1.00 |        72.7 |    64.8 |    72.7 
   ijkl-imln-njmk |   3744 |   2704 |  3744 | 1.00 | 0.92 |        73.5 |    64.5 |    72.2 
   ijkl-imnj-nlkm |   3744 |   2704 |  3744 | 1.00 | 0.92 |        75.7 |    65.6 |    73.4 
   ijkl-imnk-njml |   3744 |   2704 |  3744 | 1.00 | 0.92 |        74.0 |    64.8 |    72.8 
   ijkl-minj-nlmk |   3744 |   2704 |  5184 | 1.00 | 0.92 |        74.3 |    65.1 |    74.0 
   ijkl-mink-jnlm |   3744 |   3744 |  3744 | 1.00 | 1.00 |        74.0 |    64.6 |    74.5 
   ijkl-minl-njmk |   3744 |   2704 |  5184 | 1.00 | 0.92 |        73.8 |    64.2 |    73.7 
     aqrs-pa-pqrs |     72 | 140608 |    72 | 1.00 | 1.00 |        47.5 |    45.0 |    43.7 
     abrs-qb-aqrs |     52 | 194688 |    72 | 1.00 | 1.00 |        46.5 |    43.8 |    42.8 
     abcs-rc-abrs |     52 | 194688 |    72 | 1.00 | 1.00 |        38.0 |    33.4 |    36.1 
       abj-bka-kj |  46656 |    204 |   216 | 1.00 | 1.00 |        57.3 |    49.0 |    55.5 
       ajb-kba-jk |  44064 |    216 |   216 | 1.00 | 1.00 |        75.2 |    67.3 |    74.9 
     abjc-cbka-kj | 269568 |     52 |    72 | 1.00 | 1.00 |        16.3 |    13.9 |    10.4 
     ajbc-ckba-jk | 269568 |     72 |    52 | 1.00 | 1.00 |        25.6 |    23.4 |    21.3 
     abjc-kbac-jk | 194688 |     72 |    72 | 1.00 | 1.00 |        52.1 |    46.0 |    50.4 
   abjcd-dkbac-jk | 331776 |     24 |    24 | 1.00 | 1.00 |         7.8 |     7.1 |     5.9 
   adbjc-cbdka-kj | 331776 |     24 |    24 | 1.00 | 1.00 |         3.5 |     3.4 |     3.4 
   ajbdc-ckbad-jk | 331776 |     24 |    24 | 1.00 | 1.00 |         7.8 |     7.1 |     6.1 
 abcijk-ijma-mkbc |   9216 |   4096 |    24 | 1.00 | 1.00 |        37.2 |    36.4 |    48.4 
 abcijk-ijmb-mkac |   6144 |   6144 |    24 | 1.00 | 1.00 |        36.9 |    38.1 |    47.6 
 abcijk-ijmc-mkab |   6144 |   6144 |    24 | 1.00 | 1.00 |        44.7 |    40.3 |    42.2 
 abcijk-ikma-mjbc |   9216 |   4096 |    24 | 1.00 | 1.00 |        36.3 |    36.2 |    48.5 
 abcijk-ikmb-mjac |   6144 |   6144 |    24 | 1.00 | 1.00 |        36.6 |    38.0 |    48.0 
 abcijk-ikmc-mjab |   6144 |   6144 |    24 | 1.00 | 1.00 |        45.2 |    40.5 |    41.7 
 abcijk-jkma-mibc |   9216 |   4096 |    24 | 1.00 | 1.00 |        37.2 |    36.6 |    48.6 
 abcijk-jkmb-miac |   6144 |   6144 |    24 | 1.00 | 1.00 |        36.4 |    38.2 |    47.0 
 abcijk-jkmc-miab |   6144 |   6144 |    24 | 1.00 | 1.00 |        44.8 |    39.7 |    40.5 
 abcijk-eiab-jkec |   6144 |   6144 |    24 | 1.00 | 1.00 |        45.5 |    40.1 |    42.0 
 abcijk-eiac-jkeb |   6144 |   6144 |    24 | 1.00 | 1.00 |        36.9 |    38.1 |    47.9 
 abcijk-eibc-jkea |   4096 |   9216 |    24 | 1.00 | 1.00 |        37.7 |    36.6 |    48.5 
 abcijk-ejab-ikec |   6144 |   6144 |    24 | 1.00 | 1.00 |        44.7 |    40.2 |    41.6 
 abcijk-ejac-ikeb |   6144 |   6144 |    24 | 1.00 | 1.00 |        37.1 |    37.6 |    47.8 
 abcijk-ejbc-ikea |   4096 |   9216 |    24 | 1.00 | 1.00 |        37.2 |    37.0 |    49.1 
 abcijk-ekab-ijec |   6144 |   6144 |    24 | 1.00 | 1.00 |        44.9 |    40.5 |    41.3 
 abcijk-ekac-ijeb |   6144 |   6144 |    24 | 1.00 | 1.00 |        35.2 |    37.0 |    46.2 
 abcijk-ekbc-ijea |   4096 |   9216 |    24 | 1.00 | 1.00 |        37.0 |    36.7 |    49.3 
       abc-bk-akc |    216 |  44064 |   204 | 1.00 | 1.00 |        67.9 |    58.8 |    68.4 

=== complex efficiency ratio (c64 GF/s over f64 GF/s; 1.0 = no penalty) ===
             case | planar c64/f64 | 1m c64/f64 | 3m c64/f64 
------------------+----------------+------------+------------
         ij-ik-kj |          1.666 |      1.465 |      1.618 
       ij-ikl-ljk |          1.910 |      1.761 |      1.870 
       ij-kil-lkj |          1.925 |      1.766 |      1.848 
       ijk-ikl-lj |          1.803 |      1.582 |      1.811 
       ijk-il-jlk |          1.768 |      1.594 |      1.730 
       ijk-ilk-jl |          1.767 |      1.570 |      1.782 
       ijk-ilk-lj |          1.844 |      1.629 |      1.897 
     ijk-ilmk-mjl |          1.770 |      1.561 |      1.688 
   ijkl-imjn-lnkm |          1.646 |      1.459 |      1.619 
   ijkl-imjn-nlmk |          1.662 |      1.457 |      1.620 
   ijkl-imkn-jnlm |          1.640 |      1.459 |      1.651 
   ijkl-imkn-njml |          1.650 |      1.454 |      1.624 
   ijkl-imln-jnkm |          1.631 |      1.453 |      1.630 
   ijkl-imln-njmk |          1.686 |      1.479 |      1.656 
   ijkl-imnj-nlkm |          1.741 |      1.510 |      1.689 
   ijkl-imnk-njml |          1.721 |      1.506 |      1.692 
   ijkl-minj-nlmk |          1.731 |      1.515 |      1.723 
   ijkl-mink-jnlm |          1.710 |      1.493 |      1.722 
   ijkl-minl-njmk |          1.767 |      1.536 |      1.765 
     aqrs-pa-pqrs |          1.843 |      1.742 |      1.693 
     abrs-qb-aqrs |          1.842 |      1.735 |      1.698 
     abcs-rc-abrs |          2.246 |      1.974 |      2.130 
       abj-bka-kj |          1.768 |      1.511 |      1.713 
       ajb-kba-jk |          1.598 |      1.431 |      1.593 
     abjc-cbka-kj |          1.986 |      1.684 |      1.267 
     ajbc-ckba-jk |          1.798 |      1.647 |      1.498 
     abjc-kbac-jk |          1.975 |      1.744 |      1.911 
   abjcd-dkbac-jk |          2.548 |      2.323 |      1.911 
   adbjc-cbdka-kj |          2.379 |      2.329 |      2.362 
   ajbdc-ckbad-jk |          2.522 |      2.305 |      1.962 
 abcijk-ijma-mkbc |          1.711 |      1.678 |      2.230 
 abcijk-ijmb-mkac |          1.840 |      1.901 |      2.374 
 abcijk-ijmc-mkab |          2.204 |      1.986 |      2.082 
 abcijk-ikma-mjbc |          1.689 |      1.683 |      2.256 
 abcijk-ikmb-mjac |          1.826 |      1.898 |      2.396 
 abcijk-ikmc-mjab |          2.238 |      2.006 |      2.067 
 abcijk-jkma-mibc |          1.737 |      1.711 |      2.269 
 abcijk-jkmb-miac |          1.803 |      1.892 |      2.329 
 abcijk-jkmc-miab |          2.204 |      1.953 |      1.992 
 abcijk-eiab-jkec |          2.279 |      2.010 |      2.103 
 abcijk-eiac-jkeb |          1.829 |      1.889 |      2.370 
 abcijk-eibc-jkea |          1.717 |      1.664 |      2.208 
 abcijk-ejab-ikec |          2.206 |      1.986 |      2.053 
 abcijk-ejac-ikeb |          1.830 |      1.853 |      2.359 
 abcijk-ejbc-ikea |          1.771 |      1.758 |      2.333 
 abcijk-ekab-ijec |          2.205 |      1.988 |      2.030 
 abcijk-ekac-ijeb |          1.739 |      1.830 |      2.283 
 abcijk-ekbc-ijea |          1.751 |      1.732 |      2.331 
       abc-bk-akc |          1.827 |      1.583 |      1.842 
             MEAN |          1.877 |      1.728 |      1.924 

wrote bench-results/phase4c/rb-idx2-f64c64.csv
