host        : ccqlin038.flatironinstitute.org
target      : x86_64 / linux
cpu features: avx2 fma avx512f avx512dq 
baselines   : tblis=false blas=false

sweeping 49 cases at 64 MiB nominal tensor size, 3 reps, stress=none


=== f64 ===
             case |      m |      n |     k | regA | regB | planar GF/s | 1m GF/s | 3m GF/s 
------------------+--------+--------+-------+------+------+-------------+---------+---------
         ij-ik-kj |   2904 |   2896 |  2904 | 1.00 | 1.00 |        64.0 |    64.0 |    64.0 
       ij-ikl-ljk |    216 |    204 | 44064 | 1.00 | 1.00 |        30.8 |    30.8 |    30.8 
       ij-kil-lkj |    216 |    204 | 46656 | 1.00 | 1.00 |        34.9 |    34.9 |    34.9 
       ijk-ikl-lj |  44064 |    204 |   216 | 1.00 | 1.00 |        50.2 |    50.2 |    50.2 
       ijk-il-jlk |    216 |  44064 |   204 | 1.00 | 1.00 |        43.2 |    43.2 |    43.2 
       ijk-ilk-jl |  44064 |    216 |   204 | 0.96 | 1.00 |        50.9 |    50.9 |    50.9 
       ijk-ilk-lj |  44064 |    204 |   216 | 0.96 | 1.00 |        50.0 |    50.0 |    50.0 
     ijk-ilmk-mjl |   3744 |     52 |  3744 | 0.89 | 1.00 |        36.0 |    36.0 |    36.0 
   ijkl-imjn-lnkm |   3744 |   3744 |  2704 | 0.89 | 0.92 |        63.3 |    63.3 |    63.3 
   ijkl-imjn-nlmk |   3744 |   2704 |  3744 | 0.89 | 0.92 |        61.7 |    61.7 |    61.7 
   ijkl-imkn-jnlm |   3744 |   3744 |  2704 | 0.89 | 1.00 |        59.8 |    59.8 |    59.8 
   ijkl-imkn-njml |   3744 |   2704 |  3744 | 0.89 | 0.92 |        60.2 |    60.2 |    60.2 
   ijkl-imln-jnkm |   3744 |   3744 |  2704 | 0.89 | 1.00 |        60.2 |    60.2 |    60.2 
   ijkl-imln-njmk |   3744 |   2704 |  3744 | 0.89 | 0.92 |        60.1 |    60.1 |    60.1 
   ijkl-imnj-nlkm |   3744 |   2704 |  3744 | 0.89 | 0.92 |        61.2 |    61.2 |    61.2 
   ijkl-imnk-njml |   3744 |   2704 |  3744 | 0.89 | 0.92 |        59.5 |    59.5 |    59.5 
   ijkl-minj-nlmk |   3744 |   2704 |  5184 | 0.89 | 0.92 |        61.2 |    61.2 |    61.2 
   ijkl-mink-jnlm |   3744 |   3744 |  3744 | 0.89 | 1.00 |        60.5 |    60.5 |    60.5 
   ijkl-minl-njmk |   3744 |   2704 |  5184 | 0.89 | 0.92 |        59.1 |    59.1 |    59.1 
     aqrs-pa-pqrs |     72 | 140608 |    72 | 1.00 | 1.00 |        29.5 |    29.5 |    29.5 
     abrs-qb-aqrs |     52 | 194688 |    72 | 0.89 | 1.00 |        32.5 |    32.5 |    32.5 
     abcs-rc-abrs |     52 | 194688 |    72 | 1.00 | 1.00 |        24.9 |    24.9 |    24.9 
       abj-bka-kj |  46656 |    204 |   216 | 0.96 | 1.00 |        38.2 |    38.2 |    38.2 
       ajb-kba-jk |  44064 |    216 |   216 | 0.96 | 1.00 |        56.0 |    56.0 |    56.0 
     abjc-cbka-kj | 269568 |     52 |    72 | 0.89 | 1.00 |         8.6 |     8.6 |     8.6 
     ajbc-ckba-jk | 269568 |     72 |    52 | 0.89 | 1.00 |        15.9 |    15.9 |    15.9 
     abjc-kbac-jk | 194688 |     72 |    72 | 0.89 | 1.00 |        34.6 |    34.6 |    34.6 
   abjcd-dkbac-jk | 331776 |     24 |    24 | 0.67 | 1.00 |         3.1 |     3.1 |     3.1 
   adbjc-cbdka-kj | 331776 |     24 |    24 | 0.67 | 1.00 |         1.7 |     1.7 |     1.7 
   ajbdc-ckbad-jk | 331776 |     24 |    24 | 0.67 | 1.00 |         3.1 |     3.1 |     3.1 
 abcijk-ijma-mkbc |   9216 |   4096 |    24 | 0.67 | 1.00 |        28.7 |    28.7 |    28.7 
 abcijk-ijmb-mkac |   6144 |   6144 |    24 | 1.00 | 1.00 |        25.0 |    25.0 |    25.0 
 abcijk-ijmc-mkab |   6144 |   6144 |    24 | 1.00 | 1.00 |        26.4 |    26.4 |    26.4 
 abcijk-ikma-mjbc |   9216 |   4096 |    24 | 0.67 | 1.00 |        27.9 |    27.9 |    27.9 
 abcijk-ikmb-mjac |   6144 |   6144 |    24 | 1.00 | 1.00 |        24.2 |    24.2 |    24.2 
 abcijk-ikmc-mjab |   6144 |   6144 |    24 | 1.00 | 1.00 |        26.1 |    26.1 |    26.1 
 abcijk-jkma-mibc |   9216 |   4096 |    24 | 0.67 | 1.00 |        28.3 |    28.3 |    28.3 
 abcijk-jkmb-miac |   6144 |   6144 |    24 | 1.00 | 1.00 |        25.1 |    25.1 |    25.1 
 abcijk-jkmc-miab |   6144 |   6144 |    24 | 1.00 | 1.00 |        26.7 |    26.7 |    26.7 
 abcijk-eiab-jkec |   6144 |   6144 |    24 | 1.00 | 1.00 |        26.8 |    26.8 |    26.8 
 abcijk-eiac-jkeb |   6144 |   6144 |    24 | 1.00 | 1.00 |        24.4 |    24.4 |    24.4 
 abcijk-eibc-jkea |   4096 |   9216 |    24 | 0.67 | 1.00 |        28.1 |    28.1 |    28.1 
 abcijk-ejab-ikec |   6144 |   6144 |    24 | 1.00 | 1.00 |        26.7 |    26.7 |    26.7 
 abcijk-ejac-ikeb |   6144 |   6144 |    24 | 1.00 | 1.00 |        24.8 |    24.8 |    24.8 
 abcijk-ejbc-ikea |   4096 |   9216 |    24 | 0.67 | 1.00 |        28.9 |    28.9 |    28.9 
 abcijk-ekab-ijec |   6144 |   6144 |    24 | 1.00 | 1.00 |        26.3 |    26.3 |    26.3 
 abcijk-ekac-ijeb |   6144 |   6144 |    24 | 1.00 | 1.00 |        24.8 |    24.8 |    24.8 
 abcijk-ekbc-ijea |   4096 |   9216 |    24 | 0.67 | 1.00 |        28.5 |    28.5 |    28.5 
       abc-bk-akc |    216 |  44064 |   204 | 0.96 | 1.00 |        50.5 |    50.5 |    50.5 

=== c64 ===
             case |      m |      n |     k | regA | regB | planar GF/s | 1m GF/s | 3m GF/s 
------------------+--------+--------+-------+------+------+-------------+---------+---------
         ij-ik-kj |   2904 |   2896 |  2904 | 1.00 | 1.00 |        82.7 |    77.2 |    73.3 
       ij-ikl-ljk |    216 |    204 | 44064 | 1.00 | 1.00 |        52.1 |    50.2 |    46.7 
       ij-kil-lkj |    216 |    204 | 46656 | 1.00 | 1.00 |        55.5 |    53.7 |    51.0 
       ijk-ikl-lj |  44064 |    204 |   216 | 1.00 | 1.00 |        77.5 |    72.1 |    71.4 
       ijk-il-jlk |    216 |  44064 |   204 | 1.00 | 1.00 |        67.0 |    71.7 |    64.5 
       ijk-ilk-jl |  44064 |    216 |   204 | 1.00 | 1.00 |        78.7 |    73.5 |    71.7 
       ijk-ilk-lj |  44064 |    204 |   216 | 1.00 | 1.00 |        79.5 |    72.9 |    70.0 
     ijk-ilmk-mjl |   3744 |     52 |  3744 | 1.00 | 1.00 |        58.6 |    49.0 |    48.3 
   ijkl-imjn-lnkm |   3744 |   3744 |  2704 | 1.00 | 0.96 |        82.4 |    77.5 |    73.6 
   ijkl-imjn-nlmk |   3744 |   2704 |  3744 | 1.00 | 0.96 |        82.3 |    77.8 |    74.3 
   ijkl-imkn-jnlm |   3744 |   3744 |  2704 | 1.00 | 1.00 |        82.7 |    76.9 |    73.2 
   ijkl-imkn-njml |   3744 |   2704 |  3744 | 1.00 | 0.96 |        82.5 |    76.4 |    73.3 
   ijkl-imln-jnkm |   3744 |   3744 |  2704 | 1.00 | 1.00 |        82.8 |    76.7 |    73.5 
   ijkl-imln-njmk |   3744 |   2704 |  3744 | 1.00 | 0.96 |        82.2 |    75.5 |    73.1 
   ijkl-imnj-nlkm |   3744 |   2704 |  3744 | 1.00 | 0.96 |        81.9 |    78.0 |    74.1 
   ijkl-imnk-njml |   3744 |   2704 |  3744 | 1.00 | 0.96 |        82.6 |    76.3 |    73.0 
   ijkl-minj-nlmk |   3744 |   2704 |  5184 | 1.00 | 0.96 |        81.0 |    78.2 |    74.3 
   ijkl-mink-jnlm |   3744 |   3744 |  3744 | 1.00 | 1.00 |        82.2 |    77.4 |    74.4 
   ijkl-minl-njmk |   3744 |   2704 |  5184 | 1.00 | 0.96 |        81.4 |    77.0 |    74.1 
     aqrs-pa-pqrs |     72 | 140608 |    72 | 1.00 | 1.00 |        50.8 |    45.2 |    41.2 
     abrs-qb-aqrs |     52 | 194688 |    72 | 1.00 | 1.00 |        52.7 |    44.9 |    46.3 
     abcs-rc-abrs |     52 | 194688 |    72 | 1.00 | 1.00 |        45.4 |    39.6 |    40.2 
       abj-bka-kj |  46656 |    204 |   216 | 1.00 | 1.00 |        59.1 |    55.0 |    55.1 
       ajb-kba-jk |  44064 |    216 |   216 | 1.00 | 1.00 |        80.7 |    80.1 |    78.4 
     abjc-cbka-kj | 269568 |     52 |    72 | 1.00 | 1.00 |        11.8 |    11.5 |    11.9 
     ajbc-ckba-jk | 269568 |     72 |    52 | 1.00 | 1.00 |        24.1 |    23.0 |    24.1 
     abjc-kbac-jk | 194688 |     72 |    72 | 1.00 | 1.00 |        56.4 |    51.4 |    52.9 
   abjcd-dkbac-jk | 331776 |     24 |    24 | 1.00 | 1.00 |         6.0 |     6.3 |     6.8 
   adbjc-cbdka-kj | 331776 |     24 |    24 | 1.00 | 1.00 |         3.5 |     4.0 |     4.0 
   ajbdc-ckbad-jk | 331776 |     24 |    24 | 1.00 | 1.00 |         6.1 |     6.5 |     6.9 
 abcijk-ijma-mkbc |   9216 |   4096 |    24 | 1.00 | 0.99 |        52.1 |    42.6 |    48.1 
 abcijk-ijmb-mkac |   6144 |   6144 |    24 | 1.00 | 0.88 |        49.3 |    45.0 |    46.5 
 abcijk-ijmc-mkab |   6144 |   6144 |    24 | 1.00 | 0.88 |        45.7 |    42.2 |    41.4 
 abcijk-ikma-mjbc |   9216 |   4096 |    24 | 1.00 | 0.99 |        51.6 |    41.9 |    48.5 
 abcijk-ikmb-mjac |   6144 |   6144 |    24 | 1.00 | 0.88 |        49.4 |    46.0 |    47.3 
 abcijk-ikmc-mjab |   6144 |   6144 |    24 | 1.00 | 0.88 |        46.0 |    42.3 |    41.5 
 abcijk-jkma-mibc |   9216 |   4096 |    24 | 1.00 | 0.99 |        51.5 |    41.4 |    48.3 
 abcijk-jkmb-miac |   6144 |   6144 |    24 | 1.00 | 0.88 |        49.0 |    45.0 |    46.7 
 abcijk-jkmc-miab |   6144 |   6144 |    24 | 1.00 | 0.88 |        45.6 |    42.8 |    41.3 
 abcijk-eiab-jkec |   6144 |   6144 |    24 | 1.00 | 0.88 |        45.6 |    42.8 |    40.6 
 abcijk-eiac-jkeb |   6144 |   6144 |    24 | 1.00 | 0.88 |        49.0 |    45.1 |    46.4 
 abcijk-eibc-jkea |   4096 |   9216 |    24 | 1.00 | 0.99 |        50.7 |    41.6 |    48.3 
 abcijk-ejab-ikec |   6144 |   6144 |    24 | 1.00 | 0.88 |        45.9 |    42.7 |    41.3 
 abcijk-ejac-ikeb |   6144 |   6144 |    24 | 1.00 | 0.88 |        48.7 |    45.7 |    45.9 
 abcijk-ejbc-ikea |   4096 |   9216 |    24 | 1.00 | 0.99 |        51.4 |    41.9 |    48.4 
 abcijk-ekab-ijec |   6144 |   6144 |    24 | 1.00 | 0.88 |        45.9 |    42.6 |    40.8 
 abcijk-ekac-ijeb |   6144 |   6144 |    24 | 1.00 | 0.88 |        49.0 |    45.3 |    46.7 
 abcijk-ekbc-ijea |   4096 |   9216 |    24 | 1.00 | 0.99 |        50.5 |    41.8 |    48.3 
       abc-bk-akc |    216 |  44064 |   204 | 1.00 | 1.00 |        78.4 |    71.4 |    70.8 

=== complex efficiency ratio (c64 GF/s over f64 GF/s; 1.0 = no penalty) ===
             case | planar c64/f64 | 1m c64/f64 | 3m c64/f64 
------------------+----------------+------------+------------
         ij-ik-kj |          1.292 |      1.205 |      1.145 
       ij-ikl-ljk |          1.692 |      1.629 |      1.516 
       ij-kil-lkj |          1.593 |      1.540 |      1.462 
       ijk-ikl-lj |          1.543 |      1.435 |      1.420 
       ijk-il-jlk |          1.551 |      1.662 |      1.494 
       ijk-ilk-jl |          1.546 |      1.443 |      1.409 
       ijk-ilk-lj |          1.591 |      1.458 |      1.401 
     ijk-ilmk-mjl |          1.627 |      1.361 |      1.342 
   ijkl-imjn-lnkm |          1.301 |      1.224 |      1.163 
   ijkl-imjn-nlmk |          1.334 |      1.261 |      1.203 
   ijkl-imkn-jnlm |          1.385 |      1.286 |      1.225 
   ijkl-imkn-njml |          1.371 |      1.269 |      1.218 
   ijkl-imln-jnkm |          1.376 |      1.275 |      1.221 
   ijkl-imln-njmk |          1.367 |      1.255 |      1.216 
   ijkl-imnj-nlkm |          1.338 |      1.273 |      1.210 
   ijkl-imnk-njml |          1.388 |      1.283 |      1.226 
   ijkl-minj-nlmk |          1.324 |      1.278 |      1.215 
   ijkl-mink-jnlm |          1.359 |      1.279 |      1.230 
   ijkl-minl-njmk |          1.377 |      1.303 |      1.254 
     aqrs-pa-pqrs |          1.724 |      1.534 |      1.397 
     abrs-qb-aqrs |          1.621 |      1.383 |      1.426 
     abcs-rc-abrs |          1.827 |      1.592 |      1.615 
       abj-bka-kj |          1.547 |      1.438 |      1.442 
       ajb-kba-jk |          1.441 |      1.430 |      1.400 
     abjc-cbka-kj |          1.372 |      1.338 |      1.388 
     ajbc-ckba-jk |          1.517 |      1.445 |      1.518 
     abjc-kbac-jk |          1.631 |      1.486 |      1.531 
   abjcd-dkbac-jk |          1.950 |      2.043 |      2.193 
   adbjc-cbdka-kj |          2.089 |      2.398 |      2.414 
   ajbdc-ckbad-jk |          1.955 |      2.092 |      2.198 
 abcijk-ijma-mkbc |          1.814 |      1.483 |      1.674 
 abcijk-ijmb-mkac |          1.974 |      1.804 |      1.862 
 abcijk-ijmc-mkab |          1.731 |      1.600 |      1.571 
 abcijk-ikma-mjbc |          1.852 |      1.505 |      1.740 
 abcijk-ikmb-mjac |          2.043 |      1.901 |      1.955 
 abcijk-ikmc-mjab |          1.758 |      1.619 |      1.586 
 abcijk-jkma-mibc |          1.819 |      1.463 |      1.706 
 abcijk-jkmb-miac |          1.957 |      1.796 |      1.863 
 abcijk-jkmc-miab |          1.709 |      1.602 |      1.545 
 abcijk-eiab-jkec |          1.701 |      1.598 |      1.517 
 abcijk-eiac-jkeb |          2.006 |      1.850 |      1.901 
 abcijk-eibc-jkea |          1.808 |      1.483 |      1.721 
 abcijk-ejab-ikec |          1.720 |      1.601 |      1.547 
 abcijk-ejac-ikeb |          1.965 |      1.844 |      1.852 
 abcijk-ejbc-ikea |          1.781 |      1.452 |      1.677 
 abcijk-ekab-ijec |          1.745 |      1.620 |      1.549 
 abcijk-ekac-ijeb |          1.972 |      1.824 |      1.880 
 abcijk-ekbc-ijea |          1.775 |      1.469 |      1.698 
       abc-bk-akc |          1.554 |      1.415 |      1.402 
             MEAN |          1.647 |      1.527 |      1.538 

wrote bench-results/phase4c/rb-idx1-f64c64.csv
