host        : ccqlin038.flatironinstitute.org
target      : x86_64 / linux
cpu features: avx2 fma avx512f avx512dq 
baselines   : tblis=false blas=false

sweeping 49 cases at 64 MiB nominal tensor size, 3 reps, stress=none


=== f32 ===
             case |      m |      n |     k | regA | regB | planar GF/s | 1m GF/s | 3m GF/s 
------------------+--------+--------+-------+------+------+-------------+---------+---------
         ij-ik-kj |   2904 |   2896 |  2904 | 1.00 | 1.00 |       117.8 |   117.8 |   117.8 
       ij-ikl-ljk |    216 |    204 | 44064 | 1.00 | 1.00 |        53.2 |    53.2 |    53.2 
       ij-kil-lkj |    216 |    204 | 46656 | 1.00 | 1.00 |        56.8 |    56.8 |    56.8 
       ijk-ikl-lj |  44064 |    204 |   216 | 1.00 | 1.00 |        89.6 |    89.6 |    89.6 
       ijk-il-jlk |    216 |  44064 |   204 | 1.00 | 0.96 |        97.9 |    97.9 |    97.9 
       ijk-ilk-jl |  44064 |    216 |   204 | 0.96 | 1.00 |       105.8 |   105.8 |   105.8 
       ijk-ilk-lj |  44064 |    204 |   216 | 0.96 | 1.00 |       106.0 |   106.0 |   106.0 
     ijk-ilmk-mjl |   3744 |     52 |  3744 | 0.89 | 1.00 |        66.5 |    66.5 |    66.5 
   ijkl-imjn-lnkm |   3744 |   3744 |  2704 | 0.89 | 0.85 |       115.1 |   115.1 |   115.1 
   ijkl-imjn-nlmk |   3744 |   2704 |  3744 | 0.89 | 0.85 |       119.4 |   119.4 |   119.4 
   ijkl-imkn-jnlm |   3744 |   3744 |  2704 | 0.89 | 0.89 |       116.9 |   116.9 |   116.9 
   ijkl-imkn-njml |   3744 |   2704 |  3744 | 0.89 | 0.85 |       117.0 |   117.0 |   117.0 
   ijkl-imln-jnkm |   3744 |   3744 |  2704 | 0.89 | 0.89 |       117.9 |   117.9 |   117.9 
   ijkl-imln-njmk |   3744 |   2704 |  3744 | 0.89 | 0.85 |       117.8 |   117.8 |   117.8 
   ijkl-imnj-nlkm |   3744 |   2704 |  3744 | 0.89 | 0.85 |       118.8 |   118.8 |   118.8 
   ijkl-imnk-njml |   3744 |   2704 |  3744 | 0.89 | 0.85 |       117.5 |   117.5 |   117.5 
   ijkl-minj-nlmk |   3744 |   2704 |  5184 | 0.89 | 0.85 |       115.3 |   115.3 |   115.3 
   ijkl-mink-jnlm |   3744 |   3744 |  3744 | 0.89 | 0.89 |       118.9 |   118.9 |   118.9 
   ijkl-minl-njmk |   3744 |   2704 |  5184 | 0.89 | 0.85 |       115.2 |   115.2 |   115.2 
     aqrs-pa-pqrs |     72 | 140608 |    72 | 1.00 | 1.00 |        52.1 |    52.1 |    52.1 
     abrs-qb-aqrs |     52 | 194688 |    72 | 0.89 | 1.00 |        55.4 |    55.4 |    55.4 
     abcs-rc-abrs |     52 | 194688 |    72 | 1.00 | 1.00 |        36.5 |    36.5 |    36.5 
       abj-bka-kj |  46656 |    204 |   216 | 0.96 | 1.00 |        63.3 |    63.3 |    63.3 
       ajb-kba-jk |  44064 |    216 |   216 | 0.96 | 1.00 |       108.6 |   108.6 |   108.6 
     abjc-cbka-kj | 269568 |     52 |    72 | 0.89 | 1.00 |        14.3 |    14.3 |    14.3 
     ajbc-ckba-jk | 269568 |     72 |    52 | 0.89 | 1.00 |        20.4 |    20.4 |    20.4 
     abjc-kbac-jk | 194688 |     72 |    72 | 0.89 | 1.00 |        54.1 |    54.1 |    54.1 
   abjcd-dkbac-jk | 331776 |     24 |    24 | 0.67 | 1.00 |         7.7 |     7.7 |     7.7 
   adbjc-cbdka-kj | 331776 |     24 |    24 | 0.67 | 1.00 |         5.0 |     5.0 |     5.0 
   ajbdc-ckbad-jk | 331776 |     24 |    24 | 0.67 | 1.00 |         7.8 |     7.8 |     7.8 
 abcijk-ijma-mkbc |   9216 |   4096 |    24 | 0.67 | 0.97 |        49.0 |    49.0 |    49.0 
 abcijk-ijmb-mkac |   6144 |   6144 |    24 | 1.00 | 0.50 |        40.8 |    40.8 |    40.8 
 abcijk-ijmc-mkab |   6144 |   6144 |    24 | 1.00 | 0.50 |        43.3 |    43.3 |    43.3 
 abcijk-ikma-mjbc |   9216 |   4096 |    24 | 0.67 | 0.97 |        49.5 |    49.5 |    49.5 
 abcijk-ikmb-mjac |   6144 |   6144 |    24 | 1.00 | 0.50 |        40.6 |    40.6 |    40.6 
 abcijk-ikmc-mjab |   6144 |   6144 |    24 | 1.00 | 0.50 |        43.1 |    43.1 |    43.1 
 abcijk-jkma-mibc |   9216 |   4096 |    24 | 0.67 | 0.97 |        49.6 |    49.6 |    49.6 
 abcijk-jkmb-miac |   6144 |   6144 |    24 | 1.00 | 0.50 |        39.5 |    39.5 |    39.5 
 abcijk-jkmc-miab |   6144 |   6144 |    24 | 1.00 | 0.50 |        42.9 |    42.9 |    42.9 
 abcijk-eiab-jkec |   6144 |   6144 |    24 | 1.00 | 0.50 |        42.9 |    42.9 |    42.9 
 abcijk-eiac-jkeb |   6144 |   6144 |    24 | 1.00 | 0.50 |        40.7 |    40.7 |    40.7 
 abcijk-eibc-jkea |   4096 |   9216 |    24 | 0.67 | 0.97 |        50.0 |    50.0 |    50.0 
 abcijk-ejab-ikec |   6144 |   6144 |    24 | 1.00 | 0.50 |        42.4 |    42.4 |    42.4 
 abcijk-ejac-ikeb |   6144 |   6144 |    24 | 1.00 | 0.50 |        40.7 |    40.7 |    40.7 
 abcijk-ejbc-ikea |   4096 |   9216 |    24 | 0.67 | 0.97 |        50.3 |    50.3 |    50.3 
 abcijk-ekab-ijec |   6144 |   6144 |    24 | 1.00 | 0.50 |        43.3 |    43.3 |    43.3 
 abcijk-ekac-ijeb |   6144 |   6144 |    24 | 1.00 | 0.50 |        40.6 |    40.6 |    40.6 
 abcijk-ekbc-ijea |   4096 |   9216 |    24 | 0.67 | 0.97 |        50.0 |    50.0 |    50.0 
       abc-bk-akc |    216 |  44064 |   204 | 0.96 | 1.00 |       107.4 |   107.4 |   107.4 

=== c32 ===
             case |      m |      n |     k | regA | regB | planar GF/s | 1m GF/s | 3m GF/s 
------------------+--------+--------+-------+------+------+-------------+---------+---------
         ij-ik-kj |   2904 |   2896 |  2904 | 1.00 | 1.00 |       163.7 |   146.2 |   143.2 
       ij-ikl-ljk |    216 |    204 | 44064 | 1.00 | 1.00 |        95.4 |    87.2 |    78.6 
       ij-kil-lkj |    216 |    204 | 46656 | 1.00 | 1.00 |       104.5 |    90.7 |    89.2 
       ijk-ikl-lj |  44064 |    204 |   216 | 1.00 | 1.00 |       143.0 |   119.3 |   125.1 
       ijk-il-jlk |    216 |  44064 |   204 | 1.00 | 1.00 |       139.6 |   110.5 |   122.3 
       ijk-ilk-jl |  44064 |    216 |   204 | 0.96 | 1.00 |       146.9 |   125.1 |   141.6 
       ijk-ilk-lj |  44064 |    204 |   216 | 0.96 | 1.00 |       145.9 |   122.4 |   140.9 
     ijk-ilmk-mjl |   3744 |     52 |  3744 | 0.89 | 1.00 |       101.6 |    85.1 |    90.4 
   ijkl-imjn-lnkm |   3744 |   3744 |  2704 | 0.89 | 0.85 |       160.5 |   145.7 |   141.8 
   ijkl-imjn-nlmk |   3744 |   2704 |  3744 | 0.89 | 0.85 |       162.2 |   141.0 |   148.5 
   ijkl-imkn-jnlm |   3744 |   3744 |  2704 | 0.89 | 1.00 |       157.1 |   139.1 |   148.9 
   ijkl-imkn-njml |   3744 |   2704 |  3744 | 0.89 | 0.85 |       159.3 |   140.8 |   150.8 
   ijkl-imln-jnkm |   3744 |   3744 |  2704 | 0.89 | 1.00 |       158.5 |   138.4 |   150.1 
   ijkl-imln-njmk |   3744 |   2704 |  3744 | 0.89 | 0.85 |       159.5 |   148.6 |   150.1 
   ijkl-imnj-nlkm |   3744 |   2704 |  3744 | 0.89 | 0.85 |       163.2 |   145.1 |   148.5 
   ijkl-imnk-njml |   3744 |   2704 |  3744 | 0.89 | 0.85 |       159.3 |   139.4 |   150.3 
   ijkl-minj-nlmk |   3744 |   2704 |  5184 | 0.89 | 0.85 |       160.6 |   140.2 |   144.7 
   ijkl-mink-jnlm |   3744 |   3744 |  3744 | 0.89 | 1.00 |       160.9 |   147.3 |   155.2 
   ijkl-minl-njmk |   3744 |   2704 |  5184 | 0.89 | 0.85 |       158.3 |   146.7 |   153.2 
     aqrs-pa-pqrs |     72 | 140608 |    72 | 1.00 | 1.00 |        88.3 |    83.7 |    76.6 
     abrs-qb-aqrs |     52 | 194688 |    72 | 0.89 | 1.00 |        93.1 |    80.7 |    93.4 
     abcs-rc-abrs |     52 | 194688 |    72 | 1.00 | 1.00 |        75.3 |    64.8 |    63.3 
       abj-bka-kj |  46656 |    204 |   216 | 0.96 | 1.00 |       117.9 |   101.4 |   112.0 
       ajb-kba-jk |  44064 |    216 |   216 | 0.96 | 1.00 |       153.1 |   131.9 |   140.2 
     abjc-cbka-kj | 269568 |     52 |    72 | 0.89 | 1.00 |        30.2 |    26.9 |    24.3 
     ajbc-ckba-jk | 269568 |     72 |    52 | 0.89 | 1.00 |        52.2 |    47.2 |    49.2 
     abjc-kbac-jk | 194688 |     72 |    72 | 0.89 | 1.00 |        96.6 |    76.0 |    83.2 
   abjcd-dkbac-jk | 331776 |     24 |    24 | 0.67 | 1.00 |        10.0 |     8.7 |    10.2 
   adbjc-cbdka-kj | 331776 |     24 |    24 | 0.67 | 1.00 |         6.7 |     6.3 |     8.1 
   ajbdc-ckbad-jk | 331776 |     24 |    24 | 0.67 | 1.00 |         9.9 |     8.7 |    10.6 
 abcijk-ijma-mkbc |   9216 |   4096 |    24 | 0.67 | 0.97 |        81.6 |    87.8 |    87.7 
 abcijk-ijmb-mkac |   6144 |   6144 |    24 | 1.00 | 0.50 |        76.8 |    78.5 |    70.2 
 abcijk-ijmc-mkab |   6144 |   6144 |    24 | 1.00 | 0.50 |        84.5 |    78.0 |    80.6 
 abcijk-ikma-mjbc |   9216 |   4096 |    24 | 0.67 | 0.97 |        83.0 |    87.9 |    89.1 
 abcijk-ikmb-mjac |   6144 |   6144 |    24 | 1.00 | 0.50 |        76.5 |    81.6 |    70.5 
 abcijk-ikmc-mjab |   6144 |   6144 |    24 | 1.00 | 0.50 |        84.3 |    75.6 |    81.6 
 abcijk-jkma-mibc |   9216 |   4096 |    24 | 0.67 | 0.97 |        82.2 |    87.8 |    88.7 
 abcijk-jkmb-miac |   6144 |   6144 |    24 | 1.00 | 0.50 |        75.7 |    80.3 |    67.0 
 abcijk-jkmc-miab |   6144 |   6144 |    24 | 1.00 | 0.50 |        83.7 |    76.9 |    82.0 
 abcijk-eiab-jkec |   6144 |   6144 |    24 | 1.00 | 0.50 |        83.1 |    75.7 |    81.8 
 abcijk-eiac-jkeb |   6144 |   6144 |    24 | 1.00 | 0.50 |        75.6 |    81.6 |    82.1 
 abcijk-eibc-jkea |   4096 |   9216 |    24 | 0.67 | 0.97 |        80.6 |    90.0 |    67.3 
 abcijk-ejab-ikec |   6144 |   6144 |    24 | 1.00 | 0.50 |        82.4 |    76.9 |    80.9 
 abcijk-ejac-ikeb |   6144 |   6144 |    24 | 1.00 | 0.50 |        74.7 |    80.3 |    80.7 
 abcijk-ejbc-ikea |   4096 |   9216 |    24 | 0.67 | 0.97 |        83.1 |    87.8 |    67.0 
 abcijk-ekab-ijec |   6144 |   6144 |    24 | 1.00 | 0.50 |        83.2 |    78.8 |    83.0 
 abcijk-ekac-ijeb |   6144 |   6144 |    24 | 1.00 | 0.50 |        75.6 |    80.2 |    83.0 
 abcijk-ekbc-ijea |   4096 |   9216 |    24 | 0.67 | 0.97 |        82.9 |    87.4 |    67.9 
       abc-bk-akc |    216 |  44064 |   204 | 0.96 | 1.00 |       147.3 |   125.9 |   143.4 

=== complex efficiency ratio (c32 GF/s over f32 GF/s; 1.0 = no penalty) ===
             case | planar c32/f32 | 1m c32/f32 | 3m c32/f32 
------------------+----------------+------------+------------
         ij-ik-kj |          1.390 |      1.240 |      1.215 
       ij-ikl-ljk |          1.795 |      1.641 |      1.478 
       ij-kil-lkj |          1.841 |      1.598 |      1.571 
       ijk-ikl-lj |          1.597 |      1.332 |      1.396 
       ijk-il-jlk |          1.425 |      1.129 |      1.249 
       ijk-ilk-jl |          1.388 |      1.182 |      1.338 
       ijk-ilk-lj |          1.376 |      1.154 |      1.329 
     ijk-ilmk-mjl |          1.527 |      1.279 |      1.359 
   ijkl-imjn-lnkm |          1.395 |      1.267 |      1.232 
   ijkl-imjn-nlmk |          1.358 |      1.180 |      1.243 
   ijkl-imkn-jnlm |          1.344 |      1.190 |      1.274 
   ijkl-imkn-njml |          1.361 |      1.203 |      1.288 
   ijkl-imln-jnkm |          1.344 |      1.173 |      1.272 
   ijkl-imln-njmk |          1.354 |      1.262 |      1.274 
   ijkl-imnj-nlkm |          1.374 |      1.222 |      1.250 
   ijkl-imnk-njml |          1.356 |      1.186 |      1.279 
   ijkl-minj-nlmk |          1.394 |      1.216 |      1.255 
   ijkl-mink-jnlm |          1.353 |      1.239 |      1.306 
   ijkl-minl-njmk |          1.374 |      1.274 |      1.330 
     aqrs-pa-pqrs |          1.696 |      1.608 |      1.471 
     abrs-qb-aqrs |          1.680 |      1.455 |      1.685 
     abcs-rc-abrs |          2.060 |      1.774 |      1.732 
       abj-bka-kj |          1.862 |      1.601 |      1.769 
       ajb-kba-jk |          1.410 |      1.215 |      1.291 
     abjc-cbka-kj |          2.115 |      1.881 |      1.703 
     ajbc-ckba-jk |          2.551 |      2.309 |      2.405 
     abjc-kbac-jk |          1.787 |      1.405 |      1.538 
   abjcd-dkbac-jk |          1.295 |      1.135 |      1.330 
   adbjc-cbdka-kj |          1.337 |      1.251 |      1.612 
   ajbdc-ckbad-jk |          1.269 |      1.123 |      1.366 
 abcijk-ijma-mkbc |          1.666 |      1.791 |      1.790 
 abcijk-ijmb-mkac |          1.883 |      1.924 |      1.723 
 abcijk-ijmc-mkab |          1.953 |      1.801 |      1.863 
 abcijk-ikma-mjbc |          1.675 |      1.773 |      1.798 
 abcijk-ikmb-mjac |          1.885 |      2.010 |      1.737 
 abcijk-ikmc-mjab |          1.956 |      1.756 |      1.895 
 abcijk-jkma-mibc |          1.655 |      1.769 |      1.788 
 abcijk-jkmb-miac |          1.915 |      2.030 |      1.696 
 abcijk-jkmc-miab |          1.954 |      1.795 |      1.913 
 abcijk-eiab-jkec |          1.937 |      1.764 |      1.906 
 abcijk-eiac-jkeb |          1.859 |      2.006 |      2.019 
 abcijk-eibc-jkea |          1.611 |      1.799 |      1.345 
 abcijk-ejab-ikec |          1.944 |      1.816 |      1.909 
 abcijk-ejac-ikeb |          1.839 |      1.976 |      1.986 
 abcijk-ejbc-ikea |          1.653 |      1.745 |      1.331 
 abcijk-ekab-ijec |          1.922 |      1.821 |      1.917 
 abcijk-ekac-ijeb |          1.863 |      1.975 |      2.046 
 abcijk-ekbc-ijea |          1.659 |      1.748 |      1.357 
       abc-bk-akc |          1.371 |      1.172 |      1.335 
             MEAN |          1.645 |      1.535 |      1.555 

wrote bench-results/phase4c/rb-idx2-f32c32.csv
