host        : worker5137
target      : x86_64 / linux
cpu features: avx2 fma 
caches      : L1=32KiB/8-way/1sh L2=512KiB/8-way/1sh L3=16384KiB/16-way/4sh (via sysfs), blocking=legacy
baselines   : tblis=false blas=false

sweeping 49 cases at 64 MiB nominal tensor size, 3 reps, stress=none


=== f32 ===
             case |      m |      n |     k | regA | regB | planar GF/s | 1m GF/s | 3m GF/s 
------------------+--------+--------+-------+------+------+-------------+---------+---------
         ij-ik-kj |   2904 |   2896 |  2904 | 1.00 | 1.00 |       653.8 |   653.8 |   653.8 
       ij-ikl-ljk |    216 |    204 | 44064 | 1.00 | 1.00 |       157.2 |   157.2 |   157.2 
       ij-kil-lkj |    216 |    204 | 46656 | 1.00 | 1.00 |       163.7 |   163.7 |   163.7 
       ijk-ikl-lj |  44064 |    204 |   216 | 1.00 | 1.00 |       388.8 |   388.8 |   388.8 
       ijk-il-jlk |    216 |  44064 |   204 | 1.00 | 1.00 |       589.0 |   589.0 |   589.0 
       ijk-ilk-jl |  44064 |    216 |   204 | 0.96 | 1.00 |       411.7 |   411.7 |   411.7 
       ijk-ilk-lj |  44064 |    204 |   216 | 0.96 | 1.00 |       376.3 |   376.3 |   376.3 
     ijk-ilmk-mjl |   3744 |     52 |  3744 | 0.89 | 1.00 |       121.1 |   121.1 |   121.1 
   ijkl-imjn-lnkm |   3744 |   3744 |  2704 | 0.89 | 0.92 |       711.2 |   711.2 |   711.2 
   ijkl-imjn-nlmk |   3744 |   2704 |  3744 | 0.89 | 0.92 |       936.4 |   936.4 |   936.4 
   ijkl-imkn-jnlm |   3744 |   3744 |  2704 | 0.89 | 1.00 |       982.3 |   982.3 |   982.3 
   ijkl-imkn-njml |   3744 |   2704 |  3744 | 0.89 | 0.92 |       767.8 |   767.8 |   767.8 
   ijkl-imln-jnkm |   3744 |   3744 |  2704 | 0.89 | 1.00 |       867.1 |   867.1 |   867.1 
   ijkl-imln-njmk |   3744 |   2704 |  3744 | 0.89 | 0.92 |       920.7 |   920.7 |   920.7 
   ijkl-imnj-nlkm |   3744 |   2704 |  3744 | 0.89 | 0.92 |       857.2 |   857.2 |   857.2 
   ijkl-imnk-njml |   3744 |   2704 |  3744 | 0.89 | 0.92 |       624.4 |   624.4 |   624.4 
   ijkl-minj-nlmk |   3744 |   2704 |  5184 | 0.89 | 0.92 |       675.5 |   675.5 |   675.5 
   ijkl-mink-jnlm |   3744 |   3744 |  3744 | 0.89 | 1.00 |       805.0 |   805.0 |   805.0 
   ijkl-minl-njmk |   3744 |   2704 |  5184 | 0.89 | 0.92 |       695.0 |   695.0 |   695.0 
     aqrs-pa-pqrs |     72 | 140608 |    72 | 1.00 | 1.00 |       229.8 |   229.8 |   229.8 
     abrs-qb-aqrs |     52 | 194688 |    72 | 0.89 | 1.00 |       176.8 |   176.8 |   176.8 
     abcs-rc-abrs |     52 | 194688 |    72 | 1.00 | 1.00 |       164.6 |   164.6 |   164.6 
       abj-bka-kj |  46656 |    204 |   216 | 0.96 | 1.00 |       292.3 |   292.3 |   292.3 
       ajb-kba-jk |  44064 |    216 |   216 | 0.96 | 1.00 |       448.5 |   448.5 |   448.5 
     abjc-cbka-kj | 269568 |     52 |    72 | 0.89 | 1.00 |        56.0 |    56.0 |    56.0 
     ajbc-ckba-jk | 269568 |     72 |    52 | 0.89 | 1.00 |        77.6 |    77.6 |    77.6 
     abjc-kbac-jk | 194688 |     72 |    72 | 0.89 | 1.00 |       242.1 |   242.1 |   242.1 
   abjcd-dkbac-jk | 331776 |     24 |    24 | 0.67 | 1.00 |        24.4 |    24.4 |    24.4 
   adbjc-cbdka-kj | 331776 |     24 |    24 | 0.67 | 1.00 |        24.6 |    24.6 |    24.6 
   ajbdc-ckbad-jk | 331776 |     24 |    24 | 1.00 | 1.00 |        26.4 |    26.4 |    26.4 
 abcijk-ijma-mkbc |   9216 |   4096 |    24 | 1.00 | 1.00 |       162.6 |   162.6 |   162.6 
 abcijk-ijmb-mkac |   6144 |   6144 |    24 | 1.00 | 1.00 |       123.8 |   123.8 |   123.8 
 abcijk-ijmc-mkab |   6144 |   6144 |    24 | 1.00 | 0.75 |       127.3 |   127.3 |   127.3 
 abcijk-ikma-mjbc |   9216 |   4096 |    24 | 1.00 | 1.00 |       154.8 |   154.8 |   154.8 
 abcijk-ikmb-mjac |   6144 |   6144 |    24 | 1.00 | 1.00 |       130.4 |   130.4 |   130.4 
 abcijk-ikmc-mjab |   6144 |   6144 |    24 | 1.00 | 0.75 |       134.9 |   134.9 |   134.9 
 abcijk-jkma-mibc |   9216 |   4096 |    24 | 1.00 | 1.00 |       169.6 |   169.6 |   169.6 
 abcijk-jkmb-miac |   6144 |   6144 |    24 | 1.00 | 1.00 |       119.5 |   119.5 |   119.5 
 abcijk-jkmc-miab |   6144 |   6144 |    24 | 1.00 | 0.75 |       126.6 |   126.6 |   126.6 
 abcijk-eiab-jkec |   6144 |   6144 |    24 | 1.00 | 0.75 |       122.9 |   122.9 |   122.9 
 abcijk-eiac-jkeb |   6144 |   6144 |    24 | 1.00 | 1.00 |       127.0 |   127.0 |   127.0 
 abcijk-eibc-jkea |   4096 |   9216 |    24 | 1.00 | 1.00 |       152.7 |   152.7 |   152.7 
 abcijk-ejab-ikec |   6144 |   6144 |    24 | 1.00 | 0.75 |       152.1 |   152.1 |   152.1 
 abcijk-ejac-ikeb |   6144 |   6144 |    24 | 1.00 | 1.00 |       123.9 |   123.9 |   123.9 
 abcijk-ejbc-ikea |   4096 |   9216 |    24 | 1.00 | 1.00 |       188.0 |   188.0 |   188.0 
 abcijk-ekab-ijec |   6144 |   6144 |    24 | 1.00 | 0.75 |       135.1 |   135.1 |   135.1 
 abcijk-ekac-ijeb |   6144 |   6144 |    24 | 1.00 | 1.00 |       167.6 |   167.6 |   167.6 
 abcijk-ekbc-ijea |   4096 |   9216 |    24 | 1.00 | 1.00 |       218.4 |   218.4 |   218.4 
       abc-bk-akc |    216 |  44064 |   204 | 0.96 | 1.00 |       404.6 |   404.6 |   404.6 

=== c32 ===
             case |      m |      n |     k | regA | regB | planar GF/s | 1m GF/s | 3m GF/s 
------------------+--------+--------+-------+------+------+-------------+---------+---------
         ij-ik-kj |   2904 |   2896 |  2904 | 1.00 | 1.00 |      1077.0 |  1064.4 |   961.2 
       ij-ikl-ljk |    216 |    204 | 44064 | 1.00 | 1.00 |       297.4 |   283.0 |   247.7 
       ij-kil-lkj |    216 |    204 | 46656 | 1.00 | 1.00 |       316.0 |   299.8 |   281.1 
       ijk-ikl-lj |  44064 |    204 |   216 | 1.00 | 1.00 |       647.9 |   774.9 |   800.3 
       ijk-il-jlk |    216 |  44064 |   204 | 1.00 | 0.98 |      1316.7 |  1309.3 |  1027.3 
       ijk-ilk-jl |  44064 |    216 |   204 | 1.00 | 1.00 |       617.9 |   810.9 |   741.3 
       ijk-ilk-lj |  44064 |    204 |   216 | 1.00 | 1.00 |       715.7 |   744.8 |   699.5 
     ijk-ilmk-mjl |   3744 |     52 |  3744 | 1.00 | 1.00 |       257.1 |   242.6 |   257.6 
   ijkl-imjn-lnkm |   3744 |   3744 |  2704 | 1.00 | 0.92 |      1178.2 |  1217.1 |  1077.1 
   ijkl-imjn-nlmk |   3744 |   2704 |  3744 | 1.00 | 0.92 |      1185.0 |  1253.9 |  1185.6 
   ijkl-imkn-jnlm |   3744 |   3744 |  2704 | 1.00 | 0.95 |      1351.0 |  1460.8 |  1300.5 
   ijkl-imkn-njml |   3744 |   2704 |  3744 | 1.00 | 0.92 |      1287.0 |  1098.4 |  1010.4 
   ijkl-imln-jnkm |   3744 |   3744 |  2704 | 1.00 | 0.95 |      1525.7 |  1371.9 |  1211.7 
   ijkl-imln-njmk |   3744 |   2704 |  3744 | 1.00 | 0.92 |      1340.0 |  1296.7 |  1141.4 
   ijkl-imnj-nlkm |   3744 |   2704 |  3744 | 1.00 | 0.92 |      1204.0 |  1402.2 |  1126.4 
   ijkl-imnk-njml |   3744 |   2704 |  3744 | 1.00 | 0.92 |      1309.0 |  1248.6 |  1078.3 
   ijkl-minj-nlmk |   3744 |   2704 |  5184 | 1.00 | 0.92 |      1213.2 |  1179.6 |  1134.7 
   ijkl-mink-jnlm |   3744 |   3744 |  3744 | 1.00 | 0.95 |      1299.3 |  1459.5 |  1209.0 
   ijkl-minl-njmk |   3744 |   2704 |  5184 | 1.00 | 0.92 |      1419.2 |  1345.9 |  1282.7 
     aqrs-pa-pqrs |     72 | 140608 |    72 | 1.00 | 1.00 |       562.8 |   672.4 |   450.8 
     abrs-qb-aqrs |     52 | 194688 |    72 | 1.00 | 1.00 |       365.9 |   333.0 |   303.2 
     abcs-rc-abrs |     52 | 194688 |    72 | 1.00 | 1.00 |       345.3 |   329.5 |   301.8 
       abj-bka-kj |  46656 |    204 |   216 | 1.00 | 1.00 |       631.0 |   537.8 |   567.7 
       ajb-kba-jk |  44064 |    216 |   216 | 1.00 | 1.00 |       725.7 |   672.8 |   714.5 
     abjc-cbka-kj | 269568 |     52 |    72 | 1.00 | 1.00 |       180.6 |   159.4 |   159.5 
     ajbc-ckba-jk | 269568 |     72 |    52 | 1.00 | 1.00 |       218.7 |   199.3 |   202.2 
     abjc-kbac-jk | 194688 |     72 |    72 | 1.00 | 1.00 |       414.2 |   533.2 |   505.0 
   abjcd-dkbac-jk | 331776 |     24 |    24 | 1.00 | 1.00 |        77.7 |    72.0 |    74.6 
   adbjc-cbdka-kj | 331776 |     24 |    24 | 1.00 | 1.00 |        77.3 |    68.5 |    64.5 
   ajbdc-ckbad-jk | 331776 |     24 |    24 | 1.00 | 1.00 |        78.0 |    71.6 |    72.5 
 abcijk-ijma-mkbc |   9216 |   4096 |    24 | 1.00 | 0.99 |       309.7 |   323.2 |   284.9 
 abcijk-ijmb-mkac |   6144 |   6144 |    24 | 1.00 | 0.75 |       303.2 |   298.8 |   265.2 
 abcijk-ijmc-mkab |   6144 |   6144 |    24 | 1.00 | 0.75 |       219.0 |   226.0 |   192.0 
 abcijk-ikma-mjbc |   9216 |   4096 |    24 | 1.00 | 0.99 |       316.2 |   311.7 |   308.3 
 abcijk-ikmb-mjac |   6144 |   6144 |    24 | 1.00 | 0.75 |       292.5 |   297.6 |   296.0 
 abcijk-ikmc-mjab |   6144 |   6144 |    24 | 1.00 | 0.75 |       216.8 |   221.7 |   188.5 
 abcijk-jkma-mibc |   9216 |   4096 |    24 | 1.00 | 0.99 |       312.5 |   330.4 |   305.0 
 abcijk-jkmb-miac |   6144 |   6144 |    24 | 1.00 | 0.75 |       305.4 |   294.2 |   280.6 
 abcijk-jkmc-miab |   6144 |   6144 |    24 | 1.00 | 0.75 |       197.8 |   196.9 |   189.1 
 abcijk-eiab-jkec |   6144 |   6144 |    24 | 1.00 | 0.75 |       198.4 |   189.1 |   191.8 
 abcijk-eiac-jkeb |   6144 |   6144 |    24 | 1.00 | 0.75 |       285.7 |   293.2 |   273.3 
 abcijk-eibc-jkea |   4096 |   9216 |    24 | 1.00 | 0.99 |       324.0 |   328.5 |   311.7 
 abcijk-ejab-ikec |   6144 |   6144 |    24 | 1.00 | 0.75 |       207.9 |   216.2 |   189.2 
 abcijk-ejac-ikeb |   6144 |   6144 |    24 | 1.00 | 0.75 |       332.8 |   297.6 |   292.3 
 abcijk-ejbc-ikea |   4096 |   9216 |    24 | 1.00 | 0.99 |       337.1 |   355.8 |   294.9 
 abcijk-ekab-ijec |   6144 |   6144 |    24 | 1.00 | 0.75 |       204.0 |   195.1 |   185.7 
 abcijk-ekac-ijeb |   6144 |   6144 |    24 | 1.00 | 0.75 |       290.3 |   301.1 |   299.0 
 abcijk-ekbc-ijea |   4096 |   9216 |    24 | 1.00 | 0.99 |       347.1 |   336.7 |   301.7 
       abc-bk-akc |    216 |  44064 |   204 | 1.00 | 1.00 |       640.6 |   641.1 |   593.1 

=== complex efficiency ratio (c32 GF/s over f32 GF/s; 1.0 = no penalty) ===
             case | planar c32/f32 | 1m c32/f32 | 3m c32/f32 
------------------+----------------+------------+------------
         ij-ik-kj |          1.647 |      1.628 |      1.470 
       ij-ikl-ljk |          1.891 |      1.800 |      1.575 
       ij-kil-lkj |          1.930 |      1.831 |      1.717 
       ijk-ikl-lj |          1.666 |      1.993 |      2.058 
       ijk-il-jlk |          2.235 |      2.223 |      1.744 
       ijk-ilk-jl |          1.501 |      1.970 |      1.801 
       ijk-ilk-lj |          1.902 |      1.979 |      1.859 
     ijk-ilmk-mjl |          2.122 |      2.003 |      2.126 
   ijkl-imjn-lnkm |          1.657 |      1.711 |      1.514 
   ijkl-imjn-nlmk |          1.265 |      1.339 |      1.266 
   ijkl-imkn-jnlm |          1.375 |      1.487 |      1.324 
   ijkl-imkn-njml |          1.676 |      1.431 |      1.316 
   ijkl-imln-jnkm |          1.759 |      1.582 |      1.397 
   ijkl-imln-njmk |          1.455 |      1.408 |      1.240 
   ijkl-imnj-nlkm |          1.405 |      1.636 |      1.314 
   ijkl-imnk-njml |          2.097 |      2.000 |      1.727 
   ijkl-minj-nlmk |          1.796 |      1.746 |      1.680 
   ijkl-mink-jnlm |          1.614 |      1.813 |      1.502 
   ijkl-minl-njmk |          2.042 |      1.936 |      1.846 
     aqrs-pa-pqrs |          2.450 |      2.927 |      1.962 
     abrs-qb-aqrs |          2.069 |      1.884 |      1.715 
     abcs-rc-abrs |          2.098 |      2.002 |      1.833 
       abj-bka-kj |          2.159 |      1.840 |      1.943 
       ajb-kba-jk |          1.618 |      1.500 |      1.593 
     abjc-cbka-kj |          3.223 |      2.845 |      2.847 
     ajbc-ckba-jk |          2.818 |      2.568 |      2.606 
     abjc-kbac-jk |          1.711 |      2.203 |      2.086 
   abjcd-dkbac-jk |          3.192 |      2.956 |      3.063 
   adbjc-cbdka-kj |          3.143 |      2.785 |      2.625 
   ajbdc-ckbad-jk |          2.957 |      2.715 |      2.748 
 abcijk-ijma-mkbc |          1.905 |      1.988 |      1.752 
 abcijk-ijmb-mkac |          2.450 |      2.414 |      2.143 
 abcijk-ijmc-mkab |          1.720 |      1.775 |      1.509 
 abcijk-ikma-mjbc |          2.042 |      2.013 |      1.991 
 abcijk-ikmb-mjac |          2.243 |      2.282 |      2.270 
 abcijk-ikmc-mjab |          1.607 |      1.643 |      1.397 
 abcijk-jkma-mibc |          1.843 |      1.948 |      1.798 
 abcijk-jkmb-miac |          2.555 |      2.461 |      2.348 
 abcijk-jkmc-miab |          1.562 |      1.554 |      1.493 
 abcijk-eiab-jkec |          1.615 |      1.539 |      1.561 
 abcijk-eiac-jkeb |          2.249 |      2.308 |      2.152 
 abcijk-eibc-jkea |          2.121 |      2.151 |      2.041 
 abcijk-ejab-ikec |          1.367 |      1.422 |      1.245 
 abcijk-ejac-ikeb |          2.685 |      2.402 |      2.358 
 abcijk-ejbc-ikea |          1.793 |      1.892 |      1.568 
 abcijk-ekab-ijec |          1.510 |      1.444 |      1.374 
 abcijk-ekac-ijeb |          1.733 |      1.797 |      1.785 
 abcijk-ekbc-ijea |          1.589 |      1.542 |      1.382 
       abc-bk-akc |          1.583 |      1.585 |      1.466 
             MEAN |          1.972 |      1.957 |      1.819 

wrote bench-results/worker5137-zen2/phase4f/th-t64-f32c32.csv
