host        : worker5137
target      : x86_64 / linux
cpu features: avx2 fma 
caches      : L1=32KiB/8-way/1sh L2=512KiB/8-way/1sh L3=16384KiB/16-way/4sh (via sysfs), blocking=legacy
baselines   : tblis=false blas=false

sweeping 49 cases at 64 MiB nominal tensor size, 3 reps, stress=none


=== f64 ===
             case |      m |      n |     k | regA | regB | planar GF/s | 1m GF/s | 3m GF/s 
------------------+--------+--------+-------+------+------+-------------+---------+---------
         ij-ik-kj |   2904 |   2896 |  2904 | 1.00 | 1.00 |        41.4 |    41.4 |    41.4 
       ij-ikl-ljk |    216 |    204 | 44064 | 1.00 | 1.00 |        33.2 |    33.2 |    33.2 
       ij-kil-lkj |    216 |    204 | 46656 | 1.00 | 1.00 |        33.1 |    33.1 |    33.1 
       ijk-ikl-lj |  44064 |    204 |   216 | 1.00 | 1.00 |        34.8 |    34.8 |    34.8 
       ijk-il-jlk |    216 |  44064 |   204 | 1.00 | 1.00 |        35.2 |    35.2 |    35.2 
       ijk-ilk-jl |  44064 |    216 |   204 | 1.00 | 1.00 |        40.3 |    40.3 |    40.3 
       ijk-ilk-lj |  44064 |    204 |   216 | 1.00 | 1.00 |        40.0 |    40.0 |    40.0 
     ijk-ilmk-mjl |   3744 |     52 |  3744 | 1.00 | 1.00 |        29.7 |    29.7 |    29.7 
   ijkl-imjn-lnkm |   3744 |   3744 |  2704 | 1.00 | 0.92 |        42.1 |    42.1 |    42.1 
   ijkl-imjn-nlmk |   3744 |   2704 |  3744 | 1.00 | 0.92 |        41.9 |    41.9 |    41.9 
   ijkl-imkn-jnlm |   3744 |   3744 |  2704 | 1.00 | 1.00 |        39.9 |    39.9 |    39.9 
   ijkl-imkn-njml |   3744 |   2704 |  3744 | 1.00 | 0.92 |        40.2 |    40.2 |    40.2 
   ijkl-imln-jnkm |   3744 |   3744 |  2704 | 1.00 | 1.00 |        40.3 |    40.3 |    40.3 
   ijkl-imln-njmk |   3744 |   2704 |  3744 | 1.00 | 0.92 |        40.2 |    40.2 |    40.2 
   ijkl-imnj-nlkm |   3744 |   2704 |  3744 | 1.00 | 0.92 |        42.1 |    42.1 |    42.1 
   ijkl-imnk-njml |   3744 |   2704 |  3744 | 1.00 | 0.92 |        40.2 |    40.2 |    40.2 
   ijkl-minj-nlmk |   3744 |   2704 |  5184 | 1.00 | 0.92 |        41.1 |    41.1 |    41.1 
   ijkl-mink-jnlm |   3744 |   3744 |  3744 | 1.00 | 1.00 |        39.4 |    39.4 |    39.4 
   ijkl-minl-njmk |   3744 |   2704 |  5184 | 1.00 | 0.92 |        39.3 |    39.3 |    39.3 
     aqrs-pa-pqrs |     72 | 140608 |    72 | 1.00 | 1.00 |        23.6 |    23.6 |    23.6 
     abrs-qb-aqrs |     52 | 194688 |    72 | 1.00 | 1.00 |        23.9 |    23.9 |    23.9 
     abcs-rc-abrs |     52 | 194688 |    72 | 1.00 | 1.00 |        20.9 |    20.9 |    20.9 
       abj-bka-kj |  46656 |    204 |   216 | 1.00 | 1.00 |        37.0 |    37.0 |    37.0 
       ajb-kba-jk |  44064 |    216 |   216 | 1.00 | 1.00 |        41.7 |    41.7 |    41.7 
     abjc-cbka-kj | 269568 |     52 |    72 | 1.00 | 1.00 |        10.8 |    10.8 |    10.8 
     ajbc-ckba-jk | 269568 |     72 |    52 | 1.00 | 1.00 |        17.9 |    17.9 |    17.9 
     abjc-kbac-jk | 194688 |     72 |    72 | 1.00 | 1.00 |        31.4 |    31.4 |    31.4 
   abjcd-dkbac-jk | 331776 |     24 |    24 | 1.00 | 1.00 |         5.5 |     5.5 |     5.5 
   adbjc-cbdka-kj | 331776 |     24 |    24 | 1.00 | 1.00 |         4.2 |     4.2 |     4.2 
   ajbdc-ckbad-jk | 331776 |     24 |    24 | 1.00 | 1.00 |         5.1 |     5.1 |     5.1 
 abcijk-ijma-mkbc |   9216 |   4096 |    24 | 1.00 | 0.99 |        21.3 |    21.3 |    21.3 
 abcijk-ijmb-mkac |   6144 |   6144 |    24 | 1.00 | 0.75 |        19.4 |    19.4 |    19.4 
 abcijk-ijmc-mkab |   6144 |   6144 |    24 | 1.00 | 0.75 |        24.0 |    24.0 |    24.0 
 abcijk-ikma-mjbc |   9216 |   4096 |    24 | 1.00 | 0.99 |        21.5 |    21.5 |    21.5 
 abcijk-ikmb-mjac |   6144 |   6144 |    24 | 1.00 | 0.75 |        18.9 |    18.9 |    18.9 
 abcijk-ikmc-mjab |   6144 |   6144 |    24 | 1.00 | 0.75 |        24.1 |    24.1 |    24.1 
 abcijk-jkma-mibc |   9216 |   4096 |    24 | 1.00 | 0.99 |        21.6 |    21.6 |    21.6 
 abcijk-jkmb-miac |   6144 |   6144 |    24 | 1.00 | 0.75 |        18.8 |    18.8 |    18.8 
 abcijk-jkmc-miab |   6144 |   6144 |    24 | 1.00 | 0.75 |        22.3 |    22.3 |    22.3 
 abcijk-eiab-jkec |   6144 |   6144 |    24 | 1.00 | 0.75 |        22.4 |    22.4 |    22.4 
 abcijk-eiac-jkeb |   6144 |   6144 |    24 | 1.00 | 0.75 |        18.4 |    18.4 |    18.4 
 abcijk-eibc-jkea |   4096 |   9216 |    24 | 1.00 | 0.99 |        21.9 |    21.9 |    21.9 
 abcijk-ejab-ikec |   6144 |   6144 |    24 | 1.00 | 0.75 |        23.9 |    23.9 |    23.9 
 abcijk-ejac-ikeb |   6144 |   6144 |    24 | 1.00 | 0.75 |        19.4 |    19.4 |    19.4 
 abcijk-ejbc-ikea |   4096 |   9216 |    24 | 1.00 | 0.99 |        21.3 |    21.3 |    21.3 
 abcijk-ekab-ijec |   6144 |   6144 |    24 | 1.00 | 0.75 |        24.1 |    24.1 |    24.1 
 abcijk-ekac-ijeb |   6144 |   6144 |    24 | 1.00 | 0.75 |        18.9 |    18.9 |    18.9 
 abcijk-ekbc-ijea |   4096 |   9216 |    24 | 1.00 | 0.99 |        21.6 |    21.6 |    21.6 
       abc-bk-akc |    216 |  44064 |   204 | 1.00 | 1.00 |        39.3 |    39.3 |    39.3 

=== c64 ===
             case |      m |      n |     k | regA | regB | planar GF/s | 1m GF/s | 3m GF/s 
------------------+--------+--------+-------+------+------+-------------+---------+---------
         ij-ik-kj |   2904 |   2896 |  2904 | 1.00 | 1.00 |        43.3 |    44.0 |    43.0 
       ij-ikl-ljk |    216 |    204 | 44064 | 1.00 | 1.00 |        38.9 |    41.4 |    36.8 
       ij-kil-lkj |    216 |    204 | 46656 | 1.00 | 1.00 |        39.4 |    40.8 |    40.0 
       ijk-ikl-lj |  44064 |    204 |   216 | 1.00 | 1.00 |        40.2 |    43.0 |    39.2 
       ijk-il-jlk |    216 |  44064 |   204 | 1.00 | 0.98 |        42.5 |    44.9 |    39.3 
       ijk-ilk-jl |  44064 |    216 |   204 | 1.00 | 1.00 |        42.4 |    45.8 |    39.3 
       ijk-ilk-lj |  44064 |    204 |   216 | 1.00 | 1.00 |        43.0 |    45.5 |    39.2 
     ijk-ilmk-mjl |   3744 |     52 |  3744 | 1.00 | 1.00 |        33.5 |    35.6 |    28.8 
   ijkl-imjn-lnkm |   3744 |   3744 |  2704 | 1.00 | 0.92 |        43.9 |    45.5 |    41.9 
   ijkl-imjn-nlmk |   3744 |   2704 |  3744 | 1.00 | 0.92 |        43.8 |    45.3 |    41.6 
   ijkl-imkn-jnlm |   3744 |   3744 |  2704 | 1.00 | 0.95 |        43.1 |    44.1 |    39.8 
   ijkl-imkn-njml |   3744 |   2704 |  3744 | 1.00 | 0.92 |        43.1 |    44.6 |    40.4 
   ijkl-imln-jnkm |   3744 |   3744 |  2704 | 1.00 | 0.95 |        43.1 |    44.6 |    40.4 
   ijkl-imln-njmk |   3744 |   2704 |  3744 | 1.00 | 0.92 |        43.1 |    44.5 |    40.4 
   ijkl-imnj-nlkm |   3744 |   2704 |  3744 | 1.00 | 0.92 |        43.9 |    45.9 |    42.3 
   ijkl-imnk-njml |   3744 |   2704 |  3744 | 1.00 | 0.92 |        43.1 |    44.6 |    40.3 
   ijkl-minj-nlmk |   3744 |   2704 |  5184 | 1.00 | 0.92 |        43.5 |    45.2 |    43.5 
   ijkl-mink-jnlm |   3744 |   3744 |  3744 | 1.00 | 0.95 |        42.9 |    44.3 |    41.7 
   ijkl-minl-njmk |   3744 |   2704 |  5184 | 1.00 | 0.92 |        42.8 |    43.9 |    41.6 
     aqrs-pa-pqrs |     72 | 140608 |    72 | 1.00 | 1.00 |        32.3 |    34.5 |    29.7 
     abrs-qb-aqrs |     52 | 194688 |    72 | 1.00 | 1.00 |        29.6 |    32.2 |    24.2 
     abcs-rc-abrs |     52 | 194688 |    72 | 1.00 | 1.00 |        28.6 |    31.7 |    27.7 
       abj-bka-kj |  46656 |    204 |   216 | 1.00 | 1.00 |        42.0 |    41.2 |    41.4 
       ajb-kba-jk |  44064 |    216 |   216 | 1.00 | 1.00 |        43.7 |    46.4 |    43.8 
     abjc-cbka-kj | 269568 |     52 |    72 | 1.00 | 1.00 |        18.8 |    16.6 |    18.1 
     ajbc-ckba-jk | 269568 |     72 |    52 | 1.00 | 1.00 |        20.5 |    18.9 |    19.0 
     abjc-kbac-jk | 194688 |     72 |    72 | 1.00 | 1.00 |        35.6 |    38.9 |    34.7 
   abjcd-dkbac-jk | 331776 |     24 |    24 | 1.00 | 1.00 |        11.3 |    10.2 |    10.2 
   adbjc-cbdka-kj | 331776 |     24 |    24 | 1.00 | 1.00 |         9.7 |     8.5 |     8.8 
   ajbdc-ckbad-jk | 331776 |     24 |    24 | 1.00 | 1.00 |        10.6 |     9.6 |     9.8 
 abcijk-ijma-mkbc |   9216 |   4096 |    24 | 1.00 | 0.99 |        26.1 |    28.9 |    22.3 
 abcijk-ijmb-mkac |   6144 |   6144 |    24 | 1.00 | 0.75 |        26.1 |    28.6 |    21.7 
 abcijk-ijmc-mkab |   6144 |   6144 |    24 | 1.00 | 0.75 |        29.6 |    33.5 |    23.6 
 abcijk-ikma-mjbc |   9216 |   4096 |    24 | 1.00 | 0.99 |        26.0 |    28.8 |    22.1 
 abcijk-ikmb-mjac |   6144 |   6144 |    24 | 1.00 | 0.75 |        26.1 |    28.6 |    21.8 
 abcijk-ikmc-mjab |   6144 |   6144 |    24 | 1.00 | 0.75 |        29.6 |    33.5 |    23.5 
 abcijk-jkma-mibc |   9216 |   4096 |    24 | 1.00 | 0.99 |        26.0 |    28.8 |    22.2 
 abcijk-jkmb-miac |   6144 |   6144 |    24 | 1.00 | 0.75 |        25.4 |    27.2 |    21.5 
 abcijk-jkmc-miab |   6144 |   6144 |    24 | 1.00 | 0.75 |        28.4 |    30.0 |    23.2 
 abcijk-eiab-jkec |   6144 |   6144 |    24 | 1.00 | 0.75 |        28.4 |    30.1 |    23.2 
 abcijk-eiac-jkeb |   6144 |   6144 |    24 | 1.00 | 0.75 |        25.4 |    27.1 |    21.6 
 abcijk-eibc-jkea |   4096 |   9216 |    24 | 1.00 | 0.99 |        26.1 |    28.7 |    22.1 
 abcijk-ejab-ikec |   6144 |   6144 |    24 | 1.00 | 0.75 |        29.6 |    33.5 |    23.5 
 abcijk-ejac-ikeb |   6144 |   6144 |    24 | 1.00 | 0.75 |        25.9 |    28.5 |    21.6 
 abcijk-ejbc-ikea |   4096 |   9216 |    24 | 1.00 | 0.99 |        26.1 |    28.8 |    22.1 
 abcijk-ekab-ijec |   6144 |   6144 |    24 | 1.00 | 0.75 |        29.6 |    33.5 |    23.5 
 abcijk-ekac-ijeb |   6144 |   6144 |    24 | 1.00 | 0.75 |        26.0 |    28.5 |    21.6 
 abcijk-ekbc-ijea |   4096 |   9216 |    24 | 1.00 | 0.99 |        26.1 |    28.8 |    22.1 
       abc-bk-akc |    216 |  44064 |   204 | 1.00 | 1.00 |        42.5 |    45.5 |    38.9 

=== complex efficiency ratio (c64 GF/s over f64 GF/s; 1.0 = no penalty) ===
             case | planar c64/f64 | 1m c64/f64 | 3m c64/f64 
------------------+----------------+------------+------------
         ij-ik-kj |          1.047 |      1.063 |      1.040 
       ij-ikl-ljk |          1.175 |      1.248 |      1.110 
       ij-kil-lkj |          1.191 |      1.234 |      1.209 
       ijk-ikl-lj |          1.153 |      1.234 |      1.125 
       ijk-il-jlk |          1.208 |      1.275 |      1.118 
       ijk-ilk-jl |          1.053 |      1.137 |      0.976 
       ijk-ilk-lj |          1.075 |      1.136 |      0.980 
     ijk-ilmk-mjl |          1.129 |      1.198 |      0.969 
   ijkl-imjn-lnkm |          1.044 |      1.080 |      0.995 
   ijkl-imjn-nlmk |          1.046 |      1.081 |      0.993 
   ijkl-imkn-jnlm |          1.080 |      1.104 |      0.997 
   ijkl-imkn-njml |          1.071 |      1.109 |      1.004 
   ijkl-imln-jnkm |          1.069 |      1.106 |      1.002 
   ijkl-imln-njmk |          1.072 |      1.107 |      1.004 
   ijkl-imnj-nlkm |          1.043 |      1.091 |      1.004 
   ijkl-imnk-njml |          1.072 |      1.108 |      1.002 
   ijkl-minj-nlmk |          1.058 |      1.099 |      1.056 
   ijkl-mink-jnlm |          1.088 |      1.122 |      1.056 
   ijkl-minl-njmk |          1.089 |      1.117 |      1.058 
     aqrs-pa-pqrs |          1.368 |      1.460 |      1.257 
     abrs-qb-aqrs |          1.238 |      1.346 |      1.015 
     abcs-rc-abrs |          1.369 |      1.515 |      1.328 
       abj-bka-kj |          1.137 |      1.114 |      1.120 
       ajb-kba-jk |          1.047 |      1.112 |      1.050 
     abjc-cbka-kj |          1.738 |      1.530 |      1.674 
     ajbc-ckba-jk |          1.149 |      1.058 |      1.063 
     abjc-kbac-jk |          1.135 |      1.239 |      1.105 
   abjcd-dkbac-jk |          2.050 |      1.859 |      1.850 
   adbjc-cbdka-kj |          2.291 |      2.012 |      2.074 
   ajbdc-ckbad-jk |          2.072 |      1.878 |      1.904 
 abcijk-ijma-mkbc |          1.223 |      1.357 |      1.046 
 abcijk-ijmb-mkac |          1.343 |      1.473 |      1.115 
 abcijk-ijmc-mkab |          1.231 |      1.397 |      0.981 
 abcijk-ikma-mjbc |          1.209 |      1.337 |      1.026 
 abcijk-ikmb-mjac |          1.379 |      1.513 |      1.152 
 abcijk-ikmc-mjab |          1.226 |      1.390 |      0.974 
 abcijk-jkma-mibc |          1.204 |      1.334 |      1.026 
 abcijk-jkmb-miac |          1.348 |      1.442 |      1.139 
 abcijk-jkmc-miab |          1.274 |      1.348 |      1.040 
 abcijk-eiab-jkec |          1.270 |      1.349 |      1.037 
 abcijk-eiac-jkeb |          1.377 |      1.473 |      1.170 
 abcijk-eibc-jkea |          1.193 |      1.312 |      1.009 
 abcijk-ejab-ikec |          1.240 |      1.405 |      0.985 
 abcijk-ejac-ikeb |          1.341 |      1.472 |      1.117 
 abcijk-ejbc-ikea |          1.226 |      1.353 |      1.038 
 abcijk-ekab-ijec |          1.228 |      1.391 |      0.977 
 abcijk-ekac-ijeb |          1.373 |      1.506 |      1.144 
 abcijk-ekbc-ijea |          1.206 |      1.332 |      1.022 
       abc-bk-akc |          1.083 |      1.160 |      0.991 
             MEAN |          1.252 |      1.308 |      1.125 

wrote bench-results/worker5137-zen2/phase4f/th-t1b-f64c64.csv
