host        : worker5137
target      : x86_64 / linux
cpu features: avx2 fma 
caches      : L1=32KiB/8-way/1sh L2=512KiB/8-way/1sh L3=16384KiB/16-way/4sh (via sysfs), blocking=legacy
baselines   : tblis=false blas=false

sweeping 49 cases at 64 MiB nominal tensor size, 3 reps, stress=none


=== f64 ===
             case |      m |      n |     k | regA | regB | planar GF/s | 1m GF/s | 3m GF/s 
------------------+--------+--------+-------+------+------+-------------+---------+---------
         ij-ik-kj |   2904 |   2896 |  2904 | 1.00 | 1.00 |       351.3 |   351.3 |   351.3 
       ij-ikl-ljk |    216 |    204 | 44064 | 1.00 | 1.00 |        69.8 |    69.8 |    69.8 
       ij-kil-lkj |    216 |    204 | 46656 | 1.00 | 1.00 |        75.0 |    75.0 |    75.0 
       ijk-ikl-lj |  44064 |    204 |   216 | 1.00 | 1.00 |       213.3 |   213.3 |   213.3 
       ijk-il-jlk |    216 |  44064 |   204 | 1.00 | 1.00 |       486.7 |   486.7 |   486.7 
       ijk-ilk-jl |  44064 |    216 |   204 | 1.00 | 1.00 |       232.6 |   232.6 |   232.6 
       ijk-ilk-lj |  44064 |    204 |   216 | 1.00 | 1.00 |       233.3 |   233.3 |   233.3 
     ijk-ilmk-mjl |   3744 |     52 |  3744 | 1.00 | 1.00 |        79.6 |    79.6 |    79.6 
   ijkl-imjn-lnkm |   3744 |   3744 |  2704 | 1.00 | 0.92 |       403.7 |   403.7 |   403.7 
   ijkl-imjn-nlmk |   3744 |   2704 |  3744 | 1.00 | 0.92 |       457.9 |   457.9 |   457.9 
   ijkl-imkn-jnlm |   3744 |   3744 |  2704 | 1.00 | 1.00 |       480.6 |   480.6 |   480.6 
   ijkl-imkn-njml |   3744 |   2704 |  3744 | 1.00 | 0.92 |       468.8 |   468.8 |   468.8 
   ijkl-imln-jnkm |   3744 |   3744 |  2704 | 1.00 | 1.00 |       468.9 |   468.9 |   468.9 
   ijkl-imln-njmk |   3744 |   2704 |  3744 | 1.00 | 0.92 |       420.4 |   420.4 |   420.4 
   ijkl-imnj-nlkm |   3744 |   2704 |  3744 | 1.00 | 0.92 |       363.4 |   363.4 |   363.4 
   ijkl-imnk-njml |   3744 |   2704 |  3744 | 1.00 | 0.92 |       446.6 |   446.6 |   446.6 
   ijkl-minj-nlmk |   3744 |   2704 |  5184 | 1.00 | 0.92 |       443.8 |   443.8 |   443.8 
   ijkl-mink-jnlm |   3744 |   3744 |  3744 | 1.00 | 1.00 |       483.4 |   483.4 |   483.4 
   ijkl-minl-njmk |   3744 |   2704 |  5184 | 1.00 | 0.92 |       414.9 |   414.9 |   414.9 
     aqrs-pa-pqrs |     72 | 140608 |    72 | 1.00 | 1.00 |       260.3 |   260.3 |   260.3 
     abrs-qb-aqrs |     52 | 194688 |    72 | 1.00 | 1.00 |       121.4 |   121.4 |   121.4 
     abcs-rc-abrs |     52 | 194688 |    72 | 1.00 | 1.00 |        95.8 |    95.8 |    95.8 
       abj-bka-kj |  46656 |    204 |   216 | 1.00 | 1.00 |       207.3 |   207.3 |   207.3 
       ajb-kba-jk |  44064 |    216 |   216 | 1.00 | 1.00 |       231.4 |   231.4 |   231.4 
     abjc-cbka-kj | 269568 |     52 |    72 | 1.00 | 1.00 |        41.2 |    41.2 |    41.2 
     ajbc-ckba-jk | 269568 |     72 |    52 | 1.00 | 1.00 |        54.8 |    54.8 |    54.8 
     abjc-kbac-jk | 194688 |     72 |    72 | 1.00 | 1.00 |       162.0 |   162.0 |   162.0 
   abjcd-dkbac-jk | 331776 |     24 |    24 | 1.00 | 1.00 |        20.7 |    20.7 |    20.7 
   adbjc-cbdka-kj | 331776 |     24 |    24 | 1.00 | 1.00 |        20.3 |    20.3 |    20.3 
   ajbdc-ckbad-jk | 331776 |     24 |    24 | 1.00 | 1.00 |        19.3 |    19.3 |    19.3 
 abcijk-ijma-mkbc |   9216 |   4096 |    24 | 1.00 | 0.99 |       100.3 |   100.3 |   100.3 
 abcijk-ijmb-mkac |   6144 |   6144 |    24 | 1.00 | 0.75 |       110.2 |   110.2 |   110.2 
 abcijk-ijmc-mkab |   6144 |   6144 |    24 | 1.00 | 0.75 |        60.6 |    60.6 |    60.6 
 abcijk-ikma-mjbc |   9216 |   4096 |    24 | 1.00 | 0.99 |       120.6 |   120.6 |   120.6 
 abcijk-ikmb-mjac |   6144 |   6144 |    24 | 1.00 | 0.75 |        95.2 |    95.2 |    95.2 
 abcijk-ikmc-mjab |   6144 |   6144 |    24 | 1.00 | 0.75 |        86.7 |    86.7 |    86.7 
 abcijk-jkma-mibc |   9216 |   4096 |    24 | 1.00 | 0.99 |        92.0 |    92.0 |    92.0 
 abcijk-jkmb-miac |   6144 |   6144 |    24 | 1.00 | 0.75 |        94.2 |    94.2 |    94.2 
 abcijk-jkmc-miab |   6144 |   6144 |    24 | 1.00 | 0.75 |        67.0 |    67.0 |    67.0 
 abcijk-eiab-jkec |   6144 |   6144 |    24 | 1.00 | 0.75 |        78.5 |    78.5 |    78.5 
 abcijk-eiac-jkeb |   6144 |   6144 |    24 | 1.00 | 0.75 |        97.6 |    97.6 |    97.6 
 abcijk-eibc-jkea |   4096 |   9216 |    24 | 1.00 | 0.99 |        96.2 |    96.2 |    96.2 
 abcijk-ejab-ikec |   6144 |   6144 |    24 | 1.00 | 0.75 |        90.0 |    90.0 |    90.0 
 abcijk-ejac-ikeb |   6144 |   6144 |    24 | 1.00 | 0.75 |       129.7 |   129.7 |   129.7 
 abcijk-ejbc-ikea |   4096 |   9216 |    24 | 1.00 | 0.99 |       129.4 |   129.4 |   129.4 
 abcijk-ekab-ijec |   6144 |   6144 |    24 | 1.00 | 0.75 |        94.9 |    94.9 |    94.9 
 abcijk-ekac-ijeb |   6144 |   6144 |    24 | 1.00 | 0.75 |       129.7 |   129.7 |   129.7 
 abcijk-ekbc-ijea |   4096 |   9216 |    24 | 1.00 | 0.99 |       136.3 |   136.3 |   136.3 
       abc-bk-akc |    216 |  44064 |   204 | 1.00 | 1.00 |       206.1 |   206.1 |   206.1 

=== c64 ===
             case |      m |      n |     k | regA | regB | planar GF/s | 1m GF/s | 3m GF/s 
------------------+--------+--------+-------+------+------+-------------+---------+---------
         ij-ik-kj |   2904 |   2896 |  2904 | 1.00 | 1.00 |       551.5 |   559.6 |   516.6 
       ij-ikl-ljk |    216 |    204 | 44064 | 1.00 | 1.00 |       117.8 |   121.2 |   110.1 
       ij-kil-lkj |    216 |    204 | 46656 | 1.00 | 1.00 |       137.3 |   122.5 |   104.8 
       ijk-ikl-lj |  44064 |    204 |   216 | 1.00 | 1.00 |       418.9 |   413.2 |   368.3 
       ijk-il-jlk |    216 |  44064 |   204 | 1.00 | 0.98 |       621.5 |   593.7 |   553.6 
       ijk-ilk-jl |  44064 |    216 |   204 | 1.00 | 1.00 |       463.8 |   410.7 |   469.4 
       ijk-ilk-lj |  44064 |    204 |   216 | 1.00 | 1.00 |       471.4 |   356.6 |   416.3 
     ijk-ilmk-mjl |   3744 |     52 |  3744 | 1.00 | 1.00 |       169.6 |   173.7 |   175.3 
   ijkl-imjn-lnkm |   3744 |   3744 |  2704 | 1.00 | 0.92 |       610.5 |   632.0 |   535.6 
   ijkl-imjn-nlmk |   3744 |   2704 |  3744 | 1.00 | 0.92 |       627.1 |   605.9 |   538.7 
   ijkl-imkn-jnlm |   3744 |   3744 |  2704 | 1.00 | 0.95 |       673.2 |   637.0 |   552.0 
   ijkl-imkn-njml |   3744 |   2704 |  3744 | 1.00 | 0.92 |       609.3 |   555.8 |   582.6 
   ijkl-imln-jnkm |   3744 |   3744 |  2704 | 1.00 | 0.95 |       678.1 |   647.7 |   590.7 
   ijkl-imln-njmk |   3744 |   2704 |  3744 | 1.00 | 0.92 |       630.8 |   600.2 |   568.0 
   ijkl-imnj-nlkm |   3744 |   2704 |  3744 | 1.00 | 0.92 |       622.3 |   605.8 |   495.1 
   ijkl-imnk-njml |   3744 |   2704 |  3744 | 1.00 | 0.92 |       670.5 |   603.3 |   557.8 
   ijkl-minj-nlmk |   3744 |   2704 |  5184 | 1.00 | 0.92 |       610.7 |   633.8 |   563.6 
   ijkl-mink-jnlm |   3744 |   3744 |  3744 | 1.00 | 0.95 |       691.5 |   671.6 |   592.2 
   ijkl-minl-njmk |   3744 |   2704 |  5184 | 1.00 | 0.92 |       672.0 |   660.1 |   556.2 
     aqrs-pa-pqrs |     72 | 140608 |    72 | 1.00 | 1.00 |       309.4 |   312.2 |   200.2 
     abrs-qb-aqrs |     52 | 194688 |    72 | 1.00 | 1.00 |       236.2 |   216.6 |   186.7 
     abcs-rc-abrs |     52 | 194688 |    72 | 1.00 | 1.00 |       188.6 |   209.6 |   185.8 
       abj-bka-kj |  46656 |    204 |   216 | 1.00 | 1.00 |       348.9 |   361.8 |   352.2 
       ajb-kba-jk |  44064 |    216 |   216 | 1.00 | 1.00 |       351.0 |   374.6 |   508.2 
     abjc-cbka-kj | 269568 |     52 |    72 | 1.00 | 1.00 |       128.6 |   122.3 |   125.9 
     ajbc-ckba-jk | 269568 |     72 |    52 | 1.00 | 1.00 |       150.0 |   148.9 |   146.0 
     abjc-kbac-jk | 194688 |     72 |    72 | 1.00 | 1.00 |       298.3 |   337.9 |   282.4 
   abjcd-dkbac-jk | 331776 |     24 |    24 | 1.00 | 1.00 |        58.1 |    54.6 |    53.8 
   adbjc-cbdka-kj | 331776 |     24 |    24 | 1.00 | 1.00 |        53.5 |    50.6 |    50.5 
   ajbdc-ckbad-jk | 331776 |     24 |    24 | 1.00 | 1.00 |        56.0 |    53.0 |    55.1 
 abcijk-ijma-mkbc |   9216 |   4096 |    24 | 1.00 | 0.99 |       164.6 |   162.3 |   160.6 
 abcijk-ijmb-mkac |   6144 |   6144 |    24 | 1.00 | 0.75 |       163.9 |   167.3 |   158.7 
 abcijk-ijmc-mkab |   6144 |   6144 |    24 | 1.00 | 0.75 |       120.2 |   133.3 |   113.1 
 abcijk-ikma-mjbc |   9216 |   4096 |    24 | 1.00 | 0.99 |       186.0 |   167.2 |   164.0 
 abcijk-ikmb-mjac |   6144 |   6144 |    24 | 1.00 | 0.75 |       174.3 |   164.1 |   147.2 
 abcijk-ikmc-mjab |   6144 |   6144 |    24 | 1.00 | 0.75 |       117.6 |   126.3 |   111.1 
 abcijk-jkma-mibc |   9216 |   4096 |    24 | 1.00 | 0.99 |       163.0 |   172.6 |   152.6 
 abcijk-jkmb-miac |   6144 |   6144 |    24 | 1.00 | 0.75 |       163.2 |   152.6 |   157.3 
 abcijk-jkmc-miab |   6144 |   6144 |    24 | 1.00 | 0.75 |       118.9 |   109.0 |   111.3 
 abcijk-eiab-jkec |   6144 |   6144 |    24 | 1.00 | 0.75 |       120.6 |   107.1 |   112.3 
 abcijk-eiac-jkeb |   6144 |   6144 |    24 | 1.00 | 0.75 |       176.0 |   156.2 |   149.1 
 abcijk-eibc-jkea |   4096 |   9216 |    24 | 1.00 | 0.99 |       172.3 |   170.6 |   156.4 
 abcijk-ejab-ikec |   6144 |   6144 |    24 | 1.00 | 0.75 |       119.0 |   136.3 |   117.3 
 abcijk-ejac-ikeb |   6144 |   6144 |    24 | 1.00 | 0.75 |       179.9 |   174.4 |   163.0 
 abcijk-ejbc-ikea |   4096 |   9216 |    24 | 1.00 | 0.99 |       187.4 |   181.9 |   167.9 
 abcijk-ekab-ijec |   6144 |   6144 |    24 | 1.00 | 0.75 |       120.0 |   131.8 |   118.2 
 abcijk-ekac-ijeb |   6144 |   6144 |    24 | 1.00 | 0.75 |       172.0 |   166.2 |   164.6 
 abcijk-ekbc-ijea |   4096 |   9216 |    24 | 1.00 | 0.99 |       183.6 |   176.6 |   170.1 
       abc-bk-akc |    216 |  44064 |   204 | 1.00 | 1.00 |       490.5 |   391.3 |   417.8 

=== complex efficiency ratio (c64 GF/s over f64 GF/s; 1.0 = no penalty) ===
             case | planar c64/f64 | 1m c64/f64 | 3m c64/f64 
------------------+----------------+------------+------------
         ij-ik-kj |          1.570 |      1.593 |      1.471 
       ij-ikl-ljk |          1.686 |      1.735 |      1.576 
       ij-kil-lkj |          1.832 |      1.634 |      1.398 
       ijk-ikl-lj |          1.964 |      1.937 |      1.726 
       ijk-il-jlk |          1.277 |      1.220 |      1.138 
       ijk-ilk-jl |          1.994 |      1.766 |      2.018 
       ijk-ilk-lj |          2.021 |      1.529 |      1.785 
     ijk-ilmk-mjl |          2.132 |      2.183 |      2.204 
   ijkl-imjn-lnkm |          1.512 |      1.565 |      1.327 
   ijkl-imjn-nlmk |          1.369 |      1.323 |      1.176 
   ijkl-imkn-jnlm |          1.401 |      1.325 |      1.148 
   ijkl-imkn-njml |          1.300 |      1.186 |      1.243 
   ijkl-imln-jnkm |          1.446 |      1.381 |      1.260 
   ijkl-imln-njmk |          1.501 |      1.428 |      1.351 
   ijkl-imnj-nlkm |          1.713 |      1.667 |      1.363 
   ijkl-imnk-njml |          1.502 |      1.351 |      1.249 
   ijkl-minj-nlmk |          1.376 |      1.428 |      1.270 
   ijkl-mink-jnlm |          1.431 |      1.389 |      1.225 
   ijkl-minl-njmk |          1.619 |      1.591 |      1.340 
     aqrs-pa-pqrs |          1.188 |      1.199 |      0.769 
     abrs-qb-aqrs |          1.945 |      1.784 |      1.538 
     abcs-rc-abrs |          1.968 |      2.187 |      1.939 
       abj-bka-kj |          1.683 |      1.746 |      1.699 
       ajb-kba-jk |          1.517 |      1.619 |      2.196 
     abjc-cbka-kj |          3.120 |      2.967 |      3.054 
     ajbc-ckba-jk |          2.738 |      2.716 |      2.664 
     abjc-kbac-jk |          1.841 |      2.086 |      1.743 
   abjcd-dkbac-jk |          2.807 |      2.638 |      2.602 
   adbjc-cbdka-kj |          2.635 |      2.490 |      2.485 
   ajbdc-ckbad-jk |          2.900 |      2.743 |      2.853 
 abcijk-ijma-mkbc |          1.641 |      1.618 |      1.601 
 abcijk-ijmb-mkac |          1.487 |      1.519 |      1.440 
 abcijk-ijmc-mkab |          1.983 |      2.199 |      1.866 
 abcijk-ikma-mjbc |          1.542 |      1.387 |      1.360 
 abcijk-ikmb-mjac |          1.830 |      1.723 |      1.546 
 abcijk-ikmc-mjab |          1.357 |      1.457 |      1.282 
 abcijk-jkma-mibc |          1.773 |      1.877 |      1.659 
 abcijk-jkmb-miac |          1.732 |      1.619 |      1.670 
 abcijk-jkmc-miab |          1.775 |      1.627 |      1.661 
 abcijk-eiab-jkec |          1.535 |      1.363 |      1.430 
 abcijk-eiac-jkeb |          1.803 |      1.600 |      1.528 
 abcijk-eibc-jkea |          1.792 |      1.774 |      1.627 
 abcijk-ejab-ikec |          1.321 |      1.514 |      1.303 
 abcijk-ejac-ikeb |          1.387 |      1.345 |      1.257 
 abcijk-ejbc-ikea |          1.447 |      1.405 |      1.297 
 abcijk-ekab-ijec |          1.264 |      1.389 |      1.246 
 abcijk-ekac-ijeb |          1.326 |      1.282 |      1.269 
 abcijk-ekbc-ijea |          1.347 |      1.295 |      1.247 
       abc-bk-akc |          2.380 |      1.899 |      2.027 
             MEAN |          1.749 |      1.700 |      1.615 

wrote bench-results/worker5137-zen2/phase4f/th-t64-f64c64.csv
