host        : worker5040
target      : x86_64 / linux
cpu features: avx2 fma 
caches      : L1=32KiB/8-way/1sh L2=512KiB/8-way/1sh L3=16384KiB/16-way/4sh (via sysfs), blocking=legacy
baselines   : tblis=false blas=false

sweeping 49 cases at 64 MiB nominal tensor size, 3 reps, stress=none


=== f64 ===
             case |      m |      n |     k | regA | regB | planar GF/s | 1m GF/s | 3m GF/s 
------------------+--------+--------+-------+------+------+-------------+---------+---------
         ij-ik-kj |   2904 |   2896 |  2904 | 1.00 | 1.00 |        40.4 |    40.4 |    40.4 
       ij-ikl-ljk |    216 |    204 | 44064 | 1.00 | 1.00 |        32.4 |    32.4 |    32.4 
       ij-kil-lkj |    216 |    204 | 46656 | 1.00 | 1.00 |        31.9 |    31.9 |    31.9 
       ijk-ikl-lj |  44064 |    204 |   216 | 1.00 | 1.00 |        33.2 |    33.2 |    33.2 
       ijk-il-jlk |    216 |  44064 |   204 | 1.00 | 1.00 |        34.1 |    34.1 |    34.1 
       ijk-ilk-jl |  44064 |    216 |   204 | 1.00 | 1.00 |        39.0 |    39.0 |    39.0 
       ijk-ilk-lj |  44064 |    204 |   216 | 1.00 | 1.00 |        39.2 |    39.2 |    39.2 
     ijk-ilmk-mjl |   3744 |     52 |  3744 | 1.00 | 1.00 |        28.9 |    28.9 |    28.9 
   ijkl-imjn-lnkm |   3744 |   3744 |  2704 | 1.00 | 0.92 |        40.6 |    40.6 |    40.6 
   ijkl-imjn-nlmk |   3744 |   2704 |  3744 | 1.00 | 0.92 |        40.6 |    40.6 |    40.6 
   ijkl-imkn-jnlm |   3744 |   3744 |  2704 | 1.00 | 1.00 |        39.2 |    39.2 |    39.2 
   ijkl-imkn-njml |   3744 |   2704 |  3744 | 1.00 | 0.92 |        39.4 |    39.4 |    39.4 
   ijkl-imln-jnkm |   3744 |   3744 |  2704 | 1.00 | 1.00 |        39.2 |    39.2 |    39.2 
   ijkl-imln-njmk |   3744 |   2704 |  3744 | 1.00 | 0.92 |        39.1 |    39.1 |    39.1 
   ijkl-imnj-nlkm |   3744 |   2704 |  3744 | 1.00 | 0.92 |        40.7 |    40.7 |    40.7 
   ijkl-imnk-njml |   3744 |   2704 |  3744 | 1.00 | 0.92 |        39.2 |    39.2 |    39.2 
   ijkl-minj-nlmk |   3744 |   2704 |  5184 | 1.00 | 0.92 |        39.9 |    39.9 |    39.9 
   ijkl-mink-jnlm |   3744 |   3744 |  3744 | 1.00 | 1.00 |        38.4 |    38.4 |    38.4 
   ijkl-minl-njmk |   3744 |   2704 |  5184 | 1.00 | 0.92 |        38.4 |    38.4 |    38.4 
     aqrs-pa-pqrs |     72 | 140608 |    72 | 1.00 | 1.00 |        24.4 |    24.4 |    24.4 
     abrs-qb-aqrs |     52 | 194688 |    72 | 1.00 | 1.00 |        24.1 |    24.1 |    24.1 
     abcs-rc-abrs |     52 | 194688 |    72 | 1.00 | 1.00 |        21.9 |    21.9 |    21.9 
       abj-bka-kj |  46656 |    204 |   216 | 1.00 | 1.00 |        35.4 |    35.4 |    35.4 
       ajb-kba-jk |  44064 |    216 |   216 | 1.00 | 1.00 |        40.2 |    40.2 |    40.2 
     abjc-cbka-kj | 269568 |     52 |    72 | 1.00 | 1.00 |        10.5 |    10.5 |    10.5 
     ajbc-ckba-jk | 269568 |     72 |    52 | 1.00 | 1.00 |        17.9 |    17.9 |    17.9 
     abjc-kbac-jk | 194688 |     72 |    72 | 1.00 | 1.00 |        31.1 |    31.1 |    31.1 
   abjcd-dkbac-jk | 331776 |     24 |    24 | 1.00 | 1.00 |         5.1 |     5.1 |     5.1 
   adbjc-cbdka-kj | 331776 |     24 |    24 | 1.00 | 1.00 |         4.2 |     4.2 |     4.2 
   ajbdc-ckbad-jk | 331776 |     24 |    24 | 1.00 | 1.00 |         4.8 |     4.8 |     4.8 
 abcijk-ijma-mkbc |   9216 |   4096 |    24 | 1.00 | 0.99 |        21.3 |    21.3 |    21.3 
 abcijk-ijmb-mkac |   6144 |   6144 |    24 | 1.00 | 0.75 |        19.2 |    19.2 |    19.2 
 abcijk-ijmc-mkab |   6144 |   6144 |    24 | 1.00 | 0.75 |        23.7 |    23.7 |    23.7 
 abcijk-ikma-mjbc |   9216 |   4096 |    24 | 1.00 | 0.99 |        21.3 |    21.3 |    21.3 
 abcijk-ikmb-mjac |   6144 |   6144 |    24 | 1.00 | 0.75 |        19.0 |    19.0 |    19.0 
 abcijk-ikmc-mjab |   6144 |   6144 |    24 | 1.00 | 0.75 |        23.6 |    23.6 |    23.6 
 abcijk-jkma-mibc |   9216 |   4096 |    24 | 1.00 | 0.99 |        21.6 |    21.6 |    21.6 
 abcijk-jkmb-miac |   6144 |   6144 |    24 | 1.00 | 0.75 |        18.6 |    18.6 |    18.6 
 abcijk-jkmc-miab |   6144 |   6144 |    24 | 1.00 | 0.75 |        22.0 |    22.0 |    22.0 
 abcijk-eiab-jkec |   6144 |   6144 |    24 | 1.00 | 0.75 |        21.9 |    21.9 |    21.9 
 abcijk-eiac-jkeb |   6144 |   6144 |    24 | 1.00 | 0.75 |        18.7 |    18.7 |    18.7 
 abcijk-eibc-jkea |   4096 |   9216 |    24 | 1.00 | 0.99 |        21.6 |    21.6 |    21.6 
 abcijk-ejab-ikec |   6144 |   6144 |    24 | 1.00 | 0.75 |        23.5 |    23.5 |    23.5 
 abcijk-ejac-ikeb |   6144 |   6144 |    24 | 1.00 | 0.75 |        18.9 |    18.9 |    18.9 
 abcijk-ejbc-ikea |   4096 |   9216 |    24 | 1.00 | 0.99 |        21.1 |    21.1 |    21.1 
 abcijk-ekab-ijec |   6144 |   6144 |    24 | 1.00 | 0.75 |        23.6 |    23.6 |    23.6 
 abcijk-ekac-ijeb |   6144 |   6144 |    24 | 1.00 | 0.75 |        18.9 |    18.9 |    18.9 
 abcijk-ekbc-ijea |   4096 |   9216 |    24 | 1.00 | 0.99 |        21.2 |    21.2 |    21.2 
       abc-bk-akc |    216 |  44064 |   204 | 1.00 | 1.00 |        38.8 |    38.8 |    38.8 

=== c64 ===
             case |      m |      n |     k | regA | regB | planar GF/s | 1m GF/s | 3m GF/s 
------------------+--------+--------+-------+------+------+-------------+---------+---------
         ij-ik-kj |   2904 |   2896 |  2904 | 1.00 | 1.00 |        42.4 |    43.2 |    42.2 
       ij-ikl-ljk |    216 |    204 | 44064 | 1.00 | 1.00 |        38.7 |    39.8 |    35.8 
       ij-kil-lkj |    216 |    204 | 46656 | 1.00 | 1.00 |        38.8 |    39.4 |    38.7 
       ijk-ikl-lj |  44064 |    204 |   216 | 1.00 | 1.00 |        39.6 |    39.4 |    39.3 
       ijk-il-jlk |    216 |  44064 |   204 | 1.00 | 0.98 |        41.6 |    43.6 |    39.1 
       ijk-ilk-jl |  44064 |    216 |   204 | 1.00 | 1.00 |        42.2 |    44.5 |    39.6 
       ijk-ilk-lj |  44064 |    204 |   216 | 1.00 | 1.00 |        42.8 |    44.4 |    39.4 
     ijk-ilmk-mjl |   3744 |     52 |  3744 | 1.00 | 1.00 |        34.3 |    34.8 |    29.1 
   ijkl-imjn-lnkm |   3744 |   3744 |  2704 | 1.00 | 0.92 |        43.6 |    44.6 |    42.5 
   ijkl-imjn-nlmk |   3744 |   2704 |  3744 | 1.00 | 0.92 |        43.7 |    44.6 |    42.5 
   ijkl-imkn-jnlm |   3744 |   3744 |  2704 | 1.00 | 0.95 |        43.1 |    43.6 |    41.1 
   ijkl-imkn-njml |   3744 |   2704 |  3744 | 1.00 | 0.92 |        43.2 |    43.4 |    41.1 
   ijkl-imln-jnkm |   3744 |   3744 |  2704 | 1.00 | 0.95 |        43.0 |    43.5 |    41.2 
   ijkl-imln-njmk |   3744 |   2704 |  3744 | 1.00 | 0.92 |        43.0 |    43.3 |    41.1 
   ijkl-imnj-nlkm |   3744 |   2704 |  3744 | 1.00 | 0.92 |        43.7 |    44.7 |    42.5 
   ijkl-imnk-njml |   3744 |   2704 |  3744 | 1.00 | 0.92 |        43.1 |    43.5 |    41.0 
   ijkl-minj-nlmk |   3744 |   2704 |  5184 | 1.00 | 0.92 |        43.2 |    44.0 |    43.5 
   ijkl-mink-jnlm |   3744 |   3744 |  3744 | 1.00 | 0.95 |        42.7 |    43.2 |    42.2 
   ijkl-minl-njmk |   3744 |   2704 |  5184 | 1.00 | 0.92 |        42.6 |    42.6 |    42.0 
     aqrs-pa-pqrs |     72 | 140608 |    72 | 1.00 | 1.00 |        31.8 |    34.5 |    32.0 
     abrs-qb-aqrs |     52 | 194688 |    72 | 1.00 | 1.00 |        30.1 |    32.2 |    27.9 
     abcs-rc-abrs |     52 | 194688 |    72 | 1.00 | 1.00 |        29.2 |    32.6 |    30.6 
       abj-bka-kj |  46656 |    204 |   216 | 1.00 | 1.00 |        41.5 |    40.6 |    40.9 
       ajb-kba-jk |  44064 |    216 |   216 | 1.00 | 1.00 |        43.1 |    45.1 |    44.4 
     abjc-cbka-kj | 269568 |     52 |    72 | 1.00 | 1.00 |        19.2 |    17.8 |    19.7 
     ajbc-ckba-jk | 269568 |     72 |    52 | 1.00 | 1.00 |        21.1 |    19.8 |    21.0 
     abjc-kbac-jk | 194688 |     72 |    72 | 1.00 | 1.00 |        35.3 |    38.0 |    37.9 
   abjcd-dkbac-jk | 331776 |     24 |    24 | 1.00 | 1.00 |        11.5 |     9.7 |    10.5 
   adbjc-cbdka-kj | 331776 |     24 |    24 | 1.00 | 1.00 |         9.9 |     8.4 |     9.4 
   ajbdc-ckbad-jk | 331776 |     24 |    24 | 1.00 | 1.00 |        10.6 |     9.3 |    10.0 
 abcijk-ijma-mkbc |   9216 |   4096 |    24 | 1.00 | 0.99 |        26.1 |    29.2 |    25.9 
 abcijk-ijmb-mkac |   6144 |   6144 |    24 | 1.00 | 0.75 |        26.3 |    28.9 |    25.6 
 abcijk-ijmc-mkab |   6144 |   6144 |    24 | 1.00 | 0.75 |        29.3 |    33.1 |    28.4 
 abcijk-ikma-mjbc |   9216 |   4096 |    24 | 1.00 | 0.99 |        26.3 |    29.2 |    26.0 
 abcijk-ikmb-mjac |   6144 |   6144 |    24 | 1.00 | 0.75 |        26.3 |    29.1 |    25.7 
 abcijk-ikmc-mjab |   6144 |   6144 |    24 | 1.00 | 0.75 |        29.3 |    33.1 |    28.4 
 abcijk-jkma-mibc |   9216 |   4096 |    24 | 1.00 | 0.99 |        26.2 |    29.3 |    25.9 
 abcijk-jkmb-miac |   6144 |   6144 |    24 | 1.00 | 0.75 |        25.7 |    27.7 |    25.5 
 abcijk-jkmc-miab |   6144 |   6144 |    24 | 1.00 | 0.75 |        28.4 |    29.5 |    28.0 
 abcijk-eiab-jkec |   6144 |   6144 |    24 | 1.00 | 0.75 |        28.1 |    29.5 |    27.8 
 abcijk-eiac-jkeb |   6144 |   6144 |    24 | 1.00 | 0.75 |        25.5 |    27.6 |    25.4 
 abcijk-eibc-jkea |   4096 |   9216 |    24 | 1.00 | 0.99 |        26.0 |    29.0 |    25.8 
 abcijk-ejab-ikec |   6144 |   6144 |    24 | 1.00 | 0.75 |        29.1 |    32.9 |    28.2 
 abcijk-ejac-ikeb |   6144 |   6144 |    24 | 1.00 | 0.75 |        26.0 |    29.0 |    25.4 
 abcijk-ejbc-ikea |   4096 |   9216 |    24 | 1.00 | 0.99 |        26.0 |    29.1 |    25.8 
 abcijk-ekab-ijec |   6144 |   6144 |    24 | 1.00 | 0.75 |        29.1 |    32.9 |    28.2 
 abcijk-ekac-ijeb |   6144 |   6144 |    24 | 1.00 | 0.75 |        26.1 |    28.9 |    25.2 
 abcijk-ekbc-ijea |   4096 |   9216 |    24 | 1.00 | 0.99 |        26.1 |    29.1 |    25.8 
       abc-bk-akc |    216 |  44064 |   204 | 1.00 | 1.00 |        42.4 |    44.4 |    40.0 

=== complex efficiency ratio (c64 GF/s over f64 GF/s; 1.0 = no penalty) ===
             case | planar c64/f64 | 1m c64/f64 | 3m c64/f64 
------------------+----------------+------------+------------
         ij-ik-kj |          1.051 |      1.070 |      1.046 
       ij-ikl-ljk |          1.196 |      1.231 |      1.107 
       ij-kil-lkj |          1.217 |      1.235 |      1.214 
       ijk-ikl-lj |          1.191 |      1.187 |      1.181 
       ijk-il-jlk |          1.219 |      1.278 |      1.146 
       ijk-ilk-jl |          1.081 |      1.141 |      1.014 
       ijk-ilk-lj |          1.090 |      1.132 |      1.005 
     ijk-ilmk-mjl |          1.188 |      1.206 |      1.008 
   ijkl-imjn-lnkm |          1.073 |      1.098 |      1.047 
   ijkl-imjn-nlmk |          1.074 |      1.098 |      1.045 
   ijkl-imkn-jnlm |          1.100 |      1.113 |      1.049 
   ijkl-imkn-njml |          1.096 |      1.102 |      1.045 
   ijkl-imln-jnkm |          1.097 |      1.108 |      1.050 
   ijkl-imln-njmk |          1.098 |      1.106 |      1.050 
   ijkl-imnj-nlkm |          1.074 |      1.098 |      1.044 
   ijkl-imnk-njml |          1.100 |      1.110 |      1.047 
   ijkl-minj-nlmk |          1.085 |      1.105 |      1.091 
   ijkl-mink-jnlm |          1.114 |      1.126 |      1.101 
   ijkl-minl-njmk |          1.110 |      1.110 |      1.094 
     aqrs-pa-pqrs |          1.302 |      1.411 |      1.310 
     abrs-qb-aqrs |          1.248 |      1.337 |      1.161 
     abcs-rc-abrs |          1.333 |      1.492 |      1.399 
       abj-bka-kj |          1.173 |      1.150 |      1.158 
       ajb-kba-jk |          1.072 |      1.121 |      1.104 
     abjc-cbka-kj |          1.832 |      1.697 |      1.877 
     ajbc-ckba-jk |          1.180 |      1.106 |      1.177 
     abjc-kbac-jk |          1.136 |      1.222 |      1.220 
   abjcd-dkbac-jk |          2.274 |      1.919 |      2.067 
   adbjc-cbdka-kj |          2.350 |      2.005 |      2.225 
   ajbdc-ckbad-jk |          2.188 |      1.912 |      2.058 
 abcijk-ijma-mkbc |          1.226 |      1.369 |      1.216 
 abcijk-ijmb-mkac |          1.373 |      1.509 |      1.335 
 abcijk-ijmc-mkab |          1.234 |      1.396 |      1.195 
 abcijk-ikma-mjbc |          1.231 |      1.369 |      1.220 
 abcijk-ikmb-mjac |          1.383 |      1.534 |      1.352 
 abcijk-ikmc-mjab |          1.242 |      1.405 |      1.206 
 abcijk-jkma-mibc |          1.210 |      1.353 |      1.198 
 abcijk-jkmb-miac |          1.380 |      1.491 |      1.373 
 abcijk-jkmc-miab |          1.291 |      1.343 |      1.274 
 abcijk-eiab-jkec |          1.283 |      1.345 |      1.267 
 abcijk-eiac-jkeb |          1.367 |      1.482 |      1.359 
 abcijk-eibc-jkea |          1.201 |      1.343 |      1.195 
 abcijk-ejab-ikec |          1.240 |      1.404 |      1.200 
 abcijk-ejac-ikeb |          1.373 |      1.531 |      1.340 
 abcijk-ejbc-ikea |          1.231 |      1.378 |      1.223 
 abcijk-ekab-ijec |          1.233 |      1.392 |      1.192 
 abcijk-ekac-ijeb |          1.380 |      1.528 |      1.336 
 abcijk-ekbc-ijea |          1.229 |      1.373 |      1.218 
       abc-bk-akc |          1.091 |      1.143 |      1.031 
             MEAN |          1.276 |      1.321 |      1.242 

wrote bench-results/worker5040-zen2/phase4e/bl-ck256-f64c64.csv
