host        : worker5040
target      : x86_64 / linux
cpu features: avx2 fma 
caches      : L1=32KiB/8-way/1sh L2=512KiB/8-way/1sh L3=16384KiB/16-way/4sh (via sysfs), blocking=legacy
baselines   : tblis=false blas=false

sweeping 49 cases at 64 MiB nominal tensor size, 3 reps, stress=none


=== f32 ===
             case |      m |      n |     k | regA | regB | planar GF/s | 1m GF/s | 3m GF/s 
------------------+--------+--------+-------+------+------+-------------+---------+---------
         ij-ik-kj |   2904 |   2896 |  2904 | 1.00 | 1.00 |        87.0 |    87.0 |    87.0 
       ij-ikl-ljk |    216 |    204 | 44064 | 1.00 | 1.00 |        49.7 |    49.7 |    49.7 
       ij-kil-lkj |    216 |    204 | 46656 | 1.00 | 1.00 |        56.2 |    56.2 |    56.2 
       ijk-ikl-lj |  44064 |    204 |   216 | 1.00 | 1.00 |        67.2 |    67.2 |    67.2 
       ijk-il-jlk |    216 |  44064 |   204 | 1.00 | 1.00 |        68.7 |    68.7 |    68.7 
       ijk-ilk-jl |  44064 |    216 |   204 | 0.96 | 1.00 |        67.2 |    67.2 |    67.2 
       ijk-ilk-lj |  44064 |    204 |   216 | 0.96 | 1.00 |        66.2 |    66.2 |    66.2 
     ijk-ilmk-mjl |   3744 |     52 |  3744 | 0.89 | 1.00 |        46.7 |    46.7 |    46.7 
   ijkl-imjn-lnkm |   3744 |   3744 |  2704 | 0.89 | 0.92 |        86.8 |    86.8 |    86.8 
   ijkl-imjn-nlmk |   3744 |   2704 |  3744 | 0.89 | 0.92 |        87.4 |    87.4 |    87.4 
   ijkl-imkn-jnlm |   3744 |   3744 |  2704 | 0.89 | 1.00 |        85.2 |    85.2 |    85.2 
   ijkl-imkn-njml |   3744 |   2704 |  3744 | 0.89 | 0.92 |        84.8 |    84.8 |    84.8 
   ijkl-imln-jnkm |   3744 |   3744 |  2704 | 0.89 | 1.00 |        85.7 |    85.7 |    85.7 
   ijkl-imln-njmk |   3744 |   2704 |  3744 | 0.89 | 0.92 |        85.0 |    85.0 |    85.0 
   ijkl-imnj-nlkm |   3744 |   2704 |  3744 | 0.89 | 0.92 |        87.3 |    87.3 |    87.3 
   ijkl-imnk-njml |   3744 |   2704 |  3744 | 0.89 | 0.92 |        84.5 |    84.5 |    84.5 
   ijkl-minj-nlmk |   3744 |   2704 |  5184 | 0.89 | 0.92 |        86.6 |    86.6 |    86.6 
   ijkl-mink-jnlm |   3744 |   3744 |  3744 | 0.89 | 1.00 |        85.2 |    85.2 |    85.2 
   ijkl-minl-njmk |   3744 |   2704 |  5184 | 0.89 | 0.92 |        84.4 |    84.4 |    84.4 
     aqrs-pa-pqrs |     72 | 140608 |    72 | 1.00 | 1.00 |        44.4 |    44.4 |    44.4 
     abrs-qb-aqrs |     52 | 194688 |    72 | 0.89 | 1.00 |        44.0 |    44.0 |    44.0 
     abcs-rc-abrs |     52 | 194688 |    72 | 1.00 | 1.00 |        39.9 |    39.9 |    39.9 
       abj-bka-kj |  46656 |    204 |   216 | 0.96 | 1.00 |        67.9 |    67.9 |    67.9 
       ajb-kba-jk |  44064 |    216 |   216 | 0.96 | 1.00 |        80.5 |    80.5 |    80.5 
     abjc-cbka-kj | 269568 |     52 |    72 | 0.89 | 1.00 |        17.7 |    17.7 |    17.7 
     ajbc-ckba-jk | 269568 |     72 |    52 | 0.89 | 1.00 |        34.1 |    34.1 |    34.1 
     abjc-kbac-jk | 194688 |     72 |    72 | 0.89 | 1.00 |        55.4 |    55.4 |    55.4 
   abjcd-dkbac-jk | 331776 |     24 |    24 | 0.67 | 1.00 |         9.1 |     9.1 |     9.1 
   adbjc-cbdka-kj | 331776 |     24 |    24 | 0.67 | 1.00 |         6.7 |     6.7 |     6.7 
   ajbdc-ckbad-jk | 331776 |     24 |    24 | 1.00 | 1.00 |         6.9 |     6.9 |     6.9 
 abcijk-ijma-mkbc |   9216 |   4096 |    24 | 1.00 | 1.00 |        30.1 |    30.1 |    30.1 
 abcijk-ijmb-mkac |   6144 |   6144 |    24 | 1.00 | 1.00 |        26.2 |    26.2 |    26.2 
 abcijk-ijmc-mkab |   6144 |   6144 |    24 | 1.00 | 0.75 |        41.4 |    41.4 |    41.4 
 abcijk-ikma-mjbc |   9216 |   4096 |    24 | 1.00 | 1.00 |        30.0 |    30.0 |    30.0 
 abcijk-ikmb-mjac |   6144 |   6144 |    24 | 1.00 | 1.00 |        25.6 |    25.6 |    25.6 
 abcijk-ikmc-mjab |   6144 |   6144 |    24 | 1.00 | 0.75 |        41.5 |    41.5 |    41.5 
 abcijk-jkma-mibc |   9216 |   4096 |    24 | 1.00 | 1.00 |        29.8 |    29.8 |    29.8 
 abcijk-jkmb-miac |   6144 |   6144 |    24 | 1.00 | 1.00 |        26.2 |    26.2 |    26.2 
 abcijk-jkmc-miab |   6144 |   6144 |    24 | 1.00 | 0.75 |        39.8 |    39.8 |    39.8 
 abcijk-eiab-jkec |   6144 |   6144 |    24 | 1.00 | 0.75 |        40.2 |    40.2 |    40.2 
 abcijk-eiac-jkeb |   6144 |   6144 |    24 | 1.00 | 1.00 |        26.0 |    26.0 |    26.0 
 abcijk-eibc-jkea |   4096 |   9216 |    24 | 1.00 | 1.00 |        29.9 |    29.9 |    29.9 
 abcijk-ejab-ikec |   6144 |   6144 |    24 | 1.00 | 0.75 |        41.3 |    41.3 |    41.3 
 abcijk-ejac-ikeb |   6144 |   6144 |    24 | 1.00 | 1.00 |        25.4 |    25.4 |    25.4 
 abcijk-ejbc-ikea |   4096 |   9216 |    24 | 1.00 | 1.00 |        29.9 |    29.9 |    29.9 
 abcijk-ekab-ijec |   6144 |   6144 |    24 | 1.00 | 0.75 |        41.4 |    41.4 |    41.4 
 abcijk-ekac-ijeb |   6144 |   6144 |    24 | 1.00 | 1.00 |        25.2 |    25.2 |    25.2 
 abcijk-ekbc-ijea |   4096 |   9216 |    24 | 1.00 | 1.00 |        30.0 |    30.0 |    30.0 
       abc-bk-akc |    216 |  44064 |   204 | 0.96 | 1.00 |        66.1 |    66.1 |    66.1 

=== c32 ===
             case |      m |      n |     k | regA | regB | planar GF/s | 1m GF/s | 3m GF/s 
------------------+--------+--------+-------+------+------+-------------+---------+---------
         ij-ik-kj |   2904 |   2896 |  2904 | 1.00 | 1.00 |        87.8 |    87.1 |    87.6 
       ij-ikl-ljk |    216 |    204 | 44064 | 1.00 | 1.00 |        75.7 |    71.4 |    69.8 
       ij-kil-lkj |    216 |    204 | 46656 | 1.00 | 1.00 |        76.6 |    77.1 |    77.7 
       ijk-ikl-lj |  44064 |    204 |   216 | 1.00 | 1.00 |        77.6 |    83.0 |    80.8 
       ijk-il-jlk |    216 |  44064 |   204 | 1.00 | 0.98 |        81.9 |    83.6 |    78.0 
       ijk-ilk-jl |  44064 |    216 |   204 | 1.00 | 1.00 |        82.6 |    81.2 |    79.8 
       ijk-ilk-lj |  44064 |    204 |   216 | 1.00 | 1.00 |        83.5 |    81.4 |    80.6 
     ijk-ilmk-mjl |   3744 |     52 |  3744 | 1.00 | 1.00 |        66.2 |    65.3 |    63.2 
   ijkl-imjn-lnkm |   3744 |   3744 |  2704 | 1.00 | 0.92 |        89.5 |    90.0 |    88.9 
   ijkl-imjn-nlmk |   3744 |   2704 |  3744 | 1.00 | 0.92 |        89.5 |    88.9 |    89.1 
   ijkl-imkn-jnlm |   3744 |   3744 |  2704 | 1.00 | 0.95 |        88.5 |    89.0 |    87.8 
   ijkl-imkn-njml |   3744 |   2704 |  3744 | 1.00 | 0.92 |        88.5 |    88.4 |    87.7 
   ijkl-imln-jnkm |   3744 |   3744 |  2704 | 1.00 | 0.95 |        88.5 |    88.9 |    87.9 
   ijkl-imln-njmk |   3744 |   2704 |  3744 | 1.00 | 0.92 |        88.6 |    88.5 |    87.7 
   ijkl-imnj-nlkm |   3744 |   2704 |  3744 | 1.00 | 0.92 |        89.5 |    89.3 |    89.4 
   ijkl-imnk-njml |   3744 |   2704 |  3744 | 1.00 | 0.92 |        88.3 |    88.6 |    87.7 
   ijkl-minj-nlmk |   3744 |   2704 |  5184 | 1.00 | 0.92 |        88.8 |    88.8 |    90.0 
   ijkl-mink-jnlm |   3744 |   3744 |  3744 | 1.00 | 0.95 |        88.2 |    89.1 |    89.1 
   ijkl-minl-njmk |   3744 |   2704 |  5184 | 1.00 | 0.92 |        87.7 |    88.1 |    88.4 
     aqrs-pa-pqrs |     72 | 140608 |    72 | 1.00 | 1.00 |        58.4 |    64.3 |    58.5 
     abrs-qb-aqrs |     52 | 194688 |    72 | 1.00 | 1.00 |        57.1 |    54.2 |    50.6 
     abcs-rc-abrs |     52 | 194688 |    72 | 1.00 | 1.00 |        59.7 |    66.9 |    59.3 
       abj-bka-kj |  46656 |    204 |   216 | 1.00 | 1.00 |        79.7 |    81.4 |    79.0 
       ajb-kba-jk |  44064 |    216 |   216 | 1.00 | 1.00 |        85.9 |    90.2 |    89.6 
     abjc-cbka-kj | 269568 |     52 |    72 | 1.00 | 1.00 |        32.4 |    25.0 |    28.8 
     ajbc-ckba-jk | 269568 |     72 |    52 | 1.00 | 1.00 |        46.5 |    37.6 |    40.9 
     abjc-kbac-jk | 194688 |     72 |    72 | 1.00 | 1.00 |        66.7 |    69.9 |    67.8 
   abjcd-dkbac-jk | 331776 |     24 |    24 | 1.00 | 1.00 |        17.4 |    13.8 |    15.7 
   adbjc-cbdka-kj | 331776 |     24 |    24 | 1.00 | 1.00 |        14.7 |    11.9 |    13.3 
   ajbdc-ckbad-jk | 331776 |     24 |    24 | 1.00 | 1.00 |        17.1 |    13.9 |    15.5 
 abcijk-ijma-mkbc |   9216 |   4096 |    24 | 1.00 | 0.99 |        52.4 |    60.0 |    51.6 
 abcijk-ijmb-mkac |   6144 |   6144 |    24 | 1.00 | 0.75 |        50.1 |    57.2 |    49.9 
 abcijk-ijmc-mkab |   6144 |   6144 |    24 | 1.00 | 0.75 |        53.6 |    61.3 |    52.5 
 abcijk-ikma-mjbc |   9216 |   4096 |    24 | 1.00 | 0.99 |        52.0 |    59.7 |    51.7 
 abcijk-ikmb-mjac |   6144 |   6144 |    24 | 1.00 | 0.75 |        49.6 |    57.2 |    49.9 
 abcijk-ikmc-mjab |   6144 |   6144 |    24 | 1.00 | 0.75 |        53.8 |    61.6 |    52.9 
 abcijk-jkma-mibc |   9216 |   4096 |    24 | 1.00 | 0.99 |        52.6 |    60.0 |    51.9 
 abcijk-jkmb-miac |   6144 |   6144 |    24 | 1.00 | 0.75 |        49.6 |    56.6 |    49.8 
 abcijk-jkmc-miab |   6144 |   6144 |    24 | 1.00 | 0.75 |        53.1 |    60.8 |    52.3 
 abcijk-eiab-jkec |   6144 |   6144 |    24 | 1.00 | 0.75 |        52.7 |    61.0 |    52.2 
 abcijk-eiac-jkeb |   6144 |   6144 |    24 | 1.00 | 0.75 |        49.6 |    56.8 |    49.8 
 abcijk-eibc-jkea |   4096 |   9216 |    24 | 1.00 | 0.99 |        52.5 |    60.3 |    51.7 
 abcijk-ejab-ikec |   6144 |   6144 |    24 | 1.00 | 0.75 |        53.1 |    61.3 |    52.7 
 abcijk-ejac-ikeb |   6144 |   6144 |    24 | 1.00 | 0.75 |        49.4 |    56.8 |    49.7 
 abcijk-ejbc-ikea |   4096 |   9216 |    24 | 1.00 | 0.99 |        52.4 |    60.2 |    51.6 
 abcijk-ekab-ijec |   6144 |   6144 |    24 | 1.00 | 0.75 |        53.4 |    61.7 |    52.9 
 abcijk-ekac-ijeb |   6144 |   6144 |    24 | 1.00 | 0.75 |        49.7 |    56.9 |    49.8 
 abcijk-ekbc-ijea |   4096 |   9216 |    24 | 1.00 | 0.99 |        52.3 |    60.2 |    51.7 
       abc-bk-akc |    216 |  44064 |   204 | 1.00 | 1.00 |        81.1 |    82.0 |    78.5 

=== complex efficiency ratio (c32 GF/s over f32 GF/s; 1.0 = no penalty) ===
             case | planar c32/f32 | 1m c32/f32 | 3m c32/f32 
------------------+----------------+------------+------------
         ij-ik-kj |          1.009 |      1.001 |      1.007 
       ij-ikl-ljk |          1.523 |      1.437 |      1.406 
       ij-kil-lkj |          1.364 |      1.372 |      1.382 
       ijk-ikl-lj |          1.155 |      1.235 |      1.203 
       ijk-il-jlk |          1.191 |      1.215 |      1.134 
       ijk-ilk-jl |          1.229 |      1.208 |      1.188 
       ijk-ilk-lj |          1.261 |      1.229 |      1.217 
     ijk-ilmk-mjl |          1.419 |      1.399 |      1.353 
   ijkl-imjn-lnkm |          1.031 |      1.037 |      1.024 
   ijkl-imjn-nlmk |          1.024 |      1.017 |      1.019 
   ijkl-imkn-jnlm |          1.039 |      1.044 |      1.031 
   ijkl-imkn-njml |          1.043 |      1.042 |      1.034 
   ijkl-imln-jnkm |          1.033 |      1.037 |      1.025 
   ijkl-imln-njmk |          1.042 |      1.042 |      1.031 
   ijkl-imnj-nlkm |          1.025 |      1.024 |      1.025 
   ijkl-imnk-njml |          1.045 |      1.049 |      1.038 
   ijkl-minj-nlmk |          1.025 |      1.025 |      1.038 
   ijkl-mink-jnlm |          1.036 |      1.046 |      1.046 
   ijkl-minl-njmk |          1.039 |      1.044 |      1.046 
     aqrs-pa-pqrs |          1.314 |      1.447 |      1.317 
     abrs-qb-aqrs |          1.296 |      1.230 |      1.149 
     abcs-rc-abrs |          1.497 |      1.678 |      1.488 
       abj-bka-kj |          1.175 |      1.199 |      1.164 
       ajb-kba-jk |          1.068 |      1.120 |      1.114 
     abjc-cbka-kj |          1.828 |      1.412 |      1.627 
     ajbc-ckba-jk |          1.364 |      1.101 |      1.200 
     abjc-kbac-jk |          1.204 |      1.262 |      1.225 
   abjcd-dkbac-jk |          1.912 |      1.525 |      1.731 
   adbjc-cbdka-kj |          2.191 |      1.776 |      1.983 
   ajbdc-ckbad-jk |          2.484 |      2.024 |      2.252 
 abcijk-ijma-mkbc |          1.742 |      1.994 |      1.715 
 abcijk-ijmb-mkac |          1.913 |      2.186 |      1.907 
 abcijk-ijmc-mkab |          1.294 |      1.479 |      1.269 
 abcijk-ikma-mjbc |          1.735 |      1.990 |      1.723 
 abcijk-ikmb-mjac |          1.937 |      2.231 |      1.945 
 abcijk-ikmc-mjab |          1.294 |      1.482 |      1.274 
 abcijk-jkma-mibc |          1.762 |      2.012 |      1.741 
 abcijk-jkmb-miac |          1.892 |      2.155 |      1.898 
 abcijk-jkmc-miab |          1.334 |      1.528 |      1.315 
 abcijk-eiab-jkec |          1.311 |      1.517 |      1.298 
 abcijk-eiac-jkeb |          1.906 |      2.182 |      1.913 
 abcijk-eibc-jkea |          1.755 |      2.015 |      1.729 
 abcijk-ejab-ikec |          1.288 |      1.487 |      1.277 
 abcijk-ejac-ikeb |          1.944 |      2.236 |      1.953 
 abcijk-ejbc-ikea |          1.753 |      2.014 |      1.727 
 abcijk-ekab-ijec |          1.289 |      1.488 |      1.277 
 abcijk-ekac-ijeb |          1.971 |      2.258 |      1.976 
 abcijk-ekbc-ijea |          1.740 |      2.004 |      1.722 
       abc-bk-akc |          1.227 |      1.241 |      1.188 
             MEAN |          1.428 |      1.485 |      1.395 

wrote bench-results/worker5040-zen2/phase4e/bl-ck512-f32c32.csv
