host        : worker5040
target      : x86_64 / linux
cpu features: avx2 fma 
caches      : L1=32KiB/8-way/1sh L2=512KiB/8-way/1sh L3=16384KiB/16-way/4sh (via sysfs), blocking=legacy
baselines   : tblis=false blas=false

sweeping 49 cases at 64 MiB nominal tensor size, 3 reps, stress=none


=== f64 ===
             case |      m |      n |     k | regA | regB | planar GF/s | 1m GF/s | 3m GF/s 
------------------+--------+--------+-------+------+------+-------------+---------+---------
         ij-ik-kj |   2904 |   2896 |  2904 | 1.00 | 1.00 |        41.7 |    41.7 |    41.7 
       ij-ikl-ljk |    216 |    204 | 44064 | 1.00 | 1.00 |        34.0 |    34.0 |    34.0 
       ij-kil-lkj |    216 |    204 | 46656 | 1.00 | 1.00 |        34.2 |    34.2 |    34.2 
       ijk-ikl-lj |  44064 |    204 |   216 | 1.00 | 1.00 |        33.9 |    33.9 |    33.9 
       ijk-il-jlk |    216 |  44064 |   204 | 1.00 | 1.00 |        34.9 |    34.9 |    34.9 
       ijk-ilk-jl |  44064 |    216 |   204 | 1.00 | 1.00 |        39.3 |    39.3 |    39.3 
       ijk-ilk-lj |  44064 |    204 |   216 | 1.00 | 1.00 |        40.2 |    40.2 |    40.2 
     ijk-ilmk-mjl |   3744 |     52 |  3744 | 1.00 | 1.00 |        30.4 |    30.4 |    30.4 
   ijkl-imjn-lnkm |   3744 |   3744 |  2704 | 1.00 | 0.92 |        42.9 |    42.9 |    42.9 
   ijkl-imjn-nlmk |   3744 |   2704 |  3744 | 1.00 | 0.92 |        43.6 |    43.6 |    43.6 
   ijkl-imkn-jnlm |   3744 |   3744 |  2704 | 1.00 | 1.00 |        42.0 |    42.0 |    42.0 
   ijkl-imkn-njml |   3744 |   2704 |  3744 | 1.00 | 0.92 |        42.6 |    42.6 |    42.6 
   ijkl-imln-jnkm |   3744 |   3744 |  2704 | 1.00 | 1.00 |        42.1 |    42.1 |    42.1 
   ijkl-imln-njmk |   3744 |   2704 |  3744 | 1.00 | 0.92 |        42.5 |    42.5 |    42.5 
   ijkl-imnj-nlkm |   3744 |   2704 |  3744 | 1.00 | 0.92 |        43.7 |    43.7 |    43.7 
   ijkl-imnk-njml |   3744 |   2704 |  3744 | 1.00 | 0.92 |        42.4 |    42.4 |    42.4 
   ijkl-minj-nlmk |   3744 |   2704 |  5184 | 1.00 | 0.92 |        42.4 |    42.4 |    42.4 
   ijkl-mink-jnlm |   3744 |   3744 |  3744 | 1.00 | 1.00 |        41.7 |    41.7 |    41.7 
   ijkl-minl-njmk |   3744 |   2704 |  5184 | 1.00 | 0.92 |        41.3 |    41.3 |    41.3 
     aqrs-pa-pqrs |     72 | 140608 |    72 | 1.00 | 1.00 |        24.5 |    24.5 |    24.5 
     abrs-qb-aqrs |     52 | 194688 |    72 | 1.00 | 1.00 |        24.1 |    24.1 |    24.1 
     abcs-rc-abrs |     52 | 194688 |    72 | 1.00 | 1.00 |        22.7 |    22.7 |    22.7 
       abj-bka-kj |  46656 |    204 |   216 | 1.00 | 1.00 |        35.9 |    35.9 |    35.9 
       ajb-kba-jk |  44064 |    216 |   216 | 1.00 | 1.00 |        41.7 |    41.7 |    41.7 
     abjc-cbka-kj | 269568 |     52 |    72 | 1.00 | 1.00 |        10.7 |    10.7 |    10.7 
     ajbc-ckba-jk | 269568 |     72 |    52 | 1.00 | 1.00 |        17.9 |    17.9 |    17.9 
     abjc-kbac-jk | 194688 |     72 |    72 | 1.00 | 1.00 |        30.8 |    30.8 |    30.8 
   abjcd-dkbac-jk | 331776 |     24 |    24 | 1.00 | 1.00 |         5.1 |     5.1 |     5.1 
   adbjc-cbdka-kj | 331776 |     24 |    24 | 1.00 | 1.00 |         4.3 |     4.3 |     4.3 
   ajbdc-ckbad-jk | 331776 |     24 |    24 | 1.00 | 1.00 |         5.0 |     5.0 |     5.0 
 abcijk-ijma-mkbc |   9216 |   4096 |    24 | 1.00 | 0.99 |        21.9 |    21.9 |    21.9 
 abcijk-ijmb-mkac |   6144 |   6144 |    24 | 1.00 | 0.75 |        19.6 |    19.6 |    19.6 
 abcijk-ijmc-mkab |   6144 |   6144 |    24 | 1.00 | 0.75 |        23.6 |    23.6 |    23.6 
 abcijk-ikma-mjbc |   9216 |   4096 |    24 | 1.00 | 0.99 |        21.7 |    21.7 |    21.7 
 abcijk-ikmb-mjac |   6144 |   6144 |    24 | 1.00 | 0.75 |        19.6 |    19.6 |    19.6 
 abcijk-ikmc-mjab |   6144 |   6144 |    24 | 1.00 | 0.75 |        23.3 |    23.3 |    23.3 
 abcijk-jkma-mibc |   9216 |   4096 |    24 | 1.00 | 0.99 |        21.9 |    21.9 |    21.9 
 abcijk-jkmb-miac |   6144 |   6144 |    24 | 1.00 | 0.75 |        19.6 |    19.6 |    19.6 
 abcijk-jkmc-miab |   6144 |   6144 |    24 | 1.00 | 0.75 |        22.7 |    22.7 |    22.7 
 abcijk-eiab-jkec |   6144 |   6144 |    24 | 1.00 | 0.75 |        22.7 |    22.7 |    22.7 
 abcijk-eiac-jkeb |   6144 |   6144 |    24 | 1.00 | 0.75 |        19.6 |    19.6 |    19.6 
 abcijk-eibc-jkea |   4096 |   9216 |    24 | 1.00 | 0.99 |        22.0 |    22.0 |    22.0 
 abcijk-ejab-ikec |   6144 |   6144 |    24 | 1.00 | 0.75 |        23.6 |    23.6 |    23.6 
 abcijk-ejac-ikeb |   6144 |   6144 |    24 | 1.00 | 0.75 |        19.8 |    19.8 |    19.8 
 abcijk-ejbc-ikea |   4096 |   9216 |    24 | 1.00 | 0.99 |        22.0 |    22.0 |    22.0 
 abcijk-ekab-ijec |   6144 |   6144 |    24 | 1.00 | 0.75 |        23.6 |    23.6 |    23.6 
 abcijk-ekac-ijeb |   6144 |   6144 |    24 | 1.00 | 0.75 |        19.8 |    19.8 |    19.8 
 abcijk-ekbc-ijea |   4096 |   9216 |    24 | 1.00 | 0.99 |        22.0 |    22.0 |    22.0 
       abc-bk-akc |    216 |  44064 |   204 | 1.00 | 1.00 |        39.5 |    39.5 |    39.5 

=== c64 ===
             case |      m |      n |     k | regA | regB | planar GF/s | 1m GF/s | 3m GF/s 
------------------+--------+--------+-------+------+------+-------------+---------+---------
         ij-ik-kj |   2904 |   2896 |  2904 | 1.00 | 1.00 |        43.2 |    42.7 |    42.4 
       ij-ikl-ljk |    216 |    204 | 44064 | 1.00 | 1.00 |        40.0 |    41.7 |    37.2 
       ij-kil-lkj |    216 |    204 | 46656 | 1.00 | 1.00 |        40.2 |    41.3 |    40.8 
       ijk-ikl-lj |  44064 |    204 |   216 | 1.00 | 1.00 |        39.9 |    41.2 |    40.2 
       ijk-il-jlk |    216 |  44064 |   204 | 1.00 | 0.98 |        41.4 |    43.9 |    39.2 
       ijk-ilk-jl |  44064 |    216 |   204 | 1.00 | 1.00 |        42.1 |    45.4 |    41.1 
       ijk-ilk-lj |  44064 |    204 |   216 | 1.00 | 1.00 |        43.1 |    45.4 |    41.0 
     ijk-ilmk-mjl |   3744 |     52 |  3744 | 1.00 | 1.00 |        35.4 |    35.9 |    30.2 
   ijkl-imjn-lnkm |   3744 |   3744 |  2704 | 1.00 | 0.92 |        44.3 |    45.1 |    41.7 
   ijkl-imjn-nlmk |   3744 |   2704 |  3744 | 1.00 | 0.92 |        44.8 |    45.9 |    42.2 
   ijkl-imkn-jnlm |   3744 |   3744 |  2704 | 1.00 | 0.95 |        43.9 |    44.2 |    40.8 
   ijkl-imkn-njml |   3744 |   2704 |  3744 | 1.00 | 0.92 |        44.5 |    44.8 |    41.4 
   ijkl-imln-jnkm |   3744 |   3744 |  2704 | 1.00 | 0.95 |        43.9 |    44.4 |    40.8 
   ijkl-imln-njmk |   3744 |   2704 |  3744 | 1.00 | 0.92 |        44.3 |    44.7 |    41.3 
   ijkl-imnj-nlkm |   3744 |   2704 |  3744 | 1.00 | 0.92 |        44.9 |    45.8 |    42.1 
   ijkl-imnk-njml |   3744 |   2704 |  3744 | 1.00 | 0.92 |        44.5 |    44.8 |    41.3 
   ijkl-minj-nlmk |   3744 |   2704 |  5184 | 1.00 | 0.92 |        44.3 |    44.7 |    43.7 
   ijkl-mink-jnlm |   3744 |   3744 |  3744 | 1.00 | 0.95 |        43.9 |    44.2 |    42.8 
   ijkl-minl-njmk |   3744 |   2704 |  5184 | 1.00 | 0.92 |        43.8 |    43.7 |    42.8 
     aqrs-pa-pqrs |     72 | 140608 |    72 | 1.00 | 1.00 |        31.9 |    34.3 |    31.7 
     abrs-qb-aqrs |     52 | 194688 |    72 | 1.00 | 1.00 |        30.0 |    32.4 |    25.3 
     abcs-rc-abrs |     52 | 194688 |    72 | 1.00 | 1.00 |        29.2 |    32.6 |    31.0 
       abj-bka-kj |  46656 |    204 |   216 | 1.00 | 1.00 |        40.5 |    41.2 |    41.3 
       ajb-kba-jk |  44064 |    216 |   216 | 1.00 | 1.00 |        43.7 |    46.3 |    45.6 
     abjc-cbka-kj | 269568 |     52 |    72 | 1.00 | 1.00 |        19.7 |    16.6 |    19.3 
     ajbc-ckba-jk | 269568 |     72 |    52 | 1.00 | 1.00 |        21.2 |    19.8 |    20.9 
     abjc-kbac-jk | 194688 |     72 |    72 | 1.00 | 1.00 |        35.3 |    38.4 |    38.0 
   abjcd-dkbac-jk | 331776 |     24 |    24 | 1.00 | 1.00 |        11.4 |     9.7 |    10.6 
   adbjc-cbdka-kj | 331776 |     24 |    24 | 1.00 | 1.00 |        10.2 |     8.6 |     9.5 
   ajbdc-ckbad-jk | 331776 |     24 |    24 | 1.00 | 1.00 |        10.9 |     9.4 |    10.2 
 abcijk-ijma-mkbc |   9216 |   4096 |    24 | 1.00 | 0.99 |        25.9 |    28.5 |    25.2 
 abcijk-ijmb-mkac |   6144 |   6144 |    24 | 1.00 | 0.75 |        26.0 |    29.0 |    25.3 
 abcijk-ijmc-mkab |   6144 |   6144 |    24 | 1.00 | 0.75 |        29.1 |    32.6 |    27.8 
 abcijk-ikma-mjbc |   9216 |   4096 |    24 | 1.00 | 0.99 |        26.0 |    28.7 |    25.5 
 abcijk-ikmb-mjac |   6144 |   6144 |    24 | 1.00 | 0.75 |        26.2 |    28.9 |    25.2 
 abcijk-ikmc-mjab |   6144 |   6144 |    24 | 1.00 | 0.75 |        29.1 |    32.5 |    27.8 
 abcijk-jkma-mibc |   9216 |   4096 |    24 | 1.00 | 0.99 |        26.0 |    28.9 |    25.9 
 abcijk-jkmb-miac |   6144 |   6144 |    24 | 1.00 | 0.75 |        26.2 |    28.6 |    25.2 
 abcijk-jkmc-miab |   6144 |   6144 |    24 | 1.00 | 0.75 |        28.7 |    32.0 |    27.4 
 abcijk-eiab-jkec |   6144 |   6144 |    24 | 1.00 | 0.75 |        28.7 |    32.2 |    27.5 
 abcijk-eiac-jkeb |   6144 |   6144 |    24 | 1.00 | 0.75 |        26.1 |    28.7 |    25.3 
 abcijk-eibc-jkea |   4096 |   9216 |    24 | 1.00 | 0.99 |        26.1 |    28.9 |    25.9 
 abcijk-ejab-ikec |   6144 |   6144 |    24 | 1.00 | 0.75 |        29.1 |    32.6 |    27.8 
 abcijk-ejac-ikeb |   6144 |   6144 |    24 | 1.00 | 0.75 |        26.1 |    28.8 |    25.3 
 abcijk-ejbc-ikea |   4096 |   9216 |    24 | 1.00 | 0.99 |        26.1 |    28.8 |    25.5 
 abcijk-ekab-ijec |   6144 |   6144 |    24 | 1.00 | 0.75 |        29.1 |    32.5 |    27.8 
 abcijk-ekac-ijeb |   6144 |   6144 |    24 | 1.00 | 0.75 |        26.2 |    28.8 |    25.2 
 abcijk-ekbc-ijea |   4096 |   9216 |    24 | 1.00 | 0.99 |        25.9 |    28.6 |    25.5 
       abc-bk-akc |    216 |  44064 |   204 | 1.00 | 1.00 |        42.4 |    44.7 |    40.2 

=== complex efficiency ratio (c64 GF/s over f64 GF/s; 1.0 = no penalty) ===
             case | planar c64/f64 | 1m c64/f64 | 3m c64/f64 
------------------+----------------+------------+------------
         ij-ik-kj |          1.037 |      1.024 |      1.016 
       ij-ikl-ljk |          1.176 |      1.227 |      1.096 
       ij-kil-lkj |          1.177 |      1.211 |      1.194 
       ijk-ikl-lj |          1.179 |      1.216 |      1.188 
       ijk-il-jlk |          1.185 |      1.257 |      1.124 
       ijk-ilk-jl |          1.072 |      1.156 |      1.045 
       ijk-ilk-lj |          1.073 |      1.131 |      1.020 
     ijk-ilmk-mjl |          1.166 |      1.182 |      0.992 
   ijkl-imjn-lnkm |          1.034 |      1.053 |      0.973 
   ijkl-imjn-nlmk |          1.028 |      1.054 |      0.967 
   ijkl-imkn-jnlm |          1.045 |      1.051 |      0.971 
   ijkl-imkn-njml |          1.044 |      1.052 |      0.971 
   ijkl-imln-jnkm |          1.044 |      1.054 |      0.971 
   ijkl-imln-njmk |          1.040 |      1.052 |      0.970 
   ijkl-imnj-nlkm |          1.028 |      1.048 |      0.965 
   ijkl-imnk-njml |          1.048 |      1.055 |      0.973 
   ijkl-minj-nlmk |          1.043 |      1.053 |      1.030 
   ijkl-mink-jnlm |          1.052 |      1.059 |      1.026 
   ijkl-minl-njmk |          1.062 |      1.060 |      1.037 
     aqrs-pa-pqrs |          1.299 |      1.398 |      1.291 
     abrs-qb-aqrs |          1.244 |      1.344 |      1.049 
     abcs-rc-abrs |          1.284 |      1.433 |      1.366 
       abj-bka-kj |          1.129 |      1.149 |      1.152 
       ajb-kba-jk |          1.046 |      1.109 |      1.092 
     abjc-cbka-kj |          1.839 |      1.554 |      1.804 
     ajbc-ckba-jk |          1.189 |      1.109 |      1.169 
     abjc-kbac-jk |          1.146 |      1.248 |      1.233 
   abjcd-dkbac-jk |          2.208 |      1.887 |      2.059 
   adbjc-cbdka-kj |          2.378 |      2.006 |      2.221 
   ajbdc-ckbad-jk |          2.174 |      1.878 |      2.035 
 abcijk-ijma-mkbc |          1.181 |      1.303 |      1.153 
 abcijk-ijmb-mkac |          1.326 |      1.476 |      1.289 
 abcijk-ijmc-mkab |          1.233 |      1.380 |      1.176 
 abcijk-ikma-mjbc |          1.197 |      1.323 |      1.174 
 abcijk-ikmb-mjac |          1.334 |      1.470 |      1.285 
 abcijk-ikmc-mjab |          1.246 |      1.393 |      1.189 
 abcijk-jkma-mibc |          1.189 |      1.320 |      1.183 
 abcijk-jkmb-miac |          1.335 |      1.461 |      1.285 
 abcijk-jkmc-miab |          1.262 |      1.407 |      1.204 
 abcijk-eiab-jkec |          1.266 |      1.418 |      1.211 
 abcijk-eiac-jkeb |          1.333 |      1.464 |      1.289 
 abcijk-eibc-jkea |          1.185 |      1.313 |      1.174 
 abcijk-ejab-ikec |          1.233 |      1.381 |      1.177 
 abcijk-ejac-ikeb |          1.322 |      1.457 |      1.279 
 abcijk-ejbc-ikea |          1.185 |      1.309 |      1.161 
 abcijk-ekab-ijec |          1.230 |      1.375 |      1.178 
 abcijk-ekac-ijeb |          1.323 |      1.453 |      1.271 
 abcijk-ekbc-ijea |          1.177 |      1.300 |      1.158 
       abc-bk-akc |          1.073 |      1.131 |      1.017 
             MEAN |          1.247 |      1.291 |      1.201 

wrote bench-results/worker5040-zen2/phase4e/bl-ck384-f64c64.csv
