host        : worker5040
target      : x86_64 / linux
cpu features: avx2 fma 
caches      : L1=32KiB/8-way/1sh L2=512KiB/8-way/1sh L3=16384KiB/16-way/4sh (via sysfs), blocking=legacy
baselines   : tblis=false blas=false

sweeping 49 cases at 64 MiB nominal tensor size, 3 reps, stress=none


=== f64 ===
             case |      m |      n |     k | regA | regB | planar GF/s | 1m GF/s | 3m GF/s 
------------------+--------+--------+-------+------+------+-------------+---------+---------
         ij-ik-kj |   2904 |   2896 |  2904 | 1.00 | 1.00 |        37.3 |    37.3 |    37.3 
       ij-ikl-ljk |    216 |    204 | 44064 | 1.00 | 1.00 |        29.7 |    29.7 |    29.7 
       ij-kil-lkj |    216 |    204 | 46656 | 1.00 | 1.00 |        29.2 |    29.2 |    29.2 
       ijk-ikl-lj |  44064 |    204 |   216 | 1.00 | 1.00 |        29.8 |    29.8 |    29.8 
       ijk-il-jlk |    216 |  44064 |   204 | 1.00 | 1.00 |        30.5 |    30.5 |    30.5 
       ijk-ilk-jl |  44064 |    216 |   204 | 1.00 | 1.00 |        32.2 |    32.2 |    32.2 
       ijk-ilk-lj |  44064 |    204 |   216 | 1.00 | 1.00 |        32.8 |    32.8 |    32.8 
     ijk-ilmk-mjl |   3744 |     52 |  3744 | 1.00 | 1.00 |        27.1 |    27.1 |    27.1 
   ijkl-imjn-lnkm |   3744 |   3744 |  2704 | 1.00 | 0.92 |        36.7 |    36.7 |    36.7 
   ijkl-imjn-nlmk |   3744 |   2704 |  3744 | 1.00 | 0.92 |        36.4 |    36.4 |    36.4 
   ijkl-imkn-jnlm |   3744 |   3744 |  2704 | 1.00 | 1.00 |        34.4 |    34.4 |    34.4 
   ijkl-imkn-njml |   3744 |   2704 |  3744 | 1.00 | 0.92 |        34.2 |    34.2 |    34.2 
   ijkl-imln-jnkm |   3744 |   3744 |  2704 | 1.00 | 1.00 |        34.3 |    34.3 |    34.3 
   ijkl-imln-njmk |   3744 |   2704 |  3744 | 1.00 | 0.92 |        34.1 |    34.1 |    34.1 
   ijkl-imnj-nlkm |   3744 |   2704 |  3744 | 1.00 | 0.92 |        36.4 |    36.4 |    36.4 
   ijkl-imnk-njml |   3744 |   2704 |  3744 | 1.00 | 0.92 |        34.0 |    34.0 |    34.0 
   ijkl-minj-nlmk |   3744 |   2704 |  5184 | 1.00 | 0.92 |        35.7 |    35.7 |    35.7 
   ijkl-mink-jnlm |   3744 |   3744 |  3744 | 1.00 | 1.00 |        33.8 |    33.8 |    33.8 
   ijkl-minl-njmk |   3744 |   2704 |  5184 | 1.00 | 0.92 |        33.6 |    33.6 |    33.6 
     aqrs-pa-pqrs |     72 | 140608 |    72 | 1.00 | 1.00 |        24.6 |    24.6 |    24.6 
     abrs-qb-aqrs |     52 | 194688 |    72 | 1.00 | 1.00 |        24.0 |    24.0 |    24.0 
     abcs-rc-abrs |     52 | 194688 |    72 | 1.00 | 1.00 |        24.0 |    24.0 |    24.0 
       abj-bka-kj |  46656 |    204 |   216 | 1.00 | 1.00 |        31.1 |    31.1 |    31.1 
       ajb-kba-jk |  44064 |    216 |   216 | 1.00 | 1.00 |        32.1 |    32.1 |    32.1 
     abjc-cbka-kj | 269568 |     52 |    72 | 1.00 | 1.00 |        10.6 |    10.6 |    10.6 
     ajbc-ckba-jk | 269568 |     72 |    52 | 1.00 | 1.00 |        17.9 |    17.9 |    17.9 
     abjc-kbac-jk | 194688 |     72 |    72 | 1.00 | 1.00 |        30.9 |    30.9 |    30.9 
   abjcd-dkbac-jk | 331776 |     24 |    24 | 1.00 | 1.00 |         5.0 |     5.0 |     5.0 
   adbjc-cbdka-kj | 331776 |     24 |    24 | 1.00 | 1.00 |         4.0 |     4.0 |     4.0 
   ajbdc-ckbad-jk | 331776 |     24 |    24 | 1.00 | 1.00 |         4.9 |     4.9 |     4.9 
 abcijk-ijma-mkbc |   9216 |   4096 |    24 | 1.00 | 0.99 |        21.5 |    21.5 |    21.5 
 abcijk-ijmb-mkac |   6144 |   6144 |    24 | 1.00 | 0.75 |        19.4 |    19.4 |    19.4 
 abcijk-ijmc-mkab |   6144 |   6144 |    24 | 1.00 | 0.75 |        24.0 |    24.0 |    24.0 
 abcijk-ikma-mjbc |   9216 |   4096 |    24 | 1.00 | 0.99 |        21.4 |    21.4 |    21.4 
 abcijk-ikmb-mjac |   6144 |   6144 |    24 | 1.00 | 0.75 |        19.3 |    19.3 |    19.3 
 abcijk-ikmc-mjab |   6144 |   6144 |    24 | 1.00 | 0.75 |        23.2 |    23.2 |    23.2 
 abcijk-jkma-mibc |   9216 |   4096 |    24 | 1.00 | 0.99 |        21.9 |    21.9 |    21.9 
 abcijk-jkmb-miac |   6144 |   6144 |    24 | 1.00 | 0.75 |        18.7 |    18.7 |    18.7 
 abcijk-jkmc-miab |   6144 |   6144 |    24 | 1.00 | 0.75 |        22.2 |    22.2 |    22.2 
 abcijk-eiab-jkec |   6144 |   6144 |    24 | 1.00 | 0.75 |        22.4 |    22.4 |    22.4 
 abcijk-eiac-jkeb |   6144 |   6144 |    24 | 1.00 | 0.75 |        19.5 |    19.5 |    19.5 
 abcijk-eibc-jkea |   4096 |   9216 |    24 | 1.00 | 0.99 |        22.3 |    22.3 |    22.3 
 abcijk-ejab-ikec |   6144 |   6144 |    24 | 1.00 | 0.75 |        23.6 |    23.6 |    23.6 
 abcijk-ejac-ikeb |   6144 |   6144 |    24 | 1.00 | 0.75 |        19.8 |    19.8 |    19.8 
 abcijk-ejbc-ikea |   4096 |   9216 |    24 | 1.00 | 0.99 |        21.9 |    21.9 |    21.9 
 abcijk-ekab-ijec |   6144 |   6144 |    24 | 1.00 | 0.75 |        24.3 |    24.3 |    24.3 
 abcijk-ekac-ijeb |   6144 |   6144 |    24 | 1.00 | 0.75 |        19.7 |    19.7 |    19.7 
 abcijk-ekbc-ijea |   4096 |   9216 |    24 | 1.00 | 0.99 |        21.8 |    21.8 |    21.8 
       abc-bk-akc |    216 |  44064 |   204 | 1.00 | 1.00 |        32.6 |    32.6 |    32.6 

=== c64 ===
             case |      m |      n |     k | regA | regB | planar GF/s | 1m GF/s | 3m GF/s 
------------------+--------+--------+-------+------+------+-------------+---------+---------
         ij-ik-kj |   2904 |   2896 |  2904 | 1.00 | 1.00 |        39.6 |    40.7 |    38.1 
       ij-ikl-ljk |    216 |    204 | 44064 | 1.00 | 1.00 |        35.9 |    37.7 |    33.9 
       ij-kil-lkj |    216 |    204 | 46656 | 1.00 | 1.00 |        35.8 |    37.1 |    36.4 
       ijk-ikl-lj |  44064 |    204 |   216 | 1.00 | 1.00 |        37.0 |    37.9 |    36.7 
       ijk-il-jlk |    216 |  44064 |   204 | 1.00 | 0.98 |        37.8 |    39.8 |    36.2 
       ijk-ilk-jl |  44064 |    216 |   204 | 1.00 | 1.00 |        37.7 |    39.9 |    37.3 
       ijk-ilk-lj |  44064 |    204 |   216 | 1.00 | 1.00 |        38.4 |    40.4 |    36.6 
     ijk-ilmk-mjl |   3744 |     52 |  3744 | 1.00 | 1.00 |        32.9 |    33.9 |    26.3 
   ijkl-imjn-lnkm |   3744 |   3744 |  2704 | 1.00 | 0.92 |        40.3 |    42.2 |    39.6 
   ijkl-imjn-nlmk |   3744 |   2704 |  3744 | 1.00 | 0.92 |        40.3 |    42.2 |    39.6 
   ijkl-imkn-jnlm |   3744 |   3744 |  2704 | 1.00 | 0.95 |        37.8 |    40.4 |    35.8 
   ijkl-imkn-njml |   3744 |   2704 |  3744 | 1.00 | 0.92 |        37.8 |    40.4 |    35.8 
   ijkl-imln-jnkm |   3744 |   3744 |  2704 | 1.00 | 0.95 |        37.8 |    40.4 |    35.8 
   ijkl-imln-njmk |   3744 |   2704 |  3744 | 1.00 | 0.92 |        37.7 |    40.3 |    35.9 
   ijkl-imnj-nlkm |   3744 |   2704 |  3744 | 1.00 | 0.92 |        40.2 |    42.3 |    39.4 
   ijkl-imnk-njml |   3744 |   2704 |  3744 | 1.00 | 0.92 |        37.8 |    40.3 |    35.7 
   ijkl-minj-nlmk |   3744 |   2704 |  5184 | 1.00 | 0.92 |        39.8 |    41.8 |    40.8 
   ijkl-mink-jnlm |   3744 |   3744 |  3744 | 1.00 | 0.95 |        37.5 |    40.2 |    36.5 
   ijkl-minl-njmk |   3744 |   2704 |  5184 | 1.00 | 0.92 |        37.1 |    39.4 |    36.6 
     aqrs-pa-pqrs |     72 | 140608 |    72 | 1.00 | 1.00 |        31.9 |    34.2 |    32.0 
     abrs-qb-aqrs |     52 | 194688 |    72 | 1.00 | 1.00 |        30.1 |    32.0 |    26.1 
     abcs-rc-abrs |     52 | 194688 |    72 | 1.00 | 1.00 |        29.2 |    31.7 |    30.6 
       abj-bka-kj |  46656 |    204 |   216 | 1.00 | 1.00 |        37.1 |    37.3 |    38.0 
       ajb-kba-jk |  44064 |    216 |   216 | 1.00 | 1.00 |        38.3 |    39.8 |    39.9 
     abjc-cbka-kj | 269568 |     52 |    72 | 1.00 | 1.00 |        19.3 |    16.8 |    19.2 
     ajbc-ckba-jk | 269568 |     72 |    52 | 1.00 | 1.00 |        20.9 |    19.7 |    20.9 
     abjc-kbac-jk | 194688 |     72 |    72 | 1.00 | 1.00 |        35.3 |    38.6 |    37.1 
   abjcd-dkbac-jk | 331776 |     24 |    24 | 1.00 | 1.00 |        11.2 |    10.0 |    10.7 
   adbjc-cbdka-kj | 331776 |     24 |    24 | 1.00 | 1.00 |        10.1 |     8.6 |     9.4 
   ajbdc-ckbad-jk | 331776 |     24 |    24 | 1.00 | 1.00 |        10.7 |     9.4 |    10.5 
 abcijk-ijma-mkbc |   9216 |   4096 |    24 | 1.00 | 0.99 |        26.2 |    29.3 |    26.2 
 abcijk-ijmb-mkac |   6144 |   6144 |    24 | 1.00 | 0.75 |        26.4 |    29.2 |    25.7 
 abcijk-ijmc-mkab |   6144 |   6144 |    24 | 1.00 | 0.75 |        29.4 |    33.1 |    28.5 
 abcijk-ikma-mjbc |   9216 |   4096 |    24 | 1.00 | 0.99 |        26.3 |    29.3 |    26.1 
 abcijk-ikmb-mjac |   6144 |   6144 |    24 | 1.00 | 0.75 |        26.3 |    29.1 |    25.5 
 abcijk-ikmc-mjab |   6144 |   6144 |    24 | 1.00 | 0.75 |        29.4 |    33.1 |    28.5 
 abcijk-jkma-mibc |   9216 |   4096 |    24 | 1.00 | 0.99 |        26.2 |    29.1 |    26.0 
 abcijk-jkmb-miac |   6144 |   6144 |    24 | 1.00 | 0.75 |        25.6 |    27.6 |    25.6 
 abcijk-jkmc-miab |   6144 |   6144 |    24 | 1.00 | 0.75 |        28.3 |    29.5 |    28.0 
 abcijk-eiab-jkec |   6144 |   6144 |    24 | 1.00 | 0.75 |        28.6 |    29.9 |    28.3 
 abcijk-eiac-jkeb |   6144 |   6144 |    24 | 1.00 | 0.75 |        26.3 |    28.4 |    25.9 
 abcijk-eibc-jkea |   4096 |   9216 |    24 | 1.00 | 0.99 |        26.7 |    29.8 |    26.3 
 abcijk-ejab-ikec |   6144 |   6144 |    24 | 1.00 | 0.75 |        28.7 |    33.4 |    28.8 
 abcijk-ejac-ikeb |   6144 |   6144 |    24 | 1.00 | 0.75 |        26.8 |    29.6 |    26.0 
 abcijk-ejbc-ikea |   4096 |   9216 |    24 | 1.00 | 0.99 |        26.7 |    29.9 |    26.5 
 abcijk-ekab-ijec |   6144 |   6144 |    24 | 1.00 | 0.75 |        29.7 |    33.4 |    28.8 
 abcijk-ekac-ijeb |   6144 |   6144 |    24 | 1.00 | 0.75 |        26.8 |    29.6 |    26.0 
 abcijk-ekbc-ijea |   4096 |   9216 |    24 | 1.00 | 0.99 |        26.7 |    29.8 |    26.5 
       abc-bk-akc |    216 |  44064 |   204 | 1.00 | 1.00 |        38.4 |    39.9 |    36.9 

=== complex efficiency ratio (c64 GF/s over f64 GF/s; 1.0 = no penalty) ===
             case | planar c64/f64 | 1m c64/f64 | 3m c64/f64 
------------------+----------------+------------+------------
         ij-ik-kj |          1.063 |      1.094 |      1.023 
       ij-ikl-ljk |          1.208 |      1.268 |      1.139 
       ij-kil-lkj |          1.226 |      1.270 |      1.245 
       ijk-ikl-lj |          1.242 |      1.273 |      1.232 
       ijk-il-jlk |          1.240 |      1.307 |      1.189 
       ijk-ilk-jl |          1.169 |      1.237 |      1.158 
       ijk-ilk-lj |          1.172 |      1.230 |      1.116 
     ijk-ilmk-mjl |          1.213 |      1.251 |      0.969 
   ijkl-imjn-lnkm |          1.097 |      1.151 |      1.080 
   ijkl-imjn-nlmk |          1.105 |      1.159 |      1.088 
   ijkl-imkn-jnlm |          1.099 |      1.172 |      1.038 
   ijkl-imkn-njml |          1.108 |      1.183 |      1.049 
   ijkl-imln-jnkm |          1.101 |      1.176 |      1.043 
   ijkl-imln-njmk |          1.105 |      1.181 |      1.053 
   ijkl-imnj-nlkm |          1.104 |      1.162 |      1.083 
   ijkl-imnk-njml |          1.109 |      1.185 |      1.050 
   ijkl-minj-nlmk |          1.116 |      1.171 |      1.144 
   ijkl-mink-jnlm |          1.109 |      1.186 |      1.079 
   ijkl-minl-njmk |          1.104 |      1.171 |      1.088 
     aqrs-pa-pqrs |          1.297 |      1.391 |      1.303 
     abrs-qb-aqrs |          1.253 |      1.331 |      1.084 
     abcs-rc-abrs |          1.213 |      1.320 |      1.274 
       abj-bka-kj |          1.192 |      1.199 |      1.220 
       ajb-kba-jk |          1.194 |      1.239 |      1.242 
     abjc-cbka-kj |          1.812 |      1.579 |      1.805 
     ajbc-ckba-jk |          1.168 |      1.099 |      1.168 
     abjc-kbac-jk |          1.145 |      1.251 |      1.203 
   abjcd-dkbac-jk |          2.249 |      2.006 |      2.149 
   adbjc-cbdka-kj |          2.542 |      2.172 |      2.364 
   ajbdc-ckbad-jk |          2.185 |      1.931 |      2.149 
 abcijk-ijma-mkbc |          1.222 |      1.365 |      1.219 
 abcijk-ijmb-mkac |          1.361 |      1.506 |      1.323 
 abcijk-ijmc-mkab |          1.226 |      1.380 |      1.191 
 abcijk-ikma-mjbc |          1.225 |      1.367 |      1.216 
 abcijk-ikmb-mjac |          1.360 |      1.507 |      1.318 
 abcijk-ikmc-mjab |          1.266 |      1.423 |      1.228 
 abcijk-jkma-mibc |          1.196 |      1.331 |      1.186 
 abcijk-jkmb-miac |          1.367 |      1.473 |      1.369 
 abcijk-jkmc-miab |          1.274 |      1.329 |      1.261 
 abcijk-eiab-jkec |          1.277 |      1.336 |      1.262 
 abcijk-eiac-jkeb |          1.353 |      1.458 |      1.333 
 abcijk-eibc-jkea |          1.193 |      1.335 |      1.178 
 abcijk-ejab-ikec |          1.214 |      1.415 |      1.218 
 abcijk-ejac-ikeb |          1.352 |      1.493 |      1.311 
 abcijk-ejbc-ikea |          1.221 |      1.368 |      1.212 
 abcijk-ekab-ijec |          1.219 |      1.374 |      1.183 
 abcijk-ekac-ijeb |          1.357 |      1.499 |      1.319 
 abcijk-ekbc-ijea |          1.225 |      1.367 |      1.215 
       abc-bk-akc |          1.177 |      1.222 |      1.133 
             MEAN |          1.286 |      1.345 |      1.255 

wrote bench-results/worker5040-zen2/phase4e/bl-kc128-f64c64.csv
