host        : worker5040
target      : x86_64 / linux
cpu features: avx2 fma 
caches      : L1=32KiB/8-way/1sh L2=512KiB/8-way/1sh L3=16384KiB/16-way/4sh (via sysfs), blocking=legacy
baselines   : tblis=false blas=false

sweeping 49 cases at 64 MiB nominal tensor size, 3 reps, stress=none


=== f32 ===
             case |      m |      n |     k | regA | regB | planar GF/s | 1m GF/s | 3m GF/s 
------------------+--------+--------+-------+------+------+-------------+---------+---------
         ij-ik-kj |   2904 |   2896 |  2904 | 1.00 | 1.00 |        86.3 |    86.3 |    86.3 
       ij-ikl-ljk |    216 |    204 | 44064 | 1.00 | 1.00 |        50.3 |    50.3 |    50.3 
       ij-kil-lkj |    216 |    204 | 46656 | 1.00 | 1.00 |        57.0 |    57.0 |    57.0 
       ijk-ikl-lj |  44064 |    204 |   216 | 1.00 | 1.00 |        66.6 |    66.6 |    66.6 
       ijk-il-jlk |    216 |  44064 |   204 | 1.00 | 1.00 |        68.8 |    68.8 |    68.8 
       ijk-ilk-jl |  44064 |    216 |   204 | 0.96 | 1.00 |        67.1 |    67.1 |    67.1 
       ijk-ilk-lj |  44064 |    204 |   216 | 0.96 | 1.00 |        66.0 |    66.0 |    66.0 
     ijk-ilmk-mjl |   3744 |     52 |  3744 | 0.89 | 1.00 |        47.4 |    47.4 |    47.4 
   ijkl-imjn-lnkm |   3744 |   3744 |  2704 | 0.89 | 0.92 |        87.4 |    87.4 |    87.4 
   ijkl-imjn-nlmk |   3744 |   2704 |  3744 | 0.89 | 0.92 |        86.7 |    86.7 |    86.7 
   ijkl-imkn-jnlm |   3744 |   3744 |  2704 | 0.89 | 1.00 |        85.8 |    85.8 |    85.8 
   ijkl-imkn-njml |   3744 |   2704 |  3744 | 0.89 | 0.92 |        84.2 |    84.2 |    84.2 
   ijkl-imln-jnkm |   3744 |   3744 |  2704 | 0.89 | 1.00 |        86.0 |    86.0 |    86.0 
   ijkl-imln-njmk |   3744 |   2704 |  3744 | 0.89 | 0.92 |        84.5 |    84.5 |    84.5 
   ijkl-imnj-nlkm |   3744 |   2704 |  3744 | 0.89 | 0.92 |        86.5 |    86.5 |    86.5 
   ijkl-imnk-njml |   3744 |   2704 |  3744 | 0.89 | 0.92 |        84.1 |    84.1 |    84.1 
   ijkl-minj-nlmk |   3744 |   2704 |  5184 | 0.89 | 0.92 |        85.9 |    85.9 |    85.9 
   ijkl-mink-jnlm |   3744 |   3744 |  3744 | 0.89 | 1.00 |        85.8 |    85.8 |    85.8 
   ijkl-minl-njmk |   3744 |   2704 |  5184 | 0.89 | 0.92 |        83.7 |    83.7 |    83.7 
     aqrs-pa-pqrs |     72 | 140608 |    72 | 1.00 | 1.00 |        44.7 |    44.7 |    44.7 
     abrs-qb-aqrs |     52 | 194688 |    72 | 0.89 | 1.00 |        42.6 |    42.6 |    42.6 
     abcs-rc-abrs |     52 | 194688 |    72 | 1.00 | 1.00 |        44.9 |    44.9 |    44.9 
       abj-bka-kj |  46656 |    204 |   216 | 0.96 | 1.00 |        67.9 |    67.9 |    67.9 
       ajb-kba-jk |  44064 |    216 |   216 | 0.96 | 1.00 |        78.9 |    78.9 |    78.9 
     abjc-cbka-kj | 269568 |     52 |    72 | 0.89 | 1.00 |        15.3 |    15.3 |    15.3 
     ajbc-ckba-jk | 269568 |     72 |    52 | 0.89 | 1.00 |        32.1 |    32.1 |    32.1 
     abjc-kbac-jk | 194688 |     72 |    72 | 0.89 | 1.00 |        55.1 |    55.1 |    55.1 
   abjcd-dkbac-jk | 331776 |     24 |    24 | 0.67 | 1.00 |         7.9 |     7.9 |     7.9 
   adbjc-cbdka-kj | 331776 |     24 |    24 | 0.67 | 1.00 |         6.0 |     6.0 |     6.0 
   ajbdc-ckbad-jk | 331776 |     24 |    24 | 1.00 | 1.00 |         6.5 |     6.5 |     6.5 
 abcijk-ijma-mkbc |   9216 |   4096 |    24 | 1.00 | 1.00 |        30.0 |    30.0 |    30.0 
 abcijk-ijmb-mkac |   6144 |   6144 |    24 | 1.00 | 1.00 |        26.2 |    26.2 |    26.2 
 abcijk-ijmc-mkab |   6144 |   6144 |    24 | 1.00 | 0.75 |        42.5 |    42.5 |    42.5 
 abcijk-ikma-mjbc |   9216 |   4096 |    24 | 1.00 | 1.00 |        30.2 |    30.2 |    30.2 
 abcijk-ikmb-mjac |   6144 |   6144 |    24 | 1.00 | 1.00 |        26.4 |    26.4 |    26.4 
 abcijk-ikmc-mjab |   6144 |   6144 |    24 | 1.00 | 0.75 |        42.5 |    42.5 |    42.5 
 abcijk-jkma-mibc |   9216 |   4096 |    24 | 1.00 | 1.00 |        30.3 |    30.3 |    30.3 
 abcijk-jkmb-miac |   6144 |   6144 |    24 | 1.00 | 1.00 |        26.3 |    26.3 |    26.3 
 abcijk-jkmc-miab |   6144 |   6144 |    24 | 1.00 | 0.75 |        41.0 |    41.0 |    41.0 
 abcijk-eiab-jkec |   6144 |   6144 |    24 | 1.00 | 0.75 |        40.9 |    40.9 |    40.9 
 abcijk-eiac-jkeb |   6144 |   6144 |    24 | 1.00 | 1.00 |        26.1 |    26.1 |    26.1 
 abcijk-eibc-jkea |   4096 |   9216 |    24 | 1.00 | 1.00 |        30.3 |    30.3 |    30.3 
 abcijk-ejab-ikec |   6144 |   6144 |    24 | 1.00 | 0.75 |        42.6 |    42.6 |    42.6 
 abcijk-ejac-ikeb |   6144 |   6144 |    24 | 1.00 | 1.00 |        26.3 |    26.3 |    26.3 
 abcijk-ejbc-ikea |   4096 |   9216 |    24 | 1.00 | 1.00 |        30.3 |    30.3 |    30.3 
 abcijk-ekab-ijec |   6144 |   6144 |    24 | 1.00 | 0.75 |        42.8 |    42.8 |    42.8 
 abcijk-ekac-ijeb |   6144 |   6144 |    24 | 1.00 | 1.00 |        26.0 |    26.0 |    26.0 
 abcijk-ekbc-ijea |   4096 |   9216 |    24 | 1.00 | 1.00 |        30.2 |    30.2 |    30.2 
       abc-bk-akc |    216 |  44064 |   204 | 0.96 | 1.00 |        65.8 |    65.8 |    65.8 

=== c32 ===
             case |      m |      n |     k | regA | regB | planar GF/s | 1m GF/s | 3m GF/s 
------------------+--------+--------+-------+------+------+-------------+---------+---------
         ij-ik-kj |   2904 |   2896 |  2904 | 1.00 | 1.00 |        88.7 |    88.9 |    88.9 
       ij-ikl-ljk |    216 |    204 | 44064 | 1.00 | 1.00 |        76.3 |    72.4 |    70.7 
       ij-kil-lkj |    216 |    204 | 46656 | 1.00 | 1.00 |        76.8 |    77.5 |    77.5 
       ijk-ikl-lj |  44064 |    204 |   216 | 1.00 | 1.00 |        77.0 |    81.6 |    79.5 
       ijk-il-jlk |    216 |  44064 |   204 | 1.00 | 0.98 |        81.7 |    84.1 |    79.1 
       ijk-ilk-jl |  44064 |    216 |   204 | 1.00 | 1.00 |        82.0 |    81.3 |    80.1 
       ijk-ilk-lj |  44064 |    204 |   216 | 1.00 | 1.00 |        82.9 |    81.7 |    78.9 
     ijk-ilmk-mjl |   3744 |     52 |  3744 | 1.00 | 1.00 |        65.6 |    65.9 |    62.8 
   ijkl-imjn-lnkm |   3744 |   3744 |  2704 | 1.00 | 0.92 |        89.7 |    89.7 |    90.0 
   ijkl-imjn-nlmk |   3744 |   2704 |  3744 | 1.00 | 0.92 |        89.8 |    89.1 |    90.4 
   ijkl-imkn-jnlm |   3744 |   3744 |  2704 | 1.00 | 0.95 |        88.6 |    89.1 |    89.1 
   ijkl-imkn-njml |   3744 |   2704 |  3744 | 1.00 | 0.92 |        88.7 |    89.1 |    89.2 
   ijkl-imln-jnkm |   3744 |   3744 |  2704 | 1.00 | 0.95 |        88.7 |    89.2 |    89.2 
   ijkl-imln-njmk |   3744 |   2704 |  3744 | 1.00 | 0.92 |        88.6 |    89.0 |    89.5 
   ijkl-imnj-nlkm |   3744 |   2704 |  3744 | 1.00 | 0.92 |        89.9 |    90.0 |    90.8 
   ijkl-imnk-njml |   3744 |   2704 |  3744 | 1.00 | 0.92 |        88.6 |    89.0 |    89.5 
   ijkl-minj-nlmk |   3744 |   2704 |  5184 | 1.00 | 0.92 |        89.2 |    89.2 |    90.9 
   ijkl-mink-jnlm |   3744 |   3744 |  3744 | 1.00 | 0.95 |        88.3 |    89.2 |    89.6 
   ijkl-minl-njmk |   3744 |   2704 |  5184 | 1.00 | 0.92 |        87.5 |    88.0 |    89.5 
     aqrs-pa-pqrs |     72 | 140608 |    72 | 1.00 | 1.00 |        57.5 |    64.4 |    58.5 
     abrs-qb-aqrs |     52 | 194688 |    72 | 1.00 | 1.00 |        55.9 |    52.7 |    49.2 
     abcs-rc-abrs |     52 | 194688 |    72 | 1.00 | 1.00 |        54.6 |    62.0 |    55.4 
       abj-bka-kj |  46656 |    204 |   216 | 1.00 | 1.00 |        79.0 |    81.1 |    81.0 
       ajb-kba-jk |  44064 |    216 |   216 | 1.00 | 1.00 |        85.1 |    89.1 |    88.1 
     abjc-cbka-kj | 269568 |     52 |    72 | 1.00 | 1.00 |        30.4 |    21.9 |    25.1 
     ajbc-ckba-jk | 269568 |     72 |    52 | 1.00 | 1.00 |        46.0 |    35.6 |    39.7 
     abjc-kbac-jk | 194688 |     72 |    72 | 1.00 | 1.00 |        67.5 |    70.2 |    68.9 
   abjcd-dkbac-jk | 331776 |     24 |    24 | 1.00 | 1.00 |        15.7 |    12.4 |    14.0 
   adbjc-cbdka-kj | 331776 |     24 |    24 | 1.00 | 1.00 |        13.4 |    10.3 |    11.9 
   ajbdc-ckbad-jk | 331776 |     24 |    24 | 1.00 | 1.00 |        15.7 |    12.1 |    13.9 
 abcijk-ijma-mkbc |   9216 |   4096 |    24 | 1.00 | 0.99 |        52.7 |    60.8 |    51.9 
 abcijk-ijmb-mkac |   6144 |   6144 |    24 | 1.00 | 0.75 |        50.1 |    57.4 |    50.1 
 abcijk-ijmc-mkab |   6144 |   6144 |    24 | 1.00 | 0.75 |        54.1 |    62.8 |    53.4 
 abcijk-ikma-mjbc |   9216 |   4096 |    24 | 1.00 | 0.99 |        53.0 |    60.9 |    52.3 
 abcijk-ikmb-mjac |   6144 |   6144 |    24 | 1.00 | 0.75 |        50.6 |    58.0 |    50.7 
 abcijk-ikmc-mjab |   6144 |   6144 |    24 | 1.00 | 0.75 |        54.2 |    62.8 |    53.6 
 abcijk-jkma-mibc |   9216 |   4096 |    24 | 1.00 | 0.99 |        52.9 |    60.8 |    52.2 
 abcijk-jkmb-miac |   6144 |   6144 |    24 | 1.00 | 0.75 |        50.3 |    57.4 |    50.7 
 abcijk-jkmc-miab |   6144 |   6144 |    24 | 1.00 | 0.75 |        52.9 |    61.5 |    52.4 
 abcijk-eiab-jkec |   6144 |   6144 |    24 | 1.00 | 0.75 |        52.9 |    61.5 |    52.3 
 abcijk-eiac-jkeb |   6144 |   6144 |    24 | 1.00 | 0.75 |        50.2 |    57.2 |    49.8 
 abcijk-eibc-jkea |   4096 |   9216 |    24 | 1.00 | 0.99 |        52.8 |    61.1 |    52.6 
 abcijk-ejab-ikec |   6144 |   6144 |    24 | 1.00 | 0.75 |        54.0 |    62.8 |    53.3 
 abcijk-ejac-ikeb |   6144 |   6144 |    24 | 1.00 | 0.75 |        50.5 |    57.8 |    50.2 
 abcijk-ejbc-ikea |   4096 |   9216 |    24 | 1.00 | 0.99 |        52.6 |    60.5 |    52.1 
 abcijk-ekab-ijec |   6144 |   6144 |    24 | 1.00 | 0.75 |        54.0 |    62.7 |    53.3 
 abcijk-ekac-ijeb |   6144 |   6144 |    24 | 1.00 | 0.75 |        50.5 |    58.1 |    50.5 
 abcijk-ekbc-ijea |   4096 |   9216 |    24 | 1.00 | 0.99 |        52.9 |    61.0 |    52.5 
       abc-bk-akc |    216 |  44064 |   204 | 1.00 | 1.00 |        81.7 |    81.4 |    79.1 

=== complex efficiency ratio (c32 GF/s over f32 GF/s; 1.0 = no penalty) ===
             case | planar c32/f32 | 1m c32/f32 | 3m c32/f32 
------------------+----------------+------------+------------
         ij-ik-kj |          1.028 |      1.029 |      1.030 
       ij-ikl-ljk |          1.516 |      1.439 |      1.406 
       ij-kil-lkj |          1.347 |      1.359 |      1.360 
       ijk-ikl-lj |          1.155 |      1.224 |      1.193 
       ijk-il-jlk |          1.186 |      1.221 |      1.149 
       ijk-ilk-jl |          1.223 |      1.213 |      1.194 
       ijk-ilk-lj |          1.256 |      1.237 |      1.195 
     ijk-ilmk-mjl |          1.383 |      1.390 |      1.325 
   ijkl-imjn-lnkm |          1.027 |      1.026 |      1.030 
   ijkl-imjn-nlmk |          1.036 |      1.027 |      1.042 
   ijkl-imkn-jnlm |          1.033 |      1.039 |      1.039 
   ijkl-imkn-njml |          1.054 |      1.059 |      1.060 
   ijkl-imln-jnkm |          1.031 |      1.036 |      1.037 
   ijkl-imln-njmk |          1.049 |      1.053 |      1.058 
   ijkl-imnj-nlkm |          1.039 |      1.040 |      1.049 
   ijkl-imnk-njml |          1.054 |      1.059 |      1.064 
   ijkl-minj-nlmk |          1.039 |      1.039 |      1.059 
   ijkl-mink-jnlm |          1.028 |      1.039 |      1.043 
   ijkl-minl-njmk |          1.045 |      1.052 |      1.069 
     aqrs-pa-pqrs |          1.286 |      1.439 |      1.308 
     abrs-qb-aqrs |          1.313 |      1.236 |      1.156 
     abcs-rc-abrs |          1.215 |      1.378 |      1.233 
       abj-bka-kj |          1.163 |      1.195 |      1.194 
       ajb-kba-jk |          1.079 |      1.130 |      1.117 
     abjc-cbka-kj |          1.986 |      1.431 |      1.639 
     ajbc-ckba-jk |          1.435 |      1.112 |      1.239 
     abjc-kbac-jk |          1.226 |      1.274 |      1.250 
   abjcd-dkbac-jk |          1.983 |      1.568 |      1.772 
   adbjc-cbdka-kj |          2.222 |      1.712 |      1.973 
   ajbdc-ckbad-jk |          2.411 |      1.846 |      2.126 
 abcijk-ijma-mkbc |          1.755 |      2.025 |      1.730 
 abcijk-ijmb-mkac |          1.913 |      2.195 |      1.915 
 abcijk-ijmc-mkab |          1.272 |      1.476 |      1.255 
 abcijk-ikma-mjbc |          1.756 |      2.019 |      1.734 
 abcijk-ikmb-mjac |          1.918 |      2.197 |      1.921 
 abcijk-ikmc-mjab |          1.276 |      1.480 |      1.262 
 abcijk-jkma-mibc |          1.748 |      2.008 |      1.726 
 abcijk-jkmb-miac |          1.913 |      2.182 |      1.927 
 abcijk-jkmc-miab |          1.291 |      1.500 |      1.279 
 abcijk-eiab-jkec |          1.295 |      1.505 |      1.280 
 abcijk-eiac-jkeb |          1.918 |      2.189 |      1.906 
 abcijk-eibc-jkea |          1.744 |      2.015 |      1.737 
 abcijk-ejab-ikec |          1.269 |      1.476 |      1.253 
 abcijk-ejac-ikeb |          1.918 |      2.195 |      1.904 
 abcijk-ejbc-ikea |          1.734 |      1.996 |      1.720 
 abcijk-ekab-ijec |          1.263 |      1.466 |      1.246 
 abcijk-ekac-ijeb |          1.941 |      2.234 |      1.940 
 abcijk-ekbc-ijea |          1.755 |      2.022 |      1.741 
       abc-bk-akc |          1.241 |      1.237 |      1.203 
             MEAN |          1.424 |      1.476 |      1.390 

wrote bench-results/worker5040-zen2/phase4e/bl-kc512-f32c32.csv
