host        : worker5040
target      : x86_64 / linux
cpu features: avx2 fma 
caches      : L1=32KiB/8-way/1sh L2=512KiB/8-way/1sh L3=16384KiB/16-way/4sh (via sysfs), blocking=legacy
baselines   : tblis=false blas=false

sweeping 49 cases at 64 MiB nominal tensor size, 3 reps, stress=none


=== f64 ===
             case |      m |      n |     k | regA | regB | planar GF/s | 1m GF/s | 3m GF/s 
------------------+--------+--------+-------+------+------+-------------+---------+---------
         ij-ik-kj |   2904 |   2896 |  2904 | 1.00 | 1.00 |        43.1 |    43.1 |    43.1 
       ij-ikl-ljk |    216 |    204 | 44064 | 1.00 | 1.00 |        34.6 |    34.6 |    34.6 
       ij-kil-lkj |    216 |    204 | 46656 | 1.00 | 1.00 |        34.3 |    34.3 |    34.3 
       ijk-ikl-lj |  44064 |    204 |   216 | 1.00 | 1.00 |        34.0 |    34.0 |    34.0 
       ijk-il-jlk |    216 |  44064 |   204 | 1.00 | 1.00 |        35.8 |    35.8 |    35.8 
       ijk-ilk-jl |  44064 |    216 |   204 | 1.00 | 1.00 |        40.4 |    40.4 |    40.4 
       ijk-ilk-lj |  44064 |    204 |   216 | 1.00 | 1.00 |        40.4 |    40.4 |    40.4 
     ijk-ilmk-mjl |   3744 |     52 |  3744 | 1.00 | 1.00 |        30.7 |    30.7 |    30.7 
   ijkl-imjn-lnkm |   3744 |   3744 |  2704 | 1.00 | 0.92 |        43.3 |    43.3 |    43.3 
   ijkl-imjn-nlmk |   3744 |   2704 |  3744 | 1.00 | 0.92 |        43.9 |    43.9 |    43.9 
   ijkl-imkn-jnlm |   3744 |   3744 |  2704 | 1.00 | 1.00 |        42.1 |    42.1 |    42.1 
   ijkl-imkn-njml |   3744 |   2704 |  3744 | 1.00 | 0.92 |        42.8 |    42.8 |    42.8 
   ijkl-imln-jnkm |   3744 |   3744 |  2704 | 1.00 | 1.00 |        42.1 |    42.1 |    42.1 
   ijkl-imln-njmk |   3744 |   2704 |  3744 | 1.00 | 0.92 |        42.8 |    42.8 |    42.8 
   ijkl-imnj-nlkm |   3744 |   2704 |  3744 | 1.00 | 0.92 |        43.8 |    43.8 |    43.8 
   ijkl-imnk-njml |   3744 |   2704 |  3744 | 1.00 | 0.92 |        42.8 |    42.8 |    42.8 
   ijkl-minj-nlmk |   3744 |   2704 |  5184 | 1.00 | 0.92 |        43.2 |    43.2 |    43.2 
   ijkl-mink-jnlm |   3744 |   3744 |  3744 | 1.00 | 1.00 |        42.1 |    42.1 |    42.1 
   ijkl-minl-njmk |   3744 |   2704 |  5184 | 1.00 | 0.92 |        42.1 |    42.1 |    42.1 
     aqrs-pa-pqrs |     72 | 140608 |    72 | 1.00 | 1.00 |        25.1 |    25.1 |    25.1 
     abrs-qb-aqrs |     52 | 194688 |    72 | 1.00 | 1.00 |        24.9 |    24.9 |    24.9 
     abcs-rc-abrs |     52 | 194688 |    72 | 1.00 | 1.00 |        21.9 |    21.9 |    21.9 
       abj-bka-kj |  46656 |    204 |   216 | 1.00 | 1.00 |        36.6 |    36.6 |    36.6 
       ajb-kba-jk |  44064 |    216 |   216 | 1.00 | 1.00 |        42.0 |    42.0 |    42.0 
     abjc-cbka-kj | 269568 |     52 |    72 | 1.00 | 1.00 |        10.9 |    10.9 |    10.9 
     ajbc-ckba-jk | 269568 |     72 |    52 | 1.00 | 1.00 |        18.5 |    18.5 |    18.5 
     abjc-kbac-jk | 194688 |     72 |    72 | 1.00 | 1.00 |        31.0 |    31.0 |    31.0 
   abjcd-dkbac-jk | 331776 |     24 |    24 | 1.00 | 1.00 |         5.4 |     5.4 |     5.4 
   adbjc-cbdka-kj | 331776 |     24 |    24 | 1.00 | 1.00 |         4.4 |     4.4 |     4.4 
   ajbdc-ckbad-jk | 331776 |     24 |    24 | 1.00 | 1.00 |         5.1 |     5.1 |     5.1 
 abcijk-ijma-mkbc |   9216 |   4096 |    24 | 1.00 | 0.99 |        21.5 |    21.5 |    21.5 
 abcijk-ijmb-mkac |   6144 |   6144 |    24 | 1.00 | 0.75 |        19.5 |    19.5 |    19.5 
 abcijk-ijmc-mkab |   6144 |   6144 |    24 | 1.00 | 0.75 |        24.1 |    24.1 |    24.1 
 abcijk-ikma-mjbc |   9216 |   4096 |    24 | 1.00 | 0.99 |        21.4 |    21.4 |    21.4 
 abcijk-ikmb-mjac |   6144 |   6144 |    24 | 1.00 | 0.75 |        19.6 |    19.6 |    19.6 
 abcijk-ikmc-mjab |   6144 |   6144 |    24 | 1.00 | 0.75 |        23.9 |    23.9 |    23.9 
 abcijk-jkma-mibc |   9216 |   4096 |    24 | 1.00 | 0.99 |        22.1 |    22.1 |    22.1 
 abcijk-jkmb-miac |   6144 |   6144 |    24 | 1.00 | 0.75 |        19.1 |    19.1 |    19.1 
 abcijk-jkmc-miab |   6144 |   6144 |    24 | 1.00 | 0.75 |        22.3 |    22.3 |    22.3 
 abcijk-eiab-jkec |   6144 |   6144 |    24 | 1.00 | 0.75 |        22.3 |    22.3 |    22.3 
 abcijk-eiac-jkeb |   6144 |   6144 |    24 | 1.00 | 0.75 |        19.0 |    19.0 |    19.0 
 abcijk-eibc-jkea |   4096 |   9216 |    24 | 1.00 | 0.99 |        22.0 |    22.0 |    22.0 
 abcijk-ejab-ikec |   6144 |   6144 |    24 | 1.00 | 0.75 |        24.1 |    24.1 |    24.1 
 abcijk-ejac-ikeb |   6144 |   6144 |    24 | 1.00 | 0.75 |        19.3 |    19.3 |    19.3 
 abcijk-ejbc-ikea |   4096 |   9216 |    24 | 1.00 | 0.99 |        21.2 |    21.2 |    21.2 
 abcijk-ekab-ijec |   6144 |   6144 |    24 | 1.00 | 0.75 |        24.1 |    24.1 |    24.1 
 abcijk-ekac-ijeb |   6144 |   6144 |    24 | 1.00 | 0.75 |        19.6 |    19.6 |    19.6 
 abcijk-ekbc-ijea |   4096 |   9216 |    24 | 1.00 | 0.99 |        21.3 |    21.3 |    21.3 
       abc-bk-akc |    216 |  44064 |   204 | 1.00 | 1.00 |        40.2 |    40.2 |    40.2 

=== c64 ===
             case |      m |      n |     k | regA | regB | planar GF/s | 1m GF/s | 3m GF/s 
------------------+--------+--------+-------+------+------+-------------+---------+---------
         ij-ik-kj |   2904 |   2896 |  2904 | 1.00 | 1.00 |        44.7 |    44.9 |    44.3 
       ij-ikl-ljk |    216 |    204 | 44064 | 1.00 | 1.00 |        40.6 |    42.4 |    37.9 
       ij-kil-lkj |    216 |    204 | 46656 | 1.00 | 1.00 |        40.9 |    42.0 |    41.2 
       ijk-ikl-lj |  44064 |    204 |   216 | 1.00 | 1.00 |        40.6 |    39.5 |    40.4 
       ijk-il-jlk |    216 |  44064 |   204 | 1.00 | 0.98 |        42.4 |    44.4 |    40.5 
       ijk-ilk-jl |  44064 |    216 |   204 | 1.00 | 1.00 |        42.8 |    45.2 |    40.6 
       ijk-ilk-lj |  44064 |    204 |   216 | 1.00 | 1.00 |        43.6 |    45.2 |    40.7 
     ijk-ilmk-mjl |   3744 |     52 |  3744 | 1.00 | 1.00 |        36.2 |    36.8 |    30.6 
   ijkl-imjn-lnkm |   3744 |   3744 |  2704 | 1.00 | 0.92 |        45.4 |    46.0 |    43.8 
   ijkl-imjn-nlmk |   3744 |   2704 |  3744 | 1.00 | 0.92 |        45.6 |    46.2 |    44.0 
   ijkl-imkn-jnlm |   3744 |   3744 |  2704 | 1.00 | 0.95 |        44.8 |    44.9 |    42.8 
   ijkl-imkn-njml |   3744 |   2704 |  3744 | 1.00 | 0.92 |        45.2 |    45.2 |    43.2 
   ijkl-imln-jnkm |   3744 |   3744 |  2704 | 1.00 | 0.95 |        44.8 |    44.9 |    42.9 
   ijkl-imln-njmk |   3744 |   2704 |  3744 | 1.00 | 0.92 |        45.2 |    45.3 |    43.1 
   ijkl-imnj-nlkm |   3744 |   2704 |  3744 | 1.00 | 0.92 |        45.6 |    46.3 |    44.0 
   ijkl-imnk-njml |   3744 |   2704 |  3744 | 1.00 | 0.92 |        45.3 |    45.3 |    43.2 
   ijkl-minj-nlmk |   3744 |   2704 |  5184 | 1.00 | 0.92 |        45.3 |    45.7 |    45.3 
   ijkl-mink-jnlm |   3744 |   3744 |  3744 | 1.00 | 0.95 |        45.0 |    44.9 |    44.4 
   ijkl-minl-njmk |   3744 |   2704 |  5184 | 1.00 | 0.92 |        44.8 |    44.7 |    44.4 
     aqrs-pa-pqrs |     72 | 140608 |    72 | 1.00 | 1.00 |        32.7 |    35.3 |    32.7 
     abrs-qb-aqrs |     52 | 194688 |    72 | 1.00 | 1.00 |        30.8 |    33.2 |    28.7 
     abcs-rc-abrs |     52 | 194688 |    72 | 1.00 | 1.00 |        30.0 |    33.4 |    31.7 
       abj-bka-kj |  46656 |    204 |   216 | 1.00 | 1.00 |        42.1 |    42.0 |    42.4 
       ajb-kba-jk |  44064 |    216 |   216 | 1.00 | 1.00 |        43.8 |    45.8 |    45.0 
     abjc-cbka-kj | 269568 |     52 |    72 | 1.00 | 1.00 |        20.1 |    17.3 |    20.1 
     ajbc-ckba-jk | 269568 |     72 |    52 | 1.00 | 1.00 |        22.2 |    20.7 |    21.9 
     abjc-kbac-jk | 194688 |     72 |    72 | 1.00 | 1.00 |        35.5 |    38.9 |    38.1 
   abjcd-dkbac-jk | 331776 |     24 |    24 | 1.00 | 1.00 |        11.6 |     9.9 |    10.9 
   adbjc-cbdka-kj | 331776 |     24 |    24 | 1.00 | 1.00 |        10.5 |     9.0 |     9.9 
   ajbdc-ckbad-jk | 331776 |     24 |    24 | 1.00 | 1.00 |        11.1 |     9.6 |    10.5 
 abcijk-ijma-mkbc |   9216 |   4096 |    24 | 1.00 | 0.99 |        26.7 |    29.2 |    26.5 
 abcijk-ijmb-mkac |   6144 |   6144 |    24 | 1.00 | 0.75 |        26.9 |    29.8 |    26.1 
 abcijk-ijmc-mkab |   6144 |   6144 |    24 | 1.00 | 0.75 |        29.6 |    33.4 |    28.7 
 abcijk-ikma-mjbc |   9216 |   4096 |    24 | 1.00 | 0.99 |        26.6 |    29.5 |    26.6 
 abcijk-ikmb-mjac |   6144 |   6144 |    24 | 1.00 | 0.75 |        26.7 |    29.9 |    25.9 
 abcijk-ikmc-mjab |   6144 |   6144 |    24 | 1.00 | 0.75 |        29.5 |    33.4 |    28.6 
 abcijk-jkma-mibc |   9216 |   4096 |    24 | 1.00 | 0.99 |        26.5 |    29.0 |    26.5 
 abcijk-jkmb-miac |   6144 |   6144 |    24 | 1.00 | 0.75 |        26.0 |    28.5 |    25.9 
 abcijk-jkmc-miab |   6144 |   6144 |    24 | 1.00 | 0.75 |        28.4 |    29.7 |    28.2 
 abcijk-eiab-jkec |   6144 |   6144 |    24 | 1.00 | 0.75 |        28.5 |    29.8 |    28.3 
 abcijk-eiac-jkeb |   6144 |   6144 |    24 | 1.00 | 0.75 |        25.9 |    28.2 |    25.9 
 abcijk-eibc-jkea |   4096 |   9216 |    24 | 1.00 | 0.99 |        26.4 |    28.9 |    26.5 
 abcijk-ejab-ikec |   6144 |   6144 |    24 | 1.00 | 0.75 |        29.5 |    33.3 |    28.6 
 abcijk-ejac-ikeb |   6144 |   6144 |    24 | 1.00 | 0.75 |        26.8 |    28.9 |    25.9 
 abcijk-ejbc-ikea |   4096 |   9216 |    24 | 1.00 | 0.99 |        26.6 |    29.0 |    26.5 
 abcijk-ekab-ijec |   6144 |   6144 |    24 | 1.00 | 0.75 |        29.5 |    33.4 |    28.7 
 abcijk-ekac-ijeb |   6144 |   6144 |    24 | 1.00 | 0.75 |        26.8 |    29.2 |    25.8 
 abcijk-ekbc-ijea |   4096 |   9216 |    24 | 1.00 | 0.99 |        26.5 |    28.8 |    26.3 
       abc-bk-akc |    216 |  44064 |   204 | 1.00 | 1.00 |        42.8 |    44.9 |    40.5 

=== complex efficiency ratio (c64 GF/s over f64 GF/s; 1.0 = no penalty) ===
             case | planar c64/f64 | 1m c64/f64 | 3m c64/f64 
------------------+----------------+------------+------------
         ij-ik-kj |          1.036 |      1.041 |      1.026 
       ij-ikl-ljk |          1.172 |      1.225 |      1.095 
       ij-kil-lkj |          1.193 |      1.225 |      1.202 
       ijk-ikl-lj |          1.194 |      1.160 |      1.187 
       ijk-il-jlk |          1.187 |      1.242 |      1.134 
       ijk-ilk-jl |          1.061 |      1.120 |      1.007 
       ijk-ilk-lj |          1.079 |      1.119 |      1.009 
     ijk-ilmk-mjl |          1.180 |      1.197 |      0.996 
   ijkl-imjn-lnkm |          1.048 |      1.062 |      1.011 
   ijkl-imjn-nlmk |          1.038 |      1.052 |      1.003 
   ijkl-imkn-jnlm |          1.064 |      1.066 |      1.017 
   ijkl-imkn-njml |          1.056 |      1.056 |      1.009 
   ijkl-imln-jnkm |          1.062 |      1.065 |      1.017 
   ijkl-imln-njmk |          1.056 |      1.058 |      1.007 
   ijkl-imnj-nlkm |          1.040 |      1.056 |      1.005 
   ijkl-imnk-njml |          1.058 |      1.058 |      1.011 
   ijkl-minj-nlmk |          1.049 |      1.057 |      1.048 
   ijkl-mink-jnlm |          1.069 |      1.068 |      1.055 
   ijkl-minl-njmk |          1.065 |      1.061 |      1.054 
     aqrs-pa-pqrs |          1.302 |      1.403 |      1.301 
     abrs-qb-aqrs |          1.238 |      1.335 |      1.153 
     abcs-rc-abrs |          1.366 |      1.524 |      1.446 
       abj-bka-kj |          1.150 |      1.147 |      1.156 
       ajb-kba-jk |          1.044 |      1.091 |      1.071 
     abjc-cbka-kj |          1.844 |      1.586 |      1.838 
     ajbc-ckba-jk |          1.203 |      1.121 |      1.185 
     abjc-kbac-jk |          1.145 |      1.254 |      1.229 
   abjcd-dkbac-jk |          2.148 |      1.827 |      2.012 
   adbjc-cbdka-kj |          2.391 |      2.044 |      2.245 
   ajbdc-ckbad-jk |          2.177 |      1.884 |      2.062 
 abcijk-ijma-mkbc |          1.245 |      1.359 |      1.235 
 abcijk-ijmb-mkac |          1.381 |      1.531 |      1.341 
 abcijk-ijmc-mkab |          1.225 |      1.383 |      1.190 
 abcijk-ikma-mjbc |          1.244 |      1.378 |      1.241 
 abcijk-ikmb-mjac |          1.367 |      1.527 |      1.327 
 abcijk-ikmc-mjab |          1.233 |      1.396 |      1.197 
 abcijk-jkma-mibc |          1.199 |      1.311 |      1.197 
 abcijk-jkmb-miac |          1.364 |      1.494 |      1.358 
 abcijk-jkmc-miab |          1.275 |      1.333 |      1.266 
 abcijk-eiab-jkec |          1.277 |      1.335 |      1.268 
 abcijk-eiac-jkeb |          1.362 |      1.483 |      1.362 
 abcijk-eibc-jkea |          1.199 |      1.315 |      1.205 
 abcijk-ejab-ikec |          1.227 |      1.386 |      1.189 
 abcijk-ejac-ikeb |          1.388 |      1.501 |      1.342 
 abcijk-ejbc-ikea |          1.251 |      1.363 |      1.246 
 abcijk-ekab-ijec |          1.228 |      1.388 |      1.192 
 abcijk-ekac-ijeb |          1.367 |      1.491 |      1.316 
 abcijk-ekbc-ijea |          1.239 |      1.350 |      1.234 
       abc-bk-akc |          1.066 |      1.117 |      1.008 
             MEAN |          1.262 |      1.299 |      1.231 

wrote bench-results/worker5040-zen2/phase4e/bl-kc384-f64c64.csv
