host        : worker5040
target      : x86_64 / linux
cpu features: avx2 fma 
caches      : L1=32KiB/8-way/1sh L2=512KiB/8-way/1sh L3=16384KiB/16-way/4sh (via sysfs), blocking=legacy
baselines   : tblis=false blas=false

sweeping 49 cases at 64 MiB nominal tensor size, 3 reps, stress=none


=== f32 ===
             case |      m |      n |     k | regA | regB | planar GF/s | 1m GF/s | 3m GF/s 
------------------+--------+--------+-------+------+------+-------------+---------+---------
         ij-ik-kj |   2904 |   2896 |  2904 | 1.00 | 1.00 |        79.7 |    79.7 |    79.7 
       ij-ikl-ljk |    216 |    204 | 44064 | 1.00 | 1.00 |        47.1 |    47.1 |    47.1 
       ij-kil-lkj |    216 |    204 | 46656 | 1.00 | 1.00 |        53.0 |    53.0 |    53.0 
       ijk-ikl-lj |  44064 |    204 |   216 | 1.00 | 1.00 |        67.7 |    67.7 |    67.7 
       ijk-il-jlk |    216 |  44064 |   204 | 1.00 | 1.00 |        69.1 |    69.1 |    69.1 
       ijk-ilk-jl |  44064 |    216 |   204 | 0.96 | 1.00 |        66.1 |    66.1 |    66.1 
       ijk-ilk-lj |  44064 |    204 |   216 | 0.96 | 1.00 |        65.9 |    65.9 |    65.9 
     ijk-ilmk-mjl |   3744 |     52 |  3744 | 0.89 | 1.00 |        44.5 |    44.5 |    44.5 
   ijkl-imjn-lnkm |   3744 |   3744 |  2704 | 0.89 | 0.92 |        80.7 |    80.7 |    80.7 
   ijkl-imjn-nlmk |   3744 |   2704 |  3744 | 0.89 | 0.92 |        79.2 |    79.2 |    79.2 
   ijkl-imkn-jnlm |   3744 |   3744 |  2704 | 0.89 | 1.00 |        74.3 |    74.3 |    74.3 
   ijkl-imkn-njml |   3744 |   2704 |  3744 | 0.89 | 0.92 |        73.4 |    73.4 |    73.4 
   ijkl-imln-jnkm |   3744 |   3744 |  2704 | 0.89 | 1.00 |        75.3 |    75.3 |    75.3 
   ijkl-imln-njmk |   3744 |   2704 |  3744 | 0.89 | 0.92 |        74.2 |    74.2 |    74.2 
   ijkl-imnj-nlkm |   3744 |   2704 |  3744 | 0.89 | 0.92 |        79.3 |    79.3 |    79.3 
   ijkl-imnk-njml |   3744 |   2704 |  3744 | 0.89 | 0.92 |        73.7 |    73.7 |    73.7 
   ijkl-minj-nlmk |   3744 |   2704 |  5184 | 0.89 | 0.92 |        78.3 |    78.3 |    78.3 
   ijkl-mink-jnlm |   3744 |   3744 |  3744 | 0.89 | 1.00 |        74.2 |    74.2 |    74.2 
   ijkl-minl-njmk |   3744 |   2704 |  5184 | 0.89 | 0.92 |        73.1 |    73.1 |    73.1 
     aqrs-pa-pqrs |     72 | 140608 |    72 | 1.00 | 1.00 |        44.8 |    44.8 |    44.8 
     abrs-qb-aqrs |     52 | 194688 |    72 | 0.89 | 1.00 |        44.5 |    44.5 |    44.5 
     abcs-rc-abrs |     52 | 194688 |    72 | 1.00 | 1.00 |        47.0 |    47.0 |    47.0 
       abj-bka-kj |  46656 |    204 |   216 | 0.96 | 1.00 |        66.4 |    66.4 |    66.4 
       ajb-kba-jk |  44064 |    216 |   216 | 0.96 | 1.00 |        80.3 |    80.3 |    80.3 
     abjc-cbka-kj | 269568 |     52 |    72 | 0.89 | 1.00 |        16.3 |    16.3 |    16.3 
     ajbc-ckba-jk | 269568 |     72 |    52 | 0.89 | 1.00 |        32.7 |    32.7 |    32.7 
     abjc-kbac-jk | 194688 |     72 |    72 | 0.89 | 1.00 |        55.6 |    55.6 |    55.6 
   abjcd-dkbac-jk | 331776 |     24 |    24 | 0.67 | 1.00 |         8.5 |     8.5 |     8.5 
   adbjc-cbdka-kj | 331776 |     24 |    24 | 0.67 | 1.00 |         6.3 |     6.3 |     6.3 
   ajbdc-ckbad-jk | 331776 |     24 |    24 | 1.00 | 1.00 |         6.8 |     6.8 |     6.8 
 abcijk-ijma-mkbc |   9216 |   4096 |    24 | 1.00 | 1.00 |        30.2 |    30.2 |    30.2 
 abcijk-ijmb-mkac |   6144 |   6144 |    24 | 1.00 | 1.00 |        26.3 |    26.3 |    26.3 
 abcijk-ijmc-mkab |   6144 |   6144 |    24 | 1.00 | 0.75 |        42.5 |    42.5 |    42.5 
 abcijk-ikma-mjbc |   9216 |   4096 |    24 | 1.00 | 1.00 |        30.1 |    30.1 |    30.1 
 abcijk-ikmb-mjac |   6144 |   6144 |    24 | 1.00 | 1.00 |        26.3 |    26.3 |    26.3 
 abcijk-ikmc-mjab |   6144 |   6144 |    24 | 1.00 | 0.75 |        42.5 |    42.5 |    42.5 
 abcijk-jkma-mibc |   9216 |   4096 |    24 | 1.00 | 1.00 |        30.1 |    30.1 |    30.1 
 abcijk-jkmb-miac |   6144 |   6144 |    24 | 1.00 | 1.00 |        26.1 |    26.1 |    26.1 
 abcijk-jkmc-miab |   6144 |   6144 |    24 | 1.00 | 0.75 |        40.7 |    40.7 |    40.7 
 abcijk-eiab-jkec |   6144 |   6144 |    24 | 1.00 | 0.75 |        40.6 |    40.6 |    40.6 
 abcijk-eiac-jkeb |   6144 |   6144 |    24 | 1.00 | 1.00 |        26.0 |    26.0 |    26.0 
 abcijk-eibc-jkea |   4096 |   9216 |    24 | 1.00 | 1.00 |        30.2 |    30.2 |    30.2 
 abcijk-ejab-ikec |   6144 |   6144 |    24 | 1.00 | 0.75 |        42.3 |    42.3 |    42.3 
 abcijk-ejac-ikeb |   6144 |   6144 |    24 | 1.00 | 1.00 |        26.1 |    26.1 |    26.1 
 abcijk-ejbc-ikea |   4096 |   9216 |    24 | 1.00 | 1.00 |        30.2 |    30.2 |    30.2 
 abcijk-ekab-ijec |   6144 |   6144 |    24 | 1.00 | 0.75 |        42.5 |    42.5 |    42.5 
 abcijk-ekac-ijeb |   6144 |   6144 |    24 | 1.00 | 1.00 |        26.2 |    26.2 |    26.2 
 abcijk-ekbc-ijea |   4096 |   9216 |    24 | 1.00 | 1.00 |        30.1 |    30.1 |    30.1 
       abc-bk-akc |    216 |  44064 |   204 | 0.96 | 1.00 |        67.0 |    67.0 |    67.0 

=== c32 ===
             case |      m |      n |     k | regA | regB | planar GF/s | 1m GF/s | 3m GF/s 
------------------+--------+--------+-------+------+------+-------------+---------+---------
         ij-ik-kj |   2904 |   2896 |  2904 | 1.00 | 1.00 |        82.2 |    84.7 |    81.4 
       ij-ikl-ljk |    216 |    204 | 44064 | 1.00 | 1.00 |        70.3 |    67.1 |    65.4 
       ij-kil-lkj |    216 |    204 | 46656 | 1.00 | 1.00 |        70.5 |    71.7 |    71.4 
       ijk-ikl-lj |  44064 |    204 |   216 | 1.00 | 1.00 |        77.1 |    83.8 |    81.3 
       ijk-il-jlk |    216 |  44064 |   204 | 1.00 | 0.98 |        81.6 |    83.9 |    78.9 
       ijk-ilk-jl |  44064 |    216 |   204 | 1.00 | 1.00 |        81.9 |    81.4 |    79.6 
       ijk-ilk-lj |  44064 |    204 |   216 | 1.00 | 1.00 |        83.2 |    80.0 |    79.7 
     ijk-ilmk-mjl |   3744 |     52 |  3744 | 1.00 | 1.00 |        63.0 |    63.8 |    59.9 
   ijkl-imjn-lnkm |   3744 |   3744 |  2704 | 1.00 | 0.92 |        83.8 |    85.3 |    83.4 
   ijkl-imjn-nlmk |   3744 |   2704 |  3744 | 1.00 | 0.92 |        83.4 |    85.2 |    83.8 
   ijkl-imkn-jnlm |   3744 |   3744 |  2704 | 1.00 | 0.95 |        80.8 |    83.8 |    81.1 
   ijkl-imkn-njml |   3744 |   2704 |  3744 | 1.00 | 0.92 |        80.7 |    83.6 |    81.1 
   ijkl-imln-jnkm |   3744 |   3744 |  2704 | 1.00 | 0.95 |        81.2 |    83.7 |    81.8 
   ijkl-imln-njmk |   3744 |   2704 |  3744 | 1.00 | 0.92 |        80.8 |    83.7 |    81.6 
   ijkl-imnj-nlkm |   3744 |   2704 |  3744 | 1.00 | 0.92 |        83.6 |    85.3 |    84.1 
   ijkl-imnk-njml |   3744 |   2704 |  3744 | 1.00 | 0.92 |        80.6 |    83.7 |    81.4 
   ijkl-minj-nlmk |   3744 |   2704 |  5184 | 1.00 | 0.92 |        82.8 |    84.8 |    83.8 
   ijkl-mink-jnlm |   3744 |   3744 |  3744 | 1.00 | 0.95 |        80.6 |    83.8 |    82.0 
   ijkl-minl-njmk |   3744 |   2704 |  5184 | 1.00 | 0.92 |        80.1 |    83.2 |    81.7 
     aqrs-pa-pqrs |     72 | 140608 |    72 | 1.00 | 1.00 |        58.5 |    64.5 |    60.5 
     abrs-qb-aqrs |     52 | 194688 |    72 | 1.00 | 1.00 |        57.0 |    53.9 |    49.9 
     abcs-rc-abrs |     52 | 194688 |    72 | 1.00 | 1.00 |        59.7 |    65.9 |    56.2 
       abj-bka-kj |  46656 |    204 |   216 | 1.00 | 1.00 |        78.9 |    80.6 |    80.8 
       ajb-kba-jk |  44064 |    216 |   216 | 1.00 | 1.00 |        85.7 |    90.4 |    88.4 
     abjc-cbka-kj | 269568 |     52 |    72 | 1.00 | 1.00 |        31.3 |    23.1 |    26.6 
     ajbc-ckba-jk | 269568 |     72 |    52 | 1.00 | 1.00 |        46.3 |    35.2 |    40.3 
     abjc-kbac-jk | 194688 |     72 |    72 | 1.00 | 1.00 |        66.9 |    70.5 |    69.5 
   abjcd-dkbac-jk | 331776 |     24 |    24 | 1.00 | 1.00 |        16.6 |    12.9 |    14.6 
   adbjc-cbdka-kj | 331776 |     24 |    24 | 1.00 | 1.00 |        14.1 |    10.8 |    12.4 
   ajbdc-ckbad-jk | 331776 |     24 |    24 | 1.00 | 1.00 |        16.2 |    12.8 |    14.4 
 abcijk-ijma-mkbc |   9216 |   4096 |    24 | 1.00 | 0.99 |        52.9 |    60.9 |    52.5 
 abcijk-ijmb-mkac |   6144 |   6144 |    24 | 1.00 | 0.75 |        50.6 |    58.4 |    50.7 
 abcijk-ijmc-mkab |   6144 |   6144 |    24 | 1.00 | 0.75 |        54.1 |    62.7 |    53.4 
 abcijk-ikma-mjbc |   9216 |   4096 |    24 | 1.00 | 0.99 |        53.0 |    61.1 |    52.4 
 abcijk-ikmb-mjac |   6144 |   6144 |    24 | 1.00 | 0.75 |        50.5 |    57.9 |    50.3 
 abcijk-ikmc-mjab |   6144 |   6144 |    24 | 1.00 | 0.75 |        54.1 |    62.7 |    53.5 
 abcijk-jkma-mibc |   9216 |   4096 |    24 | 1.00 | 0.99 |        53.0 |    61.3 |    52.8 
 abcijk-jkmb-miac |   6144 |   6144 |    24 | 1.00 | 0.75 |        50.2 |    57.4 |    50.4 
 abcijk-jkmc-miab |   6144 |   6144 |    24 | 1.00 | 0.75 |        53.0 |    61.3 |    52.4 
 abcijk-eiab-jkec |   6144 |   6144 |    24 | 1.00 | 0.75 |        53.0 |    61.3 |    52.3 
 abcijk-eiac-jkeb |   6144 |   6144 |    24 | 1.00 | 0.75 |        50.2 |    57.1 |    50.6 
 abcijk-eibc-jkea |   4096 |   9216 |    24 | 1.00 | 0.99 |        53.0 |    61.3 |    52.5 
 abcijk-ejab-ikec |   6144 |   6144 |    24 | 1.00 | 0.75 |        54.1 |    62.6 |    53.5 
 abcijk-ejac-ikeb |   6144 |   6144 |    24 | 1.00 | 0.75 |        50.5 |    58.1 |    50.6 
 abcijk-ejbc-ikea |   4096 |   9216 |    24 | 1.00 | 0.99 |        53.0 |    61.1 |    52.3 
 abcijk-ekab-ijec |   6144 |   6144 |    24 | 1.00 | 0.75 |        54.1 |    62.7 |    53.5 
 abcijk-ekac-ijeb |   6144 |   6144 |    24 | 1.00 | 0.75 |        50.6 |    58.0 |    50.5 
 abcijk-ekbc-ijea |   4096 |   9216 |    24 | 1.00 | 0.99 |        52.9 |    61.0 |    52.5 
       abc-bk-akc |    216 |  44064 |   204 | 1.00 | 1.00 |        82.1 |    81.7 |    80.2 

=== complex efficiency ratio (c32 GF/s over f32 GF/s; 1.0 = no penalty) ===
             case | planar c32/f32 | 1m c32/f32 | 3m c32/f32 
------------------+----------------+------------+------------
         ij-ik-kj |          1.031 |      1.062 |      1.021 
       ij-ikl-ljk |          1.492 |      1.426 |      1.390 
       ij-kil-lkj |          1.329 |      1.352 |      1.347 
       ijk-ikl-lj |          1.140 |      1.238 |      1.201 
       ijk-il-jlk |          1.180 |      1.214 |      1.141 
       ijk-ilk-jl |          1.239 |      1.231 |      1.204 
       ijk-ilk-lj |          1.263 |      1.215 |      1.209 
     ijk-ilmk-mjl |          1.416 |      1.435 |      1.347 
   ijkl-imjn-lnkm |          1.038 |      1.056 |      1.034 
   ijkl-imjn-nlmk |          1.053 |      1.075 |      1.058 
   ijkl-imkn-jnlm |          1.088 |      1.127 |      1.091 
   ijkl-imkn-njml |          1.099 |      1.139 |      1.104 
   ijkl-imln-jnkm |          1.078 |      1.112 |      1.087 
   ijkl-imln-njmk |          1.090 |      1.129 |      1.101 
   ijkl-imnj-nlkm |          1.054 |      1.075 |      1.059 
   ijkl-imnk-njml |          1.093 |      1.136 |      1.104 
   ijkl-minj-nlmk |          1.058 |      1.084 |      1.071 
   ijkl-mink-jnlm |          1.086 |      1.129 |      1.105 
   ijkl-minl-njmk |          1.096 |      1.139 |      1.119 
     aqrs-pa-pqrs |          1.307 |      1.441 |      1.352 
     abrs-qb-aqrs |          1.281 |      1.211 |      1.123 
     abcs-rc-abrs |          1.270 |      1.403 |      1.197 
       abj-bka-kj |          1.187 |      1.214 |      1.216 
       ajb-kba-jk |          1.068 |      1.126 |      1.101 
     abjc-cbka-kj |          1.918 |      1.414 |      1.629 
     ajbc-ckba-jk |          1.415 |      1.076 |      1.232 
     abjc-kbac-jk |          1.205 |      1.269 |      1.250 
   abjcd-dkbac-jk |          1.944 |      1.513 |      1.710 
   adbjc-cbdka-kj |          2.222 |      1.709 |      1.952 
   ajbdc-ckbad-jk |          2.380 |      1.883 |      2.110 
 abcijk-ijma-mkbc |          1.749 |      2.014 |      1.738 
 abcijk-ijmb-mkac |          1.927 |      2.222 |      1.930 
 abcijk-ijmc-mkab |          1.273 |      1.475 |      1.257 
 abcijk-ikma-mjbc |          1.758 |      2.027 |      1.738 
 abcijk-ikmb-mjac |          1.918 |      2.200 |      1.911 
 abcijk-ikmc-mjab |          1.272 |      1.474 |      1.258 
 abcijk-jkma-mibc |          1.757 |      2.033 |      1.751 
 abcijk-jkmb-miac |          1.928 |      2.204 |      1.933 
 abcijk-jkmc-miab |          1.302 |      1.506 |      1.287 
 abcijk-eiab-jkec |          1.306 |      1.510 |      1.288 
 abcijk-eiac-jkeb |          1.931 |      2.199 |      1.947 
 abcijk-eibc-jkea |          1.756 |      2.031 |      1.741 
 abcijk-ejab-ikec |          1.280 |      1.482 |      1.264 
 abcijk-ejac-ikeb |          1.937 |      2.226 |      1.939 
 abcijk-ejbc-ikea |          1.759 |      2.026 |      1.733 
 abcijk-ekab-ijec |          1.272 |      1.475 |      1.258 
 abcijk-ekac-ijeb |          1.934 |      2.218 |      1.929 
 abcijk-ekbc-ijea |          1.754 |      2.024 |      1.741 
       abc-bk-akc |          1.226 |      1.220 |      1.198 
             MEAN |          1.432 |      1.494 |      1.398 

wrote bench-results/worker5040-zen2/phase4e/bl-kc256-f32c32.csv
