host        : worker5040
target      : x86_64 / linux
cpu features: avx2 fma 
caches      : L1=32KiB/8-way/1sh L2=512KiB/8-way/1sh L3=16384KiB/16-way/4sh (via sysfs), blocking=legacy
baselines   : tblis=false blas=false

sweeping 49 cases at 64 MiB nominal tensor size, 3 reps, stress=none


=== f64 ===
             case |      m |      n |     k | regA | regB | planar GF/s | 1m GF/s | 3m GF/s 
------------------+--------+--------+-------+------+------+-------------+---------+---------
         ij-ik-kj |   2904 |   2896 |  2904 | 1.00 | 1.00 |        40.8 |    40.8 |    40.8 
       ij-ikl-ljk |    216 |    204 | 44064 | 1.00 | 1.00 |        32.9 |    32.9 |    32.9 
       ij-kil-lkj |    216 |    204 | 46656 | 1.00 | 1.00 |        32.7 |    32.7 |    32.7 
       ijk-ikl-lj |  44064 |    204 |   216 | 1.00 | 1.00 |        34.3 |    34.3 |    34.3 
       ijk-il-jlk |    216 |  44064 |   204 | 1.00 | 1.00 |        34.6 |    34.6 |    34.6 
       ijk-ilk-jl |  44064 |    216 |   204 | 1.00 | 1.00 |        39.5 |    39.5 |    39.5 
       ijk-ilk-lj |  44064 |    204 |   216 | 1.00 | 1.00 |        39.6 |    39.6 |    39.6 
     ijk-ilmk-mjl |   3744 |     52 |  3744 | 1.00 | 1.00 |        29.7 |    29.7 |    29.7 
   ijkl-imjn-lnkm |   3744 |   3744 |  2704 | 1.00 | 0.92 |        41.4 |    41.4 |    41.4 
   ijkl-imjn-nlmk |   3744 |   2704 |  3744 | 1.00 | 0.92 |        41.4 |    41.4 |    41.4 
   ijkl-imkn-jnlm |   3744 |   3744 |  2704 | 1.00 | 1.00 |        39.7 |    39.7 |    39.7 
   ijkl-imkn-njml |   3744 |   2704 |  3744 | 1.00 | 0.92 |        40.1 |    40.1 |    40.1 
   ijkl-imln-jnkm |   3744 |   3744 |  2704 | 1.00 | 1.00 |        39.9 |    39.9 |    39.9 
   ijkl-imln-njmk |   3744 |   2704 |  3744 | 1.00 | 0.92 |        39.9 |    39.9 |    39.9 
   ijkl-imnj-nlkm |   3744 |   2704 |  3744 | 1.00 | 0.92 |        41.6 |    41.6 |    41.6 
   ijkl-imnk-njml |   3744 |   2704 |  3744 | 1.00 | 0.92 |        39.9 |    39.9 |    39.9 
   ijkl-minj-nlmk |   3744 |   2704 |  5184 | 1.00 | 0.92 |        40.2 |    40.2 |    40.2 
   ijkl-mink-jnlm |   3744 |   3744 |  3744 | 1.00 | 1.00 |        39.4 |    39.4 |    39.4 
   ijkl-minl-njmk |   3744 |   2704 |  5184 | 1.00 | 0.92 |        39.3 |    39.3 |    39.3 
     aqrs-pa-pqrs |     72 | 140608 |    72 | 1.00 | 1.00 |        24.6 |    24.6 |    24.6 
     abrs-qb-aqrs |     52 | 194688 |    72 | 1.00 | 1.00 |        24.0 |    24.0 |    24.0 
     abcs-rc-abrs |     52 | 194688 |    72 | 1.00 | 1.00 |        25.0 |    25.0 |    25.0 
       abj-bka-kj |  46656 |    204 |   216 | 1.00 | 1.00 |        35.6 |    35.6 |    35.6 
       ajb-kba-jk |  44064 |    216 |   216 | 1.00 | 1.00 |        41.0 |    41.0 |    41.0 
     abjc-cbka-kj | 269568 |     52 |    72 | 1.00 | 1.00 |        10.9 |    10.9 |    10.9 
     ajbc-ckba-jk | 269568 |     72 |    52 | 1.00 | 1.00 |        18.2 |    18.2 |    18.2 
     abjc-kbac-jk | 194688 |     72 |    72 | 1.00 | 1.00 |        30.4 |    30.4 |    30.4 
   abjcd-dkbac-jk | 331776 |     24 |    24 | 1.00 | 1.00 |         5.2 |     5.2 |     5.2 
   adbjc-cbdka-kj | 331776 |     24 |    24 | 1.00 | 1.00 |         4.4 |     4.4 |     4.4 
   ajbdc-ckbad-jk | 331776 |     24 |    24 | 1.00 | 1.00 |         5.0 |     5.0 |     5.0 
 abcijk-ijma-mkbc |   9216 |   4096 |    24 | 1.00 | 0.99 |        20.3 |    20.3 |    20.3 
 abcijk-ijmb-mkac |   6144 |   6144 |    24 | 1.00 | 0.75 |        19.3 |    19.3 |    19.3 
 abcijk-ijmc-mkab |   6144 |   6144 |    24 | 1.00 | 0.75 |        24.4 |    24.4 |    24.4 
 abcijk-ikma-mjbc |   9216 |   4096 |    24 | 1.00 | 0.99 |        20.5 |    20.5 |    20.5 
 abcijk-ikmb-mjac |   6144 |   6144 |    24 | 1.00 | 0.75 |        19.3 |    19.3 |    19.3 
 abcijk-ikmc-mjab |   6144 |   6144 |    24 | 1.00 | 0.75 |        24.2 |    24.2 |    24.2 
 abcijk-jkma-mibc |   9216 |   4096 |    24 | 1.00 | 0.99 |        21.8 |    21.8 |    21.8 
 abcijk-jkmb-miac |   6144 |   6144 |    24 | 1.00 | 0.75 |        19.0 |    19.0 |    19.0 
 abcijk-jkmc-miab |   6144 |   6144 |    24 | 1.00 | 0.75 |        23.4 |    23.4 |    23.4 
 abcijk-eiab-jkec |   6144 |   6144 |    24 | 1.00 | 0.75 |        23.4 |    23.4 |    23.4 
 abcijk-eiac-jkeb |   6144 |   6144 |    24 | 1.00 | 0.75 |        19.3 |    19.3 |    19.3 
 abcijk-eibc-jkea |   4096 |   9216 |    24 | 1.00 | 0.99 |        22.0 |    22.0 |    22.0 
 abcijk-ejab-ikec |   6144 |   6144 |    24 | 1.00 | 0.75 |        24.5 |    24.5 |    24.5 
 abcijk-ejac-ikeb |   6144 |   6144 |    24 | 1.00 | 0.75 |        19.5 |    19.5 |    19.5 
 abcijk-ejbc-ikea |   4096 |   9216 |    24 | 1.00 | 0.99 |        20.6 |    20.6 |    20.6 
 abcijk-ekab-ijec |   6144 |   6144 |    24 | 1.00 | 0.75 |        24.5 |    24.5 |    24.5 
 abcijk-ekac-ijeb |   6144 |   6144 |    24 | 1.00 | 0.75 |        19.5 |    19.5 |    19.5 
 abcijk-ekbc-ijea |   4096 |   9216 |    24 | 1.00 | 0.99 |        20.5 |    20.5 |    20.5 
       abc-bk-akc |    216 |  44064 |   204 | 1.00 | 1.00 |        39.7 |    39.7 |    39.7 

=== c64 ===
             case |      m |      n |     k | regA | regB | planar GF/s | 1m GF/s | 3m GF/s 
------------------+--------+--------+-------+------+------+-------------+---------+---------
         ij-ik-kj |   2904 |   2896 |  2904 | 1.00 | 1.00 |        43.1 |    43.7 |    42.8 
       ij-ikl-ljk |    216 |    204 | 44064 | 1.00 | 1.00 |        39.3 |    40.9 |    36.8 
       ij-kil-lkj |    216 |    204 | 46656 | 1.00 | 1.00 |        39.5 |    40.3 |    39.8 
       ijk-ikl-lj |  44064 |    204 |   216 | 1.00 | 1.00 |        40.0 |    40.8 |    40.3 
       ijk-il-jlk |    216 |  44064 |   204 | 1.00 | 0.98 |        42.2 |    44.3 |    40.3 
       ijk-ilk-jl |  44064 |    216 |   204 | 1.00 | 1.00 |        42.8 |    45.3 |    40.2 
       ijk-ilk-lj |  44064 |    204 |   216 | 1.00 | 1.00 |        43.1 |    45.0 |    40.2 
     ijk-ilmk-mjl |   3744 |     52 |  3744 | 1.00 | 1.00 |        34.8 |    35.4 |    29.9 
   ijkl-imjn-lnkm |   3744 |   3744 |  2704 | 1.00 | 0.92 |        43.9 |    45.0 |    42.8 
   ijkl-imjn-nlmk |   3744 |   2704 |  3744 | 1.00 | 0.92 |        43.9 |    44.9 |    42.7 
   ijkl-imkn-jnlm |   3744 |   3744 |  2704 | 1.00 | 0.95 |        43.2 |    43.0 |    41.2 
   ijkl-imkn-njml |   3744 |   2704 |  3744 | 1.00 | 0.92 |        43.2 |    42.8 |    41.2 
   ijkl-imln-jnkm |   3744 |   3744 |  2704 | 1.00 | 0.95 |        43.2 |    43.0 |    41.2 
   ijkl-imln-njmk |   3744 |   2704 |  3744 | 1.00 | 0.92 |        43.3 |    42.9 |    41.2 
   ijkl-imnj-nlkm |   3744 |   2704 |  3744 | 1.00 | 0.92 |        43.9 |    44.9 |    42.6 
   ijkl-imnk-njml |   3744 |   2704 |  3744 | 1.00 | 0.92 |        43.2 |    42.8 |    41.1 
   ijkl-minj-nlmk |   3744 |   2704 |  5184 | 1.00 | 0.92 |        43.5 |    44.4 |    43.6 
   ijkl-mink-jnlm |   3744 |   3744 |  3744 | 1.00 | 0.95 |        43.0 |    42.9 |    42.4 
   ijkl-minl-njmk |   3744 |   2704 |  5184 | 1.00 | 0.92 |        42.8 |    42.4 |    42.3 
     aqrs-pa-pqrs |     72 | 140608 |    72 | 1.00 | 1.00 |        32.2 |    34.7 |    32.2 
     abrs-qb-aqrs |     52 | 194688 |    72 | 1.00 | 1.00 |        30.2 |    31.9 |    25.5 
     abcs-rc-abrs |     52 | 194688 |    72 | 1.00 | 1.00 |        29.3 |    32.6 |    29.7 
       abj-bka-kj |  46656 |    204 |   216 | 1.00 | 1.00 |        41.4 |    41.5 |    42.0 
       ajb-kba-jk |  44064 |    216 |   216 | 1.00 | 1.00 |        43.6 |    45.9 |    44.5 
     abjc-cbka-kj | 269568 |     52 |    72 | 1.00 | 1.00 |        19.9 |    17.5 |    19.9 
     ajbc-ckba-jk | 269568 |     72 |    52 | 1.00 | 1.00 |        21.7 |    20.1 |    21.4 
     abjc-kbac-jk | 194688 |     72 |    72 | 1.00 | 1.00 |        35.2 |    38.3 |    37.5 
   abjcd-dkbac-jk | 331776 |     24 |    24 | 1.00 | 1.00 |        11.7 |    10.2 |    11.1 
   adbjc-cbdka-kj | 331776 |     24 |    24 | 1.00 | 1.00 |        10.5 |     9.0 |     9.9 
   ajbdc-ckbad-jk | 331776 |     24 |    24 | 1.00 | 1.00 |        11.0 |     9.4 |    10.3 
 abcijk-ijma-mkbc |   9216 |   4096 |    24 | 1.00 | 0.99 |        26.6 |    29.2 |    26.0 
 abcijk-ijmb-mkac |   6144 |   6144 |    24 | 1.00 | 0.75 |        26.5 |    29.6 |    26.2 
 abcijk-ijmc-mkab |   6144 |   6144 |    24 | 1.00 | 0.75 |        29.7 |    33.6 |    29.1 
 abcijk-ikma-mjbc |   9216 |   4096 |    24 | 1.00 | 0.99 |        26.8 |    29.1 |    26.3 
 abcijk-ikmb-mjac |   6144 |   6144 |    24 | 1.00 | 0.75 |        26.7 |    29.5 |    26.2 
 abcijk-ikmc-mjab |   6144 |   6144 |    24 | 1.00 | 0.75 |        29.7 |    33.6 |    29.1 
 abcijk-jkma-mibc |   9216 |   4096 |    24 | 1.00 | 0.99 |        26.7 |    29.1 |    26.4 
 abcijk-jkmb-miac |   6144 |   6144 |    24 | 1.00 | 0.75 |        26.4 |    29.0 |    26.0 
 abcijk-jkmc-miab |   6144 |   6144 |    24 | 1.00 | 0.75 |        29.1 |    32.0 |    28.7 
 abcijk-eiab-jkec |   6144 |   6144 |    24 | 1.00 | 0.75 |        29.1 |    32.1 |    28.7 
 abcijk-eiac-jkeb |   6144 |   6144 |    24 | 1.00 | 0.75 |        26.5 |    29.1 |    26.1 
 abcijk-eibc-jkea |   4096 |   9216 |    24 | 1.00 | 0.99 |        26.8 |    29.2 |    26.4 
 abcijk-ejab-ikec |   6144 |   6144 |    24 | 1.00 | 0.75 |        29.7 |    33.7 |    29.1 
 abcijk-ejac-ikeb |   6144 |   6144 |    24 | 1.00 | 0.75 |        26.7 |    29.7 |    26.2 
 abcijk-ejbc-ikea |   4096 |   9216 |    24 | 1.00 | 0.99 |        26.8 |    29.3 |    26.4 
 abcijk-ekab-ijec |   6144 |   6144 |    24 | 1.00 | 0.75 |        29.8 |    33.7 |    29.2 
 abcijk-ekac-ijeb |   6144 |   6144 |    24 | 1.00 | 0.75 |        26.8 |    29.7 |    26.3 
 abcijk-ekbc-ijea |   4096 |   9216 |    24 | 1.00 | 0.99 |        26.8 |    29.4 |    26.4 
       abc-bk-akc |    216 |  44064 |   204 | 1.00 | 1.00 |        42.6 |    44.9 |    40.1 

=== complex efficiency ratio (c64 GF/s over f64 GF/s; 1.0 = no penalty) ===
             case | planar c64/f64 | 1m c64/f64 | 3m c64/f64 
------------------+----------------+------------+------------
         ij-ik-kj |          1.056 |      1.070 |      1.048 
       ij-ikl-ljk |          1.193 |      1.241 |      1.117 
       ij-kil-lkj |          1.208 |      1.233 |      1.215 
       ijk-ikl-lj |          1.167 |      1.190 |      1.176 
       ijk-il-jlk |          1.220 |      1.281 |      1.164 
       ijk-ilk-jl |          1.083 |      1.148 |      1.019 
       ijk-ilk-lj |          1.088 |      1.135 |      1.014 
     ijk-ilmk-mjl |          1.171 |      1.190 |      1.007 
   ijkl-imjn-lnkm |          1.060 |      1.087 |      1.034 
   ijkl-imjn-nlmk |          1.061 |      1.087 |      1.033 
   ijkl-imkn-jnlm |          1.088 |      1.083 |      1.037 
   ijkl-imkn-njml |          1.079 |      1.069 |      1.029 
   ijkl-imln-jnkm |          1.083 |      1.077 |      1.033 
   ijkl-imln-njmk |          1.085 |      1.075 |      1.034 
   ijkl-imnj-nlkm |          1.056 |      1.080 |      1.023 
   ijkl-imnk-njml |          1.082 |      1.071 |      1.029 
   ijkl-minj-nlmk |          1.081 |      1.104 |      1.084 
   ijkl-mink-jnlm |          1.091 |      1.088 |      1.075 
   ijkl-minl-njmk |          1.089 |      1.079 |      1.077 
     aqrs-pa-pqrs |          1.307 |      1.408 |      1.309 
     abrs-qb-aqrs |          1.258 |      1.327 |      1.062 
     abcs-rc-abrs |          1.172 |      1.303 |      1.185 
       abj-bka-kj |          1.162 |      1.164 |      1.178 
       ajb-kba-jk |          1.065 |      1.122 |      1.086 
     abjc-cbka-kj |          1.823 |      1.606 |      1.820 
     ajbc-ckba-jk |          1.194 |      1.105 |      1.179 
     abjc-kbac-jk |          1.157 |      1.257 |      1.233 
   abjcd-dkbac-jk |          2.244 |      1.955 |      2.134 
   adbjc-cbdka-kj |          2.415 |      2.067 |      2.259 
   ajbdc-ckbad-jk |          2.197 |      1.891 |      2.072 
 abcijk-ijma-mkbc |          1.312 |      1.436 |      1.282 
 abcijk-ijmb-mkac |          1.377 |      1.536 |      1.359 
 abcijk-ijmc-mkab |          1.218 |      1.379 |      1.195 
 abcijk-ikma-mjbc |          1.308 |      1.424 |      1.286 
 abcijk-ikmb-mjac |          1.386 |      1.529 |      1.360 
 abcijk-ikmc-mjab |          1.225 |      1.388 |      1.201 
 abcijk-jkma-mibc |          1.224 |      1.338 |      1.212 
 abcijk-jkmb-miac |          1.388 |      1.523 |      1.368 
 abcijk-jkmc-miab |          1.244 |      1.369 |      1.227 
 abcijk-eiab-jkec |          1.242 |      1.373 |      1.226 
 abcijk-eiac-jkeb |          1.375 |      1.509 |      1.351 
 abcijk-eibc-jkea |          1.215 |      1.327 |      1.200 
 abcijk-ejab-ikec |          1.215 |      1.376 |      1.188 
 abcijk-ejac-ikeb |          1.371 |      1.523 |      1.343 
 abcijk-ejbc-ikea |          1.303 |      1.426 |      1.283 
 abcijk-ekab-ijec |          1.216 |      1.377 |      1.191 
 abcijk-ekac-ijeb |          1.378 |      1.527 |      1.348 
 abcijk-ekbc-ijea |          1.305 |      1.431 |      1.285 
       abc-bk-akc |          1.073 |      1.131 |      1.010 
             MEAN |          1.274 |      1.317 |      1.238 

wrote bench-results/worker5040-zen2/phase4e/bl-mc200-f64c64.csv
