host        : worker5040
target      : x86_64 / linux
cpu features: avx2 fma 
caches      : L1=32KiB/8-way/1sh L2=512KiB/8-way/1sh L3=16384KiB/16-way/4sh (via sysfs), blocking=legacy
baselines   : tblis=false blas=false

sweeping 49 cases at 64 MiB nominal tensor size, 3 reps, stress=none


=== f64 ===
             case |      m |      n |     k | regA | regB | planar GF/s | 1m GF/s | 3m GF/s 
------------------+--------+--------+-------+------+------+-------------+---------+---------
         ij-ik-kj |   2904 |   2896 |  2904 | 1.00 | 1.00 |        40.6 |    40.6 |    40.6 
       ij-ikl-ljk |    216 |    204 | 44064 | 1.00 | 1.00 |        32.8 |    32.8 |    32.8 
       ij-kil-lkj |    216 |    204 | 46656 | 1.00 | 1.00 |        32.2 |    32.2 |    32.2 
       ijk-ikl-lj |  44064 |    204 |   216 | 1.00 | 1.00 |        33.8 |    33.8 |    33.8 
       ijk-il-jlk |    216 |  44064 |   204 | 1.00 | 1.00 |        32.8 |    32.8 |    32.8 
       ijk-ilk-jl |  44064 |    216 |   204 | 1.00 | 1.00 |        39.7 |    39.7 |    39.7 
       ijk-ilk-lj |  44064 |    204 |   216 | 1.00 | 1.00 |        39.3 |    39.3 |    39.3 
     ijk-ilmk-mjl |   3744 |     52 |  3744 | 1.00 | 1.00 |        29.2 |    29.2 |    29.2 
   ijkl-imjn-lnkm |   3744 |   3744 |  2704 | 1.00 | 0.92 |        40.4 |    40.4 |    40.4 
   ijkl-imjn-nlmk |   3744 |   2704 |  3744 | 1.00 | 0.92 |        40.7 |    40.7 |    40.7 
   ijkl-imkn-jnlm |   3744 |   3744 |  2704 | 1.00 | 1.00 |        39.0 |    39.0 |    39.0 
   ijkl-imkn-njml |   3744 |   2704 |  3744 | 1.00 | 0.92 |        39.6 |    39.6 |    39.6 
   ijkl-imln-jnkm |   3744 |   3744 |  2704 | 1.00 | 1.00 |        39.2 |    39.2 |    39.2 
   ijkl-imln-njmk |   3744 |   2704 |  3744 | 1.00 | 0.92 |        39.7 |    39.7 |    39.7 
   ijkl-imnj-nlkm |   3744 |   2704 |  3744 | 1.00 | 0.92 |        41.0 |    41.0 |    41.0 
   ijkl-imnk-njml |   3744 |   2704 |  3744 | 1.00 | 0.92 |        39.6 |    39.6 |    39.6 
   ijkl-minj-nlmk |   3744 |   2704 |  5184 | 1.00 | 0.92 |        40.5 |    40.5 |    40.5 
   ijkl-mink-jnlm |   3744 |   3744 |  3744 | 1.00 | 1.00 |        38.8 |    38.8 |    38.8 
   ijkl-minl-njmk |   3744 |   2704 |  5184 | 1.00 | 0.92 |        39.0 |    39.0 |    39.0 
     aqrs-pa-pqrs |     72 | 140608 |    72 | 1.00 | 1.00 |        24.5 |    24.5 |    24.5 
     abrs-qb-aqrs |     52 | 194688 |    72 | 1.00 | 1.00 |        24.0 |    24.0 |    24.0 
     abcs-rc-abrs |     52 | 194688 |    72 | 1.00 | 1.00 |        22.3 |    22.3 |    22.3 
       abj-bka-kj |  46656 |    204 |   216 | 1.00 | 1.00 |        35.4 |    35.4 |    35.4 
       ajb-kba-jk |  44064 |    216 |   216 | 1.00 | 1.00 |        41.0 |    41.0 |    41.0 
     abjc-cbka-kj | 269568 |     52 |    72 | 1.00 | 1.00 |        10.5 |    10.5 |    10.5 
     ajbc-ckba-jk | 269568 |     72 |    52 | 1.00 | 1.00 |        17.5 |    17.5 |    17.5 
     abjc-kbac-jk | 194688 |     72 |    72 | 1.00 | 1.00 |        30.7 |    30.7 |    30.7 
   abjcd-dkbac-jk | 331776 |     24 |    24 | 1.00 | 1.00 |         4.8 |     4.8 |     4.8 
   adbjc-cbdka-kj | 331776 |     24 |    24 | 1.00 | 1.00 |         4.1 |     4.1 |     4.1 
   ajbdc-ckbad-jk | 331776 |     24 |    24 | 1.00 | 1.00 |         4.8 |     4.8 |     4.8 
 abcijk-ijma-mkbc |   9216 |   4096 |    24 | 1.00 | 0.99 |        21.6 |    21.6 |    21.6 
 abcijk-ijmb-mkac |   6144 |   6144 |    24 | 1.00 | 0.75 |        18.8 |    18.8 |    18.8 
 abcijk-ijmc-mkab |   6144 |   6144 |    24 | 1.00 | 0.75 |        22.2 |    22.2 |    22.2 
 abcijk-ikma-mjbc |   9216 |   4096 |    24 | 1.00 | 0.99 |        21.7 |    21.7 |    21.7 
 abcijk-ikmb-mjac |   6144 |   6144 |    24 | 1.00 | 0.75 |        18.7 |    18.7 |    18.7 
 abcijk-ikmc-mjab |   6144 |   6144 |    24 | 1.00 | 0.75 |        22.1 |    22.1 |    22.1 
 abcijk-jkma-mibc |   9216 |   4096 |    24 | 1.00 | 0.99 |        21.9 |    21.9 |    21.9 
 abcijk-jkmb-miac |   6144 |   6144 |    24 | 1.00 | 0.75 |        18.8 |    18.8 |    18.8 
 abcijk-jkmc-miab |   6144 |   6144 |    24 | 1.00 | 0.75 |        22.0 |    22.0 |    22.0 
 abcijk-eiab-jkec |   6144 |   6144 |    24 | 1.00 | 0.75 |        22.1 |    22.1 |    22.1 
 abcijk-eiac-jkeb |   6144 |   6144 |    24 | 1.00 | 0.75 |        18.7 |    18.7 |    18.7 
 abcijk-eibc-jkea |   4096 |   9216 |    24 | 1.00 | 0.99 |        21.9 |    21.9 |    21.9 
 abcijk-ejab-ikec |   6144 |   6144 |    24 | 1.00 | 0.75 |        22.1 |    22.1 |    22.1 
 abcijk-ejac-ikeb |   6144 |   6144 |    24 | 1.00 | 0.75 |        18.7 |    18.7 |    18.7 
 abcijk-ejbc-ikea |   4096 |   9216 |    24 | 1.00 | 0.99 |        21.7 |    21.7 |    21.7 
 abcijk-ekab-ijec |   6144 |   6144 |    24 | 1.00 | 0.75 |        22.5 |    22.5 |    22.5 
 abcijk-ekac-ijeb |   6144 |   6144 |    24 | 1.00 | 0.75 |        19.1 |    19.1 |    19.1 
 abcijk-ekbc-ijea |   4096 |   9216 |    24 | 1.00 | 0.99 |        21.9 |    21.9 |    21.9 
       abc-bk-akc |    216 |  44064 |   204 | 1.00 | 1.00 |        39.6 |    39.6 |    39.6 

=== c64 ===
             case |      m |      n |     k | regA | regB | planar GF/s | 1m GF/s | 3m GF/s 
------------------+--------+--------+-------+------+------+-------------+---------+---------
         ij-ik-kj |   2904 |   2896 |  2904 | 1.00 | 1.00 |        42.3 |    42.4 |    41.5 
       ij-ikl-ljk |    216 |    204 | 44064 | 1.00 | 1.00 |        38.7 |    40.0 |    36.2 
       ij-kil-lkj |    216 |    204 | 46656 | 1.00 | 1.00 |        38.9 |    39.5 |    39.3 
       ijk-ikl-lj |  44064 |    204 |   216 | 1.00 | 1.00 |        39.8 |    40.1 |    39.8 
       ijk-il-jlk |    216 |  44064 |   204 | 1.00 | 0.98 |        40.1 |    41.8 |    37.7 
       ijk-ilk-jl |  44064 |    216 |   204 | 1.00 | 1.00 |        42.4 |    44.6 |    40.2 
       ijk-ilk-lj |  44064 |    204 |   216 | 1.00 | 1.00 |        43.0 |    44.5 |    39.7 
     ijk-ilmk-mjl |   3744 |     52 |  3744 | 1.00 | 1.00 |        34.5 |    35.1 |    29.0 
   ijkl-imjn-lnkm |   3744 |   3744 |  2704 | 1.00 | 0.92 |        42.8 |    43.2 |    42.5 
   ijkl-imjn-nlmk |   3744 |   2704 |  3744 | 1.00 | 0.92 |        43.1 |    43.5 |    42.4 
   ijkl-imkn-jnlm |   3744 |   3744 |  2704 | 1.00 | 0.95 |        42.4 |    42.4 |    41.3 
   ijkl-imkn-njml |   3744 |   2704 |  3744 | 1.00 | 0.92 |        42.6 |    42.6 |    41.3 
   ijkl-imln-jnkm |   3744 |   3744 |  2704 | 1.00 | 0.95 |        42.4 |    42.6 |    41.3 
   ijkl-imln-njmk |   3744 |   2704 |  3744 | 1.00 | 0.92 |        42.4 |    42.8 |    40.9 
   ijkl-imnj-nlkm |   3744 |   2704 |  3744 | 1.00 | 0.92 |        43.0 |    43.8 |    42.2 
   ijkl-imnk-njml |   3744 |   2704 |  3744 | 1.00 | 0.92 |        42.5 |    43.0 |    41.0 
   ijkl-minj-nlmk |   3744 |   2704 |  5184 | 1.00 | 0.92 |        42.8 |    43.5 |    42.6 
   ijkl-mink-jnlm |   3744 |   3744 |  3744 | 1.00 | 0.95 |        42.2 |    42.4 |    41.3 
   ijkl-minl-njmk |   3744 |   2704 |  5184 | 1.00 | 0.92 |        42.2 |    42.5 |    41.3 
     aqrs-pa-pqrs |     72 | 140608 |    72 | 1.00 | 1.00 |        32.0 |    34.4 |    31.5 
     abrs-qb-aqrs |     52 | 194688 |    72 | 1.00 | 1.00 |        30.1 |    32.4 |    28.1 
     abcs-rc-abrs |     52 | 194688 |    72 | 1.00 | 1.00 |        29.1 |    32.3 |    31.0 
       abj-bka-kj |  46656 |    204 |   216 | 1.00 | 1.00 |        41.6 |    40.5 |    41.1 
       ajb-kba-jk |  44064 |    216 |   216 | 1.00 | 1.00 |        43.3 |    45.3 |    44.6 
     abjc-cbka-kj | 269568 |     52 |    72 | 1.00 | 1.00 |        19.4 |    16.9 |    18.9 
     ajbc-ckba-jk | 269568 |     72 |    52 | 1.00 | 1.00 |        20.8 |    19.3 |    20.4 
     abjc-kbac-jk | 194688 |     72 |    72 | 1.00 | 1.00 |        34.9 |    38.3 |    38.3 
   abjcd-dkbac-jk | 331776 |     24 |    24 | 1.00 | 1.00 |        11.1 |     9.5 |    10.3 
   adbjc-cbdka-kj | 331776 |     24 |    24 | 1.00 | 1.00 |         9.9 |     8.2 |     9.4 
   ajbdc-ckbad-jk | 331776 |     24 |    24 | 1.00 | 1.00 |        10.5 |     9.2 |    10.0 
 abcijk-ijma-mkbc |   9216 |   4096 |    24 | 1.00 | 0.99 |        26.8 |    29.6 |    26.6 
 abcijk-ijmb-mkac |   6144 |   6144 |    24 | 1.00 | 0.75 |        26.4 |    29.2 |    25.9 
 abcijk-ijmc-mkab |   6144 |   6144 |    24 | 1.00 | 0.75 |        29.3 |    33.3 |    28.6 
 abcijk-ikma-mjbc |   9216 |   4096 |    24 | 1.00 | 0.99 |        26.8 |    29.6 |    26.6 
 abcijk-ikmb-mjac |   6144 |   6144 |    24 | 1.00 | 0.75 |        26.1 |    29.0 |    25.9 
 abcijk-ikmc-mjab |   6144 |   6144 |    24 | 1.00 | 0.75 |        29.1 |    32.9 |    28.4 
 abcijk-jkma-mibc |   9216 |   4096 |    24 | 1.00 | 0.99 |        26.8 |    29.7 |    26.5 
 abcijk-jkmb-miac |   6144 |   6144 |    24 | 1.00 | 0.75 |        25.9 |    27.8 |    25.0 
 abcijk-jkmc-miab |   6144 |   6144 |    24 | 1.00 | 0.75 |        28.3 |    29.2 |    26.3 
 abcijk-eiab-jkec |   6144 |   6144 |    24 | 1.00 | 0.75 |        28.2 |    29.1 |    26.4 
 abcijk-eiac-jkeb |   6144 |   6144 |    24 | 1.00 | 0.75 |        25.7 |    27.7 |    24.7 
 abcijk-eibc-jkea |   4096 |   9216 |    24 | 1.00 | 0.99 |        26.7 |    29.6 |    26.5 
 abcijk-ejab-ikec |   6144 |   6144 |    24 | 1.00 | 0.75 |        28.9 |    32.7 |    28.3 
 abcijk-ejac-ikeb |   6144 |   6144 |    24 | 1.00 | 0.75 |        26.2 |    28.8 |    25.8 
 abcijk-ejbc-ikea |   4096 |   9216 |    24 | 1.00 | 0.99 |        26.7 |    29.7 |    26.6 
 abcijk-ekab-ijec |   6144 |   6144 |    24 | 1.00 | 0.75 |        29.3 |    33.4 |    28.6 
 abcijk-ekac-ijeb |   6144 |   6144 |    24 | 1.00 | 0.75 |        26.5 |    29.4 |    26.1 
 abcijk-ekbc-ijea |   4096 |   9216 |    24 | 1.00 | 0.99 |        27.1 |    30.0 |    26.7 
       abc-bk-akc |    216 |  44064 |   204 | 1.00 | 1.00 |        42.7 |    44.9 |    40.2 

=== complex efficiency ratio (c64 GF/s over f64 GF/s; 1.0 = no penalty) ===
             case | planar c64/f64 | 1m c64/f64 | 3m c64/f64 
------------------+----------------+------------+------------
         ij-ik-kj |          1.043 |      1.045 |      1.023 
       ij-ikl-ljk |          1.181 |      1.220 |      1.103 
       ij-kil-lkj |          1.208 |      1.229 |      1.221 
       ijk-ikl-lj |          1.179 |      1.188 |      1.177 
       ijk-il-jlk |          1.225 |      1.274 |      1.151 
       ijk-ilk-jl |          1.069 |      1.124 |      1.012 
       ijk-ilk-lj |          1.093 |      1.132 |      1.011 
     ijk-ilmk-mjl |          1.181 |      1.201 |      0.991 
   ijkl-imjn-lnkm |          1.060 |      1.069 |      1.053 
   ijkl-imjn-nlmk |          1.059 |      1.070 |      1.042 
   ijkl-imkn-jnlm |          1.087 |      1.087 |      1.058 
   ijkl-imkn-njml |          1.077 |      1.077 |      1.044 
   ijkl-imln-jnkm |          1.080 |      1.085 |      1.053 
   ijkl-imln-njmk |          1.068 |      1.079 |      1.031 
   ijkl-imnj-nlkm |          1.050 |      1.069 |      1.028 
   ijkl-imnk-njml |          1.073 |      1.086 |      1.034 
   ijkl-minj-nlmk |          1.056 |      1.072 |      1.050 
   ijkl-mink-jnlm |          1.088 |      1.093 |      1.064 
   ijkl-minl-njmk |          1.081 |      1.090 |      1.059 
     aqrs-pa-pqrs |          1.310 |      1.404 |      1.286 
     abrs-qb-aqrs |          1.253 |      1.350 |      1.168 
     abcs-rc-abrs |          1.305 |      1.445 |      1.388 
       abj-bka-kj |          1.175 |      1.144 |      1.160 
       ajb-kba-jk |          1.056 |      1.104 |      1.089 
     abjc-cbka-kj |          1.849 |      1.610 |      1.800 
     ajbc-ckba-jk |          1.187 |      1.103 |      1.167 
     abjc-kbac-jk |          1.137 |      1.248 |      1.249 
   abjcd-dkbac-jk |          2.323 |      1.978 |      2.164 
   adbjc-cbdka-kj |          2.432 |      2.031 |      2.320 
   ajbdc-ckbad-jk |          2.193 |      1.922 |      2.103 
 abcijk-ijma-mkbc |          1.242 |      1.372 |      1.229 
 abcijk-ijmb-mkac |          1.404 |      1.551 |      1.380 
 abcijk-ijmc-mkab |          1.319 |      1.498 |      1.285 
 abcijk-ikma-mjbc |          1.231 |      1.362 |      1.222 
 abcijk-ikmb-mjac |          1.396 |      1.548 |      1.381 
 abcijk-ikmc-mjab |          1.319 |      1.494 |      1.288 
 abcijk-jkma-mibc |          1.220 |      1.352 |      1.208 
 abcijk-jkmb-miac |          1.381 |      1.484 |      1.332 
 abcijk-jkmc-miab |          1.288 |      1.327 |      1.197 
 abcijk-eiab-jkec |          1.279 |      1.320 |      1.196 
 abcijk-eiac-jkeb |          1.375 |      1.482 |      1.321 
 abcijk-eibc-jkea |          1.217 |      1.352 |      1.209 
 abcijk-ejab-ikec |          1.308 |      1.479 |      1.282 
 abcijk-ejac-ikeb |          1.397 |      1.539 |      1.377 
 abcijk-ejbc-ikea |          1.234 |      1.372 |      1.227 
 abcijk-ekab-ijec |          1.306 |      1.486 |      1.275 
 abcijk-ekac-ijeb |          1.387 |      1.540 |      1.366 
 abcijk-ekbc-ijea |          1.234 |      1.369 |      1.217 
       abc-bk-akc |          1.079 |      1.135 |      1.016 
             MEAN |          1.281 |      1.320 |      1.247 

wrote bench-results/worker5040-zen2/phase4e/bl-nc400-f64c64.csv
