host        : worker5479
target      : x86_64 / linux
cpu features: avx2 fma 
caches      : L1=32KiB/8-way/1sh L2=512KiB/8-way/1sh L3=16384KiB/16-way/4sh (via sysfs), blocking=legacy
l3 domains  : t1=1 t4=1 t8=2 t16=4 t32=8 t64=16 t128=32
baselines   : tblis=false blas=false

sweeping 49 cases at 64 MiB nominal tensor size, 3 reps, stress=none


=== f64 ===
             case |      m |      n |     k | regA | regB | planar GF/s | 1m GF/s | 3m GF/s 
------------------+--------+--------+-------+------+------+-------------+---------+---------
         ij-ik-kj |   2904 |   2896 |  2904 | 1.00 | 1.00 |       624.0 |   624.0 |   624.0 
       ij-ikl-ljk |    216 |    204 | 44064 | 1.00 | 1.00 |       106.1 |   106.1 |   106.1 
       ij-kil-lkj |    216 |    204 | 46656 | 1.00 | 1.00 |       105.3 |   105.3 |   105.3 
       ijk-ikl-lj |  44064 |    204 |   216 | 1.00 | 1.00 |       101.5 |   101.5 |   101.5 
       ijk-il-jlk |    216 |  44064 |   204 | 1.00 | 1.00 |       514.6 |   514.6 |   514.6 
       ijk-ilk-jl |  44064 |    216 |   204 | 1.00 | 1.00 |       105.1 |   105.1 |   105.1 
       ijk-ilk-lj |  44064 |    204 |   216 | 1.00 | 1.00 |       100.2 |   100.2 |   100.2 
     ijk-ilmk-mjl |   3744 |     52 |  3744 | 1.00 | 1.00 |        51.6 |    51.6 |    51.6 
   ijkl-imjn-lnkm |   3744 |   3744 |  2704 | 1.00 | 0.92 |       483.0 |   483.0 |   483.0 
   ijkl-imjn-nlmk |   3744 |   2704 |  3744 | 1.00 | 0.92 |       607.5 |   607.5 |   607.5 
   ijkl-imkn-jnlm |   3744 |   3744 |  2704 | 1.00 | 1.00 |       564.5 |   564.5 |   564.5 
   ijkl-imkn-njml |   3744 |   2704 |  3744 | 1.00 | 0.92 |       595.2 |   595.2 |   595.2 
   ijkl-imln-jnkm |   3744 |   3744 |  2704 | 1.00 | 1.00 |       544.3 |   544.3 |   544.3 
   ijkl-imln-njmk |   3744 |   2704 |  3744 | 1.00 | 0.92 |       535.9 |   535.9 |   535.9 
   ijkl-imnj-nlkm |   3744 |   2704 |  3744 | 1.00 | 0.92 |       617.7 |   617.7 |   617.7 
   ijkl-imnk-njml |   3744 |   2704 |  3744 | 1.00 | 0.92 |       596.5 |   596.5 |   596.5 
   ijkl-minj-nlmk |   3744 |   2704 |  5184 | 1.00 | 0.92 |       406.9 |   406.9 |   406.9 
   ijkl-mink-jnlm |   3744 |   3744 |  3744 | 1.00 | 1.00 |       524.9 |   524.9 |   524.9 
   ijkl-minl-njmk |   3744 |   2704 |  5184 | 1.00 | 0.92 |       476.6 |   476.6 |   476.6 
     aqrs-pa-pqrs |     72 | 140608 |    72 | 1.00 | 1.00 |       266.5 |   266.5 |   266.5 
     abrs-qb-aqrs |     52 | 194688 |    72 | 1.00 | 1.00 |        60.1 |    60.1 |    60.1 
     abcs-rc-abrs |     52 | 194688 |    72 | 1.00 | 1.00 |        43.3 |    43.3 |    43.3 
       abj-bka-kj |  46656 |    204 |   216 | 1.00 | 1.00 |        57.7 |    57.7 |    57.7 
       ajb-kba-jk |  44064 |    216 |   216 | 1.00 | 1.00 |        68.9 |    68.9 |    68.9 
     abjc-cbka-kj | 269568 |     52 |    72 | 1.00 | 1.00 |        10.3 |    10.3 |    10.3 
     ajbc-ckba-jk | 269568 |     72 |    52 | 1.00 | 1.00 |        35.3 |    35.3 |    35.3 
     abjc-kbac-jk | 194688 |     72 |    72 | 1.00 | 1.00 |       103.2 |   103.2 |   103.2 
   abjcd-dkbac-jk | 331776 |     24 |    24 | 1.00 | 1.00 |         5.6 |     5.6 |     5.6 
   adbjc-cbdka-kj | 331776 |     24 |    24 | 1.00 | 1.00 |         4.4 |     4.4 |     4.4 
   ajbdc-ckbad-jk | 331776 |     24 |    24 | 1.00 | 1.00 |         5.3 |     5.3 |     5.3 
 abcijk-ijma-mkbc |   9216 |   4096 |    24 | 1.00 | 0.99 |       169.8 |   169.8 |   169.8 
 abcijk-ijmb-mkac |   6144 |   6144 |    24 | 1.00 | 0.75 |       195.0 |   195.0 |   195.0 
 abcijk-ijmc-mkab |   6144 |   6144 |    24 | 1.00 | 0.75 |       239.0 |   239.0 |   239.0 
 abcijk-ikma-mjbc |   9216 |   4096 |    24 | 1.00 | 0.99 |       184.8 |   184.8 |   184.8 
 abcijk-ikmb-mjac |   6144 |   6144 |    24 | 1.00 | 0.75 |       187.6 |   187.6 |   187.6 
 abcijk-ikmc-mjab |   6144 |   6144 |    24 | 1.00 | 0.75 |       236.2 |   236.2 |   236.2 
 abcijk-jkma-mibc |   9216 |   4096 |    24 | 1.00 | 0.99 |       207.9 |   207.9 |   207.9 
 abcijk-jkmb-miac |   6144 |   6144 |    24 | 1.00 | 0.75 |       231.1 |   231.1 |   231.1 
 abcijk-jkmc-miab |   6144 |   6144 |    24 | 1.00 | 0.75 |       240.0 |   240.0 |   240.0 
 abcijk-eiab-jkec |   6144 |   6144 |    24 | 1.00 | 0.75 |       251.5 |   251.5 |   251.5 
 abcijk-eiac-jkeb |   6144 |   6144 |    24 | 1.00 | 0.75 |       227.4 |   227.4 |   227.4 
 abcijk-eibc-jkea |   4096 |   9216 |    24 | 1.00 | 0.99 |       208.1 |   208.1 |   208.1 
 abcijk-ejab-ikec |   6144 |   6144 |    24 | 1.00 | 0.75 |       241.9 |   241.9 |   241.9 
 abcijk-ejac-ikeb |   6144 |   6144 |    24 | 1.00 | 0.75 |       208.0 |   208.0 |   208.0 
 abcijk-ejbc-ikea |   4096 |   9216 |    24 | 1.00 | 0.99 |       192.9 |   192.9 |   192.9 
 abcijk-ekab-ijec |   6144 |   6144 |    24 | 1.00 | 0.75 |       274.2 |   274.2 |   274.2 
 abcijk-ekac-ijeb |   6144 |   6144 |    24 | 1.00 | 0.75 |       216.9 |   216.9 |   216.9 
 abcijk-ekbc-ijea |   4096 |   9216 |    24 | 1.00 | 0.99 |       186.2 |   186.2 |   186.2 
       abc-bk-akc |    216 |  44064 |   204 | 1.00 | 1.00 |       107.9 |   107.9 |   107.9 

=== c64 ===
             case |      m |      n |     k | regA | regB | planar GF/s | 1m GF/s | 3m GF/s 
------------------+--------+--------+-------+------+------+-------------+---------+---------
         ij-ik-kj |   2904 |   2896 |  2904 | 1.00 | 1.00 |       478.6 |   406.8 |   329.2 
       ij-ikl-ljk |    216 |    204 | 44064 | 1.00 | 1.00 |       191.8 |   188.7 |   154.7 
       ij-kil-lkj |    216 |    204 | 46656 | 1.00 | 1.00 |       194.2 |   193.9 |   189.7 
       ijk-ikl-lj |  44064 |    204 |   216 | 1.00 | 1.00 |       151.9 |   127.7 |   141.0 
       ijk-il-jlk |    216 |  44064 |   204 | 1.00 | 0.98 |       657.4 |   573.9 |   615.1 
       ijk-ilk-jl |  44064 |    216 |   204 | 1.00 | 1.00 |       185.0 |   184.0 |   161.8 
       ijk-ilk-lj |  44064 |    204 |   216 | 1.00 | 1.00 |       179.9 |   180.9 |   153.6 
     ijk-ilmk-mjl |   3744 |     52 |  3744 | 1.00 | 1.00 |        76.5 |    98.8 |    48.6 
   ijkl-imjn-lnkm |   3744 |   3744 |  2704 | 1.00 | 0.92 |       436.1 |   463.1 |   325.3 
   ijkl-imjn-nlmk |   3744 |   2704 |  3744 | 1.00 | 0.92 |       458.1 |   497.2 |   311.6 
   ijkl-imkn-jnlm |   3744 |   3744 |  2704 | 1.00 | 0.95 |       501.1 |   682.8 |   507.3 
   ijkl-imkn-njml |   3744 |   2704 |  3744 | 1.00 | 0.92 |       441.2 |   458.1 |   463.1 
   ijkl-imln-jnkm |   3744 |   3744 |  2704 | 1.00 | 0.95 |       479.3 |   476.2 |   305.4 
   ijkl-imln-njmk |   3744 |   2704 |  3744 | 1.00 | 0.92 |       575.9 |   642.9 |   410.0 
   ijkl-imnj-nlkm |   3744 |   2704 |  3744 | 1.00 | 0.92 |       442.1 |   726.0 |   469.9 
   ijkl-imnk-njml |   3744 |   2704 |  3744 | 1.00 | 0.92 |       431.8 |   195.1 |   301.8 
   ijkl-minj-nlmk |   3744 |   2704 |  5184 | 1.00 | 0.92 |       447.1 |   483.8 |   216.4 
   ijkl-mink-jnlm |   3744 |   3744 |  3744 | 1.00 | 0.95 |       466.4 |   470.1 |   476.7 
   ijkl-minl-njmk |   3744 |   2704 |  5184 | 1.00 | 0.92 |       273.3 |   629.4 |   150.0 
     aqrs-pa-pqrs |     72 | 140608 |    72 | 1.00 | 1.00 |       336.5 |   317.0 |   242.0 
     abrs-qb-aqrs |     52 | 194688 |    72 | 1.00 | 1.00 |       115.4 |   111.1 |    95.3 
     abcs-rc-abrs |     52 | 194688 |    72 | 1.00 | 1.00 |       100.2 |    93.1 |    98.6 
       abj-bka-kj |  46656 |    204 |   216 | 1.00 | 1.00 |        77.6 |    81.5 |    70.7 
       ajb-kba-jk |  44064 |    216 |   216 | 1.00 | 1.00 |       111.5 |   184.8 |   160.7 
     abjc-cbka-kj | 269568 |     52 |    72 | 1.00 | 1.00 |        26.7 |    23.6 |    20.1 
     ajbc-ckba-jk | 269568 |     72 |    52 | 1.00 | 1.00 |        30.5 |    30.2 |    27.7 
     abjc-kbac-jk | 194688 |     72 |    72 | 1.00 | 1.00 |       177.8 |   178.3 |   170.1 
   abjcd-dkbac-jk | 331776 |     24 |    24 | 1.00 | 1.00 |        14.3 |    11.4 |    13.9 
   adbjc-cbdka-kj | 331776 |     24 |    24 | 1.00 | 1.00 |        12.1 |     9.9 |    11.6 
   ajbdc-ckbad-jk | 331776 |     24 |    24 | 1.00 | 1.00 |        13.6 |    10.8 |    13.1 
 abcijk-ijma-mkbc |   9216 |   4096 |    24 | 1.00 | 0.99 |       165.3 |   162.6 |   149.9 
 abcijk-ijmb-mkac |   6144 |   6144 |    24 | 1.00 | 0.75 |       163.3 |   160.4 |   161.4 
 abcijk-ijmc-mkab |   6144 |   6144 |    24 | 1.00 | 0.75 |       212.5 |   194.6 |   206.5 
 abcijk-ikma-mjbc |   9216 |   4096 |    24 | 1.00 | 0.99 |       178.9 |   173.5 |   168.9 
 abcijk-ikmb-mjac |   6144 |   6144 |    24 | 1.00 | 0.75 |       173.3 |   171.4 |   171.9 
 abcijk-ikmc-mjab |   6144 |   6144 |    24 | 1.00 | 0.75 |       208.0 |   193.8 |   206.5 
 abcijk-jkma-mibc |   9216 |   4096 |    24 | 1.00 | 0.99 |       182.8 |   179.4 |   175.9 
 abcijk-jkmb-miac |   6144 |   6144 |    24 | 1.00 | 0.75 |       172.4 |   169.8 |   169.5 
 abcijk-jkmc-miab |   6144 |   6144 |    24 | 1.00 | 0.75 |       203.8 |   194.9 |   211.0 
 abcijk-eiab-jkec |   6144 |   6144 |    24 | 1.00 | 0.75 |       200.2 |   193.5 |   205.5 
 abcijk-eiac-jkeb |   6144 |   6144 |    24 | 1.00 | 0.75 |       168.8 |   170.6 |   171.7 
 abcijk-eibc-jkea |   4096 |   9216 |    24 | 1.00 | 0.99 |       183.1 |   180.5 |   176.1 
 abcijk-ejab-ikec |   6144 |   6144 |    24 | 1.00 | 0.75 |       208.7 |   192.9 |   202.7 
 abcijk-ejac-ikeb |   6144 |   6144 |    24 | 1.00 | 0.75 |       163.9 |   164.7 |   165.6 
 abcijk-ejbc-ikea |   4096 |   9216 |    24 | 1.00 | 0.99 |       173.1 |   167.8 |   166.4 
 abcijk-ekab-ijec |   6144 |   6144 |    24 | 1.00 | 0.75 |       208.3 |   184.1 |   201.8 
 abcijk-ekac-ijeb |   6144 |   6144 |    24 | 1.00 | 0.75 |       168.3 |   169.7 |   170.8 
 abcijk-ekbc-ijea |   4096 |   9216 |    24 | 1.00 | 0.99 |       172.5 |   170.4 |   166.4 
       abc-bk-akc |    216 |  44064 |   204 | 1.00 | 1.00 |       187.5 |   183.7 |   165.2 

=== complex efficiency ratio (c64 GF/s over f64 GF/s; 1.0 = no penalty) ===
             case | planar c64/f64 | 1m c64/f64 | 3m c64/f64 
------------------+----------------+------------+------------
         ij-ik-kj |          0.767 |      0.652 |      0.527 
       ij-ikl-ljk |          1.807 |      1.778 |      1.458 
       ij-kil-lkj |          1.844 |      1.841 |      1.801 
       ijk-ikl-lj |          1.497 |      1.258 |      1.389 
       ijk-il-jlk |          1.277 |      1.115 |      1.195 
       ijk-ilk-jl |          1.760 |      1.750 |      1.539 
       ijk-ilk-lj |          1.796 |      1.805 |      1.533 
     ijk-ilmk-mjl |          1.483 |      1.915 |      0.943 
   ijkl-imjn-lnkm |          0.903 |      0.959 |      0.674 
   ijkl-imjn-nlmk |          0.754 |      0.819 |      0.513 
   ijkl-imkn-jnlm |          0.888 |      1.210 |      0.899 
   ijkl-imkn-njml |          0.741 |      0.770 |      0.778 
   ijkl-imln-jnkm |          0.881 |      0.875 |      0.561 
   ijkl-imln-njmk |          1.075 |      1.200 |      0.765 
   ijkl-imnj-nlkm |          0.716 |      1.175 |      0.761 
   ijkl-imnk-njml |          0.724 |      0.327 |      0.506 
   ijkl-minj-nlmk |          1.099 |      1.189 |      0.532 
   ijkl-mink-jnlm |          0.889 |      0.896 |      0.908 
   ijkl-minl-njmk |          0.574 |      1.321 |      0.315 
     aqrs-pa-pqrs |          1.263 |      1.189 |      0.908 
     abrs-qb-aqrs |          1.921 |      1.850 |      1.587 
     abcs-rc-abrs |          2.314 |      2.150 |      2.276 
       abj-bka-kj |          1.345 |      1.411 |      1.224 
       ajb-kba-jk |          1.618 |      2.681 |      2.330 
     abjc-cbka-kj |          2.576 |      2.285 |      1.939 
     ajbc-ckba-jk |          0.863 |      0.855 |      0.785 
     abjc-kbac-jk |          1.723 |      1.728 |      1.649 
   abjcd-dkbac-jk |          2.552 |      2.039 |      2.476 
   adbjc-cbdka-kj |          2.776 |      2.266 |      2.669 
   ajbdc-ckbad-jk |          2.564 |      2.046 |      2.475 
 abcijk-ijma-mkbc |          0.973 |      0.958 |      0.883 
 abcijk-ijmb-mkac |          0.837 |      0.823 |      0.828 
 abcijk-ijmc-mkab |          0.889 |      0.814 |      0.864 
 abcijk-ikma-mjbc |          0.968 |      0.939 |      0.914 
 abcijk-ikmb-mjac |          0.924 |      0.913 |      0.916 
 abcijk-ikmc-mjab |          0.881 |      0.821 |      0.874 
 abcijk-jkma-mibc |          0.880 |      0.863 |      0.846 
 abcijk-jkmb-miac |          0.746 |      0.735 |      0.733 
 abcijk-jkmc-miab |          0.849 |      0.812 |      0.879 
 abcijk-eiab-jkec |          0.796 |      0.769 |      0.817 
 abcijk-eiac-jkeb |          0.742 |      0.750 |      0.755 
 abcijk-eibc-jkea |          0.880 |      0.868 |      0.846 
 abcijk-ejab-ikec |          0.863 |      0.798 |      0.838 
 abcijk-ejac-ikeb |          0.788 |      0.792 |      0.796 
 abcijk-ejbc-ikea |          0.897 |      0.870 |      0.863 
 abcijk-ekab-ijec |          0.760 |      0.671 |      0.736 
 abcijk-ekac-ijeb |          0.776 |      0.782 |      0.787 
 abcijk-ekbc-ijea |          0.927 |      0.915 |      0.894 
       abc-bk-akc |          1.738 |      1.703 |      1.531 
             MEAN |          1.227 |      1.223 |      1.113 

wrote bench-results/worker5479-zen2/phase4f/th-t64-pn-f64c64.csv
