host        : worker5479
target      : x86_64 / linux
cpu features: avx2 fma 
caches      : L1=32KiB/8-way/1sh L2=512KiB/8-way/1sh L3=16384KiB/16-way/4sh (via sysfs), blocking=legacy
l3 domains  : t1=1 t4=1 t8=2 t16=4 t32=8
baselines   : tblis=false blas=false

sweeping 49 cases at 64 MiB nominal tensor size, 3 reps, stress=none


=== f32 ===
             case |      m |      n |     k | regA | regB | planar GF/s | 1m GF/s | 3m GF/s 
------------------+--------+--------+-------+------+------+-------------+---------+---------
         ij-ik-kj |   2904 |   2896 |  2904 | 1.00 | 1.00 |       516.8 |   516.8 |   516.8 
       ij-ikl-ljk |    216 |    204 | 44064 | 1.00 | 1.00 |       226.1 |   226.1 |   226.1 
       ij-kil-lkj |    216 |    204 | 46656 | 1.00 | 1.00 |       234.0 |   234.0 |   234.0 
       ijk-ikl-lj |  44064 |    204 |   216 | 1.00 | 1.00 |       526.0 |   526.0 |   526.0 
       ijk-il-jlk |    216 |  44064 |   204 | 1.00 | 1.00 |       472.6 |   472.6 |   472.6 
       ijk-ilk-jl |  44064 |    216 |   204 | 0.96 | 1.00 |       480.0 |   480.0 |   480.0 
       ijk-ilk-lj |  44064 |    204 |   216 | 0.96 | 1.00 |       432.4 |   432.4 |   432.4 
     ijk-ilmk-mjl |   3744 |     52 |  3744 | 0.89 | 1.00 |       199.2 |   199.2 |   199.2 
   ijkl-imjn-lnkm |   3744 |   3744 |  2704 | 0.89 | 0.92 |       754.4 |   754.4 |   754.4 
   ijkl-imjn-nlmk |   3744 |   2704 |  3744 | 0.89 | 0.92 |       900.1 |   900.1 |   900.1 
   ijkl-imkn-jnlm |   3744 |   3744 |  2704 | 0.89 | 1.00 |       746.2 |   746.2 |   746.2 
   ijkl-imkn-njml |   3744 |   2704 |  3744 | 0.89 | 0.92 |       666.9 |   666.9 |   666.9 
   ijkl-imln-jnkm |   3744 |   3744 |  2704 | 0.89 | 1.00 |       749.9 |   749.9 |   749.9 
   ijkl-imln-njmk |   3744 |   2704 |  3744 | 0.89 | 0.92 |       892.0 |   892.0 |   892.0 
   ijkl-imnj-nlkm |   3744 |   2704 |  3744 | 0.89 | 0.92 |       760.9 |   760.9 |   760.9 
   ijkl-imnk-njml |   3744 |   2704 |  3744 | 0.89 | 0.92 |       760.6 |   760.6 |   760.6 
   ijkl-minj-nlmk |   3744 |   2704 |  5184 | 0.89 | 0.92 |       869.9 |   869.9 |   869.9 
   ijkl-mink-jnlm |   3744 |   3744 |  3744 | 0.89 | 1.00 |       905.0 |   905.0 |   905.0 
   ijkl-minl-njmk |   3744 |   2704 |  5184 | 0.89 | 0.92 |       969.8 |   969.8 |   969.8 
     aqrs-pa-pqrs |     72 | 140608 |    72 | 1.00 | 1.00 |       350.3 |   350.3 |   350.3 
     abrs-qb-aqrs |     52 | 194688 |    72 | 0.89 | 1.00 |       240.1 |   240.1 |   240.1 
     abcs-rc-abrs |     52 | 194688 |    72 | 1.00 | 1.00 |       220.3 |   220.3 |   220.3 
       abj-bka-kj |  46656 |    204 |   216 | 0.96 | 1.00 |       383.3 |   383.3 |   383.3 
       ajb-kba-jk |  44064 |    216 |   216 | 0.96 | 1.00 |       528.7 |   528.7 |   528.7 
     abjc-cbka-kj | 269568 |     52 |    72 | 0.89 | 1.00 |        45.2 |    45.2 |    45.2 
     ajbc-ckba-jk | 269568 |     72 |    52 | 0.89 | 1.00 |        66.8 |    66.8 |    66.8 
     abjc-kbac-jk | 194688 |     72 |    72 | 0.89 | 1.00 |       315.6 |   315.6 |   315.6 
   abjcd-dkbac-jk | 331776 |     24 |    24 | 0.67 | 1.00 |        27.2 |    27.2 |    27.2 
   adbjc-cbdka-kj | 331776 |     24 |    24 | 0.67 | 1.00 |        28.9 |    28.9 |    28.9 
   ajbdc-ckbad-jk | 331776 |     24 |    24 | 1.00 | 1.00 |        28.1 |    28.1 |    28.1 
 abcijk-ijma-mkbc |   9216 |   4096 |    24 | 1.00 | 1.00 |       184.4 |   184.4 |   184.4 
 abcijk-ijmb-mkac |   6144 |   6144 |    24 | 1.00 | 1.00 |       147.3 |   147.3 |   147.3 
 abcijk-ijmc-mkab |   6144 |   6144 |    24 | 1.00 | 0.75 |       180.4 |   180.4 |   180.4 
 abcijk-ikma-mjbc |   9216 |   4096 |    24 | 1.00 | 1.00 |       186.6 |   186.6 |   186.6 
 abcijk-ikmb-mjac |   6144 |   6144 |    24 | 1.00 | 1.00 |       151.1 |   151.1 |   151.1 
 abcijk-ikmc-mjab |   6144 |   6144 |    24 | 1.00 | 0.75 |       178.6 |   178.6 |   178.6 
 abcijk-jkma-mibc |   9216 |   4096 |    24 | 1.00 | 1.00 |       180.1 |   180.1 |   180.1 
 abcijk-jkmb-miac |   6144 |   6144 |    24 | 1.00 | 1.00 |       149.8 |   149.8 |   149.8 
 abcijk-jkmc-miab |   6144 |   6144 |    24 | 1.00 | 0.75 |       168.4 |   168.4 |   168.4 
 abcijk-eiab-jkec |   6144 |   6144 |    24 | 1.00 | 0.75 |       171.7 |   171.7 |   171.7 
 abcijk-eiac-jkeb |   6144 |   6144 |    24 | 1.00 | 1.00 |       152.3 |   152.3 |   152.3 
 abcijk-eibc-jkea |   4096 |   9216 |    24 | 1.00 | 1.00 |       187.7 |   187.7 |   187.7 
 abcijk-ejab-ikec |   6144 |   6144 |    24 | 1.00 | 0.75 |       183.6 |   183.6 |   183.6 
 abcijk-ejac-ikeb |   6144 |   6144 |    24 | 1.00 | 1.00 |       150.8 |   150.8 |   150.8 
 abcijk-ejbc-ikea |   4096 |   9216 |    24 | 1.00 | 1.00 |       191.9 |   191.9 |   191.9 
 abcijk-ekab-ijec |   6144 |   6144 |    24 | 1.00 | 0.75 |       186.4 |   186.4 |   186.4 
 abcijk-ekac-ijeb |   6144 |   6144 |    24 | 1.00 | 1.00 |       149.5 |   149.5 |   149.5 
 abcijk-ekbc-ijea |   4096 |   9216 |    24 | 1.00 | 1.00 |       195.0 |   195.0 |   195.0 
       abc-bk-akc |    216 |  44064 |   204 | 0.96 | 1.00 |       456.1 |   456.1 |   456.1 

=== c32 ===
             case |      m |      n |     k | regA | regB | planar GF/s | 1m GF/s | 3m GF/s 
------------------+--------+--------+-------+------+------+-------------+---------+---------
         ij-ik-kj |   2904 |   2896 |  2904 | 1.00 | 1.00 |      1083.3 |   944.0 |   908.4 
       ij-ikl-ljk |    216 |    204 | 44064 | 1.00 | 1.00 |       432.9 |   308.3 |   373.5 
       ij-kil-lkj |    216 |    204 | 46656 | 1.00 | 1.00 |       393.0 |   470.7 |   369.6 
       ijk-ikl-lj |  44064 |    204 |   216 | 1.00 | 1.00 |       689.3 |   659.0 |   764.9 
       ijk-il-jlk |    216 |  44064 |   204 | 1.00 | 0.98 |       463.3 |   366.9 |   399.3 
       ijk-ilk-jl |  44064 |    216 |   204 | 1.00 | 1.00 |       752.1 |   744.1 |   748.2 
       ijk-ilk-lj |  44064 |    204 |   216 | 1.00 | 1.00 |       616.6 |   739.9 |   713.8 
     ijk-ilmk-mjl |   3744 |     52 |  3744 | 1.00 | 1.00 |       525.7 |   333.4 |   467.1 
   ijkl-imjn-lnkm |   3744 |   3744 |  2704 | 1.00 | 0.92 |      1115.7 |  1080.6 |  1032.5 
   ijkl-imjn-nlmk |   3744 |   2704 |  3744 | 1.00 | 0.92 |      1099.3 |  1165.0 |  1062.3 
   ijkl-imkn-jnlm |   3744 |   3744 |  2704 | 1.00 | 0.95 |      1219.5 |  1192.0 |  1037.7 
   ijkl-imkn-njml |   3744 |   2704 |  3744 | 1.00 | 0.92 |       990.0 |  1043.5 |  1141.4 
   ijkl-imln-jnkm |   3744 |   3744 |  2704 | 1.00 | 0.95 |       995.1 |  1077.2 |  1040.4 
   ijkl-imln-njmk |   3744 |   2704 |  3744 | 1.00 | 0.92 |      1138.7 |  1103.8 |  1184.9 
   ijkl-imnj-nlkm |   3744 |   2704 |  3744 | 1.00 | 0.92 |      1130.1 |  1016.1 |   938.7 
   ijkl-imnk-njml |   3744 |   2704 |  3744 | 1.00 | 0.92 |      1158.3 |  1103.7 |  1073.3 
   ijkl-minj-nlmk |   3744 |   2704 |  5184 | 1.00 | 0.92 |      1115.4 |  1069.6 |  1121.5 
   ijkl-mink-jnlm |   3744 |   3744 |  3744 | 1.00 | 0.95 |      1170.5 |  1106.3 |  1131.9 
   ijkl-minl-njmk |   3744 |   2704 |  5184 | 1.00 | 0.92 |      1129.7 |  1158.6 |  1143.5 
     aqrs-pa-pqrs |     72 | 140608 |    72 | 1.00 | 1.00 |       500.8 |   667.8 |   626.8 
     abrs-qb-aqrs |     52 | 194688 |    72 | 1.00 | 1.00 |       413.8 |   372.0 |   342.4 
     abcs-rc-abrs |     52 | 194688 |    72 | 1.00 | 1.00 |       387.0 |   392.5 |   350.4 
       abj-bka-kj |  46656 |    204 |   216 | 1.00 | 1.00 |       591.0 |   590.2 |   594.9 
       ajb-kba-jk |  44064 |    216 |   216 | 1.00 | 1.00 |       807.8 |   818.4 |   821.2 
     abjc-cbka-kj | 269568 |     52 |    72 | 1.00 | 1.00 |       153.0 |   136.4 |   149.4 
     ajbc-ckba-jk | 269568 |     72 |    52 | 1.00 | 1.00 |       185.9 |   183.6 |   190.1 
     abjc-kbac-jk | 194688 |     72 |    72 | 1.00 | 1.00 |       587.0 |   601.4 |   737.0 
   abjcd-dkbac-jk | 331776 |     24 |    24 | 1.00 | 1.00 |        71.8 |    72.1 |    80.9 
   adbjc-cbdka-kj | 331776 |     24 |    24 | 1.00 | 1.00 |        69.2 |    70.3 |    72.2 
   ajbdc-ckbad-jk | 331776 |     24 |    24 | 1.00 | 1.00 |        77.4 |    74.1 |    72.7 
 abcijk-ijma-mkbc |   9216 |   4096 |    24 | 1.00 | 0.99 |       350.7 |   337.8 |   326.4 
 abcijk-ijmb-mkac |   6144 |   6144 |    24 | 1.00 | 0.75 |       318.0 |   329.4 |   307.7 
 abcijk-ijmc-mkab |   6144 |   6144 |    24 | 1.00 | 0.75 |       288.7 |   320.7 |   284.8 
 abcijk-ikma-mjbc |   9216 |   4096 |    24 | 1.00 | 0.99 |       338.9 |   361.9 |   328.1 
 abcijk-ikmb-mjac |   6144 |   6144 |    24 | 1.00 | 0.75 |       312.2 |   312.9 |   313.1 
 abcijk-ikmc-mjab |   6144 |   6144 |    24 | 1.00 | 0.75 |       282.8 |   334.2 |   309.5 
 abcijk-jkma-mibc |   9216 |   4096 |    24 | 1.00 | 0.99 |       336.8 |   360.6 |   327.8 
 abcijk-jkmb-miac |   6144 |   6144 |    24 | 1.00 | 0.75 |       292.6 |   311.4 |   310.6 
 abcijk-jkmc-miab |   6144 |   6144 |    24 | 1.00 | 0.75 |       282.0 |   267.2 |   300.8 
 abcijk-eiab-jkec |   6144 |   6144 |    24 | 1.00 | 0.75 |       260.7 |   266.7 |   266.7 
 abcijk-eiac-jkeb |   6144 |   6144 |    24 | 1.00 | 0.75 |       309.3 |   319.6 |   335.7 
 abcijk-eibc-jkea |   4096 |   9216 |    24 | 1.00 | 0.99 |       347.6 |   356.6 |   335.2 
 abcijk-ejab-ikec |   6144 |   6144 |    24 | 1.00 | 0.75 |       320.6 |   362.6 |   323.6 
 abcijk-ejac-ikeb |   6144 |   6144 |    24 | 1.00 | 0.75 |       311.4 |   383.4 |   300.6 
 abcijk-ejbc-ikea |   4096 |   9216 |    24 | 1.00 | 0.99 |       339.2 |   343.3 |   312.6 
 abcijk-ekab-ijec |   6144 |   6144 |    24 | 1.00 | 0.75 |       306.9 |   320.0 |   324.7 
 abcijk-ekac-ijeb |   6144 |   6144 |    24 | 1.00 | 0.75 |       304.8 |   324.6 |   305.5 
 abcijk-ekbc-ijea |   4096 |   9216 |    24 | 1.00 | 0.99 |       332.7 |   352.9 |   320.9 
       abc-bk-akc |    216 |  44064 |   204 | 1.00 | 1.00 |       767.7 |   745.5 |  1063.6 

=== complex efficiency ratio (c32 GF/s over f32 GF/s; 1.0 = no penalty) ===
             case | planar c32/f32 | 1m c32/f32 | 3m c32/f32 
------------------+----------------+------------+------------
         ij-ik-kj |          2.096 |      1.827 |      1.758 
       ij-ikl-ljk |          1.915 |      1.364 |      1.652 
       ij-kil-lkj |          1.679 |      2.011 |      1.579 
       ijk-ikl-lj |          1.311 |      1.253 |      1.454 
       ijk-il-jlk |          0.981 |      0.776 |      0.845 
       ijk-ilk-jl |          1.567 |      1.550 |      1.559 
       ijk-ilk-lj |          1.426 |      1.711 |      1.651 
     ijk-ilmk-mjl |          2.639 |      1.674 |      2.345 
   ijkl-imjn-lnkm |          1.479 |      1.432 |      1.369 
   ijkl-imjn-nlmk |          1.221 |      1.294 |      1.180 
   ijkl-imkn-jnlm |          1.634 |      1.597 |      1.391 
   ijkl-imkn-njml |          1.484 |      1.565 |      1.711 
   ijkl-imln-jnkm |          1.327 |      1.437 |      1.387 
   ijkl-imln-njmk |          1.277 |      1.237 |      1.328 
   ijkl-imnj-nlkm |          1.485 |      1.335 |      1.234 
   ijkl-imnk-njml |          1.523 |      1.451 |      1.411 
   ijkl-minj-nlmk |          1.282 |      1.230 |      1.289 
   ijkl-mink-jnlm |          1.293 |      1.222 |      1.251 
   ijkl-minl-njmk |          1.165 |      1.195 |      1.179 
     aqrs-pa-pqrs |          1.430 |      1.906 |      1.789 
     abrs-qb-aqrs |          1.724 |      1.549 |      1.426 
     abcs-rc-abrs |          1.757 |      1.782 |      1.591 
       abj-bka-kj |          1.542 |      1.540 |      1.552 
       ajb-kba-jk |          1.528 |      1.548 |      1.553 
     abjc-cbka-kj |          3.385 |      3.018 |      3.305 
     ajbc-ckba-jk |          2.785 |      2.751 |      2.847 
     abjc-kbac-jk |          1.860 |      1.906 |      2.335 
   abjcd-dkbac-jk |          2.637 |      2.648 |      2.970 
   adbjc-cbdka-kj |          2.393 |      2.430 |      2.494 
   ajbdc-ckbad-jk |          2.752 |      2.636 |      2.585 
 abcijk-ijma-mkbc |          1.901 |      1.832 |      1.770 
 abcijk-ijmb-mkac |          2.159 |      2.236 |      2.089 
 abcijk-ijmc-mkab |          1.601 |      1.778 |      1.579 
 abcijk-ikma-mjbc |          1.816 |      1.939 |      1.758 
 abcijk-ikmb-mjac |          2.066 |      2.071 |      2.072 
 abcijk-ikmc-mjab |          1.584 |      1.871 |      1.733 
 abcijk-jkma-mibc |          1.870 |      2.003 |      1.820 
 abcijk-jkmb-miac |          1.953 |      2.079 |      2.073 
 abcijk-jkmc-miab |          1.675 |      1.587 |      1.786 
 abcijk-eiab-jkec |          1.518 |      1.553 |      1.553 
 abcijk-eiac-jkeb |          2.031 |      2.098 |      2.204 
 abcijk-eibc-jkea |          1.852 |      1.900 |      1.786 
 abcijk-ejab-ikec |          1.746 |      1.975 |      1.763 
 abcijk-ejac-ikeb |          2.065 |      2.542 |      1.993 
 abcijk-ejbc-ikea |          1.767 |      1.789 |      1.629 
 abcijk-ekab-ijec |          1.647 |      1.717 |      1.743 
 abcijk-ekac-ijeb |          2.038 |      2.171 |      2.043 
 abcijk-ekbc-ijea |          1.706 |      1.810 |      1.646 
       abc-bk-akc |          1.683 |      1.635 |      2.332 
             MEAN |          1.781 |      1.785 |      1.784 

wrote bench-results/worker5479-zen2/phase4f/th-t16-f32c32.csv
