host        : worker5479
target      : x86_64 / linux
cpu features: avx2 fma 
caches      : L1=32KiB/8-way/1sh L2=512KiB/8-way/1sh L3=16384KiB/16-way/4sh (via sysfs), blocking=legacy
l3 domains  : t1=1 t4=1 t8=2 t16=4 t32=8
baselines   : tblis=false blas=false

sweeping 49 cases at 64 MiB nominal tensor size, 3 reps, stress=none


=== f64 ===
             case |      m |      n |     k | regA | regB | planar GF/s | 1m GF/s | 3m GF/s 
------------------+--------+--------+-------+------+------+-------------+---------+---------
         ij-ik-kj |   2904 |   2896 |  2904 | 1.00 | 1.00 |       371.7 |   371.7 |   371.7 
       ij-ikl-ljk |    216 |    204 | 44064 | 1.00 | 1.00 |       117.8 |   117.8 |   117.8 
       ij-kil-lkj |    216 |    204 | 46656 | 1.00 | 1.00 |       126.1 |   126.1 |   126.1 
       ijk-ikl-lj |  44064 |    204 |   216 | 1.00 | 1.00 |       268.7 |   268.7 |   268.7 
       ijk-il-jlk |    216 |  44064 |   204 | 1.00 | 1.00 |       140.4 |   140.4 |   140.4 
       ijk-ilk-jl |  44064 |    216 |   204 | 1.00 | 1.00 |       286.2 |   286.2 |   286.2 
       ijk-ilk-lj |  44064 |    204 |   216 | 1.00 | 1.00 |       306.8 |   306.8 |   306.8 
     ijk-ilmk-mjl |   3744 |     52 |  3744 | 1.00 | 1.00 |       151.2 |   151.2 |   151.2 
   ijkl-imjn-lnkm |   3744 |   3744 |  2704 | 1.00 | 0.92 |       416.1 |   416.1 |   416.1 
   ijkl-imjn-nlmk |   3744 |   2704 |  3744 | 1.00 | 0.92 |       433.2 |   433.2 |   433.2 
   ijkl-imkn-jnlm |   3744 |   3744 |  2704 | 1.00 | 1.00 |       488.3 |   488.3 |   488.3 
   ijkl-imkn-njml |   3744 |   2704 |  3744 | 1.00 | 0.92 |       470.4 |   470.4 |   470.4 
   ijkl-imln-jnkm |   3744 |   3744 |  2704 | 1.00 | 1.00 |       475.4 |   475.4 |   475.4 
   ijkl-imln-njmk |   3744 |   2704 |  3744 | 1.00 | 0.92 |       437.6 |   437.6 |   437.6 
   ijkl-imnj-nlkm |   3744 |   2704 |  3744 | 1.00 | 0.92 |       422.6 |   422.6 |   422.6 
   ijkl-imnk-njml |   3744 |   2704 |  3744 | 1.00 | 0.92 |       509.1 |   509.1 |   509.1 
   ijkl-minj-nlmk |   3744 |   2704 |  5184 | 1.00 | 0.92 |       411.2 |   411.2 |   411.2 
   ijkl-mink-jnlm |   3744 |   3744 |  3744 | 1.00 | 1.00 |       444.9 |   444.9 |   444.9 
   ijkl-minl-njmk |   3744 |   2704 |  5184 | 1.00 | 0.92 |       442.8 |   442.8 |   442.8 
     aqrs-pa-pqrs |     72 | 140608 |    72 | 1.00 | 1.00 |       206.6 |   206.6 |   206.6 
     abrs-qb-aqrs |     52 | 194688 |    72 | 1.00 | 1.00 |       147.4 |   147.4 |   147.4 
     abcs-rc-abrs |     52 | 194688 |    72 | 1.00 | 1.00 |       118.5 |   118.5 |   118.5 
       abj-bka-kj |  46656 |    204 |   216 | 1.00 | 1.00 |       242.2 |   242.2 |   242.2 
       ajb-kba-jk |  44064 |    216 |   216 | 1.00 | 1.00 |       324.5 |   324.5 |   324.5 
     abjc-cbka-kj | 269568 |     52 |    72 | 1.00 | 1.00 |        41.0 |    41.0 |    41.0 
     ajbc-ckba-jk | 269568 |     72 |    52 | 1.00 | 1.00 |        51.9 |    51.9 |    51.9 
     abjc-kbac-jk | 194688 |     72 |    72 | 1.00 | 1.00 |       172.4 |   172.4 |   172.4 
   abjcd-dkbac-jk | 331776 |     24 |    24 | 1.00 | 1.00 |        20.0 |    20.0 |    20.0 
   adbjc-cbdka-kj | 331776 |     24 |    24 | 1.00 | 1.00 |        19.7 |    19.7 |    19.7 
   ajbdc-ckbad-jk | 331776 |     24 |    24 | 1.00 | 1.00 |        20.5 |    20.5 |    20.5 
 abcijk-ijma-mkbc |   9216 |   4096 |    24 | 1.00 | 0.99 |       100.7 |   100.7 |   100.7 
 abcijk-ijmb-mkac |   6144 |   6144 |    24 | 1.00 | 0.75 |        89.3 |    89.3 |    89.3 
 abcijk-ijmc-mkab |   6144 |   6144 |    24 | 1.00 | 0.75 |        90.8 |    90.8 |    90.8 
 abcijk-ikma-mjbc |   9216 |   4096 |    24 | 1.00 | 0.99 |       100.0 |   100.0 |   100.0 
 abcijk-ikmb-mjac |   6144 |   6144 |    24 | 1.00 | 0.75 |        97.7 |    97.7 |    97.7 
 abcijk-ikmc-mjab |   6144 |   6144 |    24 | 1.00 | 0.75 |        89.6 |    89.6 |    89.6 
 abcijk-jkma-mibc |   9216 |   4096 |    24 | 1.00 | 0.99 |       104.9 |   104.9 |   104.9 
 abcijk-jkmb-miac |   6144 |   6144 |    24 | 1.00 | 0.75 |        94.0 |    94.0 |    94.0 
 abcijk-jkmc-miab |   6144 |   6144 |    24 | 1.00 | 0.75 |        77.4 |    77.4 |    77.4 
 abcijk-eiab-jkec |   6144 |   6144 |    24 | 1.00 | 0.75 |        78.0 |    78.0 |    78.0 
 abcijk-eiac-jkeb |   6144 |   6144 |    24 | 1.00 | 0.75 |        91.0 |    91.0 |    91.0 
 abcijk-eibc-jkea |   4096 |   9216 |    24 | 1.00 | 0.99 |        97.8 |    97.8 |    97.8 
 abcijk-ejab-ikec |   6144 |   6144 |    24 | 1.00 | 0.75 |        86.9 |    86.9 |    86.9 
 abcijk-ejac-ikeb |   6144 |   6144 |    24 | 1.00 | 0.75 |        96.7 |    96.7 |    96.7 
 abcijk-ejbc-ikea |   4096 |   9216 |    24 | 1.00 | 0.99 |       100.6 |   100.6 |   100.6 
 abcijk-ekab-ijec |   6144 |   6144 |    24 | 1.00 | 0.75 |        87.2 |    87.2 |    87.2 
 abcijk-ekac-ijeb |   6144 |   6144 |    24 | 1.00 | 0.75 |        93.5 |    93.5 |    93.5 
 abcijk-ekbc-ijea |   4096 |   9216 |    24 | 1.00 | 0.99 |       101.2 |   101.2 |   101.2 
       abc-bk-akc |    216 |  44064 |   204 | 1.00 | 1.00 |       335.7 |   335.7 |   335.7 

=== c64 ===
             case |      m |      n |     k | regA | regB | planar GF/s | 1m GF/s | 3m GF/s 
------------------+--------+--------+-------+------+------+-------------+---------+---------
         ij-ik-kj |   2904 |   2896 |  2904 | 1.00 | 1.00 |       578.2 |   591.5 |   568.3 
       ij-ikl-ljk |    216 |    204 | 44064 | 1.00 | 1.00 |       252.3 |   237.6 |   223.5 
       ij-kil-lkj |    216 |    204 | 46656 | 1.00 | 1.00 |       267.2 |   272.2 |   229.8 
       ijk-ikl-lj |  44064 |    204 |   216 | 1.00 | 1.00 |       391.5 |   391.4 |   390.9 
       ijk-il-jlk |    216 |  44064 |   204 | 1.00 | 0.98 |       263.7 |   293.3 |   245.2 
       ijk-ilk-jl |  44064 |    216 |   204 | 1.00 | 1.00 |       433.4 |   443.7 |   384.4 
       ijk-ilk-lj |  44064 |    204 |   216 | 1.00 | 1.00 |       566.2 |   447.6 |   388.0 
     ijk-ilmk-mjl |   3744 |     52 |  3744 | 1.00 | 1.00 |       279.6 |   316.1 |   312.1 
   ijkl-imjn-lnkm |   3744 |   3744 |  2704 | 1.00 | 0.92 |       577.8 |   601.3 |   543.1 
   ijkl-imjn-nlmk |   3744 |   2704 |  3744 | 1.00 | 0.92 |       565.2 |   602.7 |   529.7 
   ijkl-imkn-jnlm |   3744 |   3744 |  2704 | 1.00 | 0.95 |       589.8 |   579.2 |   566.7 
   ijkl-imkn-njml |   3744 |   2704 |  3744 | 1.00 | 0.92 |       577.0 |   577.8 |   545.6 
   ijkl-imln-jnkm |   3744 |   3744 |  2704 | 1.00 | 0.95 |       577.8 |   603.6 |   558.7 
   ijkl-imln-njmk |   3744 |   2704 |  3744 | 1.00 | 0.92 |       598.0 |   580.3 |   563.2 
   ijkl-imnj-nlkm |   3744 |   2704 |  3744 | 1.00 | 0.92 |       590.7 |   617.8 |   572.8 
   ijkl-imnk-njml |   3744 |   2704 |  3744 | 1.00 | 0.92 |       610.3 |   590.3 |   576.2 
   ijkl-minj-nlmk |   3744 |   2704 |  5184 | 1.00 | 0.92 |       590.0 |   600.9 |   566.4 
   ijkl-mink-jnlm |   3744 |   3744 |  3744 | 1.00 | 0.95 |       591.1 |   583.8 |   574.3 
   ijkl-minl-njmk |   3744 |   2704 |  5184 | 1.00 | 0.92 |       602.7 |   551.8 |   577.5 
     aqrs-pa-pqrs |     72 | 140608 |    72 | 1.00 | 1.00 |        97.4 |    98.8 |    87.9 
     abrs-qb-aqrs |     52 | 194688 |    72 | 1.00 | 1.00 |       232.6 |   269.6 |   206.1 
     abcs-rc-abrs |     52 | 194688 |    72 | 1.00 | 1.00 |       233.3 |   217.0 |   218.8 
       abj-bka-kj |  46656 |    204 |   216 | 1.00 | 1.00 |       358.0 |   339.8 |   328.6 
       ajb-kba-jk |  44064 |    216 |   216 | 1.00 | 1.00 |       432.2 |   451.0 |   446.6 
     abjc-cbka-kj | 269568 |     52 |    72 | 1.00 | 1.00 |       138.8 |   131.0 |   131.6 
     ajbc-ckba-jk | 269568 |     72 |    52 | 1.00 | 1.00 |       159.5 |   144.5 |   153.3 
     abjc-kbac-jk | 194688 |     72 |    72 | 1.00 | 1.00 |       305.3 |   329.9 |   326.9 
   abjcd-dkbac-jk | 331776 |     24 |    24 | 1.00 | 1.00 |        56.3 |    55.3 |    58.7 
   adbjc-cbdka-kj | 331776 |     24 |    24 | 1.00 | 1.00 |        55.7 |    55.5 |    54.7 
   ajbdc-ckbad-jk | 331776 |     24 |    24 | 1.00 | 1.00 |        57.5 |    62.6 |    61.3 
 abcijk-ijma-mkbc |   9216 |   4096 |    24 | 1.00 | 0.99 |       191.3 |   178.2 |   165.9 
 abcijk-ijmb-mkac |   6144 |   6144 |    24 | 1.00 | 0.75 |       166.6 |   166.3 |   158.0 
 abcijk-ijmc-mkab |   6144 |   6144 |    24 | 1.00 | 0.75 |       160.3 |   170.8 |   153.4 
 abcijk-ikma-mjbc |   9216 |   4096 |    24 | 1.00 | 0.99 |       171.3 |   182.8 |   160.9 
 abcijk-ikmb-mjac |   6144 |   6144 |    24 | 1.00 | 0.75 |       177.3 |   191.6 |   154.9 
 abcijk-ikmc-mjab |   6144 |   6144 |    24 | 1.00 | 0.75 |       171.5 |   175.6 |   181.8 
 abcijk-jkma-mibc |   9216 |   4096 |    24 | 1.00 | 0.99 |       196.6 |   190.7 |   207.4 
 abcijk-jkmb-miac |   6144 |   6144 |    24 | 1.00 | 0.75 |       158.0 |   170.7 |   181.0 
 abcijk-jkmc-miab |   6144 |   6144 |    24 | 1.00 | 0.75 |       144.3 |   134.9 |   163.4 
 abcijk-eiab-jkec |   6144 |   6144 |    24 | 1.00 | 0.75 |       147.2 |   131.5 |   165.5 
 abcijk-eiac-jkeb |   6144 |   6144 |    24 | 1.00 | 0.75 |       161.4 |   163.3 |   179.8 
 abcijk-eibc-jkea |   4096 |   9216 |    24 | 1.00 | 0.99 |       184.2 |   181.3 |   190.4 
 abcijk-ejab-ikec |   6144 |   6144 |    24 | 1.00 | 0.75 |       168.1 |   167.8 |   175.0 
 abcijk-ejac-ikeb |   6144 |   6144 |    24 | 1.00 | 0.75 |       193.0 |   193.1 |   197.4 
 abcijk-ejbc-ikea |   4096 |   9216 |    24 | 1.00 | 0.99 |       203.7 |   180.6 |   193.8 
 abcijk-ekab-ijec |   6144 |   6144 |    24 | 1.00 | 0.75 |       177.9 |   168.6 |   162.4 
 abcijk-ekac-ijeb |   6144 |   6144 |    24 | 1.00 | 0.75 |       181.2 |   164.3 |   156.7 
 abcijk-ekbc-ijea |   4096 |   9216 |    24 | 1.00 | 0.99 |       175.5 |   209.8 |   174.2 
       abc-bk-akc |    216 |  44064 |   204 | 1.00 | 1.00 |       431.6 |   439.5 |   394.0 

=== complex efficiency ratio (c64 GF/s over f64 GF/s; 1.0 = no penalty) ===
             case | planar c64/f64 | 1m c64/f64 | 3m c64/f64 
------------------+----------------+------------+------------
         ij-ik-kj |          1.556 |      1.591 |      1.529 
       ij-ikl-ljk |          2.142 |      2.018 |      1.898 
       ij-kil-lkj |          2.119 |      2.159 |      1.823 
       ijk-ikl-lj |          1.457 |      1.457 |      1.455 
       ijk-il-jlk |          1.878 |      2.089 |      1.746 
       ijk-ilk-jl |          1.515 |      1.551 |      1.343 
       ijk-ilk-lj |          1.846 |      1.459 |      1.265 
     ijk-ilmk-mjl |          1.849 |      2.090 |      2.063 
   ijkl-imjn-lnkm |          1.388 |      1.445 |      1.305 
   ijkl-imjn-nlmk |          1.305 |      1.391 |      1.223 
   ijkl-imkn-jnlm |          1.208 |      1.186 |      1.161 
   ijkl-imkn-njml |          1.227 |      1.228 |      1.160 
   ijkl-imln-jnkm |          1.215 |      1.270 |      1.175 
   ijkl-imln-njmk |          1.367 |      1.326 |      1.287 
   ijkl-imnj-nlkm |          1.398 |      1.462 |      1.356 
   ijkl-imnk-njml |          1.199 |      1.159 |      1.132 
   ijkl-minj-nlmk |          1.435 |      1.461 |      1.377 
   ijkl-mink-jnlm |          1.329 |      1.312 |      1.291 
   ijkl-minl-njmk |          1.361 |      1.246 |      1.304 
     aqrs-pa-pqrs |          0.472 |      0.478 |      0.425 
     abrs-qb-aqrs |          1.578 |      1.829 |      1.398 
     abcs-rc-abrs |          1.969 |      1.832 |      1.847 
       abj-bka-kj |          1.478 |      1.403 |      1.357 
       ajb-kba-jk |          1.332 |      1.390 |      1.376 
     abjc-cbka-kj |          3.383 |      3.193 |      3.207 
     ajbc-ckba-jk |          3.073 |      2.783 |      2.955 
     abjc-kbac-jk |          1.771 |      1.913 |      1.896 
   abjcd-dkbac-jk |          2.814 |      2.763 |      2.936 
   adbjc-cbdka-kj |          2.834 |      2.824 |      2.781 
   ajbdc-ckbad-jk |          2.805 |      3.055 |      2.990 
 abcijk-ijma-mkbc |          1.900 |      1.770 |      1.647 
 abcijk-ijmb-mkac |          1.865 |      1.862 |      1.769 
 abcijk-ijmc-mkab |          1.766 |      1.881 |      1.690 
 abcijk-ikma-mjbc |          1.713 |      1.828 |      1.608 
 abcijk-ikmb-mjac |          1.814 |      1.960 |      1.585 
 abcijk-ikmc-mjab |          1.913 |      1.959 |      2.028 
 abcijk-jkma-mibc |          1.875 |      1.819 |      1.978 
 abcijk-jkmb-miac |          1.681 |      1.816 |      1.926 
 abcijk-jkmc-miab |          1.863 |      1.742 |      2.111 
 abcijk-eiab-jkec |          1.886 |      1.686 |      2.121 
 abcijk-eiac-jkeb |          1.775 |      1.795 |      1.977 
 abcijk-eibc-jkea |          1.884 |      1.853 |      1.947 
 abcijk-ejab-ikec |          1.935 |      1.932 |      2.014 
 abcijk-ejac-ikeb |          1.996 |      1.997 |      2.041 
 abcijk-ejbc-ikea |          2.025 |      1.795 |      1.926 
 abcijk-ekab-ijec |          2.040 |      1.934 |      1.863 
 abcijk-ekac-ijeb |          1.937 |      1.756 |      1.675 
 abcijk-ekbc-ijea |          1.734 |      2.073 |      1.722 
       abc-bk-akc |          1.286 |      1.309 |      1.174 
             MEAN |          1.779 |      1.778 |      1.732 

wrote bench-results/worker5479-zen2/phase4f/th-t16-f64c64.csv
