host        : worker6156
target      : x86_64 / linux
cpu features: avx2 fma avx512f avx512dq 
caches      : L1=48KiB/12-way/1sh L2=1280KiB/20-way/1sh L3=49152KiB/12-way/32sh (via sysfs), blocking=legacy
baselines   : tblis=true blas=true
tblis       : abi 2.x, 1 thread(s)

sweeping 49 cases at 64 MiB nominal tensor size, 3 reps, stress=none


=== f64 ===
             case |      m |      n |     k | regA | regB | planar GF/s | 1m GF/s | 3m GF/s | ttgt GF/s | tblis GF/s 
------------------+--------+--------+-------+------+------+-------------+---------+---------+-----------+------------
         ij-ik-kj |   2904 |   2896 |  2904 | 1.00 | 1.00 |        71.9 |    71.9 |    71.9 |      90.7 |       82.8 
       ij-ikl-ljk |    216 |    204 | 44064 | 1.00 | 1.00 |        40.9 |    40.9 |    40.9 |      41.4 |       43.6 
       ij-kil-lkj |    216 |    204 | 46656 | 1.00 | 1.00 |        40.1 |    40.1 |    40.1 |      41.8 |       33.9 
       ijk-ikl-lj |  44064 |    204 |   216 | 1.00 | 1.00 |        58.5 |    58.5 |    58.5 |      43.6 |       57.6 
       ijk-il-jlk |    216 |  44064 |   204 | 1.00 | 1.00 |        48.5 |    48.5 |    48.5 |      35.0 |       56.8 
       ijk-ilk-jl |  44064 |    216 |   204 | 1.00 | 1.00 |        63.2 |    63.2 |    63.2 |      42.6 |       56.7 
       ijk-ilk-lj |  44064 |    204 |   216 | 1.00 | 1.00 |        61.2 |    61.2 |    61.2 |      43.0 |       56.2 
     ijk-ilmk-mjl |   3744 |     52 |  3744 | 1.00 | 1.00 |        44.3 |    44.3 |    44.3 |      35.6 |       27.9 
   ijkl-imjn-lnkm |   3744 |   3744 |  2704 | 1.00 | 0.92 |        70.9 |    70.9 |    70.9 |      88.8 |       81.4 
   ijkl-imjn-nlmk |   3744 |   2704 |  3744 | 1.00 | 0.92 |        70.6 |    70.6 |    70.6 |      92.2 |       79.5 
   ijkl-imkn-jnlm |   3744 |   3744 |  2704 | 1.00 | 1.00 |        69.6 |    69.6 |    69.6 |      91.9 |       78.1 
   ijkl-imkn-njml |   3744 |   2704 |  3744 | 1.00 | 0.92 |        69.2 |    69.2 |    69.2 |      92.9 |       76.5 
   ijkl-imln-jnkm |   3744 |   3744 |  2704 | 1.00 | 1.00 |        69.8 |    69.8 |    69.8 |      91.8 |       80.2 
   ijkl-imln-njmk |   3744 |   2704 |  3744 | 1.00 | 0.92 |        69.4 |    69.4 |    69.4 |      92.9 |       79.2 
   ijkl-imnj-nlkm |   3744 |   2704 |  3744 | 1.00 | 0.92 |        70.5 |    70.5 |    70.5 |      93.2 |       79.6 
   ijkl-imnk-njml |   3744 |   2704 |  3744 | 1.00 | 0.92 |        69.2 |    69.2 |    69.2 |      93.0 |       76.6 
   ijkl-minj-nlmk |   3744 |   2704 |  5184 | 1.00 | 0.92 |        69.7 |    69.7 |    69.7 |      92.2 |       78.3 
   ijkl-mink-jnlm |   3744 |   3744 |  3744 | 1.00 | 1.00 |        68.8 |    68.8 |    68.8 |      92.8 |       78.0 
   ijkl-minl-njmk |   3744 |   2704 |  5184 | 1.00 | 0.92 |        68.5 |    68.5 |    68.5 |      92.5 |       78.1 
     aqrs-pa-pqrs |     72 | 140608 |    72 | 1.00 | 1.00 |        37.6 |    37.6 |    37.6 |      17.5 |       23.9 
     abrs-qb-aqrs |     52 | 194688 |    72 | 1.00 | 1.00 |        42.6 |    42.6 |    42.6 |      14.8 |       25.6 
     abcs-rc-abrs |     52 | 194688 |    72 | 1.00 | 1.00 |        50.2 |    50.2 |    50.2 |      13.8 |       30.3 
       abj-bka-kj |  46656 |    204 |   216 | 1.00 | 1.00 |        44.7 |    44.7 |    44.7 |      39.0 |       40.4 
       ajb-kba-jk |  44064 |    216 |   216 | 1.00 | 1.00 |        64.4 |    64.4 |    64.4 |      31.0 |       58.3 
     abjc-cbka-kj | 269568 |     52 |    72 | 1.00 | 1.00 |        15.4 |    15.4 |    15.4 |      15.0 |       12.4 
     ajbc-ckba-jk | 269568 |     72 |    52 | 1.00 | 1.00 |        22.6 |    22.6 |    22.6 |      13.5 |       22.6 
     abjc-kbac-jk | 194688 |     72 |    72 | 1.00 | 1.00 |        55.8 |    55.8 |    55.8 |      12.5 |       34.0 
   abjcd-dkbac-jk | 331776 |     24 |    24 | 1.00 | 1.00 |         8.8 |     8.8 |     8.8 |       4.4 |        8.6 
   adbjc-cbdka-kj | 331776 |     24 |    24 | 1.00 | 1.00 |         7.0 |     7.0 |     7.0 |       5.6 |        5.3 
   ajbdc-ckbad-jk | 331776 |     24 |    24 | 1.00 | 1.00 |         8.6 |     8.6 |     8.6 |       4.1 |       11.8 
 abcijk-ijma-mkbc |   9216 |   4096 |    24 | 1.00 | 1.00 |        45.4 |    45.4 |    45.4 |       8.8 |       31.3 
 abcijk-ijmb-mkac |   6144 |   6144 |    24 | 1.00 | 1.00 |        39.1 |    39.1 |    39.1 |       6.0 |       11.4 
 abcijk-ijmc-mkab |   6144 |   6144 |    24 | 1.00 | 1.00 |        41.2 |    41.2 |    41.2 |       4.8 |       32.2 
 abcijk-ikma-mjbc |   9216 |   4096 |    24 | 1.00 | 1.00 |        45.5 |    45.5 |    45.5 |       8.8 |       31.6 
 abcijk-ikmb-mjac |   6144 |   6144 |    24 | 1.00 | 1.00 |        39.1 |    39.1 |    39.1 |       6.0 |       11.9 
 abcijk-ikmc-mjab |   6144 |   6144 |    24 | 1.00 | 1.00 |        41.1 |    41.1 |    41.1 |       4.8 |       20.9 
 abcijk-jkma-mibc |   9216 |   4096 |    24 | 1.00 | 1.00 |        43.0 |    43.0 |    43.0 |       8.8 |       31.0 
 abcijk-jkmb-miac |   6144 |   6144 |    24 | 1.00 | 1.00 |        38.1 |    38.1 |    38.1 |       6.0 |        9.2 
 abcijk-jkmc-miab |   6144 |   6144 |    24 | 1.00 | 1.00 |        40.6 |    40.6 |    40.6 |       4.8 |       20.9 
 abcijk-eiab-jkec |   6144 |   6144 |    24 | 1.00 | 1.00 |        40.5 |    40.5 |    40.5 |      10.1 |       20.9 
 abcijk-eiac-jkeb |   6144 |   6144 |    24 | 1.00 | 1.00 |        38.0 |    38.0 |    38.0 |       8.5 |        9.2 
 abcijk-eibc-jkea |   4096 |   9216 |    24 | 1.00 | 1.00 |        43.1 |    43.1 |    43.1 |       7.9 |       31.0 
 abcijk-ejab-ikec |   6144 |   6144 |    24 | 1.00 | 1.00 |        41.2 |    41.2 |    41.2 |      10.1 |       20.9 
 abcijk-ejac-ikeb |   6144 |   6144 |    24 | 1.00 | 1.00 |        39.5 |    39.5 |    39.5 |       8.5 |       11.9 
 abcijk-ejbc-ikea |   4096 |   9216 |    24 | 1.00 | 1.00 |        45.7 |    45.7 |    45.7 |       7.8 |       31.5 
 abcijk-ekab-ijec |   6144 |   6144 |    24 | 1.00 | 1.00 |        41.4 |    41.4 |    41.4 |      10.1 |       32.2 
 abcijk-ekac-ijeb |   6144 |   6144 |    24 | 1.00 | 1.00 |        39.2 |    39.2 |    39.2 |       8.5 |       11.4 
 abcijk-ekbc-ijea |   4096 |   9216 |    24 | 1.00 | 1.00 |        45.6 |    45.6 |    45.6 |       7.8 |       31.6 
       abc-bk-akc |    216 |  44064 |   204 | 1.00 | 1.00 |        63.0 |    63.0 |    63.0 |      30.9 |       56.6 

=== c64 ===
             case |      m |      n |     k | regA | regB | planar GF/s | 1m GF/s | 3m GF/s | ttgt GF/s | tblis GF/s 
------------------+--------+--------+-------+------+------+-------------+---------+---------+-----------+------------
         ij-ik-kj |   2904 |   2896 |  2904 | 1.00 | 1.00 |        90.6 |    73.3 |    58.2 |      84.7 |       85.6 
       ij-ikl-ljk |    216 |    204 | 44064 | 1.00 | 1.00 |        62.1 |    52.9 |    44.4 |      53.7 |       66.2 
       ij-kil-lkj |    216 |    204 | 46656 | 1.00 | 1.00 |        64.4 |    54.7 |    45.8 |      51.5 |       58.5 
       ijk-ikl-lj |  44064 |    204 |   216 | 1.00 | 1.00 |        83.3 |    66.1 |    54.4 |      55.8 |       71.5 
       ijk-il-jlk |    216 |  44064 |   204 | 1.00 | 1.00 |        80.6 |    67.9 |    54.1 |      47.2 |       70.2 
       ijk-ilk-jl |  44064 |    216 |   204 | 0.96 | 1.00 |        85.3 |    68.7 |    55.5 |      55.2 |       72.6 
       ijk-ilk-lj |  44064 |    204 |   216 | 0.96 | 1.00 |        85.0 |    67.5 |    54.9 |      55.6 |       72.6 
     ijk-ilmk-mjl |   3744 |     52 |  3744 | 0.89 | 1.00 |        64.7 |    53.0 |    40.8 |      49.7 |       51.0 
   ijkl-imjn-lnkm |   3744 |   3744 |  2704 | 0.89 | 0.92 |        90.8 |    73.4 |    58.2 |      83.8 |       82.0 
   ijkl-imjn-nlmk |   3744 |   2704 |  3744 | 0.89 | 0.92 |        90.8 |    73.6 |    58.4 |      85.1 |       80.5 
   ijkl-imkn-jnlm |   3744 |   3744 |  2704 | 0.89 | 1.00 |        89.1 |    73.0 |    58.1 |      84.8 |       80.9 
   ijkl-imkn-njml |   3744 |   2704 |  3744 | 0.89 | 0.92 |        89.0 |    72.8 |    57.7 |      85.4 |       79.1 
   ijkl-imln-jnkm |   3744 |   3744 |  2704 | 0.89 | 1.00 |        89.3 |    73.1 |    58.0 |      84.8 |       84.4 
   ijkl-imln-njmk |   3744 |   2704 |  3744 | 0.89 | 0.92 |        89.0 |    72.9 |    57.7 |      85.4 |       83.7 
   ijkl-imnj-nlkm |   3744 |   2704 |  3744 | 0.89 | 0.92 |        91.0 |    73.7 |    58.2 |      85.5 |       80.7 
   ijkl-imnk-njml |   3744 |   2704 |  3744 | 0.89 | 0.92 |        88.9 |    72.7 |    57.7 |      85.4 |       79.3 
   ijkl-minj-nlmk |   3744 |   2704 |  5184 | 0.89 | 0.92 |        90.2 |    72.8 |    57.7 |      85.1 |       79.3 
   ijkl-mink-jnlm |   3744 |   3744 |  3744 | 0.89 | 1.00 |        88.9 |    72.4 |    57.8 |      85.1 |       80.6 
   ijkl-minl-njmk |   3744 |   2704 |  5184 | 0.89 | 0.92 |        88.4 |    72.0 |    57.3 |      85.2 |       82.6 
     aqrs-pa-pqrs |     72 | 140608 |    72 | 1.00 | 1.00 |        56.0 |    56.8 |    43.8 |      30.4 |       50.4 
     abrs-qb-aqrs |     52 | 194688 |    72 | 0.89 | 1.00 |        60.5 |    56.0 |    41.5 |      25.3 |       49.2 
     abcs-rc-abrs |     52 | 194688 |    72 | 1.00 | 1.00 |        67.6 |    59.4 |    44.6 |      24.9 |       56.4 
       abj-bka-kj |  46656 |    204 |   216 | 0.96 | 1.00 |        70.5 |    56.3 |    48.5 |      53.1 |       59.9 
       ajb-kba-jk |  44064 |    216 |   216 | 0.96 | 1.00 |        91.1 |    73.5 |    58.4 |      48.4 |       73.4 
     abjc-cbka-kj | 269568 |     52 |    72 | 0.89 | 1.00 |        31.8 |    29.6 |    25.5 |      25.6 |       34.6 
     ajbc-ckba-jk | 269568 |     72 |    52 | 0.89 | 1.00 |        36.1 |    36.7 |    30.3 |      22.0 |       41.5 
     abjc-kbac-jk | 194688 |     72 |    72 | 0.89 | 1.00 |        66.8 |    61.8 |    45.5 |      23.4 |       54.8 
   abjcd-dkbac-jk | 331776 |     24 |    24 | 0.67 | 1.00 |        15.7 |    13.1 |    12.9 |       9.7 |       19.6 
   adbjc-cbdka-kj | 331776 |     24 |    24 | 0.67 | 1.00 |        16.1 |    13.8 |    13.0 |      10.2 |       14.2 
   ajbdc-ckbad-jk | 331776 |     24 |    24 | 1.00 | 1.00 |        16.3 |    12.3 |    12.5 |       9.5 |       24.5 
 abcijk-ijma-mkbc |   9216 |   4096 |    24 | 1.00 | 0.99 |        61.4 |    54.4 |    42.7 |      16.9 |       45.1 
 abcijk-ijmb-mkac |   6144 |   6144 |    24 | 1.00 | 0.88 |        60.6 |    54.8 |    42.5 |      11.3 |       31.1 
 abcijk-ijmc-mkab |   6144 |   6144 |    24 | 1.00 | 0.75 |        61.2 |    59.8 |    45.8 |      10.9 |       49.8 
 abcijk-ikma-mjbc |   9216 |   4096 |    24 | 1.00 | 0.99 |        61.7 |    54.4 |    42.4 |      16.9 |       45.1 
 abcijk-ikmb-mjac |   6144 |   6144 |    24 | 1.00 | 0.88 |        60.7 |    54.8 |    42.7 |      11.3 |       31.7 
 abcijk-ikmc-mjab |   6144 |   6144 |    24 | 1.00 | 0.75 |        60.9 |    59.8 |    46.0 |      10.9 |       39.2 
 abcijk-jkma-mibc |   9216 |   4096 |    24 | 1.00 | 0.99 |        61.1 |    54.5 |    42.8 |      16.7 |       46.3 
 abcijk-jkmb-miac |   6144 |   6144 |    24 | 1.00 | 0.88 |        60.4 |    54.6 |    42.1 |       9.7 |       28.0 
 abcijk-jkmc-miab |   6144 |   6144 |    24 | 1.00 | 0.75 |        60.6 |    59.0 |    45.3 |       8.6 |       43.6 
 abcijk-eiab-jkec |   6144 |   6144 |    24 | 1.00 | 0.75 |        60.6 |    58.8 |    45.4 |      17.8 |       43.6 
 abcijk-eiac-jkeb |   6144 |   6144 |    24 | 1.00 | 0.88 |        60.6 |    54.7 |    42.1 |      17.0 |       28.0 
 abcijk-eibc-jkea |   4096 |   9216 |    24 | 1.00 | 0.99 |        61.1 |    54.4 |    42.5 |      14.2 |       46.4 
 abcijk-ejab-ikec |   6144 |   6144 |    24 | 1.00 | 0.75 |        61.0 |    59.8 |    45.7 |      17.8 |       39.2 
 abcijk-ejac-ikeb |   6144 |   6144 |    24 | 1.00 | 0.88 |        60.2 |    54.8 |    42.4 |      17.0 |       31.8 
 abcijk-ejbc-ikea |   4096 |   9216 |    24 | 1.00 | 0.99 |        62.0 |    54.3 |    42.5 |      14.1 |       45.1 
 abcijk-ekab-ijec |   6144 |   6144 |    24 | 1.00 | 0.75 |        61.2 |    59.5 |    45.7 |      17.8 |       49.8 
 abcijk-ekac-ijeb |   6144 |   6144 |    24 | 1.00 | 0.88 |        60.7 |    54.7 |    42.5 |      17.0 |       31.1 
 abcijk-ekbc-ijea |   4096 |   9216 |    24 | 1.00 | 0.99 |        62.1 |    54.1 |    42.5 |      14.1 |       45.1 
       abc-bk-akc |    216 |  44064 |   204 | 0.96 | 1.00 |        85.5 |    68.6 |    55.6 |      43.2 |       72.6 

=== complex efficiency ratio (c64 GF/s over f64 GF/s; 1.0 = no penalty) ===
             case | planar c64/f64 | 1m c64/f64 | 3m c64/f64 | ttgt c64/f64 | tblis c64/f64 
------------------+----------------+------------+------------+--------------+---------------
         ij-ik-kj |          1.260 |      1.020 |      0.810 |        0.934 |         1.034 
       ij-ikl-ljk |          1.516 |      1.293 |      1.086 |        1.296 |         1.519 
       ij-kil-lkj |          1.603 |      1.362 |      1.140 |        1.233 |         1.726 
       ijk-ikl-lj |          1.424 |      1.130 |      0.930 |        1.280 |         1.241 
       ijk-il-jlk |          1.663 |      1.401 |      1.117 |        1.350 |         1.235 
       ijk-ilk-jl |          1.351 |      1.088 |      0.879 |        1.295 |         1.281 
       ijk-ilk-lj |          1.389 |      1.102 |      0.897 |        1.295 |         1.293 
     ijk-ilmk-mjl |          1.462 |      1.196 |      0.922 |        1.397 |         1.826 
   ijkl-imjn-lnkm |          1.279 |      1.035 |      0.820 |        0.944 |         1.008 
   ijkl-imjn-nlmk |          1.285 |      1.042 |      0.826 |        0.923 |         1.012 
   ijkl-imkn-jnlm |          1.281 |      1.049 |      0.835 |        0.923 |         1.036 
   ijkl-imkn-njml |          1.285 |      1.052 |      0.834 |        0.919 |         1.034 
   ijkl-imln-jnkm |          1.280 |      1.048 |      0.832 |        0.923 |         1.053 
   ijkl-imln-njmk |          1.282 |      1.049 |      0.831 |        0.919 |         1.057 
   ijkl-imnj-nlkm |          1.290 |      1.045 |      0.825 |        0.917 |         1.014 
   ijkl-imnk-njml |          1.285 |      1.050 |      0.833 |        0.918 |         1.036 
   ijkl-minj-nlmk |          1.295 |      1.045 |      0.829 |        0.923 |         1.012 
   ijkl-mink-jnlm |          1.292 |      1.051 |      0.839 |        0.916 |         1.033 
   ijkl-minl-njmk |          1.290 |      1.051 |      0.836 |        0.921 |         1.057 
     aqrs-pa-pqrs |          1.489 |      1.511 |      1.164 |        1.739 |         2.110 
     abrs-qb-aqrs |          1.420 |      1.314 |      0.974 |        1.718 |         1.925 
     abcs-rc-abrs |          1.348 |      1.184 |      0.888 |        1.808 |         1.859 
       abj-bka-kj |          1.578 |      1.260 |      1.085 |        1.363 |         1.481 
       ajb-kba-jk |          1.415 |      1.142 |      0.907 |        1.562 |         1.257 
     abjc-cbka-kj |          2.065 |      1.927 |      1.661 |        1.707 |         2.783 
     ajbc-ckba-jk |          1.598 |      1.624 |      1.339 |        1.622 |         1.831 
     abjc-kbac-jk |          1.199 |      1.108 |      0.816 |        1.870 |         1.608 
   abjcd-dkbac-jk |          1.785 |      1.488 |      1.465 |        2.197 |         2.280 
   adbjc-cbdka-kj |          2.310 |      1.981 |      1.858 |        1.829 |         2.667 
   ajbdc-ckbad-jk |          1.887 |      1.431 |      1.448 |        2.324 |         2.078 
 abcijk-ijma-mkbc |          1.352 |      1.198 |      0.941 |        1.927 |         1.442 
 abcijk-ijmb-mkac |          1.549 |      1.402 |      1.086 |        1.886 |         2.721 
 abcijk-ijmc-mkab |          1.486 |      1.451 |      1.111 |        2.260 |         1.544 
 abcijk-ikma-mjbc |          1.357 |      1.197 |      0.932 |        1.927 |         1.429 
 abcijk-ikmb-mjac |          1.550 |      1.401 |      1.092 |        1.884 |         2.660 
 abcijk-ikmc-mjab |          1.482 |      1.454 |      1.120 |        2.255 |         1.877 
 abcijk-jkma-mibc |          1.419 |      1.267 |      0.994 |        1.911 |         1.497 
 abcijk-jkmb-miac |          1.584 |      1.433 |      1.104 |        1.617 |         3.027 
 abcijk-jkmc-miab |          1.495 |      1.456 |      1.118 |        1.789 |         2.090 
 abcijk-eiab-jkec |          1.495 |      1.452 |      1.120 |        1.766 |         2.092 
 abcijk-eiac-jkeb |          1.595 |      1.439 |      1.107 |        1.985 |         3.025 
 abcijk-eibc-jkea |          1.417 |      1.263 |      0.987 |        1.813 |         1.497 
 abcijk-ejab-ikec |          1.480 |      1.450 |      1.108 |        1.768 |         1.876 
 abcijk-ejac-ikeb |          1.526 |      1.389 |      1.074 |        1.989 |         2.667 
 abcijk-ejbc-ikea |          1.357 |      1.187 |      0.930 |        1.801 |         1.431 
 abcijk-ekab-ijec |          1.478 |      1.436 |      1.103 |        1.769 |         1.545 
 abcijk-ekac-ijeb |          1.547 |      1.394 |      1.084 |        1.989 |         2.718 
 abcijk-ekbc-ijea |          1.361 |      1.186 |      0.932 |        1.801 |         1.428 
       abc-bk-akc |          1.358 |      1.089 |      0.882 |        1.396 |         1.283 
             MEAN |          1.465 |      1.278 |      1.028 |        1.541 |         1.678 

wrote bench-results/worker6156-icelake/A2-f64c64.csv
