host        : worker5178
target      : x86_64 / linux
cpu features: avx2 fma 
caches      : L1=32KiB/8-way/1sh L2=512KiB/8-way/1sh L3=16384KiB/16-way/4sh (via sysfs), blocking=legacy
l3 domains  : t1=1 t4=1 t8=2 t16=4
baselines   : tblis=false blas=false

sweeping 49 cases at 64 MiB nominal tensor size, 3 reps, stress=ragged


=== f32 ===
             case |      m |      n |     k | regA | regB | planar GF/s | 1m GF/s | 3m GF/s 
------------------+--------+--------+-------+------+------+-------------+---------+---------
         ij-ik-kj |   2903 |   2895 |  2903 | 1.00 | 1.00 |       493.3 |   493.3 |   493.3 
       ij-ikl-ljk |    215 |    203 | 43645 | 1.00 | 1.00 |       148.4 |   148.4 |   148.4 
       ij-kil-lkj |    215 |    203 | 46225 | 1.00 | 1.00 |       189.1 |   189.1 |   189.1 
       ijk-ikl-lj |  43645 |    203 |   215 | 1.00 | 1.00 |       431.5 |   431.5 |   431.5 
       ijk-il-jlk |    215 |  43645 |   203 | 1.00 | 0.98 |       234.7 |   234.7 |   234.7 
       ijk-ilk-jl |  43645 |    215 |   203 | 0.93 | 1.00 |       345.4 |   345.4 |   345.4 
       ijk-ilk-lj |  43645 |    203 |   215 | 0.93 | 1.00 |       396.7 |   396.7 |   396.7 
     ijk-ilmk-mjl |   3621 |     51 |  3621 | 0.79 | 1.00 |       199.4 |   199.4 |   199.4 
   ijkl-imjn-lnkm |   3621 |   3621 |  2601 | 0.79 | 0.94 |       526.5 |   526.5 |   526.5 
   ijkl-imjn-nlmk |   3621 |   2601 |  3621 | 0.79 | 0.94 |       478.9 |   478.9 |   478.9 
   ijkl-imkn-jnlm |   3621 |   3621 |  2601 | 0.79 | 0.93 |       551.7 |   551.7 |   551.7 
   ijkl-imkn-njml |   3621 |   2601 |  3621 | 0.79 | 0.94 |       514.4 |   514.4 |   514.4 
   ijkl-imln-jnkm |   3621 |   3621 |  2601 | 0.79 | 0.93 |       549.4 |   549.4 |   549.4 
   ijkl-imln-njmk |   3621 |   2601 |  3621 | 0.79 | 0.94 |       536.4 |   536.4 |   536.4 
   ijkl-imnj-nlkm |   3621 |   2601 |  3621 | 0.79 | 0.94 |       487.5 |   487.5 |   487.5 
   ijkl-imnk-njml |   3621 |   2601 |  3621 | 0.79 | 0.94 |       539.0 |   539.0 |   539.0 
   ijkl-minj-nlmk |   3621 |   2601 |  5041 | 0.79 | 0.94 |       511.4 |   511.4 |   511.4 
   ijkl-mink-jnlm |   3621 |   3621 |  3621 | 0.79 | 0.93 |       526.4 |   526.4 |   526.4 
   ijkl-minl-njmk |   3621 |   2601 |  5041 | 0.79 | 0.94 |       542.3 |   542.3 |   542.3 
     aqrs-pa-pqrs |     71 | 132651 |    71 | 1.00 | 1.00 |       259.7 |   259.7 |   259.7 
     abrs-qb-aqrs |     51 | 184671 |    71 | 0.79 | 1.00 |       215.7 |   215.7 |   215.7 
     abcs-rc-abrs |     51 | 184671 |    71 | 1.00 | 1.00 |       179.2 |   179.2 |   179.2 
       abj-bka-kj |  46225 |    203 |   215 | 0.93 | 1.00 |       234.2 |   234.2 |   234.2 
       ajb-kba-jk |  43645 |    215 |   215 | 0.93 | 1.00 |       535.6 |   535.6 |   535.6 
     abjc-cbka-kj | 257091 |     51 |    71 | 0.79 | 1.00 |        36.2 |    36.2 |    36.2 
     ajbc-ckba-jk | 257091 |     71 |    51 | 0.79 | 1.00 |        27.6 |    27.6 |    27.6 
     abjc-kbac-jk | 184671 |     71 |    71 | 0.79 | 1.00 |       291.6 |   291.6 |   291.6 
   abjcd-dkbac-jk | 279841 |     23 |    23 | 0.35 | 1.00 |        19.4 |    19.4 |    19.4 
   adbjc-cbdka-kj | 279841 |     23 |    23 | 0.35 | 1.00 |        20.8 |    20.8 |    20.8 
   ajbdc-ckbad-jk | 279841 |     23 |    23 | 0.35 | 1.00 |        23.0 |    23.0 |    23.0 
 abcijk-ijma-mkbc |   7935 |   3375 |    23 | 0.35 | 0.99 |       152.9 |   152.9 |   152.9 
 abcijk-ijmb-mkac |   5175 |   5175 |    23 | 0.96 | 0.80 |       151.9 |   151.9 |   151.9 
 abcijk-ijmc-mkab |   5175 |   5175 |    23 | 0.96 | 0.80 |       175.3 |   175.3 |   175.3 
 abcijk-ikma-mjbc |   7935 |   3375 |    23 | 0.35 | 0.99 |       153.0 |   153.0 |   153.0 
 abcijk-ikmb-mjac |   5175 |   5175 |    23 | 0.96 | 0.80 |       153.7 |   153.7 |   153.7 
 abcijk-ikmc-mjab |   5175 |   5175 |    23 | 0.96 | 0.80 |       178.3 |   178.3 |   178.3 
 abcijk-jkma-mibc |   7935 |   3375 |    23 | 0.35 | 0.99 |       150.6 |   150.6 |   150.6 
 abcijk-jkmb-miac |   5175 |   5175 |    23 | 0.96 | 0.80 |       152.9 |   152.9 |   152.9 
 abcijk-jkmc-miab |   5175 |   5175 |    23 | 0.96 | 0.80 |       180.0 |   180.0 |   180.0 
 abcijk-eiab-jkec |   5175 |   5175 |    23 | 0.96 | 0.80 |       179.7 |   179.7 |   179.7 
 abcijk-eiac-jkeb |   5175 |   5175 |    23 | 0.96 | 0.80 |       151.4 |   151.4 |   151.4 
 abcijk-eibc-jkea |   3375 |   7935 |    23 | 0.35 | 0.99 |       153.8 |   153.8 |   153.8 
 abcijk-ejab-ikec |   5175 |   5175 |    23 | 0.96 | 0.80 |       179.0 |   179.0 |   179.0 
 abcijk-ejac-ikeb |   5175 |   5175 |    23 | 0.96 | 0.80 |       152.3 |   152.3 |   152.3 
 abcijk-ejbc-ikea |   3375 |   7935 |    23 | 0.35 | 0.99 |       152.0 |   152.0 |   152.0 
 abcijk-ekab-ijec |   5175 |   5175 |    23 | 0.96 | 0.80 |       178.7 |   178.7 |   178.7 
 abcijk-ekac-ijeb |   5175 |   5175 |    23 | 0.96 | 0.80 |       153.1 |   153.1 |   153.1 
 abcijk-ekbc-ijea |   3375 |   7935 |    23 | 0.35 | 0.99 |       148.0 |   148.0 |   148.0 
       abc-bk-akc |    215 |  43645 |   203 | 0.93 | 1.00 |       393.2 |   393.2 |   393.2 

=== c32 ===
             case |      m |      n |     k | regA | regB | planar GF/s | 1m GF/s | 3m GF/s 
------------------+--------+--------+-------+------+------+-------------+---------+---------
         ij-ik-kj |   2903 |   2895 |  2903 | 1.00 | 1.00 |       609.3 |   601.7 |   566.0 
       ij-ikl-ljk |    215 |    203 | 43645 | 1.00 | 1.00 |       306.4 |   324.4 |   296.4 
       ij-kil-lkj |    215 |    203 | 46225 | 1.00 | 1.00 |       338.9 |   342.1 |   318.9 
       ijk-ikl-lj |  43645 |    203 |   215 | 1.00 | 1.00 |       530.8 |   382.8 |   514.9 
       ijk-il-jlk |    215 |  43645 |   203 | 1.00 | 1.00 |       376.8 |   321.1 |   322.0 
       ijk-ilk-jl |  43645 |    215 |   203 | 0.97 | 1.00 |       541.7 |   562.2 |   527.7 
       ijk-ilk-lj |  43645 |    203 |   215 | 0.97 | 1.00 |       424.8 |   556.5 |   522.6 
     ijk-ilmk-mjl |   3621 |     51 |  3621 | 0.90 | 1.00 |       292.0 |   296.6 |   307.8 
   ijkl-imjn-lnkm |   3621 |   3621 |  2601 | 0.90 | 0.92 |       612.9 |   609.6 |   596.6 
   ijkl-imjn-nlmk |   3621 |   2601 |  3621 | 0.90 | 0.92 |       614.0 |   612.9 |   602.6 
   ijkl-imkn-jnlm |   3621 |   3621 |  2601 | 0.90 | 0.94 |       623.1 |   606.8 |   598.2 
   ijkl-imkn-njml |   3621 |   2601 |  3621 | 0.90 | 0.92 |       609.1 |   592.8 |   593.5 
   ijkl-imln-jnkm |   3621 |   3621 |  2601 | 0.90 | 0.94 |       621.5 |   601.6 |   591.1 
   ijkl-imln-njmk |   3621 |   2601 |  3621 | 0.90 | 0.92 |       595.2 |   601.1 |   592.9 
   ijkl-imnj-nlkm |   3621 |   2601 |  3621 | 0.90 | 0.92 |       613.6 |   611.5 |   605.1 
   ijkl-imnk-njml |   3621 |   2601 |  3621 | 0.90 | 0.92 |       604.5 |   593.8 |   595.5 
   ijkl-minj-nlmk |   3621 |   2601 |  5041 | 0.90 | 0.92 |       617.7 |   619.7 |   609.2 
   ijkl-mink-jnlm |   3621 |   3621 |  3621 | 0.90 | 0.94 |       626.3 |   614.8 |   620.1 
   ijkl-minl-njmk |   3621 |   2601 |  5041 | 0.90 | 0.92 |       605.6 |   606.8 |   608.7 
     aqrs-pa-pqrs |     71 | 132651 |    71 | 1.00 | 1.00 |       161.3 |   176.6 |   145.5 
     abrs-qb-aqrs |     51 | 184671 |    71 | 0.90 | 1.00 |       283.8 |   230.9 |   178.7 
     abcs-rc-abrs |     51 | 184671 |    71 | 1.00 | 1.00 |       289.2 |   274.3 |   279.3 
       abj-bka-kj |  46225 |    203 |   215 | 0.97 | 1.00 |       474.5 |   357.7 |   449.6 
       ajb-kba-jk |  43645 |    215 |   215 | 0.97 | 1.00 |       641.5 |   659.3 |   635.2 
     abjc-cbka-kj | 257091 |     51 |    71 | 0.90 | 1.00 |       120.0 |   118.1 |   119.3 
     ajbc-ckba-jk | 257091 |     71 |    51 | 0.90 | 1.00 |        62.8 |    47.2 |    48.3 
     abjc-kbac-jk | 184671 |     71 |    71 | 0.90 | 1.00 |       287.9 |   493.9 |   496.7 
   abjcd-dkbac-jk | 279841 |     23 |    23 | 0.70 | 1.00 |        49.5 |    46.5 |    46.2 
   adbjc-cbdka-kj | 279841 |     23 |    23 | 0.70 | 1.00 |        62.0 |    59.1 |    59.2 
   ajbdc-ckbad-jk | 279841 |     23 |    23 | 0.70 | 1.00 |        44.6 |    48.9 |    45.3 
 abcijk-ijma-mkbc |   7935 |   3375 |    23 | 0.70 | 1.00 |       245.7 |   240.9 |   250.5 
 abcijk-ijmb-mkac |   5175 |   5175 |    23 | 0.98 | 1.00 |       263.2 |   287.6 |   264.9 
 abcijk-ijmc-mkab |   5175 |   5175 |    23 | 0.98 | 1.00 |       324.0 |   336.9 |   319.9 
 abcijk-ikma-mjbc |   7935 |   3375 |    23 | 0.70 | 1.00 |       246.2 |   241.8 |   247.8 
 abcijk-ikmb-mjac |   5175 |   5175 |    23 | 0.98 | 1.00 |       263.4 |   289.7 |   268.2 
 abcijk-ikmc-mjab |   5175 |   5175 |    23 | 0.98 | 1.00 |       327.7 |   338.4 |   320.3 
 abcijk-jkma-mibc |   7935 |   3375 |    23 | 0.70 | 1.00 |       245.6 |   240.5 |   247.2 
 abcijk-jkmb-miac |   5175 |   5175 |    23 | 0.98 | 1.00 |       263.5 |   291.7 |   266.4 
 abcijk-jkmc-miab |   5175 |   5175 |    23 | 0.98 | 1.00 |       330.0 |   339.6 |   321.8 
 abcijk-eiab-jkec |   5175 |   5175 |    23 | 0.98 | 1.00 |       329.1 |   339.9 |   320.9 
 abcijk-eiac-jkeb |   5175 |   5175 |    23 | 0.98 | 1.00 |       261.0 |   287.3 |   264.2 
 abcijk-eibc-jkea |   3375 |   7935 |    23 | 0.70 | 1.00 |       244.2 |   239.9 |   240.1 
 abcijk-ejab-ikec |   5175 |   5175 |    23 | 0.98 | 1.00 |       331.2 |   337.7 |   319.4 
 abcijk-ejac-ikeb |   5175 |   5175 |    23 | 0.98 | 1.00 |       263.9 |   288.0 |   265.8 
 abcijk-ejbc-ikea |   3375 |   7935 |    23 | 0.70 | 1.00 |       247.1 |   242.6 |   253.1 
 abcijk-ekab-ijec |   5175 |   5175 |    23 | 0.98 | 1.00 |       331.5 |   342.2 |   322.7 
 abcijk-ekac-ijeb |   5175 |   5175 |    23 | 0.98 | 1.00 |       264.0 |   290.9 |   267.3 
 abcijk-ekbc-ijea |   3375 |   7935 |    23 | 0.70 | 1.00 |       244.9 |   240.2 |   251.5 
       abc-bk-akc |    215 |  43645 |   203 | 0.97 | 1.00 |       546.9 |   538.2 |   528.7 

=== complex efficiency ratio (c32 GF/s over f32 GF/s; 1.0 = no penalty) ===
             case | planar c32/f32 | 1m c32/f32 | 3m c32/f32 
------------------+----------------+------------+------------
         ij-ik-kj |          1.235 |      1.220 |      1.147 
       ij-ikl-ljk |          2.065 |      2.186 |      1.998 
       ij-kil-lkj |          1.792 |      1.809 |      1.686 
       ijk-ikl-lj |          1.230 |      0.887 |      1.193 
       ijk-il-jlk |          1.605 |      1.368 |      1.372 
       ijk-ilk-jl |          1.568 |      1.628 |      1.528 
       ijk-ilk-lj |          1.071 |      1.403 |      1.318 
     ijk-ilmk-mjl |          1.465 |      1.488 |      1.544 
   ijkl-imjn-lnkm |          1.164 |      1.158 |      1.133 
   ijkl-imjn-nlmk |          1.282 |      1.280 |      1.258 
   ijkl-imkn-jnlm |          1.130 |      1.100 |      1.084 
   ijkl-imkn-njml |          1.184 |      1.152 |      1.154 
   ijkl-imln-jnkm |          1.131 |      1.095 |      1.076 
   ijkl-imln-njmk |          1.110 |      1.121 |      1.105 
   ijkl-imnj-nlkm |          1.259 |      1.254 |      1.241 
   ijkl-imnk-njml |          1.121 |      1.102 |      1.105 
   ijkl-minj-nlmk |          1.208 |      1.212 |      1.191 
   ijkl-mink-jnlm |          1.190 |      1.168 |      1.178 
   ijkl-minl-njmk |          1.117 |      1.119 |      1.122 
     aqrs-pa-pqrs |          0.621 |      0.680 |      0.560 
     abrs-qb-aqrs |          1.316 |      1.070 |      0.829 
     abcs-rc-abrs |          1.614 |      1.531 |      1.559 
       abj-bka-kj |          2.026 |      1.527 |      1.919 
       ajb-kba-jk |          1.198 |      1.231 |      1.186 
     abjc-cbka-kj |          3.313 |      3.260 |      3.294 
     ajbc-ckba-jk |          2.277 |      1.712 |      1.751 
     abjc-kbac-jk |          0.987 |      1.694 |      1.703 
   abjcd-dkbac-jk |          2.556 |      2.401 |      2.388 
   adbjc-cbdka-kj |          2.984 |      2.843 |      2.848 
   ajbdc-ckbad-jk |          1.937 |      2.121 |      1.966 
 abcijk-ijma-mkbc |          1.607 |      1.575 |      1.638 
 abcijk-ijmb-mkac |          1.732 |      1.893 |      1.744 
 abcijk-ijmc-mkab |          1.848 |      1.921 |      1.825 
 abcijk-ikma-mjbc |          1.609 |      1.580 |      1.620 
 abcijk-ikmb-mjac |          1.714 |      1.885 |      1.745 
 abcijk-ikmc-mjab |          1.837 |      1.898 |      1.796 
 abcijk-jkma-mibc |          1.631 |      1.596 |      1.641 
 abcijk-jkmb-miac |          1.723 |      1.907 |      1.742 
 abcijk-jkmc-miab |          1.834 |      1.887 |      1.788 
 abcijk-eiab-jkec |          1.832 |      1.892 |      1.786 
 abcijk-eiac-jkeb |          1.724 |      1.898 |      1.746 
 abcijk-eibc-jkea |          1.587 |      1.559 |      1.561 
 abcijk-ejab-ikec |          1.850 |      1.887 |      1.784 
 abcijk-ejac-ikeb |          1.732 |      1.890 |      1.745 
 abcijk-ejbc-ikea |          1.626 |      1.596 |      1.665 
 abcijk-ekab-ijec |          1.855 |      1.914 |      1.805 
 abcijk-ekac-ijeb |          1.725 |      1.900 |      1.746 
 abcijk-ekbc-ijea |          1.655 |      1.623 |      1.699 
       abc-bk-akc |          1.391 |      1.369 |      1.344 
             MEAN |          1.597 |      1.602 |      1.569 

wrote bench-results/worker5178-zen2/phase4f/rg-t8-f32c32.csv
