host        : worker5178
target      : x86_64 / linux
cpu features: avx2 fma 
caches      : L1=32KiB/8-way/1sh L2=512KiB/8-way/1sh L3=16384KiB/16-way/4sh (via sysfs), blocking=legacy
l3 domains  : t1=1
baselines   : tblis=false blas=false

sweeping 49 cases at 64 MiB nominal tensor size, 3 reps, stress=ragged


=== f64 ===
             case |      m |      n |     k | regA | regB | planar GF/s | 1m GF/s | 3m GF/s 
------------------+--------+--------+-------+------+------+-------------+---------+---------
         ij-ik-kj |   2903 |   2895 |  2903 | 1.00 | 1.00 |        39.8 |    39.8 |    39.8 
       ij-ikl-ljk |    215 |    203 | 43645 | 1.00 | 1.00 |        19.7 |    19.7 |    19.7 
       ij-kil-lkj |    215 |    203 | 46225 | 1.00 | 1.00 |        27.4 |    27.4 |    27.4 
       ijk-ikl-lj |  43645 |    203 |   215 | 1.00 | 1.00 |        29.3 |    29.3 |    29.3 
       ijk-il-jlk |    215 |  43645 |   203 | 1.00 | 0.98 |        26.3 |    26.3 |    26.3 
       ijk-ilk-jl |  43645 |    215 |   203 | 0.97 | 1.00 |        29.9 |    29.9 |    29.9 
       ijk-ilk-lj |  43645 |    203 |   215 | 0.97 | 1.00 |        29.7 |    29.7 |    29.7 
     ijk-ilmk-mjl |   3621 |     51 |  3621 | 0.90 | 1.00 |        14.4 |    14.4 |    14.4 
   ijkl-imjn-lnkm |   3621 |   3621 |  2601 | 0.90 | 0.94 |        38.7 |    38.7 |    38.7 
   ijkl-imjn-nlmk |   3621 |   2601 |  3621 | 0.90 | 0.94 |        38.7 |    38.7 |    38.7 
   ijkl-imkn-jnlm |   3621 |   3621 |  2601 | 0.90 | 0.93 |        35.9 |    35.9 |    35.9 
   ijkl-imkn-njml |   3621 |   2601 |  3621 | 0.90 | 0.94 |        35.2 |    35.2 |    35.2 
   ijkl-imln-jnkm |   3621 |   3621 |  2601 | 0.90 | 0.93 |        35.5 |    35.5 |    35.5 
   ijkl-imln-njmk |   3621 |   2601 |  3621 | 0.90 | 0.94 |        35.2 |    35.2 |    35.2 
   ijkl-imnj-nlkm |   3621 |   2601 |  3621 | 0.90 | 0.94 |        38.3 |    38.3 |    38.3 
   ijkl-imnk-njml |   3621 |   2601 |  3621 | 0.90 | 0.94 |        35.5 |    35.5 |    35.5 
   ijkl-minj-nlmk |   3621 |   2601 |  5041 | 0.90 | 0.94 |        39.5 |    39.5 |    39.5 
   ijkl-mink-jnlm |   3621 |   3621 |  3621 | 0.90 | 0.93 |        36.4 |    36.4 |    36.4 
   ijkl-minl-njmk |   3621 |   2601 |  5041 | 0.90 | 0.94 |        37.0 |    37.0 |    37.0 
     aqrs-pa-pqrs |     71 | 132651 |    71 | 1.00 | 1.00 |        21.2 |    21.2 |    21.2 
     abrs-qb-aqrs |     51 | 184671 |    71 | 0.90 | 1.00 |        13.3 |    13.3 |    13.3 
     abcs-rc-abrs |     51 | 184671 |    71 | 1.00 | 1.00 |        14.9 |    14.9 |    14.9 
       abj-bka-kj |  46225 |    203 |   215 | 0.97 | 1.00 |        26.7 |    26.7 |    26.7 
       ajb-kba-jk |  43645 |    215 |   215 | 0.97 | 1.00 |        39.5 |    39.5 |    39.5 
     abjc-cbka-kj | 257091 |     51 |    71 | 0.90 | 1.00 |        10.0 |    10.0 |    10.0 
     ajbc-ckba-jk | 257091 |     71 |    51 | 0.90 | 1.00 |        12.3 |    12.3 |    12.3 
     abjc-kbac-jk | 184671 |     71 |    71 | 0.90 | 1.00 |        30.0 |    30.0 |    30.0 
   abjcd-dkbac-jk | 279841 |     23 |    23 | 0.70 | 1.00 |         4.8 |     4.8 |     4.8 
   adbjc-cbdka-kj | 279841 |     23 |    23 | 0.70 | 1.00 |         4.4 |     4.4 |     4.4 
   ajbdc-ckbad-jk | 279841 |     23 |    23 | 0.70 | 1.00 |         4.3 |     4.3 |     4.3 
 abcijk-ijma-mkbc |   7935 |   3375 |    23 | 0.70 | 0.99 |        16.5 |    16.5 |    16.5 
 abcijk-ijmb-mkac |   5175 |   5175 |    23 | 0.98 | 0.80 |        14.7 |    14.7 |    14.7 
 abcijk-ijmc-mkab |   5175 |   5175 |    23 | 0.98 | 0.80 |        21.8 |    21.8 |    21.8 
 abcijk-ikma-mjbc |   7935 |   3375 |    23 | 0.70 | 0.99 |        16.7 |    16.7 |    16.7 
 abcijk-ikmb-mjac |   5175 |   5175 |    23 | 0.98 | 0.80 |        14.6 |    14.6 |    14.6 
 abcijk-ikmc-mjab |   5175 |   5175 |    23 | 0.98 | 0.80 |        21.9 |    21.9 |    21.9 
 abcijk-jkma-mibc |   7935 |   3375 |    23 | 0.70 | 0.99 |        16.6 |    16.6 |    16.6 
 abcijk-jkmb-miac |   5175 |   5175 |    23 | 0.98 | 0.80 |        15.3 |    15.3 |    15.3 
 abcijk-jkmc-miab |   5175 |   5175 |    23 | 0.98 | 0.80 |        22.4 |    22.4 |    22.4 
 abcijk-eiab-jkec |   5175 |   5175 |    23 | 0.98 | 0.80 |        22.3 |    22.3 |    22.3 
 abcijk-eiac-jkeb |   5175 |   5175 |    23 | 0.98 | 0.80 |        15.2 |    15.2 |    15.2 
 abcijk-eibc-jkea |   3375 |   7935 |    23 | 0.70 | 0.99 |        16.7 |    16.7 |    16.7 
 abcijk-ejab-ikec |   5175 |   5175 |    23 | 0.98 | 0.80 |        21.8 |    21.8 |    21.8 
 abcijk-ejac-ikeb |   5175 |   5175 |    23 | 0.98 | 0.80 |        14.7 |    14.7 |    14.7 
 abcijk-ejbc-ikea |   3375 |   7935 |    23 | 0.70 | 0.99 |        16.6 |    16.6 |    16.6 
 abcijk-ekab-ijec |   5175 |   5175 |    23 | 0.98 | 0.80 |        21.9 |    21.9 |    21.9 
 abcijk-ekac-ijeb |   5175 |   5175 |    23 | 0.98 | 0.80 |        14.5 |    14.5 |    14.5 
 abcijk-ekbc-ijea |   3375 |   7935 |    23 | 0.70 | 0.99 |        16.6 |    16.6 |    16.6 
       abc-bk-akc |    215 |  43645 |   203 | 0.97 | 1.00 |        29.5 |    29.5 |    29.5 

=== c64 ===
             case |      m |      n |     k | regA | regB | planar GF/s | 1m GF/s | 3m GF/s 
------------------+--------+--------+-------+------+------+-------------+---------+---------
         ij-ik-kj |   2903 |   2895 |  2903 | 1.00 | 1.00 |        41.9 |    42.0 |    40.5 
       ij-ikl-ljk |    215 |    203 | 43645 | 1.00 | 1.00 |        30.8 |    31.0 |    29.9 
       ij-kil-lkj |    215 |    203 | 46225 | 1.00 | 1.00 |        35.1 |    35.7 |    34.3 
       ijk-ikl-lj |  43645 |    203 |   215 | 1.00 | 1.00 |        36.7 |    35.1 |    36.0 
       ijk-il-jlk |    215 |  43645 |   203 | 1.00 | 1.00 |        37.4 |    40.2 |    36.8 
       ijk-ilk-jl |  43645 |    215 |   203 | 0.99 | 1.00 |        37.5 |    36.8 |    36.8 
       ijk-ilk-lj |  43645 |    203 |   215 | 0.99 | 1.00 |        37.1 |    36.2 |    36.3 
     ijk-ilmk-mjl |   3621 |     51 |  3621 | 0.96 | 1.00 |        22.5 |    20.0 |    21.7 
   ijkl-imjn-lnkm |   3621 |   3621 |  2601 | 0.96 | 0.92 |        42.1 |    42.6 |    41.0 
   ijkl-imjn-nlmk |   3621 |   2601 |  3621 | 0.96 | 0.92 |        41.8 |    42.1 |    40.8 
   ijkl-imkn-jnlm |   3621 |   3621 |  2601 | 0.96 | 0.94 |        40.9 |    40.4 |    38.6 
   ijkl-imkn-njml |   3621 |   2601 |  3621 | 0.96 | 0.92 |        40.5 |    39.8 |    38.3 
   ijkl-imln-jnkm |   3621 |   3621 |  2601 | 0.96 | 0.94 |        40.9 |    40.4 |    38.6 
   ijkl-imln-njmk |   3621 |   2601 |  3621 | 0.96 | 0.92 |        40.7 |    40.3 |    38.5 
   ijkl-imnj-nlkm |   3621 |   2601 |  3621 | 0.96 | 0.92 |        41.8 |    42.2 |    40.9 
   ijkl-imnk-njml |   3621 |   2601 |  3621 | 0.96 | 0.92 |        40.7 |    40.3 |    38.7 
   ijkl-minj-nlmk |   3621 |   2601 |  5041 | 0.96 | 0.92 |        43.1 |    44.4 |    43.6 
   ijkl-mink-jnlm |   3621 |   3621 |  3621 | 0.96 | 0.94 |        42.0 |    42.4 |    41.1 
   ijkl-minl-njmk |   3621 |   2601 |  5041 | 0.96 | 0.92 |        42.1 |    42.6 |    41.2 
     aqrs-pa-pqrs |     71 | 132651 |    71 | 1.00 | 1.00 |        30.8 |    31.6 |    29.9 
     abrs-qb-aqrs |     51 | 184671 |    71 | 0.96 | 1.00 |        21.1 |    19.4 |    21.0 
     abcs-rc-abrs |     51 | 184671 |    71 | 1.00 | 1.00 |        22.7 |    21.1 |    23.1 
       abj-bka-kj |  46225 |    203 |   215 | 0.99 | 1.00 |        35.4 |    34.4 |    35.1 
       ajb-kba-jk |  43645 |    215 |   215 | 0.99 | 1.00 |        44.0 |    45.0 |    44.0 
     abjc-cbka-kj | 257091 |     51 |    71 | 0.96 | 1.00 |        17.8 |    15.3 |    17.4 
     ajbc-ckba-jk | 257091 |     71 |    51 | 0.96 | 1.00 |        19.2 |    17.7 |    18.3 
     abjc-kbac-jk | 184671 |     71 |    71 | 0.96 | 1.00 |        34.7 |    37.9 |    37.3 
   abjcd-dkbac-jk | 279841 |     23 |    23 | 0.87 | 1.00 |         9.8 |     8.9 |     9.6 
   adbjc-cbdka-kj | 279841 |     23 |    23 | 0.87 | 1.00 |         9.4 |     7.9 |     8.9 
   ajbdc-ckbad-jk | 279841 |     23 |    23 | 0.87 | 1.00 |         8.9 |     8.2 |     9.0 
 abcijk-ijma-mkbc |   7935 |   3375 |    23 | 0.87 | 1.00 |        22.6 |    24.0 |    22.5 
 abcijk-ijmb-mkac |   5175 |   5175 |    23 | 0.99 | 1.00 |        22.3 |    24.6 |    22.8 
 abcijk-ijmc-mkab |   5175 |   5175 |    23 | 0.99 | 1.00 |        28.2 |    31.5 |    27.5 
 abcijk-ikma-mjbc |   7935 |   3375 |    23 | 0.87 | 1.00 |        22.6 |    24.0 |    22.5 
 abcijk-ikmb-mjac |   5175 |   5175 |    23 | 0.99 | 1.00 |        22.3 |    24.6 |    22.9 
 abcijk-ikmc-mjab |   5175 |   5175 |    23 | 0.99 | 1.00 |        28.2 |    31.5 |    27.5 
 abcijk-jkma-mibc |   7935 |   3375 |    23 | 0.87 | 1.00 |        22.5 |    24.2 |    22.6 
 abcijk-jkmb-miac |   5175 |   5175 |    23 | 0.99 | 1.00 |        22.3 |    24.6 |    22.6 
 abcijk-jkmc-miab |   5175 |   5175 |    23 | 0.99 | 1.00 |        28.2 |    31.6 |    27.6 
 abcijk-eiab-jkec |   5175 |   5175 |    23 | 0.99 | 1.00 |        28.3 |    31.6 |    27.6 
 abcijk-eiac-jkeb |   5175 |   5175 |    23 | 0.99 | 1.00 |        22.4 |    24.6 |    22.8 
 abcijk-eibc-jkea |   3375 |   7935 |    23 | 0.87 | 1.00 |        22.5 |    24.1 |    22.8 
 abcijk-ejab-ikec |   5175 |   5175 |    23 | 0.99 | 1.00 |        28.2 |    31.5 |    27.4 
 abcijk-ejac-ikeb |   5175 |   5175 |    23 | 0.99 | 1.00 |        22.3 |    24.5 |    22.8 
 abcijk-ejbc-ikea |   3375 |   7935 |    23 | 0.87 | 1.00 |        22.6 |    24.1 |    22.7 
 abcijk-ekab-ijec |   5175 |   5175 |    23 | 0.99 | 1.00 |        28.2 |    31.6 |    27.5 
 abcijk-ekac-ijeb |   5175 |   5175 |    23 | 0.99 | 1.00 |        22.3 |    24.6 |    22.8 
 abcijk-ekbc-ijea |   3375 |   7935 |    23 | 0.87 | 1.00 |        22.6 |    24.0 |    22.6 
       abc-bk-akc |    215 |  43645 |   203 | 0.99 | 1.00 |        37.5 |    36.4 |    36.4 

=== complex efficiency ratio (c64 GF/s over f64 GF/s; 1.0 = no penalty) ===
             case | planar c64/f64 | 1m c64/f64 | 3m c64/f64 
------------------+----------------+------------+------------
         ij-ik-kj |          1.053 |      1.055 |      1.017 
       ij-ikl-ljk |          1.565 |      1.572 |      1.519 
       ij-kil-lkj |          1.282 |      1.301 |      1.253 
       ijk-ikl-lj |          1.250 |      1.197 |      1.227 
       ijk-il-jlk |          1.423 |      1.529 |      1.400 
       ijk-ilk-jl |          1.256 |      1.233 |      1.233 
       ijk-ilk-lj |          1.249 |      1.220 |      1.220 
     ijk-ilmk-mjl |          1.568 |      1.392 |      1.514 
   ijkl-imjn-lnkm |          1.087 |      1.101 |      1.061 
   ijkl-imjn-nlmk |          1.079 |      1.087 |      1.053 
   ijkl-imkn-jnlm |          1.141 |      1.125 |      1.076 
   ijkl-imkn-njml |          1.152 |      1.131 |      1.089 
   ijkl-imln-jnkm |          1.153 |      1.139 |      1.087 
   ijkl-imln-njmk |          1.155 |      1.145 |      1.095 
   ijkl-imnj-nlkm |          1.091 |      1.102 |      1.069 
   ijkl-imnk-njml |          1.145 |      1.134 |      1.090 
   ijkl-minj-nlmk |          1.090 |      1.124 |      1.103 
   ijkl-mink-jnlm |          1.155 |      1.167 |      1.129 
   ijkl-minl-njmk |          1.138 |      1.153 |      1.115 
     aqrs-pa-pqrs |          1.451 |      1.488 |      1.411 
     abrs-qb-aqrs |          1.582 |      1.457 |      1.571 
     abcs-rc-abrs |          1.517 |      1.414 |      1.544 
       abj-bka-kj |          1.323 |      1.287 |      1.312 
       ajb-kba-jk |          1.113 |      1.140 |      1.113 
     abjc-cbka-kj |          1.776 |      1.527 |      1.742 
     ajbc-ckba-jk |          1.559 |      1.436 |      1.483 
     abjc-kbac-jk |          1.157 |      1.263 |      1.245 
   abjcd-dkbac-jk |          2.049 |      1.856 |      2.005 
   adbjc-cbdka-kj |          2.119 |      1.800 |      2.006 
   ajbdc-ckbad-jk |          2.088 |      1.913 |      2.094 
 abcijk-ijma-mkbc |          1.364 |      1.453 |      1.363 
 abcijk-ijmb-mkac |          1.522 |      1.678 |      1.556 
 abcijk-ijmc-mkab |          1.293 |      1.444 |      1.258 
 abcijk-ikma-mjbc |          1.350 |      1.438 |      1.349 
 abcijk-ikmb-mjac |          1.534 |      1.690 |      1.570 
 abcijk-ikmc-mjab |          1.289 |      1.442 |      1.256 
 abcijk-jkma-mibc |          1.355 |      1.455 |      1.363 
 abcijk-jkmb-miac |          1.458 |      1.609 |      1.479 
 abcijk-jkmc-miab |          1.262 |      1.414 |      1.232 
 abcijk-eiab-jkec |          1.266 |      1.417 |      1.235 
 abcijk-eiac-jkeb |          1.472 |      1.621 |      1.499 
 abcijk-eibc-jkea |          1.353 |      1.447 |      1.368 
 abcijk-ejab-ikec |          1.294 |      1.448 |      1.258 
 abcijk-ejac-ikeb |          1.517 |      1.670 |      1.551 
 abcijk-ejbc-ikea |          1.365 |      1.456 |      1.371 
 abcijk-ekab-ijec |          1.289 |      1.442 |      1.257 
 abcijk-ekac-ijeb |          1.533 |      1.693 |      1.567 
 abcijk-ekbc-ijea |          1.356 |      1.443 |      1.357 
       abc-bk-akc |          1.271 |      1.235 |      1.235 
             MEAN |          1.365 |      1.387 |      1.347 

wrote bench-results/worker5178-zen2/phase4f/rg-t1-f64c64.csv
