host        : worker5178
target      : x86_64 / linux
cpu features: avx2 fma 
caches      : L1=32KiB/8-way/1sh L2=512KiB/8-way/1sh L3=16384KiB/16-way/4sh (via sysfs), blocking=legacy
l3 domains  : t1=1 t4=1 t8=2 t16=4 t32=8 t64=16 t128=32
baselines   : tblis=false blas=false

sweeping 49 cases at 64 MiB nominal tensor size, 3 reps, stress=none


=== f32 ===
             case |      m |      n |     k | regA | regB | planar GF/s | 1m GF/s | 3m GF/s 
------------------+--------+--------+-------+------+------+-------------+---------+---------
         ij-ik-kj |   2904 |   2896 |  2904 | 1.00 | 1.00 |       624.7 |   624.7 |   624.7 
       ij-ikl-ljk |    216 |    204 | 44064 | 1.00 | 1.00 |       211.3 |   211.3 |   211.3 
       ij-kil-lkj |    216 |    204 | 46656 | 1.00 | 1.00 |       208.1 |   208.1 |   208.1 
       ijk-ikl-lj |  44064 |    204 |   216 | 1.00 | 1.00 |       326.2 |   326.2 |   326.2 
       ijk-il-jlk |    216 |  44064 |   204 | 1.00 | 1.00 |       333.3 |   333.3 |   333.3 
       ijk-ilk-jl |  44064 |    216 |   204 | 0.96 | 1.00 |       390.4 |   390.4 |   390.4 
       ijk-ilk-lj |  44064 |    204 |   216 | 0.96 | 1.00 |       321.9 |   321.9 |   321.9 
     ijk-ilmk-mjl |   3744 |     52 |  3744 | 0.89 | 1.00 |       129.2 |   129.2 |   129.2 
   ijkl-imjn-lnkm |   3744 |   3744 |  2704 | 0.89 | 0.92 |       785.1 |   785.1 |   785.1 
   ijkl-imjn-nlmk |   3744 |   2704 |  3744 | 0.89 | 0.92 |       769.0 |   769.0 |   769.0 
   ijkl-imkn-jnlm |   3744 |   3744 |  2704 | 0.89 | 1.00 |       830.7 |   830.7 |   830.7 
   ijkl-imkn-njml |   3744 |   2704 |  3744 | 0.89 | 0.92 |       783.5 |   783.5 |   783.5 
   ijkl-imln-jnkm |   3744 |   3744 |  2704 | 0.89 | 1.00 |       775.5 |   775.5 |   775.5 
   ijkl-imln-njmk |   3744 |   2704 |  3744 | 0.89 | 0.92 |       852.0 |   852.0 |   852.0 
   ijkl-imnj-nlkm |   3744 |   2704 |  3744 | 0.89 | 0.92 |       811.3 |   811.3 |   811.3 
   ijkl-imnk-njml |   3744 |   2704 |  3744 | 0.89 | 0.92 |       783.9 |   783.9 |   783.9 
   ijkl-minj-nlmk |   3744 |   2704 |  5184 | 0.89 | 0.92 |       710.4 |   710.4 |   710.4 
   ijkl-mink-jnlm |   3744 |   3744 |  3744 | 0.89 | 1.00 |       869.8 |   869.8 |   869.8 
   ijkl-minl-njmk |   3744 |   2704 |  5184 | 0.89 | 0.92 |       783.0 |   783.0 |   783.0 
     aqrs-pa-pqrs |     72 | 140608 |    72 | 1.00 | 1.00 |        62.6 |    62.6 |    62.6 
     abrs-qb-aqrs |     52 | 194688 |    72 | 0.89 | 1.00 |       163.7 |   163.7 |   163.7 
     abcs-rc-abrs |     52 | 194688 |    72 | 1.00 | 1.00 |       131.4 |   131.4 |   131.4 
       abj-bka-kj |  46656 |    204 |   216 | 0.96 | 1.00 |       255.2 |   255.2 |   255.2 
       ajb-kba-jk |  44064 |    216 |   216 | 0.96 | 1.00 |       435.2 |   435.2 |   435.2 
     abjc-cbka-kj | 269568 |     52 |    72 | 0.89 | 1.00 |        57.0 |    57.0 |    57.0 
     ajbc-ckba-jk | 269568 |     72 |    52 | 0.89 | 1.00 |        78.6 |    78.6 |    78.6 
     abjc-kbac-jk | 194688 |     72 |    72 | 0.89 | 1.00 |       226.8 |   226.8 |   226.8 
   abjcd-dkbac-jk | 331776 |     24 |    24 | 0.67 | 1.00 |        23.6 |    23.6 |    23.6 
   adbjc-cbdka-kj | 331776 |     24 |    24 | 0.67 | 1.00 |        26.0 |    26.0 |    26.0 
   ajbdc-ckbad-jk | 331776 |     24 |    24 | 1.00 | 1.00 |        24.7 |    24.7 |    24.7 
 abcijk-ijma-mkbc |   9216 |   4096 |    24 | 1.00 | 1.00 |       165.6 |   165.6 |   165.6 
 abcijk-ijmb-mkac |   6144 |   6144 |    24 | 1.00 | 1.00 |       126.0 |   126.0 |   126.0 
 abcijk-ijmc-mkab |   6144 |   6144 |    24 | 1.00 | 0.75 |       138.9 |   138.9 |   138.9 
 abcijk-ikma-mjbc |   9216 |   4096 |    24 | 1.00 | 1.00 |       178.0 |   178.0 |   178.0 
 abcijk-ikmb-mjac |   6144 |   6144 |    24 | 1.00 | 1.00 |       150.1 |   150.1 |   150.1 
 abcijk-ikmc-mjab |   6144 |   6144 |    24 | 1.00 | 0.75 |       148.8 |   148.8 |   148.8 
 abcijk-jkma-mibc |   9216 |   4096 |    24 | 1.00 | 1.00 |       148.9 |   148.9 |   148.9 
 abcijk-jkmb-miac |   6144 |   6144 |    24 | 1.00 | 1.00 |       134.9 |   134.9 |   134.9 
 abcijk-jkmc-miab |   6144 |   6144 |    24 | 1.00 | 0.75 |       118.4 |   118.4 |   118.4 
 abcijk-eiab-jkec |   6144 |   6144 |    24 | 1.00 | 0.75 |       125.6 |   125.6 |   125.6 
 abcijk-eiac-jkeb |   6144 |   6144 |    24 | 1.00 | 1.00 |       135.6 |   135.6 |   135.6 
 abcijk-eibc-jkea |   4096 |   9216 |    24 | 1.00 | 1.00 |       145.9 |   145.9 |   145.9 
 abcijk-ejab-ikec |   6144 |   6144 |    24 | 1.00 | 0.75 |       135.6 |   135.6 |   135.6 
 abcijk-ejac-ikeb |   6144 |   6144 |    24 | 1.00 | 1.00 |       119.1 |   119.1 |   119.1 
 abcijk-ejbc-ikea |   4096 |   9216 |    24 | 1.00 | 1.00 |       145.6 |   145.6 |   145.6 
 abcijk-ekab-ijec |   6144 |   6144 |    24 | 1.00 | 0.75 |       138.2 |   138.2 |   138.2 
 abcijk-ekac-ijeb |   6144 |   6144 |    24 | 1.00 | 1.00 |       145.1 |   145.1 |   145.1 
 abcijk-ekbc-ijea |   4096 |   9216 |    24 | 1.00 | 1.00 |       172.5 |   172.5 |   172.5 
       abc-bk-akc |    216 |  44064 |   204 | 0.96 | 1.00 |       336.0 |   336.0 |   336.0 

=== c32 ===
             case |      m |      n |     k | regA | regB | planar GF/s | 1m GF/s | 3m GF/s 
------------------+--------+--------+-------+------+------+-------------+---------+---------
         ij-ik-kj |   2904 |   2896 |  2904 | 1.00 | 1.00 |      1037.2 |  1140.7 |   923.6 
       ij-ikl-ljk |    216 |    204 | 44064 | 1.00 | 1.00 |       281.5 |   303.6 |   305.0 
       ij-kil-lkj |    216 |    204 | 46656 | 1.00 | 1.00 |       316.9 |   293.6 |   236.9 
       ijk-ikl-lj |  44064 |    204 |   216 | 1.00 | 1.00 |       915.5 |   630.3 |   763.6 
       ijk-il-jlk |    216 |  44064 |   204 | 1.00 | 0.98 |       422.5 |   363.2 |   283.2 
       ijk-ilk-jl |  44064 |    216 |   204 | 1.00 | 1.00 |       579.7 |   598.0 |   783.7 
       ijk-ilk-lj |  44064 |    204 |   216 | 1.00 | 1.00 |       791.7 |   711.8 |   727.5 
     ijk-ilmk-mjl |   3744 |     52 |  3744 | 1.00 | 1.00 |       270.1 |   247.7 |   241.3 
   ijkl-imjn-lnkm |   3744 |   3744 |  2704 | 1.00 | 0.92 |      1098.9 |  1136.8 |  1035.7 
   ijkl-imjn-nlmk |   3744 |   2704 |  3744 | 1.00 | 0.92 |      1321.8 |  1145.5 |  1140.0 
   ijkl-imkn-jnlm |   3744 |   3744 |  2704 | 1.00 | 0.95 |      1366.6 |  1320.1 |  1198.9 
   ijkl-imkn-njml |   3744 |   2704 |  3744 | 1.00 | 0.92 |      1355.0 |  1328.8 |  1064.3 
   ijkl-imln-jnkm |   3744 |   3744 |  2704 | 1.00 | 0.95 |      1380.6 |  1317.6 |  1160.6 
   ijkl-imln-njmk |   3744 |   2704 |  3744 | 1.00 | 0.92 |      1316.7 |  1242.5 |  1161.0 
   ijkl-imnj-nlkm |   3744 |   2704 |  3744 | 1.00 | 0.92 |      1269.6 |  1206.3 |  1180.3 
   ijkl-imnk-njml |   3744 |   2704 |  3744 | 1.00 | 0.92 |      1362.3 |  1216.7 |  1170.0 
   ijkl-minj-nlmk |   3744 |   2704 |  5184 | 1.00 | 0.92 |      1426.9 |  1332.7 |  1389.9 
   ijkl-mink-jnlm |   3744 |   3744 |  3744 | 1.00 | 0.95 |      1390.0 |  1392.0 |  1104.1 
   ijkl-minl-njmk |   3744 |   2704 |  5184 | 1.00 | 0.92 |      1228.6 |  1359.6 |  1108.1 
     aqrs-pa-pqrs |     72 | 140608 |    72 | 1.00 | 1.00 |       203.7 |   180.1 |   140.8 
     abrs-qb-aqrs |     52 | 194688 |    72 | 1.00 | 1.00 |       300.2 |   277.7 |   304.6 
     abcs-rc-abrs |     52 | 194688 |    72 | 1.00 | 1.00 |       263.4 |   284.4 |   321.3 
       abj-bka-kj |  46656 |    204 |   216 | 1.00 | 1.00 |       486.4 |   483.6 |   495.9 
       ajb-kba-jk |  44064 |    216 |   216 | 1.00 | 1.00 |       666.3 |   704.0 |   638.2 
     abjc-cbka-kj | 269568 |     52 |    72 | 1.00 | 1.00 |       144.3 |   156.7 |   145.4 
     ajbc-ckba-jk | 269568 |     72 |    52 | 1.00 | 1.00 |       206.9 |   194.9 |   193.3 
     abjc-kbac-jk | 194688 |     72 |    72 | 1.00 | 1.00 |       443.7 |   433.9 |   487.4 
   abjcd-dkbac-jk | 331776 |     24 |    24 | 1.00 | 1.00 |        67.0 |    75.2 |    67.0 
   adbjc-cbdka-kj | 331776 |     24 |    24 | 1.00 | 1.00 |        68.7 |    61.7 |    61.3 
   ajbdc-ckbad-jk | 331776 |     24 |    24 | 1.00 | 1.00 |        73.8 |    71.2 |    75.1 
 abcijk-ijma-mkbc |   9216 |   4096 |    24 | 1.00 | 0.99 |       305.2 |   313.1 |   286.9 
 abcijk-ijmb-mkac |   6144 |   6144 |    24 | 1.00 | 0.75 |       287.4 |   288.9 |   268.4 
 abcijk-ijmc-mkab |   6144 |   6144 |    24 | 1.00 | 0.75 |       202.5 |   206.5 |   191.8 
 abcijk-ikma-mjbc |   9216 |   4096 |    24 | 1.00 | 0.99 |       288.7 |   303.4 |   302.2 
 abcijk-ikmb-mjac |   6144 |   6144 |    24 | 1.00 | 0.75 |       279.1 |   292.7 |   262.7 
 abcijk-ikmc-mjab |   6144 |   6144 |    24 | 1.00 | 0.75 |       208.9 |   210.7 |   181.3 
 abcijk-jkma-mibc |   9216 |   4096 |    24 | 1.00 | 0.99 |       313.0 |   303.4 |   294.5 
 abcijk-jkmb-miac |   6144 |   6144 |    24 | 1.00 | 0.75 |       271.2 |   269.0 |   270.4 
 abcijk-jkmc-miab |   6144 |   6144 |    24 | 1.00 | 0.75 |       196.0 |   185.3 |   184.7 
 abcijk-eiab-jkec |   6144 |   6144 |    24 | 1.00 | 0.75 |       197.1 |   192.3 |   178.1 
 abcijk-eiac-jkeb |   6144 |   6144 |    24 | 1.00 | 0.75 |       278.8 |   264.4 |   271.2 
 abcijk-eibc-jkea |   4096 |   9216 |    24 | 1.00 | 0.99 |       314.4 |   313.3 |   295.8 
 abcijk-ejab-ikec |   6144 |   6144 |    24 | 1.00 | 0.75 |       201.2 |   214.4 |   186.8 
 abcijk-ejac-ikeb |   6144 |   6144 |    24 | 1.00 | 0.75 |       280.1 |   279.2 |   273.5 
 abcijk-ejbc-ikea |   4096 |   9216 |    24 | 1.00 | 0.99 |       295.0 |   326.9 |   300.7 
 abcijk-ekab-ijec |   6144 |   6144 |    24 | 1.00 | 0.75 |       204.8 |   206.7 |   185.0 
 abcijk-ekac-ijeb |   6144 |   6144 |    24 | 1.00 | 0.75 |       298.5 |   291.6 |   267.8 
 abcijk-ekbc-ijea |   4096 |   9216 |    24 | 1.00 | 0.99 |       326.1 |   306.4 |   283.5 
       abc-bk-akc |    216 |  44064 |   204 | 1.00 | 1.00 |       640.5 |   548.1 |   578.6 

=== complex efficiency ratio (c32 GF/s over f32 GF/s; 1.0 = no penalty) ===
             case | planar c32/f32 | 1m c32/f32 | 3m c32/f32 
------------------+----------------+------------+------------
         ij-ik-kj |          1.660 |      1.826 |      1.478 
       ij-ikl-ljk |          1.333 |      1.437 |      1.444 
       ij-kil-lkj |          1.523 |      1.411 |      1.139 
       ijk-ikl-lj |          2.807 |      1.932 |      2.341 
       ijk-il-jlk |          1.267 |      1.090 |      0.850 
       ijk-ilk-jl |          1.485 |      1.532 |      2.008 
       ijk-ilk-lj |          2.460 |      2.211 |      2.260 
     ijk-ilmk-mjl |          2.091 |      1.917 |      1.867 
   ijkl-imjn-lnkm |          1.400 |      1.448 |      1.319 
   ijkl-imjn-nlmk |          1.719 |      1.490 |      1.482 
   ijkl-imkn-jnlm |          1.645 |      1.589 |      1.443 
   ijkl-imkn-njml |          1.729 |      1.696 |      1.358 
   ijkl-imln-jnkm |          1.780 |      1.699 |      1.497 
   ijkl-imln-njmk |          1.545 |      1.458 |      1.363 
   ijkl-imnj-nlkm |          1.565 |      1.487 |      1.455 
   ijkl-imnk-njml |          1.738 |      1.552 |      1.493 
   ijkl-minj-nlmk |          2.009 |      1.876 |      1.957 
   ijkl-mink-jnlm |          1.598 |      1.600 |      1.269 
   ijkl-minl-njmk |          1.569 |      1.736 |      1.415 
     aqrs-pa-pqrs |          3.256 |      2.878 |      2.251 
     abrs-qb-aqrs |          1.835 |      1.697 |      1.861 
     abcs-rc-abrs |          2.004 |      2.164 |      2.444 
       abj-bka-kj |          1.906 |      1.895 |      1.943 
       ajb-kba-jk |          1.531 |      1.618 |      1.466 
     abjc-cbka-kj |          2.532 |      2.750 |      2.553 
     ajbc-ckba-jk |          2.632 |      2.480 |      2.459 
     abjc-kbac-jk |          1.957 |      1.913 |      2.149 
   abjcd-dkbac-jk |          2.843 |      3.190 |      2.843 
   adbjc-cbdka-kj |          2.638 |      2.370 |      2.352 
   ajbdc-ckbad-jk |          2.991 |      2.887 |      3.043 
 abcijk-ijma-mkbc |          1.843 |      1.890 |      1.732 
 abcijk-ijmb-mkac |          2.281 |      2.294 |      2.131 
 abcijk-ijmc-mkab |          1.458 |      1.487 |      1.380 
 abcijk-ikma-mjbc |          1.622 |      1.705 |      1.698 
 abcijk-ikmb-mjac |          1.859 |      1.950 |      1.750 
 abcijk-ikmc-mjab |          1.404 |      1.415 |      1.218 
 abcijk-jkma-mibc |          2.102 |      2.037 |      1.978 
 abcijk-jkmb-miac |          2.011 |      1.995 |      2.005 
 abcijk-jkmc-miab |          1.655 |      1.565 |      1.559 
 abcijk-eiab-jkec |          1.569 |      1.531 |      1.418 
 abcijk-eiac-jkeb |          2.056 |      1.949 |      2.000 
 abcijk-eibc-jkea |          2.155 |      2.148 |      2.028 
 abcijk-ejab-ikec |          1.484 |      1.581 |      1.378 
 abcijk-ejac-ikeb |          2.351 |      2.344 |      2.296 
 abcijk-ejbc-ikea |          2.027 |      2.246 |      2.066 
 abcijk-ekab-ijec |          1.482 |      1.496 |      1.339 
 abcijk-ekac-ijeb |          2.056 |      2.009 |      1.845 
 abcijk-ekbc-ijea |          1.890 |      1.776 |      1.643 
       abc-bk-akc |          1.906 |      1.631 |      1.722 
             MEAN |          1.924 |      1.875 |      1.796 

wrote bench-results/worker5178-zen2/phase4f/th-t64-pm-f32c32.csv
