host        : worker5178
target      : x86_64 / linux
cpu features: avx2 fma 
caches      : L1=32KiB/8-way/1sh L2=512KiB/8-way/1sh L3=16384KiB/16-way/4sh (via sysfs), blocking=legacy
l3 domains  : t1=1 t4=1 t8=2 t16=4
baselines   : tblis=false blas=false

sweeping 49 cases at 64 MiB nominal tensor size, 3 reps, stress=none


=== f32 ===
             case |      m |      n |     k | regA | regB | planar GF/s | 1m GF/s | 3m GF/s 
------------------+--------+--------+-------+------+------+-------------+---------+---------
         ij-ik-kj |   2904 |   2896 |  2904 | 1.00 | 1.00 |       502.7 |   502.7 |   502.7 
       ij-ikl-ljk |    216 |    204 | 44064 | 1.00 | 1.00 |       186.5 |   186.5 |   186.5 
       ij-kil-lkj |    216 |    204 | 46656 | 1.00 | 1.00 |       113.7 |   113.7 |   113.7 
       ijk-ikl-lj |  44064 |    204 |   216 | 1.00 | 1.00 |       449.7 |   449.7 |   449.7 
       ijk-il-jlk |    216 |  44064 |   204 | 1.00 | 1.00 |       255.3 |   255.3 |   255.3 
       ijk-ilk-jl |  44064 |    216 |   204 | 0.96 | 1.00 |       303.9 |   303.9 |   303.9 
       ijk-ilk-lj |  44064 |    204 |   216 | 0.96 | 1.00 |       398.9 |   398.9 |   398.9 
     ijk-ilmk-mjl |   3744 |     52 |  3744 | 0.89 | 1.00 |       176.1 |   176.1 |   176.1 
   ijkl-imjn-lnkm |   3744 |   3744 |  2704 | 0.89 | 0.92 |       523.9 |   523.9 |   523.9 
   ijkl-imjn-nlmk |   3744 |   2704 |  3744 | 0.89 | 0.92 |       532.3 |   532.3 |   532.3 
   ijkl-imkn-jnlm |   3744 |   3744 |  2704 | 0.89 | 1.00 |       556.4 |   556.4 |   556.4 
   ijkl-imkn-njml |   3744 |   2704 |  3744 | 0.89 | 0.92 |       568.5 |   568.5 |   568.5 
   ijkl-imln-jnkm |   3744 |   3744 |  2704 | 0.89 | 1.00 |       551.3 |   551.3 |   551.3 
   ijkl-imln-njmk |   3744 |   2704 |  3744 | 0.89 | 0.92 |       564.5 |   564.5 |   564.5 
   ijkl-imnj-nlkm |   3744 |   2704 |  3744 | 0.89 | 0.92 |       548.0 |   548.0 |   548.0 
   ijkl-imnk-njml |   3744 |   2704 |  3744 | 0.89 | 0.92 |       554.2 |   554.2 |   554.2 
   ijkl-minj-nlmk |   3744 |   2704 |  5184 | 0.89 | 0.92 |       538.3 |   538.3 |   538.3 
   ijkl-mink-jnlm |   3744 |   3744 |  3744 | 0.89 | 1.00 |       557.8 |   557.8 |   557.8 
   ijkl-minl-njmk |   3744 |   2704 |  5184 | 0.89 | 0.92 |       562.4 |   562.4 |   562.4 
     aqrs-pa-pqrs |     72 | 140608 |    72 | 1.00 | 1.00 |       283.7 |   283.7 |   283.7 
     abrs-qb-aqrs |     52 | 194688 |    72 | 0.89 | 1.00 |       236.3 |   236.3 |   236.3 
     abcs-rc-abrs |     52 | 194688 |    72 | 1.00 | 1.00 |       187.2 |   187.2 |   187.2 
       abj-bka-kj |  46656 |    204 |   216 | 0.96 | 1.00 |       348.1 |   348.1 |   348.1 
       ajb-kba-jk |  44064 |    216 |   216 | 0.96 | 1.00 |       517.5 |   517.5 |   517.5 
     abjc-cbka-kj | 269568 |     52 |    72 | 0.89 | 1.00 |        40.1 |    40.1 |    40.1 
     ajbc-ckba-jk | 269568 |     72 |    52 | 0.89 | 1.00 |        46.7 |    46.7 |    46.7 
     abjc-kbac-jk | 194688 |     72 |    72 | 0.89 | 1.00 |       317.5 |   317.5 |   317.5 
   abjcd-dkbac-jk | 331776 |     24 |    24 | 0.67 | 1.00 |        37.7 |    37.7 |    37.7 
   adbjc-cbdka-kj | 331776 |     24 |    24 | 0.67 | 1.00 |        35.0 |    35.0 |    35.0 
   ajbdc-ckbad-jk | 331776 |     24 |    24 | 1.00 | 1.00 |        32.2 |    32.2 |    32.2 
 abcijk-ijma-mkbc |   9216 |   4096 |    24 | 1.00 | 1.00 |       181.1 |   181.1 |   181.1 
 abcijk-ijmb-mkac |   6144 |   6144 |    24 | 1.00 | 1.00 |       156.2 |   156.2 |   156.2 
 abcijk-ijmc-mkab |   6144 |   6144 |    24 | 1.00 | 0.75 |       191.5 |   191.5 |   191.5 
 abcijk-ikma-mjbc |   9216 |   4096 |    24 | 1.00 | 1.00 |       176.6 |   176.6 |   176.6 
 abcijk-ikmb-mjac |   6144 |   6144 |    24 | 1.00 | 1.00 |       158.0 |   158.0 |   158.0 
 abcijk-ikmc-mjab |   6144 |   6144 |    24 | 1.00 | 0.75 |       193.2 |   193.2 |   193.2 
 abcijk-jkma-mibc |   9216 |   4096 |    24 | 1.00 | 1.00 |       155.3 |   155.3 |   155.3 
 abcijk-jkmb-miac |   6144 |   6144 |    24 | 1.00 | 1.00 |       156.6 |   156.6 |   156.6 
 abcijk-jkmc-miab |   6144 |   6144 |    24 | 1.00 | 0.75 |       192.2 |   192.2 |   192.2 
 abcijk-eiab-jkec |   6144 |   6144 |    24 | 1.00 | 0.75 |       193.8 |   193.8 |   193.8 
 abcijk-eiac-jkeb |   6144 |   6144 |    24 | 1.00 | 1.00 |       154.9 |   154.9 |   154.9 
 abcijk-eibc-jkea |   4096 |   9216 |    24 | 1.00 | 1.00 |       179.9 |   179.9 |   179.9 
 abcijk-ejab-ikec |   6144 |   6144 |    24 | 1.00 | 0.75 |       193.7 |   193.7 |   193.7 
 abcijk-ejac-ikeb |   6144 |   6144 |    24 | 1.00 | 1.00 |       155.2 |   155.2 |   155.2 
 abcijk-ejbc-ikea |   4096 |   9216 |    24 | 1.00 | 1.00 |       179.6 |   179.6 |   179.6 
 abcijk-ekab-ijec |   6144 |   6144 |    24 | 1.00 | 0.75 |       192.6 |   192.6 |   192.6 
 abcijk-ekac-ijeb |   6144 |   6144 |    24 | 1.00 | 1.00 |       155.3 |   155.3 |   155.3 
 abcijk-ekbc-ijea |   4096 |   9216 |    24 | 1.00 | 1.00 |       177.9 |   177.9 |   177.9 
       abc-bk-akc |    216 |  44064 |   204 | 0.96 | 1.00 |       264.8 |   264.8 |   264.8 

=== c32 ===
             case |      m |      n |     k | regA | regB | planar GF/s | 1m GF/s | 3m GF/s 
------------------+--------+--------+-------+------+------+-------------+---------+---------
         ij-ik-kj |   2904 |   2896 |  2904 | 1.00 | 1.00 |       620.2 |   612.0 |   582.0 
       ij-ikl-ljk |    216 |    204 | 44064 | 1.00 | 1.00 |       332.7 |   226.1 |   298.1 
       ij-kil-lkj |    216 |    204 | 46656 | 1.00 | 1.00 |       233.0 |   348.9 |   313.3 
       ijk-ikl-lj |  44064 |    204 |   216 | 1.00 | 1.00 |       563.4 |   409.2 |   565.9 
       ijk-il-jlk |    216 |  44064 |   204 | 1.00 | 0.98 |       391.7 |   426.5 |   353.2 
       ijk-ilk-jl |  44064 |    216 |   204 | 1.00 | 1.00 |       592.9 |   593.2 |   568.7 
       ijk-ilk-lj |  44064 |    204 |   216 | 1.00 | 1.00 |       437.4 |   563.1 |   555.6 
     ijk-ilmk-mjl |   3744 |     52 |  3744 | 1.00 | 1.00 |       276.1 |   332.5 |   338.9 
   ijkl-imjn-lnkm |   3744 |   3744 |  2704 | 1.00 | 0.92 |       620.3 |   613.8 |   606.3 
   ijkl-imjn-nlmk |   3744 |   2704 |  3744 | 1.00 | 0.92 |       621.5 |   601.1 |   619.7 
   ijkl-imkn-jnlm |   3744 |   3744 |  2704 | 1.00 | 0.95 |       615.1 |   619.4 |   618.1 
   ijkl-imkn-njml |   3744 |   2704 |  3744 | 1.00 | 0.92 |       617.1 |   614.2 |   605.9 
   ijkl-imln-jnkm |   3744 |   3744 |  2704 | 1.00 | 0.95 |       608.5 |   609.9 |   614.6 
   ijkl-imln-njmk |   3744 |   2704 |  3744 | 1.00 | 0.92 |       619.7 |   625.9 |   625.9 
   ijkl-imnj-nlkm |   3744 |   2704 |  3744 | 1.00 | 0.92 |       639.5 |   611.1 |   623.6 
   ijkl-imnk-njml |   3744 |   2704 |  3744 | 1.00 | 0.92 |       632.9 |   621.4 |   619.6 
   ijkl-minj-nlmk |   3744 |   2704 |  5184 | 1.00 | 0.92 |       629.1 |   621.1 |   627.7 
   ijkl-mink-jnlm |   3744 |   3744 |  3744 | 1.00 | 0.95 |       626.6 |   632.5 |   635.2 
   ijkl-minl-njmk |   3744 |   2704 |  5184 | 1.00 | 0.92 |       627.3 |   630.3 |   630.9 
     aqrs-pa-pqrs |     72 | 140608 |    72 | 1.00 | 1.00 |       162.9 |   181.6 |   144.4 
     abrs-qb-aqrs |     52 | 194688 |    72 | 1.00 | 1.00 |       365.8 |   338.7 |   324.5 
     abcs-rc-abrs |     52 | 194688 |    72 | 1.00 | 1.00 |       329.3 |   334.0 |   331.8 
       abj-bka-kj |  46656 |    204 |   216 | 1.00 | 1.00 |       509.3 |   444.3 |   470.0 
       ajb-kba-jk |  44064 |    216 |   216 | 1.00 | 1.00 |       423.9 |   669.1 |   663.2 
     abjc-cbka-kj | 269568 |     52 |    72 | 1.00 | 1.00 |       135.9 |   120.3 |   137.1 
     ajbc-ckba-jk | 269568 |     72 |    52 | 1.00 | 1.00 |       109.8 |    63.1 |    91.6 
     abjc-kbac-jk | 194688 |     72 |    72 | 1.00 | 1.00 |       496.8 |   500.7 |   518.2 
   abjcd-dkbac-jk | 331776 |     24 |    24 | 1.00 | 1.00 |        78.6 |    58.5 |    76.1 
   adbjc-cbdka-kj | 331776 |     24 |    24 | 1.00 | 1.00 |        73.2 |    65.1 |    69.6 
   ajbdc-ckbad-jk | 331776 |     24 |    24 | 1.00 | 1.00 |        76.4 |    73.1 |    75.4 
 abcijk-ijma-mkbc |   9216 |   4096 |    24 | 1.00 | 0.99 |       322.9 |   323.8 |   288.7 
 abcijk-ijmb-mkac |   6144 |   6144 |    24 | 1.00 | 0.75 |       321.9 |   335.3 |   308.4 
 abcijk-ijmc-mkab |   6144 |   6144 |    24 | 1.00 | 0.75 |       354.9 |   356.5 |   342.6 
 abcijk-ikma-mjbc |   9216 |   4096 |    24 | 1.00 | 0.99 |       322.8 |   323.4 |   289.9 
 abcijk-ikmb-mjac |   6144 |   6144 |    24 | 1.00 | 0.75 |       324.2 |   338.1 |   303.4 
 abcijk-ikmc-mjab |   6144 |   6144 |    24 | 1.00 | 0.75 |       352.4 |   356.3 |   336.9 
 abcijk-jkma-mibc |   9216 |   4096 |    24 | 1.00 | 0.99 |       328.1 |   333.4 |   295.8 
 abcijk-jkmb-miac |   6144 |   6144 |    24 | 1.00 | 0.75 |       317.9 |   336.3 |   271.6 
 abcijk-jkmc-miab |   6144 |   6144 |    24 | 1.00 | 0.75 |       346.6 |   367.6 |   353.8 
 abcijk-eiab-jkec |   6144 |   6144 |    24 | 1.00 | 0.75 |       353.6 |   364.7 |   299.9 
 abcijk-eiac-jkeb |   6144 |   6144 |    24 | 1.00 | 0.75 |       321.7 |   335.5 |   310.1 
 abcijk-eibc-jkea |   4096 |   9216 |    24 | 1.00 | 0.99 |       328.2 |   334.0 |   295.7 
 abcijk-ejab-ikec |   6144 |   6144 |    24 | 1.00 | 0.75 |       352.2 |   353.2 |   350.5 
 abcijk-ejac-ikeb |   6144 |   6144 |    24 | 1.00 | 0.75 |       320.9 |   336.3 |   311.9 
 abcijk-ejbc-ikea |   4096 |   9216 |    24 | 1.00 | 0.99 |       321.9 |   323.5 |   287.4 
 abcijk-ekab-ijec |   6144 |   6144 |    24 | 1.00 | 0.75 |       348.4 |   354.3 |   323.3 
 abcijk-ekac-ijeb |   6144 |   6144 |    24 | 1.00 | 0.75 |       321.0 |   334.8 |   305.5 
 abcijk-ekbc-ijea |   4096 |   9216 |    24 | 1.00 | 0.99 |       321.2 |   323.3 |   289.0 
       abc-bk-akc |    216 |  44064 |   204 | 1.00 | 1.00 |       598.5 |   568.0 |   558.5 

=== complex efficiency ratio (c32 GF/s over f32 GF/s; 1.0 = no penalty) ===
             case | planar c32/f32 | 1m c32/f32 | 3m c32/f32 
------------------+----------------+------------+------------
         ij-ik-kj |          1.234 |      1.217 |      1.158 
       ij-ikl-ljk |          1.784 |      1.213 |      1.599 
       ij-kil-lkj |          2.049 |      3.068 |      2.755 
       ijk-ikl-lj |          1.253 |      0.910 |      1.258 
       ijk-il-jlk |          1.534 |      1.670 |      1.383 
       ijk-ilk-jl |          1.951 |      1.952 |      1.872 
       ijk-ilk-lj |          1.096 |      1.412 |      1.393 
     ijk-ilmk-mjl |          1.568 |      1.888 |      1.924 
   ijkl-imjn-lnkm |          1.184 |      1.171 |      1.157 
   ijkl-imjn-nlmk |          1.168 |      1.129 |      1.164 
   ijkl-imkn-jnlm |          1.106 |      1.113 |      1.111 
   ijkl-imkn-njml |          1.085 |      1.080 |      1.066 
   ijkl-imln-jnkm |          1.104 |      1.106 |      1.115 
   ijkl-imln-njmk |          1.098 |      1.109 |      1.109 
   ijkl-imnj-nlkm |          1.167 |      1.115 |      1.138 
   ijkl-imnk-njml |          1.142 |      1.121 |      1.118 
   ijkl-minj-nlmk |          1.169 |      1.154 |      1.166 
   ijkl-mink-jnlm |          1.123 |      1.134 |      1.139 
   ijkl-minl-njmk |          1.115 |      1.121 |      1.122 
     aqrs-pa-pqrs |          0.574 |      0.640 |      0.509 
     abrs-qb-aqrs |          1.548 |      1.434 |      1.373 
     abcs-rc-abrs |          1.759 |      1.784 |      1.773 
       abj-bka-kj |          1.463 |      1.277 |      1.350 
       ajb-kba-jk |          0.819 |      1.293 |      1.282 
     abjc-cbka-kj |          3.386 |      2.997 |      3.417 
     ajbc-ckba-jk |          2.350 |      1.350 |      1.961 
     abjc-kbac-jk |          1.565 |      1.577 |      1.632 
   abjcd-dkbac-jk |          2.084 |      1.551 |      2.018 
   adbjc-cbdka-kj |          2.090 |      1.859 |      1.986 
   ajbdc-ckbad-jk |          2.375 |      2.271 |      2.342 
 abcijk-ijma-mkbc |          1.783 |      1.788 |      1.594 
 abcijk-ijmb-mkac |          2.060 |      2.146 |      1.974 
 abcijk-ijmc-mkab |          1.853 |      1.861 |      1.789 
 abcijk-ikma-mjbc |          1.828 |      1.831 |      1.642 
 abcijk-ikmb-mjac |          2.052 |      2.140 |      1.921 
 abcijk-ikmc-mjab |          1.824 |      1.845 |      1.744 
 abcijk-jkma-mibc |          2.113 |      2.147 |      1.905 
 abcijk-jkmb-miac |          2.029 |      2.147 |      1.734 
 abcijk-jkmc-miab |          1.804 |      1.913 |      1.841 
 abcijk-eiab-jkec |          1.825 |      1.882 |      1.547 
 abcijk-eiac-jkeb |          2.076 |      2.165 |      2.002 
 abcijk-eibc-jkea |          1.824 |      1.857 |      1.644 
 abcijk-ejab-ikec |          1.818 |      1.824 |      1.810 
 abcijk-ejac-ikeb |          2.068 |      2.168 |      2.010 
 abcijk-ejbc-ikea |          1.792 |      1.801 |      1.600 
 abcijk-ekab-ijec |          1.809 |      1.840 |      1.679 
 abcijk-ekac-ijeb |          2.067 |      2.156 |      1.967 
 abcijk-ekbc-ijea |          1.805 |      1.817 |      1.624 
       abc-bk-akc |          2.260 |      2.145 |      2.109 
             MEAN |          1.666 |      1.657 |      1.623 

wrote bench-results/worker5178-zen2/phase4f/th-t8-f32c32.csv
