host        : ccqlin038.flatironinstitute.org
target      : x86_64 / linux
cpu features: avx2 fma avx512f avx512dq 
baselines   : tblis=false blas=false

sweeping 49 cases at 64 MiB nominal tensor size, 3 reps, stress=none


=== f64 ===
             case |      m |      n |     k | regA | regB | planar GF/s | 1m GF/s | 3m GF/s 
------------------+--------+--------+-------+------+------+-------------+---------+---------
         ij-ik-kj |   2904 |   2896 |  2904 | 1.00 | 1.00 |        72.8 |    72.8 |    72.8 
       ij-ikl-ljk |    216 |    204 | 44064 | 1.00 | 1.00 |        35.0 |    35.0 |    35.0 
       ij-kil-lkj |    216 |    204 | 46656 | 1.00 | 1.00 |        37.4 |    37.4 |    37.4 
       ijk-ikl-lj |  44064 |    204 |   216 | 1.00 | 1.00 |        58.8 |    58.8 |    58.8 
       ijk-il-jlk |    216 |  44064 |   204 | 1.00 | 1.00 |        47.6 |    47.6 |    47.6 
       ijk-ilk-jl |  44064 |    216 |   204 | 1.00 | 1.00 |        61.5 |    61.5 |    61.5 
       ijk-ilk-lj |  44064 |    204 |   216 | 1.00 | 1.00 |        56.7 |    56.7 |    56.7 
     ijk-ilmk-mjl |   3744 |     52 |  3744 | 1.00 | 1.00 |        40.8 |    40.8 |    40.8 
   ijkl-imjn-lnkm |   3744 |   3744 |  2704 | 1.00 | 0.92 |        70.3 |    70.3 |    70.3 
   ijkl-imjn-nlmk |   3744 |   2704 |  3744 | 1.00 | 0.92 |        70.2 |    70.2 |    70.2 
   ijkl-imkn-jnlm |   3744 |   3744 |  2704 | 1.00 | 1.00 |        71.1 |    71.1 |    71.1 
   ijkl-imkn-njml |   3744 |   2704 |  3744 | 1.00 | 0.92 |        70.5 |    70.5 |    70.5 
   ijkl-imln-jnkm |   3744 |   3744 |  2704 | 1.00 | 1.00 |        71.2 |    71.2 |    71.2 
   ijkl-imln-njmk |   3744 |   2704 |  3744 | 1.00 | 0.92 |        70.1 |    70.1 |    70.1 
   ijkl-imnj-nlkm |   3744 |   2704 |  3744 | 1.00 | 0.92 |        69.8 |    69.8 |    69.8 
   ijkl-imnk-njml |   3744 |   2704 |  3744 | 1.00 | 0.92 |        70.6 |    70.6 |    70.6 
   ijkl-minj-nlmk |   3744 |   2704 |  5184 | 1.00 | 0.92 |        68.1 |    68.1 |    68.1 
   ijkl-mink-jnlm |   3744 |   3744 |  3744 | 1.00 | 1.00 |        70.3 |    70.3 |    70.3 
   ijkl-minl-njmk |   3744 |   2704 |  5184 | 1.00 | 0.92 |        69.4 |    69.4 |    69.4 
     aqrs-pa-pqrs |     72 | 140608 |    72 | 1.00 | 1.00 |        33.2 |    33.2 |    33.2 
     abrs-qb-aqrs |     52 | 194688 |    72 | 1.00 | 1.00 |        36.6 |    36.6 |    36.6 
     abcs-rc-abrs |     52 | 194688 |    72 | 1.00 | 1.00 |        29.4 |    29.4 |    29.4 
       abj-bka-kj |  46656 |    204 |   216 | 1.00 | 1.00 |        41.0 |    41.0 |    41.0 
       ajb-kba-jk |  44064 |    216 |   216 | 1.00 | 1.00 |        63.4 |    63.4 |    63.4 
     abjc-cbka-kj | 269568 |     52 |    72 | 1.00 | 1.00 |         8.4 |     8.4 |     8.4 
     ajbc-ckba-jk | 269568 |     72 |    52 | 1.00 | 1.00 |        16.4 |    16.4 |    16.4 
     abjc-kbac-jk | 194688 |     72 |    72 | 1.00 | 1.00 |        33.7 |    33.7 |    33.7 
   abjcd-dkbac-jk | 331776 |     24 |    24 | 1.00 | 1.00 |         2.6 |     2.6 |     2.6 
   adbjc-cbdka-kj | 331776 |     24 |    24 | 1.00 | 1.00 |         1.5 |     1.5 |     1.5 
   ajbdc-ckbad-jk | 331776 |     24 |    24 | 1.00 | 1.00 |         2.7 |     2.7 |     2.7 
 abcijk-ijma-mkbc |   9216 |   4096 |    24 | 1.00 | 1.00 |        34.9 |    34.9 |    34.9 
 abcijk-ijmb-mkac |   6144 |   6144 |    24 | 1.00 | 1.00 |        31.9 |    31.9 |    31.9 
 abcijk-ijmc-mkab |   6144 |   6144 |    24 | 1.00 | 1.00 |        28.7 |    28.7 |    28.7 
 abcijk-ikma-mjbc |   9216 |   4096 |    24 | 1.00 | 1.00 |        35.0 |    35.0 |    35.0 
 abcijk-ikmb-mjac |   6144 |   6144 |    24 | 1.00 | 1.00 |        31.8 |    31.8 |    31.8 
 abcijk-ikmc-mjab |   6144 |   6144 |    24 | 1.00 | 1.00 |        28.9 |    28.9 |    28.9 
 abcijk-jkma-mibc |   9216 |   4096 |    24 | 1.00 | 1.00 |        34.4 |    34.4 |    34.4 
 abcijk-jkmb-miac |   6144 |   6144 |    24 | 1.00 | 1.00 |        32.1 |    32.1 |    32.1 
 abcijk-jkmc-miab |   6144 |   6144 |    24 | 1.00 | 1.00 |        29.4 |    29.4 |    29.4 
 abcijk-eiab-jkec |   6144 |   6144 |    24 | 1.00 | 1.00 |        29.6 |    29.6 |    29.6 
 abcijk-eiac-jkeb |   6144 |   6144 |    24 | 1.00 | 1.00 |        31.4 |    31.4 |    31.4 
 abcijk-eibc-jkea |   4096 |   9216 |    24 | 1.00 | 1.00 |        34.1 |    34.1 |    34.1 
 abcijk-ejab-ikec |   6144 |   6144 |    24 | 1.00 | 1.00 |        29.4 |    29.4 |    29.4 
 abcijk-ejac-ikeb |   6144 |   6144 |    24 | 1.00 | 1.00 |        31.8 |    31.8 |    31.8 
 abcijk-ejbc-ikea |   4096 |   9216 |    24 | 1.00 | 1.00 |        34.9 |    34.9 |    34.9 
 abcijk-ekab-ijec |   6144 |   6144 |    24 | 1.00 | 1.00 |        29.2 |    29.2 |    29.2 
 abcijk-ekac-ijeb |   6144 |   6144 |    24 | 1.00 | 1.00 |        32.0 |    32.0 |    32.0 
 abcijk-ekbc-ijea |   4096 |   9216 |    24 | 1.00 | 1.00 |        34.5 |    34.5 |    34.5 
       abc-bk-akc |    216 |  44064 |   204 | 1.00 | 1.00 |        60.9 |    60.9 |    60.9 

=== c64 ===
             case |      m |      n |     k | regA | regB | planar GF/s | 1m GF/s | 3m GF/s 
------------------+--------+--------+-------+------+------+-------------+---------+---------
         ij-ik-kj |   2904 |   2896 |  2904 | 1.00 | 1.00 |        83.2 |    75.9 |    72.0 
       ij-ikl-ljk |    216 |    204 | 44064 | 1.00 | 1.00 |        51.9 |    47.5 |    45.3 
       ij-kil-lkj |    216 |    204 | 46656 | 1.00 | 1.00 |        57.5 |    52.5 |    50.0 
       ijk-ikl-lj |  44064 |    204 |   216 | 1.00 | 1.00 |        77.5 |    67.3 |    67.2 
       ijk-il-jlk |    216 |  44064 |   204 | 1.00 | 1.00 |        70.6 |    67.6 |    66.1 
       ijk-ilk-jl |  44064 |    216 |   204 | 0.96 | 1.00 |        77.8 |    68.3 |    67.4 
       ijk-ilk-lj |  44064 |    204 |   216 | 0.96 | 1.00 |        76.8 |    66.3 |    67.0 
     ijk-ilmk-mjl |   3744 |     52 |  3744 | 0.89 | 1.00 |        56.8 |    49.0 |    46.1 
   ijkl-imjn-lnkm |   3744 |   3744 |  2704 | 0.89 | 0.92 |        82.7 |    75.6 |    71.1 
   ijkl-imjn-nlmk |   3744 |   2704 |  3744 | 0.89 | 0.92 |        83.2 |    76.6 |    71.9 
   ijkl-imkn-jnlm |   3744 |   3744 |  2704 | 0.89 | 1.00 |        80.4 |    77.6 |    70.7 
   ijkl-imkn-njml |   3744 |   2704 |  3744 | 0.89 | 0.92 |        80.4 |    76.4 |    70.2 
   ijkl-imln-jnkm |   3744 |   3744 |  2704 | 0.89 | 1.00 |        80.8 |    77.0 |    70.3 
   ijkl-imln-njmk |   3744 |   2704 |  3744 | 0.89 | 0.92 |        79.9 |    75.8 |    70.2 
   ijkl-imnj-nlkm |   3744 |   2704 |  3744 | 0.89 | 0.92 |        82.6 |    76.4 |    71.9 
   ijkl-imnk-njml |   3744 |   2704 |  3744 | 0.89 | 0.92 |        80.6 |    76.0 |    70.2 
   ijkl-minj-nlmk |   3744 |   2704 |  5184 | 0.89 | 0.92 |        82.1 |    74.1 |    70.7 
   ijkl-mink-jnlm |   3744 |   3744 |  3744 | 0.89 | 1.00 |        80.9 |    77.3 |    70.9 
   ijkl-minl-njmk |   3744 |   2704 |  5184 | 0.89 | 0.92 |        79.8 |    75.7 |    69.8 
     aqrs-pa-pqrs |     72 | 140608 |    72 | 1.00 | 1.00 |        47.0 |    48.5 |    46.3 
     abrs-qb-aqrs |     52 | 194688 |    72 | 0.89 | 1.00 |        49.9 |    44.2 |    44.1 
     abcs-rc-abrs |     52 | 194688 |    72 | 1.00 | 1.00 |        44.4 |    37.1 |    37.0 
       abj-bka-kj |  46656 |    204 |   216 | 0.96 | 1.00 |        62.4 |    53.5 |    54.7 
       ajb-kba-jk |  44064 |    216 |   216 | 0.96 | 1.00 |        81.9 |    75.6 |    74.9 
     abjc-cbka-kj | 269568 |     52 |    72 | 0.89 | 1.00 |        13.8 |    11.7 |    15.0 
     ajbc-ckba-jk | 269568 |     72 |    52 | 0.89 | 1.00 |        25.3 |    23.2 |    25.8 
     abjc-kbac-jk | 194688 |     72 |    72 | 0.89 | 1.00 |        57.3 |    50.5 |    49.8 
   abjcd-dkbac-jk | 331776 |     24 |    24 | 0.67 | 1.00 |         7.0 |     6.2 |     7.7 
   adbjc-cbdka-kj | 331776 |     24 |    24 | 0.67 | 1.00 |         4.0 |     3.4 |     3.5 
   ajbdc-ckbad-jk | 331776 |     24 |    24 | 0.67 | 1.00 |         7.1 |     6.2 |     7.6 
 abcijk-ijma-mkbc |   9216 |   4096 |    24 | 0.67 | 0.99 |        43.3 |    43.0 |    39.7 
 abcijk-ijmb-mkac |   6144 |   6144 |    24 | 1.00 | 0.75 |        45.0 |    44.4 |    40.9 
 abcijk-ijmc-mkab |   6144 |   6144 |    24 | 1.00 | 0.75 |        49.6 |    41.9 |    41.7 
 abcijk-ikma-mjbc |   9216 |   4096 |    24 | 0.67 | 0.99 |        43.4 |    43.5 |    40.0 
 abcijk-ikmb-mjac |   6144 |   6144 |    24 | 1.00 | 0.75 |        44.7 |    43.3 |    41.2 
 abcijk-ikmc-mjab |   6144 |   6144 |    24 | 1.00 | 0.75 |        50.0 |    42.2 |    42.1 
 abcijk-jkma-mibc |   9216 |   4096 |    24 | 0.67 | 0.99 |        43.5 |    43.9 |    40.1 
 abcijk-jkmb-miac |   6144 |   6144 |    24 | 1.00 | 0.75 |        45.4 |    44.2 |    41.1 
 abcijk-jkmc-miab |   6144 |   6144 |    24 | 1.00 | 0.75 |        49.8 |    42.1 |    41.8 
 abcijk-eiab-jkec |   6144 |   6144 |    24 | 1.00 | 0.75 |        48.0 |    41.2 |    41.6 
 abcijk-eiac-jkeb |   6144 |   6144 |    24 | 1.00 | 0.75 |        44.8 |    43.5 |    41.0 
 abcijk-eibc-jkea |   4096 |   9216 |    24 | 0.67 | 0.99 |        43.0 |    42.9 |    39.9 
 abcijk-ejab-ikec |   6144 |   6144 |    24 | 1.00 | 0.75 |        50.2 |    42.4 |    41.4 
 abcijk-ejac-ikeb |   6144 |   6144 |    24 | 1.00 | 0.75 |        44.7 |    44.2 |    40.8 
 abcijk-ejbc-ikea |   4096 |   9216 |    24 | 0.67 | 0.99 |        44.0 |    43.7 |    39.6 
 abcijk-ekab-ijec |   6144 |   6144 |    24 | 1.00 | 0.75 |        49.8 |    41.8 |    41.7 
 abcijk-ekac-ijeb |   6144 |   6144 |    24 | 1.00 | 0.75 |        44.3 |    43.8 |    40.7 
 abcijk-ekbc-ijea |   4096 |   9216 |    24 | 0.67 | 0.99 |        43.0 |    42.9 |    39.8 
       abc-bk-akc |    216 |  44064 |   204 | 0.96 | 1.00 |        76.9 |    68.0 |    67.3 

=== complex efficiency ratio (c64 GF/s over f64 GF/s; 1.0 = no penalty) ===
             case | planar c64/f64 | 1m c64/f64 | 3m c64/f64 
------------------+----------------+------------+------------
         ij-ik-kj |          1.144 |      1.043 |      0.989 
       ij-ikl-ljk |          1.482 |      1.356 |      1.295 
       ij-kil-lkj |          1.538 |      1.404 |      1.338 
       ijk-ikl-lj |          1.317 |      1.144 |      1.143 
       ijk-il-jlk |          1.484 |      1.420 |      1.390 
       ijk-ilk-jl |          1.264 |      1.110 |      1.095 
       ijk-ilk-lj |          1.354 |      1.168 |      1.181 
     ijk-ilmk-mjl |          1.392 |      1.200 |      1.131 
   ijkl-imjn-lnkm |          1.176 |      1.075 |      1.011 
   ijkl-imjn-nlmk |          1.185 |      1.091 |      1.024 
   ijkl-imkn-jnlm |          1.131 |      1.091 |      0.994 
   ijkl-imkn-njml |          1.140 |      1.083 |      0.996 
   ijkl-imln-jnkm |          1.135 |      1.082 |      0.987 
   ijkl-imln-njmk |          1.139 |      1.080 |      1.001 
   ijkl-imnj-nlkm |          1.184 |      1.095 |      1.030 
   ijkl-imnk-njml |          1.141 |      1.076 |      0.994 
   ijkl-minj-nlmk |          1.206 |      1.088 |      1.038 
   ijkl-mink-jnlm |          1.150 |      1.099 |      1.008 
   ijkl-minl-njmk |          1.150 |      1.090 |      1.005 
     aqrs-pa-pqrs |          1.415 |      1.460 |      1.393 
     abrs-qb-aqrs |          1.362 |      1.209 |      1.206 
     abcs-rc-abrs |          1.511 |      1.262 |      1.257 
       abj-bka-kj |          1.522 |      1.303 |      1.335 
       ajb-kba-jk |          1.293 |      1.194 |      1.183 
     abjc-cbka-kj |          1.631 |      1.382 |      1.775 
     ajbc-ckba-jk |          1.544 |      1.413 |      1.576 
     abjc-kbac-jk |          1.701 |      1.498 |      1.477 
   abjcd-dkbac-jk |          2.636 |      2.339 |      2.896 
   adbjc-cbdka-kj |          2.602 |      2.222 |      2.234 
   ajbdc-ckbad-jk |          2.616 |      2.281 |      2.802 
 abcijk-ijma-mkbc |          1.239 |      1.230 |      1.136 
 abcijk-ijmb-mkac |          1.411 |      1.392 |      1.285 
 abcijk-ijmc-mkab |          1.730 |      1.463 |      1.455 
 abcijk-ikma-mjbc |          1.241 |      1.244 |      1.142 
 abcijk-ikmb-mjac |          1.407 |      1.363 |      1.295 
 abcijk-ikmc-mjab |          1.731 |      1.461 |      1.456 
 abcijk-jkma-mibc |          1.264 |      1.275 |      1.165 
 abcijk-jkmb-miac |          1.412 |      1.377 |      1.279 
 abcijk-jkmc-miab |          1.691 |      1.431 |      1.420 
 abcijk-eiab-jkec |          1.624 |      1.394 |      1.408 
 abcijk-eiac-jkeb |          1.425 |      1.384 |      1.307 
 abcijk-eibc-jkea |          1.262 |      1.258 |      1.172 
 abcijk-ejab-ikec |          1.705 |      1.442 |      1.408 
 abcijk-ejac-ikeb |          1.406 |      1.393 |      1.285 
 abcijk-ejbc-ikea |          1.259 |      1.250 |      1.132 
 abcijk-ekab-ijec |          1.707 |      1.433 |      1.429 
 abcijk-ekac-ijeb |          1.384 |      1.367 |      1.270 
 abcijk-ekbc-ijea |          1.245 |      1.241 |      1.154 
       abc-bk-akc |          1.262 |      1.117 |      1.104 
             MEAN |          1.448 |      1.324 |      1.308 

wrote bench-results/phase4c/rb-base2-f64c64.csv
