host        : ccqlin038.flatironinstitute.org
target      : x86_64 / linux
cpu features: avx2 fma avx512f avx512dq 
baselines   : tblis=false blas=false

sweeping 49 cases at 64 MiB nominal tensor size, 3 reps, stress=none


=== f64 ===
             case |      m |      n |     k | regA | regB | planar GF/s | 1m GF/s | 3m GF/s 
------------------+--------+--------+-------+------+------+-------------+---------+---------
         ij-ik-kj |   2904 |   2896 |  2904 | 1.00 | 1.00 |        70.3 |    70.3 |    70.3 
       ij-ikl-ljk |    216 |    204 | 44064 | 1.00 | 1.00 |        35.1 |    35.1 |    35.1 
       ij-kil-lkj |    216 |    204 | 46656 | 1.00 | 1.00 |        37.6 |    37.6 |    37.6 
       ijk-ikl-lj |  44064 |    204 |   216 | 1.00 | 1.00 |        58.1 |    58.1 |    58.1 
       ijk-il-jlk |    216 |  44064 |   204 | 1.00 | 1.00 |        46.9 |    46.9 |    46.9 
       ijk-ilk-jl |  44064 |    216 |   204 | 1.00 | 1.00 |        58.7 |    58.7 |    58.7 
       ijk-ilk-lj |  44064 |    204 |   216 | 1.00 | 1.00 |        59.0 |    59.0 |    59.0 
     ijk-ilmk-mjl |   3744 |     52 |  3744 | 1.00 | 1.00 |        40.9 |    40.9 |    40.9 
   ijkl-imjn-lnkm |   3744 |   3744 |  2704 | 1.00 | 0.92 |        70.2 |    70.2 |    70.2 
   ijkl-imjn-nlmk |   3744 |   2704 |  3744 | 1.00 | 0.92 |        71.4 |    71.4 |    71.4 
   ijkl-imkn-jnlm |   3744 |   3744 |  2704 | 1.00 | 1.00 |        71.2 |    71.2 |    71.2 
   ijkl-imkn-njml |   3744 |   2704 |  3744 | 1.00 | 0.92 |        70.7 |    70.7 |    70.7 
   ijkl-imln-jnkm |   3744 |   3744 |  2704 | 1.00 | 1.00 |        70.6 |    70.6 |    70.6 
   ijkl-imln-njmk |   3744 |   2704 |  3744 | 1.00 | 0.92 |        70.0 |    70.0 |    70.0 
   ijkl-imnj-nlkm |   3744 |   2704 |  3744 | 1.00 | 0.92 |        70.5 |    70.5 |    70.5 
   ijkl-imnk-njml |   3744 |   2704 |  3744 | 1.00 | 0.92 |        69.9 |    69.9 |    69.9 
   ijkl-minj-nlmk |   3744 |   2704 |  5184 | 1.00 | 0.92 |        68.1 |    68.1 |    68.1 
   ijkl-mink-jnlm |   3744 |   3744 |  3744 | 1.00 | 1.00 |        70.2 |    70.2 |    70.2 
   ijkl-minl-njmk |   3744 |   2704 |  5184 | 1.00 | 0.92 |        69.6 |    69.6 |    69.6 
     aqrs-pa-pqrs |     72 | 140608 |    72 | 1.00 | 1.00 |        31.9 |    31.9 |    31.9 
     abrs-qb-aqrs |     52 | 194688 |    72 | 1.00 | 1.00 |        36.8 |    36.8 |    36.8 
     abcs-rc-abrs |     52 | 194688 |    72 | 1.00 | 1.00 |        29.2 |    29.2 |    29.2 
       abj-bka-kj |  46656 |    204 |   216 | 1.00 | 1.00 |        41.4 |    41.4 |    41.4 
       ajb-kba-jk |  44064 |    216 |   216 | 1.00 | 1.00 |        60.1 |    60.1 |    60.1 
     abjc-cbka-kj | 269568 |     52 |    72 | 1.00 | 1.00 |         8.5 |     8.5 |     8.5 
     ajbc-ckba-jk | 269568 |     72 |    52 | 1.00 | 1.00 |        16.0 |    16.0 |    16.0 
     abjc-kbac-jk | 194688 |     72 |    72 | 1.00 | 1.00 |        33.8 |    33.8 |    33.8 
   abjcd-dkbac-jk | 331776 |     24 |    24 | 1.00 | 1.00 |         2.7 |     2.7 |     2.7 
   adbjc-cbdka-kj | 331776 |     24 |    24 | 1.00 | 1.00 |         1.5 |     1.5 |     1.5 
   ajbdc-ckbad-jk | 331776 |     24 |    24 | 1.00 | 1.00 |         2.7 |     2.7 |     2.7 
 abcijk-ijma-mkbc |   9216 |   4096 |    24 | 1.00 | 1.00 |        34.6 |    34.6 |    34.6 
 abcijk-ijmb-mkac |   6144 |   6144 |    24 | 1.00 | 1.00 |        31.7 |    31.7 |    31.7 
 abcijk-ijmc-mkab |   6144 |   6144 |    24 | 1.00 | 1.00 |        27.4 |    27.4 |    27.4 
 abcijk-ikma-mjbc |   9216 |   4096 |    24 | 1.00 | 1.00 |        34.7 |    34.7 |    34.7 
 abcijk-ikmb-mjac |   6144 |   6144 |    24 | 1.00 | 1.00 |        31.9 |    31.9 |    31.9 
 abcijk-ikmc-mjab |   6144 |   6144 |    24 | 1.00 | 1.00 |        27.7 |    27.7 |    27.7 
 abcijk-jkma-mibc |   9216 |   4096 |    24 | 1.00 | 1.00 |        34.9 |    34.9 |    34.9 
 abcijk-jkmb-miac |   6144 |   6144 |    24 | 1.00 | 1.00 |        32.0 |    32.0 |    32.0 
 abcijk-jkmc-miab |   6144 |   6144 |    24 | 1.00 | 1.00 |        28.4 |    28.4 |    28.4 
 abcijk-eiab-jkec |   6144 |   6144 |    24 | 1.00 | 1.00 |        28.8 |    28.8 |    28.8 
 abcijk-eiac-jkeb |   6144 |   6144 |    24 | 1.00 | 1.00 |        32.5 |    32.5 |    32.5 
 abcijk-eibc-jkea |   4096 |   9216 |    24 | 1.00 | 1.00 |        34.9 |    34.9 |    34.9 
 abcijk-ejab-ikec |   6144 |   6144 |    24 | 1.00 | 1.00 |        27.8 |    27.8 |    27.8 
 abcijk-ejac-ikeb |   6144 |   6144 |    24 | 1.00 | 1.00 |        31.7 |    31.7 |    31.7 
 abcijk-ejbc-ikea |   4096 |   9216 |    24 | 1.00 | 1.00 |        34.4 |    34.4 |    34.4 
 abcijk-ekab-ijec |   6144 |   6144 |    24 | 1.00 | 1.00 |        27.8 |    27.8 |    27.8 
 abcijk-ekac-ijeb |   6144 |   6144 |    24 | 1.00 | 1.00 |        32.2 |    32.2 |    32.2 
 abcijk-ekbc-ijea |   4096 |   9216 |    24 | 1.00 | 1.00 |        34.5 |    34.5 |    34.5 
       abc-bk-akc |    216 |  44064 |   204 | 1.00 | 1.00 |        59.3 |    59.3 |    59.3 

=== c64 ===
             case |      m |      n |     k | regA | regB | planar GF/s | 1m GF/s | 3m GF/s 
------------------+--------+--------+-------+------+------+-------------+---------+---------
         ij-ik-kj |   2904 |   2896 |  2904 | 1.00 | 1.00 |        80.0 |    73.6 |    71.7 
       ij-ikl-ljk |    216 |    204 | 44064 | 1.00 | 1.00 |        51.1 |    47.5 |    45.1 
       ij-kil-lkj |    216 |    204 | 46656 | 1.00 | 1.00 |        57.2 |    53.6 |    50.1 
       ijk-ikl-lj |  44064 |    204 |   216 | 1.00 | 1.00 |        76.4 |    67.6 |    67.3 
       ijk-il-jlk |    216 |  44064 |   204 | 1.00 | 1.00 |        70.1 |    67.1 |    66.4 
       ijk-ilk-jl |  44064 |    216 |   204 | 0.96 | 1.00 |        76.9 |    67.4 |    67.3 
       ijk-ilk-lj |  44064 |    204 |   216 | 0.96 | 1.00 |        76.7 |    65.4 |    66.4 
     ijk-ilmk-mjl |   3744 |     52 |  3744 | 0.89 | 1.00 |        56.9 |    48.1 |    45.8 
   ijkl-imjn-lnkm |   3744 |   3744 |  2704 | 0.89 | 0.92 |        82.5 |    74.5 |    72.1 
   ijkl-imjn-nlmk |   3744 |   2704 |  3744 | 0.89 | 0.92 |        83.3 |    75.5 |    72.0 
   ijkl-imkn-jnlm |   3744 |   3744 |  2704 | 0.89 | 1.00 |        80.5 |    75.9 |    70.5 
   ijkl-imkn-njml |   3744 |   2704 |  3744 | 0.89 | 0.92 |        80.1 |    75.5 |    70.2 
   ijkl-imln-jnkm |   3744 |   3744 |  2704 | 0.89 | 1.00 |        80.4 |    75.0 |    70.0 
   ijkl-imln-njmk |   3744 |   2704 |  3744 | 0.89 | 0.92 |        79.7 |    74.9 |    69.6 
   ijkl-imnj-nlkm |   3744 |   2704 |  3744 | 0.89 | 0.92 |        82.7 |    74.5 |    72.1 
   ijkl-imnk-njml |   3744 |   2704 |  3744 | 0.89 | 0.92 |        79.5 |    74.7 |    70.0 
   ijkl-minj-nlmk |   3744 |   2704 |  5184 | 0.89 | 0.92 |        81.9 |    73.6 |    71.1 
   ijkl-mink-jnlm |   3744 |   3744 |  3744 | 0.89 | 1.00 |        80.4 |    75.3 |    70.8 
   ijkl-minl-njmk |   3744 |   2704 |  5184 | 0.89 | 0.92 |        80.3 |    75.0 |    70.3 
     aqrs-pa-pqrs |     72 | 140608 |    72 | 1.00 | 1.00 |        47.3 |    47.9 |    46.5 
     abrs-qb-aqrs |     52 | 194688 |    72 | 0.89 | 1.00 |        50.5 |    44.6 |    44.8 
     abcs-rc-abrs |     52 | 194688 |    72 | 1.00 | 1.00 |        44.5 |    37.6 |    37.4 
       abj-bka-kj |  46656 |    204 |   216 | 0.96 | 1.00 |        62.4 |    53.7 |    53.9 
       ajb-kba-jk |  44064 |    216 |   216 | 0.96 | 1.00 |        82.0 |    81.1 |    75.5 
     abjc-cbka-kj | 269568 |     52 |    72 | 0.89 | 1.00 |        13.7 |    11.4 |    15.1 
     ajbc-ckba-jk | 269568 |     72 |    52 | 0.89 | 1.00 |        25.3 |    23.6 |    25.9 
     abjc-kbac-jk | 194688 |     72 |    72 | 0.89 | 1.00 |        57.2 |    50.3 |    50.1 
   abjcd-dkbac-jk | 331776 |     24 |    24 | 0.67 | 1.00 |         6.9 |     6.2 |     7.6 
   adbjc-cbdka-kj | 331776 |     24 |    24 | 0.67 | 1.00 |         4.0 |     3.4 |     3.4 
   ajbdc-ckbad-jk | 331776 |     24 |    24 | 0.67 | 1.00 |         7.0 |     6.2 |     7.7 
 abcijk-ijma-mkbc |   9216 |   4096 |    24 | 0.67 | 0.99 |        41.4 |    43.7 |    39.5 
 abcijk-ijmb-mkac |   6144 |   6144 |    24 | 1.00 | 0.75 |        45.0 |    43.7 |    41.0 
 abcijk-ijmc-mkab |   6144 |   6144 |    24 | 1.00 | 0.75 |        48.2 |    41.8 |    41.9 
 abcijk-ikma-mjbc |   9216 |   4096 |    24 | 0.67 | 0.99 |        43.3 |    44.3 |    40.2 
 abcijk-ikmb-mjac |   6144 |   6144 |    24 | 1.00 | 0.75 |        44.6 |    44.0 |    40.8 
 abcijk-ikmc-mjab |   6144 |   6144 |    24 | 1.00 | 0.75 |        49.7 |    42.0 |    42.3 
 abcijk-jkma-mibc |   9216 |   4096 |    24 | 0.67 | 0.99 |        43.4 |    44.0 |    39.7 
 abcijk-jkmb-miac |   6144 |   6144 |    24 | 1.00 | 0.75 |        44.6 |    43.9 |    40.6 
 abcijk-jkmc-miab |   6144 |   6144 |    24 | 1.00 | 0.75 |        49.1 |    42.3 |    42.0 
 abcijk-eiab-jkec |   6144 |   6144 |    24 | 1.00 | 0.75 |        48.5 |    43.3 |    42.1 
 abcijk-eiac-jkeb |   6144 |   6144 |    24 | 1.00 | 0.75 |        44.9 |    44.7 |    40.0 
 abcijk-eibc-jkea |   4096 |   9216 |    24 | 0.67 | 0.99 |        43.1 |    44.8 |    39.8 
 abcijk-ejab-ikec |   6144 |   6144 |    24 | 1.00 | 0.75 |        49.1 |    42.5 |    41.1 
 abcijk-ejac-ikeb |   6144 |   6144 |    24 | 1.00 | 0.75 |        43.6 |    44.2 |    41.0 
 abcijk-ejbc-ikea |   4096 |   9216 |    24 | 0.67 | 0.99 |        43.3 |    44.4 |    40.0 
 abcijk-ekab-ijec |   6144 |   6144 |    24 | 1.00 | 0.75 |        46.9 |    41.4 |    41.5 
 abcijk-ekac-ijeb |   6144 |   6144 |    24 | 1.00 | 0.75 |        44.7 |    44.7 |    41.1 
 abcijk-ekbc-ijea |   4096 |   9216 |    24 | 0.67 | 0.99 |        43.1 |    43.1 |    40.2 
       abc-bk-akc |    216 |  44064 |   204 | 0.96 | 1.00 |        76.2 |    70.3 |    67.4 

=== complex efficiency ratio (c64 GF/s over f64 GF/s; 1.0 = no penalty) ===
             case | planar c64/f64 | 1m c64/f64 | 3m c64/f64 
------------------+----------------+------------+------------
         ij-ik-kj |          1.139 |      1.047 |      1.020 
       ij-ikl-ljk |          1.456 |      1.354 |      1.286 
       ij-kil-lkj |          1.521 |      1.427 |      1.332 
       ijk-ikl-lj |          1.317 |      1.164 |      1.160 
       ijk-il-jlk |          1.492 |      1.430 |      1.414 
       ijk-ilk-jl |          1.310 |      1.149 |      1.147 
       ijk-ilk-lj |          1.299 |      1.108 |      1.126 
     ijk-ilmk-mjl |          1.392 |      1.176 |      1.119 
   ijkl-imjn-lnkm |          1.176 |      1.062 |      1.027 
   ijkl-imjn-nlmk |          1.166 |      1.058 |      1.008 
   ijkl-imkn-jnlm |          1.130 |      1.066 |      0.991 
   ijkl-imkn-njml |          1.133 |      1.068 |      0.993 
   ijkl-imln-jnkm |          1.139 |      1.063 |      0.992 
   ijkl-imln-njmk |          1.138 |      1.071 |      0.994 
   ijkl-imnj-nlkm |          1.172 |      1.056 |      1.023 
   ijkl-imnk-njml |          1.138 |      1.070 |      1.002 
   ijkl-minj-nlmk |          1.201 |      1.080 |      1.044 
   ijkl-mink-jnlm |          1.145 |      1.073 |      1.009 
   ijkl-minl-njmk |          1.154 |      1.078 |      1.011 
     aqrs-pa-pqrs |          1.484 |      1.504 |      1.460 
     abrs-qb-aqrs |          1.375 |      1.213 |      1.220 
     abcs-rc-abrs |          1.523 |      1.286 |      1.280 
       abj-bka-kj |          1.509 |      1.298 |      1.303 
       ajb-kba-jk |          1.365 |      1.351 |      1.258 
     abjc-cbka-kj |          1.625 |      1.350 |      1.784 
     ajbc-ckba-jk |          1.587 |      1.476 |      1.622 
     abjc-kbac-jk |          1.689 |      1.487 |      1.479 
   abjcd-dkbac-jk |          2.610 |      2.315 |      2.875 
   adbjc-cbdka-kj |          2.598 |      2.241 |      2.236 
   ajbdc-ckbad-jk |          2.565 |      2.269 |      2.821 
 abcijk-ijma-mkbc |          1.196 |      1.262 |      1.142 
 abcijk-ijmb-mkac |          1.420 |      1.379 |      1.291 
 abcijk-ijmc-mkab |          1.759 |      1.527 |      1.530 
 abcijk-ikma-mjbc |          1.249 |      1.280 |      1.161 
 abcijk-ikmb-mjac |          1.400 |      1.381 |      1.282 
 abcijk-ikmc-mjab |          1.796 |      1.519 |      1.529 
 abcijk-jkma-mibc |          1.245 |      1.261 |      1.137 
 abcijk-jkmb-miac |          1.395 |      1.374 |      1.269 
 abcijk-jkmc-miab |          1.731 |      1.490 |      1.480 
 abcijk-eiab-jkec |          1.685 |      1.504 |      1.462 
 abcijk-eiac-jkeb |          1.381 |      1.377 |      1.230 
 abcijk-eibc-jkea |          1.235 |      1.284 |      1.141 
 abcijk-ejab-ikec |          1.769 |      1.531 |      1.480 
 abcijk-ejac-ikeb |          1.378 |      1.395 |      1.296 
 abcijk-ejbc-ikea |          1.260 |      1.293 |      1.165 
 abcijk-ekab-ijec |          1.690 |      1.491 |      1.493 
 abcijk-ekac-ijeb |          1.390 |      1.389 |      1.279 
 abcijk-ekbc-ijea |          1.249 |      1.247 |      1.163 
       abc-bk-akc |          1.285 |      1.185 |      1.136 
             MEAN |          1.450 |      1.338 |      1.320 

wrote bench-results/phase4c/rb-base-f64c64.csv
