host        : ccqlin038.flatironinstitute.org
target      : x86_64 / linux
cpu features: avx2 fma avx512f avx512dq 
baselines   : tblis=false blas=false

sweeping 49 cases at 64 MiB nominal tensor size, 3 reps, stress=none


=== f64 ===
             case |      m |      n |     k | regA | regB | planar GF/s | 1m GF/s | 3m GF/s 
------------------+--------+--------+-------+------+------+-------------+---------+---------
         ij-ik-kj |   2904 |   2896 |  2904 | 1.00 | 1.00 |        71.1 |    71.1 |    71.1 
       ij-ikl-ljk |    216 |    204 | 44064 | 1.00 | 1.00 |        34.9 |    34.9 |    34.9 
       ij-kil-lkj |    216 |    204 | 46656 | 1.00 | 1.00 |        38.4 |    38.4 |    38.4 
       ijk-ikl-lj |  44064 |    204 |   216 | 1.00 | 1.00 |        58.9 |    58.9 |    58.9 
       ijk-il-jlk |    216 |  44064 |   204 | 1.00 | 1.00 |        46.8 |    46.8 |    46.8 
       ijk-ilk-jl |  44064 |    216 |   204 | 1.00 | 1.00 |        64.0 |    64.0 |    64.0 
       ijk-ilk-lj |  44064 |    204 |   216 | 1.00 | 1.00 |        57.4 |    57.4 |    57.4 
     ijk-ilmk-mjl |   3744 |     52 |  3744 | 1.00 | 1.00 |        41.3 |    41.3 |    41.3 
   ijkl-imjn-lnkm |   3744 |   3744 |  2704 | 1.00 | 0.92 |        70.8 |    70.8 |    70.8 
   ijkl-imjn-nlmk |   3744 |   2704 |  3744 | 1.00 | 0.92 |        71.2 |    71.2 |    71.2 
   ijkl-imkn-jnlm |   3744 |   3744 |  2704 | 1.00 | 1.00 |        71.1 |    71.1 |    71.1 
   ijkl-imkn-njml |   3744 |   2704 |  3744 | 1.00 | 0.92 |        70.6 |    70.6 |    70.6 
   ijkl-imln-jnkm |   3744 |   3744 |  2704 | 1.00 | 1.00 |        71.5 |    71.5 |    71.5 
   ijkl-imln-njmk |   3744 |   2704 |  3744 | 1.00 | 0.92 |        72.8 |    72.8 |    72.8 
   ijkl-imnj-nlkm |   3744 |   2704 |  3744 | 1.00 | 0.92 |        71.1 |    71.1 |    71.1 
   ijkl-imnk-njml |   3744 |   2704 |  3744 | 1.00 | 0.92 |        70.7 |    70.7 |    70.7 
   ijkl-minj-nlmk |   3744 |   2704 |  5184 | 1.00 | 0.92 |        69.1 |    69.1 |    69.1 
   ijkl-mink-jnlm |   3744 |   3744 |  3744 | 1.00 | 1.00 |        70.9 |    70.9 |    70.9 
   ijkl-minl-njmk |   3744 |   2704 |  5184 | 1.00 | 0.92 |        70.7 |    70.7 |    70.7 
     aqrs-pa-pqrs |     72 | 140608 |    72 | 1.00 | 1.00 |        33.2 |    33.2 |    33.2 
     abrs-qb-aqrs |     52 | 194688 |    72 | 1.00 | 1.00 |        36.7 |    36.7 |    36.7 
     abcs-rc-abrs |     52 | 194688 |    72 | 1.00 | 1.00 |        29.4 |    29.4 |    29.4 
       abj-bka-kj |  46656 |    204 |   216 | 1.00 | 1.00 |        41.2 |    41.2 |    41.2 
       ajb-kba-jk |  44064 |    216 |   216 | 1.00 | 1.00 |        62.0 |    62.0 |    62.0 
     abjc-cbka-kj | 269568 |     52 |    72 | 1.00 | 1.00 |         8.4 |     8.4 |     8.4 
     ajbc-ckba-jk | 269568 |     72 |    52 | 1.00 | 1.00 |        16.4 |    16.4 |    16.4 
     abjc-kbac-jk | 194688 |     72 |    72 | 1.00 | 1.00 |        34.9 |    34.9 |    34.9 
   abjcd-dkbac-jk | 331776 |     24 |    24 | 1.00 | 1.00 |         2.7 |     2.7 |     2.7 
   adbjc-cbdka-kj | 331776 |     24 |    24 | 1.00 | 1.00 |         1.6 |     1.6 |     1.6 
   ajbdc-ckbad-jk | 331776 |     24 |    24 | 1.00 | 1.00 |         2.8 |     2.8 |     2.8 
 abcijk-ijma-mkbc |   9216 |   4096 |    24 | 1.00 | 1.00 |        35.1 |    35.1 |    35.1 
 abcijk-ijmb-mkac |   6144 |   6144 |    24 | 1.00 | 1.00 |        32.0 |    32.0 |    32.0 
 abcijk-ijmc-mkab |   6144 |   6144 |    24 | 1.00 | 1.00 |        27.8 |    27.8 |    27.8 
 abcijk-ikma-mjbc |   9216 |   4096 |    24 | 1.00 | 1.00 |        34.9 |    34.9 |    34.9 
 abcijk-ikmb-mjac |   6144 |   6144 |    24 | 1.00 | 1.00 |        32.6 |    32.6 |    32.6 
 abcijk-ikmc-mjab |   6144 |   6144 |    24 | 1.00 | 1.00 |        27.7 |    27.7 |    27.7 
 abcijk-jkma-mibc |   9216 |   4096 |    24 | 1.00 | 1.00 |        33.9 |    33.9 |    33.9 
 abcijk-jkmb-miac |   6144 |   6144 |    24 | 1.00 | 1.00 |        32.1 |    32.1 |    32.1 
 abcijk-jkmc-miab |   6144 |   6144 |    24 | 1.00 | 1.00 |        28.8 |    28.8 |    28.8 
 abcijk-eiab-jkec |   6144 |   6144 |    24 | 1.00 | 1.00 |        29.1 |    29.1 |    29.1 
 abcijk-eiac-jkeb |   6144 |   6144 |    24 | 1.00 | 1.00 |        32.1 |    32.1 |    32.1 
 abcijk-eibc-jkea |   4096 |   9216 |    24 | 1.00 | 1.00 |        34.9 |    34.9 |    34.9 
 abcijk-ejab-ikec |   6144 |   6144 |    24 | 1.00 | 1.00 |        27.6 |    27.6 |    27.6 
 abcijk-ejac-ikeb |   6144 |   6144 |    24 | 1.00 | 1.00 |        32.1 |    32.1 |    32.1 
 abcijk-ejbc-ikea |   4096 |   9216 |    24 | 1.00 | 1.00 |        35.1 |    35.1 |    35.1 
 abcijk-ekab-ijec |   6144 |   6144 |    24 | 1.00 | 1.00 |        27.3 |    27.3 |    27.3 
 abcijk-ekac-ijeb |   6144 |   6144 |    24 | 1.00 | 1.00 |        32.2 |    32.2 |    32.2 
 abcijk-ekbc-ijea |   4096 |   9216 |    24 | 1.00 | 1.00 |        34.9 |    34.9 |    34.9 
       abc-bk-akc |    216 |  44064 |   204 | 1.00 | 1.00 |        61.0 |    61.0 |    61.0 

=== c64 ===
             case |      m |      n |     k | regA | regB | planar GF/s | 1m GF/s | 3m GF/s 
------------------+--------+--------+-------+------+------+-------------+---------+---------
         ij-ik-kj |   2904 |   2896 |  2904 | 1.00 | 1.00 |        80.7 |    75.7 |    71.8 
       ij-ikl-ljk |    216 |    204 | 44064 | 1.00 | 1.00 |        51.0 |    47.4 |    44.6 
       ij-kil-lkj |    216 |    204 | 46656 | 1.00 | 1.00 |        57.5 |    51.7 |    49.6 
       ijk-ikl-lj |  44064 |    204 |   216 | 1.00 | 1.00 |        77.5 |    66.5 |    66.8 
       ijk-il-jlk |    216 |  44064 |   204 | 1.00 | 1.00 |        70.4 |    64.4 |    64.1 
       ijk-ilk-jl |  44064 |    216 |   204 | 0.96 | 1.00 |        77.1 |    67.6 |    65.2 
       ijk-ilk-lj |  44064 |    204 |   216 | 0.96 | 1.00 |        76.6 |    65.8 |    66.4 
     ijk-ilmk-mjl |   3744 |     52 |  3744 | 0.89 | 1.00 |        57.0 |    49.3 |    45.0 
   ijkl-imjn-lnkm |   3744 |   3744 |  2704 | 0.89 | 0.92 |        82.7 |    75.6 |    72.2 
   ijkl-imjn-nlmk |   3744 |   2704 |  3744 | 0.89 | 0.92 |        83.4 |    77.0 |    72.4 
   ijkl-imkn-jnlm |   3744 |   3744 |  2704 | 0.89 | 1.00 |        80.8 |    76.6 |    71.0 
   ijkl-imkn-njml |   3744 |   2704 |  3744 | 0.89 | 0.92 |        80.4 |    76.5 |    71.0 
   ijkl-imln-jnkm |   3744 |   3744 |  2704 | 0.89 | 1.00 |        81.0 |    78.1 |    71.3 
   ijkl-imln-njmk |   3744 |   2704 |  3744 | 0.89 | 0.92 |        80.4 |    76.0 |    70.8 
   ijkl-imnj-nlkm |   3744 |   2704 |  3744 | 0.89 | 0.92 |        83.5 |    77.2 |    72.9 
   ijkl-imnk-njml |   3744 |   2704 |  3744 | 0.89 | 0.92 |        80.8 |    76.7 |    70.9 
   ijkl-minj-nlmk |   3744 |   2704 |  5184 | 0.89 | 0.92 |        82.9 |    75.1 |    71.9 
   ijkl-mink-jnlm |   3744 |   3744 |  3744 | 0.89 | 1.00 |        81.1 |    76.9 |    71.5 
   ijkl-minl-njmk |   3744 |   2704 |  5184 | 0.89 | 0.92 |        80.9 |    75.9 |    70.9 
     aqrs-pa-pqrs |     72 | 140608 |    72 | 1.00 | 1.00 |        47.2 |    48.8 |    46.7 
     abrs-qb-aqrs |     52 | 194688 |    72 | 0.89 | 1.00 |        50.3 |    45.1 |    44.1 
     abcs-rc-abrs |     52 | 194688 |    72 | 1.00 | 1.00 |        43.9 |    37.3 |    37.2 
       abj-bka-kj |  46656 |    204 |   216 | 0.96 | 1.00 |        62.1 |    55.3 |    54.9 
       ajb-kba-jk |  44064 |    216 |   216 | 0.96 | 1.00 |        81.8 |    78.0 |    75.0 
     abjc-cbka-kj | 269568 |     52 |    72 | 0.89 | 1.00 |        13.7 |    11.7 |    15.2 
     ajbc-ckba-jk | 269568 |     72 |    52 | 0.89 | 1.00 |        25.2 |    23.6 |    25.9 
     abjc-kbac-jk | 194688 |     72 |    72 | 0.89 | 1.00 |        57.0 |    51.5 |    50.1 
   abjcd-dkbac-jk | 331776 |     24 |    24 | 0.67 | 1.00 |         6.9 |     6.3 |     7.6 
   adbjc-cbdka-kj | 331776 |     24 |    24 | 0.67 | 1.00 |         4.0 |     3.4 |     3.5 
   ajbdc-ckbad-jk | 331776 |     24 |    24 | 0.67 | 1.00 |         7.1 |     6.2 |     7.8 
 abcijk-ijma-mkbc |   9216 |   4096 |    24 | 0.67 | 0.99 |        43.2 |    42.7 |    40.1 
 abcijk-ijmb-mkac |   6144 |   6144 |    24 | 1.00 | 0.75 |        44.9 |    43.8 |    41.2 
 abcijk-ijmc-mkab |   6144 |   6144 |    24 | 1.00 | 0.75 |        49.5 |    42.0 |    41.9 
 abcijk-ikma-mjbc |   9216 |   4096 |    24 | 0.67 | 0.99 |        43.6 |    42.6 |    39.2 
 abcijk-ikmb-mjac |   6144 |   6144 |    24 | 1.00 | 0.75 |        45.0 |    44.6 |    41.2 
 abcijk-ikmc-mjab |   6144 |   6144 |    24 | 1.00 | 0.75 |        50.0 |    41.8 |    42.0 
 abcijk-jkma-mibc |   9216 |   4096 |    24 | 0.67 | 0.99 |        43.3 |    43.7 |    40.1 
 abcijk-jkmb-miac |   6144 |   6144 |    24 | 1.00 | 0.75 |        45.3 |    44.2 |    41.3 
 abcijk-jkmc-miab |   6144 |   6144 |    24 | 1.00 | 0.75 |        49.7 |    42.4 |    42.1 
 abcijk-eiab-jkec |   6144 |   6144 |    24 | 1.00 | 0.75 |        49.4 |    42.4 |    42.1 
 abcijk-eiac-jkeb |   6144 |   6144 |    24 | 1.00 | 0.75 |        45.4 |    44.4 |    40.8 
 abcijk-eibc-jkea |   4096 |   9216 |    24 | 0.67 | 0.99 |        43.3 |    41.4 |    38.9 
 abcijk-ejab-ikec |   6144 |   6144 |    24 | 1.00 | 0.75 |        49.6 |    42.8 |    40.8 
 abcijk-ejac-ikeb |   6144 |   6144 |    24 | 1.00 | 0.75 |        44.9 |    44.2 |    41.2 
 abcijk-ejbc-ikea |   4096 |   9216 |    24 | 0.67 | 0.99 |        42.7 |    42.4 |    40.1 
 abcijk-ekab-ijec |   6144 |   6144 |    24 | 1.00 | 0.75 |        49.8 |    42.2 |    41.8 
 abcijk-ekac-ijeb |   6144 |   6144 |    24 | 1.00 | 0.75 |        44.5 |    44.2 |    41.0 
 abcijk-ekbc-ijea |   4096 |   9216 |    24 | 0.67 | 0.99 |        43.3 |    42.2 |    40.2 
       abc-bk-akc |    216 |  44064 |   204 | 0.96 | 1.00 |        76.2 |    67.3 |    67.1 

=== complex efficiency ratio (c64 GF/s over f64 GF/s; 1.0 = no penalty) ===
             case | planar c64/f64 | 1m c64/f64 | 3m c64/f64 
------------------+----------------+------------+------------
         ij-ik-kj |          1.135 |      1.064 |      1.010 
       ij-ikl-ljk |          1.462 |      1.359 |      1.279 
       ij-kil-lkj |          1.498 |      1.346 |      1.293 
       ijk-ikl-lj |          1.316 |      1.128 |      1.133 
       ijk-il-jlk |          1.505 |      1.377 |      1.372 
       ijk-ilk-jl |          1.205 |      1.057 |      1.019 
       ijk-ilk-lj |          1.334 |      1.145 |      1.157 
     ijk-ilmk-mjl |          1.380 |      1.195 |      1.091 
   ijkl-imjn-lnkm |          1.168 |      1.069 |      1.020 
   ijkl-imjn-nlmk |          1.172 |      1.082 |      1.016 
   ijkl-imkn-jnlm |          1.137 |      1.077 |      0.999 
   ijkl-imkn-njml |          1.139 |      1.084 |      1.006 
   ijkl-imln-jnkm |          1.133 |      1.093 |      0.997 
   ijkl-imln-njmk |          1.104 |      1.044 |      0.972 
   ijkl-imnj-nlkm |          1.176 |      1.086 |      1.025 
   ijkl-imnk-njml |          1.142 |      1.085 |      1.002 
   ijkl-minj-nlmk |          1.200 |      1.087 |      1.040 
   ijkl-mink-jnlm |          1.144 |      1.085 |      1.008 
   ijkl-minl-njmk |          1.145 |      1.074 |      1.003 
     aqrs-pa-pqrs |          1.422 |      1.470 |      1.407 
     abrs-qb-aqrs |          1.369 |      1.229 |      1.202 
     abcs-rc-abrs |          1.495 |      1.271 |      1.267 
       abj-bka-kj |          1.509 |      1.342 |      1.334 
       ajb-kba-jk |          1.320 |      1.259 |      1.210 
     abjc-cbka-kj |          1.631 |      1.384 |      1.803 
     ajbc-ckba-jk |          1.542 |      1.443 |      1.583 
     abjc-kbac-jk |          1.631 |      1.475 |      1.433 
   abjcd-dkbac-jk |          2.578 |      2.326 |      2.842 
   adbjc-cbdka-kj |          2.584 |      2.159 |      2.219 
   ajbdc-ckbad-jk |          2.599 |      2.255 |      2.826 
 abcijk-ijma-mkbc |          1.233 |      1.216 |      1.144 
 abcijk-ijmb-mkac |          1.401 |      1.369 |      1.286 
 abcijk-ijmc-mkab |          1.780 |      1.510 |      1.506 
 abcijk-ikma-mjbc |          1.249 |      1.220 |      1.124 
 abcijk-ikmb-mjac |          1.380 |      1.367 |      1.263 
 abcijk-ikmc-mjab |          1.803 |      1.507 |      1.516 
 abcijk-jkma-mibc |          1.275 |      1.287 |      1.182 
 abcijk-jkmb-miac |          1.409 |      1.374 |      1.285 
 abcijk-jkmc-miab |          1.726 |      1.473 |      1.459 
 abcijk-eiab-jkec |          1.700 |      1.458 |      1.448 
 abcijk-eiac-jkeb |          1.416 |      1.384 |      1.273 
 abcijk-eibc-jkea |          1.240 |      1.186 |      1.114 
 abcijk-ejab-ikec |          1.799 |      1.554 |      1.480 
 abcijk-ejac-ikeb |          1.397 |      1.374 |      1.282 
 abcijk-ejbc-ikea |          1.218 |      1.209 |      1.145 
 abcijk-ekab-ijec |          1.825 |      1.546 |      1.531 
 abcijk-ekac-ijeb |          1.384 |      1.373 |      1.275 
 abcijk-ekbc-ijea |          1.240 |      1.209 |      1.153 
       abc-bk-akc |          1.250 |      1.103 |      1.100 
             MEAN |          1.447 |      1.324 |      1.309 

wrote bench-results/phase4c/v-base-f64c64.csv
