host        : worker5040
target      : x86_64 / linux
cpu features: avx2 fma 
caches      : L1=32KiB/8-way/1sh L2=512KiB/8-way/1sh L3=16384KiB/16-way/4sh (via sysfs), blocking=legacy
baselines   : tblis=false blas=false

sweeping 49 cases at 64 MiB nominal tensor size, 3 reps, stress=none


=== f64 ===
             case |      m |      n |     k | regA | regB | planar GF/s | 1m GF/s | 3m GF/s 
------------------+--------+--------+-------+------+------+-------------+---------+---------
         ij-ik-kj |   2904 |   2896 |  2904 | 1.00 | 1.00 |        40.6 |    40.6 |    40.6 
       ij-ikl-ljk |    216 |    204 | 44064 | 1.00 | 1.00 |        31.3 |    31.3 |    31.3 
       ij-kil-lkj |    216 |    204 | 46656 | 1.00 | 1.00 |        31.7 |    31.7 |    31.7 
       ijk-ikl-lj |  44064 |    204 |   216 | 1.00 | 1.00 |        31.9 |    31.9 |    31.9 
       ijk-il-jlk |    216 |  44064 |   204 | 1.00 | 1.00 |        33.4 |    33.4 |    33.4 
       ijk-ilk-jl |  44064 |    216 |   204 | 1.00 | 1.00 |        38.8 |    38.8 |    38.8 
       ijk-ilk-lj |  44064 |    204 |   216 | 1.00 | 1.00 |        38.6 |    38.6 |    38.6 
     ijk-ilmk-mjl |   3744 |     52 |  3744 | 1.00 | 1.00 |        28.2 |    28.2 |    28.2 
   ijkl-imjn-lnkm |   3744 |   3744 |  2704 | 1.00 | 0.92 |        40.7 |    40.7 |    40.7 
   ijkl-imjn-nlmk |   3744 |   2704 |  3744 | 1.00 | 0.92 |        40.8 |    40.8 |    40.8 
   ijkl-imkn-jnlm |   3744 |   3744 |  2704 | 1.00 | 1.00 |        39.3 |    39.3 |    39.3 
   ijkl-imkn-njml |   3744 |   2704 |  3744 | 1.00 | 0.92 |        39.1 |    39.1 |    39.1 
   ijkl-imln-jnkm |   3744 |   3744 |  2704 | 1.00 | 1.00 |        39.1 |    39.1 |    39.1 
   ijkl-imln-njmk |   3744 |   2704 |  3744 | 1.00 | 0.92 |        39.1 |    39.1 |    39.1 
   ijkl-imnj-nlkm |   3744 |   2704 |  3744 | 1.00 | 0.92 |        40.9 |    40.9 |    40.9 
   ijkl-imnk-njml |   3744 |   2704 |  3744 | 1.00 | 0.92 |        39.2 |    39.2 |    39.2 
   ijkl-minj-nlmk |   3744 |   2704 |  5184 | 1.00 | 0.92 |        40.0 |    40.0 |    40.0 
   ijkl-mink-jnlm |   3744 |   3744 |  3744 | 1.00 | 1.00 |        38.9 |    38.9 |    38.9 
   ijkl-minl-njmk |   3744 |   2704 |  5184 | 1.00 | 0.92 |        38.7 |    38.7 |    38.7 
     aqrs-pa-pqrs |     72 | 140608 |    72 | 1.00 | 1.00 |        24.2 |    24.2 |    24.2 
     abrs-qb-aqrs |     52 | 194688 |    72 | 1.00 | 1.00 |        23.9 |    23.9 |    23.9 
     abcs-rc-abrs |     52 | 194688 |    72 | 1.00 | 1.00 |        22.1 |    22.1 |    22.1 
       abj-bka-kj |  46656 |    204 |   216 | 1.00 | 1.00 |        35.6 |    35.6 |    35.6 
       ajb-kba-jk |  44064 |    216 |   216 | 1.00 | 1.00 |        40.3 |    40.3 |    40.3 
     abjc-cbka-kj | 269568 |     52 |    72 | 1.00 | 1.00 |        10.4 |    10.4 |    10.4 
     ajbc-ckba-jk | 269568 |     72 |    52 | 1.00 | 1.00 |        17.4 |    17.4 |    17.4 
     abjc-kbac-jk | 194688 |     72 |    72 | 1.00 | 1.00 |        30.5 |    30.5 |    30.5 
   abjcd-dkbac-jk | 331776 |     24 |    24 | 1.00 | 1.00 |         5.0 |     5.0 |     5.0 
   adbjc-cbdka-kj | 331776 |     24 |    24 | 1.00 | 1.00 |         4.2 |     4.2 |     4.2 
   ajbdc-ckbad-jk | 331776 |     24 |    24 | 1.00 | 1.00 |         4.7 |     4.7 |     4.7 
 abcijk-ijma-mkbc |   9216 |   4096 |    24 | 1.00 | 0.99 |        21.3 |    21.3 |    21.3 
 abcijk-ijmb-mkac |   6144 |   6144 |    24 | 1.00 | 0.75 |        19.0 |    19.0 |    19.0 
 abcijk-ijmc-mkab |   6144 |   6144 |    24 | 1.00 | 0.75 |        23.8 |    23.8 |    23.8 
 abcijk-ikma-mjbc |   9216 |   4096 |    24 | 1.00 | 0.99 |        21.4 |    21.4 |    21.4 
 abcijk-ikmb-mjac |   6144 |   6144 |    24 | 1.00 | 0.75 |        18.8 |    18.8 |    18.8 
 abcijk-ikmc-mjab |   6144 |   6144 |    24 | 1.00 | 0.75 |        23.8 |    23.8 |    23.8 
 abcijk-jkma-mibc |   9216 |   4096 |    24 | 1.00 | 0.99 |        21.6 |    21.6 |    21.6 
 abcijk-jkmb-miac |   6144 |   6144 |    24 | 1.00 | 0.75 |        18.3 |    18.3 |    18.3 
 abcijk-jkmc-miab |   6144 |   6144 |    24 | 1.00 | 0.75 |        21.4 |    21.4 |    21.4 
 abcijk-eiab-jkec |   6144 |   6144 |    24 | 1.00 | 0.75 |        21.7 |    21.7 |    21.7 
 abcijk-eiac-jkeb |   6144 |   6144 |    24 | 1.00 | 0.75 |        18.3 |    18.3 |    18.3 
 abcijk-eibc-jkea |   4096 |   9216 |    24 | 1.00 | 0.99 |        21.5 |    21.5 |    21.5 
 abcijk-ejab-ikec |   6144 |   6144 |    24 | 1.00 | 0.75 |        23.6 |    23.6 |    23.6 
 abcijk-ejac-ikeb |   6144 |   6144 |    24 | 1.00 | 0.75 |        18.7 |    18.7 |    18.7 
 abcijk-ejbc-ikea |   4096 |   9216 |    24 | 1.00 | 0.99 |        21.2 |    21.2 |    21.2 
 abcijk-ekab-ijec |   6144 |   6144 |    24 | 1.00 | 0.75 |        23.5 |    23.5 |    23.5 
 abcijk-ekac-ijeb |   6144 |   6144 |    24 | 1.00 | 0.75 |        18.7 |    18.7 |    18.7 
 abcijk-ekbc-ijea |   4096 |   9216 |    24 | 1.00 | 0.99 |        21.2 |    21.2 |    21.2 
       abc-bk-akc |    216 |  44064 |   204 | 1.00 | 1.00 |        38.9 |    38.9 |    38.9 

=== c64 ===
             case |      m |      n |     k | regA | regB | planar GF/s | 1m GF/s | 3m GF/s 
------------------+--------+--------+-------+------+------+-------------+---------+---------
         ij-ik-kj |   2904 |   2896 |  2904 | 1.00 | 1.00 |        43.0 |    43.2 |    41.6 
       ij-ikl-ljk |    216 |    204 | 44064 | 1.00 | 1.00 |        38.5 |    39.8 |    35.3 
       ij-kil-lkj |    216 |    204 | 46656 | 1.00 | 1.00 |        38.6 |    39.4 |    38.7 
       ijk-ikl-lj |  44064 |    204 |   216 | 1.00 | 1.00 |        39.9 |    39.8 |    39.3 
       ijk-il-jlk |    216 |  44064 |   204 | 1.00 | 0.98 |        41.6 |    43.6 |    38.8 
       ijk-ilk-jl |  44064 |    216 |   204 | 1.00 | 1.00 |        42.3 |    44.5 |    40.0 
       ijk-ilk-lj |  44064 |    204 |   216 | 1.00 | 1.00 |        42.5 |    44.8 |    38.8 
     ijk-ilmk-mjl |   3744 |     52 |  3744 | 1.00 | 1.00 |        34.1 |    34.6 |    28.5 
   ijkl-imjn-lnkm |   3744 |   3744 |  2704 | 1.00 | 0.92 |        43.2 |    45.0 |    41.3 
   ijkl-imjn-nlmk |   3744 |   2704 |  3744 | 1.00 | 0.92 |        43.5 |    45.2 |    41.4 
   ijkl-imkn-jnlm |   3744 |   3744 |  2704 | 1.00 | 0.95 |        42.7 |    43.8 |    39.9 
   ijkl-imkn-njml |   3744 |   2704 |  3744 | 1.00 | 0.92 |        43.2 |    44.0 |    41.0 
   ijkl-imln-jnkm |   3744 |   3744 |  2704 | 1.00 | 0.95 |        43.1 |    43.9 |    41.0 
   ijkl-imln-njmk |   3744 |   2704 |  3744 | 1.00 | 0.92 |        43.1 |    43.9 |    41.1 
   ijkl-imnj-nlkm |   3744 |   2704 |  3744 | 1.00 | 0.92 |        43.9 |    45.0 |    42.6 
   ijkl-imnk-njml |   3744 |   2704 |  3744 | 1.00 | 0.92 |        43.2 |    43.8 |    41.1 
   ijkl-minj-nlmk |   3744 |   2704 |  5184 | 1.00 | 0.92 |        43.4 |    44.4 |    43.8 
   ijkl-mink-jnlm |   3744 |   3744 |  3744 | 1.00 | 0.95 |        42.9 |    43.6 |    42.3 
   ijkl-minl-njmk |   3744 |   2704 |  5184 | 1.00 | 0.92 |        42.8 |    43.3 |    42.2 
     aqrs-pa-pqrs |     72 | 140608 |    72 | 1.00 | 1.00 |        31.6 |    33.9 |    31.7 
     abrs-qb-aqrs |     52 | 194688 |    72 | 1.00 | 1.00 |        29.6 |    32.0 |    26.3 
     abcs-rc-abrs |     52 | 194688 |    72 | 1.00 | 1.00 |        29.0 |    32.2 |    30.2 
       abj-bka-kj |  46656 |    204 |   216 | 1.00 | 1.00 |        41.4 |    40.5 |    40.9 
       ajb-kba-jk |  44064 |    216 |   216 | 1.00 | 1.00 |        43.4 |    45.0 |    44.5 
     abjc-cbka-kj | 269568 |     52 |    72 | 1.00 | 1.00 |        19.0 |    17.2 |    19.2 
     ajbc-ckba-jk | 269568 |     72 |    52 | 1.00 | 1.00 |        20.8 |    19.5 |    20.7 
     abjc-kbac-jk | 194688 |     72 |    72 | 1.00 | 1.00 |        34.7 |    38.0 |    37.7 
   abjcd-dkbac-jk | 331776 |     24 |    24 | 1.00 | 1.00 |        11.1 |     9.5 |    10.6 
   adbjc-cbdka-kj | 331776 |     24 |    24 | 1.00 | 1.00 |         9.8 |     8.3 |     9.5 
   ajbdc-ckbad-jk | 331776 |     24 |    24 | 1.00 | 1.00 |        10.3 |     9.5 |    10.2 
 abcijk-ijma-mkbc |   9216 |   4096 |    24 | 1.00 | 0.99 |        25.8 |    28.9 |    25.8 
 abcijk-ijmb-mkac |   6144 |   6144 |    24 | 1.00 | 0.75 |        25.8 |    28.7 |    25.4 
 abcijk-ijmc-mkab |   6144 |   6144 |    24 | 1.00 | 0.75 |        29.2 |    33.1 |    28.4 
 abcijk-ikma-mjbc |   9216 |   4096 |    24 | 1.00 | 0.99 |        25.7 |    28.9 |    25.7 
 abcijk-ikmb-mjac |   6144 |   6144 |    24 | 1.00 | 0.75 |        25.7 |    28.6 |    25.6 
 abcijk-ikmc-mjab |   6144 |   6144 |    24 | 1.00 | 0.75 |        29.1 |    33.0 |    28.3 
 abcijk-jkma-mibc |   9216 |   4096 |    24 | 1.00 | 0.99 |        25.7 |    28.7 |    25.7 
 abcijk-jkmb-miac |   6144 |   6144 |    24 | 1.00 | 0.75 |        25.1 |    26.9 |    25.0 
 abcijk-jkmc-miab |   6144 |   6144 |    24 | 1.00 | 0.75 |        27.8 |    29.0 |    27.8 
 abcijk-eiab-jkec |   6144 |   6144 |    24 | 1.00 | 0.75 |        27.9 |    29.1 |    27.7 
 abcijk-eiac-jkeb |   6144 |   6144 |    24 | 1.00 | 0.75 |        25.3 |    27.1 |    25.1 
 abcijk-eibc-jkea |   4096 |   9216 |    24 | 1.00 | 0.99 |        25.9 |    28.6 |    25.6 
 abcijk-ejab-ikec |   6144 |   6144 |    24 | 1.00 | 0.75 |        29.0 |    32.8 |    28.1 
 abcijk-ejac-ikeb |   6144 |   6144 |    24 | 1.00 | 0.75 |        25.8 |    28.2 |    25.2 
 abcijk-ejbc-ikea |   4096 |   9216 |    24 | 1.00 | 0.99 |        25.7 |    28.5 |    25.6 
 abcijk-ekab-ijec |   6144 |   6144 |    24 | 1.00 | 0.75 |        28.9 |    32.8 |    28.1 
 abcijk-ekac-ijeb |   6144 |   6144 |    24 | 1.00 | 0.75 |        25.8 |    28.4 |    25.2 
 abcijk-ekbc-ijea |   4096 |   9216 |    24 | 1.00 | 0.99 |        26.1 |    29.0 |    25.8 
       abc-bk-akc |    216 |  44064 |   204 | 1.00 | 1.00 |        42.4 |    44.4 |    40.1 

=== complex efficiency ratio (c64 GF/s over f64 GF/s; 1.0 = no penalty) ===
             case | planar c64/f64 | 1m c64/f64 | 3m c64/f64 
------------------+----------------+------------+------------
         ij-ik-kj |          1.059 |      1.064 |      1.025 
       ij-ikl-ljk |          1.232 |      1.274 |      1.129 
       ij-kil-lkj |          1.217 |      1.240 |      1.221 
       ijk-ikl-lj |          1.250 |      1.246 |      1.231 
       ijk-il-jlk |          1.243 |      1.303 |      1.161 
       ijk-ilk-jl |          1.088 |      1.146 |      1.031 
       ijk-ilk-lj |          1.100 |      1.160 |      1.005 
     ijk-ilmk-mjl |          1.210 |      1.228 |      1.012 
   ijkl-imjn-lnkm |          1.060 |      1.106 |      1.014 
   ijkl-imjn-nlmk |          1.066 |      1.108 |      1.016 
   ijkl-imkn-jnlm |          1.087 |      1.115 |      1.016 
   ijkl-imkn-njml |          1.104 |      1.124 |      1.048 
   ijkl-imln-jnkm |          1.102 |      1.124 |      1.050 
   ijkl-imln-njmk |          1.103 |      1.123 |      1.051 
   ijkl-imnj-nlkm |          1.072 |      1.101 |      1.041 
   ijkl-imnk-njml |          1.101 |      1.116 |      1.047 
   ijkl-minj-nlmk |          1.084 |      1.108 |      1.092 
   ijkl-mink-jnlm |          1.103 |      1.120 |      1.088 
   ijkl-minl-njmk |          1.104 |      1.119 |      1.089 
     aqrs-pa-pqrs |          1.307 |      1.401 |      1.309 
     abrs-qb-aqrs |          1.238 |      1.339 |      1.102 
     abcs-rc-abrs |          1.312 |      1.457 |      1.368 
       abj-bka-kj |          1.165 |      1.140 |      1.149 
       ajb-kba-jk |          1.079 |      1.119 |      1.105 
     abjc-cbka-kj |          1.832 |      1.651 |      1.850 
     ajbc-ckba-jk |          1.191 |      1.117 |      1.184 
     abjc-kbac-jk |          1.137 |      1.244 |      1.236 
   abjcd-dkbac-jk |          2.207 |      1.900 |      2.122 
   adbjc-cbdka-kj |          2.338 |      1.965 |      2.263 
   ajbdc-ckbad-jk |          2.185 |      2.007 |      2.164 
 abcijk-ijma-mkbc |          1.213 |      1.356 |      1.211 
 abcijk-ijmb-mkac |          1.362 |      1.512 |      1.336 
 abcijk-ijmc-mkab |          1.227 |      1.391 |      1.193 
 abcijk-ikma-mjbc |          1.202 |      1.349 |      1.200 
 abcijk-ikmb-mjac |          1.365 |      1.520 |      1.357 
 abcijk-ikmc-mjab |          1.225 |      1.391 |      1.189 
 abcijk-jkma-mibc |          1.190 |      1.329 |      1.192 
 abcijk-jkmb-miac |          1.370 |      1.466 |      1.365 
 abcijk-jkmc-miab |          1.304 |      1.356 |      1.299 
 abcijk-eiab-jkec |          1.291 |      1.346 |      1.278 
 abcijk-eiac-jkeb |          1.380 |      1.477 |      1.370 
 abcijk-eibc-jkea |          1.203 |      1.327 |      1.188 
 abcijk-ejab-ikec |          1.228 |      1.390 |      1.190 
 abcijk-ejac-ikeb |          1.375 |      1.504 |      1.346 
 abcijk-ejbc-ikea |          1.212 |      1.341 |      1.206 
 abcijk-ekab-ijec |          1.229 |      1.396 |      1.195 
 abcijk-ekac-ijeb |          1.374 |      1.513 |      1.344 
 abcijk-ekbc-ijea |          1.231 |      1.370 |      1.219 
       abc-bk-akc |          1.090 |      1.144 |      1.031 
             MEAN |          1.274 |      1.321 |      1.244 

wrote bench-results/worker5040-zen2/placement/p00.csv
