host        : worker5040
target      : x86_64 / linux
cpu features: avx2 fma 
caches      : L1=32KiB/8-way/1sh L2=512KiB/8-way/1sh L3=16384KiB/16-way/4sh (via sysfs), blocking=legacy
baselines   : tblis=false blas=false

sweeping 49 cases at 64 MiB nominal tensor size, 3 reps, stress=none


=== f64 ===
             case |      m |      n |     k | regA | regB | planar GF/s | 1m GF/s | 3m GF/s 
------------------+--------+--------+-------+------+------+-------------+---------+---------
         ij-ik-kj |   2904 |   2896 |  2904 | 1.00 | 1.00 |        40.4 |    40.4 |    40.4 
       ij-ikl-ljk |    216 |    204 | 44064 | 1.00 | 1.00 |        32.0 |    32.0 |    32.0 
       ij-kil-lkj |    216 |    204 | 46656 | 1.00 | 1.00 |        32.3 |    32.3 |    32.3 
       ijk-ikl-lj |  44064 |    204 |   216 | 1.00 | 1.00 |        32.1 |    32.1 |    32.1 
       ijk-il-jlk |    216 |  44064 |   204 | 1.00 | 1.00 |        33.5 |    33.5 |    33.5 
       ijk-ilk-jl |  44064 |    216 |   204 | 1.00 | 1.00 |        38.9 |    38.9 |    38.9 
       ijk-ilk-lj |  44064 |    204 |   216 | 1.00 | 1.00 |        38.8 |    38.8 |    38.8 
     ijk-ilmk-mjl |   3744 |     52 |  3744 | 1.00 | 1.00 |        29.0 |    29.0 |    29.0 
   ijkl-imjn-lnkm |   3744 |   3744 |  2704 | 1.00 | 0.92 |        40.8 |    40.8 |    40.8 
   ijkl-imjn-nlmk |   3744 |   2704 |  3744 | 1.00 | 0.92 |        40.7 |    40.7 |    40.7 
   ijkl-imkn-jnlm |   3744 |   3744 |  2704 | 1.00 | 1.00 |        39.1 |    39.1 |    39.1 
   ijkl-imkn-njml |   3744 |   2704 |  3744 | 1.00 | 0.92 |        39.0 |    39.0 |    39.0 
   ijkl-imln-jnkm |   3744 |   3744 |  2704 | 1.00 | 1.00 |        39.2 |    39.2 |    39.2 
   ijkl-imln-njmk |   3744 |   2704 |  3744 | 1.00 | 0.92 |        39.3 |    39.3 |    39.3 
   ijkl-imnj-nlkm |   3744 |   2704 |  3744 | 1.00 | 0.92 |        41.0 |    41.0 |    41.0 
   ijkl-imnk-njml |   3744 |   2704 |  3744 | 1.00 | 0.92 |        39.4 |    39.4 |    39.4 
   ijkl-minj-nlmk |   3744 |   2704 |  5184 | 1.00 | 0.92 |        40.1 |    40.1 |    40.1 
   ijkl-mink-jnlm |   3744 |   3744 |  3744 | 1.00 | 1.00 |        38.7 |    38.7 |    38.7 
   ijkl-minl-njmk |   3744 |   2704 |  5184 | 1.00 | 0.92 |        38.6 |    38.6 |    38.6 
     aqrs-pa-pqrs |     72 | 140608 |    72 | 1.00 | 1.00 |        24.3 |    24.3 |    24.3 
     abrs-qb-aqrs |     52 | 194688 |    72 | 1.00 | 1.00 |        23.8 |    23.8 |    23.8 
     abcs-rc-abrs |     52 | 194688 |    72 | 1.00 | 1.00 |        22.3 |    22.3 |    22.3 
       abj-bka-kj |  46656 |    204 |   216 | 1.00 | 1.00 |        35.9 |    35.9 |    35.9 
       ajb-kba-jk |  44064 |    216 |   216 | 1.00 | 1.00 |        40.9 |    40.9 |    40.9 
     abjc-cbka-kj | 269568 |     52 |    72 | 1.00 | 1.00 |        10.6 |    10.6 |    10.6 
     ajbc-ckba-jk | 269568 |     72 |    52 | 1.00 | 1.00 |        17.7 |    17.7 |    17.7 
     abjc-kbac-jk | 194688 |     72 |    72 | 1.00 | 1.00 |        30.8 |    30.8 |    30.8 
   abjcd-dkbac-jk | 331776 |     24 |    24 | 1.00 | 1.00 |         5.0 |     5.0 |     5.0 
   adbjc-cbdka-kj | 331776 |     24 |    24 | 1.00 | 1.00 |         4.3 |     4.3 |     4.3 
   ajbdc-ckbad-jk | 331776 |     24 |    24 | 1.00 | 1.00 |         4.8 |     4.8 |     4.8 
 abcijk-ijma-mkbc |   9216 |   4096 |    24 | 1.00 | 0.99 |        21.0 |    21.0 |    21.0 
 abcijk-ijmb-mkac |   6144 |   6144 |    24 | 1.00 | 0.75 |        18.6 |    18.6 |    18.6 
 abcijk-ijmc-mkab |   6144 |   6144 |    24 | 1.00 | 0.75 |        23.6 |    23.6 |    23.6 
 abcijk-ikma-mjbc |   9216 |   4096 |    24 | 1.00 | 0.99 |        20.9 |    20.9 |    20.9 
 abcijk-ikmb-mjac |   6144 |   6144 |    24 | 1.00 | 0.75 |        18.7 |    18.7 |    18.7 
 abcijk-ikmc-mjab |   6144 |   6144 |    24 | 1.00 | 0.75 |        23.6 |    23.6 |    23.6 
 abcijk-jkma-mibc |   9216 |   4096 |    24 | 1.00 | 0.99 |        21.2 |    21.2 |    21.2 
 abcijk-jkmb-miac |   6144 |   6144 |    24 | 1.00 | 0.75 |        18.2 |    18.2 |    18.2 
 abcijk-jkmc-miab |   6144 |   6144 |    24 | 1.00 | 0.75 |        21.3 |    21.3 |    21.3 
 abcijk-eiab-jkec |   6144 |   6144 |    24 | 1.00 | 0.75 |        21.0 |    21.0 |    21.0 
 abcijk-eiac-jkeb |   6144 |   6144 |    24 | 1.00 | 0.75 |        18.0 |    18.0 |    18.0 
 abcijk-eibc-jkea |   4096 |   9216 |    24 | 1.00 | 0.99 |        21.2 |    21.2 |    21.2 
 abcijk-ejab-ikec |   6144 |   6144 |    24 | 1.00 | 0.75 |        23.4 |    23.4 |    23.4 
 abcijk-ejac-ikeb |   6144 |   6144 |    24 | 1.00 | 0.75 |        18.5 |    18.5 |    18.5 
 abcijk-ejbc-ikea |   4096 |   9216 |    24 | 1.00 | 0.99 |        20.9 |    20.9 |    20.9 
 abcijk-ekab-ijec |   6144 |   6144 |    24 | 1.00 | 0.75 |        23.4 |    23.4 |    23.4 
 abcijk-ekac-ijeb |   6144 |   6144 |    24 | 1.00 | 0.75 |        18.5 |    18.5 |    18.5 
 abcijk-ekbc-ijea |   4096 |   9216 |    24 | 1.00 | 0.99 |        20.9 |    20.9 |    20.9 
       abc-bk-akc |    216 |  44064 |   204 | 1.00 | 1.00 |        39.1 |    39.1 |    39.1 

=== c64 ===
             case |      m |      n |     k | regA | regB | planar GF/s | 1m GF/s | 3m GF/s 
------------------+--------+--------+-------+------+------+-------------+---------+---------
         ij-ik-kj |   2904 |   2896 |  2904 | 1.00 | 1.00 |        42.7 |    43.2 |    41.4 
       ij-ikl-ljk |    216 |    204 | 44064 | 1.00 | 1.00 |        38.9 |    40.0 |    35.3 
       ij-kil-lkj |    216 |    204 | 46656 | 1.00 | 1.00 |        38.7 |    39.4 |    38.3 
       ijk-ikl-lj |  44064 |    204 |   216 | 1.00 | 1.00 |        39.4 |    41.3 |    38.7 
       ijk-il-jlk |    216 |  44064 |   204 | 1.00 | 0.98 |        41.3 |    43.7 |    38.4 
       ijk-ilk-jl |  44064 |    216 |   204 | 1.00 | 1.00 |        42.3 |    44.8 |    39.9 
       ijk-ilk-lj |  44064 |    204 |   216 | 1.00 | 1.00 |        42.8 |    44.6 |    39.6 
     ijk-ilmk-mjl |   3744 |     52 |  3744 | 1.00 | 1.00 |        34.5 |    35.0 |    28.8 
   ijkl-imjn-lnkm |   3744 |   3744 |  2704 | 1.00 | 0.92 |        43.4 |    44.4 |    41.7 
   ijkl-imjn-nlmk |   3744 |   2704 |  3744 | 1.00 | 0.92 |        43.7 |    44.6 |    41.7 
   ijkl-imkn-jnlm |   3744 |   3744 |  2704 | 1.00 | 0.95 |        42.9 |    43.2 |    40.2 
   ijkl-imkn-njml |   3744 |   2704 |  3744 | 1.00 | 0.92 |        43.1 |    43.9 |    40.9 
   ijkl-imln-jnkm |   3744 |   3744 |  2704 | 1.00 | 0.95 |        43.0 |    43.9 |    41.0 
   ijkl-imln-njmk |   3744 |   2704 |  3744 | 1.00 | 0.92 |        43.1 |    44.0 |    41.0 
   ijkl-imnj-nlkm |   3744 |   2704 |  3744 | 1.00 | 0.92 |        43.9 |    45.1 |    42.6 
   ijkl-imnk-njml |   3744 |   2704 |  3744 | 1.00 | 0.92 |        43.1 |    44.0 |    41.0 
   ijkl-minj-nlmk |   3744 |   2704 |  5184 | 1.00 | 0.92 |        43.4 |    44.4 |    43.5 
   ijkl-mink-jnlm |   3744 |   3744 |  3744 | 1.00 | 0.95 |        42.8 |    43.5 |    42.1 
   ijkl-minl-njmk |   3744 |   2704 |  5184 | 1.00 | 0.92 |        42.6 |    43.1 |    41.8 
     aqrs-pa-pqrs |     72 | 140608 |    72 | 1.00 | 1.00 |        31.8 |    34.1 |    31.8 
     abrs-qb-aqrs |     52 | 194688 |    72 | 1.00 | 1.00 |        29.8 |    31.8 |    26.6 
     abcs-rc-abrs |     52 | 194688 |    72 | 1.00 | 1.00 |        29.0 |    32.0 |    30.3 
       abj-bka-kj |  46656 |    204 |   216 | 1.00 | 1.00 |        41.6 |    40.6 |    41.5 
       ajb-kba-jk |  44064 |    216 |   216 | 1.00 | 1.00 |        43.3 |    45.3 |    44.1 
     abjc-cbka-kj | 269568 |     52 |    72 | 1.00 | 1.00 |        18.7 |    17.1 |    19.3 
     ajbc-ckba-jk | 269568 |     72 |    52 | 1.00 | 1.00 |        20.8 |    19.4 |    20.5 
     abjc-kbac-jk | 194688 |     72 |    72 | 1.00 | 1.00 |        34.9 |    38.2 |    37.7 
   abjcd-dkbac-jk | 331776 |     24 |    24 | 1.00 | 1.00 |        11.1 |    10.0 |    10.7 
   adbjc-cbdka-kj | 331776 |     24 |    24 | 1.00 | 1.00 |         9.8 |     8.7 |     9.5 
   ajbdc-ckbad-jk | 331776 |     24 |    24 | 1.00 | 1.00 |        10.4 |     9.4 |    10.1 
 abcijk-ijma-mkbc |   9216 |   4096 |    24 | 1.00 | 0.99 |        26.1 |    29.1 |    25.8 
 abcijk-ijmb-mkac |   6144 |   6144 |    24 | 1.00 | 0.75 |        26.1 |    28.8 |    25.3 
 abcijk-ijmc-mkab |   6144 |   6144 |    24 | 1.00 | 0.75 |        29.4 |    33.1 |    28.4 
 abcijk-ikma-mjbc |   9216 |   4096 |    24 | 1.00 | 0.99 |        26.1 |    29.0 |    25.7 
 abcijk-ikmb-mjac |   6144 |   6144 |    24 | 1.00 | 0.75 |        26.1 |    28.7 |    25.5 
 abcijk-ikmc-mjab |   6144 |   6144 |    24 | 1.00 | 0.75 |        29.3 |    33.1 |    28.3 
 abcijk-jkma-mibc |   9216 |   4096 |    24 | 1.00 | 0.99 |        26.0 |    28.9 |    25.7 
 abcijk-jkmb-miac |   6144 |   6144 |    24 | 1.00 | 0.75 |        25.4 |    27.3 |    25.1 
 abcijk-jkmc-miab |   6144 |   6144 |    24 | 1.00 | 0.75 |        28.2 |    28.9 |    27.6 
 abcijk-eiab-jkec |   6144 |   6144 |    24 | 1.00 | 0.75 |        28.1 |    29.0 |    27.6 
 abcijk-eiac-jkeb |   6144 |   6144 |    24 | 1.00 | 0.75 |        25.3 |    27.2 |    25.1 
 abcijk-eibc-jkea |   4096 |   9216 |    24 | 1.00 | 0.99 |        26.0 |    28.9 |    25.5 
 abcijk-ejab-ikec |   6144 |   6144 |    24 | 1.00 | 0.75 |        29.2 |    32.7 |    28.0 
 abcijk-ejac-ikeb |   6144 |   6144 |    24 | 1.00 | 0.75 |        25.9 |    28.5 |    25.3 
 abcijk-ejbc-ikea |   4096 |   9216 |    24 | 1.00 | 0.99 |        25.9 |    28.8 |    25.6 
 abcijk-ekab-ijec |   6144 |   6144 |    24 | 1.00 | 0.75 |        29.0 |    32.7 |    28.1 
 abcijk-ekac-ijeb |   6144 |   6144 |    24 | 1.00 | 0.75 |        25.8 |    28.4 |    25.2 
 abcijk-ekbc-ijea |   4096 |   9216 |    24 | 1.00 | 0.99 |        25.9 |    28.7 |    25.6 
       abc-bk-akc |    216 |  44064 |   204 | 1.00 | 1.00 |        42.0 |    44.6 |    40.5 

=== complex efficiency ratio (c64 GF/s over f64 GF/s; 1.0 = no penalty) ===
             case | planar c64/f64 | 1m c64/f64 | 3m c64/f64 
------------------+----------------+------------+------------
         ij-ik-kj |          1.057 |      1.070 |      1.025 
       ij-ikl-ljk |          1.214 |      1.250 |      1.103 
       ij-kil-lkj |          1.201 |      1.220 |      1.188 
       ijk-ikl-lj |          1.225 |      1.286 |      1.206 
       ijk-il-jlk |          1.235 |      1.305 |      1.146 
       ijk-ilk-jl |          1.087 |      1.150 |      1.025 
       ijk-ilk-lj |          1.105 |      1.150 |      1.021 
     ijk-ilmk-mjl |          1.190 |      1.207 |      0.993 
   ijkl-imjn-lnkm |          1.066 |      1.090 |      1.023 
   ijkl-imjn-nlmk |          1.073 |      1.094 |      1.023 
   ijkl-imkn-jnlm |          1.098 |      1.104 |      1.027 
   ijkl-imkn-njml |          1.104 |      1.126 |      1.048 
   ijkl-imln-jnkm |          1.097 |      1.121 |      1.046 
   ijkl-imln-njmk |          1.096 |      1.120 |      1.044 
   ijkl-imnj-nlkm |          1.070 |      1.101 |      1.039 
   ijkl-imnk-njml |          1.096 |      1.117 |      1.042 
   ijkl-minj-nlmk |          1.082 |      1.109 |      1.086 
   ijkl-mink-jnlm |          1.107 |      1.126 |      1.089 
   ijkl-minl-njmk |          1.105 |      1.119 |      1.084 
     aqrs-pa-pqrs |          1.311 |      1.406 |      1.309 
     abrs-qb-aqrs |          1.253 |      1.340 |      1.120 
     abcs-rc-abrs |          1.301 |      1.438 |      1.359 
       abj-bka-kj |          1.159 |      1.129 |      1.157 
       ajb-kba-jk |          1.060 |      1.107 |      1.079 
     abjc-cbka-kj |          1.760 |      1.606 |      1.815 
     ajbc-ckba-jk |          1.177 |      1.094 |      1.158 
     abjc-kbac-jk |          1.133 |      1.240 |      1.223 
   abjcd-dkbac-jk |          2.231 |      2.002 |      2.142 
   adbjc-cbdka-kj |          2.287 |      2.027 |      2.210 
   ajbdc-ckbad-jk |          2.174 |      1.958 |      2.114 
 abcijk-ijma-mkbc |          1.245 |      1.388 |      1.229 
 abcijk-ijmb-mkac |          1.400 |      1.544 |      1.359 
 abcijk-ijmc-mkab |          1.244 |      1.404 |      1.202 
 abcijk-ikma-mjbc |          1.250 |      1.393 |      1.233 
 abcijk-ikmb-mjac |          1.398 |      1.537 |      1.365 
 abcijk-ikmc-mjab |          1.242 |      1.403 |      1.199 
 abcijk-jkma-mibc |          1.226 |      1.365 |      1.211 
 abcijk-jkmb-miac |          1.398 |      1.500 |      1.378 
 abcijk-jkmc-miab |          1.323 |      1.358 |      1.296 
 abcijk-eiab-jkec |          1.335 |      1.381 |      1.313 
 abcijk-eiac-jkeb |          1.411 |      1.516 |      1.400 
 abcijk-eibc-jkea |          1.226 |      1.364 |      1.207 
 abcijk-ejab-ikec |          1.244 |      1.394 |      1.195 
 abcijk-ejac-ikeb |          1.399 |      1.539 |      1.366 
 abcijk-ejbc-ikea |          1.241 |      1.380 |      1.226 
 abcijk-ekab-ijec |          1.244 |      1.401 |      1.204 
 abcijk-ekac-ijeb |          1.395 |      1.536 |      1.362 
 abcijk-ekbc-ijea |          1.236 |      1.370 |      1.223 
       abc-bk-akc |          1.076 |      1.142 |      1.037 
             MEAN |          1.279 |      1.329 |      1.244 

wrote bench-results/worker5040-zen2/placement/p03.csv
