host        : worker5040
target      : x86_64 / linux
cpu features: avx2 fma 
caches      : L1=32KiB/8-way/1sh L2=512KiB/8-way/1sh L3=16384KiB/16-way/4sh (via sysfs), blocking=legacy
baselines   : tblis=false blas=false

sweeping 49 cases at 64 MiB nominal tensor size, 3 reps, stress=none


=== f64 ===
             case |      m |      n |     k | regA | regB | planar GF/s | 1m GF/s | 3m GF/s 
------------------+--------+--------+-------+------+------+-------------+---------+---------
         ij-ik-kj |   2904 |   2896 |  2904 | 1.00 | 1.00 |        41.4 |    41.4 |    41.4 
       ij-ikl-ljk |    216 |    204 | 44064 | 1.00 | 1.00 |        33.3 |    33.3 |    33.3 
       ij-kil-lkj |    216 |    204 | 46656 | 1.00 | 1.00 |        32.7 |    32.7 |    32.7 
       ijk-ikl-lj |  44064 |    204 |   216 | 1.00 | 1.00 |        33.9 |    33.9 |    33.9 
       ijk-il-jlk |    216 |  44064 |   204 | 1.00 | 1.00 |        35.1 |    35.1 |    35.1 
       ijk-ilk-jl |  44064 |    216 |   204 | 1.00 | 1.00 |        39.6 |    39.6 |    39.6 
       ijk-ilk-lj |  44064 |    204 |   216 | 1.00 | 1.00 |        40.1 |    40.1 |    40.1 
     ijk-ilmk-mjl |   3744 |     52 |  3744 | 1.00 | 1.00 |        29.7 |    29.7 |    29.7 
   ijkl-imjn-lnkm |   3744 |   3744 |  2704 | 1.00 | 0.92 |        41.8 |    41.8 |    41.8 
   ijkl-imjn-nlmk |   3744 |   2704 |  3744 | 1.00 | 0.92 |        41.6 |    41.6 |    41.6 
   ijkl-imkn-jnlm |   3744 |   3744 |  2704 | 1.00 | 1.00 |        40.2 |    40.2 |    40.2 
   ijkl-imkn-njml |   3744 |   2704 |  3744 | 1.00 | 0.92 |        39.9 |    39.9 |    39.9 
   ijkl-imln-jnkm |   3744 |   3744 |  2704 | 1.00 | 1.00 |        39.9 |    39.9 |    39.9 
   ijkl-imln-njmk |   3744 |   2704 |  3744 | 1.00 | 0.92 |        40.1 |    40.1 |    40.1 
   ijkl-imnj-nlkm |   3744 |   2704 |  3744 | 1.00 | 0.92 |        41.6 |    41.6 |    41.6 
   ijkl-imnk-njml |   3744 |   2704 |  3744 | 1.00 | 0.92 |        40.1 |    40.1 |    40.1 
   ijkl-minj-nlmk |   3744 |   2704 |  5184 | 1.00 | 0.92 |        40.8 |    40.8 |    40.8 
   ijkl-mink-jnlm |   3744 |   3744 |  3744 | 1.00 | 1.00 |        39.5 |    39.5 |    39.5 
   ijkl-minl-njmk |   3744 |   2704 |  5184 | 1.00 | 0.92 |        39.4 |    39.4 |    39.4 
     aqrs-pa-pqrs |     72 | 140608 |    72 | 1.00 | 1.00 |        24.7 |    24.7 |    24.7 
     abrs-qb-aqrs |     52 | 194688 |    72 | 1.00 | 1.00 |        24.8 |    24.8 |    24.8 
     abcs-rc-abrs |     52 | 194688 |    72 | 1.00 | 1.00 |        22.3 |    22.3 |    22.3 
       abj-bka-kj |  46656 |    204 |   216 | 1.00 | 1.00 |        35.8 |    35.8 |    35.8 
       ajb-kba-jk |  44064 |    216 |   216 | 1.00 | 1.00 |        40.6 |    40.6 |    40.6 
     abjc-cbka-kj | 269568 |     52 |    72 | 1.00 | 1.00 |        11.0 |    11.0 |    11.0 
     ajbc-ckba-jk | 269568 |     72 |    52 | 1.00 | 1.00 |        17.8 |    17.8 |    17.8 
     abjc-kbac-jk | 194688 |     72 |    72 | 1.00 | 1.00 |        31.2 |    31.2 |    31.2 
   abjcd-dkbac-jk | 331776 |     24 |    24 | 1.00 | 1.00 |         4.9 |     4.9 |     4.9 
   adbjc-cbdka-kj | 331776 |     24 |    24 | 1.00 | 1.00 |         4.0 |     4.0 |     4.0 
   ajbdc-ckbad-jk | 331776 |     24 |    24 | 1.00 | 1.00 |         4.6 |     4.6 |     4.6 
 abcijk-ijma-mkbc |   9216 |   4096 |    24 | 1.00 | 0.99 |        21.4 |    21.4 |    21.4 
 abcijk-ijmb-mkac |   6144 |   6144 |    24 | 1.00 | 0.75 |        19.0 |    19.0 |    19.0 
 abcijk-ijmc-mkab |   6144 |   6144 |    24 | 1.00 | 0.75 |        24.1 |    24.1 |    24.1 
 abcijk-ikma-mjbc |   9216 |   4096 |    24 | 1.00 | 0.99 |        21.4 |    21.4 |    21.4 
 abcijk-ikmb-mjac |   6144 |   6144 |    24 | 1.00 | 0.75 |        19.0 |    19.0 |    19.0 
 abcijk-ikmc-mjab |   6144 |   6144 |    24 | 1.00 | 0.75 |        23.9 |    23.9 |    23.9 
 abcijk-jkma-mibc |   9216 |   4096 |    24 | 1.00 | 0.99 |        21.5 |    21.5 |    21.5 
 abcijk-jkmb-miac |   6144 |   6144 |    24 | 1.00 | 0.75 |        18.3 |    18.3 |    18.3 
 abcijk-jkmc-miab |   6144 |   6144 |    24 | 1.00 | 0.75 |        22.3 |    22.3 |    22.3 
 abcijk-eiab-jkec |   6144 |   6144 |    24 | 1.00 | 0.75 |        22.2 |    22.2 |    22.2 
 abcijk-eiac-jkeb |   6144 |   6144 |    24 | 1.00 | 0.75 |        18.5 |    18.5 |    18.5 
 abcijk-eibc-jkea |   4096 |   9216 |    24 | 1.00 | 0.99 |        21.8 |    21.8 |    21.8 
 abcijk-ejab-ikec |   6144 |   6144 |    24 | 1.00 | 0.75 |        24.0 |    24.0 |    24.0 
 abcijk-ejac-ikeb |   6144 |   6144 |    24 | 1.00 | 0.75 |        18.9 |    18.9 |    18.9 
 abcijk-ejbc-ikea |   4096 |   9216 |    24 | 1.00 | 0.99 |        21.5 |    21.5 |    21.5 
 abcijk-ekab-ijec |   6144 |   6144 |    24 | 1.00 | 0.75 |        24.2 |    24.2 |    24.2 
 abcijk-ekac-ijeb |   6144 |   6144 |    24 | 1.00 | 0.75 |        19.7 |    19.7 |    19.7 
 abcijk-ekbc-ijea |   4096 |   9216 |    24 | 1.00 | 0.99 |        21.9 |    21.9 |    21.9 
       abc-bk-akc |    216 |  44064 |   204 | 1.00 | 1.00 |        40.6 |    40.6 |    40.6 

=== c64 ===
             case |      m |      n |     k | regA | regB | planar GF/s | 1m GF/s | 3m GF/s 
------------------+--------+--------+-------+------+------+-------------+---------+---------
         ij-ik-kj |   2904 |   2896 |  2904 | 1.00 | 1.00 |        43.4 |    44.0 |    43.4 
       ij-ikl-ljk |    216 |    204 | 44064 | 1.00 | 1.00 |        39.7 |    40.7 |    36.9 
       ij-kil-lkj |    216 |    204 | 46656 | 1.00 | 1.00 |        39.8 |    40.4 |    39.7 
       ijk-ikl-lj |  44064 |    204 |   216 | 1.00 | 1.00 |        41.1 |    40.2 |    40.6 
       ijk-il-jlk |    216 |  44064 |   204 | 1.00 | 0.98 |        42.5 |    44.4 |    40.3 
       ijk-ilk-jl |  44064 |    216 |   204 | 1.00 | 1.00 |        43.0 |    45.0 |    40.6 
       ijk-ilk-lj |  44064 |    204 |   216 | 1.00 | 1.00 |        43.4 |    45.5 |    40.0 
     ijk-ilmk-mjl |   3744 |     52 |  3744 | 1.00 | 1.00 |        35.7 |    35.8 |    30.2 
   ijkl-imjn-lnkm |   3744 |   3744 |  2704 | 1.00 | 0.92 |        44.0 |    45.8 |    42.4 
   ijkl-imjn-nlmk |   3744 |   2704 |  3744 | 1.00 | 0.92 |        43.9 |    45.7 |    42.2 
   ijkl-imkn-jnlm |   3744 |   3744 |  2704 | 1.00 | 0.95 |        43.3 |    44.2 |    40.9 
   ijkl-imkn-njml |   3744 |   2704 |  3744 | 1.00 | 0.92 |        43.5 |    44.3 |    41.3 
   ijkl-imln-jnkm |   3744 |   3744 |  2704 | 1.00 | 0.95 |        43.4 |    44.4 |    41.4 
   ijkl-imln-njmk |   3744 |   2704 |  3744 | 1.00 | 0.92 |        43.5 |    44.3 |    41.3 
   ijkl-imnj-nlkm |   3744 |   2704 |  3744 | 1.00 | 0.92 |        44.2 |    45.5 |    42.8 
   ijkl-imnk-njml |   3744 |   2704 |  3744 | 1.00 | 0.92 |        43.5 |    44.3 |    41.3 
   ijkl-minj-nlmk |   3744 |   2704 |  5184 | 1.00 | 0.92 |        43.7 |    44.8 |    43.8 
   ijkl-mink-jnlm |   3744 |   3744 |  3744 | 1.00 | 0.95 |        43.3 |    43.9 |    42.5 
   ijkl-minl-njmk |   3744 |   2704 |  5184 | 1.00 | 0.92 |        43.1 |    43.6 |    42.3 
     aqrs-pa-pqrs |     72 | 140608 |    72 | 1.00 | 1.00 |        32.5 |    34.7 |    32.8 
     abrs-qb-aqrs |     52 | 194688 |    72 | 1.00 | 1.00 |        30.5 |    32.9 |    27.6 
     abcs-rc-abrs |     52 | 194688 |    72 | 1.00 | 1.00 |        29.3 |    32.7 |    30.7 
       abj-bka-kj |  46656 |    204 |   216 | 1.00 | 1.00 |        41.9 |    41.1 |    41.8 
       ajb-kba-jk |  44064 |    216 |   216 | 1.00 | 1.00 |        43.8 |    45.7 |    44.9 
     abjc-cbka-kj | 269568 |     52 |    72 | 1.00 | 1.00 |        19.5 |    17.0 |    19.4 
     ajbc-ckba-jk | 269568 |     72 |    52 | 1.00 | 1.00 |        20.9 |    19.1 |    20.3 
     abjc-kbac-jk | 194688 |     72 |    72 | 1.00 | 1.00 |        35.1 |    38.6 |    37.9 
   abjcd-dkbac-jk | 331776 |     24 |    24 | 1.00 | 1.00 |        11.1 |     9.8 |    10.8 
   adbjc-cbdka-kj | 331776 |     24 |    24 | 1.00 | 1.00 |         9.9 |     8.3 |     9.2 
   ajbdc-ckbad-jk | 331776 |     24 |    24 | 1.00 | 1.00 |        10.3 |     9.2 |     9.4 
 abcijk-ijma-mkbc |   9216 |   4096 |    24 | 1.00 | 0.99 |        26.2 |    29.2 |    26.1 
 abcijk-ijmb-mkac |   6144 |   6144 |    24 | 1.00 | 0.75 |        26.2 |    28.9 |    25.6 
 abcijk-ijmc-mkab |   6144 |   6144 |    24 | 1.00 | 0.75 |        29.5 |    33.4 |    28.5 
 abcijk-ikma-mjbc |   9216 |   4096 |    24 | 1.00 | 0.99 |        26.2 |    29.1 |    26.0 
 abcijk-ikmb-mjac |   6144 |   6144 |    24 | 1.00 | 0.75 |        26.2 |    29.0 |    25.7 
 abcijk-ikmc-mjab |   6144 |   6144 |    24 | 1.00 | 0.75 |        29.5 |    33.3 |    28.4 
 abcijk-jkma-mibc |   9216 |   4096 |    24 | 1.00 | 0.99 |        26.1 |    29.1 |    25.9 
 abcijk-jkmb-miac |   6144 |   6144 |    24 | 1.00 | 0.75 |        25.6 |    27.6 |    25.4 
 abcijk-jkmc-miab |   6144 |   6144 |    24 | 1.00 | 0.75 |        28.6 |    29.8 |    28.1 
 abcijk-eiab-jkec |   6144 |   6144 |    24 | 1.00 | 0.75 |        28.5 |    29.7 |    28.0 
 abcijk-eiac-jkeb |   6144 |   6144 |    24 | 1.00 | 0.75 |        25.6 |    27.6 |    25.5 
 abcijk-eibc-jkea |   4096 |   9216 |    24 | 1.00 | 0.99 |        26.4 |    29.2 |    26.0 
 abcijk-ejab-ikec |   6144 |   6144 |    24 | 1.00 | 0.75 |        29.5 |    33.3 |    28.4 
 abcijk-ejac-ikeb |   6144 |   6144 |    24 | 1.00 | 0.75 |        26.2 |    28.8 |    25.6 
 abcijk-ejbc-ikea |   4096 |   9216 |    24 | 1.00 | 0.99 |        26.3 |    29.3 |    26.3 
 abcijk-ekab-ijec |   6144 |   6144 |    24 | 1.00 | 0.75 |        29.6 |    33.5 |    28.7 
 abcijk-ekac-ijeb |   6144 |   6144 |    24 | 1.00 | 0.75 |        26.9 |    29.6 |    26.1 
 abcijk-ekbc-ijea |   4096 |   9216 |    24 | 1.00 | 0.99 |        26.9 |    30.0 |    26.4 
       abc-bk-akc |    216 |  44064 |   204 | 1.00 | 1.00 |        42.7 |    45.1 |    40.3 

=== complex efficiency ratio (c64 GF/s over f64 GF/s; 1.0 = no penalty) ===
             case | planar c64/f64 | 1m c64/f64 | 3m c64/f64 
------------------+----------------+------------+------------
         ij-ik-kj |          1.047 |      1.062 |      1.046 
       ij-ikl-ljk |          1.192 |      1.220 |      1.107 
       ij-kil-lkj |          1.216 |      1.235 |      1.213 
       ijk-ikl-lj |          1.210 |      1.187 |      1.198 
       ijk-il-jlk |          1.210 |      1.263 |      1.147 
       ijk-ilk-jl |          1.086 |      1.136 |      1.025 
       ijk-ilk-lj |          1.082 |      1.133 |      0.996 
     ijk-ilmk-mjl |          1.202 |      1.204 |      1.017 
   ijkl-imjn-lnkm |          1.051 |      1.095 |      1.013 
   ijkl-imjn-nlmk |          1.055 |      1.098 |      1.015 
   ijkl-imkn-jnlm |          1.077 |      1.101 |      1.018 
   ijkl-imkn-njml |          1.089 |      1.108 |      1.035 
   ijkl-imln-jnkm |          1.089 |      1.112 |      1.039 
   ijkl-imln-njmk |          1.085 |      1.105 |      1.032 
   ijkl-imnj-nlkm |          1.063 |      1.094 |      1.029 
   ijkl-imnk-njml |          1.087 |      1.105 |      1.030 
   ijkl-minj-nlmk |          1.073 |      1.098 |      1.075 
   ijkl-mink-jnlm |          1.094 |      1.110 |      1.074 
   ijkl-minl-njmk |          1.095 |      1.109 |      1.075 
     aqrs-pa-pqrs |          1.320 |      1.408 |      1.329 
     abrs-qb-aqrs |          1.233 |      1.329 |      1.116 
     abcs-rc-abrs |          1.315 |      1.469 |      1.379 
       abj-bka-kj |          1.170 |      1.148 |      1.166 
       ajb-kba-jk |          1.079 |      1.128 |      1.107 
     abjc-cbka-kj |          1.765 |      1.542 |      1.760 
     ajbc-ckba-jk |          1.176 |      1.073 |      1.142 
     abjc-kbac-jk |          1.123 |      1.235 |      1.215 
   abjcd-dkbac-jk |          2.241 |      1.989 |      2.179 
   adbjc-cbdka-kj |          2.497 |      2.092 |      2.327 
   ajbdc-ckbad-jk |          2.212 |      1.994 |      2.035 
 abcijk-ijma-mkbc |          1.224 |      1.366 |      1.218 
 abcijk-ijmb-mkac |          1.374 |      1.520 |      1.343 
 abcijk-ijmc-mkab |          1.227 |      1.387 |      1.184 
 abcijk-ikma-mjbc |          1.227 |      1.363 |      1.217 
 abcijk-ikmb-mjac |          1.379 |      1.526 |      1.350 
 abcijk-ikmc-mjab |          1.232 |      1.394 |      1.189 
 abcijk-jkma-mibc |          1.213 |      1.354 |      1.206 
 abcijk-jkmb-miac |          1.393 |      1.506 |      1.382 
 abcijk-jkmc-miab |          1.283 |      1.335 |      1.260 
 abcijk-eiab-jkec |          1.285 |      1.339 |      1.261 
 abcijk-eiac-jkeb |          1.383 |      1.492 |      1.375 
 abcijk-eibc-jkea |          1.210 |      1.340 |      1.191 
 abcijk-ejab-ikec |          1.230 |      1.385 |      1.183 
 abcijk-ejac-ikeb |          1.382 |      1.523 |      1.352 
 abcijk-ejbc-ikea |          1.223 |      1.365 |      1.222 
 abcijk-ekab-ijec |          1.224 |      1.388 |      1.188 
 abcijk-ekac-ijeb |          1.362 |      1.504 |      1.324 
 abcijk-ekbc-ijea |          1.228 |      1.374 |      1.208 
       abc-bk-akc |          1.054 |      1.111 |      0.994 
             MEAN |          1.273 |      1.317 |      1.236 

wrote bench-results/worker5040-zen2/placement/p07.csv
