host        : ccqlin038.flatironinstitute.org
target      : x86_64 / linux
cpu features: avx2 fma avx512f avx512dq 
baselines   : tblis=false blas=false

sweeping 49 cases at 64 MiB nominal tensor size, 3 reps, stress=none


=== f64 ===
             case |      m |      n |     k | regA | regB | planar GF/s | 1m GF/s | 3m GF/s 
------------------+--------+--------+-------+------+------+-------------+---------+---------
         ij-ik-kj |   2904 |   2896 |  2904 | 1.00 | 1.00 |        69.6 |    69.6 |    69.6 
       ij-ikl-ljk |    216 |    204 | 44064 | 1.00 | 1.00 |        34.7 |    34.7 |    34.7 
       ij-kil-lkj |    216 |    204 | 46656 | 1.00 | 1.00 |        37.3 |    37.3 |    37.3 
       ijk-ikl-lj |  44064 |    204 |   216 | 1.00 | 1.00 |        55.7 |    55.7 |    55.7 
       ijk-il-jlk |    216 |  44064 |   204 | 1.00 | 1.00 |        46.2 |    46.2 |    46.2 
       ijk-ilk-jl |  44064 |    216 |   204 | 1.00 | 1.00 |        59.9 |    59.9 |    59.9 
       ijk-ilk-lj |  44064 |    204 |   216 | 1.00 | 1.00 |        57.0 |    57.0 |    57.0 
     ijk-ilmk-mjl |   3744 |     52 |  3744 | 1.00 | 1.00 |        39.8 |    39.8 |    39.8 
   ijkl-imjn-lnkm |   3744 |   3744 |  2704 | 1.00 | 0.92 |        65.2 |    65.2 |    65.2 
   ijkl-imjn-nlmk |   3744 |   2704 |  3744 | 1.00 | 0.92 |        65.8 |    65.8 |    65.8 
   ijkl-imkn-jnlm |   3744 |   3744 |  2704 | 1.00 | 1.00 |        67.0 |    67.0 |    67.0 
   ijkl-imkn-njml |   3744 |   2704 |  3744 | 1.00 | 0.92 |        68.2 |    68.2 |    68.2 
   ijkl-imln-jnkm |   3744 |   3744 |  2704 | 1.00 | 1.00 |        68.2 |    68.2 |    68.2 
   ijkl-imln-njmk |   3744 |   2704 |  3744 | 1.00 | 0.92 |        70.0 |    70.0 |    70.0 
   ijkl-imnj-nlkm |   3744 |   2704 |  3744 | 1.00 | 0.92 |        69.8 |    69.8 |    69.8 
   ijkl-imnk-njml |   3744 |   2704 |  3744 | 1.00 | 0.92 |        70.4 |    70.4 |    70.4 
   ijkl-minj-nlmk |   3744 |   2704 |  5184 | 1.00 | 0.92 |        66.0 |    66.0 |    66.0 
   ijkl-mink-jnlm |   3744 |   3744 |  3744 | 1.00 | 1.00 |        68.1 |    68.1 |    68.1 
   ijkl-minl-njmk |   3744 |   2704 |  5184 | 1.00 | 0.92 |        67.9 |    67.9 |    67.9 
     aqrs-pa-pqrs |     72 | 140608 |    72 | 1.00 | 1.00 |        33.3 |    33.3 |    33.3 
     abrs-qb-aqrs |     52 | 194688 |    72 | 1.00 | 1.00 |        27.9 |    27.9 |    27.9 
     abcs-rc-abrs |     52 | 194688 |    72 | 1.00 | 1.00 |        15.8 |    15.8 |    15.8 
       abj-bka-kj |  46656 |    204 |   216 | 1.00 | 1.00 |        41.3 |    41.3 |    41.3 
       ajb-kba-jk |  44064 |    216 |   216 | 1.00 | 1.00 |        62.4 |    62.4 |    62.4 
     abjc-cbka-kj | 269568 |     52 |    72 | 1.00 | 1.00 |         8.4 |     8.4 |     8.4 
     ajbc-ckba-jk | 269568 |     72 |    52 | 1.00 | 1.00 |        16.5 |    16.5 |    16.5 
     abjc-kbac-jk | 194688 |     72 |    72 | 1.00 | 1.00 |        35.0 |    35.0 |    35.0 
   abjcd-dkbac-jk | 331776 |     24 |    24 | 1.00 | 1.00 |         2.7 |     2.7 |     2.7 
   adbjc-cbdka-kj | 331776 |     24 |    24 | 1.00 | 1.00 |         1.5 |     1.5 |     1.5 
   ajbdc-ckbad-jk | 331776 |     24 |    24 | 1.00 | 1.00 |         2.7 |     2.7 |     2.7 
 abcijk-ijma-mkbc |   9216 |   4096 |    24 | 1.00 | 1.00 |        35.2 |    35.2 |    35.2 
 abcijk-ijmb-mkac |   6144 |   6144 |    24 | 0.00 | 1.00 |        24.9 |    24.9 |    24.9 
 abcijk-ijmc-mkab |   6144 |   6144 |    24 | 0.00 | 1.00 |        12.8 |    12.8 |    12.8 
 abcijk-ikma-mjbc |   9216 |   4096 |    24 | 1.00 | 1.00 |        35.0 |    35.0 |    35.0 
 abcijk-ikmb-mjac |   6144 |   6144 |    24 | 0.00 | 1.00 |        24.9 |    24.9 |    24.9 
 abcijk-ikmc-mjab |   6144 |   6144 |    24 | 0.00 | 1.00 |        12.9 |    12.9 |    12.9 
 abcijk-jkma-mibc |   9216 |   4096 |    24 | 1.00 | 1.00 |        34.4 |    34.4 |    34.4 
 abcijk-jkmb-miac |   6144 |   6144 |    24 | 0.00 | 1.00 |        24.7 |    24.7 |    24.7 
 abcijk-jkmc-miab |   6144 |   6144 |    24 | 0.00 | 1.00 |        13.5 |    13.5 |    13.5 
 abcijk-eiab-jkec |   6144 |   6144 |    24 | 1.00 | 1.00 |        28.6 |    28.6 |    28.6 
 abcijk-eiac-jkeb |   6144 |   6144 |    24 | 1.00 | 1.00 |        31.9 |    31.9 |    31.9 
 abcijk-eibc-jkea |   4096 |   9216 |    24 | 0.94 | 1.00 |        23.0 |    23.0 |    23.0 
 abcijk-ejab-ikec |   6144 |   6144 |    24 | 1.00 | 1.00 |        27.3 |    27.3 |    27.3 
 abcijk-ejac-ikeb |   6144 |   6144 |    24 | 1.00 | 1.00 |        32.2 |    32.2 |    32.2 
 abcijk-ejbc-ikea |   4096 |   9216 |    24 | 0.94 | 1.00 |        23.3 |    23.3 |    23.3 
 abcijk-ekab-ijec |   6144 |   6144 |    24 | 1.00 | 1.00 |        27.7 |    27.7 |    27.7 
 abcijk-ekac-ijeb |   6144 |   6144 |    24 | 1.00 | 1.00 |        31.9 |    31.9 |    31.9 
 abcijk-ekbc-ijea |   4096 |   9216 |    24 | 0.94 | 1.00 |        22.5 |    22.5 |    22.5 
       abc-bk-akc |    216 |  44064 |   204 | 1.00 | 1.00 |        42.4 |    42.4 |    42.4 

=== c64 ===
             case |      m |      n |     k | regA | regB | planar GF/s | 1m GF/s | 3m GF/s 
------------------+--------+--------+-------+------+------+-------------+---------+---------
         ij-ik-kj |   2904 |   2896 |  2904 | 1.00 | 1.00 |        80.0 |    68.5 |    68.2 
       ij-ikl-ljk |    216 |    204 | 44064 | 1.00 | 1.00 |        50.1 |    46.3 |    43.5 
       ij-kil-lkj |    216 |    204 | 46656 | 1.00 | 1.00 |        56.5 |    51.0 |    49.0 
       ijk-ikl-lj |  44064 |    204 |   216 | 1.00 | 1.00 |        73.8 |    65.2 |    64.9 
       ijk-il-jlk |    216 |  44064 |   204 | 1.00 | 1.00 |        67.3 |    65.2 |    64.5 
       ijk-ilk-jl |  44064 |    216 |   204 | 0.96 | 1.00 |        74.1 |    65.9 |    65.2 
       ijk-ilk-lj |  44064 |    204 |   216 | 0.96 | 1.00 |        74.3 |    63.6 |    64.2 
     ijk-ilmk-mjl |   3744 |     52 |  3744 | 0.89 | 1.00 |        55.4 |    45.9 |    44.6 
   ijkl-imjn-lnkm |   3744 |   3744 |  2704 | 0.89 | 0.92 |        78.9 |    69.8 |    68.2 
   ijkl-imjn-nlmk |   3744 |   2704 |  3744 | 0.89 | 0.92 |        79.4 |    72.0 |    68.9 
   ijkl-imkn-jnlm |   3744 |   3744 |  2704 | 0.89 | 1.00 |        80.1 |    74.8 |    69.1 
   ijkl-imkn-njml |   3744 |   2704 |  3744 | 0.89 | 0.92 |        80.8 |    72.5 |    69.3 
   ijkl-imln-jnkm |   3744 |   3744 |  2704 | 0.89 | 1.00 |        80.9 |    76.3 |    69.7 
   ijkl-imln-njmk |   3744 |   2704 |  3744 | 0.89 | 0.92 |        81.3 |    75.1 |    69.4 
   ijkl-imnj-nlkm |   3744 |   2704 |  3744 | 0.89 | 0.92 |        82.5 |    73.2 |    70.6 
   ijkl-imnk-njml |   3744 |   2704 |  3744 | 0.89 | 0.92 |        79.2 |    72.5 |    69.0 
   ijkl-minj-nlmk |   3744 |   2704 |  5184 | 0.89 | 0.92 |        82.2 |    71.8 |    70.2 
   ijkl-mink-jnlm |   3744 |   3744 |  3744 | 0.89 | 1.00 |        80.8 |    73.4 |    69.9 
   ijkl-minl-njmk |   3744 |   2704 |  5184 | 0.89 | 0.92 |        79.7 |    71.3 |    69.1 
     aqrs-pa-pqrs |     72 | 140608 |    72 | 1.00 | 1.00 |        47.5 |    48.4 |    47.0 
     abrs-qb-aqrs |     52 | 194688 |    72 | 1.00 | 1.00 |        43.2 |    43.8 |    41.0 
     abcs-rc-abrs |     52 | 194688 |    72 | 1.00 | 1.00 |        32.9 |    33.9 |    35.4 
       abj-bka-kj |  46656 |    204 |   216 | 0.96 | 1.00 |        62.1 |    52.3 |    54.7 
       ajb-kba-jk |  44064 |    216 |   216 | 0.96 | 1.00 |        81.3 |    75.2 |    75.8 
     abjc-cbka-kj | 269568 |     52 |    72 | 0.89 | 1.00 |        13.8 |    11.7 |    15.2 
     ajbc-ckba-jk | 269568 |     72 |    52 | 0.89 | 1.00 |        25.6 |    23.3 |    25.7 
     abjc-kbac-jk | 194688 |     72 |    72 | 0.89 | 1.00 |        57.0 |    51.0 |    49.9 
   abjcd-dkbac-jk | 331776 |     24 |    24 | 0.67 | 1.00 |         7.0 |     6.2 |     7.6 
   adbjc-cbdka-kj | 331776 |     24 |    24 | 0.67 | 1.00 |         4.0 |     3.4 |     3.4 
   ajbdc-ckbad-jk | 331776 |     24 |    24 | 0.67 | 1.00 |         7.1 |     6.1 |     7.7 
 abcijk-ijma-mkbc |   9216 |   4096 |    24 | 0.67 | 0.99 |        43.2 |    43.4 |    40.3 
 abcijk-ijmb-mkac |   6144 |   6144 |    24 | 1.00 | 1.00 |        37.4 |    41.6 |    37.0 
 abcijk-ijmc-mkab |   6144 |   6144 |    24 | 1.00 | 1.00 |        17.7 |    20.6 |    21.8 
 abcijk-ikma-mjbc |   9216 |   4096 |    24 | 0.67 | 0.99 |        42.6 |    42.0 |    38.4 
 abcijk-ikmb-mjac |   6144 |   6144 |    24 | 1.00 | 1.00 |        36.8 |    41.5 |    37.2 
 abcijk-ikmc-mjab |   6144 |   6144 |    24 | 1.00 | 1.00 |        17.8 |    20.4 |    21.8 
 abcijk-jkma-mibc |   9216 |   4096 |    24 | 0.67 | 0.99 |        42.6 |    42.4 |    39.6 
 abcijk-jkmb-miac |   6144 |   6144 |    24 | 1.00 | 1.00 |        36.6 |    40.7 |    37.1 
 abcijk-jkmc-miab |   6144 |   6144 |    24 | 1.00 | 1.00 |        17.7 |    20.6 |    21.8 
 abcijk-eiab-jkec |   6144 |   6144 |    24 | 1.00 | 0.75 |        49.4 |    41.9 |    41.9 
 abcijk-eiac-jkeb |   6144 |   6144 |    24 | 1.00 | 0.75 |        44.5 |    43.9 |    40.9 
 abcijk-eibc-jkea |   4096 |   9216 |    24 | 1.00 | 1.00 |        37.4 |    40.4 |    38.2 
 abcijk-ejab-ikec |   6144 |   6144 |    24 | 1.00 | 0.75 |        48.7 |    41.6 |    41.7 
 abcijk-ejac-ikeb |   6144 |   6144 |    24 | 1.00 | 0.75 |        44.3 |    44.0 |    40.8 
 abcijk-ejbc-ikea |   4096 |   9216 |    24 | 1.00 | 1.00 |        37.1 |    40.1 |    37.3 
 abcijk-ekab-ijec |   6144 |   6144 |    24 | 1.00 | 0.75 |        49.5 |    42.2 |    41.9 
 abcijk-ekac-ijeb |   6144 |   6144 |    24 | 1.00 | 0.75 |        44.6 |    43.7 |    39.3 
 abcijk-ekbc-ijea |   4096 |   9216 |    24 | 1.00 | 1.00 |        37.5 |    40.2 |    37.9 
       abc-bk-akc |    216 |  44064 |   204 | 1.00 | 1.00 |        64.8 |    63.8 |    63.0 

=== complex efficiency ratio (c64 GF/s over f64 GF/s; 1.0 = no penalty) ===
             case | planar c64/f64 | 1m c64/f64 | 3m c64/f64 
------------------+----------------+------------+------------
         ij-ik-kj |          1.150 |      0.984 |      0.981 
       ij-ikl-ljk |          1.446 |      1.336 |      1.256 
       ij-kil-lkj |          1.514 |      1.368 |      1.312 
       ijk-ikl-lj |          1.325 |      1.172 |      1.166 
       ijk-il-jlk |          1.457 |      1.410 |      1.396 
       ijk-ilk-jl |          1.237 |      1.101 |      1.088 
       ijk-ilk-lj |          1.303 |      1.116 |      1.125 
     ijk-ilmk-mjl |          1.390 |      1.153 |      1.119 
   ijkl-imjn-lnkm |          1.210 |      1.070 |      1.047 
   ijkl-imjn-nlmk |          1.208 |      1.095 |      1.047 
   ijkl-imkn-jnlm |          1.196 |      1.117 |      1.032 
   ijkl-imkn-njml |          1.184 |      1.063 |      1.016 
   ijkl-imln-jnkm |          1.186 |      1.119 |      1.021 
   ijkl-imln-njmk |          1.161 |      1.073 |      0.991 
   ijkl-imnj-nlkm |          1.181 |      1.048 |      1.011 
   ijkl-imnk-njml |          1.124 |      1.030 |      0.980 
   ijkl-minj-nlmk |          1.244 |      1.087 |      1.062 
   ijkl-mink-jnlm |          1.186 |      1.078 |      1.027 
   ijkl-minl-njmk |          1.173 |      1.050 |      1.017 
     aqrs-pa-pqrs |          1.426 |      1.455 |      1.411 
     abrs-qb-aqrs |          1.549 |      1.570 |      1.471 
     abcs-rc-abrs |          2.085 |      2.145 |      2.244 
       abj-bka-kj |          1.501 |      1.265 |      1.323 
       ajb-kba-jk |          1.304 |      1.206 |      1.216 
     abjc-cbka-kj |          1.628 |      1.387 |      1.796 
     ajbc-ckba-jk |          1.554 |      1.415 |      1.563 
     abjc-kbac-jk |          1.628 |      1.455 |      1.423 
   abjcd-dkbac-jk |          2.633 |      2.334 |      2.871 
   adbjc-cbdka-kj |          2.651 |      2.253 |      2.274 
   ajbdc-ckbad-jk |          2.613 |      2.258 |      2.832 
 abcijk-ijma-mkbc |          1.229 |      1.233 |      1.144 
 abcijk-ijmb-mkac |          1.503 |      1.671 |      1.488 
 abcijk-ijmc-mkab |          1.385 |      1.609 |      1.705 
 abcijk-ikma-mjbc |          1.217 |      1.199 |      1.096 
 abcijk-ikmb-mjac |          1.479 |      1.669 |      1.496 
 abcijk-ikmc-mjab |          1.379 |      1.586 |      1.692 
 abcijk-jkma-mibc |          1.237 |      1.231 |      1.152 
 abcijk-jkmb-miac |          1.477 |      1.644 |      1.498 
 abcijk-jkmc-miab |          1.310 |      1.522 |      1.609 
 abcijk-eiab-jkec |          1.725 |      1.465 |      1.463 
 abcijk-eiac-jkeb |          1.393 |      1.377 |      1.281 
 abcijk-eibc-jkea |          1.626 |      1.756 |      1.658 
 abcijk-ejab-ikec |          1.781 |      1.524 |      1.527 
 abcijk-ejac-ikeb |          1.377 |      1.366 |      1.267 
 abcijk-ejbc-ikea |          1.592 |      1.722 |      1.603 
 abcijk-ekab-ijec |          1.790 |      1.525 |      1.516 
 abcijk-ekac-ijeb |          1.397 |      1.368 |      1.231 
 abcijk-ekbc-ijea |          1.665 |      1.784 |      1.682 
       abc-bk-akc |          1.530 |      1.506 |      1.487 
             MEAN |          1.480 |      1.408 |      1.402 

wrote bench-results/phase4d/or-ab-f64c64.csv
