host        : ccqlin038.flatironinstitute.org
target      : x86_64 / linux
cpu features: avx2 fma avx512f avx512dq 
baselines   : tblis=false blas=false

sweeping 49 cases at 64 MiB nominal tensor size, 3 reps, stress=none


=== f32 ===
             case |      m |      n |     k | regA | regB | planar GF/s | 1m GF/s | 3m GF/s 
------------------+--------+--------+-------+------+------+-------------+---------+---------
         ij-ik-kj |   2904 |   2896 |  2904 | 1.00 | 1.00 |       162.7 |   162.7 |   162.7 
       ij-ikl-ljk |    216 |    204 | 44064 | 1.00 | 1.00 |        62.6 |    62.6 |    62.6 
       ij-kil-lkj |    216 |    204 | 46656 | 1.00 | 1.00 |        61.8 |    61.8 |    61.8 
       ijk-ikl-lj |  44064 |    204 |   216 | 1.00 | 1.00 |       119.4 |   119.4 |   119.4 
       ijk-il-jlk |    216 |  44064 |   204 | 1.00 | 1.00 |       101.1 |   101.1 |   101.1 
       ijk-ilk-jl |  44064 |    216 |   204 | 0.89 | 1.00 |       127.1 |   127.1 |   127.1 
       ijk-ilk-lj |  44064 |    204 |   216 | 0.89 | 1.00 |       126.3 |   126.3 |   126.3 
     ijk-ilmk-mjl |   3744 |     52 |  3744 | 0.67 | 1.00 |        81.9 |    81.9 |    81.9 
   ijkl-imjn-lnkm |   3744 |   3744 |  2704 | 0.67 | 0.92 |       150.0 |   150.0 |   150.0 
   ijkl-imjn-nlmk |   3744 |   2704 |  3744 | 0.67 | 0.92 |       157.4 |   157.4 |   157.4 
   ijkl-imkn-jnlm |   3744 |   3744 |  2704 | 0.67 | 1.00 |       157.3 |   157.3 |   157.3 
   ijkl-imkn-njml |   3744 |   2704 |  3744 | 0.67 | 0.92 |       157.3 |   157.3 |   157.3 
   ijkl-imln-jnkm |   3744 |   3744 |  2704 | 0.67 | 1.00 |       159.9 |   159.9 |   159.9 
   ijkl-imln-njmk |   3744 |   2704 |  3744 | 0.67 | 0.92 |       156.3 |   156.3 |   156.3 
   ijkl-imnj-nlkm |   3744 |   2704 |  3744 | 0.67 | 0.92 |       159.8 |   159.8 |   159.8 
   ijkl-imnk-njml |   3744 |   2704 |  3744 | 0.67 | 0.92 |       154.6 |   154.6 |   154.6 
   ijkl-minj-nlmk |   3744 |   2704 |  5184 | 0.67 | 0.92 |       150.8 |   150.8 |   150.8 
   ijkl-mink-jnlm |   3744 |   3744 |  3744 | 0.67 | 1.00 |       156.7 |   156.7 |   156.7 
   ijkl-minl-njmk |   3744 |   2704 |  5184 | 0.67 | 0.92 |       151.6 |   151.6 |   151.6 
     aqrs-pa-pqrs |     72 | 140608 |    72 | 1.00 | 1.00 |        57.5 |    57.5 |    57.5 
     abrs-qb-aqrs |     52 | 194688 |    72 | 1.00 | 1.00 |        39.1 |    39.1 |    39.1 
     abcs-rc-abrs |     52 | 194688 |    72 | 1.00 | 1.00 |        25.1 |    25.1 |    25.1 
       abj-bka-kj |  46656 |    204 |   216 | 0.89 | 1.00 |        65.2 |    65.2 |    65.2 
       ajb-kba-jk |  44064 |    216 |   216 | 0.89 | 1.00 |       118.6 |   118.6 |   118.6 
     abjc-cbka-kj | 269568 |     52 |    72 | 0.67 | 1.00 |        14.4 |    14.4 |    14.4 
     ajbc-ckba-jk | 269568 |     72 |    52 | 0.67 | 1.00 |        25.2 |    25.2 |    25.2 
     abjc-kbac-jk | 194688 |     72 |    72 | 0.67 | 1.00 |        63.4 |    63.4 |    63.4 
   abjcd-dkbac-jk | 331776 |     24 |    24 | 0.00 | 1.00 |         6.6 |     6.6 |     6.6 
   adbjc-cbdka-kj | 331776 |     24 |    24 | 0.00 | 1.00 |         4.7 |     4.7 |     4.7 
   ajbdc-ckbad-jk | 331776 |     24 |    24 | 0.00 | 1.00 |         6.2 |     6.2 |     6.2 
 abcijk-ijma-mkbc |   9216 |   4096 |    24 | 0.00 | 1.00 |        52.1 |    52.1 |    52.1 
 abcijk-ijmb-mkac |   6144 |   6144 |    24 | 0.00 | 1.00 |        40.6 |    40.6 |    40.6 
 abcijk-ijmc-mkab |   6144 |   6144 |    24 | 0.00 | 1.00 |        25.8 |    25.8 |    25.8 
 abcijk-ikma-mjbc |   9216 |   4096 |    24 | 0.00 | 1.00 |        52.3 |    52.3 |    52.3 
 abcijk-ikmb-mjac |   6144 |   6144 |    24 | 0.00 | 1.00 |        40.5 |    40.5 |    40.5 
 abcijk-ikmc-mjab |   6144 |   6144 |    24 | 0.00 | 1.00 |        24.9 |    24.9 |    24.9 
 abcijk-jkma-mibc |   9216 |   4096 |    24 | 0.00 | 1.00 |        51.9 |    51.9 |    51.9 
 abcijk-jkmb-miac |   6144 |   6144 |    24 | 0.00 | 1.00 |        39.9 |    39.9 |    39.9 
 abcijk-jkmc-miab |   6144 |   6144 |    24 | 0.00 | 1.00 |        26.5 |    26.5 |    26.5 
 abcijk-eiab-jkec |   6144 |   6144 |    24 | 1.00 | 1.00 |        60.4 |    60.4 |    60.4 
 abcijk-eiac-jkeb |   6144 |   6144 |    24 | 1.00 | 1.00 |        34.4 |    34.4 |    34.4 
 abcijk-eibc-jkea |   4096 |   9216 |    24 | 0.88 | 1.00 |        36.7 |    36.7 |    36.7 
 abcijk-ejab-ikec |   6144 |   6144 |    24 | 1.00 | 1.00 |        60.1 |    60.1 |    60.1 
 abcijk-ejac-ikeb |   6144 |   6144 |    24 | 1.00 | 1.00 |        33.4 |    33.4 |    33.4 
 abcijk-ejbc-ikea |   4096 |   9216 |    24 | 0.88 | 1.00 |        37.0 |    37.0 |    37.0 
 abcijk-ekab-ijec |   6144 |   6144 |    24 | 1.00 | 1.00 |        59.2 |    59.2 |    59.2 
 abcijk-ekac-ijeb |   6144 |   6144 |    24 | 1.00 | 1.00 |        33.1 |    33.1 |    33.1 
 abcijk-ekbc-ijea |   4096 |   9216 |    24 | 0.88 | 1.00 |        35.0 |    35.0 |    35.0 
       abc-bk-akc |    216 |  44064 |   204 | 1.00 | 1.00 |        77.9 |    77.9 |    77.9 

=== c32 ===
             case |      m |      n |     k | regA | regB | planar GF/s | 1m GF/s | 3m GF/s 
------------------+--------+--------+-------+------+------+-------------+---------+---------
         ij-ik-kj |   2904 |   2896 |  2904 | 1.00 | 1.00 |       166.6 |   161.9 |   152.3 
       ij-ikl-ljk |    216 |    204 | 44064 | 1.00 | 1.00 |       100.2 |    96.0 |    91.6 
       ij-kil-lkj |    216 |    204 | 46656 | 1.00 | 1.00 |       104.7 |    98.0 |    97.0 
       ijk-ikl-lj |  44064 |    204 |   216 | 1.00 | 1.00 |       153.9 |   136.4 |   135.1 
       ijk-il-jlk |    216 |  44064 |   204 | 1.00 | 1.00 |       143.9 |   140.3 |   132.9 
       ijk-ilk-jl |  44064 |    216 |   204 | 0.89 | 1.00 |       158.2 |   146.2 |   138.3 
       ijk-ilk-lj |  44064 |    204 |   216 | 0.89 | 1.00 |       156.2 |   147.2 |   135.4 
     ijk-ilmk-mjl |   3744 |     52 |  3744 | 0.67 | 1.00 |       107.5 |    92.4 |    82.0 
   ijkl-imjn-lnkm |   3744 |   3744 |  2704 | 0.67 | 0.92 |       161.5 |   156.9 |   149.6 
   ijkl-imjn-nlmk |   3744 |   2704 |  3744 | 0.67 | 0.92 |       166.0 |   162.7 |   154.8 
   ijkl-imkn-jnlm |   3744 |   3744 |  2704 | 0.67 | 1.00 |       166.0 |   163.0 |   151.4 
   ijkl-imkn-njml |   3744 |   2704 |  3744 | 0.67 | 0.92 |       165.6 |   165.6 |   153.7 
   ijkl-imln-jnkm |   3744 |   3744 |  2704 | 0.67 | 1.00 |       166.2 |   163.7 |   151.9 
   ijkl-imln-njmk |   3744 |   2704 |  3744 | 0.67 | 0.92 |       167.0 |   164.7 |   153.3 
   ijkl-imnj-nlkm |   3744 |   2704 |  3744 | 0.67 | 0.92 |       166.3 |   162.7 |   155.5 
   ijkl-imnk-njml |   3744 |   2704 |  3744 | 0.67 | 0.92 |       166.5 |   162.5 |   153.2 
   ijkl-minj-nlmk |   3744 |   2704 |  5184 | 0.67 | 0.92 |       163.0 |   158.9 |   154.8 
   ijkl-mink-jnlm |   3744 |   3744 |  3744 | 0.67 | 1.00 |       165.6 |   163.5 |   155.0 
   ijkl-minl-njmk |   3744 |   2704 |  5184 | 0.67 | 0.92 |       166.0 |   161.9 |   153.4 
     aqrs-pa-pqrs |     72 | 140608 |    72 | 1.00 | 1.00 |        80.8 |    79.2 |    86.8 
     abrs-qb-aqrs |     52 | 194688 |    72 | 1.00 | 1.00 |        78.8 |    82.0 |    73.2 
     abcs-rc-abrs |     52 | 194688 |    72 | 1.00 | 1.00 |        62.2 |    62.2 |    59.1 
       abj-bka-kj |  46656 |    204 |   216 | 0.89 | 1.00 |       119.3 |   110.6 |   112.4 
       ajb-kba-jk |  44064 |    216 |   216 | 0.89 | 1.00 |       149.3 |   139.8 |   151.3 
     abjc-cbka-kj | 269568 |     52 |    72 | 0.67 | 1.00 |        28.3 |    25.0 |    28.0 
     ajbc-ckba-jk | 269568 |     72 |    52 | 0.67 | 1.00 |        49.9 |    47.2 |    51.0 
     abjc-kbac-jk | 194688 |     72 |    72 | 0.67 | 1.00 |        99.0 |    82.6 |    86.9 
   abjcd-dkbac-jk | 331776 |     24 |    24 | 0.00 | 1.00 |         9.5 |     8.4 |     9.2 
   adbjc-cbdka-kj | 331776 |     24 |    24 | 0.00 | 1.00 |         8.1 |     7.7 |     6.6 
   ajbdc-ckbad-jk | 331776 |     24 |    24 | 0.00 | 1.00 |         9.0 |     8.5 |     9.2 
 abcijk-ijma-mkbc |   9216 |   4096 |    24 | 0.00 | 0.99 |        83.9 |    96.6 |    88.0 
 abcijk-ijmb-mkac |   6144 |   6144 |    24 | 0.00 | 1.00 |        66.4 |    76.0 |    67.4 
 abcijk-ijmc-mkab |   6144 |   6144 |    24 | 0.00 | 1.00 |        40.4 |    40.9 |    43.8 
 abcijk-ikma-mjbc |   9216 |   4096 |    24 | 0.00 | 0.99 |        85.6 |    97.5 |    86.4 
 abcijk-ikmb-mjac |   6144 |   6144 |    24 | 0.00 | 1.00 |        67.7 |    76.0 |    69.1 
 abcijk-ikmc-mjab |   6144 |   6144 |    24 | 0.00 | 1.00 |        40.8 |    41.2 |    44.6 
 abcijk-jkma-mibc |   9216 |   4096 |    24 | 0.00 | 0.99 |        86.7 |    95.9 |    86.6 
 abcijk-jkmb-miac |   6144 |   6144 |    24 | 0.00 | 1.00 |        66.7 |    75.1 |    67.7 
 abcijk-jkmc-miab |   6144 |   6144 |    24 | 0.00 | 1.00 |        40.1 |    41.3 |    43.7 
 abcijk-eiab-jkec |   6144 |   6144 |    24 | 1.00 | 0.75 |        84.4 |    83.1 |    79.3 
 abcijk-eiac-jkeb |   6144 |   6144 |    24 | 1.00 | 0.75 |        65.9 |    77.2 |    81.3 
 abcijk-eibc-jkea |   4096 |   9216 |    24 | 1.00 | 1.00 |        64.0 |    70.2 |    64.2 
 abcijk-ejab-ikec |   6144 |   6144 |    24 | 1.00 | 0.75 |        84.0 |    82.8 |    80.3 
 abcijk-ejac-ikeb |   6144 |   6144 |    24 | 1.00 | 0.75 |        65.4 |    77.9 |    81.2 
 abcijk-ejbc-ikea |   4096 |   9216 |    24 | 1.00 | 1.00 |        64.7 |    68.7 |    64.0 
 abcijk-ekab-ijec |   6144 |   6144 |    24 | 1.00 | 0.75 |        85.2 |    82.5 |    80.3 
 abcijk-ekac-ijeb |   6144 |   6144 |    24 | 1.00 | 0.75 |        65.3 |    79.3 |    80.7 
 abcijk-ekbc-ijea |   4096 |   9216 |    24 | 1.00 | 1.00 |        65.1 |    69.4 |    62.8 
       abc-bk-akc |    216 |  44064 |   204 | 1.00 | 1.00 |       130.2 |   132.7 |   122.3 

=== complex efficiency ratio (c32 GF/s over f32 GF/s; 1.0 = no penalty) ===
             case | planar c32/f32 | 1m c32/f32 | 3m c32/f32 
------------------+----------------+------------+------------
         ij-ik-kj |          1.024 |      0.995 |      0.936 
       ij-ikl-ljk |          1.601 |      1.535 |      1.465 
       ij-kil-lkj |          1.694 |      1.585 |      1.569 
       ijk-ikl-lj |          1.289 |      1.143 |      1.132 
       ijk-il-jlk |          1.423 |      1.388 |      1.315 
       ijk-ilk-jl |          1.245 |      1.150 |      1.088 
       ijk-ilk-lj |          1.236 |      1.166 |      1.072 
     ijk-ilmk-mjl |          1.312 |      1.128 |      1.002 
   ijkl-imjn-lnkm |          1.077 |      1.046 |      0.998 
   ijkl-imjn-nlmk |          1.055 |      1.033 |      0.984 
   ijkl-imkn-jnlm |          1.055 |      1.036 |      0.962 
   ijkl-imkn-njml |          1.053 |      1.053 |      0.977 
   ijkl-imln-jnkm |          1.039 |      1.024 |      0.950 
   ijkl-imln-njmk |          1.069 |      1.054 |      0.981 
   ijkl-imnj-nlkm |          1.041 |      1.018 |      0.973 
   ijkl-imnk-njml |          1.077 |      1.051 |      0.991 
   ijkl-minj-nlmk |          1.081 |      1.054 |      1.026 
   ijkl-mink-jnlm |          1.057 |      1.044 |      0.989 
   ijkl-minl-njmk |          1.095 |      1.068 |      1.012 
     aqrs-pa-pqrs |          1.406 |      1.377 |      1.509 
     abrs-qb-aqrs |          2.016 |      2.096 |      1.873 
     abcs-rc-abrs |          2.473 |      2.477 |      2.350 
       abj-bka-kj |          1.830 |      1.697 |      1.725 
       ajb-kba-jk |          1.259 |      1.178 |      1.276 
     abjc-cbka-kj |          1.968 |      1.737 |      1.943 
     ajbc-ckba-jk |          1.978 |      1.871 |      2.023 
     abjc-kbac-jk |          1.562 |      1.302 |      1.370 
   abjcd-dkbac-jk |          1.433 |      1.278 |      1.396 
   adbjc-cbdka-kj |          1.723 |      1.627 |      1.392 
   ajbdc-ckbad-jk |          1.442 |      1.373 |      1.472 
 abcijk-ijma-mkbc |          1.611 |      1.855 |      1.689 
 abcijk-ijmb-mkac |          1.637 |      1.874 |      1.662 
 abcijk-ijmc-mkab |          1.567 |      1.588 |      1.699 
 abcijk-ikma-mjbc |          1.639 |      1.865 |      1.654 
 abcijk-ikmb-mjac |          1.670 |      1.874 |      1.704 
 abcijk-ikmc-mjab |          1.637 |      1.652 |      1.790 
 abcijk-jkma-mibc |          1.671 |      1.847 |      1.668 
 abcijk-jkmb-miac |          1.673 |      1.882 |      1.696 
 abcijk-jkmc-miab |          1.511 |      1.558 |      1.649 
 abcijk-eiab-jkec |          1.397 |      1.377 |      1.313 
 abcijk-eiac-jkeb |          1.918 |      2.248 |      2.366 
 abcijk-eibc-jkea |          1.744 |      1.914 |      1.751 
 abcijk-ejab-ikec |          1.398 |      1.377 |      1.336 
 abcijk-ejac-ikeb |          1.959 |      2.332 |      2.430 
 abcijk-ejbc-ikea |          1.747 |      1.855 |      1.728 
 abcijk-ekab-ijec |          1.439 |      1.394 |      1.357 
 abcijk-ekac-ijeb |          1.973 |      2.394 |      2.436 
 abcijk-ekbc-ijea |          1.859 |      1.981 |      1.794 
       abc-bk-akc |          1.670 |      1.702 |      1.569 
             MEAN |          1.497 |      1.513 |      1.470 

wrote bench-results/phase4d/or-ab-f32c32.csv
