host        : ccqlin038.flatironinstitute.org
target      : x86_64 / linux
cpu features: avx2 fma avx512f avx512dq 
baselines   : tblis=false blas=false

sweeping 49 cases at 64 MiB nominal tensor size, 3 reps, stress=none


=== f64 ===
             case |      m |      n |     k | regA | regB | planar GF/s | 1m GF/s | 3m GF/s 
------------------+--------+--------+-------+------+------+-------------+---------+---------
         ij-ik-kj |   2904 |   2896 |  2904 | 1.00 | 1.00 |        59.9 |    59.9 |    59.9 
       ij-ikl-ljk |    216 |    204 | 44064 | 1.00 | 1.00 |        26.8 |    26.8 |    26.8 
       ij-kil-lkj |    216 |    204 | 46656 | 1.00 | 1.00 |        34.7 |    34.7 |    34.7 
       ijk-ikl-lj |  44064 |    204 |   216 | 1.00 | 1.00 |        41.5 |    41.5 |    41.5 
       ijk-il-jlk |    216 |  44064 |   204 | 1.00 | 1.00 |        53.3 |    53.3 |    53.3 
       ijk-ilk-jl |  44064 |    216 |   204 | 1.00 | 1.00 |        42.1 |    42.1 |    42.1 
       ijk-ilk-lj |  44064 |    204 |   216 | 1.00 | 1.00 |        40.7 |    40.7 |    40.7 
     ijk-ilmk-mjl |   3744 |     52 |  3744 | 1.00 | 1.00 |        31.8 |    31.8 |    31.8 
   ijkl-imjn-lnkm |   3744 |   3744 |  2704 | 0.62 | 1.00 |        53.9 |    53.9 |    53.9 
   ijkl-imjn-nlmk |   3744 |   2704 |  3744 | 0.62 | 1.00 |        56.2 |    56.2 |    56.2 
   ijkl-imkn-jnlm |   3744 |   3744 |  2704 | 1.00 | 1.00 |        65.6 |    65.6 |    65.6 
   ijkl-imkn-njml |   3744 |   2704 |  3744 | 0.62 | 1.00 |        62.0 |    62.0 |    62.0 
   ijkl-imln-jnkm |   3744 |   3744 |  2704 | 1.00 | 1.00 |        66.3 |    66.3 |    66.3 
   ijkl-imln-njmk |   3744 |   2704 |  3744 | 0.62 | 1.00 |        62.7 |    62.7 |    62.7 
   ijkl-imnj-nlkm |   3744 |   2704 |  3744 | 0.62 | 1.00 |        56.8 |    56.8 |    56.8 
   ijkl-imnk-njml |   3744 |   2704 |  3744 | 0.62 | 1.00 |        61.3 |    61.3 |    61.3 
   ijkl-minj-nlmk |   3744 |   2704 |  5184 | 0.62 | 1.00 |        50.7 |    50.7 |    50.7 
   ijkl-mink-jnlm |   3744 |   3744 |  3744 | 1.00 | 1.00 |        65.7 |    65.7 |    65.7 
   ijkl-minl-njmk |   3744 |   2704 |  5184 | 0.62 | 1.00 |        60.2 |    60.2 |    60.2 
     aqrs-pa-pqrs |     72 | 140608 |    72 | 1.00 | 1.00 |        37.1 |    37.1 |    37.1 
     abrs-qb-aqrs |     52 | 194688 |    72 | 1.00 | 1.00 |        37.0 |    37.0 |    37.0 
     abcs-rc-abrs |     52 | 194688 |    72 | 1.00 | 1.00 |        29.6 |    29.6 |    29.6 
       abj-bka-kj |  46656 |    204 |   216 | 1.00 | 1.00 |        35.4 |    35.4 |    35.4 
       ajb-kba-jk |  44064 |    216 |   216 | 1.00 | 1.00 |        55.7 |    55.7 |    55.7 
     abjc-cbka-kj | 269568 |     52 |    72 | 1.00 | 1.00 |         7.8 |     7.8 |     7.8 
     ajbc-ckba-jk | 269568 |     72 |    52 | 1.00 | 1.00 |        15.3 |    15.3 |    15.3 
     abjc-kbac-jk | 194688 |     72 |    72 | 1.00 | 1.00 |        26.6 |    26.6 |    26.6 
   abjcd-dkbac-jk | 331776 |     24 |    24 | 1.00 | 1.00 |         3.2 |     3.2 |     3.2 
   adbjc-cbdka-kj | 331776 |     24 |    24 | 1.00 | 1.00 |         1.5 |     1.5 |     1.5 
   ajbdc-ckbad-jk | 331776 |     24 |    24 | 1.00 | 1.00 |         3.1 |     3.1 |     3.1 
 abcijk-ijma-mkbc |   9216 |   4096 |    24 | 0.94 | 1.00 |        23.3 |    23.3 |    23.3 
 abcijk-ijmb-mkac |   6144 |   6144 |    24 | 1.00 | 1.00 |        32.0 |    32.0 |    32.0 
 abcijk-ijmc-mkab |   6144 |   6144 |    24 | 1.00 | 1.00 |        27.6 |    27.6 |    27.6 
 abcijk-ikma-mjbc |   9216 |   4096 |    24 | 0.94 | 1.00 |        23.6 |    23.6 |    23.6 
 abcijk-ikmb-mjac |   6144 |   6144 |    24 | 1.00 | 1.00 |        32.2 |    32.2 |    32.2 
 abcijk-ikmc-mjab |   6144 |   6144 |    24 | 1.00 | 1.00 |        27.6 |    27.6 |    27.6 
 abcijk-jkma-mibc |   9216 |   4096 |    24 | 0.94 | 1.00 |        23.6 |    23.6 |    23.6 
 abcijk-jkmb-miac |   6144 |   6144 |    24 | 1.00 | 1.00 |        32.1 |    32.1 |    32.1 
 abcijk-jkmc-miab |   6144 |   6144 |    24 | 1.00 | 1.00 |        28.8 |    28.8 |    28.8 
 abcijk-eiab-jkec |   6144 |   6144 |    24 | 0.00 | 1.00 |        13.5 |    13.5 |    13.5 
 abcijk-eiac-jkeb |   6144 |   6144 |    24 | 0.00 | 1.00 |        25.0 |    25.0 |    25.0 
 abcijk-eibc-jkea |   4096 |   9216 |    24 | 1.00 | 1.00 |        33.7 |    33.7 |    33.7 
 abcijk-ejab-ikec |   6144 |   6144 |    24 | 0.00 | 1.00 |        12.7 |    12.7 |    12.7 
 abcijk-ejac-ikeb |   6144 |   6144 |    24 | 0.00 | 1.00 |        24.3 |    24.3 |    24.3 
 abcijk-ejbc-ikea |   4096 |   9216 |    24 | 1.00 | 1.00 |        35.0 |    35.0 |    35.0 
 abcijk-ekab-ijec |   6144 |   6144 |    24 | 0.00 | 1.00 |        12.9 |    12.9 |    12.9 
 abcijk-ekac-ijeb |   6144 |   6144 |    24 | 0.00 | 1.00 |        25.0 |    25.0 |    25.0 
 abcijk-ekbc-ijea |   4096 |   9216 |    24 | 1.00 | 1.00 |        35.3 |    35.3 |    35.3 
       abc-bk-akc |    216 |  44064 |   204 | 1.00 | 1.00 |        60.7 |    60.7 |    60.7 

=== c64 ===
             case |      m |      n |     k | regA | regB | planar GF/s | 1m GF/s | 3m GF/s 
------------------+--------+--------+-------+------+------+-------------+---------+---------
         ij-ik-kj |   2904 |   2896 |  2904 | 1.00 | 1.00 |        70.9 |    67.5 |    65.7 
       ij-ikl-ljk |    216 |    204 | 44064 | 1.00 | 1.00 |        48.7 |    44.2 |    44.2 
       ij-kil-lkj |    216 |    204 | 46656 | 1.00 | 1.00 |        54.2 |    49.3 |    48.7 
       ijk-ikl-lj |  44064 |    204 |   216 | 1.00 | 1.00 |        64.5 |    65.4 |    62.9 
       ijk-il-jlk |    216 |  44064 |   204 | 0.96 | 1.00 |        70.0 |    64.2 |    64.1 
       ijk-ilk-jl |  44064 |    216 |   204 | 1.00 | 1.00 |        64.9 |    64.0 |    63.3 
       ijk-ilk-lj |  44064 |    204 |   216 | 1.00 | 1.00 |        63.7 |    64.4 |    62.3 
     ijk-ilmk-mjl |   3744 |     52 |  3744 | 1.00 | 1.00 |        48.6 |    46.3 |    44.6 
   ijkl-imjn-lnkm |   3744 |   3744 |  2704 | 0.77 | 1.00 |        65.7 |    62.3 |    58.1 
   ijkl-imjn-nlmk |   3744 |   2704 |  3744 | 0.77 | 1.00 |        67.5 |    63.9 |    62.0 
   ijkl-imkn-jnlm |   3744 |   3744 |  2704 | 0.89 | 1.00 |        74.0 |    70.6 |    66.4 
   ijkl-imkn-njml |   3744 |   2704 |  3744 | 0.77 | 1.00 |        73.3 |    69.4 |    65.6 
   ijkl-imln-jnkm |   3744 |   3744 |  2704 | 0.89 | 1.00 |        74.3 |    70.1 |    66.3 
   ijkl-imln-njmk |   3744 |   2704 |  3744 | 0.77 | 1.00 |        73.2 |    69.6 |    65.7 
   ijkl-imnj-nlkm |   3744 |   2704 |  3744 | 0.77 | 1.00 |        68.1 |    64.5 |    61.9 
   ijkl-imnk-njml |   3744 |   2704 |  3744 | 0.77 | 1.00 |        72.7 |    69.4 |    65.5 
   ijkl-minj-nlmk |   3744 |   2704 |  5184 | 0.77 | 1.00 |        63.2 |    59.9 |    58.5 
   ijkl-mink-jnlm |   3744 |   3744 |  3744 | 0.89 | 1.00 |        73.9 |    70.4 |    66.5 
   ijkl-minl-njmk |   3744 |   2704 |  5184 | 0.77 | 1.00 |        72.2 |    68.5 |    64.7 
     aqrs-pa-pqrs |     72 | 140608 |    72 | 1.00 | 1.00 |        52.2 |    47.5 |    46.5 
     abrs-qb-aqrs |     52 | 194688 |    72 | 0.89 | 1.00 |        50.2 |    44.8 |    43.9 
     abcs-rc-abrs |     52 | 194688 |    72 | 1.00 | 1.00 |        44.7 |    37.3 |    36.8 
       abj-bka-kj |  46656 |    204 |   216 | 1.00 | 1.00 |        53.3 |    53.7 |    50.9 
       ajb-kba-jk |  44064 |    216 |   216 | 1.00 | 1.00 |        70.2 |    71.6 |    68.6 
     abjc-cbka-kj | 269568 |     52 |    72 | 1.00 | 1.00 |        15.9 |    15.1 |    13.9 
     ajbc-ckba-jk | 269568 |     72 |    52 | 1.00 | 1.00 |        26.2 |    26.8 |    25.3 
     abjc-kbac-jk | 194688 |     72 |    72 | 1.00 | 1.00 |        43.2 |    44.8 |    45.0 
   abjcd-dkbac-jk | 331776 |     24 |    24 | 1.00 | 1.00 |         8.8 |     8.4 |     8.0 
   adbjc-cbdka-kj | 331776 |     24 |    24 | 1.00 | 1.00 |         3.3 |     3.3 |     3.8 
   ajbdc-ckbad-jk | 331776 |     24 |    24 | 1.00 | 1.00 |         8.5 |     8.2 |     7.8 
 abcijk-ijma-mkbc |   9216 |   4096 |    24 | 1.00 | 1.00 |        36.9 |    40.0 |    37.9 
 abcijk-ijmb-mkac |   6144 |   6144 |    24 | 1.00 | 0.75 |        45.1 |    44.0 |    39.4 
 abcijk-ijmc-mkab |   6144 |   6144 |    24 | 1.00 | 0.75 |        49.1 |    42.5 |    40.5 
 abcijk-ikma-mjbc |   9216 |   4096 |    24 | 1.00 | 1.00 |        37.5 |    40.1 |    38.3 
 abcijk-ikmb-mjac |   6144 |   6144 |    24 | 1.00 | 0.75 |        45.4 |    44.1 |    39.3 
 abcijk-ikmc-mjab |   6144 |   6144 |    24 | 1.00 | 0.75 |        49.4 |    41.8 |    41.0 
 abcijk-jkma-mibc |   9216 |   4096 |    24 | 1.00 | 1.00 |        37.7 |    40.1 |    38.3 
 abcijk-jkmb-miac |   6144 |   6144 |    24 | 1.00 | 0.75 |        44.9 |    44.1 |    39.6 
 abcijk-jkmc-miab |   6144 |   6144 |    24 | 1.00 | 0.75 |        49.1 |    41.9 |    41.0 
 abcijk-eiab-jkec |   6144 |   6144 |    24 | 1.00 | 1.00 |        17.8 |    20.7 |    21.9 
 abcijk-eiac-jkeb |   6144 |   6144 |    24 | 1.00 | 1.00 |        36.6 |    41.2 |    37.3 
 abcijk-eibc-jkea |   4096 |   9216 |    24 | 0.67 | 0.99 |        43.6 |    43.3 |    38.9 
 abcijk-ejab-ikec |   6144 |   6144 |    24 | 1.00 | 1.00 |        17.7 |    20.4 |    21.8 
 abcijk-ejac-ikeb |   6144 |   6144 |    24 | 1.00 | 1.00 |        37.0 |    41.3 |    37.3 
 abcijk-ejbc-ikea |   4096 |   9216 |    24 | 0.67 | 0.99 |        43.9 |    44.1 |    39.0 
 abcijk-ekab-ijec |   6144 |   6144 |    24 | 1.00 | 1.00 |        17.9 |    20.5 |    21.8 
 abcijk-ekac-ijeb |   6144 |   6144 |    24 | 1.00 | 1.00 |        37.1 |    41.2 |    37.1 
 abcijk-ekbc-ijea |   4096 |   9216 |    24 | 0.67 | 0.99 |        43.3 |    43.0 |    38.5 
       abc-bk-akc |    216 |  44064 |   204 | 0.96 | 1.00 |        77.4 |    69.4 |    66.6 

=== complex efficiency ratio (c64 GF/s over f64 GF/s; 1.0 = no penalty) ===
             case | planar c64/f64 | 1m c64/f64 | 3m c64/f64 
------------------+----------------+------------+------------
         ij-ik-kj |          1.183 |      1.128 |      1.097 
       ij-ikl-ljk |          1.817 |      1.648 |      1.647 
       ij-kil-lkj |          1.564 |      1.424 |      1.405 
       ijk-ikl-lj |          1.555 |      1.577 |      1.517 
       ijk-il-jlk |          1.314 |      1.205 |      1.203 
       ijk-ilk-jl |          1.541 |      1.520 |      1.504 
       ijk-ilk-lj |          1.566 |      1.582 |      1.532 
     ijk-ilmk-mjl |          1.529 |      1.459 |      1.403 
   ijkl-imjn-lnkm |          1.217 |      1.156 |      1.076 
   ijkl-imjn-nlmk |          1.201 |      1.136 |      1.103 
   ijkl-imkn-jnlm |          1.128 |      1.076 |      1.013 
   ijkl-imkn-njml |          1.183 |      1.120 |      1.058 
   ijkl-imln-jnkm |          1.120 |      1.057 |      1.000 
   ijkl-imln-njmk |          1.166 |      1.109 |      1.048 
   ijkl-imnj-nlkm |          1.199 |      1.136 |      1.089 
   ijkl-imnk-njml |          1.186 |      1.132 |      1.068 
   ijkl-minj-nlmk |          1.247 |      1.181 |      1.154 
   ijkl-mink-jnlm |          1.124 |      1.070 |      1.011 
   ijkl-minl-njmk |          1.199 |      1.138 |      1.074 
     aqrs-pa-pqrs |          1.405 |      1.280 |      1.252 
     abrs-qb-aqrs |          1.357 |      1.214 |      1.188 
     abcs-rc-abrs |          1.507 |      1.258 |      1.243 
       abj-bka-kj |          1.507 |      1.516 |      1.437 
       ajb-kba-jk |          1.259 |      1.285 |      1.230 
     abjc-cbka-kj |          2.046 |      1.940 |      1.781 
     ajbc-ckba-jk |          1.716 |      1.750 |      1.656 
     abjc-kbac-jk |          1.626 |      1.685 |      1.694 
   abjcd-dkbac-jk |          2.760 |      2.634 |      2.495 
   adbjc-cbdka-kj |          2.235 |      2.261 |      2.632 
   ajbdc-ckbad-jk |          2.727 |      2.632 |      2.483 
 abcijk-ijma-mkbc |          1.586 |      1.716 |      1.626 
 abcijk-ijmb-mkac |          1.407 |      1.375 |      1.230 
 abcijk-ijmc-mkab |          1.778 |      1.538 |      1.467 
 abcijk-ikma-mjbc |          1.591 |      1.700 |      1.621 
 abcijk-ikmb-mjac |          1.409 |      1.370 |      1.222 
 abcijk-ikmc-mjab |          1.788 |      1.515 |      1.484 
 abcijk-jkma-mibc |          1.600 |      1.702 |      1.625 
 abcijk-jkmb-miac |          1.397 |      1.373 |      1.232 
 abcijk-jkmc-miab |          1.704 |      1.457 |      1.422 
 abcijk-eiab-jkec |          1.319 |      1.536 |      1.621 
 abcijk-eiac-jkeb |          1.463 |      1.647 |      1.491 
 abcijk-eibc-jkea |          1.294 |      1.284 |      1.154 
 abcijk-ejab-ikec |          1.395 |      1.607 |      1.718 
 abcijk-ejac-ikeb |          1.523 |      1.702 |      1.539 
 abcijk-ejbc-ikea |          1.257 |      1.261 |      1.117 
 abcijk-ekab-ijec |          1.387 |      1.591 |      1.696 
 abcijk-ekac-ijeb |          1.484 |      1.649 |      1.486 
 abcijk-ekbc-ijea |          1.228 |      1.218 |      1.090 
       abc-bk-akc |          1.276 |      1.144 |      1.098 
             MEAN |          1.491 |      1.463 |      1.409 

wrote bench-results/phase4d/or-ba-f64c64.csv
