host        : worker5040
target      : x86_64 / linux
cpu features: avx2 fma 
caches      : L1=32KiB/8-way/1sh L2=512KiB/8-way/1sh L3=16384KiB/16-way/4sh (via sysfs), blocking=legacy
baselines   : tblis=false blas=false

sweeping 49 cases at 64 MiB nominal tensor size, 3 reps, stress=none


=== f32 ===
             case |      m |      n |     k | regA | regB | planar GF/s | 1m GF/s | 3m GF/s 
------------------+--------+--------+-------+------+------+-------------+---------+---------
         ij-ik-kj |   2904 |   2896 |  2904 | 1.00 | 1.00 |       700.6 |   700.6 |   700.6 
       ij-ikl-ljk |    216 |    204 | 44064 | 1.00 | 1.00 |       159.6 |   159.6 |   159.6 
       ij-kil-lkj |    216 |    204 | 46656 | 1.00 | 1.00 |       173.5 |   173.5 |   173.5 
       ijk-ikl-lj |  44064 |    204 |   216 | 1.00 | 1.00 |       320.0 |   320.0 |   320.0 
       ijk-il-jlk |    216 |  44064 |   204 | 1.00 | 1.00 |       623.2 |   623.2 |   623.2 
       ijk-ilk-jl |  44064 |    216 |   204 | 0.96 | 1.00 |       308.9 |   308.9 |   308.9 
       ijk-ilk-lj |  44064 |    204 |   216 | 0.96 | 1.00 |       323.8 |   323.8 |   323.8 
     ijk-ilmk-mjl |   3744 |     52 |  3744 | 0.89 | 1.00 |       124.5 |   124.5 |   124.5 
   ijkl-imjn-lnkm |   3744 |   3744 |  2704 | 0.89 | 0.92 |       754.6 |   754.6 |   754.6 
   ijkl-imjn-nlmk |   3744 |   2704 |  3744 | 0.89 | 0.92 |       688.6 |   688.6 |   688.6 
   ijkl-imkn-jnlm |   3744 |   3744 |  2704 | 0.89 | 1.00 |       949.5 |   949.5 |   949.5 
   ijkl-imkn-njml |   3744 |   2704 |  3744 | 0.89 | 0.92 |       947.2 |   947.2 |   947.2 
   ijkl-imln-jnkm |   3744 |   3744 |  2704 | 0.89 | 1.00 |       773.5 |   773.5 |   773.5 
   ijkl-imln-njmk |   3744 |   2704 |  3744 | 0.89 | 0.92 |       853.8 |   853.8 |   853.8 
   ijkl-imnj-nlkm |   3744 |   2704 |  3744 | 0.89 | 0.92 |       759.4 |   759.4 |   759.4 
   ijkl-imnk-njml |   3744 |   2704 |  3744 | 0.89 | 0.92 |       930.9 |   930.9 |   930.9 
   ijkl-minj-nlmk |   3744 |   2704 |  5184 | 0.89 | 0.92 |       775.3 |   775.3 |   775.3 
   ijkl-mink-jnlm |   3744 |   3744 |  3744 | 0.89 | 1.00 |       808.8 |   808.8 |   808.8 
   ijkl-minl-njmk |   3744 |   2704 |  5184 | 0.89 | 0.92 |       968.9 |   968.9 |   968.9 
     aqrs-pa-pqrs |     72 | 140608 |    72 | 1.00 | 1.00 |       358.4 |   358.4 |   358.4 
     abrs-qb-aqrs |     52 | 194688 |    72 | 0.89 | 1.00 |       158.6 |   158.6 |   158.6 
     abcs-rc-abrs |     52 | 194688 |    72 | 1.00 | 1.00 |       196.5 |   196.5 |   196.5 
       abj-bka-kj |  46656 |    204 |   216 | 0.96 | 1.00 |       370.3 |   370.3 |   370.3 
       ajb-kba-jk |  44064 |    216 |   216 | 0.96 | 1.00 |       393.8 |   393.8 |   393.8 
     abjc-cbka-kj | 269568 |     52 |    72 | 0.89 | 1.00 |        55.4 |    55.4 |    55.4 
     ajbc-ckba-jk | 269568 |     72 |    52 | 0.89 | 1.00 |        87.7 |    87.7 |    87.7 
     abjc-kbac-jk | 194688 |     72 |    72 | 0.89 | 1.00 |       236.4 |   236.4 |   236.4 
   abjcd-dkbac-jk | 331776 |     24 |    24 | 0.67 | 1.00 |        22.8 |    22.8 |    22.8 
   adbjc-cbdka-kj | 331776 |     24 |    24 | 0.67 | 1.00 |        23.3 |    23.3 |    23.3 
   ajbdc-ckbad-jk | 331776 |     24 |    24 | 1.00 | 1.00 |        27.8 |    27.8 |    27.8 
 abcijk-ijma-mkbc |   9216 |   4096 |    24 | 1.00 | 1.00 |       166.9 |   166.9 |   166.9 
 abcijk-ijmb-mkac |   6144 |   6144 |    24 | 1.00 | 1.00 |       149.5 |   149.5 |   149.5 
 abcijk-ijmc-mkab |   6144 |   6144 |    24 | 1.00 | 0.75 |       153.3 |   153.3 |   153.3 
 abcijk-ikma-mjbc |   9216 |   4096 |    24 | 1.00 | 1.00 |       179.5 |   179.5 |   179.5 
 abcijk-ikmb-mjac |   6144 |   6144 |    24 | 1.00 | 1.00 |       179.3 |   179.3 |   179.3 
 abcijk-ikmc-mjab |   6144 |   6144 |    24 | 1.00 | 0.75 |       180.7 |   180.7 |   180.7 
 abcijk-jkma-mibc |   9216 |   4096 |    24 | 1.00 | 1.00 |       192.7 |   192.7 |   192.7 
 abcijk-jkmb-miac |   6144 |   6144 |    24 | 1.00 | 1.00 |       161.1 |   161.1 |   161.1 
 abcijk-jkmc-miab |   6144 |   6144 |    24 | 1.00 | 0.75 |       139.5 |   139.5 |   139.5 
 abcijk-eiab-jkec |   6144 |   6144 |    24 | 1.00 | 0.75 |       147.1 |   147.1 |   147.1 
 abcijk-eiac-jkeb |   6144 |   6144 |    24 | 1.00 | 1.00 |       162.9 |   162.9 |   162.9 
 abcijk-eibc-jkea |   4096 |   9216 |    24 | 1.00 | 1.00 |       183.1 |   183.1 |   183.1 
 abcijk-ejab-ikec |   6144 |   6144 |    24 | 1.00 | 0.75 |       146.5 |   146.5 |   146.5 
 abcijk-ejac-ikeb |   6144 |   6144 |    24 | 1.00 | 1.00 |       164.9 |   164.9 |   164.9 
 abcijk-ejbc-ikea |   4096 |   9216 |    24 | 1.00 | 1.00 |       211.4 |   211.4 |   211.4 
 abcijk-ekab-ijec |   6144 |   6144 |    24 | 1.00 | 0.75 |       158.0 |   158.0 |   158.0 
 abcijk-ekac-ijeb |   6144 |   6144 |    24 | 1.00 | 1.00 |       155.4 |   155.4 |   155.4 
 abcijk-ekbc-ijea |   4096 |   9216 |    24 | 1.00 | 1.00 |       234.1 |   234.1 |   234.1 
       abc-bk-akc |    216 |  44064 |   204 | 0.96 | 1.00 |       414.1 |   414.1 |   414.1 

=== c32 ===
             case |      m |      n |     k | regA | regB | planar GF/s | 1m GF/s | 3m GF/s 
------------------+--------+--------+-------+------+------+-------------+---------+---------
         ij-ik-kj |   2904 |   2896 |  2904 | 1.00 | 1.00 |      1026.5 |  1043.7 |   926.4 
       ij-ikl-ljk |    216 |    204 | 44064 | 1.00 | 1.00 |       281.5 |   265.9 |   248.5 
       ij-kil-lkj |    216 |    204 | 46656 | 1.00 | 1.00 |       300.2 |   303.5 |   295.0 
       ijk-ikl-lj |  44064 |    204 |   216 | 1.00 | 1.00 |       640.9 |   772.6 |   755.0 
       ijk-il-jlk |    216 |  44064 |   204 | 1.00 | 0.98 |      1224.5 |  1342.0 |  1094.6 
       ijk-ilk-jl |  44064 |    216 |   204 | 1.00 | 1.00 |       696.4 |   863.0 |   670.6 
       ijk-ilk-lj |  44064 |    204 |   216 | 1.00 | 1.00 |       710.4 |   739.9 |   792.3 
     ijk-ilmk-mjl |   3744 |     52 |  3744 | 1.00 | 1.00 |       297.5 |   232.6 |   254.7 
   ijkl-imjn-lnkm |   3744 |   3744 |  2704 | 1.00 | 0.92 |      1007.0 |  1184.6 |  1012.8 
   ijkl-imjn-nlmk |   3744 |   2704 |  3744 | 1.00 | 0.92 |      1142.7 |  1169.5 |  1137.4 
   ijkl-imkn-jnlm |   3744 |   3744 |  2704 | 1.00 | 0.95 |      1377.4 |  1429.9 |  1116.9 
   ijkl-imkn-njml |   3744 |   2704 |  3744 | 1.00 | 0.92 |      1262.1 |  1336.6 |  1145.4 
   ijkl-imln-jnkm |   3744 |   3744 |  2704 | 1.00 | 0.95 |      1131.6 |  1305.1 |  1198.5 
   ijkl-imln-njmk |   3744 |   2704 |  3744 | 1.00 | 0.92 |      1196.0 |  1132.1 |  1133.1 
   ijkl-imnj-nlkm |   3744 |   2704 |  3744 | 1.00 | 0.92 |      1205.2 |  1319.9 |  1095.2 
   ijkl-imnk-njml |   3744 |   2704 |  3744 | 1.00 | 0.92 |      1357.2 |  1253.9 |  1135.8 
   ijkl-minj-nlmk |   3744 |   2704 |  5184 | 1.00 | 0.92 |      1324.4 |  1346.5 |  1209.0 
   ijkl-mink-jnlm |   3744 |   3744 |  3744 | 1.00 | 0.95 |      1505.0 |  1566.4 |  1402.3 
   ijkl-minl-njmk |   3744 |   2704 |  5184 | 1.00 | 0.92 |      1605.2 |  1372.4 |  1187.7 
     aqrs-pa-pqrs |     72 | 140608 |    72 | 1.00 | 1.00 |       767.5 |   660.8 |   698.0 
     abrs-qb-aqrs |     52 | 194688 |    72 | 1.00 | 1.00 |       397.1 |   311.7 |   328.7 
     abcs-rc-abrs |     52 | 194688 |    72 | 1.00 | 1.00 |       436.1 |   325.3 |   347.2 
       abj-bka-kj |  46656 |    204 |   216 | 1.00 | 1.00 |       684.8 |   615.1 |   526.3 
       ajb-kba-jk |  44064 |    216 |   216 | 1.00 | 1.00 |       755.1 |   830.8 |   983.2 
     abjc-cbka-kj | 269568 |     52 |    72 | 1.00 | 1.00 |       156.3 |   159.7 |   160.7 
     ajbc-ckba-jk | 269568 |     72 |    52 | 1.00 | 1.00 |       192.8 |   203.2 |   192.5 
     abjc-kbac-jk | 194688 |     72 |    72 | 1.00 | 1.00 |       491.6 |   404.5 |   457.2 
   abjcd-dkbac-jk | 331776 |     24 |    24 | 1.00 | 1.00 |        71.3 |    78.5 |    68.6 
   adbjc-cbdka-kj | 331776 |     24 |    24 | 1.00 | 1.00 |        67.7 |    67.5 |    66.3 
   ajbdc-ckbad-jk | 331776 |     24 |    24 | 1.00 | 1.00 |        75.1 |    69.3 |    67.6 
 abcijk-ijma-mkbc |   9216 |   4096 |    24 | 1.00 | 0.99 |       324.1 |   326.6 |   277.2 
 abcijk-ijmb-mkac |   6144 |   6144 |    24 | 1.00 | 0.75 |       313.8 |   252.2 |   247.8 
 abcijk-ijmc-mkab |   6144 |   6144 |    24 | 1.00 | 0.75 |       203.1 |   200.8 |   178.9 
 abcijk-ikma-mjbc |   9216 |   4096 |    24 | 1.00 | 0.99 |       332.5 |   315.5 |   308.0 
 abcijk-ikmb-mjac |   6144 |   6144 |    24 | 1.00 | 0.75 |       283.5 |   307.5 |   279.2 
 abcijk-ikmc-mjab |   6144 |   6144 |    24 | 1.00 | 0.75 |       200.0 |   196.1 |   183.1 
 abcijk-jkma-mibc |   9216 |   4096 |    24 | 1.00 | 0.99 |       347.9 |   349.7 |   304.0 
 abcijk-jkmb-miac |   6144 |   6144 |    24 | 1.00 | 0.75 |       295.5 |   287.9 |   258.6 
 abcijk-jkmc-miab |   6144 |   6144 |    24 | 1.00 | 0.75 |       191.1 |   181.6 |   185.1 
 abcijk-eiab-jkec |   6144 |   6144 |    24 | 1.00 | 0.75 |       187.1 |   187.7 |   181.6 
 abcijk-eiac-jkeb |   6144 |   6144 |    24 | 1.00 | 0.75 |       283.7 |   258.0 |   279.6 
 abcijk-eibc-jkea |   4096 |   9216 |    24 | 1.00 | 0.99 |       316.8 |   305.7 |   307.9 
 abcijk-ejab-ikec |   6144 |   6144 |    24 | 1.00 | 0.75 |       201.7 |   199.5 |   184.4 
 abcijk-ejac-ikeb |   6144 |   6144 |    24 | 1.00 | 0.75 |       305.5 |   292.0 |   261.8 
 abcijk-ejbc-ikea |   4096 |   9216 |    24 | 1.00 | 0.99 |       323.9 |   310.8 |   286.2 
 abcijk-ekab-ijec |   6144 |   6144 |    24 | 1.00 | 0.75 |       188.6 |   200.1 |   180.8 
 abcijk-ekac-ijeb |   6144 |   6144 |    24 | 1.00 | 0.75 |       297.0 |   287.5 |   266.9 
 abcijk-ekbc-ijea |   4096 |   9216 |    24 | 1.00 | 0.99 |       320.5 |   333.0 |   319.4 
       abc-bk-akc |    216 |  44064 |   204 | 1.00 | 1.00 |       712.0 |   623.7 |   639.3 

=== complex efficiency ratio (c32 GF/s over f32 GF/s; 1.0 = no penalty) ===
             case | planar c32/f32 | 1m c32/f32 | 3m c32/f32 
------------------+----------------+------------+------------
         ij-ik-kj |          1.465 |      1.490 |      1.322 
       ij-ikl-ljk |          1.764 |      1.666 |      1.557 
       ij-kil-lkj |          1.730 |      1.750 |      1.701 
       ijk-ikl-lj |          2.003 |      2.415 |      2.360 
       ijk-il-jlk |          1.965 |      2.153 |      1.757 
       ijk-ilk-jl |          2.254 |      2.794 |      2.171 
       ijk-ilk-lj |          2.194 |      2.285 |      2.447 
     ijk-ilmk-mjl |          2.389 |      1.867 |      2.045 
   ijkl-imjn-lnkm |          1.334 |      1.570 |      1.342 
   ijkl-imjn-nlmk |          1.660 |      1.698 |      1.652 
   ijkl-imkn-jnlm |          1.451 |      1.506 |      1.176 
   ijkl-imkn-njml |          1.332 |      1.411 |      1.209 
   ijkl-imln-jnkm |          1.463 |      1.687 |      1.549 
   ijkl-imln-njmk |          1.401 |      1.326 |      1.327 
   ijkl-imnj-nlkm |          1.587 |      1.738 |      1.442 
   ijkl-imnk-njml |          1.458 |      1.347 |      1.220 
   ijkl-minj-nlmk |          1.708 |      1.737 |      1.559 
   ijkl-mink-jnlm |          1.861 |      1.937 |      1.734 
   ijkl-minl-njmk |          1.657 |      1.416 |      1.226 
     aqrs-pa-pqrs |          2.141 |      1.843 |      1.947 
     abrs-qb-aqrs |          2.503 |      1.965 |      2.072 
     abcs-rc-abrs |          2.219 |      1.656 |      1.767 
       abj-bka-kj |          1.850 |      1.661 |      1.421 
       ajb-kba-jk |          1.917 |      2.110 |      2.496 
     abjc-cbka-kj |          2.823 |      2.885 |      2.902 
     ajbc-ckba-jk |          2.199 |      2.318 |      2.196 
     abjc-kbac-jk |          2.079 |      1.711 |      1.934 
   abjcd-dkbac-jk |          3.119 |      3.435 |      3.001 
   adbjc-cbdka-kj |          2.909 |      2.901 |      2.850 
   ajbdc-ckbad-jk |          2.705 |      2.496 |      2.436 
 abcijk-ijma-mkbc |          1.942 |      1.957 |      1.661 
 abcijk-ijmb-mkac |          2.099 |      1.687 |      1.658 
 abcijk-ijmc-mkab |          1.325 |      1.310 |      1.167 
 abcijk-ikma-mjbc |          1.853 |      1.758 |      1.716 
 abcijk-ikmb-mjac |          1.581 |      1.715 |      1.557 
 abcijk-ikmc-mjab |          1.107 |      1.085 |      1.014 
 abcijk-jkma-mibc |          1.805 |      1.814 |      1.577 
 abcijk-jkmb-miac |          1.834 |      1.787 |      1.605 
 abcijk-jkmc-miab |          1.370 |      1.302 |      1.327 
 abcijk-eiab-jkec |          1.273 |      1.277 |      1.235 
 abcijk-eiac-jkeb |          1.741 |      1.584 |      1.716 
 abcijk-eibc-jkea |          1.731 |      1.670 |      1.682 
 abcijk-ejab-ikec |          1.377 |      1.362 |      1.258 
 abcijk-ejac-ikeb |          1.853 |      1.771 |      1.588 
 abcijk-ejbc-ikea |          1.532 |      1.470 |      1.354 
 abcijk-ekab-ijec |          1.193 |      1.266 |      1.144 
 abcijk-ekac-ijeb |          1.911 |      1.850 |      1.717 
 abcijk-ekbc-ijea |          1.369 |      1.422 |      1.364 
       abc-bk-akc |          1.720 |      1.506 |      1.544 
             MEAN |          1.832 |      1.803 |      1.708 

wrote bench-results/worker5040-zen2/phase4f/th-t64-f32c32.csv
