host        : worker5040
target      : x86_64 / linux
cpu features: avx2 fma 
caches      : L1=32KiB/8-way/1sh L2=512KiB/8-way/1sh L3=16384KiB/16-way/4sh (via sysfs), blocking=legacy
baselines   : tblis=false blas=false

sweeping 49 cases at 64 MiB nominal tensor size, 3 reps, stress=none


=== f64 ===
             case |      m |      n |     k | regA | regB | planar GF/s | 1m GF/s | 3m GF/s 
------------------+--------+--------+-------+------+------+-------------+---------+---------
         ij-ik-kj |   2904 |   2896 |  2904 | 1.00 | 1.00 |        80.7 |    80.7 |    80.7 
       ij-ikl-ljk |    216 |    204 | 44064 | 1.00 | 1.00 |        58.8 |    58.8 |    58.8 
       ij-kil-lkj |    216 |    204 | 46656 | 1.00 | 1.00 |        58.7 |    58.7 |    58.7 
       ijk-ikl-lj |  44064 |    204 |   216 | 1.00 | 1.00 |        68.5 |    68.5 |    68.5 
       ijk-il-jlk |    216 |  44064 |   204 | 1.00 | 1.00 |        68.2 |    68.2 |    68.2 
       ijk-ilk-jl |  44064 |    216 |   204 | 1.00 | 1.00 |        78.5 |    78.5 |    78.5 
       ijk-ilk-lj |  44064 |    204 |   216 | 1.00 | 1.00 |        78.5 |    78.5 |    78.5 
     ijk-ilmk-mjl |   3744 |     52 |  3744 | 1.00 | 1.00 |        58.5 |    58.5 |    58.5 
   ijkl-imjn-lnkm |   3744 |   3744 |  2704 | 1.00 | 0.92 |        81.8 |    81.8 |    81.8 
   ijkl-imjn-nlmk |   3744 |   2704 |  3744 | 1.00 | 0.92 |        82.0 |    82.0 |    82.0 
   ijkl-imkn-jnlm |   3744 |   3744 |  2704 | 1.00 | 1.00 |        78.4 |    78.4 |    78.4 
   ijkl-imkn-njml |   3744 |   2704 |  3744 | 1.00 | 0.92 |        79.3 |    79.3 |    79.3 
   ijkl-imln-jnkm |   3744 |   3744 |  2704 | 1.00 | 1.00 |        79.0 |    79.0 |    79.0 
   ijkl-imln-njmk |   3744 |   2704 |  3744 | 1.00 | 0.92 |        79.3 |    79.3 |    79.3 
   ijkl-imnj-nlkm |   3744 |   2704 |  3744 | 1.00 | 0.92 |        82.1 |    82.1 |    82.1 
   ijkl-imnk-njml |   3744 |   2704 |  3744 | 1.00 | 0.92 |        79.5 |    79.5 |    79.5 
   ijkl-minj-nlmk |   3744 |   2704 |  5184 | 1.00 | 0.92 |        80.7 |    80.7 |    80.7 
   ijkl-mink-jnlm |   3744 |   3744 |  3744 | 1.00 | 1.00 |        77.8 |    77.8 |    77.8 
   ijkl-minl-njmk |   3744 |   2704 |  5184 | 1.00 | 0.92 |        77.7 |    77.7 |    77.7 
     aqrs-pa-pqrs |     72 | 140608 |    72 | 1.00 | 1.00 |        42.2 |    42.2 |    42.2 
     abrs-qb-aqrs |     52 | 194688 |    72 | 1.00 | 1.00 |        47.7 |    47.7 |    47.7 
     abcs-rc-abrs |     52 | 194688 |    72 | 1.00 | 1.00 |        44.5 |    44.5 |    44.5 
       abj-bka-kj |  46656 |    204 |   216 | 1.00 | 1.00 |        74.1 |    74.1 |    74.1 
       ajb-kba-jk |  44064 |    216 |   216 | 1.00 | 1.00 |        81.0 |    81.0 |    81.0 
     abjc-cbka-kj | 269568 |     52 |    72 | 1.00 | 1.00 |        20.2 |    20.2 |    20.2 
     ajbc-ckba-jk | 269568 |     72 |    52 | 1.00 | 1.00 |        24.7 |    24.7 |    24.7 
     abjc-kbac-jk | 194688 |     72 |    72 | 1.00 | 1.00 |        60.6 |    60.6 |    60.6 
   abjcd-dkbac-jk | 331776 |     24 |    24 | 1.00 | 1.00 |        10.3 |    10.3 |    10.3 
   adbjc-cbdka-kj | 331776 |     24 |    24 | 1.00 | 1.00 |         8.8 |     8.8 |     8.8 
   ajbdc-ckbad-jk | 331776 |     24 |    24 | 1.00 | 1.00 |        10.0 |    10.0 |    10.0 
 abcijk-ijma-mkbc |   9216 |   4096 |    24 | 1.00 | 0.99 |        42.6 |    42.6 |    42.6 
 abcijk-ijmb-mkac |   6144 |   6144 |    24 | 1.00 | 0.75 |        38.3 |    38.3 |    38.3 
 abcijk-ijmc-mkab |   6144 |   6144 |    24 | 1.00 | 0.75 |        46.4 |    46.4 |    46.4 
 abcijk-ikma-mjbc |   9216 |   4096 |    24 | 1.00 | 0.99 |        42.6 |    42.6 |    42.6 
 abcijk-ikmb-mjac |   6144 |   6144 |    24 | 1.00 | 0.75 |        38.0 |    38.0 |    38.0 
 abcijk-ikmc-mjab |   6144 |   6144 |    24 | 1.00 | 0.75 |        45.9 |    45.9 |    45.9 
 abcijk-jkma-mibc |   9216 |   4096 |    24 | 1.00 | 0.99 |        43.2 |    43.2 |    43.2 
 abcijk-jkmb-miac |   6144 |   6144 |    24 | 1.00 | 0.75 |        37.5 |    37.5 |    37.5 
 abcijk-jkmc-miab |   6144 |   6144 |    24 | 1.00 | 0.75 |        43.5 |    43.5 |    43.5 
 abcijk-eiab-jkec |   6144 |   6144 |    24 | 1.00 | 0.75 |        43.3 |    43.3 |    43.3 
 abcijk-eiac-jkeb |   6144 |   6144 |    24 | 1.00 | 0.75 |        37.6 |    37.6 |    37.6 
 abcijk-eibc-jkea |   4096 |   9216 |    24 | 1.00 | 0.99 |        43.5 |    43.5 |    43.5 
 abcijk-ejab-ikec |   6144 |   6144 |    24 | 1.00 | 0.75 |        45.9 |    45.9 |    45.9 
 abcijk-ejac-ikeb |   6144 |   6144 |    24 | 1.00 | 0.75 |        38.1 |    38.1 |    38.1 
 abcijk-ejbc-ikea |   4096 |   9216 |    24 | 1.00 | 0.99 |        42.6 |    42.6 |    42.6 
 abcijk-ekab-ijec |   6144 |   6144 |    24 | 1.00 | 0.75 |        46.5 |    46.5 |    46.5 
 abcijk-ekac-ijeb |   6144 |   6144 |    24 | 1.00 | 0.75 |        38.2 |    38.2 |    38.2 
 abcijk-ekbc-ijea |   4096 |   9216 |    24 | 1.00 | 0.99 |        42.7 |    42.7 |    42.7 
       abc-bk-akc |    216 |  44064 |   204 | 1.00 | 1.00 |        78.6 |    78.6 |    78.6 

=== c64 ===
             case |      m |      n |     k | regA | regB | planar GF/s | 1m GF/s | 3m GF/s 
------------------+--------+--------+-------+------+------+-------------+---------+---------
         ij-ik-kj |   2904 |   2896 |  2904 | 1.00 | 1.00 |        86.3 |    86.8 |    86.1 
       ij-ikl-ljk |    216 |    204 | 44064 | 1.00 | 1.00 |        75.4 |    80.1 |    71.9 
       ij-kil-lkj |    216 |    204 | 46656 | 1.00 | 1.00 |        76.0 |    79.3 |    78.1 
       ijk-ikl-lj |  44064 |    204 |   216 | 1.00 | 1.00 |        80.8 |    81.4 |    80.6 
       ijk-il-jlk |    216 |  44064 |   204 | 1.00 | 0.98 |        83.7 |    85.6 |    77.8 
       ijk-ilk-jl |  44064 |    216 |   204 | 1.00 | 1.00 |        85.4 |    89.7 |    81.4 
       ijk-ilk-lj |  44064 |    204 |   216 | 1.00 | 1.00 |        86.8 |    89.8 |    81.6 
     ijk-ilmk-mjl |   3744 |     52 |  3744 | 1.00 | 1.00 |        69.5 |    71.5 |    59.1 
   ijkl-imjn-lnkm |   3744 |   3744 |  2704 | 1.00 | 0.92 |        87.0 |    89.5 |    84.2 
   ijkl-imjn-nlmk |   3744 |   2704 |  3744 | 1.00 | 0.92 |        86.9 |    89.1 |    83.7 
   ijkl-imkn-jnlm |   3744 |   3744 |  2704 | 1.00 | 0.95 |        85.7 |    87.2 |    81.5 
   ijkl-imkn-njml |   3744 |   2704 |  3744 | 1.00 | 0.92 |        86.0 |    87.2 |    81.6 
   ijkl-imln-jnkm |   3744 |   3744 |  2704 | 1.00 | 0.95 |        85.8 |    87.5 |    81.7 
   ijkl-imln-njmk |   3744 |   2704 |  3744 | 1.00 | 0.92 |        86.1 |    87.4 |    81.8 
   ijkl-imnj-nlkm |   3744 |   2704 |  3744 | 1.00 | 0.92 |        87.2 |    89.6 |    84.0 
   ijkl-imnk-njml |   3744 |   2704 |  3744 | 1.00 | 0.92 |        86.4 |    87.5 |    81.8 
   ijkl-minj-nlmk |   3744 |   2704 |  5184 | 1.00 | 0.92 |        86.4 |    88.4 |    86.0 
   ijkl-mink-jnlm |   3744 |   3744 |  3744 | 1.00 | 0.95 |        85.7 |    86.8 |    83.7 
   ijkl-minl-njmk |   3744 |   2704 |  5184 | 1.00 | 0.92 |        85.4 |    86.0 |    83.6 
     aqrs-pa-pqrs |     72 | 140608 |    72 | 1.00 | 1.00 |        61.3 |    65.2 |    59.2 
     abrs-qb-aqrs |     52 | 194688 |    72 | 1.00 | 1.00 |        60.9 |    64.4 |    58.7 
     abcs-rc-abrs |     52 | 194688 |    72 | 1.00 | 1.00 |        58.9 |    65.5 |    60.2 
       abj-bka-kj |  46656 |    204 |   216 | 1.00 | 1.00 |        80.9 |    80.7 |    81.1 
       ajb-kba-jk |  44064 |    216 |   216 | 1.00 | 1.00 |        87.3 |    91.1 |    89.7 
     abjc-cbka-kj | 269568 |     52 |    72 | 1.00 | 1.00 |        40.5 |    36.3 |    40.6 
     ajbc-ckba-jk | 269568 |     72 |    52 | 1.00 | 1.00 |        43.7 |    40.9 |    43.5 
     abjc-kbac-jk | 194688 |     72 |    72 | 1.00 | 1.00 |        70.3 |    76.1 |    75.5 
   abjcd-dkbac-jk | 331776 |     24 |    24 | 1.00 | 1.00 |        22.9 |    20.8 |    22.2 
   adbjc-cbdka-kj | 331776 |     24 |    24 | 1.00 | 1.00 |        20.5 |    18.4 |    20.0 
   ajbdc-ckbad-jk | 331776 |     24 |    24 | 1.00 | 1.00 |        22.0 |    20.0 |    21.6 
 abcijk-ijma-mkbc |   9216 |   4096 |    24 | 1.00 | 0.99 |        52.9 |    58.1 |    52.4 
 abcijk-ijmb-mkac |   6144 |   6144 |    24 | 1.00 | 0.75 |        52.4 |    57.7 |    51.0 
 abcijk-ijmc-mkab |   6144 |   6144 |    24 | 1.00 | 0.75 |        58.3 |    65.5 |    56.8 
 abcijk-ikma-mjbc |   9216 |   4096 |    24 | 1.00 | 0.99 |        52.9 |    58.2 |    52.5 
 abcijk-ikmb-mjac |   6144 |   6144 |    24 | 1.00 | 0.75 |        52.5 |    57.8 |    50.8 
 abcijk-ikmc-mjab |   6144 |   6144 |    24 | 1.00 | 0.75 |        57.8 |    65.4 |    56.6 
 abcijk-jkma-mibc |   9216 |   4096 |    24 | 1.00 | 0.99 |        52.8 |    58.0 |    52.6 
 abcijk-jkmb-miac |   6144 |   6144 |    24 | 1.00 | 0.75 |        51.2 |    55.3 |    50.8 
 abcijk-jkmc-miab |   6144 |   6144 |    24 | 1.00 | 0.75 |        55.9 |    58.5 |    55.8 
 abcijk-eiab-jkec |   6144 |   6144 |    24 | 1.00 | 0.75 |        56.1 |    58.7 |    55.9 
 abcijk-eiac-jkeb |   6144 |   6144 |    24 | 1.00 | 0.75 |        51.5 |    55.4 |    51.0 
 abcijk-eibc-jkea |   4096 |   9216 |    24 | 1.00 | 0.99 |        53.1 |    58.3 |    52.5 
 abcijk-ejab-ikec |   6144 |   6144 |    24 | 1.00 | 0.75 |        58.1 |    65.6 |    56.9 
 abcijk-ejac-ikeb |   6144 |   6144 |    24 | 1.00 | 0.75 |        52.5 |    57.7 |    51.2 
 abcijk-ejbc-ikea |   4096 |   9216 |    24 | 1.00 | 0.99 |        52.8 |    58.3 |    52.4 
 abcijk-ekab-ijec |   6144 |   6144 |    24 | 1.00 | 0.75 |        58.4 |    65.8 |    56.8 
 abcijk-ekac-ijeb |   6144 |   6144 |    24 | 1.00 | 0.75 |        52.5 |    57.7 |    50.9 
 abcijk-ekbc-ijea |   4096 |   9216 |    24 | 1.00 | 0.99 |        52.8 |    58.3 |    52.5 
       abc-bk-akc |    216 |  44064 |   204 | 1.00 | 1.00 |        85.4 |    89.2 |    81.4 

=== complex efficiency ratio (c64 GF/s over f64 GF/s; 1.0 = no penalty) ===
             case | planar c64/f64 | 1m c64/f64 | 3m c64/f64 
------------------+----------------+------------+------------
         ij-ik-kj |          1.070 |      1.076 |      1.067 
       ij-ikl-ljk |          1.283 |      1.362 |      1.223 
       ij-kil-lkj |          1.294 |      1.351 |      1.330 
       ijk-ikl-lj |          1.180 |      1.189 |      1.177 
       ijk-il-jlk |          1.226 |      1.254 |      1.141 
       ijk-ilk-jl |          1.088 |      1.142 |      1.036 
       ijk-ilk-lj |          1.105 |      1.144 |      1.039 
     ijk-ilmk-mjl |          1.187 |      1.222 |      1.010 
   ijkl-imjn-lnkm |          1.063 |      1.093 |      1.029 
   ijkl-imjn-nlmk |          1.059 |      1.086 |      1.021 
   ijkl-imkn-jnlm |          1.093 |      1.113 |      1.040 
   ijkl-imkn-njml |          1.084 |      1.099 |      1.029 
   ijkl-imln-jnkm |          1.087 |      1.109 |      1.035 
   ijkl-imln-njmk |          1.086 |      1.101 |      1.031 
   ijkl-imnj-nlkm |          1.062 |      1.091 |      1.022 
   ijkl-imnk-njml |          1.087 |      1.101 |      1.030 
   ijkl-minj-nlmk |          1.070 |      1.095 |      1.066 
   ijkl-mink-jnlm |          1.102 |      1.117 |      1.077 
   ijkl-minl-njmk |          1.098 |      1.107 |      1.076 
     aqrs-pa-pqrs |          1.452 |      1.544 |      1.402 
     abrs-qb-aqrs |          1.278 |      1.352 |      1.232 
     abcs-rc-abrs |          1.324 |      1.472 |      1.353 
       abj-bka-kj |          1.093 |      1.089 |      1.095 
       ajb-kba-jk |          1.077 |      1.125 |      1.107 
     abjc-cbka-kj |          2.003 |      1.794 |      2.006 
     ajbc-ckba-jk |          1.774 |      1.658 |      1.764 
     abjc-kbac-jk |          1.160 |      1.256 |      1.246 
   abjcd-dkbac-jk |          2.218 |      2.017 |      2.155 
   adbjc-cbdka-kj |          2.333 |      2.097 |      2.274 
   ajbdc-ckbad-jk |          2.210 |      2.011 |      2.169 
 abcijk-ijma-mkbc |          1.242 |      1.365 |      1.231 
 abcijk-ijmb-mkac |          1.366 |      1.507 |      1.332 
 abcijk-ijmc-mkab |          1.257 |      1.411 |      1.223 
 abcijk-ikma-mjbc |          1.241 |      1.366 |      1.233 
 abcijk-ikmb-mjac |          1.380 |      1.518 |      1.336 
 abcijk-ikmc-mjab |          1.260 |      1.427 |      1.234 
 abcijk-jkma-mibc |          1.224 |      1.342 |      1.218 
 abcijk-jkmb-miac |          1.366 |      1.475 |      1.354 
 abcijk-jkmc-miab |          1.285 |      1.345 |      1.284 
 abcijk-eiab-jkec |          1.295 |      1.354 |      1.289 
 abcijk-eiac-jkeb |          1.370 |      1.473 |      1.356 
 abcijk-eibc-jkea |          1.219 |      1.339 |      1.206 
 abcijk-ejab-ikec |          1.267 |      1.430 |      1.239 
 abcijk-ejac-ikeb |          1.376 |      1.515 |      1.342 
 abcijk-ejbc-ikea |          1.238 |      1.367 |      1.229 
 abcijk-ekab-ijec |          1.255 |      1.414 |      1.221 
 abcijk-ekac-ijeb |          1.373 |      1.509 |      1.331 
 abcijk-ekbc-ijea |          1.237 |      1.364 |      1.228 
       abc-bk-akc |          1.086 |      1.135 |      1.036 
             MEAN |          1.298 |      1.345 |      1.269 

wrote bench-results/worker5040-zen2/phase4f/th-t2-f64c64.csv
