host        : worker5040
target      : x86_64 / linux
cpu features: avx2 fma 
caches      : L1=32KiB/8-way/1sh L2=512KiB/8-way/1sh L3=16384KiB/16-way/4sh (via sysfs), blocking=legacy
baselines   : tblis=false blas=false

sweeping 49 cases at 64 MiB nominal tensor size, 3 reps, stress=none


=== f32 ===
             case |      m |      n |     k | regA | regB | planar GF/s | 1m GF/s | 3m GF/s 
------------------+--------+--------+-------+------+------+-------------+---------+---------
         ij-ik-kj |   2904 |   2896 |  2904 | 1.00 | 1.00 |       959.4 |   959.4 |   959.4 
       ij-ikl-ljk |    216 |    204 | 44064 | 1.00 | 1.00 |       143.3 |   143.3 |   143.3 
       ij-kil-lkj |    216 |    204 | 46656 | 1.00 | 1.00 |       200.1 |   200.1 |   200.1 
       ijk-ikl-lj |  44064 |    204 |   216 | 1.00 | 1.00 |       168.4 |   168.4 |   168.4 
       ijk-il-jlk |    216 |  44064 |   204 | 1.00 | 1.00 |       783.9 |   783.9 |   783.9 
       ijk-ilk-jl |  44064 |    216 |   204 | 0.96 | 1.00 |       152.8 |   152.8 |   152.8 
       ijk-ilk-lj |  44064 |    204 |   216 | 0.96 | 1.00 |       144.5 |   144.5 |   144.5 
     ijk-ilmk-mjl |   3744 |     52 |  3744 | 0.89 | 1.00 |        49.0 |    49.0 |    49.0 
   ijkl-imjn-lnkm |   3744 |   3744 |  2704 | 0.89 | 0.92 |      1195.3 |  1195.3 |  1195.3 
   ijkl-imjn-nlmk |   3744 |   2704 |  3744 | 0.89 | 0.92 |      1064.0 |  1064.0 |  1064.0 
   ijkl-imkn-jnlm |   3744 |   3744 |  2704 | 0.89 | 1.00 |      1273.3 |  1273.3 |  1273.3 
   ijkl-imkn-njml |   3744 |   2704 |  3744 | 0.89 | 0.92 |      1117.8 |  1117.8 |  1117.8 
   ijkl-imln-jnkm |   3744 |   3744 |  2704 | 0.89 | 1.00 |      1351.2 |  1351.2 |  1351.2 
   ijkl-imln-njmk |   3744 |   2704 |  3744 | 0.89 | 0.92 |      1067.2 |  1067.2 |  1067.2 
   ijkl-imnj-nlkm |   3744 |   2704 |  3744 | 0.89 | 0.92 |      1157.6 |  1157.6 |  1157.6 
   ijkl-imnk-njml |   3744 |   2704 |  3744 | 0.89 | 0.92 |      1140.3 |  1140.3 |  1140.3 
   ijkl-minj-nlmk |   3744 |   2704 |  5184 | 0.89 | 0.92 |      1185.5 |  1185.5 |  1185.5 
   ijkl-mink-jnlm |   3744 |   3744 |  3744 | 0.89 | 1.00 |      1475.2 |  1475.2 |  1475.2 
   ijkl-minl-njmk |   3744 |   2704 |  5184 | 0.89 | 0.92 |      1140.6 |  1140.6 |  1140.6 
     aqrs-pa-pqrs |     72 | 140608 |    72 | 1.00 | 1.00 |       392.2 |   392.2 |   392.2 
     abrs-qb-aqrs |     52 | 194688 |    72 | 0.89 | 1.00 |        64.6 |    64.6 |    64.6 
     abcs-rc-abrs |     52 | 194688 |    72 | 1.00 | 1.00 |        59.8 |    59.8 |    59.8 
       abj-bka-kj |  46656 |    204 |   216 | 0.96 | 1.00 |       154.2 |   154.2 |   154.2 
       ajb-kba-jk |  44064 |    216 |   216 | 0.96 | 1.00 |       214.8 |   214.8 |   214.8 
     abjc-cbka-kj | 269568 |     52 |    72 | 0.89 | 1.00 |        16.0 |    16.0 |    16.0 
     ajbc-ckba-jk | 269568 |     72 |    52 | 0.89 | 1.00 |        53.3 |    53.3 |    53.3 
     abjc-kbac-jk | 194688 |     72 |    72 | 0.89 | 1.00 |        94.9 |    94.9 |    94.9 
   abjcd-dkbac-jk | 331776 |     24 |    24 | 0.67 | 1.00 |         5.8 |     5.8 |     5.8 
   adbjc-cbdka-kj | 331776 |     24 |    24 | 0.67 | 1.00 |         5.6 |     5.6 |     5.6 
   ajbdc-ckbad-jk | 331776 |     24 |    24 | 1.00 | 1.00 |         6.1 |     6.1 |     6.1 
 abcijk-ijma-mkbc |   9216 |   4096 |    24 | 1.00 | 1.00 |       296.5 |   296.5 |   296.5 
 abcijk-ijmb-mkac |   6144 |   6144 |    24 | 1.00 | 1.00 |       402.7 |   402.7 |   402.7 
 abcijk-ijmc-mkab |   6144 |   6144 |    24 | 1.00 | 0.75 |       401.9 |   401.9 |   401.9 
 abcijk-ikma-mjbc |   9216 |   4096 |    24 | 1.00 | 1.00 |       284.3 |   284.3 |   284.3 
 abcijk-ikmb-mjac |   6144 |   6144 |    24 | 1.00 | 1.00 |       458.4 |   458.4 |   458.4 
 abcijk-ikmc-mjab |   6144 |   6144 |    24 | 1.00 | 0.75 |       458.8 |   458.8 |   458.8 
 abcijk-jkma-mibc |   9216 |   4096 |    24 | 1.00 | 1.00 |       276.4 |   276.4 |   276.4 
 abcijk-jkmb-miac |   6144 |   6144 |    24 | 1.00 | 1.00 |       462.0 |   462.0 |   462.0 
 abcijk-jkmc-miab |   6144 |   6144 |    24 | 1.00 | 0.75 |       438.8 |   438.8 |   438.8 
 abcijk-eiab-jkec |   6144 |   6144 |    24 | 1.00 | 0.75 |       442.2 |   442.2 |   442.2 
 abcijk-eiac-jkeb |   6144 |   6144 |    24 | 1.00 | 1.00 |       450.9 |   450.9 |   450.9 
 abcijk-eibc-jkea |   4096 |   9216 |    24 | 1.00 | 1.00 |       302.5 |   302.5 |   302.5 
 abcijk-ejab-ikec |   6144 |   6144 |    24 | 1.00 | 0.75 |       450.4 |   450.4 |   450.4 
 abcijk-ejac-ikeb |   6144 |   6144 |    24 | 1.00 | 1.00 |       455.8 |   455.8 |   455.8 
 abcijk-ejbc-ikea |   4096 |   9216 |    24 | 1.00 | 1.00 |       278.7 |   278.7 |   278.7 
 abcijk-ekab-ijec |   6144 |   6144 |    24 | 1.00 | 0.75 |       423.7 |   423.7 |   423.7 
 abcijk-ekac-ijeb |   6144 |   6144 |    24 | 1.00 | 1.00 |       412.8 |   412.8 |   412.8 
 abcijk-ekbc-ijea |   4096 |   9216 |    24 | 1.00 | 1.00 |       288.6 |   288.6 |   288.6 
       abc-bk-akc |    216 |  44064 |   204 | 0.96 | 1.00 |       154.9 |   154.9 |   154.9 

=== c32 ===
             case |      m |      n |     k | regA | regB | planar GF/s | 1m GF/s | 3m GF/s 
------------------+--------+--------+-------+------+------+-------------+---------+---------
         ij-ik-kj |   2904 |   2896 |  2904 | 1.00 | 1.00 |      1088.6 |   909.0 |   741.7 
       ij-ikl-ljk |    216 |    204 | 44064 | 1.00 | 1.00 |       423.7 |   235.8 |   262.9 
       ij-kil-lkj |    216 |    204 | 46656 | 1.00 | 1.00 |       402.0 |   395.6 |   388.0 
       ijk-ikl-lj |  44064 |    204 |   216 | 1.00 | 1.00 |       287.5 |   231.1 |   304.9 
       ijk-il-jlk |    216 |  44064 |   204 | 1.00 | 0.98 |      1337.3 |  1374.0 |  1098.2 
       ijk-ilk-jl |  44064 |    216 |   204 | 1.00 | 1.00 |       378.7 |   247.2 |   315.3 
       ijk-ilk-lj |  44064 |    204 |   216 | 1.00 | 1.00 |       365.5 |   232.7 |   282.2 
     ijk-ilmk-mjl |   3744 |     52 |  3744 | 1.00 | 1.00 |       131.7 |    96.1 |    92.4 
   ijkl-imjn-lnkm |   3744 |   3744 |  2704 | 1.00 | 0.92 |      1317.4 |  1054.2 |   864.0 
   ijkl-imjn-nlmk |   3744 |   2704 |  3744 | 1.00 | 0.92 |      1421.9 |  1148.6 |   906.3 
   ijkl-imkn-jnlm |   3744 |   3744 |  2704 | 1.00 | 0.95 |      1309.7 |  1148.3 |   820.2 
   ijkl-imkn-njml |   3744 |   2704 |  3744 | 1.00 | 0.92 |      1332.2 |  1032.2 |   909.3 
   ijkl-imln-jnkm |   3744 |   3744 |  2704 | 1.00 | 0.95 |      1365.3 |  1100.6 |   885.7 
   ijkl-imln-njmk |   3744 |   2704 |  3744 | 1.00 | 0.92 |      1265.0 |  1036.8 |   911.7 
   ijkl-imnj-nlkm |   3744 |   2704 |  3744 | 1.00 | 0.92 |      1368.5 |  1061.6 |   930.4 
   ijkl-imnk-njml |   3744 |   2704 |  3744 | 1.00 | 0.92 |      1313.8 |  1045.9 |   874.3 
   ijkl-minj-nlmk |   3744 |   2704 |  5184 | 1.00 | 0.92 |      1296.1 |  1243.6 |   983.3 
   ijkl-mink-jnlm |   3744 |   3744 |  3744 | 1.00 | 0.95 |      1226.9 |  1174.8 |   861.4 
   ijkl-minl-njmk |   3744 |   2704 |  5184 | 1.00 | 0.92 |      1251.1 |  1134.0 |   886.9 
     aqrs-pa-pqrs |     72 | 140608 |    72 | 1.00 | 1.00 |       705.9 |   723.6 |   610.2 
     abrs-qb-aqrs |     52 | 194688 |    72 | 1.00 | 1.00 |       114.6 |   111.9 |    85.0 
     abcs-rc-abrs |     52 | 194688 |    72 | 1.00 | 1.00 |       111.1 |   118.0 |    93.2 
       abj-bka-kj |  46656 |    204 |   216 | 1.00 | 1.00 |       357.3 |   280.3 |   300.9 
       ajb-kba-jk |  44064 |    216 |   216 | 1.00 | 1.00 |       364.1 |   356.8 |   373.5 
     abjc-cbka-kj | 269568 |     52 |    72 | 1.00 | 1.00 |        33.3 |    25.2 |    25.7 
     ajbc-ckba-jk | 269568 |     72 |    52 | 1.00 | 1.00 |       104.0 |    68.4 |    86.8 
     abjc-kbac-jk | 194688 |     72 |    72 | 1.00 | 1.00 |       141.5 |   159.3 |   124.1 
   abjcd-dkbac-jk | 331776 |     24 |    24 | 1.00 | 1.00 |        18.3 |    12.4 |    16.1 
   adbjc-cbdka-kj | 331776 |     24 |    24 | 1.00 | 1.00 |        13.7 |     9.8 |    12.3 
   ajbdc-ckbad-jk | 331776 |     24 |    24 | 1.00 | 1.00 |        17.4 |    12.1 |    15.5 
 abcijk-ijma-mkbc |   9216 |   4096 |    24 | 1.00 | 0.99 |       308.0 |   296.2 |   266.9 
 abcijk-ijmb-mkac |   6144 |   6144 |    24 | 1.00 | 0.75 |       332.2 |   316.9 |   284.6 
 abcijk-ijmc-mkab |   6144 |   6144 |    24 | 1.00 | 0.75 |       371.7 |   355.0 |   397.7 
 abcijk-ikma-mjbc |   9216 |   4096 |    24 | 1.00 | 0.99 |       304.8 |   307.2 |   277.9 
 abcijk-ikmb-mjac |   6144 |   6144 |    24 | 1.00 | 0.75 |       341.9 |   307.7 |   272.2 
 abcijk-ikmc-mjab |   6144 |   6144 |    24 | 1.00 | 0.75 |       388.0 |   356.0 |   411.5 
 abcijk-jkma-mibc |   9216 |   4096 |    24 | 1.00 | 0.99 |       313.3 |   315.6 |   288.5 
 abcijk-jkmb-miac |   6144 |   6144 |    24 | 1.00 | 0.75 |       324.8 |   309.9 |   265.3 
 abcijk-jkmc-miab |   6144 |   6144 |    24 | 1.00 | 0.75 |       385.3 |   364.3 |   395.8 
 abcijk-eiab-jkec |   6144 |   6144 |    24 | 1.00 | 0.75 |       397.8 |   367.4 |   421.2 
 abcijk-eiac-jkeb |   6144 |   6144 |    24 | 1.00 | 0.75 |       332.7 |   310.3 |   268.4 
 abcijk-eibc-jkea |   4096 |   9216 |    24 | 1.00 | 0.99 |       320.7 |   312.4 |   287.6 
 abcijk-ejab-ikec |   6144 |   6144 |    24 | 1.00 | 0.75 |       382.8 |   369.1 |   431.2 
 abcijk-ejac-ikeb |   6144 |   6144 |    24 | 1.00 | 0.75 |       331.5 |   313.3 |   271.1 
 abcijk-ejbc-ikea |   4096 |   9216 |    24 | 1.00 | 0.99 |       313.9 |   306.1 |   280.2 
 abcijk-ekab-ijec |   6144 |   6144 |    24 | 1.00 | 0.75 |       384.0 |   361.4 |   402.0 
 abcijk-ekac-ijeb |   6144 |   6144 |    24 | 1.00 | 0.75 |       342.8 |   327.5 |   290.0 
 abcijk-ekbc-ijea |   4096 |   9216 |    24 | 1.00 | 0.99 |       301.9 |   306.8 |   269.3 
       abc-bk-akc |    216 |  44064 |   204 | 1.00 | 1.00 |       389.7 |   288.1 |   330.8 

=== complex efficiency ratio (c32 GF/s over f32 GF/s; 1.0 = no penalty) ===
             case | planar c32/f32 | 1m c32/f32 | 3m c32/f32 
------------------+----------------+------------+------------
         ij-ik-kj |          1.135 |      0.948 |      0.773 
       ij-ikl-ljk |          2.956 |      1.645 |      1.834 
       ij-kil-lkj |          2.009 |      1.977 |      1.939 
       ijk-ikl-lj |          1.707 |      1.372 |      1.810 
       ijk-il-jlk |          1.706 |      1.753 |      1.401 
       ijk-ilk-jl |          2.479 |      1.618 |      2.063 
       ijk-ilk-lj |          2.529 |      1.610 |      1.952 
     ijk-ilmk-mjl |          2.690 |      1.961 |      1.886 
   ijkl-imjn-lnkm |          1.102 |      0.882 |      0.723 
   ijkl-imjn-nlmk |          1.336 |      1.079 |      0.852 
   ijkl-imkn-jnlm |          1.029 |      0.902 |      0.644 
   ijkl-imkn-njml |          1.192 |      0.923 |      0.813 
   ijkl-imln-jnkm |          1.010 |      0.815 |      0.656 
   ijkl-imln-njmk |          1.185 |      0.972 |      0.854 
   ijkl-imnj-nlkm |          1.182 |      0.917 |      0.804 
   ijkl-imnk-njml |          1.152 |      0.917 |      0.767 
   ijkl-minj-nlmk |          1.093 |      1.049 |      0.829 
   ijkl-mink-jnlm |          0.832 |      0.796 |      0.584 
   ijkl-minl-njmk |          1.097 |      0.994 |      0.778 
     aqrs-pa-pqrs |          1.800 |      1.845 |      1.556 
     abrs-qb-aqrs |          1.775 |      1.733 |      1.316 
     abcs-rc-abrs |          1.857 |      1.972 |      1.558 
       abj-bka-kj |          2.317 |      1.818 |      1.951 
       ajb-kba-jk |          1.695 |      1.661 |      1.739 
     abjc-cbka-kj |          2.084 |      1.577 |      1.608 
     ajbc-ckba-jk |          1.952 |      1.283 |      1.629 
     abjc-kbac-jk |          1.490 |      1.678 |      1.307 
   abjcd-dkbac-jk |          3.149 |      2.126 |      2.772 
   adbjc-cbdka-kj |          2.428 |      1.736 |      2.185 
   ajbdc-ckbad-jk |          2.874 |      2.002 |      2.558 
 abcijk-ijma-mkbc |          1.039 |      0.999 |      0.900 
 abcijk-ijmb-mkac |          0.825 |      0.787 |      0.707 
 abcijk-ijmc-mkab |          0.925 |      0.883 |      0.990 
 abcijk-ikma-mjbc |          1.072 |      1.081 |      0.978 
 abcijk-ikmb-mjac |          0.746 |      0.671 |      0.594 
 abcijk-ikmc-mjab |          0.846 |      0.776 |      0.897 
 abcijk-jkma-mibc |          1.134 |      1.142 |      1.044 
 abcijk-jkmb-miac |          0.703 |      0.671 |      0.574 
 abcijk-jkmc-miab |          0.878 |      0.830 |      0.902 
 abcijk-eiab-jkec |          0.900 |      0.831 |      0.952 
 abcijk-eiac-jkeb |          0.738 |      0.688 |      0.595 
 abcijk-eibc-jkea |          1.060 |      1.033 |      0.951 
 abcijk-ejab-ikec |          0.850 |      0.819 |      0.957 
 abcijk-ejac-ikeb |          0.727 |      0.687 |      0.595 
 abcijk-ejbc-ikea |          1.126 |      1.098 |      1.005 
 abcijk-ekab-ijec |          0.906 |      0.853 |      0.949 
 abcijk-ekac-ijeb |          0.830 |      0.793 |      0.702 
 abcijk-ekbc-ijea |          1.046 |      1.063 |      0.933 
       abc-bk-akc |          2.516 |      1.860 |      2.135 
             MEAN |          1.463 |      1.227 |      1.214 

wrote bench-results/worker5040-zen2/phase4f/th-t64-pn-f32c32.csv
