host        : worker5040
target      : x86_64 / linux
cpu features: avx2 fma 
caches      : L1=32KiB/8-way/1sh L2=512KiB/8-way/1sh L3=16384KiB/16-way/4sh (via sysfs), blocking=legacy
baselines   : tblis=false blas=false

sweeping 49 cases at 64 MiB nominal tensor size, 3 reps, stress=none


=== f32 ===
             case |      m |      n |     k | regA | regB | planar GF/s | 1m GF/s | 3m GF/s 
------------------+--------+--------+-------+------+------+-------------+---------+---------
         ij-ik-kj |   2904 |   2896 |  2904 | 1.00 | 1.00 |       161.4 |   161.4 |   161.4 
       ij-ikl-ljk |    216 |    204 | 44064 | 1.00 | 1.00 |        86.5 |    86.5 |    86.5 
       ij-kil-lkj |    216 |    204 | 46656 | 1.00 | 1.00 |        99.3 |    99.3 |    99.3 
       ijk-ikl-lj |  44064 |    204 |   216 | 1.00 | 1.00 |       121.5 |   121.5 |   121.5 
       ijk-il-jlk |    216 |  44064 |   204 | 1.00 | 1.00 |       121.0 |   121.0 |   121.0 
       ijk-ilk-jl |  44064 |    216 |   204 | 0.96 | 1.00 |       116.6 |   116.6 |   116.6 
       ijk-ilk-lj |  44064 |    204 |   216 | 0.96 | 1.00 |       120.0 |   120.0 |   120.0 
     ijk-ilmk-mjl |   3744 |     52 |  3744 | 0.89 | 1.00 |        69.3 |    69.3 |    69.3 
   ijkl-imjn-lnkm |   3744 |   3744 |  2704 | 0.89 | 0.92 |       161.8 |   161.8 |   161.8 
   ijkl-imjn-nlmk |   3744 |   2704 |  3744 | 0.89 | 0.92 |       161.6 |   161.6 |   161.6 
   ijkl-imkn-jnlm |   3744 |   3744 |  2704 | 0.89 | 1.00 |       155.5 |   155.5 |   155.5 
   ijkl-imkn-njml |   3744 |   2704 |  3744 | 0.89 | 0.92 |       154.1 |   154.1 |   154.1 
   ijkl-imln-jnkm |   3744 |   3744 |  2704 | 0.89 | 1.00 |       156.3 |   156.3 |   156.3 
   ijkl-imln-njmk |   3744 |   2704 |  3744 | 0.89 | 0.92 |       156.6 |   156.6 |   156.6 
   ijkl-imnj-nlkm |   3744 |   2704 |  3744 | 0.89 | 0.92 |       161.7 |   161.7 |   161.7 
   ijkl-imnk-njml |   3744 |   2704 |  3744 | 0.89 | 0.92 |       155.1 |   155.1 |   155.1 
   ijkl-minj-nlmk |   3744 |   2704 |  5184 | 0.89 | 0.92 |       161.0 |   161.0 |   161.0 
   ijkl-mink-jnlm |   3744 |   3744 |  3744 | 0.89 | 1.00 |       158.4 |   158.4 |   158.4 
   ijkl-minl-njmk |   3744 |   2704 |  5184 | 0.89 | 0.92 |       156.4 |   156.4 |   156.4 
     aqrs-pa-pqrs |     72 | 140608 |    72 | 1.00 | 1.00 |        70.8 |    70.8 |    70.8 
     abrs-qb-aqrs |     52 | 194688 |    72 | 0.89 | 1.00 |        76.4 |    76.4 |    76.4 
     abcs-rc-abrs |     52 | 194688 |    72 | 1.00 | 1.00 |        65.5 |    65.5 |    65.5 
       abj-bka-kj |  46656 |    204 |   216 | 0.96 | 1.00 |       135.7 |   135.7 |   135.7 
       ajb-kba-jk |  44064 |    216 |   216 | 0.96 | 1.00 |       154.6 |   154.6 |   154.6 
     abjc-cbka-kj | 269568 |     52 |    72 | 0.89 | 1.00 |        25.2 |    25.2 |    25.2 
     ajbc-ckba-jk | 269568 |     72 |    52 | 0.89 | 1.00 |        30.2 |    30.2 |    30.2 
     abjc-kbac-jk | 194688 |     72 |    72 | 0.89 | 1.00 |       103.0 |   103.0 |   103.0 
   abjcd-dkbac-jk | 331776 |     24 |    24 | 0.67 | 1.00 |        15.3 |    15.3 |    15.3 
   adbjc-cbdka-kj | 331776 |     24 |    24 | 0.67 | 1.00 |         9.0 |     9.0 |     9.0 
   ajbdc-ckbad-jk | 331776 |     24 |    24 | 1.00 | 1.00 |         9.9 |     9.9 |     9.9 
 abcijk-ijma-mkbc |   9216 |   4096 |    24 | 1.00 | 1.00 |        58.6 |    58.6 |    58.6 
 abcijk-ijmb-mkac |   6144 |   6144 |    24 | 1.00 | 1.00 |        45.8 |    45.8 |    45.8 
 abcijk-ijmc-mkab |   6144 |   6144 |    24 | 1.00 | 0.75 |        78.5 |    78.5 |    78.5 
 abcijk-ikma-mjbc |   9216 |   4096 |    24 | 1.00 | 1.00 |        59.1 |    59.1 |    59.1 
 abcijk-ikmb-mjac |   6144 |   6144 |    24 | 1.00 | 1.00 |        46.0 |    46.0 |    46.0 
 abcijk-ikmc-mjab |   6144 |   6144 |    24 | 1.00 | 0.75 |        77.7 |    77.7 |    77.7 
 abcijk-jkma-mibc |   9216 |   4096 |    24 | 1.00 | 1.00 |        58.7 |    58.7 |    58.7 
 abcijk-jkmb-miac |   6144 |   6144 |    24 | 1.00 | 1.00 |        46.3 |    46.3 |    46.3 
 abcijk-jkmc-miab |   6144 |   6144 |    24 | 1.00 | 0.75 |        73.6 |    73.6 |    73.6 
 abcijk-eiab-jkec |   6144 |   6144 |    24 | 1.00 | 0.75 |        73.8 |    73.8 |    73.8 
 abcijk-eiac-jkeb |   6144 |   6144 |    24 | 1.00 | 1.00 |        46.6 |    46.6 |    46.6 
 abcijk-eibc-jkea |   4096 |   9216 |    24 | 1.00 | 1.00 |        59.1 |    59.1 |    59.1 
 abcijk-ejab-ikec |   6144 |   6144 |    24 | 1.00 | 0.75 |        77.3 |    77.3 |    77.3 
 abcijk-ejac-ikeb |   6144 |   6144 |    24 | 1.00 | 1.00 |        46.6 |    46.6 |    46.6 
 abcijk-ejbc-ikea |   4096 |   9216 |    24 | 1.00 | 1.00 |        58.7 |    58.7 |    58.7 
 abcijk-ekab-ijec |   6144 |   6144 |    24 | 1.00 | 0.75 |        78.5 |    78.5 |    78.5 
 abcijk-ekac-ijeb |   6144 |   6144 |    24 | 1.00 | 1.00 |        46.9 |    46.9 |    46.9 
 abcijk-ekbc-ijea |   4096 |   9216 |    24 | 1.00 | 1.00 |        58.9 |    58.9 |    58.9 
       abc-bk-akc |    216 |  44064 |   204 | 0.96 | 1.00 |       123.6 |   123.6 |   123.6 

=== c32 ===
             case |      m |      n |     k | regA | regB | planar GF/s | 1m GF/s | 3m GF/s 
------------------+--------+--------+-------+------+------+-------------+---------+---------
         ij-ik-kj |   2904 |   2896 |  2904 | 1.00 | 1.00 |       168.1 |   170.1 |   169.4 
       ij-ikl-ljk |    216 |    204 | 44064 | 1.00 | 1.00 |       136.3 |   126.4 |   123.1 
       ij-kil-lkj |    216 |    204 | 46656 | 1.00 | 1.00 |       135.8 |   140.4 |   137.0 
       ijk-ikl-lj |  44064 |    204 |   216 | 1.00 | 1.00 |       148.4 |   155.3 |   150.2 
       ijk-il-jlk |    216 |  44064 |   204 | 1.00 | 0.98 |       154.1 |   151.5 |   141.5 
       ijk-ilk-jl |  44064 |    216 |   204 | 1.00 | 1.00 |       158.3 |   154.5 |   148.4 
       ijk-ilk-lj |  44064 |    204 |   216 | 1.00 | 1.00 |       160.2 |   155.6 |   150.6 
     ijk-ilmk-mjl |   3744 |     52 |  3744 | 1.00 | 1.00 |       119.4 |   120.4 |   115.8 
   ijkl-imjn-lnkm |   3744 |   3744 |  2704 | 1.00 | 0.92 |       169.3 |   168.3 |   168.9 
   ijkl-imjn-nlmk |   3744 |   2704 |  3744 | 1.00 | 0.92 |       171.5 |   170.2 |   171.5 
   ijkl-imkn-jnlm |   3744 |   3744 |  2704 | 1.00 | 0.95 |       165.6 |   165.9 |   164.8 
   ijkl-imkn-njml |   3744 |   2704 |  3744 | 1.00 | 0.92 |       168.4 |   168.9 |   168.4 
   ijkl-imln-jnkm |   3744 |   3744 |  2704 | 1.00 | 0.95 |       166.1 |   166.2 |   164.4 
   ijkl-imln-njmk |   3744 |   2704 |  3744 | 1.00 | 0.92 |       169.1 |   169.8 |   170.8 
   ijkl-imnj-nlkm |   3744 |   2704 |  3744 | 1.00 | 0.92 |       171.6 |   171.7 |   172.1 
   ijkl-imnk-njml |   3744 |   2704 |  3744 | 1.00 | 0.92 |       168.2 |   170.0 |   168.9 
   ijkl-minj-nlmk |   3744 |   2704 |  5184 | 1.00 | 0.92 |       170.2 |   170.9 |   172.9 
   ijkl-mink-jnlm |   3744 |   3744 |  3744 | 1.00 | 0.95 |       166.7 |   168.6 |   168.7 
   ijkl-minl-njmk |   3744 |   2704 |  5184 | 1.00 | 0.92 |       165.9 |   166.6 |   169.1 
     aqrs-pa-pqrs |     72 | 140608 |    72 | 1.00 | 1.00 |        98.3 |   108.9 |    98.5 
     abrs-qb-aqrs |     52 | 194688 |    72 | 1.00 | 1.00 |       104.8 |    99.0 |    89.6 
     abcs-rc-abrs |     52 | 194688 |    72 | 1.00 | 1.00 |       102.4 |   126.2 |   102.1 
       abj-bka-kj |  46656 |    204 |   216 | 1.00 | 1.00 |       153.7 |   154.4 |   158.4 
       ajb-kba-jk |  44064 |    216 |   216 | 1.00 | 1.00 |       167.1 |   174.7 |   170.4 
     abjc-cbka-kj | 269568 |     52 |    72 | 1.00 | 1.00 |        57.0 |    42.9 |    50.5 
     ajbc-ckba-jk | 269568 |     72 |    52 | 1.00 | 1.00 |        64.7 |    49.3 |    57.6 
     abjc-kbac-jk | 194688 |     72 |    72 | 1.00 | 1.00 |       133.1 |   138.7 |   136.2 
   abjcd-dkbac-jk | 331776 |     24 |    24 | 1.00 | 1.00 |        30.8 |    24.6 |    27.3 
   adbjc-cbdka-kj | 331776 |     24 |    24 | 1.00 | 1.00 |        24.9 |    19.4 |    21.2 
   ajbdc-ckbad-jk | 331776 |     24 |    24 | 1.00 | 1.00 |        29.1 |    23.6 |    26.2 
 abcijk-ijma-mkbc |   9216 |   4096 |    24 | 1.00 | 0.99 |       100.4 |   115.6 |   102.4 
 abcijk-ijmb-mkac |   6144 |   6144 |    24 | 1.00 | 0.75 |        95.7 |   108.1 |    95.8 
 abcijk-ijmc-mkab |   6144 |   6144 |    24 | 1.00 | 0.75 |       105.4 |   120.6 |   104.1 
 abcijk-ikma-mjbc |   9216 |   4096 |    24 | 1.00 | 0.99 |       100.4 |   115.3 |   102.1 
 abcijk-ikmb-mjac |   6144 |   6144 |    24 | 1.00 | 0.75 |        95.5 |   107.9 |    95.3 
 abcijk-ikmc-mjab |   6144 |   6144 |    24 | 1.00 | 0.75 |       104.6 |   120.3 |   104.3 
 abcijk-jkma-mibc |   9216 |   4096 |    24 | 1.00 | 0.99 |       100.2 |   115.8 |   102.8 
 abcijk-jkmb-miac |   6144 |   6144 |    24 | 1.00 | 0.75 |        95.1 |   106.2 |    95.5 
 abcijk-jkmc-miab |   6144 |   6144 |    24 | 1.00 | 0.75 |       102.0 |   117.6 |   101.5 
 abcijk-eiab-jkec |   6144 |   6144 |    24 | 1.00 | 0.75 |       101.9 |   116.3 |   101.6 
 abcijk-eiac-jkeb |   6144 |   6144 |    24 | 1.00 | 0.75 |        94.8 |   106.0 |    96.6 
 abcijk-eibc-jkea |   4096 |   9216 |    24 | 1.00 | 0.99 |       100.7 |   115.8 |   102.8 
 abcijk-ejab-ikec |   6144 |   6144 |    24 | 1.00 | 0.75 |       104.6 |   119.6 |   104.0 
 abcijk-ejac-ikeb |   6144 |   6144 |    24 | 1.00 | 0.75 |        95.3 |   107.8 |    95.9 
 abcijk-ejbc-ikea |   4096 |   9216 |    24 | 1.00 | 0.99 |       100.4 |   115.3 |   102.2 
 abcijk-ekab-ijec |   6144 |   6144 |    24 | 1.00 | 0.75 |       104.8 |   120.6 |   104.2 
 abcijk-ekac-ijeb |   6144 |   6144 |    24 | 1.00 | 0.75 |        95.8 |   108.7 |    95.5 
 abcijk-ekbc-ijea |   4096 |   9216 |    24 | 1.00 | 0.99 |       100.5 |   115.4 |   102.1 
       abc-bk-akc |    216 |  44064 |   204 | 1.00 | 1.00 |       159.1 |   154.5 |   147.8 

=== complex efficiency ratio (c32 GF/s over f32 GF/s; 1.0 = no penalty) ===
             case | planar c32/f32 | 1m c32/f32 | 3m c32/f32 
------------------+----------------+------------+------------
         ij-ik-kj |          1.041 |      1.054 |      1.049 
       ij-ikl-ljk |          1.575 |      1.461 |      1.422 
       ij-kil-lkj |          1.368 |      1.414 |      1.380 
       ijk-ikl-lj |          1.221 |      1.278 |      1.236 
       ijk-il-jlk |          1.273 |      1.252 |      1.169 
       ijk-ilk-jl |          1.358 |      1.325 |      1.273 
       ijk-ilk-lj |          1.335 |      1.297 |      1.255 
     ijk-ilmk-mjl |          1.724 |      1.738 |      1.672 
   ijkl-imjn-lnkm |          1.046 |      1.040 |      1.044 
   ijkl-imjn-nlmk |          1.061 |      1.053 |      1.061 
   ijkl-imkn-jnlm |          1.065 |      1.066 |      1.060 
   ijkl-imkn-njml |          1.093 |      1.097 |      1.093 
   ijkl-imln-jnkm |          1.063 |      1.063 |      1.052 
   ijkl-imln-njmk |          1.079 |      1.084 |      1.091 
   ijkl-imnj-nlkm |          1.061 |      1.062 |      1.064 
   ijkl-imnk-njml |          1.084 |      1.096 |      1.089 
   ijkl-minj-nlmk |          1.057 |      1.061 |      1.074 
   ijkl-mink-jnlm |          1.052 |      1.064 |      1.065 
   ijkl-minl-njmk |          1.061 |      1.065 |      1.081 
     aqrs-pa-pqrs |          1.388 |      1.538 |      1.391 
     abrs-qb-aqrs |          1.371 |      1.296 |      1.173 
     abcs-rc-abrs |          1.563 |      1.926 |      1.558 
       abj-bka-kj |          1.132 |      1.138 |      1.167 
       ajb-kba-jk |          1.081 |      1.130 |      1.102 
     abjc-cbka-kj |          2.263 |      1.703 |      2.005 
     ajbc-ckba-jk |          2.146 |      1.634 |      1.908 
     abjc-kbac-jk |          1.292 |      1.346 |      1.322 
   abjcd-dkbac-jk |          2.010 |      1.608 |      1.785 
   adbjc-cbdka-kj |          2.778 |      2.170 |      2.364 
   ajbdc-ckbad-jk |          2.941 |      2.383 |      2.643 
 abcijk-ijma-mkbc |          1.713 |      1.971 |      1.746 
 abcijk-ijmb-mkac |          2.089 |      2.359 |      2.090 
 abcijk-ijmc-mkab |          1.343 |      1.536 |      1.326 
 abcijk-ikma-mjbc |          1.699 |      1.952 |      1.729 
 abcijk-ikmb-mjac |          2.075 |      2.344 |      2.071 
 abcijk-ikmc-mjab |          1.347 |      1.549 |      1.343 
 abcijk-jkma-mibc |          1.707 |      1.971 |      1.750 
 abcijk-jkmb-miac |          2.054 |      2.294 |      2.063 
 abcijk-jkmc-miab |          1.385 |      1.597 |      1.379 
 abcijk-eiab-jkec |          1.380 |      1.575 |      1.376 
 abcijk-eiac-jkeb |          2.036 |      2.275 |      2.074 
 abcijk-eibc-jkea |          1.702 |      1.958 |      1.739 
 abcijk-ejab-ikec |          1.354 |      1.547 |      1.346 
 abcijk-ejac-ikeb |          2.043 |      2.312 |      2.057 
 abcijk-ejbc-ikea |          1.712 |      1.965 |      1.741 
 abcijk-ekab-ijec |          1.335 |      1.537 |      1.328 
 abcijk-ekac-ijeb |          2.043 |      2.319 |      2.038 
 abcijk-ekbc-ijea |          1.707 |      1.959 |      1.734 
       abc-bk-akc |          1.287 |      1.250 |      1.197 
             MEAN |          1.522 |      1.566 |      1.485 

wrote bench-results/worker5040-zen2/phase4f/th-t2-f32c32.csv
