host        : worker5040
target      : x86_64 / linux
cpu features: avx2 fma 
caches      : L1=32KiB/8-way/1sh L2=512KiB/8-way/1sh L3=16384KiB/16-way/4sh (via sysfs), blocking=legacy
baselines   : tblis=false blas=false

sweeping 49 cases at 64 MiB nominal tensor size, 3 reps, stress=none


=== f64 ===
             case |      m |      n |     k | regA | regB | planar GF/s | 1m GF/s | 3m GF/s 
------------------+--------+--------+-------+------+------+-------------+---------+---------
         ij-ik-kj |   2904 |   2896 |  2904 | 1.00 | 1.00 |       427.6 |   427.6 |   427.6 
       ij-ikl-ljk |    216 |    204 | 44064 | 1.00 | 1.00 |       114.3 |   114.3 |   114.3 
       ij-kil-lkj |    216 |    204 | 46656 | 1.00 | 1.00 |       109.0 |   109.0 |   109.0 
       ijk-ikl-lj |  44064 |    204 |   216 | 1.00 | 1.00 |       307.1 |   307.1 |   307.1 
       ijk-il-jlk |    216 |  44064 |   204 | 1.00 | 1.00 |       154.8 |   154.8 |   154.8 
       ijk-ilk-jl |  44064 |    216 |   204 | 1.00 | 1.00 |       340.6 |   340.6 |   340.6 
       ijk-ilk-lj |  44064 |    204 |   216 | 1.00 | 1.00 |       299.7 |   299.7 |   299.7 
     ijk-ilmk-mjl |   3744 |     52 |  3744 | 1.00 | 1.00 |       176.3 |   176.3 |   176.3 
   ijkl-imjn-lnkm |   3744 |   3744 |  2704 | 1.00 | 0.92 |       444.8 |   444.8 |   444.8 
   ijkl-imjn-nlmk |   3744 |   2704 |  3744 | 1.00 | 0.92 |       435.7 |   435.7 |   435.7 
   ijkl-imkn-jnlm |   3744 |   3744 |  2704 | 1.00 | 1.00 |       452.6 |   452.6 |   452.6 
   ijkl-imkn-njml |   3744 |   2704 |  3744 | 1.00 | 0.92 |       427.5 |   427.5 |   427.5 
   ijkl-imln-jnkm |   3744 |   3744 |  2704 | 1.00 | 1.00 |       451.8 |   451.8 |   451.8 
   ijkl-imln-njmk |   3744 |   2704 |  3744 | 1.00 | 0.92 |       468.9 |   468.9 |   468.9 
   ijkl-imnj-nlkm |   3744 |   2704 |  3744 | 1.00 | 0.92 |       441.9 |   441.9 |   441.9 
   ijkl-imnk-njml |   3744 |   2704 |  3744 | 1.00 | 0.92 |       443.6 |   443.6 |   443.6 
   ijkl-minj-nlmk |   3744 |   2704 |  5184 | 1.00 | 0.92 |       370.5 |   370.5 |   370.5 
   ijkl-mink-jnlm |   3744 |   3744 |  3744 | 1.00 | 1.00 |       465.8 |   465.8 |   465.8 
   ijkl-minl-njmk |   3744 |   2704 |  5184 | 1.00 | 0.92 |       441.7 |   441.7 |   441.7 
     aqrs-pa-pqrs |     72 | 140608 |    72 | 1.00 | 1.00 |       206.9 |   206.9 |   206.9 
     abrs-qb-aqrs |     52 | 194688 |    72 | 1.00 | 1.00 |       140.9 |   140.9 |   140.9 
     abcs-rc-abrs |     52 | 194688 |    72 | 1.00 | 1.00 |       113.7 |   113.7 |   113.7 
       abj-bka-kj |  46656 |    204 |   216 | 1.00 | 1.00 |       236.1 |   236.1 |   236.1 
       ajb-kba-jk |  44064 |    216 |   216 | 1.00 | 1.00 |       330.5 |   330.5 |   330.5 
     abjc-cbka-kj | 269568 |     52 |    72 | 1.00 | 1.00 |        39.7 |    39.7 |    39.7 
     ajbc-ckba-jk | 269568 |     72 |    52 | 1.00 | 1.00 |        51.2 |    51.2 |    51.2 
     abjc-kbac-jk | 194688 |     72 |    72 | 1.00 | 1.00 |       177.3 |   177.3 |   177.3 
   abjcd-dkbac-jk | 331776 |     24 |    24 | 1.00 | 1.00 |        19.9 |    19.9 |    19.9 
   adbjc-cbdka-kj | 331776 |     24 |    24 | 1.00 | 1.00 |        19.0 |    19.0 |    19.0 
   ajbdc-ckbad-jk | 331776 |     24 |    24 | 1.00 | 1.00 |        20.2 |    20.2 |    20.2 
 abcijk-ijma-mkbc |   9216 |   4096 |    24 | 1.00 | 0.99 |        98.5 |    98.5 |    98.5 
 abcijk-ijmb-mkac |   6144 |   6144 |    24 | 1.00 | 0.75 |        95.1 |    95.1 |    95.1 
 abcijk-ijmc-mkab |   6144 |   6144 |    24 | 1.00 | 0.75 |        87.6 |    87.6 |    87.6 
 abcijk-ikma-mjbc |   9216 |   4096 |    24 | 1.00 | 0.99 |       101.5 |   101.5 |   101.5 
 abcijk-ikmb-mjac |   6144 |   6144 |    24 | 1.00 | 0.75 |        97.1 |    97.1 |    97.1 
 abcijk-ikmc-mjab |   6144 |   6144 |    24 | 1.00 | 0.75 |        90.3 |    90.3 |    90.3 
 abcijk-jkma-mibc |   9216 |   4096 |    24 | 1.00 | 0.99 |       101.3 |   101.3 |   101.3 
 abcijk-jkmb-miac |   6144 |   6144 |    24 | 1.00 | 0.75 |        91.0 |    91.0 |    91.0 
 abcijk-jkmc-miab |   6144 |   6144 |    24 | 1.00 | 0.75 |        77.2 |    77.2 |    77.2 
 abcijk-eiab-jkec |   6144 |   6144 |    24 | 1.00 | 0.75 |        77.9 |    77.9 |    77.9 
 abcijk-eiac-jkeb |   6144 |   6144 |    24 | 1.00 | 0.75 |        90.8 |    90.8 |    90.8 
 abcijk-eibc-jkea |   4096 |   9216 |    24 | 1.00 | 0.99 |        99.2 |    99.2 |    99.2 
 abcijk-ejab-ikec |   6144 |   6144 |    24 | 1.00 | 0.75 |        89.6 |    89.6 |    89.6 
 abcijk-ejac-ikeb |   6144 |   6144 |    24 | 1.00 | 0.75 |        95.0 |    95.0 |    95.0 
 abcijk-ejbc-ikea |   4096 |   9216 |    24 | 1.00 | 0.99 |       100.1 |   100.1 |   100.1 
 abcijk-ekab-ijec |   6144 |   6144 |    24 | 1.00 | 0.75 |        90.8 |    90.8 |    90.8 
 abcijk-ekac-ijeb |   6144 |   6144 |    24 | 1.00 | 0.75 |        95.8 |    95.8 |    95.8 
 abcijk-ekbc-ijea |   4096 |   9216 |    24 | 1.00 | 0.99 |       100.0 |   100.0 |   100.0 
       abc-bk-akc |    216 |  44064 |   204 | 1.00 | 1.00 |       318.2 |   318.2 |   318.2 

=== c64 ===
             case |      m |      n |     k | regA | regB | planar GF/s | 1m GF/s | 3m GF/s 
------------------+--------+--------+-------+------+------+-------------+---------+---------
         ij-ik-kj |   2904 |   2896 |  2904 | 1.00 | 1.00 |       563.6 |   562.7 |   516.0 
       ij-ikl-ljk |    216 |    204 | 44064 | 1.00 | 1.00 |       251.9 |   232.1 |   221.0 
       ij-kil-lkj |    216 |    204 | 46656 | 1.00 | 1.00 |       262.7 |   224.7 |   212.8 
       ijk-ikl-lj |  44064 |    204 |   216 | 1.00 | 1.00 |       391.2 |   476.9 |   366.4 
       ijk-il-jlk |    216 |  44064 |   204 | 1.00 | 0.98 |       203.2 |   272.9 |   241.5 
       ijk-ilk-jl |  44064 |    216 |   204 | 1.00 | 1.00 |       424.5 |   438.8 |   466.1 
       ijk-ilk-lj |  44064 |    204 |   216 | 1.00 | 1.00 |       415.3 |   469.1 |   382.9 
     ijk-ilmk-mjl |   3744 |     52 |  3744 | 1.00 | 1.00 |       220.3 |   201.8 |   161.9 
   ijkl-imjn-lnkm |   3744 |   3744 |  2704 | 1.00 | 0.92 |       577.3 |   558.9 |   536.8 
   ijkl-imjn-nlmk |   3744 |   2704 |  3744 | 1.00 | 0.92 |       587.0 |   588.6 |   541.0 
   ijkl-imkn-jnlm |   3744 |   3744 |  2704 | 1.00 | 0.95 |       544.5 |   552.6 |   531.3 
   ijkl-imkn-njml |   3744 |   2704 |  3744 | 1.00 | 0.92 |       564.7 |   544.2 |   527.8 
   ijkl-imln-jnkm |   3744 |   3744 |  2704 | 1.00 | 0.95 |       562.6 |   569.2 |   548.7 
   ijkl-imln-njmk |   3744 |   2704 |  3744 | 1.00 | 0.92 |       547.5 |   576.7 |   536.9 
   ijkl-imnj-nlkm |   3744 |   2704 |  3744 | 1.00 | 0.92 |       546.3 |   580.4 |   520.5 
   ijkl-imnk-njml |   3744 |   2704 |  3744 | 1.00 | 0.92 |       555.0 |   554.0 |   509.1 
   ijkl-minj-nlmk |   3744 |   2704 |  5184 | 1.00 | 0.92 |       599.4 |   575.0 |   559.4 
   ijkl-mink-jnlm |   3744 |   3744 |  3744 | 1.00 | 0.95 |       596.1 |   579.3 |   549.4 
   ijkl-minl-njmk |   3744 |   2704 |  5184 | 1.00 | 0.92 |       586.3 |   582.6 |   547.5 
     aqrs-pa-pqrs |     72 | 140608 |    72 | 1.00 | 1.00 |       118.6 |   122.7 |    96.0 
     abrs-qb-aqrs |     52 | 194688 |    72 | 1.00 | 1.00 |       261.8 |   256.2 |   217.6 
     abcs-rc-abrs |     52 | 194688 |    72 | 1.00 | 1.00 |       236.7 |   233.3 |   241.1 
       abj-bka-kj |  46656 |    204 |   216 | 1.00 | 1.00 |       345.1 |   324.8 |   379.0 
       ajb-kba-jk |  44064 |    216 |   216 | 1.00 | 1.00 |       429.3 |   436.1 |   426.4 
     abjc-cbka-kj | 269568 |     52 |    72 | 1.00 | 1.00 |       134.8 |   129.9 |   130.9 
     ajbc-ckba-jk | 269568 |     72 |    52 | 1.00 | 1.00 |       157.4 |   148.4 |   156.9 
     abjc-kbac-jk | 194688 |     72 |    72 | 1.00 | 1.00 |       294.6 |   319.7 |   311.3 
   abjcd-dkbac-jk | 331776 |     24 |    24 | 1.00 | 1.00 |        64.6 |    57.7 |    58.7 
   adbjc-cbdka-kj | 331776 |     24 |    24 | 1.00 | 1.00 |        55.8 |    53.7 |    55.0 
   ajbdc-ckbad-jk | 331776 |     24 |    24 | 1.00 | 1.00 |        63.2 |    60.6 |    56.1 
 abcijk-ijma-mkbc |   9216 |   4096 |    24 | 1.00 | 0.99 |       189.8 |   172.0 |   185.2 
 abcijk-ijmb-mkac |   6144 |   6144 |    24 | 1.00 | 0.75 |       169.6 |   169.8 |   156.6 
 abcijk-ijmc-mkab |   6144 |   6144 |    24 | 1.00 | 0.75 |       172.4 |   174.6 |   171.1 
 abcijk-ikma-mjbc |   9216 |   4096 |    24 | 1.00 | 0.99 |       168.5 |   198.7 |   157.9 
 abcijk-ikmb-mjac |   6144 |   6144 |    24 | 1.00 | 0.75 |       164.4 |   198.5 |   184.2 
 abcijk-ikmc-mjab |   6144 |   6144 |    24 | 1.00 | 0.75 |       163.0 |   174.2 |   171.3 
 abcijk-jkma-mibc |   9216 |   4096 |    24 | 1.00 | 0.99 |       189.6 |   197.5 |   201.0 
 abcijk-jkmb-miac |   6144 |   6144 |    24 | 1.00 | 0.75 |       158.8 |   157.4 |   153.5 
 abcijk-jkmc-miab |   6144 |   6144 |    24 | 1.00 | 0.75 |       139.6 |   133.2 |   158.5 
 abcijk-eiab-jkec |   6144 |   6144 |    24 | 1.00 | 0.75 |       143.3 |   135.1 |   149.6 
 abcijk-eiac-jkeb |   6144 |   6144 |    24 | 1.00 | 0.75 |       174.6 |   162.2 |   153.4 
 abcijk-eibc-jkea |   4096 |   9216 |    24 | 1.00 | 0.99 |       188.6 |   179.2 |   169.5 
 abcijk-ejab-ikec |   6144 |   6144 |    24 | 1.00 | 0.75 |       153.3 |   168.7 |   174.2 
 abcijk-ejac-ikeb |   6144 |   6144 |    24 | 1.00 | 0.75 |       164.9 |   177.3 |   198.7 
 abcijk-ejbc-ikea |   4096 |   9216 |    24 | 1.00 | 0.99 |       193.2 |   185.9 |   185.9 
 abcijk-ekab-ijec |   6144 |   6144 |    24 | 1.00 | 0.75 |       164.6 |   177.9 |   169.2 
 abcijk-ekac-ijeb |   6144 |   6144 |    24 | 1.00 | 0.75 |       181.1 |   175.2 |   152.8 
 abcijk-ekbc-ijea |   4096 |   9216 |    24 | 1.00 | 0.99 |       195.9 |   181.6 |   163.4 
       abc-bk-akc |    216 |  44064 |   204 | 1.00 | 1.00 |       479.5 |   435.5 |   393.5 

=== complex efficiency ratio (c64 GF/s over f64 GF/s; 1.0 = no penalty) ===
             case | planar c64/f64 | 1m c64/f64 | 3m c64/f64 
------------------+----------------+------------+------------
         ij-ik-kj |          1.318 |      1.316 |      1.207 
       ij-ikl-ljk |          2.203 |      2.030 |      1.933 
       ij-kil-lkj |          2.410 |      2.061 |      1.952 
       ijk-ikl-lj |          1.274 |      1.553 |      1.193 
       ijk-il-jlk |          1.312 |      1.762 |      1.560 
       ijk-ilk-jl |          1.246 |      1.288 |      1.369 
       ijk-ilk-lj |          1.386 |      1.566 |      1.278 
     ijk-ilmk-mjl |          1.249 |      1.144 |      0.918 
   ijkl-imjn-lnkm |          1.298 |      1.257 |      1.207 
   ijkl-imjn-nlmk |          1.347 |      1.351 |      1.242 
   ijkl-imkn-jnlm |          1.203 |      1.221 |      1.174 
   ijkl-imkn-njml |          1.321 |      1.273 |      1.235 
   ijkl-imln-jnkm |          1.245 |      1.260 |      1.215 
   ijkl-imln-njmk |          1.168 |      1.230 |      1.145 
   ijkl-imnj-nlkm |          1.236 |      1.313 |      1.178 
   ijkl-imnk-njml |          1.251 |      1.249 |      1.148 
   ijkl-minj-nlmk |          1.618 |      1.552 |      1.510 
   ijkl-mink-jnlm |          1.280 |      1.244 |      1.179 
   ijkl-minl-njmk |          1.327 |      1.319 |      1.239 
     aqrs-pa-pqrs |          0.573 |      0.593 |      0.464 
     abrs-qb-aqrs |          1.859 |      1.819 |      1.545 
     abcs-rc-abrs |          2.082 |      2.052 |      2.120 
       abj-bka-kj |          1.462 |      1.376 |      1.606 
       ajb-kba-jk |          1.299 |      1.320 |      1.290 
     abjc-cbka-kj |          3.392 |      3.270 |      3.295 
     ajbc-ckba-jk |          3.076 |      2.900 |      3.067 
     abjc-kbac-jk |          1.662 |      1.804 |      1.756 
   abjcd-dkbac-jk |          3.245 |      2.895 |      2.945 
   adbjc-cbdka-kj |          2.933 |      2.820 |      2.888 
   ajbdc-ckbad-jk |          3.127 |      2.997 |      2.777 
 abcijk-ijma-mkbc |          1.927 |      1.746 |      1.880 
 abcijk-ijmb-mkac |          1.784 |      1.785 |      1.646 
 abcijk-ijmc-mkab |          1.969 |      1.994 |      1.954 
 abcijk-ikma-mjbc |          1.660 |      1.958 |      1.556 
 abcijk-ikmb-mjac |          1.693 |      2.045 |      1.897 
 abcijk-ikmc-mjab |          1.805 |      1.930 |      1.898 
 abcijk-jkma-mibc |          1.871 |      1.949 |      1.984 
 abcijk-jkmb-miac |          1.745 |      1.730 |      1.687 
 abcijk-jkmc-miab |          1.808 |      1.724 |      2.052 
 abcijk-eiab-jkec |          1.839 |      1.733 |      1.919 
 abcijk-eiac-jkeb |          1.924 |      1.788 |      1.690 
 abcijk-eibc-jkea |          1.901 |      1.806 |      1.708 
 abcijk-ejab-ikec |          1.710 |      1.883 |      1.944 
 abcijk-ejac-ikeb |          1.736 |      1.867 |      2.093 
 abcijk-ejbc-ikea |          1.930 |      1.857 |      1.857 
 abcijk-ekab-ijec |          1.813 |      1.959 |      1.863 
 abcijk-ekac-ijeb |          1.890 |      1.828 |      1.594 
 abcijk-ekbc-ijea |          1.958 |      1.816 |      1.633 
       abc-bk-akc |          1.507 |      1.369 |      1.237 
             MEAN |          1.753 |      1.747 |      1.688 

wrote bench-results/worker5040-zen2/phase4f/th-t16-f64c64.csv
