host        : worker5040
target      : x86_64 / linux
cpu features: avx2 fma 
caches      : L1=32KiB/8-way/1sh L2=512KiB/8-way/1sh L3=16384KiB/16-way/4sh (via sysfs), blocking=legacy
baselines   : tblis=false blas=false

sweeping 49 cases at 64 MiB nominal tensor size, 3 reps, stress=none


=== f32 ===
             case |      m |      n |     k | regA | regB | planar GF/s | 1m GF/s | 3m GF/s 
------------------+--------+--------+-------+------+------+-------------+---------+---------
         ij-ik-kj |   2904 |   2896 |  2904 | 1.00 | 1.00 |       486.8 |   486.8 |   486.8 
       ij-ikl-ljk |    216 |    204 | 44064 | 1.00 | 1.00 |       182.1 |   182.1 |   182.1 
       ij-kil-lkj |    216 |    204 | 46656 | 1.00 | 1.00 |       188.4 |   188.4 |   188.4 
       ijk-ikl-lj |  44064 |    204 |   216 | 1.00 | 1.00 |       447.4 |   447.4 |   447.4 
       ijk-il-jlk |    216 |  44064 |   204 | 1.00 | 1.00 |       264.7 |   264.7 |   264.7 
       ijk-ilk-jl |  44064 |    216 |   204 | 0.96 | 1.00 |       436.1 |   436.1 |   436.1 
       ijk-ilk-lj |  44064 |    204 |   216 | 0.96 | 1.00 |       441.7 |   441.7 |   441.7 
     ijk-ilmk-mjl |   3744 |     52 |  3744 | 0.89 | 1.00 |       221.3 |   221.3 |   221.3 
   ijkl-imjn-lnkm |   3744 |   3744 |  2704 | 0.89 | 0.92 |       534.4 |   534.4 |   534.4 
   ijkl-imjn-nlmk |   3744 |   2704 |  3744 | 0.89 | 0.92 |       546.4 |   546.4 |   546.4 
   ijkl-imkn-jnlm |   3744 |   3744 |  2704 | 0.89 | 1.00 |       561.8 |   561.8 |   561.8 
   ijkl-imkn-njml |   3744 |   2704 |  3744 | 0.89 | 0.92 |       549.6 |   549.6 |   549.6 
   ijkl-imln-jnkm |   3744 |   3744 |  2704 | 0.89 | 1.00 |       555.5 |   555.5 |   555.5 
   ijkl-imln-njmk |   3744 |   2704 |  3744 | 0.89 | 0.92 |       533.2 |   533.2 |   533.2 
   ijkl-imnj-nlkm |   3744 |   2704 |  3744 | 0.89 | 0.92 |       544.1 |   544.1 |   544.1 
   ijkl-imnk-njml |   3744 |   2704 |  3744 | 0.89 | 0.92 |       559.7 |   559.7 |   559.7 
   ijkl-minj-nlmk |   3744 |   2704 |  5184 | 0.89 | 0.92 |       547.7 |   547.7 |   547.7 
   ijkl-mink-jnlm |   3744 |   3744 |  3744 | 0.89 | 1.00 |       571.5 |   571.5 |   571.5 
   ijkl-minl-njmk |   3744 |   2704 |  5184 | 0.89 | 0.92 |       538.5 |   538.5 |   538.5 
     aqrs-pa-pqrs |     72 | 140608 |    72 | 1.00 | 1.00 |       287.0 |   287.0 |   287.0 
     abrs-qb-aqrs |     52 | 194688 |    72 | 0.89 | 1.00 |       239.8 |   239.8 |   239.8 
     abcs-rc-abrs |     52 | 194688 |    72 | 1.00 | 1.00 |       185.4 |   185.4 |   185.4 
       abj-bka-kj |  46656 |    204 |   216 | 0.96 | 1.00 |       382.0 |   382.0 |   382.0 
       ajb-kba-jk |  44064 |    216 |   216 | 0.96 | 1.00 |       547.6 |   547.6 |   547.6 
     abjc-cbka-kj | 269568 |     52 |    72 | 0.89 | 1.00 |        40.6 |    40.6 |    40.6 
     ajbc-ckba-jk | 269568 |     72 |    52 | 0.89 | 1.00 |        59.9 |    59.9 |    59.9 
     abjc-kbac-jk | 194688 |     72 |    72 | 0.89 | 1.00 |       291.8 |   291.8 |   291.8 
   abjcd-dkbac-jk | 331776 |     24 |    24 | 0.67 | 1.00 |        38.9 |    38.9 |    38.9 
   adbjc-cbdka-kj | 331776 |     24 |    24 | 0.67 | 1.00 |        35.6 |    35.6 |    35.6 
   ajbdc-ckbad-jk | 331776 |     24 |    24 | 1.00 | 1.00 |        32.1 |    32.1 |    32.1 
 abcijk-ijma-mkbc |   9216 |   4096 |    24 | 1.00 | 1.00 |       192.2 |   192.2 |   192.2 
 abcijk-ijmb-mkac |   6144 |   6144 |    24 | 1.00 | 1.00 |       154.3 |   154.3 |   154.3 
 abcijk-ijmc-mkab |   6144 |   6144 |    24 | 1.00 | 0.75 |       160.5 |   160.5 |   160.5 
 abcijk-ikma-mjbc |   9216 |   4096 |    24 | 1.00 | 1.00 |       150.6 |   150.6 |   150.6 
 abcijk-ikmb-mjac |   6144 |   6144 |    24 | 1.00 | 1.00 |       153.0 |   153.0 |   153.0 
 abcijk-ikmc-mjab |   6144 |   6144 |    24 | 1.00 | 0.75 |       158.0 |   158.0 |   158.0 
 abcijk-jkma-mibc |   9216 |   4096 |    24 | 1.00 | 1.00 |       188.9 |   188.9 |   188.9 
 abcijk-jkmb-miac |   6144 |   6144 |    24 | 1.00 | 1.00 |       155.3 |   155.3 |   155.3 
 abcijk-jkmc-miab |   6144 |   6144 |    24 | 1.00 | 0.75 |       167.8 |   167.8 |   167.8 
 abcijk-eiab-jkec |   6144 |   6144 |    24 | 1.00 | 0.75 |       168.6 |   168.6 |   168.6 
 abcijk-eiac-jkeb |   6144 |   6144 |    24 | 1.00 | 1.00 |       153.2 |   153.2 |   153.2 
 abcijk-eibc-jkea |   4096 |   9216 |    24 | 1.00 | 1.00 |       189.1 |   189.1 |   189.1 
 abcijk-ejab-ikec |   6144 |   6144 |    24 | 1.00 | 0.75 |       157.5 |   157.5 |   157.5 
 abcijk-ejac-ikeb |   6144 |   6144 |    24 | 1.00 | 1.00 |        90.4 |    90.4 |    90.4 
 abcijk-ejbc-ikea |   4096 |   9216 |    24 | 1.00 | 1.00 |       151.0 |   151.0 |   151.0 
 abcijk-ekab-ijec |   6144 |   6144 |    24 | 1.00 | 0.75 |       182.1 |   182.1 |   182.1 
 abcijk-ekac-ijeb |   6144 |   6144 |    24 | 1.00 | 1.00 |       155.8 |   155.8 |   155.8 
 abcijk-ekbc-ijea |   4096 |   9216 |    24 | 1.00 | 1.00 |       142.9 |   142.9 |   142.9 
       abc-bk-akc |    216 |  44064 |   204 | 0.96 | 1.00 |       430.7 |   430.7 |   430.7 

=== c32 ===
             case |      m |      n |     k | regA | regB | planar GF/s | 1m GF/s | 3m GF/s 
------------------+--------+--------+-------+------+------+-------------+---------+---------
         ij-ik-kj |   2904 |   2896 |  2904 | 1.00 | 1.00 |       610.9 |   615.8 |   590.9 
       ij-ikl-ljk |    216 |    204 | 44064 | 1.00 | 1.00 |       339.1 |   231.4 |   305.0 
       ij-kil-lkj |    216 |    204 | 46656 | 1.00 | 1.00 |       323.1 |   342.3 |   315.2 
       ijk-ikl-lj |  44064 |    204 |   216 | 1.00 | 1.00 |       576.1 |   581.1 |   552.4 
       ijk-il-jlk |    216 |  44064 |   204 | 1.00 | 0.98 |       387.5 |   427.2 |   355.7 
       ijk-ilk-jl |  44064 |    216 |   204 | 1.00 | 1.00 |       604.2 |   598.4 |   421.0 
       ijk-ilk-lj |  44064 |    204 |   216 | 1.00 | 1.00 |       609.0 |   592.7 |   561.4 
     ijk-ilmk-mjl |   3744 |     52 |  3744 | 1.00 | 1.00 |       406.8 |   263.0 |   369.5 
   ijkl-imjn-lnkm |   3744 |   3744 |  2704 | 1.00 | 0.92 |       621.4 |   611.7 |   606.9 
   ijkl-imjn-nlmk |   3744 |   2704 |  3744 | 1.00 | 0.92 |       616.0 |   610.4 |   620.5 
   ijkl-imkn-jnlm |   3744 |   3744 |  2704 | 1.00 | 0.95 |       627.8 |   616.7 |   606.9 
   ijkl-imkn-njml |   3744 |   2704 |  3744 | 1.00 | 0.92 |       628.5 |   624.0 |   609.5 
   ijkl-imln-jnkm |   3744 |   3744 |  2704 | 1.00 | 0.95 |       614.1 |   613.7 |   610.5 
   ijkl-imln-njmk |   3744 |   2704 |  3744 | 1.00 | 0.92 |       616.0 |   614.3 |   596.3 
   ijkl-imnj-nlkm |   3744 |   2704 |  3744 | 1.00 | 0.92 |       619.3 |   623.5 |   622.7 
   ijkl-imnk-njml |   3744 |   2704 |  3744 | 1.00 | 0.92 |       624.3 |   626.5 |   604.3 
   ijkl-minj-nlmk |   3744 |   2704 |  5184 | 1.00 | 0.92 |       618.8 |   615.4 |   616.0 
   ijkl-mink-jnlm |   3744 |   3744 |  3744 | 1.00 | 0.95 |       622.7 |   624.5 |   634.8 
   ijkl-minl-njmk |   3744 |   2704 |  5184 | 1.00 | 0.92 |       610.0 |   613.5 |   624.9 
     aqrs-pa-pqrs |     72 | 140608 |    72 | 1.00 | 1.00 |       175.4 |   185.1 |   143.9 
     abrs-qb-aqrs |     52 | 194688 |    72 | 1.00 | 1.00 |       370.6 |   336.8 |   306.7 
     abcs-rc-abrs |     52 | 194688 |    72 | 1.00 | 1.00 |       324.5 |   329.5 |   342.7 
       abj-bka-kj |  46656 |    204 |   216 | 1.00 | 1.00 |       515.0 |   441.2 |   461.3 
       ajb-kba-jk |  44064 |    216 |   216 | 1.00 | 1.00 |       642.0 |   671.9 |   658.7 
     abjc-cbka-kj | 269568 |     52 |    72 | 1.00 | 1.00 |       137.8 |   131.1 |   138.2 
     ajbc-ckba-jk | 269568 |     72 |    52 | 1.00 | 1.00 |       153.6 |   159.3 |   169.6 
     abjc-kbac-jk | 194688 |     72 |    72 | 1.00 | 1.00 |       482.9 |   505.5 |   504.8 
   abjcd-dkbac-jk | 331776 |     24 |    24 | 1.00 | 1.00 |        78.4 |    55.8 |    76.7 
   adbjc-cbdka-kj | 331776 |     24 |    24 | 1.00 | 1.00 |        74.3 |    66.0 |    70.3 
   ajbdc-ckbad-jk | 331776 |     24 |    24 | 1.00 | 1.00 |        78.2 |    73.2 |    76.2 
 abcijk-ijma-mkbc |   9216 |   4096 |    24 | 1.00 | 0.99 |       354.0 |   372.6 |   349.2 
 abcijk-ijmb-mkac |   6144 |   6144 |    24 | 1.00 | 0.75 |       298.7 |   344.2 |   309.0 
 abcijk-ijmc-mkab |   6144 |   6144 |    24 | 1.00 | 0.75 |       267.6 |   310.5 |   307.1 
 abcijk-ikma-mjbc |   9216 |   4096 |    24 | 1.00 | 0.99 |       315.2 |   365.6 |   358.7 
 abcijk-ikmb-mjac |   6144 |   6144 |    24 | 1.00 | 0.75 |       295.0 |   320.1 |   336.9 
 abcijk-ikmc-mjab |   6144 |   6144 |    24 | 1.00 | 0.75 |       279.8 |   307.1 |   290.4 
 abcijk-jkma-mibc |   9216 |   4096 |    24 | 1.00 | 0.99 |       354.1 |   374.3 |   363.4 
 abcijk-jkmb-miac |   6144 |   6144 |    24 | 1.00 | 0.75 |       293.7 |   343.5 |   308.8 
 abcijk-jkmc-miab |   6144 |   6144 |    24 | 1.00 | 0.75 |       259.5 |   306.8 |   283.0 
 abcijk-eiab-jkec |   6144 |   6144 |    24 | 1.00 | 0.75 |       286.0 |   283.4 |   288.2 
 abcijk-eiac-jkeb |   6144 |   6144 |    24 | 1.00 | 0.75 |       302.1 |   342.4 |   320.8 
 abcijk-eibc-jkea |   4096 |   9216 |    24 | 1.00 | 0.99 |       355.2 |   372.8 |   363.4 
 abcijk-ejab-ikec |   6144 |   6144 |    24 | 1.00 | 0.75 |       254.8 |   307.2 |   308.0 
 abcijk-ejac-ikeb |   6144 |   6144 |    24 | 1.00 | 0.75 |       297.6 |   284.2 |   304.0 
 abcijk-ejbc-ikea |   4096 |   9216 |    24 | 1.00 | 0.99 |       312.6 |   373.4 |   263.0 
 abcijk-ekab-ijec |   6144 |   6144 |    24 | 1.00 | 0.75 |       295.5 |   338.9 |   285.7 
 abcijk-ekac-ijeb |   6144 |   6144 |    24 | 1.00 | 0.75 |       332.3 |   353.0 |   330.6 
 abcijk-ekbc-ijea |   4096 |   9216 |    24 | 1.00 | 0.99 |       306.5 |   366.0 |   338.5 
       abc-bk-akc |    216 |  44064 |   204 | 1.00 | 1.00 |       418.2 |   407.4 |   583.3 

=== complex efficiency ratio (c32 GF/s over f32 GF/s; 1.0 = no penalty) ===
             case | planar c32/f32 | 1m c32/f32 | 3m c32/f32 
------------------+----------------+------------+------------
         ij-ik-kj |          1.255 |      1.265 |      1.214 
       ij-ikl-ljk |          1.862 |      1.271 |      1.675 
       ij-kil-lkj |          1.715 |      1.817 |      1.673 
       ijk-ikl-lj |          1.288 |      1.299 |      1.235 
       ijk-il-jlk |          1.464 |      1.614 |      1.344 
       ijk-ilk-jl |          1.386 |      1.372 |      0.965 
       ijk-ilk-lj |          1.379 |      1.342 |      1.271 
     ijk-ilmk-mjl |          1.839 |      1.189 |      1.670 
   ijkl-imjn-lnkm |          1.163 |      1.145 |      1.136 
   ijkl-imjn-nlmk |          1.127 |      1.117 |      1.136 
   ijkl-imkn-jnlm |          1.117 |      1.098 |      1.080 
   ijkl-imkn-njml |          1.143 |      1.135 |      1.109 
   ijkl-imln-jnkm |          1.106 |      1.105 |      1.099 
   ijkl-imln-njmk |          1.155 |      1.152 |      1.118 
   ijkl-imnj-nlkm |          1.138 |      1.146 |      1.144 
   ijkl-imnk-njml |          1.115 |      1.119 |      1.080 
   ijkl-minj-nlmk |          1.130 |      1.124 |      1.125 
   ijkl-mink-jnlm |          1.090 |      1.093 |      1.111 
   ijkl-minl-njmk |          1.133 |      1.139 |      1.161 
     aqrs-pa-pqrs |          0.611 |      0.645 |      0.501 
     abrs-qb-aqrs |          1.546 |      1.405 |      1.279 
     abcs-rc-abrs |          1.750 |      1.777 |      1.848 
       abj-bka-kj |          1.348 |      1.155 |      1.208 
       ajb-kba-jk |          1.172 |      1.227 |      1.203 
     abjc-cbka-kj |          3.398 |      3.232 |      3.407 
     ajbc-ckba-jk |          2.565 |      2.659 |      2.831 
     abjc-kbac-jk |          1.655 |      1.732 |      1.730 
   abjcd-dkbac-jk |          2.013 |      1.433 |      1.971 
   adbjc-cbdka-kj |          2.089 |      1.857 |      1.977 
   ajbdc-ckbad-jk |          2.439 |      2.283 |      2.376 
 abcijk-ijma-mkbc |          1.841 |      1.938 |      1.817 
 abcijk-ijmb-mkac |          1.936 |      2.231 |      2.003 
 abcijk-ijmc-mkab |          1.667 |      1.934 |      1.913 
 abcijk-ikma-mjbc |          2.093 |      2.428 |      2.382 
 abcijk-ikmb-mjac |          1.928 |      2.092 |      2.203 
 abcijk-ikmc-mjab |          1.771 |      1.944 |      1.838 
 abcijk-jkma-mibc |          1.874 |      1.981 |      1.923 
 abcijk-jkmb-miac |          1.891 |      2.211 |      1.988 
 abcijk-jkmc-miab |          1.546 |      1.828 |      1.687 
 abcijk-eiab-jkec |          1.697 |      1.681 |      1.710 
 abcijk-eiac-jkeb |          1.972 |      2.235 |      2.094 
 abcijk-eibc-jkea |          1.878 |      1.972 |      1.922 
 abcijk-ejab-ikec |          1.618 |      1.950 |      1.955 
 abcijk-ejac-ikeb |          3.293 |      3.144 |      3.363 
 abcijk-ejbc-ikea |          2.070 |      2.472 |      1.741 
 abcijk-ekab-ijec |          1.622 |      1.861 |      1.569 
 abcijk-ekac-ijeb |          2.133 |      2.266 |      2.122 
 abcijk-ekbc-ijea |          2.146 |      2.562 |      2.369 
       abc-bk-akc |          0.971 |      0.946 |      1.354 
             MEAN |          1.656 |      1.686 |      1.666 

wrote bench-results/worker5040-zen2/phase4f/th-t8-f32c32.csv
