host        : worker6194
target      : x86_64 / linux
cpu features: avx2 fma avx512f avx512dq 
caches      : L1=48KiB/12-way/1sh L2=1280KiB/20-way/1sh L3=49152KiB/12-way/32sh (via sysfs), blocking=legacy
l3 domains  : t1=1 t4=1 t8=1 t16=1 t32=1
baselines   : tblis=false blas=false

sweeping 49 cases at 16 MiB nominal tensor size, 3 reps, stress=none


=== f64 ===
             case |      m |     n |     k | regA | regB | planar GF/s | 1m GF/s | 3m GF/s 
------------------+--------+-------+-------+------+------+-------------+---------+---------
         ij-ik-kj |   1464 |  1448 |  1464 | 1.00 | 1.00 |       844.1 |   844.1 |   844.1 
       ij-ikl-ljk |    144 |   128 | 18432 | 1.00 | 1.00 |        22.6 |    22.6 |    22.6 
       ij-kil-lkj |    144 |   128 | 20736 | 1.00 | 1.00 |        26.8 |    26.8 |    26.8 
       ijk-ikl-lj |  18432 |   128 |   144 | 1.00 | 1.00 |       384.9 |   384.9 |   384.9 
       ijk-il-jlk |    144 | 18432 |   128 | 1.00 | 1.00 |       110.2 |   110.2 |   110.2 
       ijk-ilk-jl |  18432 |   144 |   128 | 1.00 | 1.00 |       417.1 |   417.1 |   417.1 
       ijk-ilk-lj |  18432 |   128 |   144 | 1.00 | 1.00 |       404.1 |   404.1 |   404.1 
     ijk-ilmk-mjl |   1920 |    40 |  1920 | 1.00 | 1.00 |        59.6 |    59.6 |    59.6 
   ijkl-imjn-lnkm |   1920 |  1920 |  1600 | 1.00 | 1.00 |       544.9 |   544.9 |   544.9 
   ijkl-imjn-nlmk |   1920 |  1600 |  1920 | 1.00 | 1.00 |       540.5 |   540.5 |   540.5 
   ijkl-imkn-jnlm |   1920 |  1920 |  1600 | 1.00 | 1.00 |       573.2 |   573.2 |   573.2 
   ijkl-imkn-njml |   1920 |  1600 |  1920 | 1.00 | 1.00 |       567.2 |   567.2 |   567.2 
   ijkl-imln-jnkm |   1920 |  1920 |  1600 | 1.00 | 1.00 |       598.3 |   598.3 |   598.3 
   ijkl-imln-njmk |   1920 |  1600 |  1920 | 1.00 | 1.00 |       549.9 |   549.9 |   549.9 
   ijkl-imnj-nlkm |   1920 |  1600 |  1920 | 1.00 | 1.00 |       523.7 |   523.7 |   523.7 
   ijkl-imnk-njml |   1920 |  1600 |  1920 | 1.00 | 1.00 |       568.7 |   568.7 |   568.7 
   ijkl-minj-nlmk |   1920 |  1600 |  2304 | 1.00 | 1.00 |       561.0 |   561.0 |   561.0 
   ijkl-mink-jnlm |   1920 |  1920 |  1920 | 1.00 | 1.00 |       611.2 |   611.2 |   611.2 
   ijkl-minl-njmk |   1920 |  1600 |  2304 | 1.00 | 1.00 |       577.4 |   577.4 |   577.4 
     aqrs-pa-pqrs |     48 | 64000 |    48 | 1.00 | 1.00 |        20.7 |    20.7 |    20.7 
     abrs-qb-aqrs |     40 | 76800 |    48 | 1.00 | 1.00 |       205.5 |   205.5 |   205.5 
     abcs-rc-abrs |     40 | 76800 |    48 | 1.00 | 1.00 |       217.5 |   217.5 |   217.5 
       abj-bka-kj |  20736 |   128 |   144 | 1.00 | 1.00 |       373.6 |   373.6 |   373.6 
       ajb-kba-jk |  18432 |   144 |   144 | 1.00 | 1.00 |       438.4 |   438.4 |   438.4 
     abjc-cbka-kj |  92160 |    40 |    48 | 1.00 | 1.00 |       149.2 |   149.2 |   149.2 
     ajbc-ckba-jk |  92160 |    48 |    40 | 1.00 | 1.00 |       198.8 |   198.8 |   198.8 
     abjc-kbac-jk |  76800 |    48 |    48 | 1.00 | 1.00 |       203.2 |   203.2 |   203.2 
   abjcd-dkbac-jk | 230400 |    24 |    20 | 1.00 | 1.00 |        73.8 |    73.8 |    73.8 
   adbjc-cbdka-kj | 230400 |    20 |    24 | 1.00 | 1.00 |        68.4 |    68.4 |    68.4 
   ajbdc-ckbad-jk | 230400 |    24 |    20 | 1.00 | 1.00 |        73.6 |    73.6 |    73.6 
 abcijk-ijma-mkbc |   6912 |  1728 |    24 | 1.00 | 1.00 |       204.0 |   204.0 |   204.0 
 abcijk-ijmb-mkac |   3456 |  3456 |    24 | 1.00 | 0.67 |       145.6 |   145.6 |   145.6 
 abcijk-ijmc-mkab |   3456 |  3456 |    24 | 1.00 | 0.67 |       158.5 |   158.5 |   158.5 
 abcijk-ikma-mjbc |   6912 |  1728 |    24 | 1.00 | 1.00 |       201.8 |   201.8 |   201.8 
 abcijk-ikmb-mjac |   3456 |  3456 |    24 | 1.00 | 0.67 |       167.4 |   167.4 |   167.4 
 abcijk-ikmc-mjab |   3456 |  3456 |    24 | 1.00 | 0.67 |       162.3 |   162.3 |   162.3 
 abcijk-jkma-mibc |   6912 |  1728 |    24 | 1.00 | 1.00 |       207.8 |   207.8 |   207.8 
 abcijk-jkmb-miac |   3456 |  3456 |    24 | 1.00 | 0.67 |       168.5 |   168.5 |   168.5 
 abcijk-jkmc-miab |   3456 |  3456 |    24 | 1.00 | 0.67 |       171.8 |   171.8 |   171.8 
 abcijk-eiab-jkec |   3456 |  3456 |    24 | 1.00 | 0.67 |       174.6 |   174.6 |   174.6 
 abcijk-eiac-jkeb |   3456 |  3456 |    24 | 1.00 | 0.67 |       160.4 |   160.4 |   160.4 
 abcijk-eibc-jkea |   1728 |  6912 |    24 | 1.00 | 1.00 |       205.2 |   205.2 |   205.2 
 abcijk-ejab-ikec |   3456 |  3456 |    24 | 1.00 | 0.67 |       171.1 |   171.1 |   171.1 
 abcijk-ejac-ikeb |   3456 |  3456 |    24 | 1.00 | 0.67 |       171.6 |   171.6 |   171.6 
 abcijk-ejbc-ikea |   1728 |  6912 |    24 | 1.00 | 1.00 |       206.0 |   206.0 |   206.0 
 abcijk-ekab-ijec |   3456 |  3456 |    24 | 1.00 | 0.67 |       164.2 |   164.2 |   164.2 
 abcijk-ekac-ijeb |   3456 |  3456 |    24 | 1.00 | 0.67 |       180.8 |   180.8 |   180.8 
 abcijk-ekbc-ijea |   1728 |  6912 |    24 | 1.00 | 1.00 |       215.6 |   215.6 |   215.6 
       abc-bk-akc |    144 | 18432 |   128 | 1.00 | 1.00 |       465.5 |   465.5 |   465.5 

=== c64 ===
             case |      m |     n |     k | regA | regB | planar GF/s | 1m GF/s | 3m GF/s 
------------------+--------+-------+-------+------+------+-------------+---------+---------
         ij-ik-kj |   1464 |  1448 |  1464 | 1.00 | 1.00 |       918.4 |   787.9 |   628.9 
       ij-ikl-ljk |    144 |   128 | 18432 | 1.00 | 1.00 |        64.9 |   159.4 |    56.5 
       ij-kil-lkj |    144 |   128 | 20736 | 1.00 | 1.00 |        66.4 |   187.6 |    57.5 
       ijk-ikl-lj |  18432 |   128 |   144 | 1.00 | 1.00 |       806.3 |   722.6 |   648.7 
       ijk-il-jlk |    144 | 18432 |   128 | 1.00 | 1.00 |       870.4 |   193.3 |   109.4 
       ijk-ilk-jl |  18432 |   144 |   128 | 1.00 | 1.00 |       843.7 |   774.1 |   677.0 
       ijk-ilk-lj |  18432 |   128 |   144 | 1.00 | 1.00 |       853.7 |   734.1 |   687.7 
     ijk-ilmk-mjl |   1920 |    40 |  1920 | 1.00 | 1.00 |       180.2 |   177.6 |   170.9 
   ijkl-imjn-lnkm |   1920 |  1920 |  1600 | 1.00 | 0.90 |       942.6 |   833.4 |   682.2 
   ijkl-imjn-nlmk |   1920 |  1600 |  1920 | 1.00 | 0.90 |       893.9 |   806.1 |   653.6 
   ijkl-imkn-jnlm |   1920 |  1920 |  1600 | 1.00 | 1.00 |       954.2 |   871.2 |   695.4 
   ijkl-imkn-njml |   1920 |  1600 |  1920 | 1.00 | 0.90 |       925.2 |   824.0 |   661.3 
   ijkl-imln-jnkm |   1920 |  1920 |  1600 | 1.00 | 1.00 |       962.4 |   861.2 |   690.1 
   ijkl-imln-njmk |   1920 |  1600 |  1920 | 1.00 | 0.90 |       911.2 |   820.6 |   662.4 
   ijkl-imnj-nlkm |   1920 |  1600 |  1920 | 1.00 | 0.90 |       898.3 |   810.2 |   655.9 
   ijkl-imnk-njml |   1920 |  1600 |  1920 | 1.00 | 0.90 |       904.0 |   821.6 |   664.1 
   ijkl-minj-nlmk |   1920 |  1600 |  2304 | 1.00 | 0.90 |       916.2 |   830.6 |   667.1 
   ijkl-mink-jnlm |   1920 |  1920 |  1920 | 1.00 | 1.00 |       975.0 |   875.8 |   701.3 
   ijkl-minl-njmk |   1920 |  1600 |  2304 | 1.00 | 0.90 |       930.6 |   842.4 |   661.6 
     aqrs-pa-pqrs |     48 | 64000 |    48 | 1.00 | 1.00 |       508.5 |    62.5 |   124.0 
     abrs-qb-aqrs |     40 | 76800 |    48 | 1.00 | 1.00 |       473.2 |   451.4 |   411.5 
     abcs-rc-abrs |     40 | 76800 |    48 | 1.00 | 1.00 |       487.4 |   492.7 |   441.7 
       abj-bka-kj |  20736 |   128 |   144 | 1.00 | 1.00 |       682.0 |   625.3 |   568.1 
       ajb-kba-jk |  18432 |   144 |   144 | 1.00 | 1.00 |       868.9 |   812.8 |   711.6 
     abjc-cbka-kj |  92160 |    40 |    48 | 1.00 | 1.00 |       284.5 |   245.6 |   246.7 
     ajbc-ckba-jk |  92160 |    48 |    40 | 1.00 | 1.00 |       319.8 |   292.1 |   287.9 
     abjc-kbac-jk |  76800 |    48 |    48 | 1.00 | 1.00 |       544.8 |   526.0 |   426.0 
   abjcd-dkbac-jk | 230400 |    24 |    20 | 0.67 | 1.00 |       165.7 |   144.6 |   148.5 
   adbjc-cbdka-kj | 230400 |    20 |    24 | 0.67 | 1.00 |       149.3 |   123.9 |   130.4 
   ajbdc-ckbad-jk | 230400 |    24 |    20 | 1.00 | 1.00 |       167.1 |   139.2 |   135.2 
 abcijk-ijma-mkbc |   6912 |  1728 |    24 | 1.00 | 1.00 |       413.2 |   419.4 |   346.3 
 abcijk-ijmb-mkac |   3456 |  3456 |    24 | 1.00 | 1.00 |       326.4 |   337.2 |   274.8 
 abcijk-ijmc-mkab |   3456 |  3456 |    24 | 1.00 | 1.00 |       336.0 |   350.7 |   285.5 
 abcijk-ikma-mjbc |   6912 |  1728 |    24 | 1.00 | 1.00 |       409.4 |   399.5 |   351.8 
 abcijk-ikmb-mjac |   3456 |  3456 |    24 | 1.00 | 1.00 |       335.6 |   332.3 |   275.2 
 abcijk-ikmc-mjab |   3456 |  3456 |    24 | 1.00 | 1.00 |       325.8 |   356.0 |   301.2 
 abcijk-jkma-mibc |   6912 |  1728 |    24 | 1.00 | 1.00 |       414.8 |   402.9 |   347.9 
 abcijk-jkmb-miac |   3456 |  3456 |    24 | 1.00 | 1.00 |       333.1 |   343.2 |   277.2 
 abcijk-jkmc-miab |   3456 |  3456 |    24 | 1.00 | 1.00 |       337.4 |   352.3 |   289.1 
 abcijk-eiab-jkec |   3456 |  3456 |    24 | 1.00 | 1.00 |       323.5 |   341.9 |   283.4 
 abcijk-eiac-jkeb |   3456 |  3456 |    24 | 1.00 | 1.00 |       353.2 |   333.0 |   271.7 
 abcijk-eibc-jkea |   1728 |  6912 |    24 | 1.00 | 1.00 |       449.9 |   414.2 |   369.6 
 abcijk-ejab-ikec |   3456 |  3456 |    24 | 1.00 | 1.00 |       362.5 |   356.7 |   304.8 
 abcijk-ejac-ikeb |   3456 |  3456 |    24 | 1.00 | 1.00 |       350.9 |   341.6 |   285.6 
 abcijk-ejbc-ikea |   1728 |  6912 |    24 | 1.00 | 1.00 |       412.3 |   410.1 |   357.9 
 abcijk-ekab-ijec |   3456 |  3456 |    24 | 1.00 | 1.00 |       344.0 |   363.7 |   281.9 
 abcijk-ekac-ijeb |   3456 |  3456 |    24 | 1.00 | 1.00 |       335.1 |   342.1 |   281.0 
 abcijk-ekbc-ijea |   1728 |  6912 |    24 | 1.00 | 1.00 |       396.5 |   398.1 |   358.2 
       abc-bk-akc |    144 | 18432 |   128 | 1.00 | 1.00 |       867.7 |   749.9 |   682.7 

=== complex efficiency ratio (c64 GF/s over f64 GF/s; 1.0 = no penalty) ===
             case | planar c64/f64 | 1m c64/f64 | 3m c64/f64 
------------------+----------------+------------+------------
         ij-ik-kj |          1.088 |      0.933 |      0.745 
       ij-ikl-ljk |          2.871 |      7.044 |      2.498 
       ij-kil-lkj |          2.478 |      7.002 |      2.146 
       ijk-ikl-lj |          2.095 |      1.877 |      1.685 
       ijk-il-jlk |          7.901 |      1.754 |      0.994 
       ijk-ilk-jl |          2.023 |      1.856 |      1.623 
       ijk-ilk-lj |          2.112 |      1.816 |      1.702 
     ijk-ilmk-mjl |          3.025 |      2.982 |      2.869 
   ijkl-imjn-lnkm |          1.730 |      1.530 |      1.252 
   ijkl-imjn-nlmk |          1.654 |      1.491 |      1.209 
   ijkl-imkn-jnlm |          1.665 |      1.520 |      1.213 
   ijkl-imkn-njml |          1.631 |      1.453 |      1.166 
   ijkl-imln-jnkm |          1.609 |      1.439 |      1.153 
   ijkl-imln-njmk |          1.657 |      1.492 |      1.205 
   ijkl-imnj-nlkm |          1.715 |      1.547 |      1.253 
   ijkl-imnk-njml |          1.590 |      1.445 |      1.168 
   ijkl-minj-nlmk |          1.633 |      1.481 |      1.189 
   ijkl-mink-jnlm |          1.595 |      1.433 |      1.147 
   ijkl-minl-njmk |          1.612 |      1.459 |      1.146 
     aqrs-pa-pqrs |         24.614 |      3.024 |      6.004 
     abrs-qb-aqrs |          2.303 |      2.197 |      2.003 
     abcs-rc-abrs |          2.241 |      2.265 |      2.031 
       abj-bka-kj |          1.826 |      1.674 |      1.521 
       ajb-kba-jk |          1.982 |      1.854 |      1.623 
     abjc-cbka-kj |          1.907 |      1.646 |      1.653 
     ajbc-ckba-jk |          1.609 |      1.469 |      1.448 
     abjc-kbac-jk |          2.681 |      2.588 |      2.096 
   abjcd-dkbac-jk |          2.246 |      1.960 |      2.013 
   adbjc-cbdka-kj |          2.183 |      1.812 |      1.906 
   ajbdc-ckbad-jk |          2.270 |      1.890 |      1.837 
 abcijk-ijma-mkbc |          2.025 |      2.056 |      1.697 
 abcijk-ijmb-mkac |          2.243 |      2.317 |      1.888 
 abcijk-ijmc-mkab |          2.120 |      2.212 |      1.801 
 abcijk-ikma-mjbc |          2.029 |      1.979 |      1.743 
 abcijk-ikmb-mjac |          2.005 |      1.985 |      1.644 
 abcijk-ikmc-mjab |          2.007 |      2.193 |      1.856 
 abcijk-jkma-mibc |          1.996 |      1.939 |      1.675 
 abcijk-jkmb-miac |          1.977 |      2.036 |      1.645 
 abcijk-jkmc-miab |          1.963 |      2.050 |      1.682 
 abcijk-eiab-jkec |          1.853 |      1.958 |      1.623 
 abcijk-eiac-jkeb |          2.202 |      2.076 |      1.694 
 abcijk-eibc-jkea |          2.192 |      2.019 |      1.801 
 abcijk-ejab-ikec |          2.118 |      2.085 |      1.781 
 abcijk-ejac-ikeb |          2.045 |      1.991 |      1.665 
 abcijk-ejbc-ikea |          2.001 |      1.990 |      1.737 
 abcijk-ekab-ijec |          2.096 |      2.215 |      1.717 
 abcijk-ekac-ijeb |          1.853 |      1.892 |      1.554 
 abcijk-ekbc-ijea |          1.839 |      1.846 |      1.661 
       abc-bk-akc |          1.864 |      1.611 |      1.467 
             MEAN |          2.571 |      2.090 |      1.711 

wrote bench-results/worker6194-icelake/phase4g/sm-pool-s16-t16-f64c64.csv
