host        : worker6194
target      : x86_64 / linux
cpu features: avx2 fma avx512f avx512dq 
caches      : L1=48KiB/12-way/1sh L2=1280KiB/20-way/1sh L3=49152KiB/12-way/32sh (via sysfs), blocking=legacy
l3 domains  : t1=1 t4=1 t8=1 t16=1
baselines   : tblis=false blas=false

sweeping 49 cases at 1 MiB nominal tensor size, 24 reps, stress=none


=== f32 ===
             case |     m |    n |    k | regA | regB | planar GF/s | 1m GF/s | 3m GF/s 
------------------+-------+------+------+------+------+-------------+---------+---------
         ij-ik-kj |   384 |  364 |  384 | 1.00 | 1.00 |       986.1 |   986.1 |   986.1 
       ij-ikl-ljk |    72 |   52 | 3744 | 1.00 | 1.00 |       123.3 |   123.3 |   123.3 
       ij-kil-lkj |    72 |   52 | 5184 | 1.00 | 1.00 |       124.5 |   124.5 |   124.5 
       ijk-ikl-lj |  3744 |   52 |   72 | 1.00 | 1.00 |        84.2 |    84.2 |    84.2 
       ijk-il-jlk |    72 | 3744 |   52 | 1.00 | 1.00 |       104.0 |   104.0 |   104.0 
       ijk-ilk-jl |  3744 |   72 |   52 | 0.67 | 1.00 |        55.8 |    55.8 |    55.8 
       ijk-ilk-lj |  3744 |   52 |   72 | 0.67 | 1.00 |       107.8 |   107.8 |   107.8 
     ijk-ilmk-mjl |   480 |   20 |  480 | 0.00 | 1.00 |        10.8 |    10.8 |    10.8 
   ijkl-imjn-lnkm |   480 |  480 |  400 | 0.00 | 0.80 |       168.9 |   168.9 |   168.9 
   ijkl-imjn-nlmk |   480 |  400 |  480 | 0.00 | 0.80 |       180.0 |   180.0 |   180.0 
   ijkl-imkn-jnlm |   480 |  480 |  400 | 0.00 | 1.00 |       167.3 |   167.3 |   167.3 
   ijkl-imkn-njml |   480 |  400 |  480 | 0.11 | 1.00 |       159.6 |   159.6 |   159.6 
   ijkl-imln-jnkm |   480 |  480 |  400 | 0.00 | 1.00 |       169.2 |   169.2 |   169.2 
   ijkl-imln-njmk |   480 |  400 |  480 | 0.00 | 0.80 |       159.8 |   159.8 |   159.8 
   ijkl-imnj-nlkm |   480 |  400 |  480 | 0.00 | 0.80 |       175.7 |   175.7 |   175.7 
   ijkl-imnk-njml |   480 |  400 |  480 | 0.11 | 1.00 |       152.5 |   152.5 |   152.5 
   ijkl-minj-nlmk |   480 |  400 |  576 | 0.00 | 0.80 |       187.6 |   187.6 |   187.6 
   ijkl-mink-jnlm |   480 |  480 |  480 | 0.00 | 1.00 |       199.3 |   199.3 |   199.3 
   ijkl-minl-njmk |   480 |  400 |  576 | 0.00 | 0.80 |       188.9 |   188.9 |   188.9 
     aqrs-pa-pqrs |    24 | 8000 |   24 | 1.00 | 1.00 |        43.3 |    43.3 |    43.3 
     abrs-qb-aqrs |    20 | 9600 |   24 | 0.00 | 1.00 |        39.5 |    39.5 |    39.5 
     abcs-rc-abrs |    20 | 9600 |   24 | 1.00 | 1.00 |        44.3 |    44.3 |    44.3 
       abj-bka-kj |  5184 |   52 |   72 | 0.67 | 1.00 |        66.4 |    66.4 |    66.4 
       ajb-kba-jk |  3744 |   72 |   72 | 0.67 | 1.00 |        75.0 |    75.0 |    75.0 
     abjc-cbka-kj | 11520 |   20 |   24 | 0.00 | 1.00 |        41.7 |    41.7 |    41.7 
     ajbc-ckba-jk | 11520 |   24 |   20 | 0.00 | 1.00 |        41.5 |    41.5 |    41.5 
     abjc-kbac-jk |  9600 |   24 |   24 | 0.00 | 1.00 |        25.4 |    25.4 |    25.4 
   abjcd-dkbac-jk | 82944 |   24 |   12 | 0.00 | 1.00 |        61.0 |    61.0 |    61.0 
   adbjc-cbdka-kj | 82944 |   12 |   24 | 0.00 | 1.00 |        39.7 |    39.7 |    39.7 
   ajbdc-ckbad-jk | 82944 |   24 |   12 | 0.00 | 1.00 |        59.2 |    59.2 |    59.2 
 abcijk-ijma-mkbc |  4608 |  512 |   24 | 0.00 | 1.00 |       488.8 |   488.8 |   488.8 
 abcijk-ijmb-mkac |  1536 | 1536 |   24 | 0.00 | 1.00 |       253.8 |   253.8 |   253.8 
 abcijk-ijmc-mkab |  1536 | 1536 |   24 | 1.00 | 1.00 |       326.5 |   326.5 |   326.5 
 abcijk-ikma-mjbc |  4608 |  512 |   24 | 0.00 | 1.00 |       170.9 |   170.9 |   170.9 
 abcijk-ikmb-mjac |  1536 | 1536 |   24 | 0.00 | 1.00 |       264.0 |   264.0 |   264.0 
 abcijk-ikmc-mjab |  1536 | 1536 |   24 | 1.00 | 1.00 |       362.5 |   362.5 |   362.5 
 abcijk-jkma-mibc |  4608 |  512 |   24 | 0.00 | 1.00 |       265.5 |   265.5 |   265.5 
 abcijk-jkmb-miac |  1536 | 1536 |   24 | 0.00 | 1.00 |       226.3 |   226.3 |   226.3 
 abcijk-jkmc-miab |  1536 | 1536 |   24 | 1.00 | 1.00 |       173.4 |   173.4 |   173.4 
 abcijk-eiab-jkec |  1536 | 1536 |   24 | 1.00 | 1.00 |       178.9 |   178.9 |   178.9 
 abcijk-eiac-jkeb |  1536 | 1536 |   24 | 0.00 | 1.00 |       141.9 |   141.9 |   141.9 
 abcijk-eibc-jkea |   512 | 4608 |   24 | 0.00 | 1.00 |       250.2 |   250.2 |   250.2 
 abcijk-ejab-ikec |  1536 | 1536 |   24 | 1.00 | 1.00 |       284.6 |   284.6 |   284.6 
 abcijk-ejac-ikeb |  1536 | 1536 |   24 | 0.00 | 1.00 |       154.8 |   154.8 |   154.8 
 abcijk-ejbc-ikea |   512 | 4608 |   24 | 0.00 | 1.00 |       146.4 |   146.4 |   146.4 
 abcijk-ekab-ijec |  1536 | 1536 |   24 | 1.00 | 1.00 |       280.9 |   280.9 |   280.9 
 abcijk-ekac-ijeb |  1536 | 1536 |   24 | 0.00 | 1.00 |       188.2 |   188.2 |   188.2 
 abcijk-ekbc-ijea |   512 | 4608 |   24 | 0.00 | 1.00 |       259.1 |   259.1 |   259.1 
       abc-bk-akc |    72 | 3744 |   52 | 0.67 | 1.00 |        57.1 |    57.1 |    57.1 

=== c32 ===
             case |     m |    n |    k | regA | regB | planar GF/s | 1m GF/s | 3m GF/s 
------------------+-------+------+------+------+------+-------------+---------+---------
         ij-ik-kj |   384 |  364 |  384 | 1.00 | 1.00 |      1042.8 |   571.4 |   629.8 
       ij-ikl-ljk |    72 |   52 | 3744 | 1.00 | 1.00 |        48.7 |    44.8 |    40.8 
       ij-kil-lkj |    72 |   52 | 5184 | 1.00 | 1.00 |       255.1 |   231.1 |   205.0 
       ijk-ikl-lj |  3744 |   52 |   72 | 1.00 | 1.00 |       258.2 |   175.5 |   301.0 
       ijk-il-jlk |    72 | 3744 |   52 | 1.00 | 1.00 |       303.4 |   708.2 |   309.1 
       ijk-ilk-jl |  3744 |   72 |   52 | 0.67 | 1.00 |       291.9 |   294.6 |   460.2 
       ijk-ilk-lj |  3744 |   52 |   72 | 0.67 | 1.00 |       295.4 |   204.4 |   276.2 
     ijk-ilmk-mjl |   480 |   20 |  480 | 0.00 | 1.00 |        44.1 |    40.5 |    41.8 
   ijkl-imjn-lnkm |   480 |  480 |  400 | 0.00 | 0.80 |       507.1 |   486.1 |   450.1 
   ijkl-imjn-nlmk |   480 |  400 |  480 | 0.00 | 0.81 |       487.1 |   521.1 |   447.1 
   ijkl-imkn-jnlm |   480 |  480 |  400 | 0.00 | 1.00 |       481.1 |   549.1 |   547.3 
   ijkl-imkn-njml |   480 |  400 |  480 | 0.08 | 1.00 |       461.1 |   448.8 |   518.7 
   ijkl-imln-jnkm |   480 |  480 |  400 | 0.00 | 1.00 |       552.1 |   748.6 |   502.2 
   ijkl-imln-njmk |   480 |  400 |  480 | 0.00 | 0.81 |       502.1 |   560.6 |   424.4 
   ijkl-imnj-nlkm |   480 |  400 |  480 | 0.00 | 0.81 |       476.2 |   756.8 |   514.1 
   ijkl-imnk-njml |   480 |  400 |  480 | 0.08 | 1.00 |       532.6 |   450.7 |   434.2 
   ijkl-minj-nlmk |   480 |  400 |  576 | 0.00 | 0.81 |       569.9 |   528.6 |   549.2 
   ijkl-mink-jnlm |   480 |  480 |  480 | 0.00 | 1.00 |       774.5 |   852.9 |   535.0 
   ijkl-minl-njmk |   480 |  400 |  576 | 0.00 | 0.81 |       582.9 |   590.4 |   519.7 
     aqrs-pa-pqrs |    24 | 8000 |   24 | 1.00 | 1.00 |        67.4 |    58.8 |   175.5 
     abrs-qb-aqrs |    20 | 9600 |   24 | 0.00 | 1.00 |        75.0 |    74.6 |    85.5 
     abcs-rc-abrs |    20 | 9600 |   24 | 1.00 | 1.00 |        66.9 |    63.9 |    70.8 
       abj-bka-kj |  5184 |   52 |   72 | 0.67 | 1.00 |       237.3 |   336.7 |   220.6 
       ajb-kba-jk |  3744 |   72 |   72 | 0.67 | 1.00 |       353.3 |   260.8 |   223.7 
     abjc-cbka-kj | 11520 |   20 |   24 | 0.00 | 1.00 |        70.7 |    71.1 |    71.7 
     ajbc-ckba-jk | 11520 |   24 |   20 | 0.00 | 1.00 |        71.9 |    68.5 |    81.9 
     abjc-kbac-jk |  9600 |   24 |   24 | 0.00 | 1.00 |       103.3 |    79.4 |    87.5 
   abjcd-dkbac-jk | 82944 |   24 |   12 | 0.00 | 1.00 |       150.6 |   148.6 |   122.1 
   adbjc-cbdka-kj | 82944 |   12 |   24 | 0.00 | 1.00 |       134.4 |   116.8 |   112.3 
   ajbdc-ckbad-jk | 82944 |   24 |   12 | 0.00 | 1.00 |       141.2 |   123.4 |   123.8 
 abcijk-ijma-mkbc |  4608 |  512 |   24 | 0.00 | 0.94 |       595.0 |   669.7 |   541.2 
 abcijk-ijmb-mkac |  1536 | 1536 |   24 | 0.00 | 1.00 |       364.3 |   436.7 |   258.8 
 abcijk-ijmc-mkab |  1536 | 1536 |   24 | 1.00 | 0.50 |       391.8 |   488.9 |   244.0 
 abcijk-ikma-mjbc |  4608 |  512 |   24 | 0.00 | 0.94 |       673.7 |   500.0 |   682.8 
 abcijk-ikmb-mjac |  1536 | 1536 |   24 | 0.00 | 1.00 |       355.2 |   454.8 |   323.6 
 abcijk-ikmc-mjab |  1536 | 1536 |   24 | 1.00 | 0.50 |       354.3 |   443.9 |   252.7 
 abcijk-jkma-mibc |  4608 |  512 |   24 | 0.00 | 0.94 |       488.8 |   669.0 |   421.8 
 abcijk-jkmb-miac |  1536 | 1536 |   24 | 0.00 | 1.00 |       335.3 |   470.1 |   227.9 
 abcijk-jkmc-miab |  1536 | 1536 |   24 | 1.00 | 0.50 |       368.1 |   337.0 |   264.5 
 abcijk-eiab-jkec |  1536 | 1536 |   24 | 1.00 | 0.50 |       410.0 |   473.2 |   396.2 
 abcijk-eiac-jkeb |  1536 | 1536 |   24 | 0.00 | 1.00 |       311.7 |   460.5 |   244.3 
 abcijk-eibc-jkea |   512 | 4608 |   24 | 0.00 | 0.94 |       451.7 |   553.3 |   408.0 
 abcijk-ejab-ikec |  1536 | 1536 |   24 | 1.00 | 0.50 |       584.8 |   385.2 |   258.7 
 abcijk-ejac-ikeb |  1536 | 1536 |   24 | 0.00 | 1.00 |       392.9 |   352.7 |   248.6 
 abcijk-ejbc-ikea |   512 | 4608 |   24 | 0.00 | 0.94 |       437.9 |   608.9 |   439.6 
 abcijk-ekab-ijec |  1536 | 1536 |   24 | 1.00 | 0.50 |       322.9 |   444.6 |   248.4 
 abcijk-ekac-ijeb |  1536 | 1536 |   24 | 0.00 | 1.00 |       310.9 |   338.1 |   261.2 
 abcijk-ekbc-ijea |   512 | 4608 |   24 | 0.00 | 0.94 |       490.7 |   534.8 |   460.4 
       abc-bk-akc |    72 | 3744 |   52 | 0.67 | 1.00 |       186.7 |   209.4 |   208.9 

=== complex efficiency ratio (c32 GF/s over f32 GF/s; 1.0 = no penalty) ===
             case | planar c32/f32 | 1m c32/f32 | 3m c32/f32 
------------------+----------------+------------+------------
         ij-ik-kj |          1.058 |      0.579 |      0.639 
       ij-ikl-ljk |          0.395 |      0.363 |      0.331 
       ij-kil-lkj |          2.050 |      1.857 |      1.647 
       ijk-ikl-lj |          3.065 |      2.083 |      3.573 
       ijk-il-jlk |          2.918 |      6.811 |      2.973 
       ijk-ilk-jl |          5.234 |      5.283 |      8.252 
       ijk-ilk-lj |          2.741 |      1.896 |      2.562 
     ijk-ilmk-mjl |          4.081 |      3.749 |      3.872 
   ijkl-imjn-lnkm |          3.003 |      2.878 |      2.666 
   ijkl-imjn-nlmk |          2.706 |      2.895 |      2.484 
   ijkl-imkn-jnlm |          2.875 |      3.282 |      3.271 
   ijkl-imkn-njml |          2.890 |      2.812 |      3.251 
   ijkl-imln-jnkm |          3.263 |      4.424 |      2.968 
   ijkl-imln-njmk |          3.143 |      3.509 |      2.656 
   ijkl-imnj-nlkm |          2.710 |      4.307 |      2.926 
   ijkl-imnk-njml |          3.493 |      2.956 |      2.848 
   ijkl-minj-nlmk |          3.038 |      2.818 |      2.927 
   ijkl-mink-jnlm |          3.886 |      4.279 |      2.684 
   ijkl-minl-njmk |          3.085 |      3.125 |      2.751 
     aqrs-pa-pqrs |          1.559 |      1.359 |      4.058 
     abrs-qb-aqrs |          1.900 |      1.891 |      2.167 
     abcs-rc-abrs |          1.512 |      1.444 |      1.598 
       abj-bka-kj |          3.572 |      5.068 |      3.321 
       ajb-kba-jk |          4.708 |      3.475 |      2.981 
     abjc-cbka-kj |          1.696 |      1.705 |      1.721 
     ajbc-ckba-jk |          1.730 |      1.650 |      1.973 
     abjc-kbac-jk |          4.061 |      3.122 |      3.442 
   abjcd-dkbac-jk |          2.468 |      2.435 |      2.002 
   adbjc-cbdka-kj |          3.385 |      2.942 |      2.830 
   ajbdc-ckbad-jk |          2.385 |      2.085 |      2.091 
 abcijk-ijma-mkbc |          1.217 |      1.370 |      1.107 
 abcijk-ijmb-mkac |          1.435 |      1.721 |      1.020 
 abcijk-ijmc-mkab |          1.200 |      1.497 |      0.747 
 abcijk-ikma-mjbc |          3.942 |      2.925 |      3.995 
 abcijk-ikmb-mjac |          1.345 |      1.723 |      1.226 
 abcijk-ikmc-mjab |          0.977 |      1.224 |      0.697 
 abcijk-jkma-mibc |          1.841 |      2.519 |      1.589 
 abcijk-jkmb-miac |          1.482 |      2.078 |      1.007 
 abcijk-jkmc-miab |          2.123 |      1.944 |      1.526 
 abcijk-eiab-jkec |          2.292 |      2.645 |      2.215 
 abcijk-eiac-jkeb |          2.196 |      3.245 |      1.722 
 abcijk-eibc-jkea |          1.806 |      2.212 |      1.631 
 abcijk-ejab-ikec |          2.054 |      1.353 |      0.909 
 abcijk-ejac-ikeb |          2.539 |      2.279 |      1.606 
 abcijk-ejbc-ikea |          2.991 |      4.160 |      3.003 
 abcijk-ekab-ijec |          1.149 |      1.583 |      0.884 
 abcijk-ekac-ijeb |          1.651 |      1.796 |      1.388 
 abcijk-ekbc-ijea |          1.893 |      2.064 |      1.777 
       abc-bk-akc |          3.270 |      3.667 |      3.658 
             MEAN |          2.490 |      2.634 |      2.350 

wrote bench-results/worker6194-icelake/phase4g/sm-pool-s1-t8-f32c32.csv
