host        : worker6194
target      : x86_64 / linux
cpu features: avx2 fma avx512f avx512dq 
caches      : L1=48KiB/12-way/1sh L2=1280KiB/20-way/1sh L3=49152KiB/12-way/32sh (via sysfs), blocking=legacy
l3 domains  : t1=1 t4=1 t8=1
baselines   : tblis=false blas=false

sweeping 49 cases at 16 MiB nominal tensor size, 3 reps, stress=none


=== f32 ===
             case |      m |     n |     k | regA | regB | planar GF/s | 1m GF/s | 3m GF/s 
------------------+--------+-------+-------+------+------+-------------+---------+---------
         ij-ik-kj |   1464 |  1448 |  1464 | 1.00 | 1.00 |       597.4 |   597.4 |   597.4 
       ij-ikl-ljk |    144 |   128 | 18432 | 1.00 | 1.00 |       276.7 |   276.7 |   276.7 
       ij-kil-lkj |    144 |   128 | 20736 | 1.00 | 1.00 |       252.1 |   252.1 |   252.1 
       ijk-ikl-lj |  18432 |   128 |   144 | 1.00 | 1.00 |       413.4 |   413.4 |   413.4 
       ijk-il-jlk |    144 | 18432 |   128 | 1.00 | 1.00 |       444.4 |   444.4 |   444.4 
       ijk-ilk-jl |  18432 |   144 |   128 | 1.00 | 1.00 |       443.6 |   443.6 |   443.6 
       ijk-ilk-lj |  18432 |   128 |   144 | 1.00 | 1.00 |       449.5 |   449.5 |   449.5 
     ijk-ilmk-mjl |   1920 |    40 |  1920 | 1.00 | 1.00 |       345.3 |   345.3 |   345.3 
   ijkl-imjn-lnkm |   1920 |  1920 |  1600 | 1.00 | 1.00 |       583.3 |   583.3 |   583.3 
   ijkl-imjn-nlmk |   1920 |  1600 |  1920 | 1.00 | 1.00 |       621.1 |   621.1 |   621.1 
   ijkl-imkn-jnlm |   1920 |  1920 |  1600 | 1.00 | 1.00 |       638.8 |   638.8 |   638.8 
   ijkl-imkn-njml |   1920 |  1600 |  1920 | 1.00 | 1.00 |       648.5 |   648.5 |   648.5 
   ijkl-imln-jnkm |   1920 |  1920 |  1600 | 1.00 | 1.00 |       634.3 |   634.3 |   634.3 
   ijkl-imln-njmk |   1920 |  1600 |  1920 | 1.00 | 1.00 |       650.1 |   650.1 |   650.1 
   ijkl-imnj-nlkm |   1920 |  1600 |  1920 | 1.00 | 1.00 |       613.1 |   613.1 |   613.1 
   ijkl-imnk-njml |   1920 |  1600 |  1920 | 1.00 | 1.00 |       676.9 |   676.9 |   676.9 
   ijkl-minj-nlmk |   1920 |  1600 |  2304 | 1.00 | 1.00 |       605.2 |   605.2 |   605.2 
   ijkl-mink-jnlm |   1920 |  1920 |  1920 | 1.00 | 1.00 |       674.6 |   674.6 |   674.6 
   ijkl-minl-njmk |   1920 |  1600 |  2304 | 1.00 | 1.00 |       686.1 |   686.1 |   686.1 
     aqrs-pa-pqrs |     48 | 64000 |    48 | 1.00 | 1.00 |       216.2 |   216.2 |   216.2 
     abrs-qb-aqrs |     40 | 76800 |    48 | 1.00 | 1.00 |       288.1 |   288.1 |   288.1 
     abcs-rc-abrs |     40 | 76800 |    48 | 1.00 | 1.00 |       248.7 |   248.7 |   248.7 
       abj-bka-kj |  20736 |   128 |   144 | 1.00 | 1.00 |       249.6 |   249.6 |   249.6 
       ajb-kba-jk |  18432 |   144 |   144 | 1.00 | 1.00 |       398.0 |   398.0 |   398.0 
     abjc-cbka-kj |  92160 |    40 |    48 | 1.00 | 1.00 |        72.1 |    72.1 |    72.1 
     ajbc-ckba-jk |  92160 |    48 |    40 | 1.00 | 1.00 |        71.4 |    71.4 |    71.4 
     abjc-kbac-jk |  76800 |    48 |    48 | 1.00 | 1.00 |       222.0 |   222.0 |   222.0 
   abjcd-dkbac-jk | 230400 |    24 |    20 | 0.00 | 1.00 |        41.5 |    41.5 |    41.5 
   adbjc-cbdka-kj | 230400 |    20 |    24 | 0.00 | 1.00 |        42.1 |    42.1 |    42.1 
   ajbdc-ckbad-jk | 230400 |    24 |    20 | 0.00 | 1.00 |        41.0 |    41.0 |    41.0 
 abcijk-ijma-mkbc |   6912 |  1728 |    24 | 0.00 | 1.00 |       225.6 |   225.6 |   225.6 
 abcijk-ijmb-mkac |   3456 |  3456 |    24 | 0.00 | 1.00 |       171.4 |   171.4 |   171.4 
 abcijk-ijmc-mkab |   3456 |  3456 |    24 | 1.00 | 0.67 |       264.6 |   264.6 |   264.6 
 abcijk-ikma-mjbc |   6912 |  1728 |    24 | 0.00 | 1.00 |       226.0 |   226.0 |   226.0 
 abcijk-ikmb-mjac |   3456 |  3456 |    24 | 0.00 | 1.00 |       170.6 |   170.6 |   170.6 
 abcijk-ikmc-mjab |   3456 |  3456 |    24 | 1.00 | 0.67 |       240.9 |   240.9 |   240.9 
 abcijk-jkma-mibc |   6912 |  1728 |    24 | 0.00 | 1.00 |       241.7 |   241.7 |   241.7 
 abcijk-jkmb-miac |   3456 |  3456 |    24 | 0.00 | 1.00 |       172.9 |   172.9 |   172.9 
 abcijk-jkmc-miab |   3456 |  3456 |    24 | 1.00 | 0.67 |       291.8 |   291.8 |   291.8 
 abcijk-eiab-jkec |   3456 |  3456 |    24 | 1.00 | 0.67 |       235.1 |   235.1 |   235.1 
 abcijk-eiac-jkeb |   3456 |  3456 |    24 | 0.00 | 1.00 |       182.0 |   182.0 |   182.0 
 abcijk-eibc-jkea |   1728 |  6912 |    24 | 0.00 | 1.00 |       227.7 |   227.7 |   227.7 
 abcijk-ejab-ikec |   3456 |  3456 |    24 | 1.00 | 0.67 |       230.2 |   230.2 |   230.2 
 abcijk-ejac-ikeb |   3456 |  3456 |    24 | 0.00 | 1.00 |       167.0 |   167.0 |   167.0 
 abcijk-ejbc-ikea |   1728 |  6912 |    24 | 0.00 | 1.00 |       211.7 |   211.7 |   211.7 
 abcijk-ekab-ijec |   3456 |  3456 |    24 | 1.00 | 0.67 |       274.6 |   274.6 |   274.6 
 abcijk-ekac-ijeb |   3456 |  3456 |    24 | 0.00 | 1.00 |       165.5 |   165.5 |   165.5 
 abcijk-ekbc-ijea |   1728 |  6912 |    24 | 0.00 | 1.00 |       218.6 |   218.6 |   218.6 
       abc-bk-akc |    144 | 18432 |   128 | 1.00 | 1.00 |       416.5 |   416.5 |   416.5 

=== c32 ===
             case |      m |     n |     k | regA | regB | planar GF/s | 1m GF/s | 3m GF/s 
------------------+--------+-------+-------+------+------+-------------+---------+---------
         ij-ik-kj |   1464 |  1448 |  1464 | 1.00 | 1.00 |       650.6 |   636.5 |   476.9 
       ij-ikl-ljk |    144 |   128 | 18432 | 1.00 | 1.00 |       109.1 |   108.1 |   113.2 
       ij-kil-lkj |    144 |   128 | 20736 | 1.00 | 1.00 |       123.5 |   112.3 |   112.1 
       ijk-ikl-lj |  18432 |   128 |   144 | 1.00 | 1.00 |       627.3 |   566.0 |   393.4 
       ijk-il-jlk |    144 | 18432 |   128 | 1.00 | 1.00 |       218.8 |   215.7 |   176.1 
       ijk-ilk-jl |  18432 |   144 |   128 | 0.89 | 1.00 |       620.6 |   576.8 |   423.3 
       ijk-ilk-lj |  18432 |   128 |   144 | 0.89 | 1.00 |       612.3 |   564.8 |   412.9 
     ijk-ilmk-mjl |   1920 |    40 |  1920 | 0.67 | 1.00 |       341.4 |   461.0 |   325.5 
   ijkl-imjn-lnkm |   1920 |  1920 |  1600 | 0.67 | 0.90 |       647.2 |   636.3 |   447.5 
   ijkl-imjn-nlmk |   1920 |  1600 |  1920 | 0.67 | 0.90 |       689.0 |   677.9 |   477.0 
   ijkl-imkn-jnlm |   1920 |  1920 |  1600 | 0.67 | 1.00 |       712.6 |   703.0 |   479.0 
   ijkl-imkn-njml |   1920 |  1600 |  1920 | 0.67 | 0.90 |       689.8 |   678.5 |   478.8 
   ijkl-imln-jnkm |   1920 |  1920 |  1600 | 0.67 | 1.00 |       703.7 |   677.3 |   478.9 
   ijkl-imln-njmk |   1920 |  1600 |  1920 | 0.67 | 0.90 |       690.2 |   677.7 |   462.5 
   ijkl-imnj-nlkm |   1920 |  1600 |  1920 | 0.67 | 0.90 |       679.2 |   668.9 |   464.8 
   ijkl-imnk-njml |   1920 |  1600 |  1920 | 0.67 | 0.90 |       690.8 |   682.2 |   462.8 
   ijkl-minj-nlmk |   1920 |  1600 |  2304 | 0.67 | 0.90 |       670.5 |   660.6 |   460.9 
   ijkl-mink-jnlm |   1920 |  1920 |  1920 | 0.67 | 1.00 |       695.3 |   686.0 |   476.2 
   ijkl-minl-njmk |   1920 |  1600 |  2304 | 0.67 | 0.90 |       677.5 |   691.5 |   476.3 
     aqrs-pa-pqrs |     48 | 64000 |    48 | 1.00 | 1.00 |       290.3 |   290.6 |   272.8 
     abrs-qb-aqrs |     40 | 76800 |    48 | 0.67 | 1.00 |       354.7 |   355.8 |   274.7 
     abcs-rc-abrs |     40 | 76800 |    48 | 1.00 | 1.00 |       408.5 |   371.4 |   297.6 
       abj-bka-kj |  20736 |   128 |   144 | 0.89 | 1.00 |       430.7 |   416.7 |   342.6 
       ajb-kba-jk |  18432 |   144 |   144 | 0.89 | 1.00 |       580.2 |   555.9 |   419.8 
     abjc-cbka-kj |  92160 |    40 |    48 | 0.67 | 1.00 |       175.8 |   152.2 |   156.3 
     ajbc-ckba-jk |  92160 |    48 |    40 | 0.67 | 1.00 |       224.1 |   163.9 |   171.5 
     abjc-kbac-jk |  76800 |    48 |    48 | 0.67 | 1.00 |       372.1 |   311.2 |   285.2 
   abjcd-dkbac-jk | 230400 |    24 |    20 | 0.00 | 1.00 |       102.1 |    89.9 |    79.7 
   adbjc-cbdka-kj | 230400 |    20 |    24 | 0.00 | 1.00 |       102.7 |    92.8 |    95.8 
   ajbdc-ckbad-jk | 230400 |    24 |    20 | 0.00 | 1.00 |        94.5 |    82.8 |    77.7 
 abcijk-ijma-mkbc |   6912 |  1728 |    24 | 0.00 | 1.00 |       365.6 |   410.4 |   290.0 
 abcijk-ijmb-mkac |   3456 |  3456 |    24 | 0.00 | 1.00 |       297.3 |   353.6 |   262.8 
 abcijk-ijmc-mkab |   3456 |  3456 |    24 | 1.00 | 1.00 |       395.1 |   317.9 |   250.1 
 abcijk-ikma-mjbc |   6912 |  1728 |    24 | 0.00 | 1.00 |       347.6 |   441.1 |   298.9 
 abcijk-ikmb-mjac |   3456 |  3456 |    24 | 0.00 | 1.00 |       278.9 |   348.9 |   268.0 
 abcijk-ikmc-mjab |   3456 |  3456 |    24 | 1.00 | 1.00 |       366.2 |   340.1 |   278.4 
 abcijk-jkma-mibc |   6912 |  1728 |    24 | 0.00 | 1.00 |       354.4 |   420.4 |   291.2 
 abcijk-jkmb-miac |   3456 |  3456 |    24 | 0.00 | 1.00 |       280.7 |   356.2 |   258.8 
 abcijk-jkmc-miab |   3456 |  3456 |    24 | 1.00 | 1.00 |       357.1 |   326.3 |   253.0 
 abcijk-eiab-jkec |   3456 |  3456 |    24 | 1.00 | 1.00 |       350.3 |   317.1 |   247.0 
 abcijk-eiac-jkeb |   3456 |  3456 |    24 | 0.00 | 1.00 |       284.2 |   359.2 |   259.1 
 abcijk-eibc-jkea |   1728 |  6912 |    24 | 0.00 | 1.00 |       365.7 |   411.0 |   297.7 
 abcijk-ejab-ikec |   3456 |  3456 |    24 | 1.00 | 1.00 |       352.5 |   334.4 |   257.7 
 abcijk-ejac-ikeb |   3456 |  3456 |    24 | 0.00 | 1.00 |       279.8 |   349.4 |   261.3 
 abcijk-ejbc-ikea |   1728 |  6912 |    24 | 0.00 | 1.00 |       355.2 |   415.0 |   294.3 
 abcijk-ekab-ijec |   3456 |  3456 |    24 | 1.00 | 1.00 |       371.8 |   334.5 |   272.8 
 abcijk-ekac-ijeb |   3456 |  3456 |    24 | 0.00 | 1.00 |       276.1 |   360.9 |   272.3 
 abcijk-ekbc-ijea |   1728 |  6912 |    24 | 0.00 | 1.00 |       364.4 |   443.8 |   290.7 
       abc-bk-akc |    144 | 18432 |   128 | 0.89 | 1.00 |       652.1 |   605.4 |   416.1 

=== complex efficiency ratio (c32 GF/s over f32 GF/s; 1.0 = no penalty) ===
             case | planar c32/f32 | 1m c32/f32 | 3m c32/f32 
------------------+----------------+------------+------------
         ij-ik-kj |          1.089 |      1.065 |      0.798 
       ij-ikl-ljk |          0.394 |      0.391 |      0.409 
       ij-kil-lkj |          0.490 |      0.446 |      0.445 
       ijk-ikl-lj |          1.517 |      1.369 |      0.952 
       ijk-il-jlk |          0.492 |      0.485 |      0.396 
       ijk-ilk-jl |          1.399 |      1.300 |      0.954 
       ijk-ilk-lj |          1.362 |      1.257 |      0.919 
     ijk-ilmk-mjl |          0.989 |      1.335 |      0.943 
   ijkl-imjn-lnkm |          1.110 |      1.091 |      0.767 
   ijkl-imjn-nlmk |          1.109 |      1.091 |      0.768 
   ijkl-imkn-jnlm |          1.115 |      1.100 |      0.750 
   ijkl-imkn-njml |          1.064 |      1.046 |      0.738 
   ijkl-imln-jnkm |          1.109 |      1.068 |      0.755 
   ijkl-imln-njmk |          1.062 |      1.043 |      0.712 
   ijkl-imnj-nlkm |          1.108 |      1.091 |      0.758 
   ijkl-imnk-njml |          1.021 |      1.008 |      0.684 
   ijkl-minj-nlmk |          1.108 |      1.092 |      0.761 
   ijkl-mink-jnlm |          1.031 |      1.017 |      0.706 
   ijkl-minl-njmk |          0.988 |      1.008 |      0.694 
     aqrs-pa-pqrs |          1.343 |      1.344 |      1.262 
     abrs-qb-aqrs |          1.231 |      1.235 |      0.953 
     abcs-rc-abrs |          1.643 |      1.493 |      1.197 
       abj-bka-kj |          1.726 |      1.669 |      1.373 
       ajb-kba-jk |          1.458 |      1.397 |      1.055 
     abjc-cbka-kj |          2.437 |      2.110 |      2.167 
     ajbc-ckba-jk |          3.137 |      2.294 |      2.401 
     abjc-kbac-jk |          1.676 |      1.402 |      1.284 
   abjcd-dkbac-jk |          2.457 |      2.165 |      1.918 
   adbjc-cbdka-kj |          2.437 |      2.202 |      2.274 
   ajbdc-ckbad-jk |          2.305 |      2.018 |      1.896 
 abcijk-ijma-mkbc |          1.620 |      1.819 |      1.285 
 abcijk-ijmb-mkac |          1.735 |      2.063 |      1.534 
 abcijk-ijmc-mkab |          1.493 |      1.201 |      0.945 
 abcijk-ikma-mjbc |          1.538 |      1.952 |      1.323 
 abcijk-ikmb-mjac |          1.635 |      2.045 |      1.571 
 abcijk-ikmc-mjab |          1.520 |      1.412 |      1.155 
 abcijk-jkma-mibc |          1.466 |      1.739 |      1.205 
 abcijk-jkmb-miac |          1.623 |      2.060 |      1.496 
 abcijk-jkmc-miab |          1.224 |      1.118 |      0.867 
 abcijk-eiab-jkec |          1.490 |      1.349 |      1.051 
 abcijk-eiac-jkeb |          1.562 |      1.974 |      1.424 
 abcijk-eibc-jkea |          1.606 |      1.805 |      1.307 
 abcijk-ejab-ikec |          1.531 |      1.452 |      1.119 
 abcijk-ejac-ikeb |          1.676 |      2.093 |      1.565 
 abcijk-ejbc-ikea |          1.678 |      1.960 |      1.390 
 abcijk-ekab-ijec |          1.354 |      1.218 |      0.994 
 abcijk-ekac-ijeb |          1.668 |      2.180 |      1.645 
 abcijk-ekbc-ijea |          1.667 |      2.030 |      1.330 
       abc-bk-akc |          1.566 |      1.454 |      0.999 
             MEAN |          1.450 |      1.460 |      1.141 

wrote bench-results/worker6194-icelake/phase4g/sm-pool-s16-t4-f32c32.csv
