host        : worker6194
target      : x86_64 / linux
cpu features: avx2 fma avx512f avx512dq 
caches      : L1=48KiB/12-way/1sh L2=1280KiB/20-way/1sh L3=49152KiB/12-way/32sh (via sysfs), blocking=legacy
l3 domains  : t1=1
baselines   : tblis=false blas=false

sweeping 49 cases at 1 MiB nominal tensor size, 24 reps, stress=none


=== f64 ===
             case |     m |    n |    k | regA | regB | planar GF/s | 1m GF/s | 3m GF/s 
------------------+-------+------+------+------+------+-------------+---------+---------
         ij-ik-kj |   384 |  364 |  384 | 1.00 | 1.00 |        69.0 |    69.0 |    69.0 
       ij-ikl-ljk |    72 |   52 | 3744 | 1.00 | 1.00 |        39.0 |    39.0 |    39.0 
       ij-kil-lkj |    72 |   52 | 5184 | 1.00 | 1.00 |        36.9 |    36.9 |    36.9 
       ijk-ikl-lj |  3744 |   52 |   72 | 1.00 | 1.00 |        57.4 |    57.4 |    57.4 
       ijk-il-jlk |    72 | 3744 |   52 | 1.00 | 1.00 |        52.7 |    52.7 |    52.7 
       ijk-ilk-jl |  3744 |   72 |   52 | 1.00 | 1.00 |        59.5 |    59.5 |    59.5 
       ijk-ilk-lj |  3744 |   52 |   72 | 1.00 | 1.00 |        57.2 |    57.2 |    57.2 
     ijk-ilmk-mjl |   480 |   20 |  480 | 1.00 | 1.00 |        37.6 |    37.6 |    37.6 
   ijkl-imjn-lnkm |   480 |  480 |  400 | 1.00 | 0.80 |        70.0 |    70.0 |    70.0 
   ijkl-imjn-nlmk |   480 |  400 |  480 | 1.00 | 0.80 |        67.6 |    67.6 |    67.6 
   ijkl-imkn-jnlm |   480 |  480 |  400 | 1.00 | 1.00 |        73.4 |    73.4 |    73.4 
   ijkl-imkn-njml |   480 |  400 |  480 | 1.00 | 0.80 |        68.9 |    68.9 |    68.9 
   ijkl-imln-jnkm |   480 |  480 |  400 | 1.00 | 1.00 |        73.5 |    73.5 |    73.5 
   ijkl-imln-njmk |   480 |  400 |  480 | 1.00 | 0.80 |        69.5 |    69.5 |    69.5 
   ijkl-imnj-nlkm |   480 |  400 |  480 | 1.00 | 0.80 |        67.5 |    67.5 |    67.5 
   ijkl-imnk-njml |   480 |  400 |  480 | 1.00 | 0.80 |        69.0 |    69.0 |    69.0 
   ijkl-minj-nlmk |   480 |  400 |  576 | 1.00 | 0.80 |        64.9 |    64.9 |    64.9 
   ijkl-mink-jnlm |   480 |  480 |  480 | 1.00 | 1.00 |        69.8 |    69.8 |    69.8 
   ijkl-minl-njmk |   480 |  400 |  576 | 1.00 | 0.80 |        67.1 |    67.1 |    67.1 
     aqrs-pa-pqrs |    24 | 8000 |   24 | 1.00 | 1.00 |        28.8 |    28.8 |    28.8 
     abrs-qb-aqrs |    20 | 9600 |   24 | 1.00 | 1.00 |        31.6 |    31.6 |    31.6 
     abcs-rc-abrs |    20 | 9600 |   24 | 1.00 | 1.00 |        31.2 |    31.2 |    31.2 
       abj-bka-kj |  5184 |   52 |   72 | 1.00 | 1.00 |        45.8 |    45.8 |    45.8 
       ajb-kba-jk |  3744 |   72 |   72 | 1.00 | 1.00 |        62.1 |    62.1 |    62.1 
     abjc-cbka-kj | 11520 |   20 |   24 | 1.00 | 1.00 |        18.5 |    18.5 |    18.5 
     ajbc-ckba-jk | 11520 |   24 |   20 | 1.00 | 1.00 |        23.3 |    23.3 |    23.3 
     abjc-kbac-jk |  9600 |   24 |   24 | 1.00 | 1.00 |        33.3 |    33.3 |    33.3 
   abjcd-dkbac-jk | 82944 |   24 |   12 | 1.00 | 1.00 |        10.3 |    10.3 |    10.3 
   adbjc-cbdka-kj | 82944 |   12 |   24 | 1.00 | 1.00 |         6.0 |     6.0 |     6.0 
   ajbdc-ckbad-jk | 82944 |   24 |   12 | 1.00 | 1.00 |        10.5 |    10.5 |    10.5 
 abcijk-ijma-mkbc |  4608 |  512 |   24 | 1.00 | 1.00 |        53.9 |    53.9 |    53.9 
 abcijk-ijmb-mkac |  1536 | 1536 |   24 | 1.00 | 1.00 |        55.7 |    55.7 |    55.7 
 abcijk-ijmc-mkab |  1536 | 1536 |   24 | 1.00 | 1.00 |        52.6 |    52.6 |    52.6 
 abcijk-ikma-mjbc |  4608 |  512 |   24 | 1.00 | 1.00 |        54.0 |    54.0 |    54.0 
 abcijk-ikmb-mjac |  1536 | 1536 |   24 | 1.00 | 1.00 |        56.0 |    56.0 |    56.0 
 abcijk-ikmc-mjab |  1536 | 1536 |   24 | 1.00 | 1.00 |        52.4 |    52.4 |    52.4 
 abcijk-jkma-mibc |  4608 |  512 |   24 | 1.00 | 1.00 |        54.1 |    54.1 |    54.1 
 abcijk-jkmb-miac |  1536 | 1536 |   24 | 1.00 | 1.00 |        56.2 |    56.2 |    56.2 
 abcijk-jkmc-miab |  1536 | 1536 |   24 | 1.00 | 1.00 |        52.4 |    52.4 |    52.4 
 abcijk-eiab-jkec |  1536 | 1536 |   24 | 1.00 | 1.00 |        52.4 |    52.4 |    52.4 
 abcijk-eiac-jkeb |  1536 | 1536 |   24 | 1.00 | 1.00 |        55.9 |    55.9 |    55.9 
 abcijk-eibc-jkea |   512 | 4608 |   24 | 1.00 | 1.00 |        53.6 |    53.6 |    53.6 
 abcijk-ejab-ikec |  1536 | 1536 |   24 | 1.00 | 1.00 |        52.3 |    52.3 |    52.3 
 abcijk-ejac-ikeb |  1536 | 1536 |   24 | 1.00 | 1.00 |        56.2 |    56.2 |    56.2 
 abcijk-ejbc-ikea |   512 | 4608 |   24 | 1.00 | 1.00 |        53.8 |    53.8 |    53.8 
 abcijk-ekab-ijec |  1536 | 1536 |   24 | 1.00 | 1.00 |        52.4 |    52.4 |    52.4 
 abcijk-ekac-ijeb |  1536 | 1536 |   24 | 1.00 | 1.00 |        55.5 |    55.5 |    55.5 
 abcijk-ekbc-ijea |   512 | 4608 |   24 | 1.00 | 1.00 |        53.2 |    53.2 |    53.2 
       abc-bk-akc |    72 | 3744 |   52 | 1.00 | 1.00 |        58.8 |    58.8 |    58.8 

=== c64 ===
             case |     m |    n |    k | regA | regB | planar GF/s | 1m GF/s | 3m GF/s 
------------------+-------+------+------+------+------+-------------+---------+---------
         ij-ik-kj |   384 |  364 |  384 | 1.00 | 1.00 |        89.0 |    71.7 |    56.2 
       ij-ikl-ljk |    72 |   52 | 3744 | 1.00 | 1.00 |        55.9 |    47.3 |    36.4 
       ij-kil-lkj |    72 |   52 | 5184 | 1.00 | 1.00 |        52.8 |    44.5 |    35.3 
       ijk-ikl-lj |  3744 |   52 |   72 | 1.00 | 1.00 |        75.0 |    66.6 |    45.7 
       ijk-il-jlk |    72 | 3744 |   52 | 1.00 | 1.00 |        66.9 |    73.2 |    49.8 
       ijk-ilk-jl |  3744 |   72 |   52 | 0.89 | 1.00 |        76.3 |    72.7 |    47.9 
       ijk-ilk-lj |  3744 |   52 |   72 | 0.89 | 1.00 |        73.9 |    66.4 |    45.7 
     ijk-ilmk-mjl |   480 |   20 |  480 | 0.67 | 1.00 |        52.0 |    42.3 |    36.6 
   ijkl-imjn-lnkm |   480 |  480 |  400 | 0.67 | 0.80 |        90.1 |    72.5 |    58.0 
   ijkl-imjn-nlmk |   480 |  400 |  480 | 0.67 | 0.81 |        91.1 |    73.4 |    58.6 
   ijkl-imkn-jnlm |   480 |  480 |  400 | 0.67 | 1.00 |        91.5 |    74.1 |    58.7 
   ijkl-imkn-njml |   480 |  400 |  480 | 0.67 | 0.81 |        91.7 |    73.9 |    58.8 
   ijkl-imln-jnkm |   480 |  480 |  400 | 0.67 | 1.00 |        91.6 |    74.2 |    58.8 
   ijkl-imln-njmk |   480 |  400 |  480 | 0.67 | 0.81 |        91.8 |    74.0 |    58.9 
   ijkl-imnj-nlkm |   480 |  400 |  480 | 0.67 | 0.81 |        91.0 |    73.3 |    58.5 
   ijkl-imnk-njml |   480 |  400 |  480 | 0.67 | 0.81 |        91.7 |    74.0 |    58.8 
   ijkl-minj-nlmk |   480 |  400 |  576 | 0.67 | 0.81 |        86.9 |    70.9 |    57.3 
   ijkl-mink-jnlm |   480 |  480 |  480 | 0.67 | 1.00 |        92.3 |    74.6 |    59.4 
   ijkl-minl-njmk |   480 |  400 |  576 | 0.67 | 0.81 |        87.7 |    71.6 |    57.6 
     aqrs-pa-pqrs |    24 | 8000 |   24 | 1.00 | 1.00 |        40.1 |    46.5 |    33.0 
     abrs-qb-aqrs |    20 | 9600 |   24 | 1.00 | 1.00 |        48.8 |    41.3 |    32.5 
     abcs-rc-abrs |    20 | 9600 |   24 | 1.00 | 1.00 |        45.7 |    42.2 |    32.7 
       abj-bka-kj |  5184 |   52 |   72 | 0.89 | 1.00 |        65.3 |    54.9 |    41.5 
       ajb-kba-jk |  3744 |   72 |   72 | 0.89 | 1.00 |        77.6 |    70.4 |    48.9 
     abjc-cbka-kj | 11520 |   20 |   24 | 0.67 | 1.00 |        28.0 |    26.8 |    24.6 
     ajbc-ckba-jk | 11520 |   24 |   20 | 1.00 | 1.00 |        32.8 |    29.8 |    23.5 
     abjc-kbac-jk |  9600 |   24 |   24 | 0.67 | 1.00 |        49.5 |    45.8 |    31.1 
   abjcd-dkbac-jk | 82944 |   24 |   12 | 0.67 | 1.00 |        23.3 |    21.8 |    18.4 
   adbjc-cbdka-kj | 82944 |   12 |   24 | 0.67 | 1.00 |        18.3 |    16.0 |    14.0 
   ajbdc-ckbad-jk | 82944 |   24 |   12 | 1.00 | 1.00 |        24.7 |    21.6 |    18.1 
 abcijk-ijma-mkbc |  4608 |  512 |   24 | 1.00 | 0.97 |        67.8 |    68.0 |    48.1 
 abcijk-ijmb-mkac |  1536 | 1536 |   24 | 1.00 | 0.75 |        68.1 |    68.1 |    48.8 
 abcijk-ijmc-mkab |  1536 | 1536 |   24 | 1.00 | 0.50 |        68.0 |    67.7 |    48.3 
 abcijk-ikma-mjbc |  4608 |  512 |   24 | 1.00 | 0.97 |        68.4 |    67.9 |    48.1 
 abcijk-ikmb-mjac |  1536 | 1536 |   24 | 1.00 | 0.75 |        68.2 |    68.4 |    48.9 
 abcijk-ikmc-mjab |  1536 | 1536 |   24 | 1.00 | 0.50 |        68.0 |    67.6 |    48.7 
 abcijk-jkma-mibc |  4608 |  512 |   24 | 1.00 | 0.97 |        68.3 |    67.9 |    47.9 
 abcijk-jkmb-miac |  1536 | 1536 |   24 | 1.00 | 0.75 |        68.4 |    68.9 |    48.9 
 abcijk-jkmc-miab |  1536 | 1536 |   24 | 1.00 | 0.50 |        68.1 |    68.2 |    48.0 
 abcijk-eiab-jkec |  1536 | 1536 |   24 | 1.00 | 0.50 |        68.0 |    68.1 |    48.0 
 abcijk-eiac-jkeb |  1536 | 1536 |   24 | 1.00 | 0.75 |        68.4 |    68.6 |    48.3 
 abcijk-eibc-jkea |   512 | 4608 |   24 | 1.00 | 0.97 |        68.2 |    67.8 |    48.1 
 abcijk-ejab-ikec |  1536 | 1536 |   24 | 1.00 | 0.50 |        67.9 |    67.7 |    48.3 
 abcijk-ejac-ikeb |  1536 | 1536 |   24 | 1.00 | 0.75 |        68.2 |    68.3 |    48.5 
 abcijk-ejbc-ikea |   512 | 4608 |   24 | 1.00 | 0.97 |        68.4 |    67.9 |    47.7 
 abcijk-ekab-ijec |  1536 | 1536 |   24 | 1.00 | 0.50 |        68.0 |    67.6 |    48.0 
 abcijk-ekac-ijeb |  1536 | 1536 |   24 | 1.00 | 0.75 |        68.2 |    68.1 |    48.6 
 abcijk-ekbc-ijea |   512 | 4608 |   24 | 1.00 | 0.97 |        68.4 |    67.6 |    48.0 
       abc-bk-akc |    72 | 3744 |   52 | 0.89 | 1.00 |        76.5 |    72.7 |    47.8 

=== complex efficiency ratio (c64 GF/s over f64 GF/s; 1.0 = no penalty) ===
             case | planar c64/f64 | 1m c64/f64 | 3m c64/f64 
------------------+----------------+------------+------------
         ij-ik-kj |          1.291 |      1.039 |      0.815 
       ij-ikl-ljk |          1.432 |      1.211 |      0.932 
       ij-kil-lkj |          1.433 |      1.208 |      0.958 
       ijk-ikl-lj |          1.306 |      1.159 |      0.795 
       ijk-il-jlk |          1.270 |      1.389 |      0.945 
       ijk-ilk-jl |          1.282 |      1.222 |      0.805 
       ijk-ilk-lj |          1.293 |      1.162 |      0.799 
     ijk-ilmk-mjl |          1.385 |      1.126 |      0.974 
   ijkl-imjn-lnkm |          1.288 |      1.036 |      0.828 
   ijkl-imjn-nlmk |          1.348 |      1.085 |      0.866 
   ijkl-imkn-jnlm |          1.246 |      1.011 |      0.800 
   ijkl-imkn-njml |          1.330 |      1.072 |      0.853 
   ijkl-imln-jnkm |          1.247 |      1.010 |      0.800 
   ijkl-imln-njmk |          1.321 |      1.066 |      0.847 
   ijkl-imnj-nlkm |          1.348 |      1.086 |      0.866 
   ijkl-imnk-njml |          1.328 |      1.071 |      0.851 
   ijkl-minj-nlmk |          1.338 |      1.092 |      0.883 
   ijkl-mink-jnlm |          1.322 |      1.069 |      0.851 
   ijkl-minl-njmk |          1.307 |      1.068 |      0.859 
     aqrs-pa-pqrs |          1.394 |      1.614 |      1.145 
     abrs-qb-aqrs |          1.543 |      1.305 |      1.029 
     abcs-rc-abrs |          1.464 |      1.351 |      1.047 
       abj-bka-kj |          1.427 |      1.200 |      0.908 
       ajb-kba-jk |          1.249 |      1.132 |      0.786 
     abjc-cbka-kj |          1.509 |      1.446 |      1.324 
     ajbc-ckba-jk |          1.407 |      1.278 |      1.010 
     abjc-kbac-jk |          1.483 |      1.373 |      0.933 
   abjcd-dkbac-jk |          2.258 |      2.107 |      1.777 
   adbjc-cbdka-kj |          3.044 |      2.663 |      2.330 
   ajbdc-ckbad-jk |          2.358 |      2.066 |      1.727 
 abcijk-ijma-mkbc |          1.258 |      1.261 |      0.892 
 abcijk-ijmb-mkac |          1.224 |      1.224 |      0.877 
 abcijk-ijmc-mkab |          1.295 |      1.289 |      0.919 
 abcijk-ikma-mjbc |          1.265 |      1.257 |      0.891 
 abcijk-ikmb-mjac |          1.218 |      1.222 |      0.873 
 abcijk-ikmc-mjab |          1.298 |      1.292 |      0.930 
 abcijk-jkma-mibc |          1.263 |      1.255 |      0.885 
 abcijk-jkmb-miac |          1.217 |      1.227 |      0.870 
 abcijk-jkmc-miab |          1.298 |      1.301 |      0.916 
 abcijk-eiab-jkec |          1.299 |      1.301 |      0.917 
 abcijk-eiac-jkeb |          1.223 |      1.226 |      0.863 
 abcijk-eibc-jkea |          1.273 |      1.266 |      0.899 
 abcijk-ejab-ikec |          1.300 |      1.295 |      0.924 
 abcijk-ejac-ikeb |          1.214 |      1.214 |      0.863 
 abcijk-ejbc-ikea |          1.271 |      1.262 |      0.888 
 abcijk-ekab-ijec |          1.297 |      1.290 |      0.916 
 abcijk-ekac-ijeb |          1.229 |      1.227 |      0.876 
 abcijk-ekbc-ijea |          1.287 |      1.272 |      0.902 
       abc-bk-akc |          1.302 |      1.237 |      0.814 
             MEAN |          1.394 |      1.278 |      0.964 

wrote bench-results/worker6194-icelake/phase4g/sm-pool-s1-t1-f64c64.csv
