host        : worker6194
target      : x86_64 / linux
cpu features: avx2 fma avx512f avx512dq 
caches      : L1=48KiB/12-way/1sh L2=1280KiB/20-way/1sh L3=49152KiB/12-way/32sh (via sysfs), blocking=legacy
l3 domains  : t1=1 t4=1
baselines   : tblis=false blas=false

sweeping 49 cases at 64 MiB nominal tensor size, 3 reps, stress=none


=== f32 ===
             case |      m |      n |     k | regA | regB | planar GF/s | 1m GF/s | 3m GF/s 
------------------+--------+--------+-------+------+------+-------------+---------+---------
         ij-ik-kj |   2904 |   2896 |  2904 | 1.00 | 1.00 |       329.9 |   329.9 |   329.9 
       ij-ikl-ljk |    216 |    204 | 44064 | 1.00 | 1.00 |       129.8 |   129.8 |   129.8 
       ij-kil-lkj |    216 |    204 | 46656 | 1.00 | 1.00 |       120.3 |   120.3 |   120.3 
       ijk-ikl-lj |  44064 |    204 |   216 | 1.00 | 1.00 |       277.0 |   277.0 |   277.0 
       ijk-il-jlk |    216 |  44064 |   204 | 1.00 | 1.00 |       204.8 |   204.8 |   204.8 
       ijk-ilk-jl |  44064 |    216 |   204 | 0.89 | 1.00 |       291.4 |   291.4 |   291.4 
       ijk-ilk-lj |  44064 |    204 |   216 | 0.89 | 1.00 |       287.6 |   287.6 |   287.6 
     ijk-ilmk-mjl |   3744 |     52 |  3744 | 0.67 | 1.00 |       197.9 |   197.9 |   197.9 
   ijkl-imjn-lnkm |   3744 |   3744 |  2704 | 0.67 | 0.92 |       322.9 |   322.9 |   322.9 
   ijkl-imjn-nlmk |   3744 |   2704 |  3744 | 0.67 | 0.92 |       329.1 |   329.1 |   329.1 
   ijkl-imkn-jnlm |   3744 |   3744 |  2704 | 0.67 | 1.00 |       335.9 |   335.9 |   335.9 
   ijkl-imkn-njml |   3744 |   2704 |  3744 | 0.67 | 0.92 |       328.0 |   328.0 |   328.0 
   ijkl-imln-jnkm |   3744 |   3744 |  2704 | 0.67 | 1.00 |       336.6 |   336.6 |   336.6 
   ijkl-imln-njmk |   3744 |   2704 |  3744 | 0.67 | 0.92 |       329.3 |   329.3 |   329.3 
   ijkl-imnj-nlkm |   3744 |   2704 |  3744 | 0.67 | 0.92 |       327.3 |   327.3 |   327.3 
   ijkl-imnk-njml |   3744 |   2704 |  3744 | 0.67 | 0.92 |       330.1 |   330.1 |   330.1 
   ijkl-minj-nlmk |   3744 |   2704 |  5184 | 0.67 | 0.92 |       321.5 |   321.5 |   321.5 
   ijkl-mink-jnlm |   3744 |   3744 |  3744 | 0.67 | 1.00 |       332.4 |   332.4 |   332.4 
   ijkl-minl-njmk |   3744 |   2704 |  5184 | 0.67 | 0.92 |       322.5 |   322.5 |   322.5 
     aqrs-pa-pqrs |     72 | 140608 |    72 | 1.00 | 1.00 |       109.3 |   109.3 |   109.3 
     abrs-qb-aqrs |     52 | 194688 |    72 | 0.67 | 1.00 |       159.3 |   159.3 |   159.3 
     abcs-rc-abrs |     52 | 194688 |    72 | 1.00 | 1.00 |       162.8 |   162.8 |   162.8 
       abj-bka-kj |  46656 |    204 |   216 | 0.89 | 1.00 |       140.9 |   140.9 |   140.9 
       ajb-kba-jk |  44064 |    216 |   216 | 0.89 | 1.00 |       277.4 |   277.4 |   277.4 
     abjc-cbka-kj | 269568 |     52 |    72 | 0.67 | 1.00 |        40.0 |    40.0 |    40.0 
     ajbc-ckba-jk | 269568 |     72 |    52 | 0.67 | 1.00 |        55.3 |    55.3 |    55.3 
     abjc-kbac-jk | 194688 |     72 |    72 | 0.67 | 1.00 |       136.8 |   136.8 |   136.8 
   abjcd-dkbac-jk | 331776 |     24 |    24 | 0.00 | 1.00 |        27.0 |    27.0 |    27.0 
   adbjc-cbdka-kj | 331776 |     24 |    24 | 0.00 | 1.00 |        23.2 |    23.2 |    23.2 
   ajbdc-ckbad-jk | 331776 |     24 |    24 | 0.00 | 1.00 |        24.1 |    24.1 |    24.1 
 abcijk-ijma-mkbc |   9216 |   4096 |    24 | 0.00 | 1.00 |       127.5 |   127.5 |   127.5 
 abcijk-ijmb-mkac |   6144 |   6144 |    24 | 0.00 | 1.00 |        95.9 |    95.9 |    95.9 
 abcijk-ijmc-mkab |   6144 |   6144 |    24 | 1.00 | 1.00 |       143.7 |   143.7 |   143.7 
 abcijk-ikma-mjbc |   9216 |   4096 |    24 | 0.00 | 1.00 |       127.0 |   127.0 |   127.0 
 abcijk-ikmb-mjac |   6144 |   6144 |    24 | 0.00 | 1.00 |        94.4 |    94.4 |    94.4 
 abcijk-ikmc-mjab |   6144 |   6144 |    24 | 1.00 | 1.00 |       145.0 |   145.0 |   145.0 
 abcijk-jkma-mibc |   9216 |   4096 |    24 | 0.00 | 1.00 |       118.0 |   118.0 |   118.0 
 abcijk-jkmb-miac |   6144 |   6144 |    24 | 0.00 | 1.00 |        63.6 |    63.6 |    63.6 
 abcijk-jkmc-miab |   6144 |   6144 |    24 | 1.00 | 1.00 |       145.0 |   145.0 |   145.0 
 abcijk-eiab-jkec |   6144 |   6144 |    24 | 1.00 | 1.00 |       145.1 |   145.1 |   145.1 
 abcijk-eiac-jkeb |   6144 |   6144 |    24 | 0.00 | 1.00 |        63.7 |    63.7 |    63.7 
 abcijk-eibc-jkea |   4096 |   9216 |    24 | 0.00 | 1.00 |       118.2 |   118.2 |   118.2 
 abcijk-ejab-ikec |   6144 |   6144 |    24 | 1.00 | 1.00 |       145.7 |   145.7 |   145.7 
 abcijk-ejac-ikeb |   6144 |   6144 |    24 | 0.00 | 1.00 |        95.7 |    95.7 |    95.7 
 abcijk-ejbc-ikea |   4096 |   9216 |    24 | 0.00 | 1.00 |       127.5 |   127.5 |   127.5 
 abcijk-ekab-ijec |   6144 |   6144 |    24 | 1.00 | 1.00 |       139.4 |   139.4 |   139.4 
 abcijk-ekac-ijeb |   6144 |   6144 |    24 | 0.00 | 1.00 |        93.6 |    93.6 |    93.6 
 abcijk-ekbc-ijea |   4096 |   9216 |    24 | 0.00 | 1.00 |       128.0 |   128.0 |   128.0 
       abc-bk-akc |    216 |  44064 |   204 | 0.89 | 1.00 |       294.1 |   294.1 |   294.1 

=== c32 ===
             case |      m |      n |     k | regA | regB | planar GF/s | 1m GF/s | 3m GF/s 
------------------+--------+--------+-------+------+------+-------------+---------+---------
         ij-ik-kj |   2904 |   2896 |  2904 | 1.00 | 1.00 |       352.2 |   341.8 |   237.4 
       ij-ikl-ljk |    216 |    204 | 44064 | 1.00 | 1.00 |       195.9 |   173.0 |   161.6 
       ij-kil-lkj |    216 |    204 | 46656 | 1.00 | 1.00 |       194.0 |   178.7 |   160.3 
       ijk-ikl-lj |  44064 |    204 |   216 | 1.00 | 1.00 |       338.6 |   315.1 |   216.4 
       ijk-il-jlk |    216 |  44064 |   204 | 1.00 | 1.00 |       278.4 |   265.8 |   209.4 
       ijk-ilk-jl |  44064 |    216 |   204 | 0.89 | 1.00 |       348.1 |   332.2 |   225.6 
       ijk-ilk-lj |  44064 |    204 |   216 | 0.89 | 1.00 |       345.1 |   330.4 |   222.5 
     ijk-ilmk-mjl |   3744 |     52 |  3744 | 0.67 | 1.00 |       235.2 |   214.2 |   150.5 
   ijkl-imjn-lnkm |   3744 |   3744 |  2704 | 0.67 | 0.92 |       341.5 |   333.1 |   233.5 
   ijkl-imjn-nlmk |   3744 |   2704 |  3744 | 0.67 | 0.92 |       349.9 |   342.0 |   238.4 
   ijkl-imkn-jnlm |   3744 |   3744 |  2704 | 0.67 | 1.00 |       350.7 |   345.9 |   238.6 
   ijkl-imkn-njml |   3744 |   2704 |  3744 | 0.67 | 0.92 |       351.0 |   346.3 |   238.5 
   ijkl-imln-jnkm |   3744 |   3744 |  2704 | 0.67 | 1.00 |       351.7 |   345.6 |   237.4 
   ijkl-imln-njmk |   3744 |   2704 |  3744 | 0.67 | 0.92 |       351.9 |   346.5 |   238.4 
   ijkl-imnj-nlkm |   3744 |   2704 |  3744 | 0.67 | 0.92 |       348.6 |   340.8 |   238.6 
   ijkl-imnk-njml |   3744 |   2704 |  3744 | 0.67 | 0.92 |       351.1 |   346.7 |   239.3 
   ijkl-minj-nlmk |   3744 |   2704 |  5184 | 0.67 | 0.92 |       344.9 |   336.2 |   236.1 
   ijkl-mink-jnlm |   3744 |   3744 |  3744 | 0.67 | 1.00 |       355.7 |   350.2 |   241.2 
   ijkl-minl-njmk |   3744 |   2704 |  5184 | 0.67 | 0.92 |       349.0 |   343.6 |   237.8 
     aqrs-pa-pqrs |     72 | 140608 |    72 | 1.00 | 1.00 |       108.0 |   110.9 |   123.1 
     abrs-qb-aqrs |     52 | 194688 |    72 | 0.67 | 1.00 |       223.7 |   208.7 |   147.0 
     abcs-rc-abrs |     52 | 194688 |    72 | 1.00 | 1.00 |       268.0 |   169.2 |   144.0 
       abj-bka-kj |  46656 |    204 |   216 | 0.89 | 1.00 |       258.6 |   248.9 |   188.9 
       ajb-kba-jk |  44064 |    216 |   216 | 0.89 | 1.00 |       346.5 |   331.7 |   233.8 
     abjc-cbka-kj | 269568 |     52 |    72 | 0.67 | 1.00 |        98.4 |    68.7 |    69.9 
     ajbc-ckba-jk | 269568 |     72 |    52 | 0.67 | 1.00 |       127.5 |   109.1 |   101.6 
     abjc-kbac-jk | 194688 |     72 |    72 | 0.67 | 1.00 |       230.2 |   188.5 |   152.2 
   abjcd-dkbac-jk | 331776 |     24 |    24 | 0.00 | 1.00 |        49.5 |    40.9 |    40.6 
   adbjc-cbdka-kj | 331776 |     24 |    24 | 0.00 | 1.00 |        44.5 |    36.1 |    37.7 
   ajbdc-ckbad-jk | 331776 |     24 |    24 | 0.00 | 1.00 |        46.7 |    41.4 |    39.7 
 abcijk-ijma-mkbc |   9216 |   4096 |    24 | 0.00 | 0.99 |       203.6 |   243.0 |   167.3 
 abcijk-ijmb-mkac |   6144 |   6144 |    24 | 0.00 | 1.00 |       158.2 |   215.9 |   159.3 
 abcijk-ijmc-mkab |   6144 |   6144 |    24 | 1.00 | 0.75 |       236.6 |   201.5 |   164.2 
 abcijk-ikma-mjbc |   9216 |   4096 |    24 | 0.00 | 0.99 |       205.0 |   243.3 |   167.5 
 abcijk-ikmb-mjac |   6144 |   6144 |    24 | 0.00 | 1.00 |       158.7 |   212.7 |   159.3 
 abcijk-ikmc-mjab |   6144 |   6144 |    24 | 1.00 | 0.75 |       232.6 |   198.3 |   165.8 
 abcijk-jkma-mibc |   9216 |   4096 |    24 | 0.00 | 0.99 |       198.4 |   243.4 |   167.0 
 abcijk-jkmb-miac |   6144 |   6144 |    24 | 0.00 | 1.00 |       147.7 |   215.3 |   155.5 
 abcijk-jkmc-miab |   6144 |   6144 |    24 | 1.00 | 0.75 |       230.9 |   196.8 |   163.3 
 abcijk-eiab-jkec |   6144 |   6144 |    24 | 1.00 | 0.75 |       229.2 |   199.9 |   163.5 
 abcijk-eiac-jkeb |   6144 |   6144 |    24 | 0.00 | 1.00 |       146.8 |   215.8 |   157.8 
 abcijk-eibc-jkea |   4096 |   9216 |    24 | 0.00 | 0.99 |       198.2 |   245.7 |   164.9 
 abcijk-ejab-ikec |   6144 |   6144 |    24 | 1.00 | 0.75 |       235.8 |   202.6 |   164.7 
 abcijk-ejac-ikeb |   6144 |   6144 |    24 | 0.00 | 1.00 |       159.2 |   216.1 |   156.9 
 abcijk-ejbc-ikea |   4096 |   9216 |    24 | 0.00 | 0.99 |       205.1 |   244.5 |   168.5 
 abcijk-ekab-ijec |   6144 |   6144 |    24 | 1.00 | 0.75 |       234.2 |   202.1 |   166.7 
 abcijk-ekac-ijeb |   6144 |   6144 |    24 | 0.00 | 1.00 |       158.1 |   215.3 |   160.5 
 abcijk-ekbc-ijea |   4096 |   9216 |    24 | 0.00 | 0.99 |       204.7 |   244.5 |   169.2 
       abc-bk-akc |    216 |  44064 |   204 | 0.89 | 1.00 |       344.4 |   330.5 |   225.7 

=== complex efficiency ratio (c32 GF/s over f32 GF/s; 1.0 = no penalty) ===
             case | planar c32/f32 | 1m c32/f32 | 3m c32/f32 
------------------+----------------+------------+------------
         ij-ik-kj |          1.067 |      1.036 |      0.720 
       ij-ikl-ljk |          1.510 |      1.333 |      1.245 
       ij-kil-lkj |          1.613 |      1.486 |      1.333 
       ijk-ikl-lj |          1.222 |      1.137 |      0.781 
       ijk-il-jlk |          1.359 |      1.298 |      1.022 
       ijk-ilk-jl |          1.195 |      1.140 |      0.774 
       ijk-ilk-lj |          1.200 |      1.149 |      0.774 
     ijk-ilmk-mjl |          1.188 |      1.082 |      0.760 
   ijkl-imjn-lnkm |          1.057 |      1.031 |      0.723 
   ijkl-imjn-nlmk |          1.063 |      1.039 |      0.724 
   ijkl-imkn-jnlm |          1.044 |      1.030 |      0.710 
   ijkl-imkn-njml |          1.070 |      1.056 |      0.727 
   ijkl-imln-jnkm |          1.045 |      1.027 |      0.705 
   ijkl-imln-njmk |          1.069 |      1.052 |      0.724 
   ijkl-imnj-nlkm |          1.065 |      1.041 |      0.729 
   ijkl-imnk-njml |          1.064 |      1.050 |      0.725 
   ijkl-minj-nlmk |          1.073 |      1.046 |      0.734 
   ijkl-mink-jnlm |          1.070 |      1.054 |      0.726 
   ijkl-minl-njmk |          1.082 |      1.065 |      0.737 
     aqrs-pa-pqrs |          0.988 |      1.015 |      1.126 
     abrs-qb-aqrs |          1.404 |      1.310 |      0.923 
     abcs-rc-abrs |          1.646 |      1.040 |      0.884 
       abj-bka-kj |          1.835 |      1.766 |      1.341 
       ajb-kba-jk |          1.249 |      1.196 |      0.843 
     abjc-cbka-kj |          2.462 |      1.719 |      1.749 
     ajbc-ckba-jk |          2.306 |      1.973 |      1.838 
     abjc-kbac-jk |          1.683 |      1.378 |      1.113 
   abjcd-dkbac-jk |          1.835 |      1.514 |      1.505 
   adbjc-cbdka-kj |          1.916 |      1.558 |      1.624 
   ajbdc-ckbad-jk |          1.937 |      1.717 |      1.644 
 abcijk-ijma-mkbc |          1.597 |      1.906 |      1.312 
 abcijk-ijmb-mkac |          1.649 |      2.252 |      1.661 
 abcijk-ijmc-mkab |          1.647 |      1.403 |      1.143 
 abcijk-ikma-mjbc |          1.614 |      1.916 |      1.319 
 abcijk-ikmb-mjac |          1.680 |      2.252 |      1.687 
 abcijk-ikmc-mjab |          1.604 |      1.367 |      1.143 
 abcijk-jkma-mibc |          1.682 |      2.063 |      1.415 
 abcijk-jkmb-miac |          2.321 |      3.385 |      2.445 
 abcijk-jkmc-miab |          1.592 |      1.358 |      1.126 
 abcijk-eiab-jkec |          1.579 |      1.377 |      1.126 
 abcijk-eiac-jkeb |          2.306 |      3.390 |      2.480 
 abcijk-eibc-jkea |          1.676 |      2.079 |      1.394 
 abcijk-ejab-ikec |          1.619 |      1.391 |      1.131 
 abcijk-ejac-ikeb |          1.663 |      2.257 |      1.639 
 abcijk-ejbc-ikea |          1.608 |      1.917 |      1.321 
 abcijk-ekab-ijec |          1.680 |      1.449 |      1.195 
 abcijk-ekac-ijeb |          1.688 |      2.299 |      1.714 
 abcijk-ekbc-ijea |          1.599 |      1.910 |      1.321 
       abc-bk-akc |          1.171 |      1.124 |      0.767 
             MEAN |          1.496 |      1.519 |      1.169 

wrote bench-results/worker6194-icelake/phase4g/sm-pool-s64-t2-f32c32.csv
