host        : worker6194
target      : x86_64 / linux
cpu features: avx2 fma avx512f avx512dq 
caches      : L1=48KiB/12-way/1sh L2=1280KiB/20-way/1sh L3=49152KiB/12-way/32sh (via sysfs), blocking=legacy
l3 domains  : t1=1 t4=1
baselines   : tblis=false blas=false

sweeping 49 cases at 16 MiB nominal tensor size, 3 reps, stress=none


=== f32 ===
             case |      m |     n |     k | regA | regB | planar GF/s | 1m GF/s | 3m GF/s 
------------------+--------+-------+-------+------+------+-------------+---------+---------
         ij-ik-kj |   1464 |  1448 |  1464 | 1.00 | 1.00 |       318.3 |   318.3 |   318.3 
       ij-ikl-ljk |    144 |   128 | 18432 | 1.00 | 1.00 |       135.9 |   135.9 |   135.9 
       ij-kil-lkj |    144 |   128 | 20736 | 1.00 | 1.00 |       130.3 |   130.3 |   130.3 
       ijk-ikl-lj |  18432 |   128 |   144 | 1.00 | 1.00 |       273.8 |   273.8 |   273.8 
       ijk-il-jlk |    144 | 18432 |   128 | 1.00 | 1.00 |       164.0 |   164.0 |   164.0 
       ijk-ilk-jl |  18432 |   144 |   128 | 1.00 | 1.00 |       293.3 |   293.3 |   293.3 
       ijk-ilk-lj |  18432 |   128 |   144 | 1.00 | 1.00 |       310.4 |   310.4 |   310.4 
     ijk-ilmk-mjl |   1920 |    40 |  1920 | 1.00 | 1.00 |       160.6 |   160.6 |   160.6 
   ijkl-imjn-lnkm |   1920 |  1920 |  1600 | 1.00 | 1.00 |       314.7 |   314.7 |   314.7 
   ijkl-imjn-nlmk |   1920 |  1600 |  1920 | 1.00 | 1.00 |       336.3 |   336.3 |   336.3 
   ijkl-imkn-jnlm |   1920 |  1920 |  1600 | 1.00 | 1.00 |       343.1 |   343.1 |   343.1 
   ijkl-imkn-njml |   1920 |  1600 |  1920 | 1.00 | 1.00 |       345.3 |   345.3 |   345.3 
   ijkl-imln-jnkm |   1920 |  1920 |  1600 | 1.00 | 1.00 |       344.9 |   344.9 |   344.9 
   ijkl-imln-njmk |   1920 |  1600 |  1920 | 1.00 | 1.00 |       345.5 |   345.5 |   345.5 
   ijkl-imnj-nlkm |   1920 |  1600 |  1920 | 1.00 | 1.00 |       333.1 |   333.1 |   333.1 
   ijkl-imnk-njml |   1920 |  1600 |  1920 | 1.00 | 1.00 |       345.6 |   345.6 |   345.6 
   ijkl-minj-nlmk |   1920 |  1600 |  2304 | 1.00 | 1.00 |       330.1 |   330.1 |   330.1 
   ijkl-mink-jnlm |   1920 |  1920 |  1920 | 1.00 | 1.00 |       349.0 |   349.0 |   349.0 
   ijkl-minl-njmk |   1920 |  1600 |  2304 | 1.00 | 1.00 |       338.7 |   338.7 |   338.7 
     aqrs-pa-pqrs |     48 | 64000 |    48 | 1.00 | 1.00 |       131.1 |   131.1 |   131.1 
     abrs-qb-aqrs |     40 | 76800 |    48 | 1.00 | 1.00 |       174.8 |   174.8 |   174.8 
     abcs-rc-abrs |     40 | 76800 |    48 | 1.00 | 1.00 |       178.5 |   178.5 |   178.5 
       abj-bka-kj |  20736 |   128 |   144 | 1.00 | 1.00 |       146.6 |   146.6 |   146.6 
       ajb-kba-jk |  18432 |   144 |   144 | 1.00 | 1.00 |       246.5 |   246.5 |   246.5 
     abjc-cbka-kj |  92160 |    40 |    48 | 1.00 | 1.00 |        40.0 |    40.0 |    40.0 
     ajbc-ckba-jk |  92160 |    48 |    40 | 1.00 | 1.00 |        48.9 |    48.9 |    48.9 
     abjc-kbac-jk |  76800 |    48 |    48 | 1.00 | 1.00 |       157.0 |   157.0 |   157.0 
   abjcd-dkbac-jk | 230400 |    24 |    20 | 0.00 | 1.00 |        27.0 |    27.0 |    27.0 
   adbjc-cbdka-kj | 230400 |    20 |    24 | 0.00 | 1.00 |        20.5 |    20.5 |    20.5 
   ajbdc-ckbad-jk | 230400 |    24 |    20 | 0.00 | 1.00 |        22.8 |    22.8 |    22.8 
 abcijk-ijma-mkbc |   6912 |  1728 |    24 | 0.00 | 1.00 |       131.0 |   131.0 |   131.0 
 abcijk-ijmb-mkac |   3456 |  3456 |    24 | 0.00 | 1.00 |       109.0 |   109.0 |   109.0 
 abcijk-ijmc-mkab |   3456 |  3456 |    24 | 1.00 | 0.67 |       198.2 |   198.2 |   198.2 
 abcijk-ikma-mjbc |   6912 |  1728 |    24 | 0.00 | 1.00 |       134.7 |   134.7 |   134.7 
 abcijk-ikmb-mjac |   3456 |  3456 |    24 | 0.00 | 1.00 |       101.9 |   101.9 |   101.9 
 abcijk-ikmc-mjab |   3456 |  3456 |    24 | 1.00 | 0.67 |       183.7 |   183.7 |   183.7 
 abcijk-jkma-mibc |   6912 |  1728 |    24 | 0.00 | 1.00 |       137.0 |   137.0 |   137.0 
 abcijk-jkmb-miac |   3456 |  3456 |    24 | 0.00 | 1.00 |       109.5 |   109.5 |   109.5 
 abcijk-jkmc-miab |   3456 |  3456 |    24 | 1.00 | 0.67 |       192.6 |   192.6 |   192.6 
 abcijk-eiab-jkec |   3456 |  3456 |    24 | 1.00 | 0.67 |       191.2 |   191.2 |   191.2 
 abcijk-eiac-jkeb |   3456 |  3456 |    24 | 0.00 | 1.00 |       109.6 |   109.6 |   109.6 
 abcijk-eibc-jkea |   1728 |  6912 |    24 | 0.00 | 1.00 |       137.3 |   137.3 |   137.3 
 abcijk-ejab-ikec |   3456 |  3456 |    24 | 1.00 | 0.67 |       192.9 |   192.9 |   192.9 
 abcijk-ejac-ikeb |   3456 |  3456 |    24 | 0.00 | 1.00 |       110.0 |   110.0 |   110.0 
 abcijk-ejbc-ikea |   1728 |  6912 |    24 | 0.00 | 1.00 |       131.5 |   131.5 |   131.5 
 abcijk-ekab-ijec |   3456 |  3456 |    24 | 1.00 | 0.67 |       191.0 |   191.0 |   191.0 
 abcijk-ekac-ijeb |   3456 |  3456 |    24 | 0.00 | 1.00 |       107.8 |   107.8 |   107.8 
 abcijk-ekbc-ijea |   1728 |  6912 |    24 | 0.00 | 1.00 |       132.9 |   132.9 |   132.9 
       abc-bk-akc |    144 | 18432 |   128 | 1.00 | 1.00 |       314.9 |   314.9 |   314.9 

=== c32 ===
             case |      m |     n |     k | regA | regB | planar GF/s | 1m GF/s | 3m GF/s 
------------------+--------+-------+-------+------+------+-------------+---------+---------
         ij-ik-kj |   1464 |  1448 |  1464 | 1.00 | 1.00 |       357.2 |   347.2 |   240.6 
       ij-ikl-ljk |    144 |   128 | 18432 | 1.00 | 1.00 |       167.4 |   148.5 |   122.7 
       ij-kil-lkj |    144 |   128 | 20736 | 1.00 | 1.00 |       133.2 |   169.9 |   128.9 
       ijk-ikl-lj |  18432 |   128 |   144 | 1.00 | 1.00 |       341.6 |   304.8 |   212.8 
       ijk-il-jlk |    144 | 18432 |   128 | 1.00 | 1.00 |       200.1 |   201.9 |   180.1 
       ijk-ilk-jl |  18432 |   144 |   128 | 0.89 | 1.00 |       357.6 |   335.4 |   226.0 
       ijk-ilk-lj |  18432 |   128 |   144 | 0.89 | 1.00 |       334.0 |   311.8 |   215.7 
     ijk-ilmk-mjl |   1920 |    40 |  1920 | 0.67 | 1.00 |       257.1 |   231.8 |   164.1 
   ijkl-imjn-lnkm |   1920 |  1920 |  1600 | 0.67 | 0.90 |       336.1 |   329.3 |   229.4 
   ijkl-imjn-nlmk |   1920 |  1600 |  1920 | 0.67 | 0.90 |       349.4 |   345.0 |   239.6 
   ijkl-imkn-jnlm |   1920 |  1920 |  1600 | 0.67 | 1.00 |       354.6 |   349.6 |   240.7 
   ijkl-imkn-njml |   1920 |  1600 |  1920 | 0.67 | 0.90 |       355.5 |   350.8 |   240.8 
   ijkl-imln-jnkm |   1920 |  1920 |  1600 | 0.67 | 1.00 |       354.6 |   351.3 |   240.8 
   ijkl-imln-njmk |   1920 |  1600 |  1920 | 0.67 | 0.90 |       356.3 |   353.5 |   239.9 
   ijkl-imnj-nlkm |   1920 |  1600 |  1920 | 0.67 | 0.90 |       349.9 |   346.0 |   239.9 
   ijkl-imnk-njml |   1920 |  1600 |  1920 | 0.67 | 0.90 |       356.2 |   353.1 |   241.1 
   ijkl-minj-nlmk |   1920 |  1600 |  2304 | 0.67 | 0.90 |       346.6 |   339.7 |   238.4 
   ijkl-mink-jnlm |   1920 |  1920 |  1920 | 0.67 | 1.00 |       359.1 |   353.6 |   244.0 
   ijkl-minl-njmk |   1920 |  1600 |  2304 | 0.67 | 0.90 |       351.1 |   345.3 |   239.5 
     aqrs-pa-pqrs |     48 | 64000 |    48 | 1.00 | 1.00 |       156.3 |   155.3 |   113.2 
     abrs-qb-aqrs |     40 | 76800 |    48 | 0.67 | 1.00 |       201.1 |   199.7 |   149.9 
     abcs-rc-abrs |     40 | 76800 |    48 | 1.00 | 1.00 |       248.9 |   210.2 |   154.8 
       abj-bka-kj |  20736 |   128 |   144 | 0.89 | 1.00 |       231.3 |   223.3 |   180.7 
       ajb-kba-jk |  18432 |   144 |   144 | 0.89 | 1.00 |       320.3 |   307.0 |   220.9 
     abjc-cbka-kj |  92160 |    40 |    48 | 0.67 | 1.00 |       108.4 |   100.6 |    94.5 
     ajbc-ckba-jk |  92160 |    48 |    40 | 0.67 | 1.00 |       116.9 |   115.8 |   103.8 
     abjc-kbac-jk |  76800 |    48 |    48 | 0.67 | 1.00 |       217.4 |   174.3 |   145.4 
   abjcd-dkbac-jk | 230400 |    24 |    20 | 0.00 | 1.00 |        66.3 |    55.3 |    48.1 
   adbjc-cbdka-kj | 230400 |    20 |    24 | 0.00 | 1.00 |        52.7 |    50.2 |    49.5 
   ajbdc-ckbad-jk | 230400 |    24 |    20 | 0.00 | 1.00 |        61.4 |    52.4 |    46.7 
 abcijk-ijma-mkbc |   6912 |  1728 |    24 | 0.00 | 1.00 |       194.6 |   243.2 |   168.7 
 abcijk-ijmb-mkac |   3456 |  3456 |    24 | 0.00 | 1.00 |       169.5 |   226.7 |   165.5 
 abcijk-ijmc-mkab |   3456 |  3456 |    24 | 1.00 | 1.00 |       221.0 |   194.3 |   160.9 
 abcijk-ikma-mjbc |   6912 |  1728 |    24 | 0.00 | 1.00 |       196.4 |   240.8 |   167.9 
 abcijk-ikmb-mjac |   3456 |  3456 |    24 | 0.00 | 1.00 |       166.3 |   226.8 |   165.0 
 abcijk-ikmc-mjab |   3456 |  3456 |    24 | 1.00 | 1.00 |       231.5 |   197.1 |   160.6 
 abcijk-jkma-mibc |   6912 |  1728 |    24 | 0.00 | 1.00 |       198.0 |   245.3 |   166.7 
 abcijk-jkmb-miac |   3456 |  3456 |    24 | 0.00 | 1.00 |       168.8 |   224.0 |   163.9 
 abcijk-jkmc-miab |   3456 |  3456 |    24 | 1.00 | 1.00 |       225.1 |   195.2 |   158.7 
 abcijk-eiab-jkec |   3456 |  3456 |    24 | 1.00 | 1.00 |       225.4 |   197.0 |   159.0 
 abcijk-eiac-jkeb |   3456 |  3456 |    24 | 0.00 | 1.00 |       166.6 |   225.4 |   163.5 
 abcijk-eibc-jkea |   1728 |  6912 |    24 | 0.00 | 1.00 |       203.0 |   247.1 |   170.1 
 abcijk-ejab-ikec |   3456 |  3456 |    24 | 1.00 | 1.00 |       231.2 |   197.6 |   159.2 
 abcijk-ejac-ikeb |   3456 |  3456 |    24 | 0.00 | 1.00 |       165.6 |   226.6 |   165.7 
 abcijk-ejbc-ikea |   1728 |  6912 |    24 | 0.00 | 1.00 |       190.5 |   239.1 |   167.7 
 abcijk-ekab-ijec |   3456 |  3456 |    24 | 1.00 | 1.00 |       231.3 |   198.1 |   160.4 
 abcijk-ekac-ijeb |   3456 |  3456 |    24 | 0.00 | 1.00 |       169.3 |   226.5 |   165.6 
 abcijk-ekbc-ijea |   1728 |  6912 |    24 | 0.00 | 1.00 |       200.9 |   237.4 |   168.6 
       abc-bk-akc |    144 | 18432 |   128 | 0.89 | 1.00 |       358.2 |   330.2 |   225.0 

=== complex efficiency ratio (c32 GF/s over f32 GF/s; 1.0 = no penalty) ===
             case | planar c32/f32 | 1m c32/f32 | 3m c32/f32 
------------------+----------------+------------+------------
         ij-ik-kj |          1.122 |      1.091 |      0.756 
       ij-ikl-ljk |          1.232 |      1.092 |      0.902 
       ij-kil-lkj |          1.022 |      1.304 |      0.989 
       ijk-ikl-lj |          1.248 |      1.114 |      0.777 
       ijk-il-jlk |          1.220 |      1.231 |      1.098 
       ijk-ilk-jl |          1.219 |      1.143 |      0.770 
       ijk-ilk-lj |          1.076 |      1.004 |      0.695 
     ijk-ilmk-mjl |          1.601 |      1.443 |      1.022 
   ijkl-imjn-lnkm |          1.068 |      1.046 |      0.729 
   ijkl-imjn-nlmk |          1.039 |      1.026 |      0.712 
   ijkl-imkn-jnlm |          1.033 |      1.019 |      0.702 
   ijkl-imkn-njml |          1.029 |      1.016 |      0.697 
   ijkl-imln-jnkm |          1.028 |      1.019 |      0.698 
   ijkl-imln-njmk |          1.031 |      1.023 |      0.694 
   ijkl-imnj-nlkm |          1.050 |      1.039 |      0.720 
   ijkl-imnk-njml |          1.030 |      1.022 |      0.698 
   ijkl-minj-nlmk |          1.050 |      1.029 |      0.722 
   ijkl-mink-jnlm |          1.029 |      1.013 |      0.699 
   ijkl-minl-njmk |          1.037 |      1.019 |      0.707 
     aqrs-pa-pqrs |          1.192 |      1.184 |      0.863 
     abrs-qb-aqrs |          1.150 |      1.143 |      0.858 
     abcs-rc-abrs |          1.394 |      1.177 |      0.867 
       abj-bka-kj |          1.578 |      1.523 |      1.233 
       ajb-kba-jk |          1.299 |      1.245 |      0.896 
     abjc-cbka-kj |          2.710 |      2.516 |      2.363 
     ajbc-ckba-jk |          2.392 |      2.368 |      2.124 
     abjc-kbac-jk |          1.384 |      1.110 |      0.926 
   abjcd-dkbac-jk |          2.451 |      2.046 |      1.778 
   adbjc-cbdka-kj |          2.574 |      2.454 |      2.418 
   ajbdc-ckbad-jk |          2.690 |      2.295 |      2.047 
 abcijk-ijma-mkbc |          1.485 |      1.856 |      1.288 
 abcijk-ijmb-mkac |          1.554 |      2.079 |      1.518 
 abcijk-ijmc-mkab |          1.115 |      0.980 |      0.812 
 abcijk-ikma-mjbc |          1.458 |      1.788 |      1.246 
 abcijk-ikmb-mjac |          1.632 |      2.226 |      1.619 
 abcijk-ikmc-mjab |          1.261 |      1.073 |      0.874 
 abcijk-jkma-mibc |          1.445 |      1.790 |      1.216 
 abcijk-jkmb-miac |          1.542 |      2.046 |      1.497 
 abcijk-jkmc-miab |          1.169 |      1.014 |      0.824 
 abcijk-eiab-jkec |          1.179 |      1.030 |      0.831 
 abcijk-eiac-jkeb |          1.520 |      2.057 |      1.492 
 abcijk-eibc-jkea |          1.478 |      1.800 |      1.239 
 abcijk-ejab-ikec |          1.199 |      1.025 |      0.826 
 abcijk-ejac-ikeb |          1.505 |      2.059 |      1.506 
 abcijk-ejbc-ikea |          1.448 |      1.818 |      1.275 
 abcijk-ekab-ijec |          1.211 |      1.037 |      0.840 
 abcijk-ekac-ijeb |          1.571 |      2.101 |      1.537 
 abcijk-ekbc-ijea |          1.512 |      1.787 |      1.269 
       abc-bk-akc |          1.138 |      1.049 |      0.715 
             MEAN |          1.396 |      1.436 |      1.094 

wrote bench-results/worker6194-icelake/phase4g/sm-pool-s16-t2-f32c32.csv
