host        : worker6194
target      : x86_64 / linux
cpu features: avx2 fma avx512f avx512dq 
caches      : L1=48KiB/12-way/1sh L2=1280KiB/20-way/1sh L3=49152KiB/12-way/32sh (via sysfs), blocking=legacy
l3 domains  : t1=1
baselines   : tblis=false blas=false

sweeping 49 cases at 16 MiB nominal tensor size, 3 reps, stress=none


=== f32 ===
             case |      m |     n |     k | regA | regB | planar GF/s | 1m GF/s | 3m GF/s 
------------------+--------+-------+-------+------+------+-------------+---------+---------
         ij-ik-kj |   1464 |  1448 |  1464 | 1.00 | 1.00 |       172.6 |   172.6 |   172.6 
       ij-ikl-ljk |    144 |   128 | 18432 | 1.00 | 1.00 |        87.6 |    87.6 |    87.6 
       ij-kil-lkj |    144 |   128 | 20736 | 1.00 | 1.00 |        76.3 |    76.3 |    76.3 
       ijk-ikl-lj |  18432 |   128 |   144 | 1.00 | 1.00 |       157.3 |   157.3 |   157.3 
       ijk-il-jlk |    144 | 18432 |   128 | 1.00 | 1.00 |       133.4 |   133.4 |   133.4 
       ijk-ilk-jl |  18432 |   144 |   128 | 1.00 | 1.00 |       161.7 |   161.7 |   161.7 
       ijk-ilk-lj |  18432 |   128 |   144 | 1.00 | 1.00 |       160.9 |   160.9 |   160.9 
     ijk-ilmk-mjl |   1920 |    40 |  1920 | 1.00 | 1.00 |       123.1 |   123.1 |   123.1 
   ijkl-imjn-lnkm |   1920 |  1920 |  1600 | 1.00 | 1.00 |       166.3 |   166.3 |   166.3 
   ijkl-imjn-nlmk |   1920 |  1600 |  1920 | 1.00 | 1.00 |       170.2 |   170.2 |   170.2 
   ijkl-imkn-jnlm |   1920 |  1920 |  1600 | 1.00 | 1.00 |       176.3 |   176.3 |   176.3 
   ijkl-imkn-njml |   1920 |  1600 |  1920 | 1.00 | 1.00 |       176.4 |   176.4 |   176.4 
   ijkl-imln-jnkm |   1920 |  1920 |  1600 | 1.00 | 1.00 |       176.7 |   176.7 |   176.7 
   ijkl-imln-njmk |   1920 |  1600 |  1920 | 1.00 | 1.00 |       176.7 |   176.7 |   176.7 
   ijkl-imnj-nlkm |   1920 |  1600 |  1920 | 1.00 | 1.00 |       170.6 |   170.6 |   170.6 
   ijkl-imnk-njml |   1920 |  1600 |  1920 | 1.00 | 1.00 |       175.1 |   175.1 |   175.1 
   ijkl-minj-nlmk |   1920 |  1600 |  2304 | 1.00 | 1.00 |       168.3 |   168.3 |   168.3 
   ijkl-mink-jnlm |   1920 |  1920 |  1920 | 1.00 | 1.00 |       178.8 |   178.8 |   178.8 
   ijkl-minl-njmk |   1920 |  1600 |  2304 | 1.00 | 1.00 |       173.6 |   173.6 |   173.6 
     aqrs-pa-pqrs |     48 | 64000 |    48 | 1.00 | 1.00 |        72.9 |    72.9 |    72.9 
     abrs-qb-aqrs |     40 | 76800 |    48 | 1.00 | 1.00 |       106.1 |   106.1 |   106.1 
     abcs-rc-abrs |     40 | 76800 |    48 | 1.00 | 1.00 |       103.3 |   103.3 |   103.3 
       abj-bka-kj |  20736 |   128 |   144 | 1.00 | 1.00 |        73.8 |    73.8 |    73.8 
       ajb-kba-jk |  18432 |   144 |   144 | 1.00 | 1.00 |       124.3 |   124.3 |   124.3 
     abjc-cbka-kj |  92160 |    40 |    48 | 1.00 | 1.00 |        20.2 |    20.2 |    20.2 
     ajbc-ckba-jk |  92160 |    48 |    40 | 1.00 | 1.00 |        25.5 |    25.5 |    25.5 
     abjc-kbac-jk |  76800 |    48 |    48 | 1.00 | 1.00 |        87.3 |    87.3 |    87.3 
   abjcd-dkbac-jk | 230400 |    24 |    20 | 0.00 | 1.00 |        12.4 |    12.4 |    12.4 
   adbjc-cbdka-kj | 230400 |    20 |    24 | 0.00 | 1.00 |        10.2 |    10.2 |    10.2 
   ajbdc-ckbad-jk | 230400 |    24 |    20 | 0.00 | 1.00 |        11.2 |    11.2 |    11.2 
 abcijk-ijma-mkbc |   6912 |  1728 |    24 | 0.00 | 1.00 |        65.4 |    65.4 |    65.4 
 abcijk-ijmb-mkac |   3456 |  3456 |    24 | 0.00 | 1.00 |        53.6 |    53.6 |    53.6 
 abcijk-ijmc-mkab |   3456 |  3456 |    24 | 1.00 | 0.67 |        90.2 |    90.2 |    90.2 
 abcijk-ikma-mjbc |   6912 |  1728 |    24 | 0.00 | 1.00 |        67.4 |    67.4 |    67.4 
 abcijk-ikmb-mjac |   3456 |  3456 |    24 | 0.00 | 1.00 |        52.5 |    52.5 |    52.5 
 abcijk-ikmc-mjab |   3456 |  3456 |    24 | 1.00 | 0.67 |        92.6 |    92.6 |    92.6 
 abcijk-jkma-mibc |   6912 |  1728 |    24 | 0.00 | 1.00 |        67.6 |    67.6 |    67.6 
 abcijk-jkmb-miac |   3456 |  3456 |    24 | 0.00 | 1.00 |        54.6 |    54.6 |    54.6 
 abcijk-jkmc-miab |   3456 |  3456 |    24 | 1.00 | 0.67 |        90.1 |    90.1 |    90.1 
 abcijk-eiab-jkec |   3456 |  3456 |    24 | 1.00 | 0.67 |        97.3 |    97.3 |    97.3 
 abcijk-eiac-jkeb |   3456 |  3456 |    24 | 0.00 | 1.00 |        54.1 |    54.1 |    54.1 
 abcijk-eibc-jkea |   1728 |  6912 |    24 | 0.00 | 1.00 |        69.0 |    69.0 |    69.0 
 abcijk-ejab-ikec |   3456 |  3456 |    24 | 1.00 | 0.67 |        93.4 |    93.4 |    93.4 
 abcijk-ejac-ikeb |   3456 |  3456 |    24 | 0.00 | 1.00 |        54.5 |    54.5 |    54.5 
 abcijk-ejbc-ikea |   1728 |  6912 |    24 | 0.00 | 1.00 |        66.0 |    66.0 |    66.0 
 abcijk-ekab-ijec |   3456 |  3456 |    24 | 1.00 | 0.67 |        97.9 |    97.9 |    97.9 
 abcijk-ekac-ijeb |   3456 |  3456 |    24 | 0.00 | 1.00 |        53.5 |    53.5 |    53.5 
 abcijk-ekbc-ijea |   1728 |  6912 |    24 | 0.00 | 1.00 |        67.6 |    67.6 |    67.6 
       abc-bk-akc |    144 | 18432 |   128 | 1.00 | 1.00 |       155.3 |   155.3 |   155.3 

=== c32 ===
             case |      m |     n |     k | regA | regB | planar GF/s | 1m GF/s | 3m GF/s 
------------------+--------+-------+-------+------+------+-------------+---------+---------
         ij-ik-kj |   1464 |  1448 |  1464 | 1.00 | 1.00 |       180.9 |   176.1 |   120.8 
       ij-ikl-ljk |    144 |   128 | 18432 | 1.00 | 1.00 |       104.6 |    98.7 |    80.2 
       ij-kil-lkj |    144 |   128 | 20736 | 1.00 | 1.00 |       105.5 |   100.4 |    83.6 
       ijk-ikl-lj |  18432 |   128 |   144 | 1.00 | 1.00 |       170.5 |   155.1 |   106.8 
       ijk-il-jlk |    144 | 18432 |   128 | 1.00 | 1.00 |       153.4 |   148.2 |   112.7 
       ijk-ilk-jl |  18432 |   144 |   128 | 0.89 | 1.00 |       178.0 |   165.2 |   112.1 
       ijk-ilk-lj |  18432 |   128 |   144 | 0.89 | 1.00 |       172.5 |   161.4 |   111.6 
     ijk-ilmk-mjl |   1920 |    40 |  1920 | 0.67 | 1.00 |       129.7 |   117.9 |    82.7 
   ijkl-imjn-lnkm |   1920 |  1920 |  1600 | 0.67 | 0.90 |       171.6 |   168.0 |   117.2 
   ijkl-imjn-nlmk |   1920 |  1600 |  1920 | 0.67 | 0.90 |       178.0 |   174.8 |   120.3 
   ijkl-imkn-jnlm |   1920 |  1920 |  1600 | 0.67 | 1.00 |       178.9 |   177.8 |   120.9 
   ijkl-imkn-njml |   1920 |  1600 |  1920 | 0.67 | 0.90 |       180.5 |   178.7 |   120.6 
   ijkl-imln-jnkm |   1920 |  1920 |  1600 | 0.67 | 1.00 |       179.5 |   178.1 |   120.9 
   ijkl-imln-njmk |   1920 |  1600 |  1920 | 0.67 | 0.90 |       180.9 |   178.9 |   120.9 
   ijkl-imnj-nlkm |   1920 |  1600 |  1920 | 0.67 | 0.90 |       178.3 |   175.2 |   120.6 
   ijkl-imnk-njml |   1920 |  1600 |  1920 | 0.67 | 0.90 |       180.8 |   178.8 |   120.7 
   ijkl-minj-nlmk |   1920 |  1600 |  2304 | 0.67 | 0.90 |       174.4 |   170.0 |   119.2 
   ijkl-mink-jnlm |   1920 |  1920 |  1920 | 0.67 | 1.00 |       180.9 |   178.5 |   122.3 
   ijkl-minl-njmk |   1920 |  1600 |  2304 | 0.67 | 0.90 |       176.8 |   174.0 |   119.4 
     aqrs-pa-pqrs |     48 | 64000 |    48 | 1.00 | 1.00 |        88.3 |    86.9 |    75.9 
     abrs-qb-aqrs |     40 | 76800 |    48 | 0.67 | 1.00 |       112.2 |   103.8 |    76.8 
     abcs-rc-abrs |     40 | 76800 |    48 | 1.00 | 1.00 |       122.6 |   113.4 |    77.7 
       abj-bka-kj |  20736 |   128 |   144 | 0.89 | 1.00 |       112.4 |   107.2 |    87.0 
       ajb-kba-jk |  18432 |   144 |   144 | 0.89 | 1.00 |       159.0 |   151.0 |   109.4 
     abjc-cbka-kj |  92160 |    40 |    48 | 0.67 | 1.00 |        52.3 |    49.2 |    46.2 
     ajbc-ckba-jk |  92160 |    48 |    40 | 0.67 | 1.00 |        58.8 |    59.5 |    51.7 
     abjc-kbac-jk |  76800 |    48 |    48 | 0.67 | 1.00 |       114.1 |    87.8 |    76.8 
   abjcd-dkbac-jk | 230400 |    24 |    20 | 0.00 | 1.00 |        35.1 |    27.8 |    27.6 
   adbjc-cbdka-kj | 230400 |    20 |    24 | 0.00 | 1.00 |        26.4 |    25.6 |    24.8 
   ajbdc-ckbad-jk | 230400 |    24 |    20 | 0.00 | 1.00 |        31.8 |    30.3 |    27.2 
 abcijk-ijma-mkbc |   6912 |  1728 |    24 | 0.00 | 1.00 |       101.1 |   122.6 |    85.1 
 abcijk-ijmb-mkac |   3456 |  3456 |    24 | 0.00 | 1.00 |        84.8 |   115.2 |    84.3 
 abcijk-ijmc-mkab |   3456 |  3456 |    24 | 1.00 | 1.00 |       118.5 |   102.5 |    81.6 
 abcijk-ikma-mjbc |   6912 |  1728 |    24 | 0.00 | 1.00 |       101.2 |   122.0 |    84.8 
 abcijk-ikmb-mjac |   3456 |  3456 |    24 | 0.00 | 1.00 |        84.8 |   114.8 |    83.3 
 abcijk-ikmc-mjab |   3456 |  3456 |    24 | 1.00 | 1.00 |       118.6 |   102.6 |    81.1 
 abcijk-jkma-mibc |   6912 |  1728 |    24 | 0.00 | 1.00 |       104.4 |   124.3 |    85.5 
 abcijk-jkmb-miac |   3456 |  3456 |    24 | 0.00 | 1.00 |        85.9 |   114.1 |    82.9 
 abcijk-jkmc-miab |   3456 |  3456 |    24 | 1.00 | 1.00 |       116.8 |   101.9 |    81.3 
 abcijk-eiab-jkec |   3456 |  3456 |    24 | 1.00 | 1.00 |       116.3 |   101.8 |    81.0 
 abcijk-eiac-jkeb |   3456 |  3456 |    24 | 0.00 | 1.00 |        86.1 |   114.2 |    82.9 
 abcijk-eibc-jkea |   1728 |  6912 |    24 | 0.00 | 1.00 |       104.5 |   123.4 |    85.6 
 abcijk-ejab-ikec |   3456 |  3456 |    24 | 1.00 | 1.00 |       118.5 |   102.8 |    81.3 
 abcijk-ejac-ikeb |   3456 |  3456 |    24 | 0.00 | 1.00 |        85.0 |   114.2 |    83.5 
 abcijk-ejbc-ikea |   1728 |  6912 |    24 | 0.00 | 1.00 |       100.9 |   122.9 |    84.3 
 abcijk-ekab-ijec |   3456 |  3456 |    24 | 1.00 | 1.00 |       118.4 |   102.4 |    81.7 
 abcijk-ekac-ijeb |   3456 |  3456 |    24 | 0.00 | 1.00 |        84.7 |   115.7 |    83.5 
 abcijk-ekbc-ijea |   1728 |  6912 |    24 | 0.00 | 1.00 |        99.8 |   123.0 |    84.7 
       abc-bk-akc |    144 | 18432 |   128 | 0.89 | 1.00 |       176.5 |   166.8 |   111.7 

=== complex efficiency ratio (c32 GF/s over f32 GF/s; 1.0 = no penalty) ===
             case | planar c32/f32 | 1m c32/f32 | 3m c32/f32 
------------------+----------------+------------+------------
         ij-ik-kj |          1.048 |      1.020 |      0.700 
       ij-ikl-ljk |          1.194 |      1.127 |      0.915 
       ij-kil-lkj |          1.382 |      1.315 |      1.095 
       ijk-ikl-lj |          1.084 |      0.986 |      0.679 
       ijk-il-jlk |          1.150 |      1.111 |      0.845 
       ijk-ilk-jl |          1.101 |      1.022 |      0.693 
       ijk-ilk-lj |          1.072 |      1.003 |      0.694 
     ijk-ilmk-mjl |          1.054 |      0.958 |      0.672 
   ijkl-imjn-lnkm |          1.032 |      1.010 |      0.705 
   ijkl-imjn-nlmk |          1.046 |      1.027 |      0.707 
   ijkl-imkn-jnlm |          1.015 |      1.009 |      0.686 
   ijkl-imkn-njml |          1.023 |      1.013 |      0.684 
   ijkl-imln-jnkm |          1.015 |      1.008 |      0.684 
   ijkl-imln-njmk |          1.024 |      1.013 |      0.684 
   ijkl-imnj-nlkm |          1.045 |      1.027 |      0.707 
   ijkl-imnk-njml |          1.033 |      1.021 |      0.689 
   ijkl-minj-nlmk |          1.036 |      1.010 |      0.708 
   ijkl-mink-jnlm |          1.012 |      0.999 |      0.684 
   ijkl-minl-njmk |          1.019 |      1.003 |      0.688 
     aqrs-pa-pqrs |          1.212 |      1.192 |      1.042 
     abrs-qb-aqrs |          1.057 |      0.978 |      0.724 
     abcs-rc-abrs |          1.187 |      1.098 |      0.752 
       abj-bka-kj |          1.523 |      1.453 |      1.180 
       ajb-kba-jk |          1.279 |      1.215 |      0.880 
     abjc-cbka-kj |          2.591 |      2.434 |      2.290 
     ajbc-ckba-jk |          2.310 |      2.339 |      2.030 
     abjc-kbac-jk |          1.307 |      1.005 |      0.880 
   abjcd-dkbac-jk |          2.828 |      2.240 |      2.225 
   adbjc-cbdka-kj |          2.586 |      2.509 |      2.436 
   ajbdc-ckbad-jk |          2.835 |      2.705 |      2.421 
 abcijk-ijma-mkbc |          1.547 |      1.874 |      1.302 
 abcijk-ijmb-mkac |          1.582 |      2.150 |      1.574 
 abcijk-ijmc-mkab |          1.313 |      1.137 |      0.905 
 abcijk-ikma-mjbc |          1.501 |      1.808 |      1.257 
 abcijk-ikmb-mjac |          1.614 |      2.186 |      1.586 
 abcijk-ikmc-mjab |          1.280 |      1.108 |      0.875 
 abcijk-jkma-mibc |          1.544 |      1.839 |      1.264 
 abcijk-jkmb-miac |          1.575 |      2.090 |      1.519 
 abcijk-jkmc-miab |          1.297 |      1.131 |      0.902 
 abcijk-eiab-jkec |          1.195 |      1.046 |      0.833 
 abcijk-eiac-jkeb |          1.591 |      2.111 |      1.533 
 abcijk-eibc-jkea |          1.515 |      1.789 |      1.241 
 abcijk-ejab-ikec |          1.269 |      1.101 |      0.870 
 abcijk-ejac-ikeb |          1.559 |      2.094 |      1.531 
 abcijk-ejbc-ikea |          1.528 |      1.861 |      1.277 
 abcijk-ekab-ijec |          1.209 |      1.045 |      0.834 
 abcijk-ekac-ijeb |          1.585 |      2.164 |      1.563 
 abcijk-ekbc-ijea |          1.477 |      1.819 |      1.253 
       abc-bk-akc |          1.137 |      1.074 |      0.719 
             MEAN |          1.396 |      1.434 |      1.094 

wrote bench-results/worker6194-icelake/phase4g/sm-s16-t1-f32c32.csv
