host        : worker6194
target      : x86_64 / linux
cpu features: avx2 fma avx512f avx512dq 
caches      : L1=48KiB/12-way/1sh L2=1280KiB/20-way/1sh L3=49152KiB/12-way/32sh (via sysfs), blocking=legacy
l3 domains  : t1=1 t4=1 t8=1 t16=1 t32=1 t64=2
baselines   : tblis=false blas=false

sweeping 49 cases at 64 MiB nominal tensor size, 3 reps, stress=none


=== f32 ===
             case |      m |      n |     k | regA | regB | planar GF/s | 1m GF/s | 3m GF/s 
------------------+--------+--------+-------+------+------+-------------+---------+---------
         ij-ik-kj |   2904 |   2896 |  2904 | 1.00 | 1.00 |      1997.4 |  1997.4 |  1997.4 
       ij-ikl-ljk |    216 |    204 | 44064 | 1.00 | 1.00 |       722.0 |   722.0 |   722.0 
       ij-kil-lkj |    216 |    204 | 46656 | 1.00 | 1.00 |       778.0 |   778.0 |   778.0 
       ijk-ikl-lj |  44064 |    204 |   216 | 1.00 | 1.00 |      1777.2 |  1777.2 |  1777.2 
       ijk-il-jlk |    216 |  44064 |   204 | 1.00 | 1.00 |      1561.2 |  1561.2 |  1561.2 
       ijk-ilk-jl |  44064 |    216 |   204 | 0.89 | 1.00 |      1658.4 |  1658.4 |  1658.4 
       ijk-ilk-lj |  44064 |    204 |   216 | 0.89 | 1.00 |      1649.9 |  1649.9 |  1649.9 
     ijk-ilmk-mjl |   3744 |     52 |  3744 | 0.67 | 1.00 |       638.6 |   638.6 |   638.6 
   ijkl-imjn-lnkm |   3744 |   3744 |  2704 | 0.67 | 0.92 |      2050.8 |  2050.8 |  2050.8 
   ijkl-imjn-nlmk |   3744 |   2704 |  3744 | 0.67 | 0.92 |      1772.6 |  1772.6 |  1772.6 
   ijkl-imkn-jnlm |   3744 |   3744 |  2704 | 0.67 | 1.00 |      2188.7 |  2188.7 |  2188.7 
   ijkl-imkn-njml |   3744 |   2704 |  3744 | 0.67 | 0.92 |      1880.2 |  1880.2 |  1880.2 
   ijkl-imln-jnkm |   3744 |   3744 |  2704 | 0.67 | 1.00 |      2240.8 |  2240.8 |  2240.8 
   ijkl-imln-njmk |   3744 |   2704 |  3744 | 0.67 | 0.92 |      2021.6 |  2021.6 |  2021.6 
   ijkl-imnj-nlkm |   3744 |   2704 |  3744 | 0.67 | 0.92 |      1895.2 |  1895.2 |  1895.2 
   ijkl-imnk-njml |   3744 |   2704 |  3744 | 0.67 | 0.92 |      1901.7 |  1901.7 |  1901.7 
   ijkl-minj-nlmk |   3744 |   2704 |  5184 | 0.67 | 0.92 |      1856.2 |  1856.2 |  1856.2 
   ijkl-mink-jnlm |   3744 |   3744 |  3744 | 0.67 | 1.00 |      2208.9 |  2208.9 |  2208.9 
   ijkl-minl-njmk |   3744 |   2704 |  5184 | 0.67 | 0.92 |      1915.0 |  1915.0 |  1915.0 
     aqrs-pa-pqrs |     72 | 140608 |    72 | 1.00 | 1.00 |       576.4 |   576.4 |   576.4 
     abrs-qb-aqrs |     52 | 194688 |    72 | 0.67 | 1.00 |       585.1 |   585.1 |   585.1 
     abcs-rc-abrs |     52 | 194688 |    72 | 1.00 | 1.00 |       541.1 |   541.1 |   541.1 
       abj-bka-kj |  46656 |    204 |   216 | 0.89 | 1.00 |       822.3 |   822.3 |   822.3 
       ajb-kba-jk |  44064 |    216 |   216 | 0.89 | 1.00 |      1441.9 |  1441.9 |  1441.9 
     abjc-cbka-kj | 269568 |     52 |    72 | 0.67 | 1.00 |       264.7 |   264.7 |   264.7 
     ajbc-ckba-jk | 269568 |     72 |    52 | 0.67 | 1.00 |       337.6 |   337.6 |   337.6 
     abjc-kbac-jk | 194688 |     72 |    72 | 0.67 | 1.00 |       844.9 |   844.9 |   844.9 
   abjcd-dkbac-jk | 331776 |     24 |    24 | 0.00 | 1.00 |       118.8 |   118.8 |   118.8 
   adbjc-cbdka-kj | 331776 |     24 |    24 | 0.00 | 1.00 |       127.7 |   127.7 |   127.7 
   ajbdc-ckbad-jk | 331776 |     24 |    24 | 0.00 | 1.00 |       148.6 |   148.6 |   148.6 
 abcijk-ijma-mkbc |   9216 |   4096 |    24 | 0.00 | 1.00 |       610.5 |   610.5 |   610.5 
 abcijk-ijmb-mkac |   6144 |   6144 |    24 | 0.00 | 1.00 |       599.1 |   599.1 |   599.1 
 abcijk-ijmc-mkab |   6144 |   6144 |    24 | 1.00 | 1.00 |       603.6 |   603.6 |   603.6 
 abcijk-ikma-mjbc |   9216 |   4096 |    24 | 0.00 | 1.00 |       631.0 |   631.0 |   631.0 
 abcijk-ikmb-mjac |   6144 |   6144 |    24 | 0.00 | 1.00 |       605.8 |   605.8 |   605.8 
 abcijk-ikmc-mjab |   6144 |   6144 |    24 | 1.00 | 1.00 |       620.3 |   620.3 |   620.3 
 abcijk-jkma-mibc |   9216 |   4096 |    24 | 0.00 | 1.00 |       478.7 |   478.7 |   478.7 
 abcijk-jkmb-miac |   6144 |   6144 |    24 | 0.00 | 1.00 |       539.9 |   539.9 |   539.9 
 abcijk-jkmc-miab |   6144 |   6144 |    24 | 1.00 | 1.00 |       569.6 |   569.6 |   569.6 
 abcijk-eiab-jkec |   6144 |   6144 |    24 | 1.00 | 1.00 |       485.6 |   485.6 |   485.6 
 abcijk-eiac-jkeb |   6144 |   6144 |    24 | 0.00 | 1.00 |       501.0 |   501.0 |   501.0 
 abcijk-eibc-jkea |   4096 |   9216 |    24 | 0.00 | 1.00 |       606.6 |   606.6 |   606.6 
 abcijk-ejab-ikec |   6144 |   6144 |    24 | 1.00 | 1.00 |       477.9 |   477.9 |   477.9 
 abcijk-ejac-ikeb |   6144 |   6144 |    24 | 0.00 | 1.00 |       542.1 |   542.1 |   542.1 
 abcijk-ejbc-ikea |   4096 |   9216 |    24 | 0.00 | 1.00 |       647.0 |   647.0 |   647.0 
 abcijk-ekab-ijec |   6144 |   6144 |    24 | 1.00 | 1.00 |       680.6 |   680.6 |   680.6 
 abcijk-ekac-ijeb |   6144 |   6144 |    24 | 0.00 | 1.00 |       579.0 |   579.0 |   579.0 
 abcijk-ekbc-ijea |   4096 |   9216 |    24 | 0.00 | 1.00 |       569.1 |   569.1 |   569.1 
       abc-bk-akc |    216 |  44064 |   204 | 0.89 | 1.00 |      1334.7 |  1334.7 |  1334.7 

=== c32 ===
             case |      m |      n |     k | regA | regB | planar GF/s | 1m GF/s | 3m GF/s 
------------------+--------+--------+-------+------+------+-------------+---------+---------
         ij-ik-kj |   2904 |   2896 |  2904 | 1.00 | 1.00 |      2681.0 |  2665.2 |  1914.8 
       ij-ikl-ljk |    216 |    204 | 44064 | 1.00 | 1.00 |      1518.4 |  1309.2 |   980.5 
       ij-kil-lkj |    216 |    204 | 46656 | 1.00 | 1.00 |      1508.0 |  1423.5 |  1087.9 
       ijk-ikl-lj |  44064 |    204 |   216 | 1.00 | 1.00 |      2825.4 |  2575.8 |  2192.6 
       ijk-il-jlk |    216 |  44064 |   204 | 1.00 | 1.00 |      2404.7 |  2131.6 |  1521.6 
       ijk-ilk-jl |  44064 |    216 |   204 | 0.89 | 1.00 |      2896.7 |  2231.6 |  2224.2 
       ijk-ilk-lj |  44064 |    204 |   216 | 0.89 | 1.00 |      1978.4 |  2606.2 |  2251.2 
     ijk-ilmk-mjl |   3744 |     52 |  3744 | 0.67 | 1.00 |      1328.7 |  1337.2 |  1080.6 
   ijkl-imjn-lnkm |   3744 |   3744 |  2704 | 0.67 | 0.92 |      2765.2 |  2676.3 |  2058.1 
   ijkl-imjn-nlmk |   3744 |   2704 |  3744 | 0.67 | 0.92 |      2828.6 |  2750.6 |  2154.4 
   ijkl-imkn-jnlm |   3744 |   3744 |  2704 | 0.67 | 1.00 |      2904.9 |  2794.0 |  2056.5 
   ijkl-imkn-njml |   3744 |   2704 |  3744 | 0.67 | 0.92 |      2864.1 |  2769.3 |  2212.6 
   ijkl-imln-jnkm |   3744 |   3744 |  2704 | 0.67 | 1.00 |      2788.1 |  2719.1 |  2047.7 
   ijkl-imln-njmk |   3744 |   2704 |  3744 | 0.67 | 0.92 |      2975.4 |  2860.2 |  2225.2 
   ijkl-imnj-nlkm |   3744 |   2704 |  3744 | 0.67 | 0.92 |      2875.4 |  2729.2 |  2148.5 
   ijkl-imnk-njml |   3744 |   2704 |  3744 | 0.67 | 0.92 |      2878.4 |  2806.4 |  2176.3 
   ijkl-minj-nlmk |   3744 |   2704 |  5184 | 0.67 | 0.92 |      2824.0 |  2721.6 |  2118.0 
   ijkl-mink-jnlm |   3744 |   3744 |  3744 | 0.67 | 1.00 |      2953.8 |  2820.3 |  2158.7 
   ijkl-minl-njmk |   3744 |   2704 |  5184 | 0.67 | 0.92 |      2898.0 |  2803.7 |  2201.0 
     aqrs-pa-pqrs |     72 | 140608 |    72 | 1.00 | 1.00 |      1188.8 |  1101.6 |   853.1 
     abrs-qb-aqrs |     52 | 194688 |    72 | 0.67 | 1.00 |      1058.1 |  1438.5 |   976.2 
     abcs-rc-abrs |     52 | 194688 |    72 | 1.00 | 1.00 |      1526.9 |  1275.3 |  1088.0 
       abj-bka-kj |  46656 |    204 |   216 | 0.89 | 1.00 |      1882.4 |  1707.6 |  1560.8 
       ajb-kba-jk |  44064 |    216 |   216 | 0.89 | 1.00 |      2484.4 |  2646.0 |  2170.1 
     abjc-cbka-kj | 269568 |     52 |    72 | 0.67 | 1.00 |       672.9 |   514.8 |   557.8 
     ajbc-ckba-jk | 269568 |     72 |    52 | 0.67 | 1.00 |       604.4 |   666.7 |   666.1 
     abjc-kbac-jk | 194688 |     72 |    72 | 0.67 | 1.00 |      1438.9 |  1581.4 |  1347.6 
   abjcd-dkbac-jk | 331776 |     24 |    24 | 0.00 | 1.00 |       308.3 |   273.6 |   257.4 
   adbjc-cbdka-kj | 331776 |     24 |    24 | 0.00 | 1.00 |       258.7 |   250.4 |   221.2 
   ajbdc-ckbad-jk | 331776 |     24 |    24 | 0.00 | 1.00 |       275.8 |   249.0 |   259.3 
 abcijk-ijma-mkbc |   9216 |   4096 |    24 | 0.00 | 0.99 |      1304.7 |  1255.5 |  1095.8 
 abcijk-ijmb-mkac |   6144 |   6144 |    24 | 0.00 | 1.00 |      1091.4 |  1281.7 |  1156.0 
 abcijk-ijmc-mkab |   6144 |   6144 |    24 | 1.00 | 0.75 |      1226.5 |  1082.0 |  1084.4 
 abcijk-ikma-mjbc |   9216 |   4096 |    24 | 0.00 | 0.99 |      1176.4 |  1457.7 |  1232.1 
 abcijk-ikmb-mjac |   6144 |   6144 |    24 | 0.00 | 1.00 |      1092.0 |  1221.1 |  1125.4 
 abcijk-ikmc-mjab |   6144 |   6144 |    24 | 1.00 | 0.75 |      1315.5 |  1079.7 |  1079.2 
 abcijk-jkma-mibc |   9216 |   4096 |    24 | 0.00 | 0.99 |      1116.4 |  1303.5 |  1136.6 
 abcijk-jkmb-miac |   6144 |   6144 |    24 | 0.00 | 1.00 |      1058.0 |  1133.0 |  1031.0 
 abcijk-jkmc-miab |   6144 |   6144 |    24 | 1.00 | 0.75 |      1223.8 |  1019.4 |   993.2 
 abcijk-eiab-jkec |   6144 |   6144 |    24 | 1.00 | 0.75 |      1251.4 |   985.9 |   957.7 
 abcijk-eiac-jkeb |   6144 |   6144 |    24 | 0.00 | 1.00 |      1071.2 |  1152.9 |   986.7 
 abcijk-eibc-jkea |   4096 |   9216 |    24 | 0.00 | 0.99 |      1276.4 |  1217.3 |  1136.6 
 abcijk-ejab-ikec |   6144 |   6144 |    24 | 1.00 | 0.75 |      1286.8 |  1107.8 |  1057.3 
 abcijk-ejac-ikeb |   6144 |   6144 |    24 | 0.00 | 1.00 |      1192.1 |  1299.1 |  1139.3 
 abcijk-ejbc-ikea |   4096 |   9216 |    24 | 0.00 | 0.99 |      1154.9 |  1389.8 |  1190.9 
 abcijk-ekab-ijec |   6144 |   6144 |    24 | 1.00 | 0.75 |      1323.9 |  1113.5 |  1049.4 
 abcijk-ekac-ijeb |   6144 |   6144 |    24 | 0.00 | 1.00 |      1129.8 |  1289.1 |  1089.3 
 abcijk-ekbc-ijea |   4096 |   9216 |    24 | 0.00 | 0.99 |      1160.2 |  1442.6 |  1238.0 
       abc-bk-akc |    216 |  44064 |   204 | 0.89 | 1.00 |      2970.6 |  2943.4 |  2247.8 

=== complex efficiency ratio (c32 GF/s over f32 GF/s; 1.0 = no penalty) ===
             case | planar c32/f32 | 1m c32/f32 | 3m c32/f32 
------------------+----------------+------------+------------
         ij-ik-kj |          1.342 |      1.334 |      0.959 
       ij-ikl-ljk |          2.103 |      1.813 |      1.358 
       ij-kil-lkj |          1.938 |      1.830 |      1.398 
       ijk-ikl-lj |          1.590 |      1.449 |      1.234 
       ijk-il-jlk |          1.540 |      1.365 |      0.975 
       ijk-ilk-jl |          1.747 |      1.346 |      1.341 
       ijk-ilk-lj |          1.199 |      1.580 |      1.364 
     ijk-ilmk-mjl |          2.081 |      2.094 |      1.692 
   ijkl-imjn-lnkm |          1.348 |      1.305 |      1.004 
   ijkl-imjn-nlmk |          1.596 |      1.552 |      1.215 
   ijkl-imkn-jnlm |          1.327 |      1.277 |      0.940 
   ijkl-imkn-njml |          1.523 |      1.473 |      1.177 
   ijkl-imln-jnkm |          1.244 |      1.213 |      0.914 
   ijkl-imln-njmk |          1.472 |      1.415 |      1.101 
   ijkl-imnj-nlkm |          1.517 |      1.440 |      1.134 
   ijkl-imnk-njml |          1.514 |      1.476 |      1.144 
   ijkl-minj-nlmk |          1.521 |      1.466 |      1.141 
   ijkl-mink-jnlm |          1.337 |      1.277 |      0.977 
   ijkl-minl-njmk |          1.513 |      1.464 |      1.149 
     aqrs-pa-pqrs |          2.062 |      1.911 |      1.480 
     abrs-qb-aqrs |          1.808 |      2.459 |      1.669 
     abcs-rc-abrs |          2.822 |      2.357 |      2.011 
       abj-bka-kj |          2.289 |      2.077 |      1.898 
       ajb-kba-jk |          1.723 |      1.835 |      1.505 
     abjc-cbka-kj |          2.542 |      1.945 |      2.107 
     ajbc-ckba-jk |          1.790 |      1.975 |      1.973 
     abjc-kbac-jk |          1.703 |      1.872 |      1.595 
   abjcd-dkbac-jk |          2.596 |      2.304 |      2.168 
   adbjc-cbdka-kj |          2.025 |      1.960 |      1.731 
   ajbdc-ckbad-jk |          1.855 |      1.675 |      1.745 
 abcijk-ijma-mkbc |          2.137 |      2.057 |      1.795 
 abcijk-ijmb-mkac |          1.822 |      2.139 |      1.930 
 abcijk-ijmc-mkab |          2.032 |      1.793 |      1.797 
 abcijk-ikma-mjbc |          1.864 |      2.310 |      1.953 
 abcijk-ikmb-mjac |          1.803 |      2.016 |      1.858 
 abcijk-ikmc-mjab |          2.121 |      1.741 |      1.740 
 abcijk-jkma-mibc |          2.332 |      2.723 |      2.375 
 abcijk-jkmb-miac |          1.960 |      2.099 |      1.910 
 abcijk-jkmc-miab |          2.149 |      1.790 |      1.744 
 abcijk-eiab-jkec |          2.577 |      2.030 |      1.972 
 abcijk-eiac-jkeb |          2.138 |      2.301 |      1.969 
 abcijk-eibc-jkea |          2.104 |      2.007 |      1.874 
 abcijk-ejab-ikec |          2.693 |      2.318 |      2.212 
 abcijk-ejac-ikeb |          2.199 |      2.397 |      2.102 
 abcijk-ejbc-ikea |          1.785 |      2.148 |      1.841 
 abcijk-ekab-ijec |          1.945 |      1.636 |      1.542 
 abcijk-ekac-ijeb |          1.951 |      2.226 |      1.881 
 abcijk-ekbc-ijea |          2.039 |      2.535 |      2.175 
       abc-bk-akc |          2.226 |      2.205 |      1.684 
             MEAN |          1.889 |      1.857 |      1.601 

wrote bench-results/worker6194-icelake/phase4g/sm-s64-t32-f32c32.csv
