host        : worker6194
target      : x86_64 / linux
cpu features: avx2 fma avx512f avx512dq 
caches      : L1=48KiB/12-way/1sh L2=1280KiB/20-way/1sh L3=49152KiB/12-way/32sh (via sysfs), blocking=legacy
l3 domains  : t1=1 t4=1 t8=1 t16=1
baselines   : tblis=false blas=false

sweeping 49 cases at 1 MiB nominal tensor size, 24 reps, stress=none


=== f64 ===
             case |     m |    n |    k | regA | regB | planar GF/s | 1m GF/s | 3m GF/s 
------------------+-------+------+------+------+------+-------------+---------+---------
         ij-ik-kj |   384 |  364 |  384 | 1.00 | 1.00 |       287.1 |   287.1 |   287.1 
       ij-ikl-ljk |    72 |   52 | 3744 | 1.00 | 1.00 |        72.6 |    72.6 |    72.6 
       ij-kil-lkj |    72 |   52 | 5184 | 1.00 | 1.00 |        76.2 |    76.2 |    76.2 
       ijk-ikl-lj |  3744 |   52 |   72 | 1.00 | 1.00 |       163.0 |   163.0 |   163.0 
       ijk-il-jlk |    72 | 3744 |   52 | 1.00 | 1.00 |       184.0 |   184.0 |   184.0 
       ijk-ilk-jl |  3744 |   72 |   52 | 1.00 | 1.00 |       175.0 |   175.0 |   175.0 
       ijk-ilk-lj |  3744 |   52 |   72 | 1.00 | 1.00 |       164.8 |   164.8 |   164.8 
     ijk-ilmk-mjl |   480 |   20 |  480 | 1.00 | 1.00 |        63.8 |    63.8 |    63.8 
   ijkl-imjn-lnkm |   480 |  480 |  400 | 1.00 | 0.80 |       320.6 |   320.6 |   320.6 
   ijkl-imjn-nlmk |   480 |  400 |  480 | 1.00 | 0.80 |       331.3 |   331.3 |   331.3 
   ijkl-imkn-jnlm |   480 |  480 |  400 | 1.00 | 1.00 |       360.3 |   360.3 |   360.3 
   ijkl-imkn-njml |   480 |  400 |  480 | 1.00 | 0.80 |       348.9 |   348.9 |   348.9 
   ijkl-imln-jnkm |   480 |  480 |  400 | 1.00 | 1.00 |       364.1 |   364.1 |   364.1 
   ijkl-imln-njmk |   480 |  400 |  480 | 1.00 | 0.80 |       354.7 |   354.7 |   354.7 
   ijkl-imnj-nlkm |   480 |  400 |  480 | 1.00 | 0.80 |       331.7 |   331.7 |   331.7 
   ijkl-imnk-njml |   480 |  400 |  480 | 1.00 | 0.80 |       351.4 |   351.4 |   351.4 
   ijkl-minj-nlmk |   480 |  400 |  576 | 1.00 | 0.80 |       319.1 |   319.1 |   319.1 
   ijkl-mink-jnlm |   480 |  480 |  480 | 1.00 | 1.00 |       365.9 |   365.9 |   365.9 
   ijkl-minl-njmk |   480 |  400 |  576 | 1.00 | 0.80 |       348.7 |   348.7 |   348.7 
     aqrs-pa-pqrs |    24 | 8000 |   24 | 1.00 | 1.00 |        68.1 |    68.1 |    68.1 
     abrs-qb-aqrs |    20 | 9600 |   24 | 1.00 | 1.00 |        64.4 |    64.4 |    64.4 
     abcs-rc-abrs |    20 | 9600 |   24 | 1.00 | 1.00 |        65.4 |    65.4 |    65.4 
       abj-bka-kj |  5184 |   52 |   72 | 1.00 | 1.00 |       174.2 |   174.2 |   174.2 
       ajb-kba-jk |  3744 |   72 |   72 | 1.00 | 1.00 |       202.7 |   202.7 |   202.7 
     abjc-cbka-kj | 11520 |   20 |   24 | 1.00 | 1.00 |        54.7 |    54.7 |    54.7 
     ajbc-ckba-jk | 11520 |   24 |   20 | 1.00 | 1.00 |        52.5 |    52.5 |    52.5 
     abjc-kbac-jk |  9600 |   24 |   24 | 1.00 | 1.00 |        73.5 |    73.5 |    73.5 
   abjcd-dkbac-jk | 82944 |   24 |   12 | 1.00 | 1.00 |        49.7 |    49.7 |    49.7 
   adbjc-cbdka-kj | 82944 |   12 |   24 | 1.00 | 1.00 |        46.3 |    46.3 |    46.3 
   ajbdc-ckbad-jk | 82944 |   24 |   12 | 1.00 | 1.00 |        50.4 |    50.4 |    50.4 
 abcijk-ijma-mkbc |  4608 |  512 |   24 | 1.00 | 1.00 |       296.2 |   296.2 |   296.2 
 abcijk-ijmb-mkac |  1536 | 1536 |   24 | 1.00 | 1.00 |       289.6 |   289.6 |   289.6 
 abcijk-ijmc-mkab |  1536 | 1536 |   24 | 1.00 | 1.00 |       283.6 |   283.6 |   283.6 
 abcijk-ikma-mjbc |  4608 |  512 |   24 | 1.00 | 1.00 |       297.8 |   297.8 |   297.8 
 abcijk-ikmb-mjac |  1536 | 1536 |   24 | 1.00 | 1.00 |       302.1 |   302.1 |   302.1 
 abcijk-ikmc-mjab |  1536 | 1536 |   24 | 1.00 | 1.00 |       293.7 |   293.7 |   293.7 
 abcijk-jkma-mibc |  4608 |  512 |   24 | 1.00 | 1.00 |       300.1 |   300.1 |   300.1 
 abcijk-jkmb-miac |  1536 | 1536 |   24 | 1.00 | 1.00 |       301.8 |   301.8 |   301.8 
 abcijk-jkmc-miab |  1536 | 1536 |   24 | 1.00 | 1.00 |       295.0 |   295.0 |   295.0 
 abcijk-eiab-jkec |  1536 | 1536 |   24 | 1.00 | 1.00 |       295.0 |   295.0 |   295.0 
 abcijk-eiac-jkeb |  1536 | 1536 |   24 | 1.00 | 1.00 |       303.4 |   303.4 |   303.4 
 abcijk-eibc-jkea |   512 | 4608 |   24 | 1.00 | 1.00 |       293.3 |   293.3 |   293.3 
 abcijk-ejab-ikec |  1536 | 1536 |   24 | 1.00 | 1.00 |       297.8 |   297.8 |   297.8 
 abcijk-ejac-ikeb |  1536 | 1536 |   24 | 1.00 | 1.00 |       307.2 |   307.2 |   307.2 
 abcijk-ejbc-ikea |   512 | 4608 |   24 | 1.00 | 1.00 |       294.6 |   294.6 |   294.6 
 abcijk-ekab-ijec |  1536 | 1536 |   24 | 1.00 | 1.00 |       295.3 |   295.3 |   295.3 
 abcijk-ekac-ijeb |  1536 | 1536 |   24 | 1.00 | 1.00 |       301.6 |   301.6 |   301.6 
 abcijk-ekbc-ijea |   512 | 4608 |   24 | 1.00 | 1.00 |       300.5 |   300.5 |   300.5 
       abc-bk-akc |    72 | 3744 |   52 | 1.00 | 1.00 |       160.1 |   160.1 |   160.1 

=== c64 ===
             case |     m |    n |    k | regA | regB | planar GF/s | 1m GF/s | 3m GF/s 
------------------+-------+------+------+------+------+-------------+---------+---------
         ij-ik-kj |   384 |  364 |  384 | 1.00 | 1.00 |       534.5 |   451.3 |   358.4 
       ij-ikl-ljk |    72 |   52 | 3744 | 1.00 | 1.00 |       141.7 |   146.2 |   113.3 
       ij-kil-lkj |    72 |   52 | 5184 | 1.00 | 1.00 |       150.2 |   147.0 |   116.1 
       ijk-ikl-lj |  3744 |   52 |   72 | 1.00 | 1.00 |       375.8 |   348.8 |   271.7 
       ijk-il-jlk |    72 | 3744 |   52 | 1.00 | 1.00 |       362.1 |   322.0 |   155.9 
       ijk-ilk-jl |  3744 |   72 |   52 | 0.89 | 1.00 |       380.8 |   376.4 |   278.7 
       ijk-ilk-lj |  3744 |   52 |   72 | 0.89 | 1.00 |       370.0 |   349.3 |   267.7 
     ijk-ilmk-mjl |   480 |   20 |  480 | 0.67 | 1.00 |       170.4 |   147.8 |   143.4 
   ijkl-imjn-lnkm |   480 |  480 |  400 | 0.67 | 0.80 |       559.2 |   492.9 |   387.6 
   ijkl-imjn-nlmk |   480 |  400 |  480 | 0.67 | 0.81 |       582.5 |   512.3 |   397.5 
   ijkl-imkn-jnlm |   480 |  480 |  400 | 0.67 | 1.00 |       592.9 |   520.6 |   399.8 
   ijkl-imkn-njml |   480 |  400 |  480 | 0.67 | 0.81 |       597.9 |   516.4 |   401.3 
   ijkl-imln-jnkm |   480 |  480 |  400 | 0.67 | 1.00 |       593.7 |   514.1 |   402.1 
   ijkl-imln-njmk |   480 |  400 |  480 | 0.67 | 0.81 |       603.2 |   516.8 |   402.4 
   ijkl-imnj-nlkm |   480 |  400 |  480 | 0.67 | 0.81 |       575.1 |   502.7 |   394.5 
   ijkl-imnk-njml |   480 |  400 |  480 | 0.67 | 0.81 |       597.0 |   516.3 |   402.6 
   ijkl-minj-nlmk |   480 |  400 |  576 | 0.67 | 0.81 |       556.7 |   496.0 |   387.3 
   ijkl-mink-jnlm |   480 |  480 |  480 | 0.67 | 1.00 |       612.8 |   525.7 |   409.5 
   ijkl-minl-njmk |   480 |  400 |  576 | 0.67 | 0.81 |       581.0 |   509.0 |   398.1 
     aqrs-pa-pqrs |    24 | 8000 |   24 | 1.00 | 1.00 |       121.1 |   124.9 |   150.4 
     abrs-qb-aqrs |    20 | 9600 |   24 | 1.00 | 1.00 |       179.6 |   164.2 |   143.4 
     abcs-rc-abrs |    20 | 9600 |   24 | 1.00 | 1.00 |       175.6 |   161.7 |   145.4 
       abj-bka-kj |  5184 |   52 |   72 | 0.89 | 1.00 |       372.7 |   326.3 |   265.5 
       ajb-kba-jk |  3744 |   72 |   72 | 0.89 | 1.00 |       423.0 |   394.1 |   303.7 
     abjc-cbka-kj | 11520 |   20 |   24 | 0.67 | 1.00 |       148.7 |   137.3 |   133.0 
     ajbc-ckba-jk | 11520 |   24 |   20 | 1.00 | 1.00 |       154.5 |   118.7 |   115.0 
     abjc-kbac-jk |  9600 |   24 |   24 | 0.67 | 1.00 |       199.9 |   186.9 |   150.2 
   abjcd-dkbac-jk | 82944 |   24 |   12 | 0.67 | 1.00 |       155.3 |   131.7 |   121.9 
   adbjc-cbdka-kj | 82944 |   12 |   24 | 0.67 | 1.00 |       122.5 |    97.5 |    90.0 
   ajbdc-ckbad-jk | 82944 |   24 |   12 | 1.00 | 1.00 |       159.4 |   126.2 |   122.1 
 abcijk-ijma-mkbc |  4608 |  512 |   24 | 1.00 | 0.97 |       477.0 |   476.5 |   345.5 
 abcijk-ijmb-mkac |  1536 | 1536 |   24 | 1.00 | 0.75 |       466.4 |   470.2 |   339.6 
 abcijk-ijmc-mkab |  1536 | 1536 |   24 | 1.00 | 0.50 |       465.5 |   467.4 |   339.2 
 abcijk-ikma-mjbc |  4608 |  512 |   24 | 1.00 | 0.97 |       474.3 |   477.2 |   347.7 
 abcijk-ikmb-mjac |  1536 | 1536 |   24 | 1.00 | 0.75 |       472.2 |   471.0 |   340.8 
 abcijk-ikmc-mjab |  1536 | 1536 |   24 | 1.00 | 0.50 |       470.0 |   461.5 |   336.6 
 abcijk-jkma-mibc |  4608 |  512 |   24 | 1.00 | 0.97 |       472.2 |   479.0 |   344.5 
 abcijk-jkmb-miac |  1536 | 1536 |   24 | 1.00 | 0.75 |       470.9 |   474.7 |   341.0 
 abcijk-jkmc-miab |  1536 | 1536 |   24 | 1.00 | 0.50 |       479.0 |   468.7 |   340.8 
 abcijk-eiab-jkec |  1536 | 1536 |   24 | 1.00 | 0.50 |       476.2 |   472.9 |   338.3 
 abcijk-eiac-jkeb |  1536 | 1536 |   24 | 1.00 | 0.75 |       468.3 |   477.7 |   344.1 
 abcijk-eibc-jkea |   512 | 4608 |   24 | 1.00 | 0.97 |       472.2 |   476.8 |   345.5 
 abcijk-ejab-ikec |  1536 | 1536 |   24 | 1.00 | 0.50 |       473.4 |   466.1 |   337.4 
 abcijk-ejac-ikeb |  1536 | 1536 |   24 | 1.00 | 0.75 |       464.9 |   473.8 |   340.3 
 abcijk-ejbc-ikea |   512 | 4608 |   24 | 1.00 | 0.97 |       471.4 |   476.9 |   345.5 
 abcijk-ekab-ijec |  1536 | 1536 |   24 | 1.00 | 0.50 |       472.7 |   467.1 |   338.8 
 abcijk-ekac-ijeb |  1536 | 1536 |   24 | 1.00 | 0.75 |       473.8 |   472.3 |   338.4 
 abcijk-ekbc-ijea |   512 | 4608 |   24 | 1.00 | 0.97 |       476.9 |   475.0 |   343.5 
       abc-bk-akc |    72 | 3744 |   52 | 0.89 | 1.00 |       366.0 |   357.7 |   278.5 

=== complex efficiency ratio (c64 GF/s over f64 GF/s; 1.0 = no penalty) ===
             case | planar c64/f64 | 1m c64/f64 | 3m c64/f64 
------------------+----------------+------------+------------
         ij-ik-kj |          1.862 |      1.572 |      1.248 
       ij-ikl-ljk |          1.953 |      2.014 |      1.561 
       ij-kil-lkj |          1.971 |      1.928 |      1.524 
       ijk-ikl-lj |          2.306 |      2.140 |      1.667 
       ijk-il-jlk |          1.968 |      1.750 |      0.848 
       ijk-ilk-jl |          2.176 |      2.151 |      1.592 
       ijk-ilk-lj |          2.246 |      2.120 |      1.625 
     ijk-ilmk-mjl |          2.672 |      2.318 |      2.249 
   ijkl-imjn-lnkm |          1.745 |      1.538 |      1.209 
   ijkl-imjn-nlmk |          1.758 |      1.547 |      1.200 
   ijkl-imkn-jnlm |          1.646 |      1.445 |      1.110 
   ijkl-imkn-njml |          1.713 |      1.480 |      1.150 
   ijkl-imln-jnkm |          1.631 |      1.412 |      1.104 
   ijkl-imln-njmk |          1.700 |      1.457 |      1.134 
   ijkl-imnj-nlkm |          1.734 |      1.515 |      1.189 
   ijkl-imnk-njml |          1.699 |      1.469 |      1.146 
   ijkl-minj-nlmk |          1.745 |      1.554 |      1.214 
   ijkl-mink-jnlm |          1.675 |      1.437 |      1.119 
   ijkl-minl-njmk |          1.666 |      1.460 |      1.142 
     aqrs-pa-pqrs |          1.779 |      1.834 |      2.210 
     abrs-qb-aqrs |          2.787 |      2.549 |      2.226 
     abcs-rc-abrs |          2.687 |      2.474 |      2.224 
       abj-bka-kj |          2.139 |      1.873 |      1.524 
       ajb-kba-jk |          2.086 |      1.944 |      1.498 
     abjc-cbka-kj |          2.717 |      2.509 |      2.430 
     ajbc-ckba-jk |          2.942 |      2.260 |      2.190 
     abjc-kbac-jk |          2.720 |      2.543 |      2.044 
   abjcd-dkbac-jk |          3.127 |      2.651 |      2.455 
   adbjc-cbdka-kj |          2.647 |      2.107 |      1.944 
   ajbdc-ckbad-jk |          3.162 |      2.503 |      2.422 
 abcijk-ijma-mkbc |          1.610 |      1.609 |      1.167 
 abcijk-ijmb-mkac |          1.611 |      1.624 |      1.173 
 abcijk-ijmc-mkab |          1.641 |      1.648 |      1.196 
 abcijk-ikma-mjbc |          1.593 |      1.603 |      1.168 
 abcijk-ikmb-mjac |          1.563 |      1.559 |      1.128 
 abcijk-ikmc-mjab |          1.600 |      1.571 |      1.146 
 abcijk-jkma-mibc |          1.574 |      1.596 |      1.148 
 abcijk-jkmb-miac |          1.560 |      1.573 |      1.130 
 abcijk-jkmc-miab |          1.623 |      1.589 |      1.155 
 abcijk-eiab-jkec |          1.614 |      1.603 |      1.147 
 abcijk-eiac-jkeb |          1.544 |      1.574 |      1.134 
 abcijk-eibc-jkea |          1.610 |      1.626 |      1.178 
 abcijk-ejab-ikec |          1.589 |      1.565 |      1.133 
 abcijk-ejac-ikeb |          1.513 |      1.542 |      1.108 
 abcijk-ejbc-ikea |          1.600 |      1.619 |      1.172 
 abcijk-ekab-ijec |          1.601 |      1.582 |      1.147 
 abcijk-ekac-ijeb |          1.571 |      1.566 |      1.122 
 abcijk-ekbc-ijea |          1.587 |      1.581 |      1.143 
       abc-bk-akc |          2.286 |      2.233 |      1.739 
             MEAN |          1.950 |      1.804 |      1.441 

wrote bench-results/worker6194-icelake/phase4g/sm-s1-t8-f64c64.csv
