host        : worker6194
target      : x86_64 / linux
cpu features: avx2 fma avx512f avx512dq 
caches      : L1=48KiB/12-way/1sh L2=1280KiB/20-way/1sh L3=49152KiB/12-way/32sh (via sysfs), blocking=legacy
l3 domains  : t1=1 t4=1
baselines   : tblis=false blas=false

sweeping 49 cases at 64 MiB nominal tensor size, 3 reps, stress=none


=== f32 ===
             case |      m |      n |     k | regA | regB | planar GF/s | 1m GF/s | 3m GF/s 
------------------+--------+--------+-------+------+------+-------------+---------+---------
         ij-ik-kj |   2904 |   2896 |  2904 | 1.00 | 1.00 |       329.8 |   329.8 |   329.8 
       ij-ikl-ljk |    216 |    204 | 44064 | 1.00 | 1.00 |       109.0 |   109.0 |   109.0 
       ij-kil-lkj |    216 |    204 | 46656 | 1.00 | 1.00 |       105.6 |   105.6 |   105.6 
       ijk-ikl-lj |  44064 |    204 |   216 | 1.00 | 1.00 |       278.4 |   278.4 |   278.4 
       ijk-il-jlk |    216 |  44064 |   204 | 1.00 | 1.00 |       189.5 |   189.5 |   189.5 
       ijk-ilk-jl |  44064 |    216 |   204 | 0.89 | 1.00 |       297.4 |   297.4 |   297.4 
       ijk-ilk-lj |  44064 |    204 |   216 | 0.89 | 1.00 |       290.9 |   290.9 |   290.9 
     ijk-ilmk-mjl |   3744 |     52 |  3744 | 0.67 | 1.00 |       192.1 |   192.1 |   192.1 
   ijkl-imjn-lnkm |   3744 |   3744 |  2704 | 0.67 | 0.92 |       324.0 |   324.0 |   324.0 
   ijkl-imjn-nlmk |   3744 |   2704 |  3744 | 0.67 | 0.92 |       329.2 |   329.2 |   329.2 
   ijkl-imkn-jnlm |   3744 |   3744 |  2704 | 0.67 | 1.00 |       334.2 |   334.2 |   334.2 
   ijkl-imkn-njml |   3744 |   2704 |  3744 | 0.67 | 0.92 |       326.4 |   326.4 |   326.4 
   ijkl-imln-jnkm |   3744 |   3744 |  2704 | 0.67 | 1.00 |       335.4 |   335.4 |   335.4 
   ijkl-imln-njmk |   3744 |   2704 |  3744 | 0.67 | 0.92 |       329.0 |   329.0 |   329.0 
   ijkl-imnj-nlkm |   3744 |   2704 |  3744 | 0.67 | 0.92 |       328.8 |   328.8 |   328.8 
   ijkl-imnk-njml |   3744 |   2704 |  3744 | 0.67 | 0.92 |       328.4 |   328.4 |   328.4 
   ijkl-minj-nlmk |   3744 |   2704 |  5184 | 0.67 | 0.92 |       320.3 |   320.3 |   320.3 
   ijkl-mink-jnlm |   3744 |   3744 |  3744 | 0.67 | 1.00 |       333.7 |   333.7 |   333.7 
   ijkl-minl-njmk |   3744 |   2704 |  5184 | 0.67 | 0.92 |       322.3 |   322.3 |   322.3 
     aqrs-pa-pqrs |     72 | 140608 |    72 | 1.00 | 1.00 |       110.6 |   110.6 |   110.6 
     abrs-qb-aqrs |     52 | 194688 |    72 | 0.67 | 1.00 |       162.0 |   162.0 |   162.0 
     abcs-rc-abrs |     52 | 194688 |    72 | 1.00 | 1.00 |       159.8 |   159.8 |   159.8 
       abj-bka-kj |  46656 |    204 |   216 | 0.89 | 1.00 |       140.9 |   140.9 |   140.9 
       ajb-kba-jk |  44064 |    216 |   216 | 0.89 | 1.00 |       280.3 |   280.3 |   280.3 
     abjc-cbka-kj | 269568 |     52 |    72 | 0.67 | 1.00 |        40.7 |    40.7 |    40.7 
     ajbc-ckba-jk | 269568 |     72 |    52 | 0.67 | 1.00 |        54.6 |    54.6 |    54.6 
     abjc-kbac-jk | 194688 |     72 |    72 | 0.67 | 1.00 |       139.3 |   139.3 |   139.3 
   abjcd-dkbac-jk | 331776 |     24 |    24 | 0.00 | 1.00 |        26.9 |    26.9 |    26.9 
   adbjc-cbdka-kj | 331776 |     24 |    24 | 0.00 | 1.00 |        21.8 |    21.8 |    21.8 
   ajbdc-ckbad-jk | 331776 |     24 |    24 | 0.00 | 1.00 |        23.4 |    23.4 |    23.4 
 abcijk-ijma-mkbc |   9216 |   4096 |    24 | 0.00 | 1.00 |       127.7 |   127.7 |   127.7 
 abcijk-ijmb-mkac |   6144 |   6144 |    24 | 0.00 | 1.00 |        96.3 |    96.3 |    96.3 
 abcijk-ijmc-mkab |   6144 |   6144 |    24 | 1.00 | 1.00 |       143.3 |   143.3 |   143.3 
 abcijk-ikma-mjbc |   9216 |   4096 |    24 | 0.00 | 1.00 |       128.1 |   128.1 |   128.1 
 abcijk-ikmb-mjac |   6144 |   6144 |    24 | 0.00 | 1.00 |        96.1 |    96.1 |    96.1 
 abcijk-ikmc-mjab |   6144 |   6144 |    24 | 1.00 | 1.00 |       146.9 |   146.9 |   146.9 
 abcijk-jkma-mibc |   9216 |   4096 |    24 | 0.00 | 1.00 |       119.0 |   119.0 |   119.0 
 abcijk-jkmb-miac |   6144 |   6144 |    24 | 0.00 | 1.00 |        64.1 |    64.1 |    64.1 
 abcijk-jkmc-miab |   6144 |   6144 |    24 | 1.00 | 1.00 |       146.9 |   146.9 |   146.9 
 abcijk-eiab-jkec |   6144 |   6144 |    24 | 1.00 | 1.00 |       147.8 |   147.8 |   147.8 
 abcijk-eiac-jkeb |   6144 |   6144 |    24 | 0.00 | 1.00 |        64.1 |    64.1 |    64.1 
 abcijk-eibc-jkea |   4096 |   9216 |    24 | 0.00 | 1.00 |       118.3 |   118.3 |   118.3 
 abcijk-ejab-ikec |   6144 |   6144 |    24 | 1.00 | 1.00 |       145.9 |   145.9 |   145.9 
 abcijk-ejac-ikeb |   6144 |   6144 |    24 | 0.00 | 1.00 |        96.4 |    96.4 |    96.4 
 abcijk-ejbc-ikea |   4096 |   9216 |    24 | 0.00 | 1.00 |       128.3 |   128.3 |   128.3 
 abcijk-ekab-ijec |   6144 |   6144 |    24 | 1.00 | 1.00 |       143.5 |   143.5 |   143.5 
 abcijk-ekac-ijeb |   6144 |   6144 |    24 | 0.00 | 1.00 |        96.3 |    96.3 |    96.3 
 abcijk-ekbc-ijea |   4096 |   9216 |    24 | 0.00 | 1.00 |       128.0 |   128.0 |   128.0 
       abc-bk-akc |    216 |  44064 |   204 | 0.89 | 1.00 |       295.3 |   295.3 |   295.3 

=== c32 ===
             case |      m |      n |     k | regA | regB | planar GF/s | 1m GF/s | 3m GF/s 
------------------+--------+--------+-------+------+------+-------------+---------+---------
         ij-ik-kj |   2904 |   2896 |  2904 | 1.00 | 1.00 |       352.5 |   341.8 |   236.0 
       ij-ikl-ljk |    216 |    204 | 44064 | 1.00 | 1.00 |       194.0 |   179.7 |   159.7 
       ij-kil-lkj |    216 |    204 | 46656 | 1.00 | 1.00 |       190.8 |   179.6 |   160.1 
       ijk-ikl-lj |  44064 |    204 |   216 | 1.00 | 1.00 |       338.8 |   315.5 |   216.4 
       ijk-il-jlk |    216 |  44064 |   204 | 1.00 | 1.00 |       280.7 |   263.7 |   209.1 
       ijk-ilk-jl |  44064 |    216 |   204 | 0.89 | 1.00 |       348.0 |   332.7 |   226.4 
       ijk-ilk-lj |  44064 |    204 |   216 | 0.89 | 1.00 |       345.4 |   330.9 |   222.8 
     ijk-ilmk-mjl |   3744 |     52 |  3744 | 0.67 | 1.00 |       232.3 |   220.7 |   149.8 
   ijkl-imjn-lnkm |   3744 |   3744 |  2704 | 0.67 | 0.92 |       341.9 |   333.8 |   233.0 
   ijkl-imjn-nlmk |   3744 |   2704 |  3744 | 0.67 | 0.92 |       349.6 |   341.3 |   238.3 
   ijkl-imkn-jnlm |   3744 |   3744 |  2704 | 0.67 | 1.00 |       350.3 |   345.8 |   237.9 
   ijkl-imkn-njml |   3744 |   2704 |  3744 | 0.67 | 0.92 |       351.3 |   346.5 |   239.4 
   ijkl-imln-jnkm |   3744 |   3744 |  2704 | 0.67 | 1.00 |       350.8 |   346.1 |   238.7 
   ijkl-imln-njmk |   3744 |   2704 |  3744 | 0.67 | 0.92 |       351.5 |   346.5 |   239.1 
   ijkl-imnj-nlkm |   3744 |   2704 |  3744 | 0.67 | 0.92 |       348.2 |   339.5 |   238.4 
   ijkl-imnk-njml |   3744 |   2704 |  3744 | 0.67 | 0.92 |       351.3 |   346.9 |   239.4 
   ijkl-minj-nlmk |   3744 |   2704 |  5184 | 0.67 | 0.92 |       345.9 |   337.4 |   236.9 
   ijkl-mink-jnlm |   3744 |   3744 |  3744 | 0.67 | 1.00 |       354.8 |   349.7 |   241.4 
   ijkl-minl-njmk |   3744 |   2704 |  5184 | 0.67 | 0.92 |       348.7 |   342.8 |   238.2 
     aqrs-pa-pqrs |     72 | 140608 |    72 | 1.00 | 1.00 |       119.3 |   116.2 |   105.7 
     abrs-qb-aqrs |     52 | 194688 |    72 | 0.67 | 1.00 |       225.7 |   209.0 |   147.5 
     abcs-rc-abrs |     52 | 194688 |    72 | 1.00 | 1.00 |       269.9 |   169.2 |   144.4 
       abj-bka-kj |  46656 |    204 |   216 | 0.89 | 1.00 |       258.9 |   249.1 |   189.4 
       ajb-kba-jk |  44064 |    216 |   216 | 0.89 | 1.00 |       346.2 |   333.7 |   234.8 
     abjc-cbka-kj | 269568 |     52 |    72 | 0.67 | 1.00 |        96.7 |    67.5 |    68.8 
     ajbc-ckba-jk | 269568 |     72 |    52 | 0.67 | 1.00 |       126.9 |   107.2 |   100.2 
     abjc-kbac-jk | 194688 |     72 |    72 | 0.67 | 1.00 |       230.5 |   188.6 |   153.5 
   abjcd-dkbac-jk | 331776 |     24 |    24 | 0.00 | 1.00 |        48.9 |    40.7 |    40.7 
   adbjc-cbdka-kj | 331776 |     24 |    24 | 0.00 | 1.00 |        43.4 |    35.4 |    37.0 
   ajbdc-ckbad-jk | 331776 |     24 |    24 | 0.00 | 1.00 |        46.4 |    41.4 |    40.1 
 abcijk-ijma-mkbc |   9216 |   4096 |    24 | 0.00 | 0.99 |       204.7 |   245.4 |   168.6 
 abcijk-ijmb-mkac |   6144 |   6144 |    24 | 0.00 | 1.00 |       158.8 |   215.3 |   160.1 
 abcijk-ijmc-mkab |   6144 |   6144 |    24 | 1.00 | 0.75 |       237.8 |   202.9 |   167.2 
 abcijk-ikma-mjbc |   9216 |   4096 |    24 | 0.00 | 0.99 |       204.3 |   244.9 |   168.8 
 abcijk-ikmb-mjac |   6144 |   6144 |    24 | 0.00 | 1.00 |       156.5 |   215.8 |   160.3 
 abcijk-ikmc-mjab |   6144 |   6144 |    24 | 1.00 | 0.75 |       237.3 |   203.2 |   167.2 
 abcijk-jkma-mibc |   9216 |   4096 |    24 | 0.00 | 0.99 |       197.8 |   245.1 |   168.2 
 abcijk-jkmb-miac |   6144 |   6144 |    24 | 0.00 | 1.00 |       146.5 |   218.4 |   158.0 
 abcijk-jkmc-miab |   6144 |   6144 |    24 | 1.00 | 0.75 |       234.3 |   200.4 |   164.7 
 abcijk-eiab-jkec |   6144 |   6144 |    24 | 1.00 | 0.75 |       232.8 |   199.9 |   164.0 
 abcijk-eiac-jkeb |   6144 |   6144 |    24 | 0.00 | 1.00 |       147.4 |   214.6 |   158.0 
 abcijk-eibc-jkea |   4096 |   9216 |    24 | 0.00 | 0.99 |       196.9 |   245.0 |   168.3 
 abcijk-ejab-ikec |   6144 |   6144 |    24 | 1.00 | 0.75 |       234.4 |   203.6 |   166.8 
 abcijk-ejac-ikeb |   6144 |   6144 |    24 | 0.00 | 1.00 |       158.5 |   215.5 |   160.0 
 abcijk-ejbc-ikea |   4096 |   9216 |    24 | 0.00 | 0.99 |       204.8 |   245.2 |   168.7 
 abcijk-ekab-ijec |   6144 |   6144 |    24 | 1.00 | 0.75 |       237.6 |   203.4 |   166.9 
 abcijk-ekac-ijeb |   6144 |   6144 |    24 | 0.00 | 1.00 |       158.6 |   215.3 |   160.3 
 abcijk-ekbc-ijea |   4096 |   9216 |    24 | 0.00 | 0.99 |       201.4 |   244.4 |   168.7 
       abc-bk-akc |    216 |  44064 |   204 | 0.89 | 1.00 |       347.5 |   332.5 |   226.0 

=== complex efficiency ratio (c32 GF/s over f32 GF/s; 1.0 = no penalty) ===
             case | planar c32/f32 | 1m c32/f32 | 3m c32/f32 
------------------+----------------+------------+------------
         ij-ik-kj |          1.069 |      1.036 |      0.716 
       ij-ikl-ljk |          1.779 |      1.649 |      1.465 
       ij-kil-lkj |          1.806 |      1.701 |      1.516 
       ijk-ikl-lj |          1.217 |      1.133 |      0.777 
       ijk-il-jlk |          1.482 |      1.392 |      1.103 
       ijk-ilk-jl |          1.170 |      1.119 |      0.761 
       ijk-ilk-lj |          1.187 |      1.137 |      0.766 
     ijk-ilmk-mjl |          1.209 |      1.149 |      0.780 
   ijkl-imjn-lnkm |          1.055 |      1.030 |      0.719 
   ijkl-imjn-nlmk |          1.062 |      1.037 |      0.724 
   ijkl-imkn-jnlm |          1.048 |      1.035 |      0.712 
   ijkl-imkn-njml |          1.076 |      1.062 |      0.733 
   ijkl-imln-jnkm |          1.046 |      1.032 |      0.712 
   ijkl-imln-njmk |          1.069 |      1.053 |      0.727 
   ijkl-imnj-nlkm |          1.059 |      1.032 |      0.725 
   ijkl-imnk-njml |          1.070 |      1.056 |      0.729 
   ijkl-minj-nlmk |          1.080 |      1.053 |      0.740 
   ijkl-mink-jnlm |          1.063 |      1.048 |      0.724 
   ijkl-minl-njmk |          1.082 |      1.064 |      0.739 
     aqrs-pa-pqrs |          1.079 |      1.051 |      0.956 
     abrs-qb-aqrs |          1.393 |      1.290 |      0.911 
     abcs-rc-abrs |          1.689 |      1.059 |      0.904 
       abj-bka-kj |          1.837 |      1.768 |      1.344 
       ajb-kba-jk |          1.235 |      1.191 |      0.838 
     abjc-cbka-kj |          2.378 |      1.660 |      1.692 
     ajbc-ckba-jk |          2.325 |      1.965 |      1.836 
     abjc-kbac-jk |          1.655 |      1.354 |      1.102 
   abjcd-dkbac-jk |          1.816 |      1.511 |      1.509 
   adbjc-cbdka-kj |          1.988 |      1.623 |      1.696 
   ajbdc-ckbad-jk |          1.984 |      1.769 |      1.714 
 abcijk-ijma-mkbc |          1.603 |      1.922 |      1.321 
 abcijk-ijmb-mkac |          1.649 |      2.236 |      1.663 
 abcijk-ijmc-mkab |          1.659 |      1.415 |      1.167 
 abcijk-ikma-mjbc |          1.594 |      1.912 |      1.318 
 abcijk-ikmb-mjac |          1.628 |      2.245 |      1.668 
 abcijk-ikmc-mjab |          1.615 |      1.383 |      1.138 
 abcijk-jkma-mibc |          1.663 |      2.061 |      1.414 
 abcijk-jkmb-miac |          2.286 |      3.407 |      2.465 
 abcijk-jkmc-miab |          1.595 |      1.364 |      1.121 
 abcijk-eiab-jkec |          1.575 |      1.353 |      1.109 
 abcijk-eiac-jkeb |          2.301 |      3.349 |      2.465 
 abcijk-eibc-jkea |          1.664 |      2.070 |      1.423 
 abcijk-ejab-ikec |          1.607 |      1.396 |      1.144 
 abcijk-ejac-ikeb |          1.645 |      2.236 |      1.661 
 abcijk-ejbc-ikea |          1.596 |      1.911 |      1.315 
 abcijk-ekab-ijec |          1.656 |      1.418 |      1.163 
 abcijk-ekac-ijeb |          1.646 |      2.235 |      1.664 
 abcijk-ekbc-ijea |          1.573 |      1.909 |      1.317 
       abc-bk-akc |          1.177 |      1.126 |      0.765 
             MEAN |          1.505 |      1.531 |      1.177 

wrote bench-results/worker6194-icelake/phase4g/sm-s64-t2-f32c32.csv
