host        : worker6194
target      : x86_64 / linux
cpu features: avx2 fma avx512f avx512dq 
caches      : L1=48KiB/12-way/1sh L2=1280KiB/20-way/1sh L3=49152KiB/12-way/32sh (via sysfs), blocking=legacy
l3 domains  : t1=1 t4=1 t8=1 t16=1 t32=1
baselines   : tblis=false blas=false

sweeping 49 cases at 16 MiB nominal tensor size, 3 reps, stress=none


=== f32 ===
             case |      m |     n |     k | regA | regB | planar GF/s | 1m GF/s | 3m GF/s 
------------------+--------+-------+-------+------+------+-------------+---------+---------
         ij-ik-kj |   1464 |  1448 |  1464 | 1.00 | 1.00 |      1720.8 |  1720.8 |  1720.8 
       ij-ikl-ljk |    144 |   128 | 18432 | 1.00 | 1.00 |       452.2 |   452.2 |   452.2 
       ij-kil-lkj |    144 |   128 | 20736 | 1.00 | 1.00 |       447.9 |   447.9 |   447.9 
       ijk-ikl-lj |  18432 |   128 |   144 | 1.00 | 1.00 |      1199.0 |  1199.0 |  1199.0 
       ijk-il-jlk |    144 | 18432 |   128 | 1.00 | 1.00 |       817.4 |   817.4 |   817.4 
       ijk-ilk-jl |  18432 |   144 |   128 | 1.00 | 1.00 |      1167.4 |  1167.4 |  1167.4 
       ijk-ilk-lj |  18432 |   128 |   144 | 1.00 | 1.00 |      1273.2 |  1273.2 |  1273.2 
     ijk-ilmk-mjl |   1920 |    40 |  1920 | 1.00 | 1.00 |       547.0 |   547.0 |   547.0 
   ijkl-imjn-lnkm |   1920 |  1920 |  1600 | 1.00 | 1.00 |      1782.5 |  1782.5 |  1782.5 
   ijkl-imjn-nlmk |   1920 |  1600 |  1920 | 1.00 | 1.00 |      1826.2 |  1826.2 |  1826.2 
   ijkl-imkn-jnlm |   1920 |  1920 |  1600 | 1.00 | 1.00 |      2074.8 |  2074.8 |  2074.8 
   ijkl-imkn-njml |   1920 |  1600 |  1920 | 1.00 | 1.00 |      2093.8 |  2093.8 |  2093.8 
   ijkl-imln-jnkm |   1920 |  1920 |  1600 | 1.00 | 1.00 |      2039.7 |  2039.7 |  2039.7 
   ijkl-imln-njmk |   1920 |  1600 |  1920 | 1.00 | 1.00 |      2120.1 |  2120.1 |  2120.1 
   ijkl-imnj-nlkm |   1920 |  1600 |  1920 | 1.00 | 1.00 |      1820.9 |  1820.9 |  1820.9 
   ijkl-imnk-njml |   1920 |  1600 |  1920 | 1.00 | 1.00 |      2100.5 |  2100.5 |  2100.5 
   ijkl-minj-nlmk |   1920 |  1600 |  2304 | 1.00 | 1.00 |      1801.5 |  1801.5 |  1801.5 
   ijkl-mink-jnlm |   1920 |  1920 |  1920 | 1.00 | 1.00 |      2005.2 |  2005.2 |  2005.2 
   ijkl-minl-njmk |   1920 |  1600 |  2304 | 1.00 | 1.00 |      1974.1 |  1974.1 |  1974.1 
     aqrs-pa-pqrs |     48 | 64000 |    48 | 1.00 | 1.00 |       573.8 |   573.8 |   573.8 
     abrs-qb-aqrs |     40 | 76800 |    48 | 1.00 | 1.00 |       574.4 |   574.4 |   574.4 
     abcs-rc-abrs |     40 | 76800 |    48 | 1.00 | 1.00 |       549.1 |   549.1 |   549.1 
       abj-bka-kj |  20736 |   128 |   144 | 1.00 | 1.00 |       733.0 |   733.0 |   733.0 
       ajb-kba-jk |  18432 |   144 |   144 | 1.00 | 1.00 |      1202.3 |  1202.3 |  1202.3 
     abjc-cbka-kj |  92160 |    40 |    48 | 1.00 | 1.00 |       281.4 |   281.4 |   281.4 
     ajbc-ckba-jk |  92160 |    48 |    40 | 1.00 | 1.00 |       214.3 |   214.3 |   214.3 
     abjc-kbac-jk |  76800 |    48 |    48 | 1.00 | 1.00 |       637.5 |   637.5 |   637.5 
   abjcd-dkbac-jk | 230400 |    24 |    20 | 0.00 | 1.00 |       119.4 |   119.4 |   119.4 
   adbjc-cbdka-kj | 230400 |    20 |    24 | 0.00 | 1.00 |       135.7 |   135.7 |   135.7 
   ajbdc-ckbad-jk | 230400 |    24 |    20 | 0.00 | 1.00 |       122.6 |   122.6 |   122.6 
 abcijk-ijma-mkbc |   6912 |  1728 |    24 | 0.00 | 1.00 |       711.4 |   711.4 |   711.4 
 abcijk-ijmb-mkac |   3456 |  3456 |    24 | 0.00 | 1.00 |       571.0 |   571.0 |   571.0 
 abcijk-ijmc-mkab |   3456 |  3456 |    24 | 1.00 | 0.67 |       723.1 |   723.1 |   723.1 
 abcijk-ikma-mjbc |   6912 |  1728 |    24 | 0.00 | 1.00 |       723.6 |   723.6 |   723.6 
 abcijk-ikmb-mjac |   3456 |  3456 |    24 | 0.00 | 1.00 |       593.2 |   593.2 |   593.2 
 abcijk-ikmc-mjab |   3456 |  3456 |    24 | 1.00 | 0.67 |       717.4 |   717.4 |   717.4 
 abcijk-jkma-mibc |   6912 |  1728 |    24 | 0.00 | 1.00 |       717.2 |   717.2 |   717.2 
 abcijk-jkmb-miac |   3456 |  3456 |    24 | 0.00 | 1.00 |       591.9 |   591.9 |   591.9 
 abcijk-jkmc-miab |   3456 |  3456 |    24 | 1.00 | 0.67 |       724.1 |   724.1 |   724.1 
 abcijk-eiab-jkec |   3456 |  3456 |    24 | 1.00 | 0.67 |       744.0 |   744.0 |   744.0 
 abcijk-eiac-jkeb |   3456 |  3456 |    24 | 0.00 | 1.00 |       558.0 |   558.0 |   558.0 
 abcijk-eibc-jkea |   1728 |  6912 |    24 | 0.00 | 1.00 |       473.9 |   473.9 |   473.9 
 abcijk-ejab-ikec |   3456 |  3456 |    24 | 1.00 | 0.67 |       692.8 |   692.8 |   692.8 
 abcijk-ejac-ikeb |   3456 |  3456 |    24 | 0.00 | 1.00 |       562.5 |   562.5 |   562.5 
 abcijk-ejbc-ikea |   1728 |  6912 |    24 | 0.00 | 1.00 |       742.6 |   742.6 |   742.6 
 abcijk-ekab-ijec |   3456 |  3456 |    24 | 1.00 | 0.67 |       767.9 |   767.9 |   767.9 
 abcijk-ekac-ijeb |   3456 |  3456 |    24 | 0.00 | 1.00 |       566.3 |   566.3 |   566.3 
 abcijk-ekbc-ijea |   1728 |  6912 |    24 | 0.00 | 1.00 |       694.5 |   694.5 |   694.5 
       abc-bk-akc |    144 | 18432 |   128 | 1.00 | 1.00 |      1312.2 |  1312.2 |  1312.2 

=== c32 ===
             case |      m |     n |     k | regA | regB | planar GF/s | 1m GF/s | 3m GF/s 
------------------+--------+-------+-------+------+------+-------------+---------+---------
         ij-ik-kj |   1464 |  1448 |  1464 | 1.00 | 1.00 |      2267.3 |  2183.2 |  1590.0 
       ij-ikl-ljk |    144 |   128 | 18432 | 1.00 | 1.00 |       842.0 |   762.5 |   586.4 
       ij-kil-lkj |    144 |   128 | 20736 | 1.00 | 1.00 |       919.6 |   841.0 |   652.4 
       ijk-ikl-lj |  18432 |   128 |   144 | 1.00 | 1.00 |      2187.9 |  1976.6 |  1447.9 
       ijk-il-jlk |    144 | 18432 |   128 | 1.00 | 1.00 |      1742.2 |  1335.0 |   991.4 
       ijk-ilk-jl |  18432 |   144 |   128 | 0.89 | 1.00 |      1831.7 |  2121.5 |  1526.2 
       ijk-ilk-lj |  18432 |   128 |   144 | 0.89 | 1.00 |      2162.5 |  2061.5 |  1523.5 
     ijk-ilmk-mjl |   1920 |    40 |  1920 | 0.67 | 1.00 |      1198.2 |  1106.0 |   901.8 
   ijkl-imjn-lnkm |   1920 |  1920 |  1600 | 0.67 | 0.90 |      1978.9 |  2042.6 |  1438.3 
   ijkl-imjn-nlmk |   1920 |  1600 |  1920 | 0.67 | 0.90 |      2035.0 |  2099.8 |  1386.1 
   ijkl-imkn-jnlm |   1920 |  1920 |  1600 | 0.67 | 1.00 |      2244.8 |  2288.8 |  1532.2 
   ijkl-imkn-njml |   1920 |  1600 |  1920 | 0.67 | 0.90 |      2347.4 |  2293.3 |  1475.1 
   ijkl-imln-jnkm |   1920 |  1920 |  1600 | 0.67 | 1.00 |      2290.4 |  2323.2 |  1541.6 
   ijkl-imln-njmk |   1920 |  1600 |  1920 | 0.67 | 0.90 |      2408.0 |  2213.3 |  1436.7 
   ijkl-imnj-nlkm |   1920 |  1600 |  1920 | 0.67 | 0.90 |      2210.4 |  2153.2 |  1407.1 
   ijkl-imnk-njml |   1920 |  1600 |  1920 | 0.67 | 0.90 |      2379.2 |  2280.7 |  1437.8 
   ijkl-minj-nlmk |   1920 |  1600 |  2304 | 0.67 | 0.90 |      2047.7 |  1994.9 |  1403.6 
   ijkl-mink-jnlm |   1920 |  1920 |  1920 | 0.67 | 1.00 |      2408.9 |  2324.2 |  1538.1 
   ijkl-minl-njmk |   1920 |  1600 |  2304 | 0.67 | 0.90 |      2084.7 |  2242.5 |  1475.9 
     aqrs-pa-pqrs |     48 | 64000 |    48 | 1.00 | 1.00 |       730.8 |   718.2 |   748.8 
     abrs-qb-aqrs |     40 | 76800 |    48 | 0.67 | 1.00 |      1178.3 |  1113.1 |   903.6 
     abcs-rc-abrs |     40 | 76800 |    48 | 1.00 | 1.00 |      1252.7 |  1194.3 |   912.0 
       abj-bka-kj |  20736 |   128 |   144 | 0.89 | 1.00 |      1543.0 |  1474.7 |  1290.1 
       ajb-kba-jk |  18432 |   144 |   144 | 0.89 | 1.00 |      2034.8 |  1970.1 |  1532.4 
     abjc-cbka-kj |  92160 |    40 |    48 | 0.67 | 1.00 |       715.8 |   658.1 |   650.7 
     ajbc-ckba-jk |  92160 |    48 |    40 | 0.67 | 1.00 |       729.3 |   604.4 |   595.5 
     abjc-kbac-jk |  76800 |    48 |    48 | 0.67 | 1.00 |      1230.4 |  1046.1 |   907.3 
   abjcd-dkbac-jk | 230400 |    24 |    20 | 0.00 | 1.00 |       340.4 |   314.5 |   281.1 
   adbjc-cbdka-kj | 230400 |    20 |    24 | 0.00 | 1.00 |       279.9 |   265.7 |   247.4 
   ajbdc-ckbad-jk | 230400 |    24 |    20 | 0.00 | 1.00 |       317.9 |   286.0 |   267.2 
 abcijk-ijma-mkbc |   6912 |  1728 |    24 | 0.00 | 1.00 |      1182.0 |  1281.8 |  1046.5 
 abcijk-ijmb-mkac |   3456 |  3456 |    24 | 0.00 | 1.00 |      1007.8 |  1254.9 |   982.9 
 abcijk-ijmc-mkab |   3456 |  3456 |    24 | 1.00 | 1.00 |      1220.0 |  1049.5 |   942.7 
 abcijk-ikma-mjbc |   6912 |  1728 |    24 | 0.00 | 1.00 |      1181.2 |  1153.3 |  1055.8 
 abcijk-ikmb-mjac |   3456 |  3456 |    24 | 0.00 | 1.00 |       997.0 |  1202.0 |   953.0 
 abcijk-ikmc-mjab |   3456 |  3456 |    24 | 1.00 | 1.00 |      1207.0 |  1053.7 |   920.9 
 abcijk-jkma-mibc |   6912 |  1728 |    24 | 0.00 | 1.00 |      1221.9 |  1320.9 |  1082.4 
 abcijk-jkmb-miac |   3456 |  3456 |    24 | 0.00 | 1.00 |      1007.2 |  1148.6 |   926.0 
 abcijk-jkmc-miab |   3456 |  3456 |    24 | 1.00 | 1.00 |      1138.5 |   938.0 |   902.8 
 abcijk-eiab-jkec |   3456 |  3456 |    24 | 1.00 | 1.00 |      1109.2 |   953.7 |   875.6 
 abcijk-eiac-jkeb |   3456 |  3456 |    24 | 0.00 | 1.00 |       997.7 |  1153.1 |   921.9 
 abcijk-eibc-jkea |   1728 |  6912 |    24 | 0.00 | 1.00 |      1228.0 |  1329.0 |  1069.8 
 abcijk-ejab-ikec |   3456 |  3456 |    24 | 1.00 | 1.00 |      1165.8 |  1020.0 |   908.9 
 abcijk-ejac-ikeb |   3456 |  3456 |    24 | 0.00 | 1.00 |       999.8 |  1184.1 |   934.2 
 abcijk-ejbc-ikea |   1728 |  6912 |    24 | 0.00 | 1.00 |      1180.2 |  1317.8 |  1065.3 
 abcijk-ekab-ijec |   3456 |  3456 |    24 | 1.00 | 1.00 |      1211.2 |  1035.6 |   924.5 
 abcijk-ekac-ijeb |   3456 |  3456 |    24 | 0.00 | 1.00 |       988.8 |  1228.9 |   961.2 
 abcijk-ekbc-ijea |   1728 |  6912 |    24 | 0.00 | 1.00 |      1157.6 |  1272.2 |  1016.8 
       abc-bk-akc |    144 | 18432 |   128 | 0.89 | 1.00 |      2189.8 |  2098.9 |  1498.4 

=== complex efficiency ratio (c32 GF/s over f32 GF/s; 1.0 = no penalty) ===
             case | planar c32/f32 | 1m c32/f32 | 3m c32/f32 
------------------+----------------+------------+------------
         ij-ik-kj |          1.318 |      1.269 |      0.924 
       ij-ikl-ljk |          1.862 |      1.686 |      1.297 
       ij-kil-lkj |          2.053 |      1.878 |      1.457 
       ijk-ikl-lj |          1.825 |      1.649 |      1.208 
       ijk-il-jlk |          2.131 |      1.633 |      1.213 
       ijk-ilk-jl |          1.569 |      1.817 |      1.307 
       ijk-ilk-lj |          1.699 |      1.619 |      1.197 
     ijk-ilmk-mjl |          2.191 |      2.022 |      1.649 
   ijkl-imjn-lnkm |          1.110 |      1.146 |      0.807 
   ijkl-imjn-nlmk |          1.114 |      1.150 |      0.759 
   ijkl-imkn-jnlm |          1.082 |      1.103 |      0.738 
   ijkl-imkn-njml |          1.121 |      1.095 |      0.705 
   ijkl-imln-jnkm |          1.123 |      1.139 |      0.756 
   ijkl-imln-njmk |          1.136 |      1.044 |      0.678 
   ijkl-imnj-nlkm |          1.214 |      1.182 |      0.773 
   ijkl-imnk-njml |          1.133 |      1.086 |      0.685 
   ijkl-minj-nlmk |          1.137 |      1.107 |      0.779 
   ijkl-mink-jnlm |          1.201 |      1.159 |      0.767 
   ijkl-minl-njmk |          1.056 |      1.136 |      0.748 
     aqrs-pa-pqrs |          1.274 |      1.252 |      1.305 
     abrs-qb-aqrs |          2.051 |      1.938 |      1.573 
     abcs-rc-abrs |          2.282 |      2.175 |      1.661 
       abj-bka-kj |          2.105 |      2.012 |      1.760 
       ajb-kba-jk |          1.692 |      1.639 |      1.275 
     abjc-cbka-kj |          2.544 |      2.339 |      2.313 
     ajbc-ckba-jk |          3.402 |      2.820 |      2.778 
     abjc-kbac-jk |          1.930 |      1.641 |      1.423 
   abjcd-dkbac-jk |          2.851 |      2.634 |      2.354 
   adbjc-cbdka-kj |          2.062 |      1.957 |      1.822 
   ajbdc-ckbad-jk |          2.592 |      2.332 |      2.178 
 abcijk-ijma-mkbc |          1.661 |      1.802 |      1.471 
 abcijk-ijmb-mkac |          1.765 |      2.198 |      1.721 
 abcijk-ijmc-mkab |          1.687 |      1.451 |      1.304 
 abcijk-ikma-mjbc |          1.632 |      1.594 |      1.459 
 abcijk-ikmb-mjac |          1.681 |      2.026 |      1.606 
 abcijk-ikmc-mjab |          1.683 |      1.469 |      1.284 
 abcijk-jkma-mibc |          1.704 |      1.842 |      1.509 
 abcijk-jkmb-miac |          1.702 |      1.940 |      1.564 
 abcijk-jkmc-miab |          1.572 |      1.295 |      1.247 
 abcijk-eiab-jkec |          1.491 |      1.282 |      1.177 
 abcijk-eiac-jkeb |          1.788 |      2.066 |      1.652 
 abcijk-eibc-jkea |          2.591 |      2.805 |      2.258 
 abcijk-ejab-ikec |          1.683 |      1.472 |      1.312 
 abcijk-ejac-ikeb |          1.777 |      2.105 |      1.661 
 abcijk-ejbc-ikea |          1.589 |      1.775 |      1.434 
 abcijk-ekab-ijec |          1.577 |      1.349 |      1.204 
 abcijk-ekac-ijeb |          1.746 |      2.170 |      1.697 
 abcijk-ekbc-ijea |          1.667 |      1.832 |      1.464 
       abc-bk-akc |          1.669 |      1.600 |      1.142 
             MEAN |          1.725 |      1.688 |      1.368 

wrote bench-results/worker6194-icelake/phase4g/sm-s16-t16-f32c32.csv
