host        : worker6016
target      : x86_64 / linux
cpu features: avx2 fma avx512f avx512dq 
caches      : L1=48KiB/12-way/1sh L2=1280KiB/20-way/1sh L3=49152KiB/12-way/32sh (via sysfs), blocking=legacy
baselines   : tblis=false blas=false

sweeping 49 cases at 64 MiB nominal tensor size, 3 reps, stress=none


=== f32 ===
             case |      m |      n |     k | regA | regB | planar GF/s | 1m GF/s | 3m GF/s 
------------------+--------+--------+-------+------+------+-------------+---------+---------
         ij-ik-kj |   2904 |   2896 |  2904 | 1.00 | 1.00 |      1074.0 |  1074.0 |  1074.0 
       ij-ikl-ljk |    216 |    204 | 44064 | 1.00 | 1.00 |       406.7 |   406.7 |   406.7 
       ij-kil-lkj |    216 |    204 | 46656 | 1.00 | 1.00 |       401.7 |   401.7 |   401.7 
       ijk-ikl-lj |  44064 |    204 |   216 | 1.00 | 1.00 |      1045.3 |  1045.3 |  1045.3 
       ijk-il-jlk |    216 |  44064 |   204 | 1.00 | 1.00 |       875.1 |   875.1 |   875.1 
       ijk-ilk-jl |  44064 |    216 |   204 | 0.89 | 1.00 |      1095.6 |  1095.6 |  1095.6 
       ijk-ilk-lj |  44064 |    204 |   216 | 0.89 | 1.00 |      1076.5 |  1076.5 |  1076.5 
     ijk-ilmk-mjl |   3744 |     52 |  3744 | 0.67 | 1.00 |       633.9 |   633.9 |   633.9 
   ijkl-imjn-lnkm |   3744 |   3744 |  2704 | 0.67 | 0.92 |      1105.3 |  1105.3 |  1105.3 
   ijkl-imjn-nlmk |   3744 |   2704 |  3744 | 0.67 | 0.92 |      1120.3 |  1120.3 |  1120.3 
   ijkl-imkn-jnlm |   3744 |   3744 |  2704 | 0.67 | 1.00 |      1179.9 |  1179.9 |  1179.9 
   ijkl-imkn-njml |   3744 |   2704 |  3744 | 0.67 | 0.92 |      1141.7 |  1141.7 |  1141.7 
   ijkl-imln-jnkm |   3744 |   3744 |  2704 | 0.67 | 1.00 |      1175.4 |  1175.4 |  1175.4 
   ijkl-imln-njmk |   3744 |   2704 |  3744 | 0.67 | 0.92 |      1137.4 |  1137.4 |  1137.4 
   ijkl-imnj-nlkm |   3744 |   2704 |  3744 | 0.67 | 0.92 |      1108.0 |  1108.0 |  1108.0 
   ijkl-imnk-njml |   3744 |   2704 |  3744 | 0.67 | 0.92 |      1126.3 |  1126.3 |  1126.3 
   ijkl-minj-nlmk |   3744 |   2704 |  5184 | 0.67 | 0.92 |      1074.8 |  1074.8 |  1074.8 
   ijkl-mink-jnlm |   3744 |   3744 |  3744 | 0.67 | 1.00 |      1189.5 |  1189.5 |  1189.5 
   ijkl-minl-njmk |   3744 |   2704 |  5184 | 0.67 | 0.92 |      1106.0 |  1106.0 |  1106.0 
     aqrs-pa-pqrs |     72 | 140608 |    72 | 1.00 | 1.00 |       370.2 |   370.2 |   370.2 
     abrs-qb-aqrs |     52 | 194688 |    72 | 0.67 | 1.00 |       533.9 |   533.9 |   533.9 
     abcs-rc-abrs |     52 | 194688 |    72 | 1.00 | 1.00 |       538.0 |   538.0 |   538.0 
       abj-bka-kj |  46656 |    204 |   216 | 0.89 | 1.00 |       538.0 |   538.0 |   538.0 
       ajb-kba-jk |  44064 |    216 |   216 | 0.89 | 1.00 |      1054.6 |  1054.6 |  1054.6 
     abjc-cbka-kj | 269568 |     52 |    72 | 0.67 | 1.00 |       110.5 |   110.5 |   110.5 
     ajbc-ckba-jk | 269568 |     72 |    52 | 0.67 | 1.00 |       167.3 |   167.3 |   167.3 
     abjc-kbac-jk | 194688 |     72 |    72 | 0.67 | 1.00 |       486.5 |   486.5 |   486.5 
   abjcd-dkbac-jk | 331776 |     24 |    24 | 0.00 | 1.00 |        79.6 |    79.6 |    79.6 
   adbjc-cbdka-kj | 331776 |     24 |    24 | 0.00 | 1.00 |        82.7 |    82.7 |    82.7 
   ajbdc-ckbad-jk | 331776 |     24 |    24 | 0.00 | 1.00 |        70.5 |    70.5 |    70.5 
 abcijk-ijma-mkbc |   9216 |   4096 |    24 | 0.00 | 1.00 |       467.6 |   467.6 |   467.6 
 abcijk-ijmb-mkac |   6144 |   6144 |    24 | 0.00 | 1.00 |       358.0 |   358.0 |   358.0 
 abcijk-ijmc-mkab |   6144 |   6144 |    24 | 1.00 | 1.00 |       481.9 |   481.9 |   481.9 
 abcijk-ikma-mjbc |   9216 |   4096 |    24 | 0.00 | 1.00 |       469.3 |   469.3 |   469.3 
 abcijk-ikmb-mjac |   6144 |   6144 |    24 | 0.00 | 1.00 |       357.6 |   357.6 |   357.6 
 abcijk-ikmc-mjab |   6144 |   6144 |    24 | 1.00 | 1.00 |       481.3 |   481.3 |   481.3 
 abcijk-jkma-mibc |   9216 |   4096 |    24 | 0.00 | 1.00 |       432.4 |   432.4 |   432.4 
 abcijk-jkmb-miac |   6144 |   6144 |    24 | 0.00 | 1.00 |       238.3 |   238.3 |   238.3 
 abcijk-jkmc-miab |   6144 |   6144 |    24 | 1.00 | 1.00 |       456.6 |   456.6 |   456.6 
 abcijk-eiab-jkec |   6144 |   6144 |    24 | 1.00 | 1.00 |       461.5 |   461.5 |   461.5 
 abcijk-eiac-jkeb |   6144 |   6144 |    24 | 0.00 | 1.00 |       240.4 |   240.4 |   240.4 
 abcijk-eibc-jkea |   4096 |   9216 |    24 | 0.00 | 1.00 |       435.2 |   435.2 |   435.2 
 abcijk-ejab-ikec |   6144 |   6144 |    24 | 1.00 | 1.00 |       482.5 |   482.5 |   482.5 
 abcijk-ejac-ikeb |   6144 |   6144 |    24 | 0.00 | 1.00 |       357.8 |   357.8 |   357.8 
 abcijk-ejbc-ikea |   4096 |   9216 |    24 | 0.00 | 1.00 |       473.0 |   473.0 |   473.0 
 abcijk-ekab-ijec |   6144 |   6144 |    24 | 1.00 | 1.00 |       477.4 |   477.4 |   477.4 
 abcijk-ekac-ijeb |   6144 |   6144 |    24 | 0.00 | 1.00 |       358.2 |   358.2 |   358.2 
 abcijk-ekbc-ijea |   4096 |   9216 |    24 | 0.00 | 1.00 |       469.2 |   469.2 |   469.2 
       abc-bk-akc |    216 |  44064 |   204 | 0.89 | 1.00 |      1097.2 |  1097.2 |  1097.2 

=== c32 ===
             case |      m |      n |     k | regA | regB | planar GF/s | 1m GF/s | 3m GF/s 
------------------+--------+--------+-------+------+------+-------------+---------+---------
         ij-ik-kj |   2904 |   2896 |  2904 | 1.00 | 1.00 |      1273.2 |  1249.3 |   879.9 
       ij-ikl-ljk |    216 |    204 | 44064 | 1.00 | 1.00 |       678.0 |   618.7 |   262.9 
       ij-kil-lkj |    216 |    204 | 46656 | 1.00 | 1.00 |       677.1 |   650.8 |   236.9 
       ijk-ikl-lj |  44064 |    204 |   216 | 1.00 | 1.00 |      1299.1 |  1222.4 |   848.2 
       ijk-il-jlk |    216 |  44064 |   204 | 1.00 | 1.00 |      1181.5 |  1112.9 |   425.0 
       ijk-ilk-jl |  44064 |    216 |   204 | 0.89 | 1.00 |      1339.2 |  1284.7 |   883.7 
       ijk-ilk-lj |  44064 |    204 |   216 | 0.89 | 1.00 |      1329.1 |  1274.7 |   871.9 
     ijk-ilmk-mjl |   3744 |     52 |  3744 | 0.67 | 1.00 |       838.7 |   799.5 |   558.8 
   ijkl-imjn-lnkm |   3744 |   3744 |  2704 | 0.67 | 0.92 |      1262.0 |  1246.4 |   878.3 
   ijkl-imjn-nlmk |   3744 |   2704 |  3744 | 0.67 | 0.92 |      1308.4 |  1292.6 |   906.8 
   ijkl-imkn-jnlm |   3744 |   3744 |  2704 | 0.67 | 1.00 |      1303.0 |  1291.5 |   887.6 
   ijkl-imkn-njml |   3744 |   2704 |  3744 | 0.67 | 0.92 |      1311.7 |  1305.6 |   904.3 
   ijkl-imln-jnkm |   3744 |   3744 |  2704 | 0.67 | 1.00 |      1303.6 |  1293.1 |   888.8 
   ijkl-imln-njmk |   3744 |   2704 |  3744 | 0.67 | 0.92 |      1317.4 |  1301.3 |   904.5 
   ijkl-imnj-nlkm |   3744 |   2704 |  3744 | 0.67 | 0.92 |      1305.7 |  1290.0 |   905.6 
   ijkl-imnk-njml |   3744 |   2704 |  3744 | 0.67 | 0.92 |      1313.7 |  1309.6 |   907.3 
   ijkl-minj-nlmk |   3744 |   2704 |  5184 | 0.67 | 0.92 |      1292.1 |  1273.7 |   898.8 
   ijkl-mink-jnlm |   3744 |   3744 |  3744 | 0.67 | 1.00 |      1324.4 |  1307.9 |   905.5 
   ijkl-minl-njmk |   3744 |   2704 |  5184 | 0.67 | 0.92 |      1301.4 |  1289.2 |   905.0 
     aqrs-pa-pqrs |     72 | 140608 |    72 | 1.00 | 1.00 |       644.2 |   627.4 |   507.3 
     abrs-qb-aqrs |     52 | 194688 |    72 | 0.67 | 1.00 |       808.9 |   760.8 |   560.3 
     abcs-rc-abrs |     52 | 194688 |    72 | 1.00 | 1.00 |       957.3 |   615.7 |   549.2 
       abj-bka-kj |  46656 |    204 |   216 | 0.89 | 1.00 |       995.0 |   870.4 |   725.9 
       ajb-kba-jk |  44064 |    216 |   216 | 0.89 | 1.00 |      1345.8 |  1299.3 |   923.1 
     abjc-cbka-kj | 269568 |     52 |    72 | 0.67 | 1.00 |       267.0 |   192.2 |   202.4 
     ajbc-ckba-jk | 269568 |     72 |    52 | 0.67 | 1.00 |       351.1 |   274.7 |   281.2 
     abjc-kbac-jk | 194688 |     72 |    72 | 0.67 | 1.00 |       848.8 |   710.4 |   593.9 
   abjcd-dkbac-jk | 331776 |     24 |    24 | 0.00 | 1.00 |       151.3 |   128.2 |   123.8 
   adbjc-cbdka-kj | 331776 |     24 |    24 | 0.00 | 1.00 |       132.4 |   111.8 |   117.5 
   ajbdc-ckbad-jk | 331776 |     24 |    24 | 0.00 | 1.00 |       137.3 |   112.4 |   113.4 
 abcijk-ijma-mkbc |   9216 |   4096 |    24 | 0.00 | 0.99 |       768.3 |   848.4 |   640.7 
 abcijk-ijmb-mkac |   6144 |   6144 |    24 | 0.00 | 1.00 |       594.0 |   758.6 |   594.2 
 abcijk-ijmc-mkab |   6144 |   6144 |    24 | 1.00 | 0.75 |       824.6 |   722.5 |   612.1 
 abcijk-ikma-mjbc |   9216 |   4096 |    24 | 0.00 | 0.99 |       766.4 |   847.5 |   639.2 
 abcijk-ikmb-mjac |   6144 |   6144 |    24 | 0.00 | 1.00 |       593.1 |   761.3 |   594.5 
 abcijk-ikmc-mjab |   6144 |   6144 |    24 | 1.00 | 0.75 |       825.5 |   721.9 |   613.0 
 abcijk-jkma-mibc |   9216 |   4096 |    24 | 0.00 | 0.99 |       738.5 |   843.3 |   634.7 
 abcijk-jkmb-miac |   6144 |   6144 |    24 | 0.00 | 1.00 |       542.5 |   758.7 |   577.2 
 abcijk-jkmc-miab |   6144 |   6144 |    24 | 1.00 | 0.75 |       779.0 |   680.8 |   586.3 
 abcijk-eiab-jkec |   6144 |   6144 |    24 | 1.00 | 0.75 |       780.9 |   669.8 |   587.1 
 abcijk-eiac-jkeb |   6144 |   6144 |    24 | 0.00 | 1.00 |       545.3 |   755.2 |   578.4 
 abcijk-eibc-jkea |   4096 |   9216 |    24 | 0.00 | 0.99 |       739.1 |   833.0 |   635.2 
 abcijk-ejab-ikec |   6144 |   6144 |    24 | 1.00 | 0.75 |       826.4 |   727.1 |   614.2 
 abcijk-ejac-ikeb |   6144 |   6144 |    24 | 0.00 | 1.00 |       594.0 |   765.6 |   596.5 
 abcijk-ejbc-ikea |   4096 |   9216 |    24 | 0.00 | 0.99 |       763.9 |   847.9 |   642.6 
 abcijk-ekab-ijec |   6144 |   6144 |    24 | 1.00 | 0.75 |       823.6 |   727.2 |   612.7 
 abcijk-ekac-ijeb |   6144 |   6144 |    24 | 0.00 | 1.00 |       596.2 |   762.0 |   592.8 
 abcijk-ekbc-ijea |   4096 |   9216 |    24 | 0.00 | 0.99 |       768.6 |   847.8 |   642.9 
       abc-bk-akc |    216 |  44064 |   204 | 0.89 | 1.00 |      1335.8 |  1284.1 |   884.1 

=== complex efficiency ratio (c32 GF/s over f32 GF/s; 1.0 = no penalty) ===
             case | planar c32/f32 | 1m c32/f32 | 3m c32/f32 
------------------+----------------+------------+------------
         ij-ik-kj |          1.186 |      1.163 |      0.819 
       ij-ikl-ljk |          1.667 |      1.521 |      0.646 
       ij-kil-lkj |          1.686 |      1.620 |      0.590 
       ijk-ikl-lj |          1.243 |      1.169 |      0.811 
       ijk-il-jlk |          1.350 |      1.272 |      0.486 
       ijk-ilk-jl |          1.222 |      1.173 |      0.807 
       ijk-ilk-lj |          1.235 |      1.184 |      0.810 
     ijk-ilmk-mjl |          1.323 |      1.261 |      0.881 
   ijkl-imjn-lnkm |          1.142 |      1.128 |      0.795 
   ijkl-imjn-nlmk |          1.168 |      1.154 |      0.809 
   ijkl-imkn-jnlm |          1.104 |      1.095 |      0.752 
   ijkl-imkn-njml |          1.149 |      1.144 |      0.792 
   ijkl-imln-jnkm |          1.109 |      1.100 |      0.756 
   ijkl-imln-njmk |          1.158 |      1.144 |      0.795 
   ijkl-imnj-nlkm |          1.178 |      1.164 |      0.817 
   ijkl-imnk-njml |          1.166 |      1.163 |      0.806 
   ijkl-minj-nlmk |          1.202 |      1.185 |      0.836 
   ijkl-mink-jnlm |          1.113 |      1.100 |      0.761 
   ijkl-minl-njmk |          1.177 |      1.166 |      0.818 
     aqrs-pa-pqrs |          1.740 |      1.695 |      1.370 
     abrs-qb-aqrs |          1.515 |      1.425 |      1.049 
     abcs-rc-abrs |          1.779 |      1.144 |      1.021 
       abj-bka-kj |          1.850 |      1.618 |      1.349 
       ajb-kba-jk |          1.276 |      1.232 |      0.875 
     abjc-cbka-kj |          2.417 |      1.739 |      1.832 
     ajbc-ckba-jk |          2.099 |      1.642 |      1.681 
     abjc-kbac-jk |          1.745 |      1.460 |      1.221 
   abjcd-dkbac-jk |          1.899 |      1.610 |      1.555 
   adbjc-cbdka-kj |          1.601 |      1.352 |      1.420 
   ajbdc-ckbad-jk |          1.947 |      1.593 |      1.608 
 abcijk-ijma-mkbc |          1.643 |      1.814 |      1.370 
 abcijk-ijmb-mkac |          1.660 |      2.119 |      1.660 
 abcijk-ijmc-mkab |          1.711 |      1.499 |      1.270 
 abcijk-ikma-mjbc |          1.633 |      1.806 |      1.362 
 abcijk-ikmb-mjac |          1.659 |      2.129 |      1.663 
 abcijk-ikmc-mjab |          1.715 |      1.500 |      1.274 
 abcijk-jkma-mibc |          1.708 |      1.950 |      1.468 
 abcijk-jkmb-miac |          2.276 |      3.183 |      2.422 
 abcijk-jkmc-miab |          1.706 |      1.491 |      1.284 
 abcijk-eiab-jkec |          1.692 |      1.451 |      1.272 
 abcijk-eiac-jkeb |          2.268 |      3.142 |      2.406 
 abcijk-eibc-jkea |          1.698 |      1.914 |      1.460 
 abcijk-ejab-ikec |          1.713 |      1.507 |      1.273 
 abcijk-ejac-ikeb |          1.660 |      2.140 |      1.667 
 abcijk-ejbc-ikea |          1.615 |      1.792 |      1.358 
 abcijk-ekab-ijec |          1.725 |      1.523 |      1.284 
 abcijk-ekac-ijeb |          1.665 |      2.127 |      1.655 
 abcijk-ekbc-ijea |          1.638 |      1.807 |      1.370 
       abc-bk-akc |          1.218 |      1.170 |      0.806 
             MEAN |          1.552 |      1.540 |      1.182 

wrote bench-results/worker6016-zen2/phase4f/th-t8-f32c32.csv
