host        : worker6016
target      : x86_64 / linux
cpu features: avx2 fma avx512f avx512dq 
caches      : L1=48KiB/12-way/1sh L2=1280KiB/20-way/1sh L3=49152KiB/12-way/32sh (via sysfs), blocking=legacy
baselines   : tblis=false blas=false

sweeping 49 cases at 64 MiB nominal tensor size, 3 reps, stress=none


=== f32 ===
             case |      m |      n |     k | regA | regB | planar GF/s | 1m GF/s | 3m GF/s 
------------------+--------+--------+-------+------+------+-------------+---------+---------
         ij-ik-kj |   2904 |   2896 |  2904 | 1.00 | 1.00 |       614.0 |   614.0 |   614.0 
       ij-ikl-ljk |    216 |    204 | 44064 | 1.00 | 1.00 |       198.0 |   198.0 |   198.0 
       ij-kil-lkj |    216 |    204 | 46656 | 1.00 | 1.00 |       202.3 |   202.3 |   202.3 
       ijk-ikl-lj |  44064 |    204 |   216 | 1.00 | 1.00 |       547.9 |   547.9 |   547.9 
       ijk-il-jlk |    216 |  44064 |   204 | 1.00 | 1.00 |       274.9 |   274.9 |   274.9 
       ijk-ilk-jl |  44064 |    216 |   204 | 0.89 | 1.00 |       577.5 |   577.5 |   577.5 
       ijk-ilk-lj |  44064 |    204 |   216 | 0.89 | 1.00 |       569.1 |   569.1 |   569.1 
     ijk-ilmk-mjl |   3744 |     52 |  3744 | 0.67 | 1.00 |       358.8 |   358.8 |   358.8 
   ijkl-imjn-lnkm |   3744 |   3744 |  2704 | 0.67 | 0.92 |       607.1 |   607.1 |   607.1 
   ijkl-imjn-nlmk |   3744 |   2704 |  3744 | 0.67 | 0.92 |       615.7 |   615.7 |   615.7 
   ijkl-imkn-jnlm |   3744 |   3744 |  2704 | 0.67 | 1.00 |       632.9 |   632.9 |   632.9 
   ijkl-imkn-njml |   3744 |   2704 |  3744 | 0.67 | 0.92 |       624.5 |   624.5 |   624.5 
   ijkl-imln-jnkm |   3744 |   3744 |  2704 | 0.67 | 1.00 |       637.1 |   637.1 |   637.1 
   ijkl-imln-njmk |   3744 |   2704 |  3744 | 0.67 | 0.92 |       621.7 |   621.7 |   621.7 
   ijkl-imnj-nlkm |   3744 |   2704 |  3744 | 0.67 | 0.92 |       618.1 |   618.1 |   618.1 
   ijkl-imnk-njml |   3744 |   2704 |  3744 | 0.67 | 0.92 |       617.1 |   617.1 |   617.1 
   ijkl-minj-nlmk |   3744 |   2704 |  5184 | 0.67 | 0.92 |       600.0 |   600.0 |   600.0 
   ijkl-mink-jnlm |   3744 |   3744 |  3744 | 0.67 | 1.00 |       636.7 |   636.7 |   636.7 
   ijkl-minl-njmk |   3744 |   2704 |  5184 | 0.67 | 0.92 |       606.6 |   606.6 |   606.6 
     aqrs-pa-pqrs |     72 | 140608 |    72 | 1.00 | 1.00 |       210.1 |   210.1 |   210.1 
     abrs-qb-aqrs |     52 | 194688 |    72 | 0.67 | 1.00 |       295.8 |   295.8 |   295.8 
     abcs-rc-abrs |     52 | 194688 |    72 | 1.00 | 1.00 |       296.7 |   296.7 |   296.7 
       abj-bka-kj |  46656 |    204 |   216 | 0.89 | 1.00 |       275.8 |   275.8 |   275.8 
       ajb-kba-jk |  44064 |    216 |   216 | 0.89 | 1.00 |       555.2 |   555.2 |   555.2 
     abjc-cbka-kj | 269568 |     52 |    72 | 0.67 | 1.00 |        54.6 |    54.6 |    54.6 
     ajbc-ckba-jk | 269568 |     72 |    52 | 0.67 | 1.00 |        87.5 |    87.5 |    87.5 
     abjc-kbac-jk | 194688 |     72 |    72 | 0.67 | 1.00 |       264.8 |   264.8 |   264.8 
   abjcd-dkbac-jk | 331776 |     24 |    24 | 0.00 | 1.00 |        44.7 |    44.7 |    44.7 
   adbjc-cbdka-kj | 331776 |     24 |    24 | 0.00 | 1.00 |        50.9 |    50.9 |    50.9 
   ajbdc-ckbad-jk | 331776 |     24 |    24 | 0.00 | 1.00 |        41.4 |    41.4 |    41.4 
 abcijk-ijma-mkbc |   9216 |   4096 |    24 | 0.00 | 1.00 |       249.9 |   249.9 |   249.9 
 abcijk-ijmb-mkac |   6144 |   6144 |    24 | 0.00 | 1.00 |       188.9 |   188.9 |   188.9 
 abcijk-ijmc-mkab |   6144 |   6144 |    24 | 1.00 | 1.00 |       272.5 |   272.5 |   272.5 
 abcijk-ikma-mjbc |   9216 |   4096 |    24 | 0.00 | 1.00 |       251.4 |   251.4 |   251.4 
 abcijk-ikmb-mjac |   6144 |   6144 |    24 | 0.00 | 1.00 |       188.6 |   188.6 |   188.6 
 abcijk-ikmc-mjab |   6144 |   6144 |    24 | 1.00 | 1.00 |       275.1 |   275.1 |   275.1 
 abcijk-jkma-mibc |   9216 |   4096 |    24 | 0.00 | 1.00 |       232.7 |   232.7 |   232.7 
 abcijk-jkmb-miac |   6144 |   6144 |    24 | 0.00 | 1.00 |       125.4 |   125.4 |   125.4 
 abcijk-jkmc-miab |   6144 |   6144 |    24 | 1.00 | 1.00 |       273.9 |   273.9 |   273.9 
 abcijk-eiab-jkec |   6144 |   6144 |    24 | 1.00 | 1.00 |       271.3 |   271.3 |   271.3 
 abcijk-eiac-jkeb |   6144 |   6144 |    24 | 0.00 | 1.00 |       126.2 |   126.2 |   126.2 
 abcijk-eibc-jkea |   4096 |   9216 |    24 | 0.00 | 1.00 |       232.8 |   232.8 |   232.8 
 abcijk-ejab-ikec |   6144 |   6144 |    24 | 1.00 | 1.00 |       277.0 |   277.0 |   277.0 
 abcijk-ejac-ikeb |   6144 |   6144 |    24 | 0.00 | 1.00 |       189.0 |   189.0 |   189.0 
 abcijk-ejbc-ikea |   4096 |   9216 |    24 | 0.00 | 1.00 |       249.8 |   249.8 |   249.8 
 abcijk-ekab-ijec |   6144 |   6144 |    24 | 1.00 | 1.00 |       269.7 |   269.7 |   269.7 
 abcijk-ekac-ijeb |   6144 |   6144 |    24 | 0.00 | 1.00 |       188.7 |   188.7 |   188.7 
 abcijk-ekbc-ijea |   4096 |   9216 |    24 | 0.00 | 1.00 |       250.0 |   250.0 |   250.0 
       abc-bk-akc |    216 |  44064 |   204 | 0.89 | 1.00 |       576.8 |   576.8 |   576.8 

=== c32 ===
             case |      m |      n |     k | regA | regB | planar GF/s | 1m GF/s | 3m GF/s 
------------------+--------+--------+-------+------+------+-------------+---------+---------
         ij-ik-kj |   2904 |   2896 |  2904 | 1.00 | 1.00 |       688.5 |   677.0 |   462.8 
       ij-ikl-ljk |    216 |    204 | 44064 | 1.00 | 1.00 |       350.6 |   257.2 |   201.9 
       ij-kil-lkj |    216 |    204 | 46656 | 1.00 | 1.00 |       241.1 |   224.6 |   204.6 
       ijk-ikl-lj |  44064 |    204 |   216 | 1.00 | 1.00 |       669.8 |   628.0 |   431.2 
       ijk-il-jlk |    216 |  44064 |   204 | 1.00 | 1.00 |       472.7 |   444.5 |   300.8 
       ijk-ilk-jl |  44064 |    216 |   204 | 0.89 | 1.00 |       688.0 |   658.4 |   449.0 
       ijk-ilk-lj |  44064 |    204 |   216 | 0.89 | 1.00 |       682.9 |   653.9 |   443.5 
     ijk-ilmk-mjl |   3744 |     52 |  3744 | 0.67 | 1.00 |       456.1 |   429.9 |   293.1 
   ijkl-imjn-lnkm |   3744 |   3744 |  2704 | 0.67 | 0.92 |       660.0 |   652.1 |   459.6 
   ijkl-imjn-nlmk |   3744 |   2704 |  3744 | 0.67 | 0.92 |       687.6 |   677.5 |   471.7 
   ijkl-imkn-jnlm |   3744 |   3744 |  2704 | 0.67 | 1.00 |       683.7 |   682.7 |   466.5 
   ijkl-imkn-njml |   3744 |   2704 |  3744 | 0.67 | 0.92 |       689.6 |   685.5 |   471.5 
   ijkl-imln-jnkm |   3744 |   3744 |  2704 | 0.67 | 1.00 |       686.4 |   684.2 |   465.9 
   ijkl-imln-njmk |   3744 |   2704 |  3744 | 0.67 | 0.92 |       691.0 |   686.2 |   471.9 
   ijkl-imnj-nlkm |   3744 |   2704 |  3744 | 0.67 | 0.92 |       686.7 |   678.7 |   471.2 
   ijkl-imnk-njml |   3744 |   2704 |  3744 | 0.67 | 0.92 |       691.0 |   686.5 |   472.4 
   ijkl-minj-nlmk |   3744 |   2704 |  5184 | 0.67 | 0.92 |       675.1 |   668.2 |   467.4 
   ijkl-mink-jnlm |   3744 |   3744 |  3744 | 0.67 | 1.00 |       693.8 |   686.7 |   472.8 
   ijkl-minl-njmk |   3744 |   2704 |  5184 | 0.67 | 0.92 |       683.9 |   676.6 |   470.4 
     aqrs-pa-pqrs |     72 | 140608 |    72 | 1.00 | 1.00 |       361.4 |   350.6 |   196.3 
     abrs-qb-aqrs |     52 | 194688 |    72 | 0.67 | 1.00 |       431.9 |   407.8 |   291.0 
     abcs-rc-abrs |     52 | 194688 |    72 | 1.00 | 1.00 |       518.8 |   327.7 |   283.8 
       abj-bka-kj |  46656 |    204 |   216 | 0.89 | 1.00 |       523.1 |   490.3 |   378.8 
       ajb-kba-jk |  44064 |    216 |   216 | 0.89 | 1.00 |       686.3 |   661.7 |   467.6 
     abjc-cbka-kj | 269568 |     52 |    72 | 0.67 | 1.00 |       153.3 |   112.6 |   115.9 
     ajbc-ckba-jk | 269568 |     72 |    52 | 0.67 | 1.00 |       200.5 |   156.1 |   157.4 
     abjc-kbac-jk | 194688 |     72 |    72 | 0.67 | 1.00 |       449.0 |   373.4 |   304.7 
   abjcd-dkbac-jk | 331776 |     24 |    24 | 0.00 | 1.00 |        92.5 |    77.3 |    73.7 
   adbjc-cbdka-kj | 331776 |     24 |    24 | 0.00 | 1.00 |        78.2 |    64.5 |    66.9 
   ajbdc-ckbad-jk | 331776 |     24 |    24 | 0.00 | 1.00 |        86.8 |    75.8 |    71.7 
 abcijk-ijma-mkbc |   9216 |   4096 |    24 | 0.00 | 0.99 |       402.0 |   476.7 |   335.5 
 abcijk-ijmb-mkac |   6144 |   6144 |    24 | 0.00 | 1.00 |       311.2 |   380.8 |   312.7 
 abcijk-ijmc-mkab |   6144 |   6144 |    24 | 1.00 | 0.75 |       450.0 |   374.5 |   325.9 
 abcijk-ikma-mjbc |   9216 |   4096 |    24 | 0.00 | 0.99 |       402.5 |   476.1 |   334.0 
 abcijk-ikmb-mjac |   6144 |   6144 |    24 | 0.00 | 1.00 |       305.9 |   396.3 |   313.9 
 abcijk-ikmc-mjab |   6144 |   6144 |    24 | 1.00 | 0.75 |       455.1 |   376.2 |   326.7 
 abcijk-jkma-mibc |   9216 |   4096 |    24 | 0.00 | 0.99 |       378.1 |   475.4 |   332.3 
 abcijk-jkmb-miac |   6144 |   6144 |    24 | 0.00 | 1.00 |       291.3 |   423.9 |   311.6 
 abcijk-jkmc-miab |   6144 |   6144 |    24 | 1.00 | 0.75 |       423.0 |   386.3 |   318.9 
 abcijk-eiab-jkec |   6144 |   6144 |    24 | 1.00 | 0.75 |       447.8 |   368.9 |   317.6 
 abcijk-eiac-jkeb |   6144 |   6144 |    24 | 0.00 | 1.00 |       284.3 |   425.6 |   310.9 
 abcijk-eibc-jkea |   4096 |   9216 |    24 | 0.00 | 0.99 |       378.5 |   475.6 |   333.1 
 abcijk-ejab-ikec |   6144 |   6144 |    24 | 1.00 | 0.75 |       455.9 |   378.4 |   326.1 
 abcijk-ejac-ikeb |   6144 |   6144 |    24 | 0.00 | 1.00 |       309.9 |   407.7 |   314.5 
 abcijk-ejbc-ikea |   4096 |   9216 |    24 | 0.00 | 0.99 |       403.9 |   477.7 |   318.0 
 abcijk-ekab-ijec |   6144 |   6144 |    24 | 1.00 | 0.75 |       431.7 |   387.6 |   326.9 
 abcijk-ekac-ijeb |   6144 |   6144 |    24 | 0.00 | 1.00 |       311.9 |   408.3 |   310.5 
 abcijk-ekbc-ijea |   4096 |   9216 |    24 | 0.00 | 0.99 |       403.6 |   476.0 |   334.0 
       abc-bk-akc |    216 |  44064 |   204 | 0.89 | 1.00 |       686.7 |   658.0 |   449.1 

=== complex efficiency ratio (c32 GF/s over f32 GF/s; 1.0 = no penalty) ===
             case | planar c32/f32 | 1m c32/f32 | 3m c32/f32 
------------------+----------------+------------+------------
         ij-ik-kj |          1.121 |      1.103 |      0.754 
       ij-ikl-ljk |          1.771 |      1.299 |      1.020 
       ij-kil-lkj |          1.192 |      1.111 |      1.012 
       ijk-ikl-lj |          1.223 |      1.146 |      0.787 
       ijk-il-jlk |          1.719 |      1.617 |      1.094 
       ijk-ilk-jl |          1.191 |      1.140 |      0.777 
       ijk-ilk-lj |          1.200 |      1.149 |      0.779 
     ijk-ilmk-mjl |          1.271 |      1.198 |      0.817 
   ijkl-imjn-lnkm |          1.087 |      1.074 |      0.757 
   ijkl-imjn-nlmk |          1.117 |      1.100 |      0.766 
   ijkl-imkn-jnlm |          1.080 |      1.079 |      0.737 
   ijkl-imkn-njml |          1.104 |      1.098 |      0.755 
   ijkl-imln-jnkm |          1.077 |      1.074 |      0.731 
   ijkl-imln-njmk |          1.111 |      1.104 |      0.759 
   ijkl-imnj-nlkm |          1.111 |      1.098 |      0.762 
   ijkl-imnk-njml |          1.120 |      1.113 |      0.766 
   ijkl-minj-nlmk |          1.125 |      1.114 |      0.779 
   ijkl-mink-jnlm |          1.090 |      1.079 |      0.743 
   ijkl-minl-njmk |          1.127 |      1.115 |      0.775 
     aqrs-pa-pqrs |          1.720 |      1.669 |      0.934 
     abrs-qb-aqrs |          1.460 |      1.378 |      0.984 
     abcs-rc-abrs |          1.749 |      1.105 |      0.957 
       abj-bka-kj |          1.897 |      1.778 |      1.374 
       ajb-kba-jk |          1.236 |      1.192 |      0.842 
     abjc-cbka-kj |          2.806 |      2.060 |      2.122 
     ajbc-ckba-jk |          2.292 |      1.784 |      1.799 
     abjc-kbac-jk |          1.696 |      1.410 |      1.151 
   abjcd-dkbac-jk |          2.070 |      1.731 |      1.650 
   adbjc-cbdka-kj |          1.536 |      1.268 |      1.315 
   ajbdc-ckbad-jk |          2.098 |      1.833 |      1.731 
 abcijk-ijma-mkbc |          1.609 |      1.907 |      1.343 
 abcijk-ijmb-mkac |          1.648 |      2.016 |      1.656 
 abcijk-ijmc-mkab |          1.651 |      1.374 |      1.196 
 abcijk-ikma-mjbc |          1.601 |      1.894 |      1.329 
 abcijk-ikmb-mjac |          1.622 |      2.101 |      1.664 
 abcijk-ikmc-mjab |          1.654 |      1.367 |      1.188 
 abcijk-jkma-mibc |          1.625 |      2.043 |      1.428 
 abcijk-jkmb-miac |          2.323 |      3.381 |      2.485 
 abcijk-jkmc-miab |          1.545 |      1.410 |      1.164 
 abcijk-eiab-jkec |          1.651 |      1.360 |      1.171 
 abcijk-eiac-jkeb |          2.253 |      3.374 |      2.465 
 abcijk-eibc-jkea |          1.626 |      2.043 |      1.430 
 abcijk-ejab-ikec |          1.646 |      1.366 |      1.177 
 abcijk-ejac-ikeb |          1.640 |      2.157 |      1.664 
 abcijk-ejbc-ikea |          1.617 |      1.913 |      1.273 
 abcijk-ekab-ijec |          1.601 |      1.437 |      1.212 
 abcijk-ekac-ijeb |          1.653 |      2.163 |      1.645 
 abcijk-ekbc-ijea |          1.614 |      1.904 |      1.336 
       abc-bk-akc |          1.190 |      1.141 |      0.779 
             MEAN |          1.534 |      1.538 |      1.180 

wrote bench-results/worker6016-zen2/phase4f/th-t4-f32c32.csv
