host        : worker6016
target      : x86_64 / linux
cpu features: avx2 fma avx512f avx512dq 
caches      : L1=48KiB/12-way/1sh L2=1280KiB/20-way/1sh L3=49152KiB/12-way/32sh (via sysfs), blocking=legacy
baselines   : tblis=false blas=false

sweeping 49 cases at 64 MiB nominal tensor size, 3 reps, stress=none


=== f64 ===
             case |      m |      n |     k | regA | regB | planar GF/s | 1m GF/s | 3m GF/s 
------------------+--------+--------+-------+------+------+-------------+---------+---------
         ij-ik-kj |   2904 |   2896 |  2904 | 1.00 | 1.00 |       140.2 |   140.2 |   140.2 
       ij-ikl-ljk |    216 |    204 | 44064 | 1.00 | 1.00 |        69.8 |    69.8 |    69.8 
       ij-kil-lkj |    216 |    204 | 46656 | 1.00 | 1.00 |        70.6 |    70.6 |    70.6 
       ijk-ikl-lj |  44064 |    204 |   216 | 1.00 | 1.00 |       116.2 |   116.2 |   116.2 
       ijk-il-jlk |    216 |  44064 |   204 | 1.00 | 1.00 |        84.7 |    84.7 |    84.7 
       ijk-ilk-jl |  44064 |    216 |   204 | 1.00 | 1.00 |       125.6 |   125.6 |   125.6 
       ijk-ilk-lj |  44064 |    204 |   216 | 1.00 | 1.00 |       123.1 |   123.1 |   123.1 
     ijk-ilmk-mjl |   3744 |     52 |  3744 | 1.00 | 1.00 |        86.5 |    86.5 |    86.5 
   ijkl-imjn-lnkm |   3744 |   3744 |  2704 | 1.00 | 0.92 |       138.9 |   138.9 |   138.9 
   ijkl-imjn-nlmk |   3744 |   2704 |  3744 | 1.00 | 0.92 |       139.2 |   139.2 |   139.2 
   ijkl-imkn-jnlm |   3744 |   3744 |  2704 | 1.00 | 1.00 |       138.4 |   138.4 |   138.4 
   ijkl-imkn-njml |   3744 |   2704 |  3744 | 1.00 | 0.92 |       136.5 |   136.5 |   136.5 
   ijkl-imln-jnkm |   3744 |   3744 |  2704 | 1.00 | 1.00 |       137.3 |   137.3 |   137.3 
   ijkl-imln-njmk |   3744 |   2704 |  3744 | 1.00 | 0.92 |       137.0 |   137.0 |   137.0 
   ijkl-imnj-nlkm |   3744 |   2704 |  3744 | 1.00 | 0.92 |       138.4 |   138.4 |   138.4 
   ijkl-imnk-njml |   3744 |   2704 |  3744 | 1.00 | 0.92 |       136.7 |   136.7 |   136.7 
   ijkl-minj-nlmk |   3744 |   2704 |  5184 | 1.00 | 0.92 |       136.8 |   136.8 |   136.8 
   ijkl-mink-jnlm |   3744 |   3744 |  3744 | 1.00 | 1.00 |       135.1 |   135.1 |   135.1 
   ijkl-minl-njmk |   3744 |   2704 |  5184 | 1.00 | 0.92 |       136.0 |   136.0 |   136.0 
     aqrs-pa-pqrs |     72 | 140608 |    72 | 1.00 | 1.00 |        49.2 |    49.2 |    49.2 
     abrs-qb-aqrs |     52 | 194688 |    72 | 1.00 | 1.00 |        83.5 |    83.5 |    83.5 
     abcs-rc-abrs |     52 | 194688 |    72 | 1.00 | 1.00 |        97.5 |    97.5 |    97.5 
       abj-bka-kj |  46656 |    204 |   216 | 1.00 | 1.00 |        90.6 |    90.6 |    90.6 
       ajb-kba-jk |  44064 |    216 |   216 | 1.00 | 1.00 |       128.0 |   128.0 |   128.0 
     abjc-cbka-kj | 269568 |     52 |    72 | 1.00 | 1.00 |        29.2 |    29.2 |    29.2 
     ajbc-ckba-jk | 269568 |     72 |    52 | 1.00 | 1.00 |        41.1 |    41.1 |    41.1 
     abjc-kbac-jk | 194688 |     72 |    72 | 1.00 | 1.00 |       108.2 |   108.2 |   108.2 
   abjcd-dkbac-jk | 331776 |     24 |    24 | 1.00 | 1.00 |        15.1 |    15.1 |    15.1 
   adbjc-cbdka-kj | 331776 |     24 |    24 | 1.00 | 1.00 |        12.8 |    12.8 |    12.8 
   ajbdc-ckbad-jk | 331776 |     24 |    24 | 1.00 | 1.00 |        14.9 |    14.9 |    14.9 
 abcijk-ijma-mkbc |   9216 |   4096 |    24 | 1.00 | 1.00 |        86.6 |    86.6 |    86.6 
 abcijk-ijmb-mkac |   6144 |   6144 |    24 | 1.00 | 1.00 |        76.0 |    76.0 |    76.0 
 abcijk-ijmc-mkab |   6144 |   6144 |    24 | 1.00 | 1.00 |        80.1 |    80.1 |    80.1 
 abcijk-ikma-mjbc |   9216 |   4096 |    24 | 1.00 | 1.00 |        86.3 |    86.3 |    86.3 
 abcijk-ikmb-mjac |   6144 |   6144 |    24 | 1.00 | 1.00 |        75.0 |    75.0 |    75.0 
 abcijk-ikmc-mjab |   6144 |   6144 |    24 | 1.00 | 1.00 |        80.1 |    80.1 |    80.1 
 abcijk-jkma-mibc |   9216 |   4096 |    24 | 1.00 | 1.00 |        83.4 |    83.4 |    83.4 
 abcijk-jkmb-miac |   6144 |   6144 |    24 | 1.00 | 1.00 |        72.5 |    72.5 |    72.5 
 abcijk-jkmc-miab |   6144 |   6144 |    24 | 1.00 | 1.00 |        75.8 |    75.8 |    75.8 
 abcijk-eiab-jkec |   6144 |   6144 |    24 | 1.00 | 1.00 |        76.0 |    76.0 |    76.0 
 abcijk-eiac-jkeb |   6144 |   6144 |    24 | 1.00 | 1.00 |        72.5 |    72.5 |    72.5 
 abcijk-eibc-jkea |   4096 |   9216 |    24 | 1.00 | 1.00 |        83.4 |    83.4 |    83.4 
 abcijk-ejab-ikec |   6144 |   6144 |    24 | 1.00 | 1.00 |        79.3 |    79.3 |    79.3 
 abcijk-ejac-ikeb |   6144 |   6144 |    24 | 1.00 | 1.00 |        75.5 |    75.5 |    75.5 
 abcijk-ejbc-ikea |   4096 |   9216 |    24 | 1.00 | 1.00 |        87.6 |    87.6 |    87.6 
 abcijk-ekab-ijec |   6144 |   6144 |    24 | 1.00 | 1.00 |        80.0 |    80.0 |    80.0 
 abcijk-ekac-ijeb |   6144 |   6144 |    24 | 1.00 | 1.00 |        74.8 |    74.8 |    74.8 
 abcijk-ekbc-ijea |   4096 |   9216 |    24 | 1.00 | 1.00 |        87.9 |    87.9 |    87.9 
       abc-bk-akc |    216 |  44064 |   204 | 1.00 | 1.00 |       125.7 |   125.7 |   125.7 

=== c64 ===
             case |      m |      n |     k | regA | regB | planar GF/s | 1m GF/s | 3m GF/s 
------------------+--------+--------+-------+------+------+-------------+---------+---------
         ij-ik-kj |   2904 |   2896 |  2904 | 1.00 | 1.00 |       178.5 |   144.8 |   114.9 
       ij-ikl-ljk |    216 |    204 | 44064 | 1.00 | 1.00 |       117.6 |   101.3 |    78.6 
       ij-kil-lkj |    216 |    204 | 46656 | 1.00 | 1.00 |       121.0 |   104.0 |    82.1 
       ijk-ikl-lj |  44064 |    204 |   216 | 1.00 | 1.00 |       167.2 |   133.6 |   109.7 
       ijk-il-jlk |    216 |  44064 |   204 | 1.00 | 1.00 |       153.2 |   130.0 |    96.9 
       ijk-ilk-jl |  44064 |    216 |   204 | 0.96 | 1.00 |       171.6 |   139.0 |   111.8 
       ijk-ilk-lj |  44064 |    204 |   216 | 0.96 | 1.00 |       171.1 |   136.4 |   110.5 
     ijk-ilmk-mjl |   3744 |     52 |  3744 | 0.89 | 1.00 |       128.1 |   105.2 |    81.1 
   ijkl-imjn-lnkm |   3744 |   3744 |  2704 | 0.89 | 0.92 |       178.4 |   145.4 |   114.2 
   ijkl-imjn-nlmk |   3744 |   2704 |  3744 | 0.89 | 0.92 |       178.7 |   145.8 |   115.3 
   ijkl-imkn-jnlm |   3744 |   3744 |  2704 | 0.89 | 1.00 |       176.3 |   145.2 |   115.0 
   ijkl-imkn-njml |   3744 |   2704 |  3744 | 0.89 | 0.92 |       175.5 |   144.9 |   114.4 
   ijkl-imln-jnkm |   3744 |   3744 |  2704 | 0.89 | 1.00 |       176.3 |   145.2 |   114.8 
   ijkl-imln-njmk |   3744 |   2704 |  3744 | 0.89 | 0.92 |       175.2 |   144.6 |   114.2 
   ijkl-imnj-nlkm |   3744 |   2704 |  3744 | 0.89 | 0.92 |       179.2 |   146.0 |   115.0 
   ijkl-imnk-njml |   3744 |   2704 |  3744 | 0.89 | 0.92 |       175.4 |   144.8 |   114.3 
   ijkl-minj-nlmk |   3744 |   2704 |  5184 | 0.89 | 0.92 |       177.7 |   144.2 |   114.1 
   ijkl-mink-jnlm |   3744 |   3744 |  3744 | 0.89 | 1.00 |       175.9 |   144.1 |   114.3 
   ijkl-minl-njmk |   3744 |   2704 |  5184 | 0.89 | 0.92 |       174.1 |   143.2 |   113.5 
     aqrs-pa-pqrs |     72 | 140608 |    72 | 1.00 | 1.00 |        95.1 |   105.1 |    74.0 
     abrs-qb-aqrs |     52 | 194688 |    72 | 0.89 | 1.00 |       119.5 |   112.3 |    82.8 
     abcs-rc-abrs |     52 | 194688 |    72 | 1.00 | 1.00 |       134.1 |   119.1 |    88.8 
       abj-bka-kj |  46656 |    204 |   216 | 0.96 | 1.00 |       142.9 |   113.6 |    98.0 
       ajb-kba-jk |  44064 |    216 |   216 | 0.96 | 1.00 |       183.1 |   148.7 |   117.5 
     abjc-cbka-kj | 269568 |     52 |    72 | 0.89 | 1.00 |        61.8 |    51.3 |    48.8 
     ajbc-ckba-jk | 269568 |     72 |    52 | 0.89 | 1.00 |        71.3 |    65.0 |    58.1 
     abjc-kbac-jk | 194688 |     72 |    72 | 0.89 | 1.00 |       132.5 |   124.0 |    90.6 
   abjcd-dkbac-jk | 331776 |     24 |    24 | 0.67 | 1.00 |        30.4 |    25.6 |    25.0 
   adbjc-cbdka-kj | 331776 |     24 |    24 | 0.67 | 1.00 |        30.6 |    24.9 |    25.0 
   ajbdc-ckbad-jk | 331776 |     24 |    24 | 1.00 | 1.00 |        31.7 |    24.9 |    24.5 
 abcijk-ijma-mkbc |   9216 |   4096 |    24 | 1.00 | 0.99 |       122.1 |   107.5 |    85.0 
 abcijk-ijmb-mkac |   6144 |   6144 |    24 | 1.00 | 0.88 |       119.4 |   107.2 |    85.0 
 abcijk-ijmc-mkab |   6144 |   6144 |    24 | 1.00 | 0.75 |       119.0 |   115.5 |    91.4 
 abcijk-ikma-mjbc |   9216 |   4096 |    24 | 1.00 | 0.99 |       121.4 |   107.4 |    83.9 
 abcijk-ikmb-mjac |   6144 |   6144 |    24 | 1.00 | 0.88 |       117.8 |   108.0 |    85.0 
 abcijk-ikmc-mjab |   6144 |   6144 |    24 | 1.00 | 0.75 |       118.9 |   115.4 |    90.1 
 abcijk-jkma-mibc |   9216 |   4096 |    24 | 1.00 | 0.99 |       120.8 |   109.5 |    85.5 
 abcijk-jkmb-miac |   6144 |   6144 |    24 | 1.00 | 0.88 |       118.7 |   107.5 |    83.7 
 abcijk-jkmc-miab |   6144 |   6144 |    24 | 1.00 | 0.75 |       118.3 |   115.3 |    90.5 
 abcijk-eiab-jkec |   6144 |   6144 |    24 | 1.00 | 0.75 |       118.4 |   115.6 |    89.4 
 abcijk-eiac-jkeb |   6144 |   6144 |    24 | 1.00 | 0.88 |       118.5 |   107.1 |    84.0 
 abcijk-eibc-jkea |   4096 |   9216 |    24 | 1.00 | 0.99 |       119.4 |   109.2 |    85.3 
 abcijk-ejab-ikec |   6144 |   6144 |    24 | 1.00 | 0.75 |       118.1 |   116.5 |    91.4 
 abcijk-ejac-ikeb |   6144 |   6144 |    24 | 1.00 | 0.88 |       119.5 |   108.3 |    85.1 
 abcijk-ejbc-ikea |   4096 |   9216 |    24 | 1.00 | 0.99 |       121.9 |   107.8 |    84.5 
 abcijk-ekab-ijec |   6144 |   6144 |    24 | 1.00 | 0.75 |       120.4 |   115.7 |    91.1 
 abcijk-ekac-ijeb |   6144 |   6144 |    24 | 1.00 | 0.88 |       119.6 |   108.4 |    85.1 
 abcijk-ekbc-ijea |   4096 |   9216 |    24 | 1.00 | 0.99 |       121.4 |   108.6 |    85.1 
       abc-bk-akc |    216 |  44064 |   204 | 0.96 | 1.00 |       171.6 |   139.0 |   111.7 

=== complex efficiency ratio (c64 GF/s over f64 GF/s; 1.0 = no penalty) ===
             case | planar c64/f64 | 1m c64/f64 | 3m c64/f64 
------------------+----------------+------------+------------
         ij-ik-kj |          1.273 |      1.033 |      0.819 
       ij-ikl-ljk |          1.684 |      1.451 |      1.125 
       ij-kil-lkj |          1.714 |      1.472 |      1.162 
       ijk-ikl-lj |          1.438 |      1.149 |      0.943 
       ijk-il-jlk |          1.808 |      1.535 |      1.144 
       ijk-ilk-jl |          1.366 |      1.106 |      0.890 
       ijk-ilk-lj |          1.391 |      1.108 |      0.898 
     ijk-ilmk-mjl |          1.480 |      1.216 |      0.938 
   ijkl-imjn-lnkm |          1.284 |      1.046 |      0.822 
   ijkl-imjn-nlmk |          1.284 |      1.048 |      0.829 
   ijkl-imkn-jnlm |          1.274 |      1.049 |      0.830 
   ijkl-imkn-njml |          1.285 |      1.061 |      0.838 
   ijkl-imln-jnkm |          1.284 |      1.058 |      0.836 
   ijkl-imln-njmk |          1.279 |      1.055 |      0.833 
   ijkl-imnj-nlkm |          1.294 |      1.055 |      0.831 
   ijkl-imnk-njml |          1.283 |      1.059 |      0.836 
   ijkl-minj-nlmk |          1.299 |      1.055 |      0.835 
   ijkl-mink-jnlm |          1.302 |      1.066 |      0.846 
   ijkl-minl-njmk |          1.280 |      1.053 |      0.834 
     aqrs-pa-pqrs |          1.934 |      2.138 |      1.505 
     abrs-qb-aqrs |          1.431 |      1.344 |      0.991 
     abcs-rc-abrs |          1.376 |      1.222 |      0.911 
       abj-bka-kj |          1.577 |      1.254 |      1.082 
       ajb-kba-jk |          1.431 |      1.161 |      0.918 
     abjc-cbka-kj |          2.119 |      1.758 |      1.672 
     ajbc-ckba-jk |          1.733 |      1.580 |      1.412 
     abjc-kbac-jk |          1.225 |      1.146 |      0.838 
   abjcd-dkbac-jk |          2.010 |      1.692 |      1.654 
   adbjc-cbdka-kj |          2.396 |      1.953 |      1.962 
   ajbdc-ckbad-jk |          2.124 |      1.664 |      1.639 
 abcijk-ijma-mkbc |          1.410 |      1.242 |      0.981 
 abcijk-ijmb-mkac |          1.571 |      1.411 |      1.119 
 abcijk-ijmc-mkab |          1.485 |      1.441 |      1.141 
 abcijk-ikma-mjbc |          1.406 |      1.243 |      0.972 
 abcijk-ikmb-mjac |          1.570 |      1.439 |      1.133 
 abcijk-ikmc-mjab |          1.484 |      1.440 |      1.124 
 abcijk-jkma-mibc |          1.448 |      1.313 |      1.025 
 abcijk-jkmb-miac |          1.637 |      1.482 |      1.155 
 abcijk-jkmc-miab |          1.560 |      1.520 |      1.193 
 abcijk-eiab-jkec |          1.557 |      1.520 |      1.176 
 abcijk-eiac-jkeb |          1.635 |      1.477 |      1.159 
 abcijk-eibc-jkea |          1.432 |      1.310 |      1.023 
 abcijk-ejab-ikec |          1.489 |      1.469 |      1.153 
 abcijk-ejac-ikeb |          1.582 |      1.434 |      1.128 
 abcijk-ejbc-ikea |          1.393 |      1.232 |      0.965 
 abcijk-ekab-ijec |          1.504 |      1.446 |      1.139 
 abcijk-ekac-ijeb |          1.598 |      1.448 |      1.138 
 abcijk-ekbc-ijea |          1.381 |      1.235 |      0.968 
       abc-bk-akc |          1.365 |      1.105 |      0.888 
             MEAN |          1.514 |      1.322 |      1.066 

wrote bench-results/worker6016-zen2/phase4f/th-t2-f64c64.csv
