host        : worker6016
target      : x86_64 / linux
cpu features: avx2 fma avx512f avx512dq 
caches      : L1=48KiB/12-way/1sh L2=1280KiB/20-way/1sh L3=49152KiB/12-way/32sh (via sysfs), blocking=legacy
baselines   : tblis=false blas=false

sweeping 49 cases at 64 MiB nominal tensor size, 3 reps, stress=none


=== f32 ===
             case |      m |      n |     k | regA | regB | planar GF/s | 1m GF/s | 3m GF/s 
------------------+--------+--------+-------+------+------+-------------+---------+---------
         ij-ik-kj |   2904 |   2896 |  2904 | 1.00 | 1.00 |       326.2 |   326.2 |   326.2 
       ij-ikl-ljk |    216 |    204 | 44064 | 1.00 | 1.00 |       125.8 |   125.8 |   125.8 
       ij-kil-lkj |    216 |    204 | 46656 | 1.00 | 1.00 |       111.2 |   111.2 |   111.2 
       ijk-ikl-lj |  44064 |    204 |   216 | 1.00 | 1.00 |       279.1 |   279.1 |   279.1 
       ijk-il-jlk |    216 |  44064 |   204 | 1.00 | 1.00 |       199.2 |   199.2 |   199.2 
       ijk-ilk-jl |  44064 |    216 |   204 | 0.89 | 1.00 |       295.4 |   295.4 |   295.4 
       ijk-ilk-lj |  44064 |    204 |   216 | 0.89 | 1.00 |       290.3 |   290.3 |   290.3 
     ijk-ilmk-mjl |   3744 |     52 |  3744 | 0.67 | 1.00 |       191.6 |   191.6 |   191.6 
   ijkl-imjn-lnkm |   3744 |   3744 |  2704 | 0.67 | 0.92 |       321.4 |   321.4 |   321.4 
   ijkl-imjn-nlmk |   3744 |   2704 |  3744 | 0.67 | 0.92 |       327.3 |   327.3 |   327.3 
   ijkl-imkn-jnlm |   3744 |   3744 |  2704 | 0.67 | 1.00 |       334.2 |   334.2 |   334.2 
   ijkl-imkn-njml |   3744 |   2704 |  3744 | 0.67 | 0.92 |       327.8 |   327.8 |   327.8 
   ijkl-imln-jnkm |   3744 |   3744 |  2704 | 0.67 | 1.00 |       336.1 |   336.1 |   336.1 
   ijkl-imln-njmk |   3744 |   2704 |  3744 | 0.67 | 0.92 |       328.4 |   328.4 |   328.4 
   ijkl-imnj-nlkm |   3744 |   2704 |  3744 | 0.67 | 0.92 |       326.9 |   326.9 |   326.9 
   ijkl-imnk-njml |   3744 |   2704 |  3744 | 0.67 | 0.92 |       327.1 |   327.1 |   327.1 
   ijkl-minj-nlmk |   3744 |   2704 |  5184 | 0.67 | 0.92 |       318.7 |   318.7 |   318.7 
   ijkl-mink-jnlm |   3744 |   3744 |  3744 | 0.67 | 1.00 |       331.5 |   331.5 |   331.5 
   ijkl-minl-njmk |   3744 |   2704 |  5184 | 0.67 | 0.92 |       321.0 |   321.0 |   321.0 
     aqrs-pa-pqrs |     72 | 140608 |    72 | 1.00 | 1.00 |       110.6 |   110.6 |   110.6 
     abrs-qb-aqrs |     52 | 194688 |    72 | 0.67 | 1.00 |       158.8 |   158.8 |   158.8 
     abcs-rc-abrs |     52 | 194688 |    72 | 1.00 | 1.00 |       165.4 |   165.4 |   165.4 
       abj-bka-kj |  46656 |    204 |   216 | 0.89 | 1.00 |       142.0 |   142.0 |   142.0 
       ajb-kba-jk |  44064 |    216 |   216 | 0.89 | 1.00 |       281.9 |   281.9 |   281.9 
     abjc-cbka-kj | 269568 |     52 |    72 | 0.67 | 1.00 |        40.9 |    40.9 |    40.9 
     ajbc-ckba-jk | 269568 |     72 |    52 | 0.67 | 1.00 |        55.6 |    55.6 |    55.6 
     abjc-kbac-jk | 194688 |     72 |    72 | 0.67 | 1.00 |       138.1 |   138.1 |   138.1 
   abjcd-dkbac-jk | 331776 |     24 |    24 | 0.00 | 1.00 |        26.7 |    26.7 |    26.7 
   adbjc-cbdka-kj | 331776 |     24 |    24 | 0.00 | 1.00 |        23.5 |    23.5 |    23.5 
   ajbdc-ckbad-jk | 331776 |     24 |    24 | 0.00 | 1.00 |        24.7 |    24.7 |    24.7 
 abcijk-ijma-mkbc |   9216 |   4096 |    24 | 0.00 | 1.00 |       128.0 |   128.0 |   128.0 
 abcijk-ijmb-mkac |   6144 |   6144 |    24 | 0.00 | 1.00 |        96.6 |    96.6 |    96.6 
 abcijk-ijmc-mkab |   6144 |   6144 |    24 | 1.00 | 1.00 |       141.8 |   141.8 |   141.8 
 abcijk-ikma-mjbc |   9216 |   4096 |    24 | 0.00 | 1.00 |       128.0 |   128.0 |   128.0 
 abcijk-ikmb-mjac |   6144 |   6144 |    24 | 0.00 | 1.00 |        96.3 |    96.3 |    96.3 
 abcijk-ikmc-mjab |   6144 |   6144 |    24 | 1.00 | 1.00 |       145.2 |   145.2 |   145.2 
 abcijk-jkma-mibc |   9216 |   4096 |    24 | 0.00 | 1.00 |       119.7 |   119.7 |   119.7 
 abcijk-jkmb-miac |   6144 |   6144 |    24 | 0.00 | 1.00 |        64.3 |    64.3 |    64.3 
 abcijk-jkmc-miab |   6144 |   6144 |    24 | 1.00 | 1.00 |       147.6 |   147.6 |   147.6 
 abcijk-eiab-jkec |   6144 |   6144 |    24 | 1.00 | 1.00 |       146.6 |   146.6 |   146.6 
 abcijk-eiac-jkeb |   6144 |   6144 |    24 | 0.00 | 1.00 |        64.2 |    64.2 |    64.2 
 abcijk-eibc-jkea |   4096 |   9216 |    24 | 0.00 | 1.00 |       119.9 |   119.9 |   119.9 
 abcijk-ejab-ikec |   6144 |   6144 |    24 | 1.00 | 1.00 |       144.7 |   144.7 |   144.7 
 abcijk-ejac-ikeb |   6144 |   6144 |    24 | 0.00 | 1.00 |        96.3 |    96.3 |    96.3 
 abcijk-ejbc-ikea |   4096 |   9216 |    24 | 0.00 | 1.00 |       127.8 |   127.8 |   127.8 
 abcijk-ekab-ijec |   6144 |   6144 |    24 | 1.00 | 1.00 |       144.7 |   144.7 |   144.7 
 abcijk-ekac-ijeb |   6144 |   6144 |    24 | 0.00 | 1.00 |        96.4 |    96.4 |    96.4 
 abcijk-ekbc-ijea |   4096 |   9216 |    24 | 0.00 | 1.00 |       127.2 |   127.2 |   127.2 
       abc-bk-akc |    216 |  44064 |   204 | 0.89 | 1.00 |       295.9 |   295.9 |   295.9 

=== c32 ===
             case |      m |      n |     k | regA | regB | planar GF/s | 1m GF/s | 3m GF/s 
------------------+--------+--------+-------+------+------+-------------+---------+---------
         ij-ik-kj |   2904 |   2896 |  2904 | 1.00 | 1.00 |       352.9 |   344.9 |   236.6 
       ij-ikl-ljk |    216 |    204 | 44064 | 1.00 | 1.00 |       196.2 |   181.6 |   160.4 
       ij-kil-lkj |    216 |    204 | 46656 | 1.00 | 1.00 |       191.1 |   180.7 |   160.2 
       ijk-ikl-lj |  44064 |    204 |   216 | 1.00 | 1.00 |       338.4 |   316.3 |   216.5 
       ijk-il-jlk |    216 |  44064 |   204 | 1.00 | 1.00 |       273.7 |   262.9 |   209.5 
       ijk-ilk-jl |  44064 |    216 |   204 | 0.89 | 1.00 |       347.5 |   332.5 |   225.8 
       ijk-ilk-lj |  44064 |    204 |   216 | 0.89 | 1.00 |       345.0 |   331.2 |   222.9 
     ijk-ilmk-mjl |   3744 |     52 |  3744 | 0.67 | 1.00 |       239.7 |   221.4 |   150.4 
   ijkl-imjn-lnkm |   3744 |   3744 |  2704 | 0.67 | 0.92 |       341.5 |   335.9 |   233.0 
   ijkl-imjn-nlmk |   3744 |   2704 |  3744 | 0.67 | 0.92 |       349.9 |   344.2 |   238.4 
   ijkl-imkn-jnlm |   3744 |   3744 |  2704 | 0.67 | 1.00 |       350.5 |   347.2 |   237.7 
   ijkl-imkn-njml |   3744 |   2704 |  3744 | 0.67 | 0.92 |       351.2 |   348.6 |   239.6 
   ijkl-imln-jnkm |   3744 |   3744 |  2704 | 0.67 | 1.00 |       350.5 |   347.6 |   238.2 
   ijkl-imln-njmk |   3744 |   2704 |  3744 | 0.67 | 0.92 |       351.0 |   347.8 |   238.6 
   ijkl-imnj-nlkm |   3744 |   2704 |  3744 | 0.67 | 0.92 |       348.6 |   342.2 |   238.6 
   ijkl-imnk-njml |   3744 |   2704 |  3744 | 0.67 | 0.92 |       350.9 |   347.9 |   239.0 
   ijkl-minj-nlmk |   3744 |   2704 |  5184 | 0.67 | 0.92 |       345.6 |   339.0 |   236.7 
   ijkl-mink-jnlm |   3744 |   3744 |  3744 | 0.67 | 1.00 |       354.4 |   350.3 |   239.3 
   ijkl-minl-njmk |   3744 |   2704 |  5184 | 0.67 | 0.92 |       348.2 |   344.3 |   237.4 
     aqrs-pa-pqrs |     72 | 140608 |    72 | 1.00 | 1.00 |       107.7 |   106.0 |    95.9 
     abrs-qb-aqrs |     52 | 194688 |    72 | 0.67 | 1.00 |       224.2 |   209.0 |   147.5 
     abcs-rc-abrs |     52 | 194688 |    72 | 1.00 | 1.00 |       268.7 |   166.9 |   143.0 
       abj-bka-kj |  46656 |    204 |   216 | 0.89 | 1.00 |       259.6 |   250.1 |   189.9 
       ajb-kba-jk |  44064 |    216 |   216 | 0.89 | 1.00 |       345.7 |   332.1 |   234.9 
     abjc-cbka-kj | 269568 |     52 |    72 | 0.67 | 1.00 |       101.0 |    70.2 |    71.6 
     ajbc-ckba-jk | 269568 |     72 |    52 | 0.67 | 1.00 |       126.5 |   107.9 |   100.1 
     abjc-kbac-jk | 194688 |     72 |    72 | 0.67 | 1.00 |       230.1 |   187.7 |   154.0 
   abjcd-dkbac-jk | 331776 |     24 |    24 | 0.00 | 1.00 |        49.8 |    40.5 |    40.5 
   adbjc-cbdka-kj | 331776 |     24 |    24 | 0.00 | 1.00 |        44.1 |    35.0 |    37.2 
   ajbdc-ckbad-jk | 331776 |     24 |    24 | 0.00 | 1.00 |        46.7 |    41.4 |    40.9 
 abcijk-ijma-mkbc |   9216 |   4096 |    24 | 0.00 | 0.99 |       205.2 |   246.2 |   169.7 
 abcijk-ijmb-mkac |   6144 |   6144 |    24 | 0.00 | 1.00 |       157.9 |   214.5 |   160.8 
 abcijk-ijmc-mkab |   6144 |   6144 |    24 | 1.00 | 0.75 |       225.4 |   201.8 |   164.6 
 abcijk-ikma-mjbc |   9216 |   4096 |    24 | 0.00 | 0.99 |       204.4 |   246.9 |   169.9 
 abcijk-ikmb-mjac |   6144 |   6144 |    24 | 0.00 | 1.00 |       157.9 |   215.1 |   160.7 
 abcijk-ikmc-mjab |   6144 |   6144 |    24 | 1.00 | 0.75 |       220.9 |   201.3 |   163.7 
 abcijk-jkma-mibc |   9216 |   4096 |    24 | 0.00 | 0.99 |       197.3 |   247.1 |   169.6 
 abcijk-jkmb-miac |   6144 |   6144 |    24 | 0.00 | 1.00 |       148.9 |   219.1 |   158.5 
 abcijk-jkmc-miab |   6144 |   6144 |    24 | 1.00 | 0.75 |       233.2 |   201.9 |   164.7 
 abcijk-eiab-jkec |   6144 |   6144 |    24 | 1.00 | 0.75 |       233.3 |   201.0 |   163.5 
 abcijk-eiac-jkeb |   6144 |   6144 |    24 | 0.00 | 1.00 |       148.8 |   219.4 |   158.7 
 abcijk-eibc-jkea |   4096 |   9216 |    24 | 0.00 | 0.99 |       193.7 |   245.3 |   169.6 
 abcijk-ejab-ikec |   6144 |   6144 |    24 | 1.00 | 0.75 |       237.9 |   202.6 |   167.7 
 abcijk-ejac-ikeb |   6144 |   6144 |    24 | 0.00 | 1.00 |       158.4 |   211.0 |   160.9 
 abcijk-ejbc-ikea |   4096 |   9216 |    24 | 0.00 | 0.99 |       203.6 |   246.7 |   169.8 
 abcijk-ekab-ijec |   6144 |   6144 |    24 | 1.00 | 0.75 |       237.6 |   203.3 |   167.8 
 abcijk-ekac-ijeb |   6144 |   6144 |    24 | 0.00 | 1.00 |       158.1 |   214.9 |   161.0 
 abcijk-ekbc-ijea |   4096 |   9216 |    24 | 0.00 | 0.99 |       204.0 |   246.7 |   169.5 
       abc-bk-akc |    216 |  44064 |   204 | 0.89 | 1.00 |       347.7 |   331.7 |   226.0 

=== complex efficiency ratio (c32 GF/s over f32 GF/s; 1.0 = no penalty) ===
             case | planar c32/f32 | 1m c32/f32 | 3m c32/f32 
------------------+----------------+------------+------------
         ij-ik-kj |          1.082 |      1.057 |      0.725 
       ij-ikl-ljk |          1.560 |      1.443 |      1.275 
       ij-kil-lkj |          1.719 |      1.625 |      1.441 
       ijk-ikl-lj |          1.213 |      1.133 |      0.776 
       ijk-il-jlk |          1.374 |      1.319 |      1.051 
       ijk-ilk-jl |          1.176 |      1.125 |      0.764 
       ijk-ilk-lj |          1.188 |      1.141 |      0.768 
     ijk-ilmk-mjl |          1.251 |      1.155 |      0.785 
   ijkl-imjn-lnkm |          1.062 |      1.045 |      0.725 
   ijkl-imjn-nlmk |          1.069 |      1.052 |      0.728 
   ijkl-imkn-jnlm |          1.049 |      1.039 |      0.711 
   ijkl-imkn-njml |          1.071 |      1.063 |      0.731 
   ijkl-imln-jnkm |          1.043 |      1.034 |      0.709 
   ijkl-imln-njmk |          1.069 |      1.059 |      0.726 
   ijkl-imnj-nlkm |          1.066 |      1.047 |      0.730 
   ijkl-imnk-njml |          1.073 |      1.064 |      0.731 
   ijkl-minj-nlmk |          1.084 |      1.064 |      0.743 
   ijkl-mink-jnlm |          1.069 |      1.057 |      0.722 
   ijkl-minl-njmk |          1.085 |      1.073 |      0.740 
     aqrs-pa-pqrs |          0.973 |      0.958 |      0.867 
     abrs-qb-aqrs |          1.412 |      1.316 |      0.929 
     abcs-rc-abrs |          1.624 |      1.009 |      0.864 
       abj-bka-kj |          1.828 |      1.762 |      1.338 
       ajb-kba-jk |          1.226 |      1.178 |      0.833 
     abjc-cbka-kj |          2.468 |      1.714 |      1.751 
     ajbc-ckba-jk |          2.274 |      1.940 |      1.799 
     abjc-kbac-jk |          1.666 |      1.359 |      1.115 
   abjcd-dkbac-jk |          1.865 |      1.519 |      1.518 
   adbjc-cbdka-kj |          1.877 |      1.489 |      1.584 
   ajbdc-ckbad-jk |          1.890 |      1.675 |      1.655 
 abcijk-ijma-mkbc |          1.603 |      1.923 |      1.326 
 abcijk-ijmb-mkac |          1.635 |      2.221 |      1.666 
 abcijk-ijmc-mkab |          1.590 |      1.423 |      1.161 
 abcijk-ikma-mjbc |          1.597 |      1.929 |      1.327 
 abcijk-ikmb-mjac |          1.639 |      2.233 |      1.669 
 abcijk-ikmc-mjab |          1.521 |      1.386 |      1.127 
 abcijk-jkma-mibc |          1.649 |      2.065 |      1.417 
 abcijk-jkmb-miac |          2.314 |      3.405 |      2.464 
 abcijk-jkmc-miab |          1.580 |      1.367 |      1.116 
 abcijk-eiab-jkec |          1.591 |      1.371 |      1.115 
 abcijk-eiac-jkeb |          2.317 |      3.416 |      2.472 
 abcijk-eibc-jkea |          1.616 |      2.046 |      1.415 
 abcijk-ejab-ikec |          1.644 |      1.400 |      1.159 
 abcijk-ejac-ikeb |          1.644 |      2.190 |      1.670 
 abcijk-ejbc-ikea |          1.593 |      1.931 |      1.329 
 abcijk-ekab-ijec |          1.642 |      1.405 |      1.160 
 abcijk-ekac-ijeb |          1.639 |      2.228 |      1.670 
 abcijk-ekbc-ijea |          1.604 |      1.940 |      1.332 
       abc-bk-akc |          1.175 |      1.121 |      0.764 
             MEAN |          1.490 |      1.521 |      1.167 

wrote bench-results/worker6016-zen2/phase4f/th-t2-f32c32.csv
