host        : worker6016
target      : x86_64 / linux
cpu features: avx2 fma avx512f avx512dq 
caches      : L1=48KiB/12-way/1sh L2=1280KiB/20-way/1sh L3=49152KiB/12-way/32sh (via sysfs), blocking=legacy
baselines   : tblis=false blas=false

sweeping 49 cases at 64 MiB nominal tensor size, 3 reps, stress=none


=== f32 ===
             case |      m |      n |     k | regA | regB | planar GF/s | 1m GF/s | 3m GF/s 
------------------+--------+--------+-------+------+------+-------------+---------+---------
         ij-ik-kj |   2904 |   2896 |  2904 | 1.00 | 1.00 |      1648.4 |  1648.4 |  1648.4 
       ij-ikl-ljk |    216 |    204 | 44064 | 1.00 | 1.00 |       699.2 |   699.2 |   699.2 
       ij-kil-lkj |    216 |    204 | 46656 | 1.00 | 1.00 |       706.2 |   706.2 |   706.2 
       ijk-ikl-lj |  44064 |    204 |   216 | 1.00 | 1.00 |      1620.4 |  1620.4 |  1620.4 
       ijk-il-jlk |    216 |  44064 |   204 | 1.00 | 1.00 |      1490.7 |  1490.7 |  1490.7 
       ijk-ilk-jl |  44064 |    216 |   204 | 0.89 | 1.00 |      1695.7 |  1695.7 |  1695.7 
       ijk-ilk-lj |  44064 |    204 |   216 | 0.89 | 1.00 |      1603.5 |  1603.5 |  1603.5 
     ijk-ilmk-mjl |   3744 |     52 |  3744 | 0.67 | 1.00 |       933.2 |   933.2 |   933.2 
   ijkl-imjn-lnkm |   3744 |   3744 |  2704 | 0.67 | 0.92 |      1786.8 |  1786.8 |  1786.8 
   ijkl-imjn-nlmk |   3744 |   2704 |  3744 | 0.67 | 0.92 |      1780.0 |  1780.0 |  1780.0 
   ijkl-imkn-jnlm |   3744 |   3744 |  2704 | 0.67 | 1.00 |      2311.6 |  2311.6 |  2311.6 
   ijkl-imkn-njml |   3744 |   2704 |  3744 | 0.67 | 0.92 |      1970.1 |  1970.1 |  1970.1 
   ijkl-imln-jnkm |   3744 |   3744 |  2704 | 0.67 | 1.00 |      2017.5 |  2017.5 |  2017.5 
   ijkl-imln-njmk |   3744 |   2704 |  3744 | 0.67 | 0.92 |      1902.0 |  1902.0 |  1902.0 
   ijkl-imnj-nlkm |   3744 |   2704 |  3744 | 0.67 | 0.92 |      1776.0 |  1776.0 |  1776.0 
   ijkl-imnk-njml |   3744 |   2704 |  3744 | 0.67 | 0.92 |      1889.3 |  1889.3 |  1889.3 
   ijkl-minj-nlmk |   3744 |   2704 |  5184 | 0.67 | 0.92 |      1721.5 |  1721.5 |  1721.5 
   ijkl-mink-jnlm |   3744 |   3744 |  3744 | 0.67 | 1.00 |      2201.8 |  2201.8 |  2201.8 
   ijkl-minl-njmk |   3744 |   2704 |  5184 | 0.67 | 0.92 |      1785.7 |  1785.7 |  1785.7 
     aqrs-pa-pqrs |     72 | 140608 |    72 | 1.00 | 1.00 |       584.0 |   584.0 |   584.0 
     abrs-qb-aqrs |     52 | 194688 |    72 | 0.67 | 1.00 |       747.1 |   747.1 |   747.1 
     abcs-rc-abrs |     52 | 194688 |    72 | 1.00 | 1.00 |       706.3 |   706.3 |   706.3 
       abj-bka-kj |  46656 |    204 |   216 | 0.89 | 1.00 |       966.9 |   966.9 |   966.9 
       ajb-kba-jk |  44064 |    216 |   216 | 0.89 | 1.00 |      1833.5 |  1833.5 |  1833.5 
     abjc-cbka-kj | 269568 |     52 |    72 | 0.67 | 1.00 |       196.2 |   196.2 |   196.2 
     ajbc-ckba-jk | 269568 |     72 |    52 | 0.67 | 1.00 |       276.1 |   276.1 |   276.1 
     abjc-kbac-jk | 194688 |     72 |    72 | 0.67 | 1.00 |       711.9 |   711.9 |   711.9 
   abjcd-dkbac-jk | 331776 |     24 |    24 | 0.00 | 1.00 |       127.3 |   127.3 |   127.3 
   adbjc-cbdka-kj | 331776 |     24 |    24 | 0.00 | 1.00 |       136.3 |   136.3 |   136.3 
   ajbdc-ckbad-jk | 331776 |     24 |    24 | 0.00 | 1.00 |       120.7 |   120.7 |   120.7 
 abcijk-ijma-mkbc |   9216 |   4096 |    24 | 0.00 | 1.00 |       709.0 |   709.0 |   709.0 
 abcijk-ijmb-mkac |   6144 |   6144 |    24 | 0.00 | 1.00 |       597.0 |   597.0 |   597.0 
 abcijk-ijmc-mkab |   6144 |   6144 |    24 | 1.00 | 1.00 |       703.0 |   703.0 |   703.0 
 abcijk-ikma-mjbc |   9216 |   4096 |    24 | 0.00 | 1.00 |       736.2 |   736.2 |   736.2 
 abcijk-ikmb-mjac |   6144 |   6144 |    24 | 0.00 | 1.00 |       610.1 |   610.1 |   610.1 
 abcijk-ikmc-mjab |   6144 |   6144 |    24 | 1.00 | 1.00 |       681.9 |   681.9 |   681.9 
 abcijk-jkma-mibc |   9216 |   4096 |    24 | 0.00 | 1.00 |       645.7 |   645.7 |   645.7 
 abcijk-jkmb-miac |   6144 |   6144 |    24 | 0.00 | 1.00 |       410.0 |   410.0 |   410.0 
 abcijk-jkmc-miab |   6144 |   6144 |    24 | 1.00 | 1.00 |       590.2 |   590.2 |   590.2 
 abcijk-eiab-jkec |   6144 |   6144 |    24 | 1.00 | 1.00 |       586.5 |   586.5 |   586.5 
 abcijk-eiac-jkeb |   6144 |   6144 |    24 | 0.00 | 1.00 |       416.6 |   416.6 |   416.6 
 abcijk-eibc-jkea |   4096 |   9216 |    24 | 0.00 | 1.00 |       639.2 |   639.2 |   639.2 
 abcijk-ejab-ikec |   6144 |   6144 |    24 | 1.00 | 1.00 |       630.4 |   630.4 |   630.4 
 abcijk-ejac-ikeb |   6144 |   6144 |    24 | 0.00 | 1.00 |       610.2 |   610.2 |   610.2 
 abcijk-ejbc-ikea |   4096 |   9216 |    24 | 0.00 | 1.00 |       742.3 |   742.3 |   742.3 
 abcijk-ekab-ijec |   6144 |   6144 |    24 | 1.00 | 1.00 |       677.2 |   677.2 |   677.2 
 abcijk-ekac-ijeb |   6144 |   6144 |    24 | 0.00 | 1.00 |       597.2 |   597.2 |   597.2 
 abcijk-ekbc-ijea |   4096 |   9216 |    24 | 0.00 | 1.00 |       716.5 |   716.5 |   716.5 
       abc-bk-akc |    216 |  44064 |   204 | 0.89 | 1.00 |      1893.0 |  1893.0 |  1893.0 

=== c32 ===
             case |      m |      n |     k | regA | regB | planar GF/s | 1m GF/s | 3m GF/s 
------------------+--------+--------+-------+------+------+-------------+---------+---------
         ij-ik-kj |   2904 |   2896 |  2904 | 1.00 | 1.00 |      2187.6 |  2126.5 |  1492.8 
       ij-ikl-ljk |    216 |    204 | 44064 | 1.00 | 1.00 |      1180.2 |  1026.3 |   733.7 
       ij-kil-lkj |    216 |    204 | 46656 | 1.00 | 1.00 |      1219.2 |  1134.0 |   792.5 
       ijk-ikl-lj |  44064 |    204 |   216 | 1.00 | 1.00 |      2339.7 |  2278.7 |  1628.7 
       ijk-il-jlk |    216 |  44064 |   204 | 1.00 | 1.00 |      2002.2 |  1866.9 |  1273.8 
       ijk-ilk-jl |  44064 |    216 |   204 | 0.89 | 1.00 |      2416.5 |  2263.1 |  1629.1 
       ijk-ilk-lj |  44064 |    204 |   216 | 0.89 | 1.00 |      2469.0 |  2379.4 |  1674.2 
     ijk-ilmk-mjl |   3744 |     52 |  3744 | 0.67 | 1.00 |      1340.8 |  1284.0 |   992.8 
   ijkl-imjn-lnkm |   3744 |   3744 |  2704 | 0.67 | 0.92 |      2085.3 |  2092.5 |  1570.2 
   ijkl-imjn-nlmk |   3744 |   2704 |  3744 | 0.67 | 0.92 |      2179.2 |  2144.6 |  1631.2 
   ijkl-imkn-jnlm |   3744 |   3744 |  2704 | 0.67 | 1.00 |      2195.5 |  2161.9 |  1606.6 
   ijkl-imkn-njml |   3744 |   2704 |  3744 | 0.67 | 0.92 |      2254.3 |  2195.9 |  1651.5 
   ijkl-imln-jnkm |   3744 |   3744 |  2704 | 0.67 | 1.00 |      2217.7 |  2164.9 |  1603.6 
   ijkl-imln-njmk |   3744 |   2704 |  3744 | 0.67 | 0.92 |      2237.4 |  2219.5 |  1656.5 
   ijkl-imnj-nlkm |   3744 |   2704 |  3744 | 0.67 | 0.92 |      2188.4 |  2170.7 |  1644.0 
   ijkl-imnk-njml |   3744 |   2704 |  3744 | 0.67 | 0.92 |      2235.3 |  2212.4 |  1651.3 
   ijkl-minj-nlmk |   3744 |   2704 |  5184 | 0.67 | 0.92 |      2188.6 |  2145.3 |  1632.7 
   ijkl-mink-jnlm |   3744 |   3744 |  3744 | 0.67 | 1.00 |      2299.6 |  2239.3 |  1648.7 
   ijkl-minl-njmk |   3744 |   2704 |  5184 | 0.67 | 0.92 |      2233.4 |  2179.9 |  1654.3 
     aqrs-pa-pqrs |     72 | 140608 |    72 | 1.00 | 1.00 |      1031.2 |   975.6 |   777.0 
     abrs-qb-aqrs |     52 | 194688 |    72 | 0.67 | 1.00 |      1318.3 |  1277.0 |   997.1 
     abcs-rc-abrs |     52 | 194688 |    72 | 1.00 | 1.00 |      1494.1 |  1095.7 |   991.5 
       abj-bka-kj |  46656 |    204 |   216 | 0.89 | 1.00 |      1574.5 |  1249.5 |  1163.6 
       ajb-kba-jk |  44064 |    216 |   216 | 0.89 | 1.00 |      2418.7 |  2419.8 |  1774.1 
     abjc-cbka-kj | 269568 |     52 |    72 | 0.67 | 1.00 |       469.2 |   342.0 |   366.3 
     ajbc-ckba-jk | 269568 |     72 |    52 | 0.67 | 1.00 |       610.0 |   490.3 |   502.4 
     abjc-kbac-jk | 194688 |     72 |    72 | 0.67 | 1.00 |      1449.4 |  1285.6 |  1086.5 
   abjcd-dkbac-jk | 331776 |     24 |    24 | 0.00 | 1.00 |       254.2 |   210.8 |   214.5 
   adbjc-cbdka-kj | 331776 |     24 |    24 | 0.00 | 1.00 |       233.8 |   193.9 |   211.4 
   ajbdc-ckbad-jk | 331776 |     24 |    24 | 0.00 | 1.00 |       242.4 |   201.5 |   208.9 
 abcijk-ijma-mkbc |   9216 |   4096 |    24 | 0.00 | 0.99 |      1270.3 |  1241.9 |  1098.9 
 abcijk-ijmb-mkac |   6144 |   6144 |    24 | 0.00 | 1.00 |      1014.3 |  1185.1 |  1006.6 
 abcijk-ijmc-mkab |   6144 |   6144 |    24 | 1.00 | 0.75 |      1142.8 |  1064.0 |   991.7 
 abcijk-ikma-mjbc |   9216 |   4096 |    24 | 0.00 | 0.99 |      1290.7 |  1263.8 |  1100.9 
 abcijk-ikmb-mjac |   6144 |   6144 |    24 | 0.00 | 1.00 |      1026.2 |  1185.4 |   998.9 
 abcijk-ikmc-mjab |   6144 |   6144 |    24 | 1.00 | 0.75 |      1131.0 |  1061.9 |   990.1 
 abcijk-jkma-mibc |   9216 |   4096 |    24 | 0.00 | 0.99 |      1165.6 |  1233.8 |  1082.5 
 abcijk-jkmb-miac |   6144 |   6144 |    24 | 0.00 | 1.00 |       913.6 |  1139.8 |   930.9 
 abcijk-jkmc-miab |   6144 |   6144 |    24 | 1.00 | 0.75 |      1044.7 |   971.6 |   905.1 
 abcijk-eiab-jkec |   6144 |   6144 |    24 | 1.00 | 0.75 |      1054.2 |   975.3 |   910.5 
 abcijk-eiac-jkeb |   6144 |   6144 |    24 | 0.00 | 1.00 |       912.3 |  1115.2 |   922.6 
 abcijk-eibc-jkea |   4096 |   9216 |    24 | 0.00 | 0.99 |      1151.4 |  1213.3 |  1071.5 
 abcijk-ejab-ikec |   6144 |   6144 |    24 | 1.00 | 0.75 |      1120.7 |  1041.0 |   983.2 
 abcijk-ejac-ikeb |   6144 |   6144 |    24 | 0.00 | 1.00 |      1027.0 |  1179.8 |   984.2 
 abcijk-ejbc-ikea |   4096 |   9216 |    24 | 0.00 | 0.99 |      1291.4 |  1270.6 |  1110.0 
 abcijk-ekab-ijec |   6144 |   6144 |    24 | 1.00 | 0.75 |      1147.7 |  1059.2 |   994.7 
 abcijk-ekac-ijeb |   6144 |   6144 |    24 | 0.00 | 1.00 |      1019.9 |  1202.4 |   999.7 
 abcijk-ekbc-ijea |   4096 |   9216 |    24 | 0.00 | 0.99 |      1258.3 |  1231.3 |  1091.6 
       abc-bk-akc |    216 |  44064 |   204 | 0.89 | 1.00 |      2502.7 |  2288.4 |  1676.8 

=== complex efficiency ratio (c32 GF/s over f32 GF/s; 1.0 = no penalty) ===
             case | planar c32/f32 | 1m c32/f32 | 3m c32/f32 
------------------+----------------+------------+------------
         ij-ik-kj |          1.327 |      1.290 |      0.906 
       ij-ikl-ljk |          1.688 |      1.468 |      1.049 
       ij-kil-lkj |          1.726 |      1.606 |      1.122 
       ijk-ikl-lj |          1.444 |      1.406 |      1.005 
       ijk-il-jlk |          1.343 |      1.252 |      0.855 
       ijk-ilk-jl |          1.425 |      1.335 |      0.961 
       ijk-ilk-lj |          1.540 |      1.484 |      1.044 
     ijk-ilmk-mjl |          1.437 |      1.376 |      1.064 
   ijkl-imjn-lnkm |          1.167 |      1.171 |      0.879 
   ijkl-imjn-nlmk |          1.224 |      1.205 |      0.916 
   ijkl-imkn-jnlm |          0.950 |      0.935 |      0.695 
   ijkl-imkn-njml |          1.144 |      1.115 |      0.838 
   ijkl-imln-jnkm |          1.099 |      1.073 |      0.795 
   ijkl-imln-njmk |          1.176 |      1.167 |      0.871 
   ijkl-imnj-nlkm |          1.232 |      1.222 |      0.926 
   ijkl-imnk-njml |          1.183 |      1.171 |      0.874 
   ijkl-minj-nlmk |          1.271 |      1.246 |      0.948 
   ijkl-mink-jnlm |          1.044 |      1.017 |      0.749 
   ijkl-minl-njmk |          1.251 |      1.221 |      0.926 
     aqrs-pa-pqrs |          1.766 |      1.671 |      1.331 
     abrs-qb-aqrs |          1.765 |      1.709 |      1.335 
     abcs-rc-abrs |          2.115 |      1.551 |      1.404 
       abj-bka-kj |          1.628 |      1.292 |      1.204 
       ajb-kba-jk |          1.319 |      1.320 |      0.968 
     abjc-cbka-kj |          2.391 |      1.743 |      1.867 
     ajbc-ckba-jk |          2.210 |      1.776 |      1.820 
     abjc-kbac-jk |          2.036 |      1.806 |      1.526 
   abjcd-dkbac-jk |          1.997 |      1.656 |      1.685 
   adbjc-cbdka-kj |          1.715 |      1.422 |      1.550 
   ajbdc-ckbad-jk |          2.008 |      1.669 |      1.730 
 abcijk-ijma-mkbc |          1.792 |      1.752 |      1.550 
 abcijk-ijmb-mkac |          1.699 |      1.985 |      1.686 
 abcijk-ijmc-mkab |          1.626 |      1.513 |      1.411 
 abcijk-ikma-mjbc |          1.753 |      1.717 |      1.495 
 abcijk-ikmb-mjac |          1.682 |      1.943 |      1.637 
 abcijk-ikmc-mjab |          1.659 |      1.557 |      1.452 
 abcijk-jkma-mibc |          1.805 |      1.911 |      1.676 
 abcijk-jkmb-miac |          2.228 |      2.780 |      2.270 
 abcijk-jkmc-miab |          1.770 |      1.646 |      1.533 
 abcijk-eiab-jkec |          1.797 |      1.663 |      1.552 
 abcijk-eiac-jkeb |          2.190 |      2.677 |      2.215 
 abcijk-eibc-jkea |          1.801 |      1.898 |      1.676 
 abcijk-ejab-ikec |          1.778 |      1.651 |      1.560 
 abcijk-ejac-ikeb |          1.683 |      1.933 |      1.613 
 abcijk-ejbc-ikea |          1.740 |      1.712 |      1.495 
 abcijk-ekab-ijec |          1.695 |      1.564 |      1.469 
 abcijk-ekac-ijeb |          1.708 |      2.013 |      1.674 
 abcijk-ekbc-ijea |          1.756 |      1.719 |      1.524 
       abc-bk-akc |          1.322 |      1.209 |      0.886 
             MEAN |          1.614 |      1.555 |      1.311 

wrote bench-results/worker6016-zen2/phase4f/th-t16-f32c32.csv
