host        : worker6016
target      : x86_64 / linux
cpu features: avx2 fma avx512f avx512dq 
caches      : L1=48KiB/12-way/1sh L2=1280KiB/20-way/1sh L3=49152KiB/12-way/32sh (via sysfs), blocking=legacy
baselines   : tblis=false blas=false

sweeping 49 cases at 64 MiB nominal tensor size, 3 reps, stress=none


=== f64 ===
             case |      m |      n |     k | regA | regB | planar GF/s | 1m GF/s | 3m GF/s 
------------------+--------+--------+-------+------+------+-------------+---------+---------
         ij-ik-kj |   2904 |   2896 |  2904 | 1.00 | 1.00 |       272.9 |   272.9 |   272.9 
       ij-ikl-ljk |    216 |    204 | 44064 | 1.00 | 1.00 |       115.7 |   115.7 |   115.7 
       ij-kil-lkj |    216 |    204 | 46656 | 1.00 | 1.00 |       114.5 |   114.5 |   114.5 
       ijk-ikl-lj |  44064 |    204 |   216 | 1.00 | 1.00 |       228.1 |   228.1 |   228.1 
       ijk-il-jlk |    216 |  44064 |   204 | 1.00 | 1.00 |       140.8 |   140.8 |   140.8 
       ijk-ilk-jl |  44064 |    216 |   204 | 1.00 | 1.00 |       247.3 |   247.3 |   247.3 
       ijk-ilk-lj |  44064 |    204 |   216 | 1.00 | 1.00 |       241.4 |   241.4 |   241.4 
     ijk-ilmk-mjl |   3744 |     52 |  3744 | 1.00 | 1.00 |       151.1 |   151.1 |   151.1 
   ijkl-imjn-lnkm |   3744 |   3744 |  2704 | 1.00 | 0.92 |       270.5 |   270.5 |   270.5 
   ijkl-imjn-nlmk |   3744 |   2704 |  3744 | 1.00 | 0.92 |       279.6 |   279.6 |   279.6 
   ijkl-imkn-jnlm |   3744 |   3744 |  2704 | 1.00 | 1.00 |       270.0 |   270.0 |   270.0 
   ijkl-imkn-njml |   3744 |   2704 |  3744 | 1.00 | 0.92 |       269.6 |   269.6 |   269.6 
   ijkl-imln-jnkm |   3744 |   3744 |  2704 | 1.00 | 1.00 |       270.7 |   270.7 |   270.7 
   ijkl-imln-njmk |   3744 |   2704 |  3744 | 1.00 | 0.92 |       270.1 |   270.1 |   270.1 
   ijkl-imnj-nlkm |   3744 |   2704 |  3744 | 1.00 | 0.92 |       277.8 |   277.8 |   277.8 
   ijkl-imnk-njml |   3744 |   2704 |  3744 | 1.00 | 0.92 |       269.2 |   269.2 |   269.2 
   ijkl-minj-nlmk |   3744 |   2704 |  5184 | 1.00 | 0.92 |       270.3 |   270.3 |   270.3 
   ijkl-mink-jnlm |   3744 |   3744 |  3744 | 1.00 | 1.00 |       267.1 |   267.1 |   267.1 
   ijkl-minl-njmk |   3744 |   2704 |  5184 | 1.00 | 0.92 |       273.5 |   273.5 |   273.5 
     aqrs-pa-pqrs |     72 | 140608 |    72 | 1.00 | 1.00 |       146.0 |   146.0 |   146.0 
     abrs-qb-aqrs |     52 | 194688 |    72 | 1.00 | 1.00 |       159.0 |   159.0 |   159.0 
     abcs-rc-abrs |     52 | 194688 |    72 | 1.00 | 1.00 |       182.7 |   182.7 |   182.7 
       abj-bka-kj |  46656 |    204 |   216 | 1.00 | 1.00 |       176.2 |   176.2 |   176.2 
       ajb-kba-jk |  44064 |    216 |   216 | 1.00 | 1.00 |       251.7 |   251.7 |   251.7 
     abjc-cbka-kj | 269568 |     52 |    72 | 1.00 | 1.00 |        45.2 |    45.2 |    45.2 
     ajbc-ckba-jk | 269568 |     72 |    52 | 1.00 | 1.00 |        64.2 |    64.2 |    64.2 
     abjc-kbac-jk | 194688 |     72 |    72 | 1.00 | 1.00 |       207.6 |   207.6 |   207.6 
   abjcd-dkbac-jk | 331776 |     24 |    24 | 1.00 | 1.00 |        27.8 |    27.8 |    27.8 
   adbjc-cbdka-kj | 331776 |     24 |    24 | 1.00 | 1.00 |        23.6 |    23.6 |    23.6 
   ajbdc-ckbad-jk | 331776 |     24 |    24 | 1.00 | 1.00 |        27.7 |    27.7 |    27.7 
 abcijk-ijma-mkbc |   9216 |   4096 |    24 | 1.00 | 1.00 |       162.3 |   162.3 |   162.3 
 abcijk-ijmb-mkac |   6144 |   6144 |    24 | 1.00 | 1.00 |       134.2 |   134.2 |   134.2 
 abcijk-ijmc-mkab |   6144 |   6144 |    24 | 1.00 | 1.00 |       145.2 |   145.2 |   145.2 
 abcijk-ikma-mjbc |   9216 |   4096 |    24 | 1.00 | 1.00 |       162.5 |   162.5 |   162.5 
 abcijk-ikmb-mjac |   6144 |   6144 |    24 | 1.00 | 1.00 |       132.9 |   132.9 |   132.9 
 abcijk-ikmc-mjab |   6144 |   6144 |    24 | 1.00 | 1.00 |       144.5 |   144.5 |   144.5 
 abcijk-jkma-mibc |   9216 |   4096 |    24 | 1.00 | 1.00 |       150.5 |   150.5 |   150.5 
 abcijk-jkmb-miac |   6144 |   6144 |    24 | 1.00 | 1.00 |       135.6 |   135.6 |   135.6 
 abcijk-jkmc-miab |   6144 |   6144 |    24 | 1.00 | 1.00 |       138.6 |   138.6 |   138.6 
 abcijk-eiab-jkec |   6144 |   6144 |    24 | 1.00 | 1.00 |       136.4 |   136.4 |   136.4 
 abcijk-eiac-jkeb |   6144 |   6144 |    24 | 1.00 | 1.00 |       135.7 |   135.7 |   135.7 
 abcijk-eibc-jkea |   4096 |   9216 |    24 | 1.00 | 1.00 |       151.9 |   151.9 |   151.9 
 abcijk-ejab-ikec |   6144 |   6144 |    24 | 1.00 | 1.00 |       143.5 |   143.5 |   143.5 
 abcijk-ejac-ikeb |   6144 |   6144 |    24 | 1.00 | 1.00 |       138.8 |   138.8 |   138.8 
 abcijk-ejbc-ikea |   4096 |   9216 |    24 | 1.00 | 1.00 |       162.1 |   162.1 |   162.1 
 abcijk-ekab-ijec |   6144 |   6144 |    24 | 1.00 | 1.00 |       144.5 |   144.5 |   144.5 
 abcijk-ekac-ijeb |   6144 |   6144 |    24 | 1.00 | 1.00 |       137.2 |   137.2 |   137.2 
 abcijk-ekbc-ijea |   4096 |   9216 |    24 | 1.00 | 1.00 |       162.5 |   162.5 |   162.5 
       abc-bk-akc |    216 |  44064 |   204 | 1.00 | 1.00 |       247.9 |   247.9 |   247.9 

=== c64 ===
             case |      m |      n |     k | regA | regB | planar GF/s | 1m GF/s | 3m GF/s 
------------------+--------+--------+-------+------+------+-------------+---------+---------
         ij-ik-kj |   2904 |   2896 |  2904 | 1.00 | 1.00 |       350.5 |   286.5 |   227.5 
       ij-ikl-ljk |    216 |    204 | 44064 | 1.00 | 1.00 |       145.0 |   148.1 |   114.3 
       ij-kil-lkj |    216 |    204 | 46656 | 1.00 | 1.00 |       134.8 |   125.6 |   121.2 
       ijk-ikl-lj |  44064 |    204 |   216 | 1.00 | 1.00 |       331.6 |   266.0 |   218.9 
       ijk-il-jlk |    216 |  44064 |   204 | 1.00 | 1.00 |       225.9 |   202.0 |   160.7 
       ijk-ilk-jl |  44064 |    216 |   204 | 0.96 | 1.00 |       339.9 |   276.1 |   222.8 
       ijk-ilk-lj |  44064 |    204 |   216 | 0.96 | 1.00 |       338.7 |   270.9 |   220.2 
     ijk-ilmk-mjl |   3744 |     52 |  3744 | 0.89 | 1.00 |       249.5 |   204.3 |   159.8 
   ijkl-imjn-lnkm |   3744 |   3744 |  2704 | 0.89 | 0.92 |       352.6 |   283.8 |   228.1 
   ijkl-imjn-nlmk |   3744 |   2704 |  3744 | 0.89 | 0.92 |       353.2 |   289.9 |   229.2 
   ijkl-imkn-jnlm |   3744 |   3744 |  2704 | 0.89 | 1.00 |       349.4 |   288.6 |   228.5 
   ijkl-imkn-njml |   3744 |   2704 |  3744 | 0.89 | 0.92 |       346.4 |   287.2 |   227.1 
   ijkl-imln-jnkm |   3744 |   3744 |  2704 | 0.89 | 1.00 |       349.2 |   288.9 |   228.5 
   ijkl-imln-njmk |   3744 |   2704 |  3744 | 0.89 | 0.92 |       348.2 |   287.8 |   227.2 
   ijkl-imnj-nlkm |   3744 |   2704 |  3744 | 0.89 | 0.92 |       353.5 |   290.6 |   228.6 
   ijkl-imnk-njml |   3744 |   2704 |  3744 | 0.89 | 0.92 |       347.1 |   288.0 |   227.4 
   ijkl-minj-nlmk |   3744 |   2704 |  5184 | 0.89 | 0.92 |       350.7 |   286.9 |   226.7 
   ijkl-mink-jnlm |   3744 |   3744 |  3744 | 0.89 | 1.00 |       348.6 |   285.9 |   227.3 
   ijkl-minl-njmk |   3744 |   2704 |  5184 | 0.89 | 0.92 |       345.0 |   284.6 |   225.5 
     aqrs-pa-pqrs |     72 | 140608 |    72 | 1.00 | 1.00 |        71.0 |    76.7 |   125.3 
     abrs-qb-aqrs |     52 | 194688 |    72 | 0.89 | 1.00 |       233.7 |   220.1 |   163.8 
     abcs-rc-abrs |     52 | 194688 |    72 | 1.00 | 1.00 |       262.7 |   233.4 |   176.4 
       abj-bka-kj |  46656 |    204 |   216 | 0.96 | 1.00 |       282.7 |   223.4 |   193.8 
       ajb-kba-jk |  44064 |    216 |   216 | 0.96 | 1.00 |       364.2 |   295.2 |   234.0 
     abjc-cbka-kj | 269568 |     52 |    72 | 0.89 | 1.00 |       113.9 |    92.5 |    90.2 
     ajbc-ckba-jk | 269568 |     72 |    52 | 0.89 | 1.00 |       126.8 |   112.6 |   104.6 
     abjc-kbac-jk | 194688 |     72 |    72 | 0.89 | 1.00 |       260.6 |   245.1 |   180.1 
   abjcd-dkbac-jk | 331776 |     24 |    24 | 0.67 | 1.00 |        56.5 |    46.0 |    44.9 
   adbjc-cbdka-kj | 331776 |     24 |    24 | 0.67 | 1.00 |        57.3 |    45.9 |    46.7 
   ajbdc-ckbad-jk | 331776 |     24 |    24 | 1.00 | 1.00 |        59.9 |    45.1 |    43.9 
 abcijk-ijma-mkbc |   9216 |   4096 |    24 | 1.00 | 0.99 |       229.5 |   200.5 |   160.3 
 abcijk-ijmb-mkac |   6144 |   6144 |    24 | 1.00 | 0.88 |       224.9 |   202.7 |   166.7 
 abcijk-ijmc-mkab |   6144 |   6144 |    24 | 1.00 | 0.75 |       221.6 |   215.1 |   178.5 
 abcijk-ikma-mjbc |   9216 |   4096 |    24 | 1.00 | 0.99 |       234.4 |   203.8 |   161.1 
 abcijk-ikmb-mjac |   6144 |   6144 |    24 | 1.00 | 0.88 |       223.3 |   199.3 |   166.5 
 abcijk-ikmc-mjab |   6144 |   6144 |    24 | 1.00 | 0.75 |       233.1 |   215.6 |   179.2 
 abcijk-jkma-mibc |   9216 |   4096 |    24 | 1.00 | 0.99 |       228.1 |   205.2 |   162.1 
 abcijk-jkmb-miac |   6144 |   6144 |    24 | 1.00 | 0.88 |       218.7 |   195.7 |   163.0 
 abcijk-jkmc-miab |   6144 |   6144 |    24 | 1.00 | 0.75 |       226.4 |   218.0 |   176.1 
 abcijk-eiab-jkec |   6144 |   6144 |    24 | 1.00 | 0.75 |       227.6 |   211.7 |   176.0 
 abcijk-eiac-jkeb |   6144 |   6144 |    24 | 1.00 | 0.88 |       220.3 |   204.9 |   155.8 
 abcijk-eibc-jkea |   4096 |   9216 |    24 | 1.00 | 0.99 |       228.0 |   207.0 |   160.8 
 abcijk-ejab-ikec |   6144 |   6144 |    24 | 1.00 | 0.75 |       222.0 |   220.6 |   179.2 
 abcijk-ejac-ikeb |   6144 |   6144 |    24 | 1.00 | 0.88 |       228.2 |   203.0 |   166.4 
 abcijk-ejbc-ikea |   4096 |   9216 |    24 | 1.00 | 0.99 |       231.0 |   204.3 |   159.9 
 abcijk-ekab-ijec |   6144 |   6144 |    24 | 1.00 | 0.75 |       233.8 |   215.0 |   168.7 
 abcijk-ekac-ijeb |   6144 |   6144 |    24 | 1.00 | 0.88 |       233.9 |   203.7 |   159.8 
 abcijk-ekbc-ijea |   4096 |   9216 |    24 | 1.00 | 0.99 |       234.9 |   204.4 |   159.9 
       abc-bk-akc |    216 |  44064 |   204 | 0.96 | 1.00 |       339.6 |   275.6 |   222.7 

=== complex efficiency ratio (c64 GF/s over f64 GF/s; 1.0 = no penalty) ===
             case | planar c64/f64 | 1m c64/f64 | 3m c64/f64 
------------------+----------------+------------+------------
         ij-ik-kj |          1.284 |      1.050 |      0.834 
       ij-ikl-ljk |          1.254 |      1.280 |      0.988 
       ij-kil-lkj |          1.178 |      1.097 |      1.059 
       ijk-ikl-lj |          1.454 |      1.166 |      0.960 
       ijk-il-jlk |          1.605 |      1.435 |      1.142 
       ijk-ilk-jl |          1.374 |      1.116 |      0.901 
       ijk-ilk-lj |          1.403 |      1.122 |      0.912 
     ijk-ilmk-mjl |          1.652 |      1.353 |      1.058 
   ijkl-imjn-lnkm |          1.304 |      1.049 |      0.843 
   ijkl-imjn-nlmk |          1.263 |      1.037 |      0.820 
   ijkl-imkn-jnlm |          1.294 |      1.069 |      0.846 
   ijkl-imkn-njml |          1.285 |      1.065 |      0.842 
   ijkl-imln-jnkm |          1.290 |      1.068 |      0.844 
   ijkl-imln-njmk |          1.289 |      1.065 |      0.841 
   ijkl-imnj-nlkm |          1.272 |      1.046 |      0.823 
   ijkl-imnk-njml |          1.289 |      1.070 |      0.845 
   ijkl-minj-nlmk |          1.297 |      1.061 |      0.839 
   ijkl-mink-jnlm |          1.305 |      1.070 |      0.851 
   ijkl-minl-njmk |          1.261 |      1.041 |      0.824 
     aqrs-pa-pqrs |          0.486 |      0.525 |      0.858 
     abrs-qb-aqrs |          1.470 |      1.384 |      1.030 
     abcs-rc-abrs |          1.438 |      1.278 |      0.966 
       abj-bka-kj |          1.604 |      1.268 |      1.100 
       ajb-kba-jk |          1.447 |      1.173 |      0.930 
     abjc-cbka-kj |          2.519 |      2.044 |      1.995 
     ajbc-ckba-jk |          1.975 |      1.754 |      1.629 
     abjc-kbac-jk |          1.255 |      1.180 |      0.867 
   abjcd-dkbac-jk |          2.035 |      1.657 |      1.616 
   adbjc-cbdka-kj |          2.430 |      1.946 |      1.981 
   ajbdc-ckbad-jk |          2.167 |      1.630 |      1.585 
 abcijk-ijma-mkbc |          1.414 |      1.235 |      0.988 
 abcijk-ijmb-mkac |          1.676 |      1.510 |      1.242 
 abcijk-ijmc-mkab |          1.527 |      1.482 |      1.230 
 abcijk-ikma-mjbc |          1.442 |      1.254 |      0.991 
 abcijk-ikmb-mjac |          1.680 |      1.499 |      1.252 
 abcijk-ikmc-mjab |          1.613 |      1.492 |      1.240 
 abcijk-jkma-mibc |          1.516 |      1.363 |      1.077 
 abcijk-jkmb-miac |          1.613 |      1.443 |      1.202 
 abcijk-jkmc-miab |          1.633 |      1.572 |      1.270 
 abcijk-eiab-jkec |          1.668 |      1.552 |      1.290 
 abcijk-eiac-jkeb |          1.623 |      1.510 |      1.148 
 abcijk-eibc-jkea |          1.501 |      1.363 |      1.059 
 abcijk-ejab-ikec |          1.547 |      1.537 |      1.249 
 abcijk-ejac-ikeb |          1.644 |      1.463 |      1.199 
 abcijk-ejbc-ikea |          1.425 |      1.260 |      0.986 
 abcijk-ekab-ijec |          1.618 |      1.487 |      1.167 
 abcijk-ekac-ijeb |          1.705 |      1.485 |      1.165 
 abcijk-ekbc-ijea |          1.445 |      1.258 |      0.984 
       abc-bk-akc |          1.370 |      1.111 |      0.898 
             MEAN |          1.507 |      1.306 |      1.087 

wrote bench-results/worker6016-zen2/phase4f/th-t4-f64c64.csv
