host        : worker6016
target      : x86_64 / linux
cpu features: avx2 fma avx512f avx512dq 
caches      : L1=48KiB/12-way/1sh L2=1280KiB/20-way/1sh L3=49152KiB/12-way/32sh (via sysfs), blocking=legacy
baselines   : tblis=false blas=false

sweeping 49 cases at 64 MiB nominal tensor size, 3 reps, stress=none


=== f32 ===
             case |      m |      n |     k | regA | regB | planar GF/s | 1m GF/s | 3m GF/s 
------------------+--------+--------+-------+------+------+-------------+---------+---------
         ij-ik-kj |   2904 |   2896 |  2904 | 1.00 | 1.00 |      2609.8 |  2609.8 |  2609.8 
       ij-ikl-ljk |    216 |    204 | 44064 | 1.00 | 1.00 |       750.5 |   750.5 |   750.5 
       ij-kil-lkj |    216 |    204 | 46656 | 1.00 | 1.00 |       770.7 |   770.7 |   770.7 
       ijk-ikl-lj |  44064 |    204 |   216 | 1.00 | 1.00 |      1596.9 |  1596.9 |  1596.9 
       ijk-il-jlk |    216 |  44064 |   204 | 1.00 | 1.00 |      1194.9 |  1194.9 |  1194.9 
       ijk-ilk-jl |  44064 |    216 |   204 | 0.89 | 1.00 |      1953.7 |  1953.7 |  1953.7 
       ijk-ilk-lj |  44064 |    204 |   216 | 0.89 | 1.00 |      1862.2 |  1862.2 |  1862.2 
     ijk-ilmk-mjl |   3744 |     52 |  3744 | 0.67 | 1.00 |       656.4 |   656.4 |   656.4 
   ijkl-imjn-lnkm |   3744 |   3744 |  2704 | 0.67 | 0.92 |      2004.0 |  2004.0 |  2004.0 
   ijkl-imjn-nlmk |   3744 |   2704 |  3744 | 0.67 | 0.92 |      1866.5 |  1866.5 |  1866.5 
   ijkl-imkn-jnlm |   3744 |   3744 |  2704 | 0.67 | 1.00 |      2208.4 |  2208.4 |  2208.4 
   ijkl-imkn-njml |   3744 |   2704 |  3744 | 0.67 | 0.92 |      2044.8 |  2044.8 |  2044.8 
   ijkl-imln-jnkm |   3744 |   3744 |  2704 | 0.67 | 1.00 |      2081.8 |  2081.8 |  2081.8 
   ijkl-imln-njmk |   3744 |   2704 |  3744 | 0.67 | 0.92 |      2081.7 |  2081.7 |  2081.7 
   ijkl-imnj-nlkm |   3744 |   2704 |  3744 | 0.67 | 0.92 |      2017.8 |  2017.8 |  2017.8 
   ijkl-imnk-njml |   3744 |   2704 |  3744 | 0.67 | 0.92 |      2000.9 |  2000.9 |  2000.9 
   ijkl-minj-nlmk |   3744 |   2704 |  5184 | 0.67 | 0.92 |      1770.2 |  1770.2 |  1770.2 
   ijkl-mink-jnlm |   3744 |   3744 |  3744 | 0.67 | 1.00 |      2418.5 |  2418.5 |  2418.5 
   ijkl-minl-njmk |   3744 |   2704 |  5184 | 0.67 | 0.92 |      1956.6 |  1956.6 |  1956.6 
     aqrs-pa-pqrs |     72 | 140608 |    72 | 1.00 | 1.00 |       563.2 |   563.2 |   563.2 
     abrs-qb-aqrs |     52 | 194688 |    72 | 0.67 | 1.00 |       761.9 |   761.9 |   761.9 
     abcs-rc-abrs |     52 | 194688 |    72 | 1.00 | 1.00 |       534.0 |   534.0 |   534.0 
       abj-bka-kj |  46656 |    204 |   216 | 0.89 | 1.00 |      1235.0 |  1235.0 |  1235.0 
       ajb-kba-jk |  44064 |    216 |   216 | 0.89 | 1.00 |       916.8 |   916.8 |   916.8 
     abjc-cbka-kj | 269568 |     52 |    72 | 0.67 | 1.00 |       291.1 |   291.1 |   291.1 
     ajbc-ckba-jk | 269568 |     72 |    52 | 0.67 | 1.00 |       356.8 |   356.8 |   356.8 
     abjc-kbac-jk | 194688 |     72 |    72 | 0.67 | 1.00 |       619.9 |   619.9 |   619.9 
   abjcd-dkbac-jk | 331776 |     24 |    24 | 0.00 | 1.00 |       149.4 |   149.4 |   149.4 
   adbjc-cbdka-kj | 331776 |     24 |    24 | 0.00 | 1.00 |       130.5 |   130.5 |   130.5 
   ajbdc-ckbad-jk | 331776 |     24 |    24 | 0.00 | 1.00 |       103.2 |   103.2 |   103.2 
 abcijk-ijma-mkbc |   9216 |   4096 |    24 | 0.00 | 1.00 |       575.7 |   575.7 |   575.7 
 abcijk-ijmb-mkac |   6144 |   6144 |    24 | 0.00 | 1.00 |       520.4 |   520.4 |   520.4 
 abcijk-ijmc-mkab |   6144 |   6144 |    24 | 1.00 | 1.00 |       692.9 |   692.9 |   692.9 
 abcijk-ikma-mjbc |   9216 |   4096 |    24 | 0.00 | 1.00 |       746.2 |   746.2 |   746.2 
 abcijk-ikmb-mjac |   6144 |   6144 |    24 | 0.00 | 1.00 |       610.0 |   610.0 |   610.0 
 abcijk-ikmc-mjab |   6144 |   6144 |    24 | 1.00 | 1.00 |       618.9 |   618.9 |   618.9 
 abcijk-jkma-mibc |   9216 |   4096 |    24 | 0.00 | 1.00 |       577.7 |   577.7 |   577.7 
 abcijk-jkmb-miac |   6144 |   6144 |    24 | 0.00 | 1.00 |       484.0 |   484.0 |   484.0 
 abcijk-jkmc-miab |   6144 |   6144 |    24 | 1.00 | 1.00 |       591.9 |   591.9 |   591.9 
 abcijk-eiab-jkec |   6144 |   6144 |    24 | 1.00 | 1.00 |       551.4 |   551.4 |   551.4 
 abcijk-eiac-jkeb |   6144 |   6144 |    24 | 0.00 | 1.00 |       506.2 |   506.2 |   506.2 
 abcijk-eibc-jkea |   4096 |   9216 |    24 | 0.00 | 1.00 |       600.2 |   600.2 |   600.2 
 abcijk-ejab-ikec |   6144 |   6144 |    24 | 1.00 | 1.00 |       615.4 |   615.4 |   615.4 
 abcijk-ejac-ikeb |   6144 |   6144 |    24 | 0.00 | 1.00 |       611.5 |   611.5 |   611.5 
 abcijk-ejbc-ikea |   4096 |   9216 |    24 | 0.00 | 1.00 |       688.9 |   688.9 |   688.9 
 abcijk-ekab-ijec |   6144 |   6144 |    24 | 1.00 | 1.00 |       481.6 |   481.6 |   481.6 
 abcijk-ekac-ijeb |   6144 |   6144 |    24 | 0.00 | 1.00 |       501.5 |   501.5 |   501.5 
 abcijk-ekbc-ijea |   4096 |   9216 |    24 | 0.00 | 1.00 |       640.7 |   640.7 |   640.7 
       abc-bk-akc |    216 |  44064 |   204 | 0.89 | 1.00 |      1165.9 |  1165.9 |  1165.9 

=== c32 ===
             case |      m |      n |     k | regA | regB | planar GF/s | 1m GF/s | 3m GF/s 
------------------+--------+--------+-------+------+------+-------------+---------+---------
         ij-ik-kj |   2904 |   2896 |  2904 | 1.00 | 1.00 |      2710.7 |  2743.7 |  1934.1 
       ij-ikl-ljk |    216 |    204 | 44064 | 1.00 | 1.00 |      1473.4 |  1239.1 |   970.1 
       ij-kil-lkj |    216 |    204 | 46656 | 1.00 | 1.00 |      1525.7 |  1393.1 |  1100.3 
       ijk-ikl-lj |  44064 |    204 |   216 | 1.00 | 1.00 |      2870.2 |  2872.7 |  2263.5 
       ijk-il-jlk |    216 |  44064 |   204 | 1.00 | 1.00 |      2349.5 |  1965.9 |  1493.5 
       ijk-ilk-jl |  44064 |    216 |   204 | 0.89 | 1.00 |      2690.3 |  2464.6 |  2082.5 
       ijk-ilk-lj |  44064 |    204 |   216 | 0.89 | 1.00 |      2717.2 |  2689.4 |  2315.3 
     ijk-ilmk-mjl |   3744 |     52 |  3744 | 0.67 | 1.00 |      1471.5 |  1271.2 |  1149.6 
   ijkl-imjn-lnkm |   3744 |   3744 |  2704 | 0.67 | 0.92 |      2725.8 |  2688.6 |  2079.5 
   ijkl-imjn-nlmk |   3744 |   2704 |  3744 | 0.67 | 0.92 |      2844.0 |  2748.8 |  2193.1 
   ijkl-imkn-jnlm |   3744 |   3744 |  2704 | 0.67 | 1.00 |      2857.5 |  2734.9 |  2101.7 
   ijkl-imkn-njml |   3744 |   2704 |  3744 | 0.67 | 0.92 |      2953.5 |  2867.1 |  2227.7 
   ijkl-imln-jnkm |   3744 |   3744 |  2704 | 0.67 | 1.00 |      2856.7 |  2823.4 |  2083.5 
   ijkl-imln-njmk |   3744 |   2704 |  3744 | 0.67 | 0.92 |      2942.4 |  2906.4 |  2178.6 
   ijkl-imnj-nlkm |   3744 |   2704 |  3744 | 0.67 | 0.92 |      2929.6 |  2749.3 |  2212.0 
   ijkl-imnk-njml |   3744 |   2704 |  3744 | 0.67 | 0.92 |      2899.1 |  2855.7 |  2197.4 
   ijkl-minj-nlmk |   3744 |   2704 |  5184 | 0.67 | 0.92 |      2915.3 |  2754.0 |  2139.5 
   ijkl-mink-jnlm |   3744 |   3744 |  3744 | 0.67 | 1.00 |      3000.3 |  2901.4 |  2172.7 
   ijkl-minl-njmk |   3744 |   2704 |  5184 | 0.67 | 0.92 |      2950.6 |  2775.5 |  2220.3 
     aqrs-pa-pqrs |     72 | 140608 |    72 | 1.00 | 1.00 |      1079.2 |  1094.7 |   868.6 
     abrs-qb-aqrs |     52 | 194688 |    72 | 0.67 | 1.00 |      1463.1 |  1400.7 |   992.7 
     abcs-rc-abrs |     52 | 194688 |    72 | 1.00 | 1.00 |      1639.1 |  1404.1 |  1223.5 
       abj-bka-kj |  46656 |    204 |   216 | 0.89 | 1.00 |      1990.6 |  1607.2 |  1561.9 
       ajb-kba-jk |  44064 |    216 |   216 | 0.89 | 1.00 |      2803.2 |  2983.1 |  2250.2 
     abjc-cbka-kj | 269568 |     52 |    72 | 0.67 | 1.00 |       529.5 |   458.1 |   561.2 
     ajbc-ckba-jk | 269568 |     72 |    52 | 0.67 | 1.00 |       810.4 |   687.5 |   714.0 
     abjc-kbac-jk | 194688 |     72 |    72 | 0.67 | 1.00 |      1724.2 |  1651.9 |  1367.5 
   abjcd-dkbac-jk | 331776 |     24 |    24 | 0.00 | 1.00 |       290.7 |   259.9 |   269.4 
   adbjc-cbdka-kj | 331776 |     24 |    24 | 0.00 | 1.00 |       254.1 |   244.2 |   279.9 
   ajbdc-ckbad-jk | 331776 |     24 |    24 | 0.00 | 1.00 |       268.7 |   266.3 |   268.2 
 abcijk-ijma-mkbc |   9216 |   4096 |    24 | 0.00 | 0.99 |      1286.8 |  1213.1 |  1224.6 
 abcijk-ijmb-mkac |   6144 |   6144 |    24 | 0.00 | 1.00 |      1147.3 |  1273.2 |  1139.5 
 abcijk-ijmc-mkab |   6144 |   6144 |    24 | 1.00 | 0.75 |      1321.1 |  1153.9 |  1144.1 
 abcijk-ikma-mjbc |   9216 |   4096 |    24 | 0.00 | 0.99 |      1163.3 |  1367.1 |  1125.7 
 abcijk-ikmb-mjac |   6144 |   6144 |    24 | 0.00 | 1.00 |      1143.6 |  1307.5 |  1150.9 
 abcijk-ikmc-mjab |   6144 |   6144 |    24 | 1.00 | 0.75 |      1296.5 |  1086.7 |  1054.8 
 abcijk-jkma-mibc |   9216 |   4096 |    24 | 0.00 | 0.99 |      1098.3 |  1244.4 |  1114.2 
 abcijk-jkmb-miac |   6144 |   6144 |    24 | 0.00 | 1.00 |       980.8 |  1265.7 |  1038.9 
 abcijk-jkmc-miab |   6144 |   6144 |    24 | 1.00 | 0.75 |      1146.9 |   983.6 |   972.8 
 abcijk-eiab-jkec |   6144 |   6144 |    24 | 1.00 | 0.75 |      1126.8 |  1056.4 |   992.7 
 abcijk-eiac-jkeb |   6144 |   6144 |    24 | 0.00 | 1.00 |      1063.9 |  1246.4 |   994.7 
 abcijk-eibc-jkea |   4096 |   9216 |    24 | 0.00 | 0.99 |      1281.7 |  1388.9 |  1145.0 
 abcijk-ejab-ikec |   6144 |   6144 |    24 | 1.00 | 0.75 |      1283.1 |  1091.9 |  1075.0 
 abcijk-ejac-ikeb |   6144 |   6144 |    24 | 0.00 | 1.00 |      1176.2 |  1284.8 |  1071.1 
 abcijk-ejbc-ikea |   4096 |   9216 |    24 | 0.00 | 0.99 |      1291.1 |  1253.9 |  1121.9 
 abcijk-ekab-ijec |   6144 |   6144 |    24 | 1.00 | 0.75 |      1260.6 |  1082.4 |  1109.2 
 abcijk-ekac-ijeb |   6144 |   6144 |    24 | 0.00 | 1.00 |      1177.2 |  1224.3 |  1091.8 
 abcijk-ekbc-ijea |   4096 |   9216 |    24 | 0.00 | 0.99 |      1315.8 |  1247.7 |  1222.3 
       abc-bk-akc |    216 |  44064 |   204 | 0.89 | 1.00 |      2746.8 |  2758.3 |  2372.0 

=== complex efficiency ratio (c32 GF/s over f32 GF/s; 1.0 = no penalty) ===
             case | planar c32/f32 | 1m c32/f32 | 3m c32/f32 
------------------+----------------+------------+------------
         ij-ik-kj |          1.039 |      1.051 |      0.741 
       ij-ikl-ljk |          1.963 |      1.651 |      1.293 
       ij-kil-lkj |          1.980 |      1.808 |      1.428 
       ijk-ikl-lj |          1.797 |      1.799 |      1.417 
       ijk-il-jlk |          1.966 |      1.645 |      1.250 
       ijk-ilk-jl |          1.377 |      1.261 |      1.066 
       ijk-ilk-lj |          1.459 |      1.444 |      1.243 
     ijk-ilmk-mjl |          2.242 |      1.937 |      1.752 
   ijkl-imjn-lnkm |          1.360 |      1.342 |      1.038 
   ijkl-imjn-nlmk |          1.524 |      1.473 |      1.175 
   ijkl-imkn-jnlm |          1.294 |      1.238 |      0.952 
   ijkl-imkn-njml |          1.444 |      1.402 |      1.089 
   ijkl-imln-jnkm |          1.372 |      1.356 |      1.001 
   ijkl-imln-njmk |          1.413 |      1.396 |      1.047 
   ijkl-imnj-nlkm |          1.452 |      1.363 |      1.096 
   ijkl-imnk-njml |          1.449 |      1.427 |      1.098 
   ijkl-minj-nlmk |          1.647 |      1.556 |      1.209 
   ijkl-mink-jnlm |          1.241 |      1.200 |      0.898 
   ijkl-minl-njmk |          1.508 |      1.419 |      1.135 
     aqrs-pa-pqrs |          1.916 |      1.943 |      1.542 
     abrs-qb-aqrs |          1.920 |      1.838 |      1.303 
     abcs-rc-abrs |          3.069 |      2.629 |      2.291 
       abj-bka-kj |          1.612 |      1.301 |      1.265 
       ajb-kba-jk |          3.058 |      3.254 |      2.454 
     abjc-cbka-kj |          1.819 |      1.574 |      1.928 
     ajbc-ckba-jk |          2.272 |      1.927 |      2.001 
     abjc-kbac-jk |          2.781 |      2.665 |      2.206 
   abjcd-dkbac-jk |          1.946 |      1.740 |      1.803 
   adbjc-cbdka-kj |          1.948 |      1.872 |      2.146 
   ajbdc-ckbad-jk |          2.604 |      2.580 |      2.598 
 abcijk-ijma-mkbc |          2.235 |      2.107 |      2.127 
 abcijk-ijmb-mkac |          2.205 |      2.447 |      2.190 
 abcijk-ijmc-mkab |          1.907 |      1.665 |      1.651 
 abcijk-ikma-mjbc |          1.559 |      1.832 |      1.508 
 abcijk-ikmb-mjac |          1.875 |      2.143 |      1.887 
 abcijk-ikmc-mjab |          2.095 |      1.756 |      1.704 
 abcijk-jkma-mibc |          1.901 |      2.154 |      1.929 
 abcijk-jkmb-miac |          2.026 |      2.615 |      2.146 
 abcijk-jkmc-miab |          1.938 |      1.662 |      1.644 
 abcijk-eiab-jkec |          2.044 |      1.916 |      1.800 
 abcijk-eiac-jkeb |          2.102 |      2.462 |      1.965 
 abcijk-eibc-jkea |          2.136 |      2.314 |      1.908 
 abcijk-ejab-ikec |          2.085 |      1.774 |      1.747 
 abcijk-ejac-ikeb |          1.924 |      2.101 |      1.752 
 abcijk-ejbc-ikea |          1.874 |      1.820 |      1.628 
 abcijk-ekab-ijec |          2.617 |      2.247 |      2.303 
 abcijk-ekac-ijeb |          2.348 |      2.442 |      2.177 
 abcijk-ekbc-ijea |          2.054 |      1.947 |      1.908 
       abc-bk-akc |          2.356 |      2.366 |      2.034 
             MEAN |          1.913 |      1.854 |      1.622 

wrote bench-results/worker6016-zen2/phase4f/th-t32-f32c32.csv
