host        : ccqlin038.flatironinstitute.org
target      : x86_64 / linux
cpu features: avx2 fma avx512f avx512dq 
caches      : L1=32KiB/8-way/2sh L2=1024KiB/16-way/2sh L3=25344KiB/11-way/16sh (via sysfs), blocking=legacy
baselines   : tblis=false blas=false

sweeping 49 cases at 64 MiB nominal tensor size, 3 reps, stress=none


=== f32 ===
             case |      m |      n |     k | regA | regB | planar GF/s | 1m GF/s | 3m GF/s 
------------------+--------+--------+-------+------+------+-------------+---------+---------
         ij-ik-kj |   2904 |   2896 |  2904 | 1.00 | 1.00 |       155.2 |   155.2 |   155.2 
       ij-ikl-ljk |    216 |    204 | 44064 | 1.00 | 1.00 |        67.4 |    67.4 |    67.4 
       ij-kil-lkj |    216 |    204 | 46656 | 1.00 | 1.00 |        64.4 |    64.4 |    64.4 
       ijk-ikl-lj |  44064 |    204 |   216 | 1.00 | 1.00 |       115.9 |   115.9 |   115.9 
       ijk-il-jlk |    216 |  44064 |   204 | 1.00 | 1.00 |        98.6 |    98.6 |    98.6 
       ijk-ilk-jl |  44064 |    216 |   204 | 0.89 | 1.00 |       124.3 |   124.3 |   124.3 
       ijk-ilk-lj |  44064 |    204 |   216 | 0.89 | 1.00 |       124.0 |   124.0 |   124.0 
     ijk-ilmk-mjl |   3744 |     52 |  3744 | 0.67 | 1.00 |        76.9 |    76.9 |    76.9 
   ijkl-imjn-lnkm |   3744 |   3744 |  2704 | 0.67 | 0.92 |       145.6 |   145.6 |   145.6 
   ijkl-imjn-nlmk |   3744 |   2704 |  3744 | 0.67 | 0.92 |       151.6 |   151.6 |   151.6 
   ijkl-imkn-jnlm |   3744 |   3744 |  2704 | 0.67 | 1.00 |       150.3 |   150.3 |   150.3 
   ijkl-imkn-njml |   3744 |   2704 |  3744 | 0.67 | 0.92 |       150.0 |   150.0 |   150.0 
   ijkl-imln-jnkm |   3744 |   3744 |  2704 | 0.67 | 1.00 |       153.0 |   153.0 |   153.0 
   ijkl-imln-njmk |   3744 |   2704 |  3744 | 0.67 | 0.92 |       155.3 |   155.3 |   155.3 
   ijkl-imnj-nlkm |   3744 |   2704 |  3744 | 0.67 | 0.92 |       153.3 |   153.3 |   153.3 
   ijkl-imnk-njml |   3744 |   2704 |  3744 | 0.67 | 0.92 |       152.2 |   152.2 |   152.2 
   ijkl-minj-nlmk |   3744 |   2704 |  5184 | 0.67 | 0.92 |       142.6 |   142.6 |   142.6 
   ijkl-mink-jnlm |   3744 |   3744 |  3744 | 0.67 | 1.00 |       147.0 |   147.0 |   147.0 
   ijkl-minl-njmk |   3744 |   2704 |  5184 | 0.67 | 0.92 |       134.5 |   134.5 |   134.5 
     aqrs-pa-pqrs |     72 | 140608 |    72 | 1.00 | 1.00 |        50.4 |    50.4 |    50.4 
     abrs-qb-aqrs |     52 | 194688 |    72 | 0.67 | 1.00 |        59.6 |    59.6 |    59.6 
     abcs-rc-abrs |     52 | 194688 |    72 | 1.00 | 1.00 |        53.6 |    53.6 |    53.6 
       abj-bka-kj |  46656 |    204 |   216 | 0.89 | 1.00 |        65.7 |    65.7 |    65.7 
       ajb-kba-jk |  44064 |    216 |   216 | 0.89 | 1.00 |       112.0 |   112.0 |   112.0 
     abjc-cbka-kj | 269568 |     52 |    72 | 0.67 | 1.00 |        11.9 |    11.9 |    11.9 
     ajbc-ckba-jk | 269568 |     72 |    52 | 0.67 | 1.00 |        22.0 |    22.0 |    22.0 
     abjc-kbac-jk | 194688 |     72 |    72 | 0.67 | 1.00 |        57.3 |    57.3 |    57.3 
   abjcd-dkbac-jk | 331776 |     24 |    24 | 0.00 | 1.00 |         3.4 |     3.4 |     3.4 
   adbjc-cbdka-kj | 331776 |     24 |    24 | 0.00 | 1.00 |         1.6 |     1.6 |     1.6 
   ajbdc-ckbad-jk | 331776 |     24 |    24 | 0.00 | 1.00 |         3.2 |     3.2 |     3.2 
 abcijk-ijma-mkbc |   9216 |   4096 |    24 | 0.00 | 1.00 |        46.7 |    46.7 |    46.7 
 abcijk-ijmb-mkac |   6144 |   6144 |    24 | 0.00 | 1.00 |        38.4 |    38.4 |    38.4 
 abcijk-ijmc-mkab |   6144 |   6144 |    24 | 1.00 | 1.00 |        54.7 |    54.7 |    54.7 
 abcijk-ikma-mjbc |   9216 |   4096 |    24 | 0.00 | 1.00 |        48.9 |    48.9 |    48.9 
 abcijk-ikmb-mjac |   6144 |   6144 |    24 | 0.00 | 1.00 |        38.5 |    38.5 |    38.5 
 abcijk-ikmc-mjab |   6144 |   6144 |    24 | 1.00 | 1.00 |        55.7 |    55.7 |    55.7 
 abcijk-jkma-mibc |   9216 |   4096 |    24 | 0.00 | 1.00 |        39.1 |    39.1 |    39.1 
 abcijk-jkmb-miac |   6144 |   6144 |    24 | 0.00 | 1.00 |        24.8 |    24.8 |    24.8 
 abcijk-jkmc-miab |   6144 |   6144 |    24 | 1.00 | 1.00 |        54.8 |    54.8 |    54.8 
 abcijk-eiab-jkec |   6144 |   6144 |    24 | 1.00 | 1.00 |        55.0 |    55.0 |    55.0 
 abcijk-eiac-jkeb |   6144 |   6144 |    24 | 0.00 | 1.00 |        24.3 |    24.3 |    24.3 
 abcijk-eibc-jkea |   4096 |   9216 |    24 | 0.00 | 1.00 |        36.7 |    36.7 |    36.7 
 abcijk-ejab-ikec |   6144 |   6144 |    24 | 1.00 | 1.00 |        54.6 |    54.6 |    54.6 
 abcijk-ejac-ikeb |   6144 |   6144 |    24 | 0.00 | 1.00 |        38.3 |    38.3 |    38.3 
 abcijk-ejbc-ikea |   4096 |   9216 |    24 | 0.00 | 1.00 |        47.5 |    47.5 |    47.5 
 abcijk-ekab-ijec |   6144 |   6144 |    24 | 1.00 | 1.00 |        55.7 |    55.7 |    55.7 
 abcijk-ekac-ijeb |   6144 |   6144 |    24 | 0.00 | 1.00 |        38.5 |    38.5 |    38.5 
 abcijk-ekbc-ijea |   4096 |   9216 |    24 | 0.00 | 1.00 |        48.0 |    48.0 |    48.0 
       abc-bk-akc |    216 |  44064 |   204 | 0.89 | 1.00 |       117.9 |   117.9 |   117.9 

=== c32 ===
             case |      m |      n |     k | regA | regB | planar GF/s | 1m GF/s | 3m GF/s 
------------------+--------+--------+-------+------+------+-------------+---------+---------
         ij-ik-kj |   2904 |   2896 |  2904 | 1.00 | 1.00 |       158.8 |   155.9 |   147.1 
       ij-ikl-ljk |    216 |    204 | 44064 | 1.00 | 1.00 |       100.6 |    97.8 |    95.9 
       ij-kil-lkj |    216 |    204 | 46656 | 1.00 | 1.00 |       104.0 |    99.1 |    94.9 
       ijk-ikl-lj |  44064 |    204 |   216 | 1.00 | 1.00 |       151.7 |   137.2 |   134.4 
       ijk-il-jlk |    216 |  44064 |   204 | 1.00 | 1.00 |       143.9 |   139.6 |   132.5 
       ijk-ilk-jl |  44064 |    216 |   204 | 0.89 | 1.00 |       153.9 |   149.1 |   136.3 
       ijk-ilk-lj |  44064 |    204 |   216 | 0.89 | 1.00 |       155.6 |   144.3 |   134.9 
     ijk-ilmk-mjl |   3744 |     52 |  3744 | 0.67 | 1.00 |       102.9 |    94.7 |    79.9 
   ijkl-imjn-lnkm |   3744 |   3744 |  2704 | 0.67 | 0.92 |       155.0 |   155.5 |   146.0 
   ijkl-imjn-nlmk |   3744 |   2704 |  3744 | 0.67 | 0.92 |       159.7 |   160.5 |   152.1 
   ijkl-imkn-jnlm |   3744 |   3744 |  2704 | 0.67 | 1.00 |       159.8 |   162.0 |   147.2 
   ijkl-imkn-njml |   3744 |   2704 |  3744 | 0.67 | 0.92 |       160.0 |   162.6 |   149.1 
   ijkl-imln-jnkm |   3744 |   3744 |  2704 | 0.67 | 1.00 |       158.6 |   161.9 |   148.4 
   ijkl-imln-njmk |   3744 |   2704 |  3744 | 0.67 | 0.92 |       161.6 |   164.0 |   150.2 
   ijkl-imnj-nlkm |   3744 |   2704 |  3744 | 0.67 | 0.92 |       161.4 |   162.4 |   152.3 
   ijkl-imnk-njml |   3744 |   2704 |  3744 | 0.67 | 0.92 |       159.1 |   161.7 |   146.9 
   ijkl-minj-nlmk |   3744 |   2704 |  5184 | 0.67 | 0.92 |       158.0 |   154.3 |   147.7 
   ijkl-mink-jnlm |   3744 |   3744 |  3744 | 0.67 | 1.00 |       150.8 |   154.0 |   142.1 
   ijkl-minl-njmk |   3744 |   2704 |  5184 | 0.67 | 0.92 |       149.8 |   152.2 |   141.8 
     aqrs-pa-pqrs |     72 | 140608 |    72 | 1.00 | 1.00 |        80.2 |    78.8 |    81.3 
     abrs-qb-aqrs |     52 | 194688 |    72 | 0.67 | 1.00 |        90.3 |    83.0 |    76.9 
     abcs-rc-abrs |     52 | 194688 |    72 | 1.00 | 1.00 |        88.1 |    67.0 |    69.8 
       abj-bka-kj |  46656 |    204 |   216 | 0.89 | 1.00 |       116.9 |   110.4 |   112.9 
       ajb-kba-jk |  44064 |    216 |   216 | 0.89 | 1.00 |       144.3 |   134.6 |   146.4 
     abjc-cbka-kj | 269568 |     52 |    72 | 0.67 | 1.00 |        21.5 |    18.9 |    24.8 
     ajbc-ckba-jk | 269568 |     72 |    52 | 0.67 | 1.00 |        41.1 |    37.5 |    41.7 
     abjc-kbac-jk | 194688 |     72 |    72 | 0.67 | 1.00 |        96.3 |    78.0 |    81.0 
   abjcd-dkbac-jk | 331776 |     24 |    24 | 0.00 | 1.00 |         6.2 |     5.6 |     6.4 
   adbjc-cbdka-kj | 331776 |     24 |    24 | 0.00 | 1.00 |         4.8 |     4.7 |     3.8 
   ajbdc-ckbad-jk | 331776 |     24 |    24 | 0.00 | 1.00 |         5.9 |     5.6 |     6.9 
 abcijk-ijma-mkbc |   9216 |   4096 |    24 | 0.00 | 0.99 |        79.4 |    94.0 |    78.4 
 abcijk-ijmb-mkac |   6144 |   6144 |    24 | 0.00 | 1.00 |        61.5 |    88.8 |    68.3 
 abcijk-ijmc-mkab |   6144 |   6144 |    24 | 1.00 | 0.75 |        86.9 |    81.0 |    81.4 
 abcijk-ikma-mjbc |   9216 |   4096 |    24 | 0.00 | 0.99 |        79.9 |    93.3 |    78.4 
 abcijk-ikmb-mjac |   6144 |   6144 |    24 | 0.00 | 1.00 |        62.2 |    89.2 |    74.2 
 abcijk-ikmc-mjab |   6144 |   6144 |    24 | 1.00 | 0.75 |        90.7 |    80.7 |    78.5 
 abcijk-jkma-mibc |   9216 |   4096 |    24 | 0.00 | 0.99 |        74.9 |    92.6 |    75.9 
 abcijk-jkmb-miac |   6144 |   6144 |    24 | 0.00 | 1.00 |        60.5 |    89.7 |    75.0 
 abcijk-jkmc-miab |   6144 |   6144 |    24 | 1.00 | 0.75 |        90.4 |    77.8 |    79.1 
 abcijk-eiab-jkec |   6144 |   6144 |    24 | 1.00 | 0.75 |        90.8 |    78.5 |    79.8 
 abcijk-eiac-jkeb |   6144 |   6144 |    24 | 0.00 | 1.00 |        60.4 |    89.8 |    74.6 
 abcijk-eibc-jkea |   4096 |   9216 |    24 | 0.00 | 0.99 |        74.8 |    95.0 |    76.7 
 abcijk-ejab-ikec |   6144 |   6144 |    24 | 1.00 | 0.75 |        90.2 |    80.3 |    81.1 
 abcijk-ejac-ikeb |   6144 |   6144 |    24 | 0.00 | 1.00 |        61.8 |    89.9 |    74.7 
 abcijk-ejbc-ikea |   4096 |   9216 |    24 | 0.00 | 0.99 |        79.2 |    95.0 |    78.9 
 abcijk-ekab-ijec |   6144 |   6144 |    24 | 1.00 | 0.75 |        90.6 |    81.6 |    81.4 
 abcijk-ekac-ijeb |   6144 |   6144 |    24 | 0.00 | 1.00 |        61.8 |    90.1 |    75.1 
 abcijk-ekbc-ijea |   4096 |   9216 |    24 | 0.00 | 0.99 |        78.4 |    94.5 |    77.3 
       abc-bk-akc |    216 |  44064 |   204 | 0.89 | 1.00 |       152.3 |   142.5 |   134.5 

=== complex efficiency ratio (c32 GF/s over f32 GF/s; 1.0 = no penalty) ===
             case | planar c32/f32 | 1m c32/f32 | 3m c32/f32 
------------------+----------------+------------+------------
         ij-ik-kj |          1.023 |      1.005 |      0.948 
       ij-ikl-ljk |          1.494 |      1.452 |      1.424 
       ij-kil-lkj |          1.615 |      1.538 |      1.473 
       ijk-ikl-lj |          1.309 |      1.184 |      1.159 
       ijk-il-jlk |          1.459 |      1.416 |      1.343 
       ijk-ilk-jl |          1.238 |      1.200 |      1.097 
       ijk-ilk-lj |          1.255 |      1.164 |      1.088 
     ijk-ilmk-mjl |          1.338 |      1.231 |      1.039 
   ijkl-imjn-lnkm |          1.065 |      1.068 |      1.003 
   ijkl-imjn-nlmk |          1.053 |      1.059 |      1.003 
   ijkl-imkn-jnlm |          1.063 |      1.078 |      0.979 
   ijkl-imkn-njml |          1.066 |      1.084 |      0.994 
   ijkl-imln-jnkm |          1.036 |      1.058 |      0.970 
   ijkl-imln-njmk |          1.040 |      1.056 |      0.967 
   ijkl-imnj-nlkm |          1.053 |      1.059 |      0.993 
   ijkl-imnk-njml |          1.045 |      1.062 |      0.965 
   ijkl-minj-nlmk |          1.108 |      1.082 |      1.036 
   ijkl-mink-jnlm |          1.026 |      1.047 |      0.966 
   ijkl-minl-njmk |          1.114 |      1.132 |      1.054 
     aqrs-pa-pqrs |          1.591 |      1.563 |      1.612 
     abrs-qb-aqrs |          1.516 |      1.392 |      1.290 
     abcs-rc-abrs |          1.644 |      1.251 |      1.302 
       abj-bka-kj |          1.780 |      1.681 |      1.719 
       ajb-kba-jk |          1.289 |      1.202 |      1.307 
     abjc-cbka-kj |          1.797 |      1.585 |      2.076 
     ajbc-ckba-jk |          1.866 |      1.703 |      1.893 
     abjc-kbac-jk |          1.682 |      1.362 |      1.413 
   abjcd-dkbac-jk |          1.804 |      1.637 |      1.861 
   adbjc-cbdka-kj |          2.968 |      2.903 |      2.344 
   ajbdc-ckbad-jk |          1.846 |      1.746 |      2.135 
 abcijk-ijma-mkbc |          1.700 |      2.014 |      1.678 
 abcijk-ijmb-mkac |          1.603 |      2.315 |      1.781 
 abcijk-ijmc-mkab |          1.588 |      1.481 |      1.487 
 abcijk-ikma-mjbc |          1.635 |      1.910 |      1.605 
 abcijk-ikmb-mjac |          1.617 |      2.320 |      1.929 
 abcijk-ikmc-mjab |          1.629 |      1.450 |      1.411 
 abcijk-jkma-mibc |          1.915 |      2.368 |      1.942 
 abcijk-jkmb-miac |          2.438 |      3.616 |      3.025 
 abcijk-jkmc-miab |          1.649 |      1.420 |      1.443 
 abcijk-eiab-jkec |          1.650 |      1.426 |      1.451 
 abcijk-eiac-jkeb |          2.482 |      3.690 |      3.066 
 abcijk-eibc-jkea |          2.038 |      2.589 |      2.090 
 abcijk-ejab-ikec |          1.653 |      1.472 |      1.487 
 abcijk-ejac-ikeb |          1.613 |      2.348 |      1.951 
 abcijk-ejbc-ikea |          1.669 |      2.000 |      1.661 
 abcijk-ekab-ijec |          1.627 |      1.466 |      1.462 
 abcijk-ekac-ijeb |          1.606 |      2.342 |      1.953 
 abcijk-ekbc-ijea |          1.633 |      1.969 |      1.610 
       abc-bk-akc |          1.292 |      1.209 |      1.141 
             MEAN |          1.535 |      1.621 |      1.503 

wrote bench-results/ab-deepen/B-f32c32.csv
