host        : ccqlin038.flatironinstitute.org
target      : x86_64 / linux
cpu features: avx2 fma avx512f avx512dq 
caches      : L1=32KiB/8-way/2sh L2=1024KiB/16-way/2sh L3=25344KiB/11-way/16sh (via sysfs), blocking=legacy
baselines   : tblis=false blas=false

sweeping 49 cases at 64 MiB nominal tensor size, 3 reps, stress=none


=== f64 ===
             case |      m |      n |     k | regA | regB | planar GF/s | 1m GF/s | 3m GF/s 
------------------+--------+--------+-------+------+------+-------------+---------+---------
         ij-ik-kj |   2904 |   2896 |  2904 | 1.00 | 1.00 |        75.6 |    75.6 |    75.6 
       ij-ikl-ljk |    216 |    204 | 44064 | 1.00 | 1.00 |        41.2 |    41.2 |    41.2 
       ij-kil-lkj |    216 |    204 | 46656 | 1.00 | 1.00 |        42.0 |    42.0 |    42.0 
       ijk-ikl-lj |  44064 |    204 |   216 | 1.00 | 1.00 |        59.4 |    59.4 |    59.4 
       ijk-il-jlk |    216 |  44064 |   204 | 1.00 | 1.00 |        46.3 |    46.3 |    46.3 
       ijk-ilk-jl |  44064 |    216 |   204 | 1.00 | 1.00 |        61.2 |    61.2 |    61.2 
       ijk-ilk-lj |  44064 |    204 |   216 | 1.00 | 1.00 |        60.8 |    60.8 |    60.8 
     ijk-ilmk-mjl |   3744 |     52 |  3744 | 1.00 | 1.00 |        40.4 |    40.4 |    40.4 
   ijkl-imjn-lnkm |   3744 |   3744 |  2704 | 1.00 | 0.92 |        69.9 |    69.9 |    69.9 
   ijkl-imjn-nlmk |   3744 |   2704 |  3744 | 1.00 | 0.92 |        68.4 |    68.4 |    68.4 
   ijkl-imkn-jnlm |   3744 |   3744 |  2704 | 1.00 | 1.00 |        70.2 |    70.2 |    70.2 
   ijkl-imkn-njml |   3744 |   2704 |  3744 | 1.00 | 0.92 |        67.7 |    67.7 |    67.7 
   ijkl-imln-jnkm |   3744 |   3744 |  2704 | 1.00 | 1.00 |        69.2 |    69.2 |    69.2 
   ijkl-imln-njmk |   3744 |   2704 |  3744 | 1.00 | 0.92 |        68.8 |    68.8 |    68.8 
   ijkl-imnj-nlkm |   3744 |   2704 |  3744 | 1.00 | 0.92 |        69.8 |    69.8 |    69.8 
   ijkl-imnk-njml |   3744 |   2704 |  3744 | 1.00 | 0.92 |        69.3 |    69.3 |    69.3 
   ijkl-minj-nlmk |   3744 |   2704 |  5184 | 1.00 | 0.92 |        67.4 |    67.4 |    67.4 
   ijkl-mink-jnlm |   3744 |   3744 |  3744 | 1.00 | 1.00 |        68.5 |    68.5 |    68.5 
   ijkl-minl-njmk |   3744 |   2704 |  5184 | 1.00 | 0.92 |        67.2 |    67.2 |    67.2 
     aqrs-pa-pqrs |     72 | 140608 |    72 | 1.00 | 1.00 |        31.6 |    31.6 |    31.6 
     abrs-qb-aqrs |     52 | 194688 |    72 | 1.00 | 1.00 |        34.6 |    34.6 |    34.6 
     abcs-rc-abrs |     52 | 194688 |    72 | 1.00 | 1.00 |        26.0 |    26.0 |    26.0 
       abj-bka-kj |  46656 |    204 |   216 | 1.00 | 1.00 |        41.1 |    41.1 |    41.1 
       ajb-kba-jk |  44064 |    216 |   216 | 1.00 | 1.00 |        59.6 |    59.6 |    59.6 
     abjc-cbka-kj | 269568 |     52 |    72 | 1.00 | 1.00 |         8.2 |     8.2 |     8.2 
     ajbc-ckba-jk | 269568 |     72 |    52 | 1.00 | 1.00 |        13.2 |    13.2 |    13.2 
     abjc-kbac-jk | 194688 |     72 |    72 | 1.00 | 1.00 |        30.2 |    30.2 |    30.2 
   abjcd-dkbac-jk | 331776 |     24 |    24 | 1.00 | 1.00 |         2.0 |     2.0 |     2.0 
   adbjc-cbdka-kj | 331776 |     24 |    24 | 1.00 | 1.00 |         0.9 |     0.9 |     0.9 
   ajbdc-ckbad-jk | 331776 |     24 |    24 | 1.00 | 1.00 |         2.1 |     2.1 |     2.1 
 abcijk-ijma-mkbc |   9216 |   4096 |    24 | 1.00 | 1.00 |        31.5 |    31.5 |    31.5 
 abcijk-ijmb-mkac |   6144 |   6144 |    24 | 1.00 | 1.00 |        30.7 |    30.7 |    30.7 
 abcijk-ijmc-mkab |   6144 |   6144 |    24 | 1.00 | 1.00 |        28.5 |    28.5 |    28.5 
 abcijk-ikma-mjbc |   9216 |   4096 |    24 | 1.00 | 1.00 |        31.9 |    31.9 |    31.9 
 abcijk-ikmb-mjac |   6144 |   6144 |    24 | 1.00 | 1.00 |        30.4 |    30.4 |    30.4 
 abcijk-ikmc-mjab |   6144 |   6144 |    24 | 1.00 | 1.00 |        28.2 |    28.2 |    28.2 
 abcijk-jkma-mibc |   9216 |   4096 |    24 | 1.00 | 1.00 |        32.1 |    32.1 |    32.1 
 abcijk-jkmb-miac |   6144 |   6144 |    24 | 1.00 | 1.00 |        30.4 |    30.4 |    30.4 
 abcijk-jkmc-miab |   6144 |   6144 |    24 | 1.00 | 1.00 |        27.7 |    27.7 |    27.7 
 abcijk-eiab-jkec |   6144 |   6144 |    24 | 1.00 | 1.00 |        28.1 |    28.1 |    28.1 
 abcijk-eiac-jkeb |   6144 |   6144 |    24 | 1.00 | 1.00 |        30.1 |    30.1 |    30.1 
 abcijk-eibc-jkea |   4096 |   9216 |    24 | 1.00 | 1.00 |        31.9 |    31.9 |    31.9 
 abcijk-ejab-ikec |   6144 |   6144 |    24 | 1.00 | 1.00 |        28.6 |    28.6 |    28.6 
 abcijk-ejac-ikeb |   6144 |   6144 |    24 | 1.00 | 1.00 |        30.5 |    30.5 |    30.5 
 abcijk-ejbc-ikea |   4096 |   9216 |    24 | 1.00 | 1.00 |        32.5 |    32.5 |    32.5 
 abcijk-ekab-ijec |   6144 |   6144 |    24 | 1.00 | 1.00 |        28.7 |    28.7 |    28.7 
 abcijk-ekac-ijeb |   6144 |   6144 |    24 | 1.00 | 1.00 |        29.8 |    29.8 |    29.8 
 abcijk-ekbc-ijea |   4096 |   9216 |    24 | 1.00 | 1.00 |        32.2 |    32.2 |    32.2 
       abc-bk-akc |    216 |  44064 |   204 | 1.00 | 1.00 |        57.4 |    57.4 |    57.4 

=== c64 ===
             case |      m |      n |     k | regA | regB | planar GF/s | 1m GF/s | 3m GF/s 
------------------+--------+--------+-------+------+------+-------------+---------+---------
         ij-ik-kj |   2904 |   2896 |  2904 | 1.00 | 1.00 |        79.8 |    69.5 |    71.3 
       ij-ikl-ljk |    216 |    204 | 44064 | 1.00 | 1.00 |        56.2 |    50.2 |    45.8 
       ij-kil-lkj |    216 |    204 | 46656 | 1.00 | 1.00 |        59.2 |    57.3 |    52.1 
       ijk-ikl-lj |  44064 |    204 |   216 | 1.00 | 1.00 |        76.1 |    67.6 |    66.4 
       ijk-il-jlk |    216 |  44064 |   204 | 1.00 | 1.00 |        73.4 |    69.7 |    65.9 
       ijk-ilk-jl |  44064 |    216 |   204 | 0.96 | 1.00 |        76.9 |    70.9 |    67.6 
       ijk-ilk-lj |  44064 |    204 |   216 | 0.96 | 1.00 |        76.3 |    69.8 |    66.7 
     ijk-ilmk-mjl |   3744 |     52 |  3744 | 0.89 | 1.00 |        54.4 |    45.0 |    45.0 
   ijkl-imjn-lnkm |   3744 |   3744 |  2704 | 0.89 | 0.92 |        80.8 |    70.0 |    70.6 
   ijkl-imjn-nlmk |   3744 |   2704 |  3744 | 0.89 | 0.92 |        79.9 |    68.8 |    69.7 
   ijkl-imkn-jnlm |   3744 |   3744 |  2704 | 0.89 | 1.00 |        76.7 |    70.0 |    68.3 
   ijkl-imkn-njml |   3744 |   2704 |  3744 | 0.89 | 0.92 |        76.5 |    69.2 |    68.6 
   ijkl-imln-jnkm |   3744 |   3744 |  2704 | 0.89 | 1.00 |        77.0 |    68.9 |    69.3 
   ijkl-imln-njmk |   3744 |   2704 |  3744 | 0.89 | 0.92 |        77.1 |    69.5 |    70.0 
   ijkl-imnj-nlkm |   3744 |   2704 |  3744 | 0.89 | 0.92 |        80.4 |    69.5 |    71.7 
   ijkl-imnk-njml |   3744 |   2704 |  3744 | 0.89 | 0.92 |        77.9 |    70.0 |    69.2 
   ijkl-minj-nlmk |   3744 |   2704 |  5184 | 0.89 | 0.92 |        79.6 |    68.3 |    69.8 
   ijkl-mink-jnlm |   3744 |   3744 |  3744 | 0.89 | 1.00 |        72.9 |    67.9 |    67.0 
   ijkl-minl-njmk |   3744 |   2704 |  5184 | 0.89 | 0.92 |        73.4 |    67.1 |    67.0 
     aqrs-pa-pqrs |     72 | 140608 |    72 | 1.00 | 1.00 |        45.4 |    48.6 |    47.2 
     abrs-qb-aqrs |     52 | 194688 |    72 | 0.89 | 1.00 |        48.7 |    44.0 |    45.1 
     abcs-rc-abrs |     52 | 194688 |    72 | 1.00 | 1.00 |        43.2 |    36.2 |    38.3 
       abj-bka-kj |  46656 |    204 |   216 | 0.96 | 1.00 |        63.4 |    56.0 |    57.5 
       ajb-kba-jk |  44064 |    216 |   216 | 0.96 | 1.00 |        77.7 |    76.4 |    74.0 
     abjc-cbka-kj | 269568 |     52 |    72 | 0.89 | 1.00 |        12.8 |    12.5 |    16.1 
     ajbc-ckba-jk | 269568 |     72 |    52 | 0.89 | 1.00 |        23.3 |    22.6 |    25.9 
     abjc-kbac-jk | 194688 |     72 |    72 | 0.89 | 1.00 |        55.8 |    50.5 |    50.8 
   abjcd-dkbac-jk | 331776 |     24 |    24 | 0.67 | 1.00 |         6.5 |     5.7 |     7.2 
   adbjc-cbdka-kj | 331776 |     24 |    24 | 0.67 | 1.00 |         3.8 |     3.3 |     3.3 
   ajbdc-ckbad-jk | 331776 |     24 |    24 | 1.00 | 1.00 |         5.7 |     5.8 |     7.3 
 abcijk-ijma-mkbc |   9216 |   4096 |    24 | 1.00 | 0.99 |        44.6 |    39.4 |    37.9 
 abcijk-ijmb-mkac |   6144 |   6144 |    24 | 1.00 | 0.88 |        47.2 |    43.7 |    41.5 
 abcijk-ijmc-mkab |   6144 |   6144 |    24 | 1.00 | 0.75 |        47.9 |    44.3 |    43.2 
 abcijk-ikma-mjbc |   9216 |   4096 |    24 | 1.00 | 0.99 |        45.0 |    39.4 |    38.1 
 abcijk-ikmb-mjac |   6144 |   6144 |    24 | 1.00 | 0.88 |        47.5 |    43.2 |    42.0 
 abcijk-ikmc-mjab |   6144 |   6144 |    24 | 1.00 | 0.75 |        48.0 |    44.3 |    43.4 
 abcijk-jkma-mibc |   9216 |   4096 |    24 | 1.00 | 0.99 |        44.5 |    40.4 |    37.8 
 abcijk-jkmb-miac |   6144 |   6144 |    24 | 1.00 | 0.88 |        47.9 |    44.3 |    41.8 
 abcijk-jkmc-miab |   6144 |   6144 |    24 | 1.00 | 0.75 |        48.3 |    44.8 |    43.5 
 abcijk-eiab-jkec |   6144 |   6144 |    24 | 1.00 | 0.75 |        47.5 |    44.7 |    43.5 
 abcijk-eiac-jkeb |   6144 |   6144 |    24 | 1.00 | 0.88 |        47.6 |    43.2 |    41.8 
 abcijk-eibc-jkea |   4096 |   9216 |    24 | 1.00 | 0.99 |        44.2 |    38.4 |    38.2 
 abcijk-ejab-ikec |   6144 |   6144 |    24 | 1.00 | 0.75 |        47.9 |    43.7 |    42.7 
 abcijk-ejac-ikeb |   6144 |   6144 |    24 | 1.00 | 0.88 |        47.1 |    43.1 |    41.7 
 abcijk-ejbc-ikea |   4096 |   9216 |    24 | 1.00 | 0.99 |        44.6 |    38.8 |    37.1 
 abcijk-ekab-ijec |   6144 |   6144 |    24 | 1.00 | 0.75 |        47.4 |    43.8 |    43.1 
 abcijk-ekac-ijeb |   6144 |   6144 |    24 | 1.00 | 0.88 |        47.2 |    42.6 |    41.9 
 abcijk-ekbc-ijea |   4096 |   9216 |    24 | 1.00 | 0.99 |        44.4 |    39.6 |    38.1 
       abc-bk-akc |    216 |  44064 |   204 | 0.96 | 1.00 |        75.6 |    67.2 |    66.9 

=== complex efficiency ratio (c64 GF/s over f64 GF/s; 1.0 = no penalty) ===
             case | planar c64/f64 | 1m c64/f64 | 3m c64/f64 
------------------+----------------+------------+------------
         ij-ik-kj |          1.055 |      0.919 |      0.943 
       ij-ikl-ljk |          1.362 |      1.219 |      1.112 
       ij-kil-lkj |          1.409 |      1.363 |      1.241 
       ijk-ikl-lj |          1.281 |      1.138 |      1.118 
       ijk-il-jlk |          1.586 |      1.506 |      1.425 
       ijk-ilk-jl |          1.256 |      1.157 |      1.104 
       ijk-ilk-lj |          1.255 |      1.149 |      1.097 
     ijk-ilmk-mjl |          1.349 |      1.116 |      1.116 
   ijkl-imjn-lnkm |          1.155 |      1.001 |      1.009 
   ijkl-imjn-nlmk |          1.168 |      1.005 |      1.018 
   ijkl-imkn-jnlm |          1.093 |      0.997 |      0.974 
   ijkl-imkn-njml |          1.130 |      1.022 |      1.013 
   ijkl-imln-jnkm |          1.112 |      0.996 |      1.002 
   ijkl-imln-njmk |          1.120 |      1.010 |      1.018 
   ijkl-imnj-nlkm |          1.152 |      0.996 |      1.028 
   ijkl-imnk-njml |          1.123 |      1.010 |      0.998 
   ijkl-minj-nlmk |          1.181 |      1.013 |      1.036 
   ijkl-mink-jnlm |          1.066 |      0.992 |      0.979 
   ijkl-minl-njmk |          1.092 |      0.999 |      0.997 
     aqrs-pa-pqrs |          1.436 |      1.537 |      1.493 
     abrs-qb-aqrs |          1.409 |      1.272 |      1.305 
     abcs-rc-abrs |          1.663 |      1.391 |      1.472 
       abj-bka-kj |          1.545 |      1.363 |      1.401 
       ajb-kba-jk |          1.304 |      1.282 |      1.242 
     abjc-cbka-kj |          1.566 |      1.535 |      1.972 
     ajbc-ckba-jk |          1.756 |      1.705 |      1.953 
     abjc-kbac-jk |          1.847 |      1.671 |      1.682 
   abjcd-dkbac-jk |          3.234 |      2.796 |      3.548 
   adbjc-cbdka-kj |          4.493 |      3.821 |      3.819 
   ajbdc-ckbad-jk |          2.765 |      2.822 |      3.511 
 abcijk-ijma-mkbc |          1.418 |      1.252 |      1.203 
 abcijk-ijmb-mkac |          1.538 |      1.423 |      1.353 
 abcijk-ijmc-mkab |          1.681 |      1.554 |      1.518 
 abcijk-ikma-mjbc |          1.410 |      1.235 |      1.193 
 abcijk-ikmb-mjac |          1.563 |      1.422 |      1.383 
 abcijk-ikmc-mjab |          1.701 |      1.568 |      1.536 
 abcijk-jkma-mibc |          1.387 |      1.259 |      1.179 
 abcijk-jkmb-miac |          1.575 |      1.455 |      1.374 
 abcijk-jkmc-miab |          1.745 |      1.618 |      1.573 
 abcijk-eiab-jkec |          1.693 |      1.591 |      1.548 
 abcijk-eiac-jkeb |          1.579 |      1.433 |      1.386 
 abcijk-eibc-jkea |          1.384 |      1.202 |      1.196 
 abcijk-ejab-ikec |          1.676 |      1.531 |      1.493 
 abcijk-ejac-ikeb |          1.544 |      1.413 |      1.367 
 abcijk-ejbc-ikea |          1.374 |      1.197 |      1.144 
 abcijk-ekab-ijec |          1.652 |      1.527 |      1.503 
 abcijk-ekac-ijeb |          1.586 |      1.431 |      1.408 
 abcijk-ekbc-ijea |          1.381 |      1.230 |      1.183 
       abc-bk-akc |          1.318 |      1.171 |      1.166 
             MEAN |          1.534 |      1.394 |      1.415 

wrote bench-results/ab-deepen/B-f64c64.csv
