host        : worker6156
target      : x86_64 / linux
cpu features: avx2 fma avx512f avx512dq 
caches      : L1=48KiB/12-way/1sh L2=1280KiB/20-way/1sh L3=49152KiB/12-way/32sh (via sysfs), blocking=legacy
baselines   : tblis=true blas=true
tblis       : abi 2.x, 1 thread(s)

sweeping 49 cases at 64 MiB nominal tensor size, 3 reps, stress=none


=== f64 ===
             case |      m |      n |     k | regA | regB | planar GF/s | 1m GF/s | 3m GF/s | ttgt GF/s | tblis GF/s 
------------------+--------+--------+-------+------+------+-------------+---------+---------+-----------+------------
         ij-ik-kj |   2904 |   2896 |  2904 | 1.00 | 1.00 |        71.7 |    71.7 |    71.7 |      90.6 |       82.9 
       ij-ikl-ljk |    216 |    204 | 44064 | 1.00 | 1.00 |        41.0 |    41.0 |    41.0 |      41.2 |       43.5 
       ij-kil-lkj |    216 |    204 | 46656 | 1.00 | 1.00 |        40.4 |    40.4 |    40.4 |      41.7 |       33.7 
       ijk-ikl-lj |  44064 |    204 |   216 | 1.00 | 1.00 |        58.5 |    58.5 |    58.5 |      43.7 |       57.7 
       ijk-il-jlk |    216 |  44064 |   204 | 1.00 | 1.00 |        48.5 |    48.5 |    48.5 |      35.0 |       56.8 
       ijk-ilk-jl |  44064 |    216 |   204 | 1.00 | 1.00 |        63.0 |    63.0 |    63.0 |      42.7 |       56.8 
       ijk-ilk-lj |  44064 |    204 |   216 | 1.00 | 1.00 |        61.5 |    61.5 |    61.5 |      43.1 |       56.2 
     ijk-ilmk-mjl |   3744 |     52 |  3744 | 1.00 | 1.00 |        44.0 |    44.0 |    44.0 |      35.6 |       27.6 
   ijkl-imjn-lnkm |   3744 |   3744 |  2704 | 1.00 | 0.92 |        71.0 |    71.0 |    71.0 |      88.7 |       81.5 
   ijkl-imjn-nlmk |   3744 |   2704 |  3744 | 1.00 | 0.92 |        70.6 |    70.6 |    70.6 |      92.2 |       79.6 
   ijkl-imkn-jnlm |   3744 |   3744 |  2704 | 1.00 | 1.00 |        69.6 |    69.6 |    69.6 |      91.8 |       78.3 
   ijkl-imkn-njml |   3744 |   2704 |  3744 | 1.00 | 0.92 |        69.5 |    69.5 |    69.5 |      92.8 |       76.7 
   ijkl-imln-jnkm |   3744 |   3744 |  2704 | 1.00 | 1.00 |        69.7 |    69.7 |    69.7 |      91.8 |       80.5 
   ijkl-imln-njmk |   3744 |   2704 |  3744 | 1.00 | 0.92 |        69.4 |    69.4 |    69.4 |      92.9 |       79.5 
   ijkl-imnj-nlkm |   3744 |   2704 |  3744 | 1.00 | 0.92 |        70.5 |    70.5 |    70.5 |      93.2 |       79.7 
   ijkl-imnk-njml |   3744 |   2704 |  3744 | 1.00 | 0.92 |        69.5 |    69.5 |    69.5 |      92.9 |       76.7 
   ijkl-minj-nlmk |   3744 |   2704 |  5184 | 1.00 | 0.92 |        69.6 |    69.6 |    69.6 |      92.1 |       78.4 
   ijkl-mink-jnlm |   3744 |   3744 |  3744 | 1.00 | 1.00 |        69.1 |    69.1 |    69.1 |      92.8 |       78.2 
   ijkl-minl-njmk |   3744 |   2704 |  5184 | 1.00 | 0.92 |        68.7 |    68.7 |    68.7 |      92.4 |       78.3 
     aqrs-pa-pqrs |     72 | 140608 |    72 | 1.00 | 1.00 |        37.6 |    37.6 |    37.6 |      17.5 |       23.9 
     abrs-qb-aqrs |     52 | 194688 |    72 | 1.00 | 1.00 |        42.6 |    42.6 |    42.6 |      14.8 |       25.5 
     abcs-rc-abrs |     52 | 194688 |    72 | 1.00 | 1.00 |        49.9 |    49.9 |    49.9 |      13.8 |       29.9 
       abj-bka-kj |  46656 |    204 |   216 | 1.00 | 1.00 |        44.7 |    44.7 |    44.7 |      39.1 |       40.3 
       ajb-kba-jk |  44064 |    216 |   216 | 1.00 | 1.00 |        64.2 |    64.2 |    64.2 |      31.0 |       58.4 
     abjc-cbka-kj | 269568 |     52 |    72 | 1.00 | 1.00 |        15.5 |    15.5 |    15.5 |      15.0 |       12.5 
     ajbc-ckba-jk | 269568 |     72 |    52 | 1.00 | 1.00 |        22.4 |    22.4 |    22.4 |      13.5 |       22.8 
     abjc-kbac-jk | 194688 |     72 |    72 | 1.00 | 1.00 |        55.9 |    55.9 |    55.9 |      12.5 |       34.0 
   abjcd-dkbac-jk | 331776 |     24 |    24 | 1.00 | 1.00 |         8.9 |     8.9 |     8.9 |       4.4 |        8.6 
   adbjc-cbdka-kj | 331776 |     24 |    24 | 1.00 | 1.00 |         7.1 |     7.1 |     7.1 |       5.6 |        5.3 
   ajbdc-ckbad-jk | 331776 |     24 |    24 | 1.00 | 1.00 |         8.8 |     8.8 |     8.8 |       4.2 |       11.8 
 abcijk-ijma-mkbc |   9216 |   4096 |    24 | 1.00 | 1.00 |        45.6 |    45.6 |    45.6 |       9.0 |       31.7 
 abcijk-ijmb-mkac |   6144 |   6144 |    24 | 1.00 | 1.00 |        39.3 |    39.3 |    39.3 |       6.1 |       11.4 
 abcijk-ijmc-mkab |   6144 |   6144 |    24 | 1.00 | 1.00 |        41.2 |    41.2 |    41.2 |       4.9 |       32.1 
 abcijk-ikma-mjbc |   9216 |   4096 |    24 | 1.00 | 1.00 |        45.8 |    45.8 |    45.8 |       8.9 |       31.7 
 abcijk-ikmb-mjac |   6144 |   6144 |    24 | 1.00 | 1.00 |        39.3 |    39.3 |    39.3 |       6.1 |       11.9 
 abcijk-ikmc-mjab |   6144 |   6144 |    24 | 1.00 | 1.00 |        41.1 |    41.1 |    41.1 |       4.9 |       20.9 
 abcijk-jkma-mibc |   9216 |   4096 |    24 | 1.00 | 1.00 |        43.2 |    43.2 |    43.2 |       8.9 |       31.0 
 abcijk-jkmb-miac |   6144 |   6144 |    24 | 1.00 | 1.00 |        38.2 |    38.2 |    38.2 |       6.1 |        9.3 
 abcijk-jkmc-miab |   6144 |   6144 |    24 | 1.00 | 1.00 |        40.5 |    40.5 |    40.5 |       4.9 |       20.9 
 abcijk-eiab-jkec |   6144 |   6144 |    24 | 1.00 | 1.00 |        40.6 |    40.6 |    40.6 |      10.0 |       21.0 
 abcijk-eiac-jkeb |   6144 |   6144 |    24 | 1.00 | 1.00 |        38.2 |    38.2 |    38.2 |       8.6 |        9.3 
 abcijk-eibc-jkea |   4096 |   9216 |    24 | 1.00 | 1.00 |        43.2 |    43.2 |    43.2 |       7.9 |       30.9 
 abcijk-ejab-ikec |   6144 |   6144 |    24 | 1.00 | 1.00 |        41.2 |    41.2 |    41.2 |      10.0 |       20.9 
 abcijk-ejac-ikeb |   6144 |   6144 |    24 | 1.00 | 1.00 |        39.5 |    39.5 |    39.5 |       8.6 |       11.9 
 abcijk-ejbc-ikea |   4096 |   9216 |    24 | 1.00 | 1.00 |        45.7 |    45.7 |    45.7 |       7.9 |       31.7 
 abcijk-ekab-ijec |   6144 |   6144 |    24 | 1.00 | 1.00 |        41.2 |    41.2 |    41.2 |      10.0 |       32.0 
 abcijk-ekac-ijeb |   6144 |   6144 |    24 | 1.00 | 1.00 |        39.3 |    39.3 |    39.3 |       8.6 |       11.4 
 abcijk-ekbc-ijea |   4096 |   9216 |    24 | 1.00 | 1.00 |        45.8 |    45.8 |    45.8 |       7.9 |       31.7 
       abc-bk-akc |    216 |  44064 |   204 | 1.00 | 1.00 |        63.6 |    63.6 |    63.6 |      30.8 |       56.8 

=== c64 ===
             case |      m |      n |     k | regA | regB | planar GF/s | 1m GF/s | 3m GF/s | ttgt GF/s | tblis GF/s 
------------------+--------+--------+-------+------+------+-------------+---------+---------+-----------+------------
         ij-ik-kj |   2904 |   2896 |  2904 | 1.00 | 1.00 |        90.8 |    73.4 |    58.4 |      84.7 |       85.5 
       ij-ikl-ljk |    216 |    204 | 44064 | 1.00 | 1.00 |        62.0 |    52.8 |    44.4 |      53.7 |       66.2 
       ij-kil-lkj |    216 |    204 | 46656 | 1.00 | 1.00 |        64.5 |    54.6 |    45.7 |      51.5 |       58.5 
       ijk-ikl-lj |  44064 |    204 |   216 | 1.00 | 1.00 |        83.4 |    66.2 |    54.4 |      55.8 |       71.5 
       ijk-il-jlk |    216 |  44064 |   204 | 1.00 | 1.00 |        80.7 |    68.0 |    54.2 |      47.2 |       70.2 
       ijk-ilk-jl |  44064 |    216 |   204 | 0.96 | 1.00 |        85.4 |    68.8 |    55.5 |      55.2 |       72.3 
       ijk-ilk-lj |  44064 |    204 |   216 | 0.96 | 1.00 |        85.2 |    67.5 |    54.9 |      55.6 |       72.3 
     ijk-ilmk-mjl |   3744 |     52 |  3744 | 0.89 | 1.00 |        64.7 |    52.8 |    40.7 |      50.0 |       51.0 
   ijkl-imjn-lnkm |   3744 |   3744 |  2704 | 0.89 | 0.92 |        90.8 |    73.8 |    58.1 |      83.9 |       82.0 
   ijkl-imjn-nlmk |   3744 |   2704 |  3744 | 0.89 | 0.92 |        90.8 |    73.9 |    58.3 |      85.1 |       80.5 
   ijkl-imkn-jnlm |   3744 |   3744 |  2704 | 0.89 | 1.00 |        89.3 |    73.2 |    58.2 |      84.8 |       80.9 
   ijkl-imkn-njml |   3744 |   2704 |  3744 | 0.89 | 0.92 |        89.1 |    73.1 |    57.8 |      85.4 |       79.1 
   ijkl-imln-jnkm |   3744 |   3744 |  2704 | 0.89 | 1.00 |        89.4 |    73.3 |    58.1 |      84.8 |       84.4 
   ijkl-imln-njmk |   3744 |   2704 |  3744 | 0.89 | 0.92 |        89.1 |    73.1 |    57.7 |      85.4 |       83.7 
   ijkl-imnj-nlkm |   3744 |   2704 |  3744 | 0.89 | 0.92 |        91.0 |    74.0 |    58.2 |      85.5 |       80.7 
   ijkl-imnk-njml |   3744 |   2704 |  3744 | 0.89 | 0.92 |        89.0 |    73.1 |    57.7 |      85.4 |       79.4 
   ijkl-minj-nlmk |   3744 |   2704 |  5184 | 0.89 | 0.92 |        90.2 |    73.0 |    57.8 |      85.1 |       79.3 
   ijkl-mink-jnlm |   3744 |   3744 |  3744 | 0.89 | 1.00 |        89.1 |    72.6 |    57.9 |      85.1 |       80.6 
   ijkl-minl-njmk |   3744 |   2704 |  5184 | 0.89 | 0.92 |        88.5 |    72.3 |    57.3 |      85.2 |       82.5 
     aqrs-pa-pqrs |     72 | 140608 |    72 | 1.00 | 1.00 |        56.2 |    57.3 |    44.0 |      30.4 |       50.4 
     abrs-qb-aqrs |     52 | 194688 |    72 | 0.89 | 1.00 |        60.5 |    56.2 |    41.5 |      25.3 |       49.3 
     abcs-rc-abrs |     52 | 194688 |    72 | 1.00 | 1.00 |        67.7 |    59.4 |    44.6 |      24.9 |       56.4 
       abj-bka-kj |  46656 |    204 |   216 | 0.96 | 1.00 |        70.3 |    56.0 |    48.4 |      53.1 |       59.6 
       ajb-kba-jk |  44064 |    216 |   216 | 0.96 | 1.00 |        91.2 |    73.8 |    58.4 |      48.3 |       73.3 
     abjc-cbka-kj | 269568 |     52 |    72 | 0.89 | 1.00 |        32.2 |    30.1 |    25.8 |      25.7 |       34.7 
     ajbc-ckba-jk | 269568 |     72 |    52 | 0.89 | 1.00 |        36.2 |    36.7 |    30.3 |      21.9 |       41.9 
     abjc-kbac-jk | 194688 |     72 |    72 | 0.89 | 1.00 |        66.7 |    62.1 |    45.6 |      23.4 |       54.7 
   abjcd-dkbac-jk | 331776 |     24 |    24 | 0.67 | 1.00 |        15.7 |    13.0 |    12.9 |       9.8 |       19.5 
   adbjc-cbdka-kj | 331776 |     24 |    24 | 0.67 | 1.00 |        16.0 |    13.7 |    13.0 |      10.2 |       14.0 
   ajbdc-ckbad-jk | 331776 |     24 |    24 | 1.00 | 1.00 |        16.2 |    12.3 |    12.5 |       9.6 |       24.1 
 abcijk-ijma-mkbc |   9216 |   4096 |    24 | 1.00 | 0.99 |        62.0 |    54.5 |    42.7 |      16.9 |       45.2 
 abcijk-ijmb-mkac |   6144 |   6144 |    24 | 1.00 | 0.88 |        60.2 |    54.7 |    42.7 |      11.3 |       30.7 
 abcijk-ijmc-mkab |   6144 |   6144 |    24 | 1.00 | 0.75 |        60.9 |    59.6 |    45.8 |      10.9 |       49.7 
 abcijk-ikma-mjbc |   9216 |   4096 |    24 | 1.00 | 0.99 |        62.0 |    54.1 |    42.6 |      16.9 |       45.2 
 abcijk-ikmb-mjac |   6144 |   6144 |    24 | 1.00 | 0.88 |        60.4 |    54.7 |    42.7 |      11.4 |       31.3 
 abcijk-ikmc-mjab |   6144 |   6144 |    24 | 1.00 | 0.75 |        61.0 |    59.8 |    46.1 |      10.9 |       39.2 
 abcijk-jkma-mibc |   9216 |   4096 |    24 | 1.00 | 0.99 |        61.1 |    54.6 |    42.8 |      16.7 |       46.5 
 abcijk-jkmb-miac |   6144 |   6144 |    24 | 1.00 | 0.88 |        60.4 |    54.7 |    42.4 |       9.6 |       27.7 
 abcijk-jkmc-miab |   6144 |   6144 |    24 | 1.00 | 0.75 |        60.6 |    59.1 |    45.7 |       8.6 |       43.7 
 abcijk-eiab-jkec |   6144 |   6144 |    24 | 1.00 | 0.75 |        60.6 |    59.0 |    45.7 |      17.8 |       43.7 
 abcijk-eiac-jkeb |   6144 |   6144 |    24 | 1.00 | 0.88 |        60.3 |    54.6 |    42.4 |      17.0 |       27.7 
 abcijk-eibc-jkea |   4096 |   9216 |    24 | 1.00 | 0.99 |        61.1 |    54.5 |    42.8 |      14.3 |       46.5 
 abcijk-ejab-ikec |   6144 |   6144 |    24 | 1.00 | 0.75 |        61.0 |    59.8 |    46.1 |      17.8 |       39.3 
 abcijk-ejac-ikeb |   6144 |   6144 |    24 | 1.00 | 0.88 |        60.6 |    54.7 |    42.5 |      17.0 |       31.3 
 abcijk-ejbc-ikea |   4096 |   9216 |    24 | 1.00 | 0.99 |        61.8 |    54.1 |    42.6 |      14.1 |       45.2 
 abcijk-ekab-ijec |   6144 |   6144 |    24 | 1.00 | 0.75 |        60.9 |    59.7 |    45.8 |      17.8 |       49.7 
 abcijk-ekac-ijeb |   6144 |   6144 |    24 | 1.00 | 0.88 |        60.6 |    54.7 |    42.5 |      17.0 |       30.7 
 abcijk-ekbc-ijea |   4096 |   9216 |    24 | 1.00 | 0.99 |        61.7 |    54.3 |    42.7 |      14.1 |       45.3 
       abc-bk-akc |    216 |  44064 |   204 | 0.96 | 1.00 |        85.4 |    68.8 |    55.5 |      43.2 |       72.3 

=== complex efficiency ratio (c64 GF/s over f64 GF/s; 1.0 = no penalty) ===
             case | planar c64/f64 | 1m c64/f64 | 3m c64/f64 | ttgt c64/f64 | tblis c64/f64 
------------------+----------------+------------+------------+--------------+---------------
         ij-ik-kj |          1.265 |      1.024 |      0.814 |        0.935 |         1.032 
       ij-ikl-ljk |          1.514 |      1.289 |      1.083 |        1.301 |         1.522 
       ij-kil-lkj |          1.596 |      1.352 |      1.132 |        1.235 |         1.737 
       ijk-ikl-lj |          1.426 |      1.132 |      0.931 |        1.276 |         1.239 
       ijk-il-jlk |          1.663 |      1.403 |      1.117 |        1.349 |         1.237 
       ijk-ilk-jl |          1.356 |      1.092 |      0.881 |        1.292 |         1.272 
       ijk-ilk-lj |          1.386 |      1.097 |      0.892 |        1.290 |         1.287 
     ijk-ilmk-mjl |          1.472 |      1.201 |      0.925 |        1.406 |         1.846 
   ijkl-imjn-lnkm |          1.280 |      1.039 |      0.819 |        0.945 |         1.006 
   ijkl-imjn-nlmk |          1.286 |      1.047 |      0.825 |        0.924 |         1.011 
   ijkl-imkn-jnlm |          1.282 |      1.052 |      0.836 |        0.924 |         1.034 
   ijkl-imkn-njml |          1.282 |      1.052 |      0.831 |        0.920 |         1.031 
   ijkl-imln-jnkm |          1.282 |      1.051 |      0.833 |        0.924 |         1.049 
   ijkl-imln-njmk |          1.283 |      1.053 |      0.831 |        0.919 |         1.053 
   ijkl-imnj-nlkm |          1.291 |      1.050 |      0.826 |        0.917 |         1.013 
   ijkl-imnk-njml |          1.281 |      1.052 |      0.831 |        0.919 |         1.034 
   ijkl-minj-nlmk |          1.296 |      1.050 |      0.830 |        0.924 |         1.011 
   ijkl-mink-jnlm |          1.291 |      1.051 |      0.838 |        0.917 |         1.030 
   ijkl-minl-njmk |          1.288 |      1.053 |      0.835 |        0.922 |         1.053 
     aqrs-pa-pqrs |          1.495 |      1.524 |      1.171 |        1.733 |         2.105 
     abrs-qb-aqrs |          1.419 |      1.317 |      0.973 |        1.709 |         1.932 
     abcs-rc-abrs |          1.356 |      1.190 |      0.893 |        1.809 |         1.883 
       abj-bka-kj |          1.574 |      1.252 |      1.084 |        1.356 |         1.478 
       ajb-kba-jk |          1.421 |      1.149 |      0.910 |        1.560 |         1.255 
     abjc-cbka-kj |          2.074 |      1.941 |      1.663 |        1.708 |         2.771 
     ajbc-ckba-jk |          1.614 |      1.639 |      1.351 |        1.621 |         1.839 
     abjc-kbac-jk |          1.194 |      1.110 |      0.815 |        1.874 |         1.609 
   abjcd-dkbac-jk |          1.764 |      1.469 |      1.453 |        2.225 |         2.261 
   adbjc-cbdka-kj |          2.253 |      1.919 |      1.827 |        1.820 |         2.659 
   ajbdc-ckbad-jk |          1.852 |      1.408 |      1.427 |        2.310 |         2.045 
 abcijk-ijma-mkbc |          1.360 |      1.194 |      0.935 |        1.886 |         1.426 
 abcijk-ijmb-mkac |          1.529 |      1.390 |      1.086 |        1.866 |         2.697 
 abcijk-ijmc-mkab |          1.478 |      1.445 |      1.111 |        2.231 |         1.548 
 abcijk-ikma-mjbc |          1.353 |      1.182 |      0.930 |        1.892 |         1.425 
 abcijk-ikmb-mjac |          1.536 |      1.390 |      1.087 |        1.870 |         2.635 
 abcijk-ikmc-mjab |          1.486 |      1.456 |      1.122 |        2.236 |         1.878 
 abcijk-jkma-mibc |          1.413 |      1.262 |      0.991 |        1.866 |         1.501 
 abcijk-jkmb-miac |          1.582 |      1.432 |      1.111 |        1.584 |         2.990 
 abcijk-jkmc-miab |          1.497 |      1.460 |      1.130 |        1.761 |         2.090 
 abcijk-eiab-jkec |          1.492 |      1.454 |      1.127 |        1.773 |         2.082 
 abcijk-eiac-jkeb |          1.576 |      1.429 |      1.110 |        1.964 |         2.997 
 abcijk-eibc-jkea |          1.414 |      1.263 |      0.992 |        1.812 |         1.503 
 abcijk-ejab-ikec |          1.479 |      1.451 |      1.118 |        1.775 |         1.880 
 abcijk-ejac-ikeb |          1.534 |      1.385 |      1.077 |        1.972 |         2.638 
 abcijk-ejbc-ikea |          1.353 |      1.185 |      0.934 |        1.794 |         1.426 
 abcijk-ekab-ijec |          1.477 |      1.450 |      1.111 |        1.776 |         1.552 
 abcijk-ekac-ijeb |          1.541 |      1.392 |      1.080 |        1.973 |         2.694 
 abcijk-ekbc-ijea |          1.347 |      1.187 |      0.932 |        1.796 |         1.428 
       abc-bk-akc |          1.342 |      1.082 |      0.873 |        1.401 |         1.273 
             MEAN |          1.462 |      1.276 |      1.027 |        1.535 |         1.673 

wrote bench-results/worker6156-icelake/compare-tblis-x86_64/A-f64c64.csv
