host        : worker6156
target      : x86_64 / linux
cpu features: avx2 fma avx512f avx512dq 
caches      : L1=48KiB/12-way/1sh L2=1280KiB/20-way/1sh L3=49152KiB/12-way/32sh (via sysfs), blocking=legacy
baselines   : tblis=true blas=true
tblis       : abi 2.x, 1 thread(s)

sweeping 49 cases at 64 MiB nominal tensor size, 3 reps, stress=none


=== f32 ===
             case |      m |      n |     k | regA | regB | planar GF/s | 1m GF/s | 3m GF/s | ttgt GF/s | tblis GF/s 
------------------+--------+--------+-------+------+------+-------------+---------+---------+-----------+------------
         ij-ik-kj |   2904 |   2896 |  2904 | 1.00 | 1.00 |       168.8 |   168.8 |   168.8 |     166.4 |      166.3 
       ij-ikl-ljk |    216 |    204 | 44064 | 1.00 | 1.00 |        83.6 |    83.6 |    83.6 |      80.4 |       73.3 
       ij-kil-lkj |    216 |    204 | 46656 | 1.00 | 1.00 |        76.7 |    76.7 |    76.7 |      77.4 |       58.5 
       ijk-ikl-lj |  44064 |    204 |   216 | 1.00 | 1.00 |       141.0 |   141.0 |   141.0 |      74.7 |      104.0 
       ijk-il-jlk |    216 |  44064 |   204 | 1.00 | 1.00 |       121.9 |   121.9 |   121.9 |      69.1 |       93.1 
       ijk-ilk-jl |  44064 |    216 |   204 | 0.89 | 1.00 |       149.4 |   149.4 |   149.4 |      72.6 |       98.9 
       ijk-ilk-lj |  44064 |    204 |   216 | 0.89 | 1.00 |       147.0 |   147.0 |   147.0 |      73.1 |       98.0 
     ijk-ilmk-mjl |   3744 |     52 |  3744 | 0.67 | 1.00 |       100.5 |   100.5 |   100.5 |      59.5 |       41.9 
   ijkl-imjn-lnkm |   3744 |   3744 |  2704 | 0.67 | 0.92 |       165.2 |   165.2 |   165.2 |     157.1 |      161.9 
   ijkl-imjn-nlmk |   3744 |   2704 |  3744 | 0.67 | 0.92 |       166.6 |   166.6 |   166.6 |     167.7 |      159.0 
   ijkl-imkn-jnlm |   3744 |   3744 |  2704 | 0.67 | 1.00 |       168.4 |   168.4 |   168.4 |     166.6 |      151.0 
   ijkl-imkn-njml |   3744 |   2704 |  3744 | 0.67 | 0.92 |       166.8 |   166.8 |   166.8 |     169.1 |      151.1 
   ijkl-imln-jnkm |   3744 |   3744 |  2704 | 0.67 | 1.00 |       169.1 |   169.1 |   169.1 |     166.6 |      151.3 
   ijkl-imln-njmk |   3744 |   2704 |  3744 | 0.67 | 0.92 |       167.8 |   167.8 |   167.8 |     169.1 |      152.8 
   ijkl-imnj-nlkm |   3744 |   2704 |  3744 | 0.67 | 0.92 |       166.4 |   166.4 |   166.4 |     167.9 |      159.5 
   ijkl-imnk-njml |   3744 |   2704 |  3744 | 0.67 | 0.92 |       166.8 |   166.8 |   166.8 |     169.4 |      151.4 
   ijkl-minj-nlmk |   3744 |   2704 |  5184 | 0.67 | 0.92 |       162.2 |   162.2 |   162.2 |     166.9 |      155.3 
   ijkl-mink-jnlm |   3744 |   3744 |  3744 | 0.67 | 1.00 |       169.2 |   169.2 |   169.2 |     167.0 |      149.0 
   ijkl-minl-njmk |   3744 |   2704 |  5184 | 0.67 | 0.92 |       163.5 |   163.5 |   163.5 |     167.1 |      147.8 
     aqrs-pa-pqrs |     72 | 140608 |    72 | 1.00 | 1.00 |        68.9 |    68.9 |    68.9 |      34.4 |       44.3 
     abrs-qb-aqrs |     52 | 194688 |    72 | 0.67 | 1.00 |        80.9 |    80.9 |    80.9 |      26.3 |       40.3 
     abcs-rc-abrs |     52 | 194688 |    72 | 1.00 | 1.00 |        84.5 |    84.5 |    84.5 |      25.4 |       47.5 
       abj-bka-kj |  46656 |    204 |   216 | 0.89 | 1.00 |        70.3 |    70.3 |    70.3 |      67.2 |       61.4 
       ajb-kba-jk |  44064 |    216 |   216 | 0.89 | 1.00 |       141.9 |   141.9 |   141.9 |      46.0 |       95.8 
     abjc-cbka-kj | 269568 |     52 |    72 | 0.67 | 1.00 |        21.2 |    21.2 |    21.2 |      24.3 |       24.1 
     ajbc-ckba-jk | 269568 |     72 |    52 | 0.67 | 1.00 |        28.3 |    28.3 |    28.3 |      23.8 |       37.7 
     abjc-kbac-jk | 194688 |     72 |    72 | 0.67 | 1.00 |        70.5 |    70.5 |    70.5 |      18.1 |       51.0 
   abjcd-dkbac-jk | 331776 |     24 |    24 | 0.00 | 1.00 |        12.3 |    12.3 |    12.3 |       6.5 |       13.6 
   adbjc-cbdka-kj | 331776 |     24 |    24 | 0.00 | 1.00 |        11.4 |    11.4 |    11.4 |      11.1 |       11.3 
   ajbdc-ckbad-jk | 331776 |     24 |    24 | 0.00 | 1.00 |        11.2 |    11.2 |    11.2 |       6.1 |       15.6 
 abcijk-ijma-mkbc |   9216 |   4096 |    24 | 0.00 | 1.00 |        65.0 |    65.0 |    65.0 |      15.2 |       42.9 
 abcijk-ijmb-mkac |   6144 |   6144 |    24 | 0.00 | 1.00 |        48.7 |    48.7 |    48.7 |       9.4 |       17.5 
 abcijk-ijmc-mkab |   6144 |   6144 |    24 | 1.00 | 1.00 |        74.6 |    74.6 |    74.6 |       6.6 |       52.6 
 abcijk-ikma-mjbc |   9216 |   4096 |    24 | 0.00 | 1.00 |        64.9 |    64.9 |    64.9 |      15.2 |       43.0 
 abcijk-ikmb-mjac |   6144 |   6144 |    24 | 0.00 | 1.00 |        48.0 |    48.0 |    48.0 |       9.4 |       18.2 
 abcijk-ikmc-mjab |   6144 |   6144 |    24 | 1.00 | 1.00 |        76.0 |    76.0 |    76.0 |       6.7 |       52.8 
 abcijk-jkma-mibc |   9216 |   4096 |    24 | 0.00 | 1.00 |        60.7 |    60.7 |    60.7 |      15.1 |       39.6 
 abcijk-jkmb-miac |   6144 |   6144 |    24 | 0.00 | 1.00 |        32.6 |    32.6 |    32.6 |       9.4 |       15.0 
 abcijk-jkmc-miab |   6144 |   6144 |    24 | 1.00 | 1.00 |        75.1 |    75.1 |    75.1 |       6.6 |       38.7 
 abcijk-eiab-jkec |   6144 |   6144 |    24 | 1.00 | 1.00 |        75.0 |    75.0 |    75.0 |      18.9 |       38.3 
 abcijk-eiac-jkeb |   6144 |   6144 |    24 | 0.00 | 1.00 |        32.4 |    32.4 |    32.4 |      15.4 |       15.1 
 abcijk-eibc-jkea |   4096 |   9216 |    24 | 0.00 | 1.00 |        60.7 |    60.7 |    60.7 |      14.4 |       39.6 
 abcijk-ejab-ikec |   6144 |   6144 |    24 | 1.00 | 1.00 |        76.4 |    76.4 |    76.4 |      18.8 |       52.9 
 abcijk-ejac-ikeb |   6144 |   6144 |    24 | 0.00 | 1.00 |        48.0 |    48.0 |    48.0 |      15.2 |       18.2 
 abcijk-ejbc-ikea |   4096 |   9216 |    24 | 0.00 | 1.00 |        65.1 |    65.1 |    65.1 |      14.4 |       42.9 
 abcijk-ekab-ijec |   6144 |   6144 |    24 | 1.00 | 1.00 |        74.6 |    74.6 |    74.6 |      18.8 |       52.7 
 abcijk-ekac-ijeb |   6144 |   6144 |    24 | 0.00 | 1.00 |        48.9 |    48.9 |    48.9 |      15.3 |       17.4 
 abcijk-ekbc-ijea |   4096 |   9216 |    24 | 0.00 | 1.00 |        64.9 |    64.9 |    64.9 |      14.4 |       43.0 
       abc-bk-akc |    216 |  44064 |   204 | 0.89 | 1.00 |       149.2 |   149.2 |   149.2 |      63.3 |       98.2 

=== c32 ===
             case |      m |      n |     k | regA | regB | planar GF/s | 1m GF/s | 3m GF/s | ttgt GF/s | tblis GF/s 
------------------+--------+--------+-------+------+------+-------------+---------+---------+-----------+------------
         ij-ik-kj |   2904 |   2896 |  2904 | 1.00 | 1.00 |       178.9 |   173.3 |   119.4 |     179.6 |      171.9 
       ij-ikl-ljk |    216 |    204 | 44064 | 1.00 | 1.00 |       121.9 |   116.1 |    85.3 |     111.1 |      119.3 
       ij-kil-lkj |    216 |    204 | 46656 | 1.00 | 1.00 |       117.8 |   112.0 |    85.1 |     112.8 |      101.5 
       ijk-ikl-lj |  44064 |    204 |   216 | 1.00 | 1.00 |       170.3 |   158.9 |   108.4 |     111.0 |      133.1 
       ijk-il-jlk |    216 |  44064 |   204 | 1.00 | 1.00 |       165.7 |   160.0 |   109.5 |      98.8 |      133.6 
       ijk-ilk-jl |  44064 |    216 |   204 | 0.89 | 1.00 |       174.1 |   167.0 |   113.1 |     109.4 |      133.2 
       ijk-ilk-lj |  44064 |    204 |   216 | 0.89 | 1.00 |       172.9 |   166.0 |   111.5 |     110.1 |      132.6 
     ijk-ilmk-mjl |   3744 |     52 |  3744 | 0.67 | 1.00 |       121.8 |   113.9 |    75.7 |      94.7 |       79.9 
   ijkl-imjn-lnkm |   3744 |   3744 |  2704 | 0.67 | 0.92 |       173.7 |   169.7 |   118.3 |     177.8 |      170.2 
   ijkl-imjn-nlmk |   3744 |   2704 |  3744 | 0.67 | 0.92 |       177.8 |   173.8 |   120.3 |     181.1 |      166.2 
   ijkl-imkn-jnlm |   3744 |   3744 |  2704 | 0.67 | 1.00 |       177.6 |   176.0 |   119.3 |     180.7 |      164.9 
   ijkl-imkn-njml |   3744 |   2704 |  3744 | 0.67 | 0.92 |       178.8 |   176.4 |   120.2 |     181.7 |      160.1 
   ijkl-imln-jnkm |   3744 |   3744 |  2704 | 0.67 | 1.00 |       177.8 |   176.1 |   119.3 |     180.7 |      164.9 
   ijkl-imln-njmk |   3744 |   2704 |  3744 | 0.67 | 0.92 |       178.9 |   176.6 |   120.2 |     181.8 |      164.4 
   ijkl-imnj-nlkm |   3744 |   2704 |  3744 | 0.67 | 0.92 |       177.3 |   173.4 |   120.4 |     182.1 |      166.1 
   ijkl-imnk-njml |   3744 |   2704 |  3744 | 0.67 | 0.92 |       178.8 |   176.7 |   120.3 |     181.8 |      160.1 
   ijkl-minj-nlmk |   3744 |   2704 |  5184 | 0.67 | 0.92 |       175.4 |   171.2 |   119.6 |     181.3 |      164.5 
   ijkl-mink-jnlm |   3744 |   3744 |  3744 | 0.67 | 1.00 |       179.3 |   176.4 |   120.4 |     181.7 |      164.6 
   ijkl-minl-njmk |   3744 |   2704 |  5184 | 0.67 | 0.92 |       177.2 |   174.3 |   120.0 |     181.6 |      163.0 
     aqrs-pa-pqrs |     72 | 140608 |    72 | 1.00 | 1.00 |        96.9 |    94.8 |    79.3 |      60.8 |       81.8 
     abrs-qb-aqrs |     52 | 194688 |    72 | 0.67 | 1.00 |       114.0 |   105.5 |    74.3 |      51.6 |       72.0 
     abcs-rc-abrs |     52 | 194688 |    72 | 1.00 | 1.00 |       136.8 |    86.1 |    72.5 |      47.6 |       86.1 
       abj-bka-kj |  46656 |    204 |   216 | 0.89 | 1.00 |       127.1 |   122.4 |    92.5 |     103.3 |      113.3 
       ajb-kba-jk |  44064 |    216 |   216 | 0.89 | 1.00 |       172.6 |   166.3 |   117.3 |      88.2 |      138.0 
     abjc-cbka-kj | 269568 |     52 |    72 | 0.67 | 1.00 |        53.8 |    43.6 |    40.0 |      51.2 |       35.5 
     ajbc-ckba-jk | 269568 |     72 |    52 | 0.67 | 1.00 |        66.7 |    63.7 |    54.7 |      47.1 |       74.6 
     abjc-kbac-jk | 194688 |     72 |    72 | 0.67 | 1.00 |       117.1 |    95.0 |    77.3 |      43.5 |       95.0 
   abjcd-dkbac-jk | 331776 |     24 |    24 | 0.00 | 1.00 |        30.0 |    24.5 |    23.6 |      16.6 |       30.4 
   adbjc-cbdka-kj | 331776 |     24 |    24 | 0.00 | 1.00 |        25.5 |    23.6 |    22.1 |      20.5 |       16.7 
   ajbdc-ckbad-jk | 331776 |     24 |    24 | 0.00 | 1.00 |        27.5 |    24.3 |    22.8 |      15.7 |       41.8 
 abcijk-ijma-mkbc |   9216 |   4096 |    24 | 0.00 | 0.99 |       103.1 |   124.5 |    85.2 |      30.2 |       90.6 
 abcijk-ijmb-mkac |   6144 |   6144 |    24 | 0.00 | 1.00 |        79.7 |   110.6 |    80.7 |      20.3 |       35.4 
 abcijk-ijmc-mkab |   6144 |   6144 |    24 | 1.00 | 0.75 |       122.2 |   104.9 |    84.3 |      19.1 |       88.8 
 abcijk-ikma-mjbc |   9216 |   4096 |    24 | 0.00 | 0.99 |       102.9 |   124.6 |    84.7 |      30.3 |       90.5 
 abcijk-ikmb-mjac |   6144 |   6144 |    24 | 0.00 | 1.00 |        79.6 |   110.6 |    80.7 |      20.4 |       35.9 
 abcijk-ikmc-mjab |   6144 |   6144 |    24 | 1.00 | 0.75 |       121.9 |   105.1 |    84.5 |      19.2 |       88.5 
 abcijk-jkma-mibc |   9216 |   4096 |    24 | 0.00 | 0.99 |       100.9 |   124.7 |    84.3 |      29.6 |       90.2 
 abcijk-jkmb-miac |   6144 |   6144 |    24 | 0.00 | 1.00 |        74.4 |   111.8 |    80.2 |      15.3 |       31.1 
 abcijk-jkmc-miab |   6144 |   6144 |    24 | 1.00 | 0.75 |       120.6 |   104.1 |    83.7 |      12.3 |       56.3 
 abcijk-eiab-jkec |   6144 |   6144 |    24 | 1.00 | 0.75 |       120.8 |   103.4 |    83.6 |      35.0 |       56.2 
 abcijk-eiac-jkeb |   6144 |   6144 |    24 | 0.00 | 1.00 |        74.6 |   111.7 |    80.1 |      30.9 |       31.1 
 abcijk-eibc-jkea |   4096 |   9216 |    24 | 0.00 | 0.99 |       100.7 |   124.5 |    84.9 |      29.2 |       90.3 
 abcijk-ejab-ikec |   6144 |   6144 |    24 | 1.00 | 0.75 |       121.4 |   106.0 |    85.1 |      35.0 |       88.5 
 abcijk-ejac-ikeb |   6144 |   6144 |    24 | 0.00 | 1.00 |        79.7 |   111.0 |    81.1 |      31.0 |       35.9 
 abcijk-ejbc-ikea |   4096 |   9216 |    24 | 0.00 | 0.99 |       103.3 |   123.6 |    85.2 |      29.0 |       90.5 
 abcijk-ekab-ijec |   6144 |   6144 |    24 | 1.00 | 0.75 |       121.6 |   106.1 |    85.0 |      35.0 |       88.7 
 abcijk-ekac-ijeb |   6144 |   6144 |    24 | 0.00 | 1.00 |        79.7 |   111.1 |    80.5 |      31.1 |       35.4 
 abcijk-ekbc-ijea |   4096 |   9216 |    24 | 0.00 | 0.99 |       103.0 |   124.1 |    84.7 |      29.1 |       90.5 
       abc-bk-akc |    216 |  44064 |   204 | 0.89 | 1.00 |       174.3 |   167.2 |   113.1 |      90.3 |      133.3 

=== complex efficiency ratio (c32 GF/s over f32 GF/s; 1.0 = no penalty) ===
             case | planar c32/f32 | 1m c32/f32 | 3m c32/f32 | ttgt c32/f32 | tblis c32/f32 
------------------+----------------+------------+------------+--------------+---------------
         ij-ik-kj |          1.060 |      1.027 |      0.708 |        1.079 |         1.034 
       ij-ikl-ljk |          1.457 |      1.388 |      1.020 |        1.382 |         1.628 
       ij-kil-lkj |          1.536 |      1.461 |      1.110 |        1.457 |         1.734 
       ijk-ikl-lj |          1.208 |      1.127 |      0.769 |        1.487 |         1.280 
       ijk-il-jlk |          1.359 |      1.312 |      0.898 |        1.430 |         1.435 
       ijk-ilk-jl |          1.165 |      1.117 |      0.757 |        1.508 |         1.347 
       ijk-ilk-lj |          1.177 |      1.130 |      0.758 |        1.505 |         1.353 
     ijk-ilmk-mjl |          1.213 |      1.133 |      0.753 |        1.592 |         1.910 
   ijkl-imjn-lnkm |          1.052 |      1.027 |      0.716 |        1.132 |         1.051 
   ijkl-imjn-nlmk |          1.067 |      1.044 |      0.722 |        1.080 |         1.045 
   ijkl-imkn-jnlm |          1.055 |      1.045 |      0.708 |        1.085 |         1.092 
   ijkl-imkn-njml |          1.071 |      1.057 |      0.720 |        1.074 |         1.059 
   ijkl-imln-jnkm |          1.051 |      1.042 |      0.706 |        1.085 |         1.090 
   ijkl-imln-njmk |          1.066 |      1.053 |      0.717 |        1.075 |         1.076 
   ijkl-imnj-nlkm |          1.065 |      1.042 |      0.724 |        1.085 |         1.042 
   ijkl-imnk-njml |          1.072 |      1.059 |      0.721 |        1.073 |         1.057 
   ijkl-minj-nlmk |          1.081 |      1.055 |      0.737 |        1.087 |         1.060 
   ijkl-mink-jnlm |          1.059 |      1.042 |      0.712 |        1.088 |         1.105 
   ijkl-minl-njmk |          1.084 |      1.066 |      0.734 |        1.087 |         1.103 
     aqrs-pa-pqrs |          1.406 |      1.376 |      1.152 |        1.767 |         1.848 
     abrs-qb-aqrs |          1.410 |      1.305 |      0.919 |        1.962 |         1.785 
     abcs-rc-abrs |          1.620 |      1.019 |      0.858 |        1.875 |         1.815 
       abj-bka-kj |          1.808 |      1.742 |      1.317 |        1.538 |         1.844 
       ajb-kba-jk |          1.217 |      1.173 |      0.827 |        1.918 |         1.441 
     abjc-cbka-kj |          2.544 |      2.059 |      1.893 |        2.110 |         1.475 
     ajbc-ckba-jk |          2.357 |      2.250 |      1.934 |        1.983 |         1.978 
     abjc-kbac-jk |          1.662 |      1.348 |      1.097 |        2.400 |         1.861 
   abjcd-dkbac-jk |          2.434 |      1.988 |      1.917 |        2.560 |         2.229 
   adbjc-cbdka-kj |          2.239 |      2.073 |      1.942 |        1.855 |         1.478 
   ajbdc-ckbad-jk |          2.453 |      2.161 |      2.031 |        2.577 |         2.686 
 abcijk-ijma-mkbc |          1.585 |      1.915 |      1.311 |        1.987 |         2.112 
 abcijk-ijmb-mkac |          1.636 |      2.270 |      1.656 |        2.155 |         2.023 
 abcijk-ijmc-mkab |          1.638 |      1.406 |      1.131 |        2.879 |         1.689 
 abcijk-ikma-mjbc |          1.587 |      1.921 |      1.305 |        1.992 |         2.105 
 abcijk-ikmb-mjac |          1.659 |      2.304 |      1.681 |        2.159 |         1.967 
 abcijk-ikmc-mjab |          1.605 |      1.384 |      1.113 |        2.879 |         1.675 
 abcijk-jkma-mibc |          1.663 |      2.055 |      1.390 |        1.961 |         2.275 
 abcijk-jkmb-miac |          2.281 |      3.425 |      2.456 |        1.625 |         2.082 
 abcijk-jkmc-miab |          1.607 |      1.386 |      1.115 |        1.851 |         1.457 
 abcijk-eiab-jkec |          1.611 |      1.379 |      1.115 |        1.853 |         1.467 
 abcijk-eiac-jkeb |          2.305 |      3.452 |      2.476 |        2.013 |         2.066 
 abcijk-eibc-jkea |          1.659 |      2.052 |      1.398 |        2.020 |         2.277 
 abcijk-ejab-ikec |          1.590 |      1.388 |      1.115 |        1.858 |         1.674 
 abcijk-ejac-ikeb |          1.659 |      2.311 |      1.689 |        2.033 |         1.969 
 abcijk-ejbc-ikea |          1.586 |      1.898 |      1.308 |        2.010 |         2.107 
 abcijk-ekab-ijec |          1.629 |      1.422 |      1.139 |        1.857 |         1.685 
 abcijk-ekac-ijeb |          1.631 |      2.273 |      1.648 |        2.039 |         2.034 
 abcijk-ekbc-ijea |          1.587 |      1.911 |      1.304 |        2.019 |         2.104 
       abc-bk-akc |          1.168 |      1.121 |      0.758 |        1.426 |         1.357 
             MEAN |          1.525 |      1.571 |      1.177 |        1.726 |         1.634 

wrote bench-results/worker6156-icelake/compare-tblis-x86_64/warm-f32c32.csv
