host        : worker6156
target      : x86_64 / linux
cpu features: avx2 fma avx512f avx512dq 
caches      : L1=48KiB/12-way/1sh L2=1280KiB/20-way/1sh L3=49152KiB/12-way/32sh (via sysfs), blocking=legacy
baselines   : tblis=true blas=true
tblis       : abi 2.x, 1 thread(s)

sweeping 49 cases at 64 MiB nominal tensor size, 3 reps, stress=none


=== f32 ===
             case |      m |      n |     k | regA | regB | planar GF/s | 1m GF/s | 3m GF/s | ttgt GF/s | tblis GF/s 
------------------+--------+--------+-------+------+------+-------------+---------+---------+-----------+------------
         ij-ik-kj |   2904 |   2896 |  2904 | 1.00 | 1.00 |       168.5 |   168.5 |   168.5 |     166.3 |      165.7 
       ij-ikl-ljk |    216 |    204 | 44064 | 1.00 | 1.00 |        82.5 |    82.5 |    82.5 |      80.5 |       73.4 
       ij-kil-lkj |    216 |    204 | 46656 | 1.00 | 1.00 |        74.3 |    74.3 |    74.3 |      77.6 |       55.6 
       ijk-ikl-lj |  44064 |    204 |   216 | 1.00 | 1.00 |       141.4 |   141.4 |   141.4 |      74.7 |      103.3 
       ijk-il-jlk |    216 |  44064 |   204 | 1.00 | 1.00 |       121.7 |   121.7 |   121.7 |      69.0 |       93.5 
       ijk-ilk-jl |  44064 |    216 |   204 | 0.89 | 1.00 |       150.2 |   150.2 |   150.2 |      72.6 |       98.8 
       ijk-ilk-lj |  44064 |    204 |   216 | 0.89 | 1.00 |       147.3 |   147.3 |   147.3 |      73.1 |       98.2 
     ijk-ilmk-mjl |   3744 |     52 |  3744 | 0.67 | 1.00 |        99.4 |    99.4 |    99.4 |      59.8 |       41.9 
   ijkl-imjn-lnkm |   3744 |   3744 |  2704 | 0.67 | 0.92 |       165.2 |   165.2 |   165.2 |     157.1 |      161.8 
   ijkl-imjn-nlmk |   3744 |   2704 |  3744 | 0.67 | 0.92 |       166.8 |   166.8 |   166.8 |     167.6 |      159.0 
   ijkl-imkn-jnlm |   3744 |   3744 |  2704 | 0.67 | 1.00 |       168.7 |   168.7 |   168.7 |     166.6 |      151.1 
   ijkl-imkn-njml |   3744 |   2704 |  3744 | 0.67 | 0.92 |       166.9 |   166.9 |   166.9 |     169.1 |      151.0 
   ijkl-imln-jnkm |   3744 |   3744 |  2704 | 0.67 | 1.00 |       168.7 |   168.7 |   168.7 |     166.5 |      151.3 
   ijkl-imln-njmk |   3744 |   2704 |  3744 | 0.67 | 0.92 |       167.4 |   167.4 |   167.4 |     169.1 |      153.4 
   ijkl-imnj-nlkm |   3744 |   2704 |  3744 | 0.67 | 0.92 |       166.8 |   166.8 |   166.8 |     167.8 |      159.4 
   ijkl-imnk-njml |   3744 |   2704 |  3744 | 0.67 | 0.92 |       167.0 |   167.0 |   167.0 |     169.3 |      150.3 
   ijkl-minj-nlmk |   3744 |   2704 |  5184 | 0.67 | 0.92 |       161.8 |   161.8 |   161.8 |     166.8 |      155.1 
   ijkl-mink-jnlm |   3744 |   3744 |  3744 | 0.67 | 1.00 |       168.8 |   168.8 |   168.8 |     166.9 |      149.0 
   ijkl-minl-njmk |   3744 |   2704 |  5184 | 0.67 | 0.92 |       163.2 |   163.2 |   163.2 |     167.2 |      147.6 
     aqrs-pa-pqrs |     72 | 140608 |    72 | 1.00 | 1.00 |        68.8 |    68.8 |    68.8 |      34.3 |       44.0 
     abrs-qb-aqrs |     52 | 194688 |    72 | 0.67 | 1.00 |        80.8 |    80.8 |    80.8 |      26.4 |       40.1 
     abcs-rc-abrs |     52 | 194688 |    72 | 1.00 | 1.00 |        83.2 |    83.2 |    83.2 |      25.4 |       47.3 
       abj-bka-kj |  46656 |    204 |   216 | 0.89 | 1.00 |        70.5 |    70.5 |    70.5 |      67.2 |       61.4 
       ajb-kba-jk |  44064 |    216 |   216 | 0.89 | 1.00 |       142.3 |   142.3 |   142.3 |      46.0 |       96.1 
     abjc-cbka-kj | 269568 |     52 |    72 | 0.67 | 1.00 |        21.1 |    21.1 |    21.1 |      24.2 |       23.7 
     ajbc-ckba-jk | 269568 |     72 |    52 | 0.67 | 1.00 |        28.4 |    28.4 |    28.4 |      23.7 |       37.7 
     abjc-kbac-jk | 194688 |     72 |    72 | 0.67 | 1.00 |        70.6 |    70.6 |    70.6 |      18.1 |       51.1 
   abjcd-dkbac-jk | 331776 |     24 |    24 | 0.00 | 1.00 |        12.3 |    12.3 |    12.3 |       6.4 |       13.6 
   adbjc-cbdka-kj | 331776 |     24 |    24 | 0.00 | 1.00 |        11.4 |    11.4 |    11.4 |      11.1 |       11.7 
   ajbdc-ckbad-jk | 331776 |     24 |    24 | 0.00 | 1.00 |        11.0 |    11.0 |    11.0 |       6.2 |       15.4 
 abcijk-ijma-mkbc |   9216 |   4096 |    24 | 0.00 | 1.00 |        65.1 |    65.1 |    65.1 |      14.8 |       43.1 
 abcijk-ijmb-mkac |   6144 |   6144 |    24 | 0.00 | 1.00 |        48.6 |    48.6 |    48.6 |       9.4 |       17.5 
 abcijk-ijmc-mkab |   6144 |   6144 |    24 | 1.00 | 1.00 |        73.9 |    73.9 |    73.9 |       6.6 |       52.6 
 abcijk-ikma-mjbc |   9216 |   4096 |    24 | 0.00 | 1.00 |        64.4 |    64.4 |    64.4 |      14.8 |       43.1 
 abcijk-ikmb-mjac |   6144 |   6144 |    24 | 0.00 | 1.00 |        48.1 |    48.1 |    48.1 |       9.4 |       18.3 
 abcijk-ikmc-mjab |   6144 |   6144 |    24 | 1.00 | 1.00 |        75.9 |    75.9 |    75.9 |       6.7 |       52.5 
 abcijk-jkma-mibc |   9216 |   4096 |    24 | 0.00 | 1.00 |        60.4 |    60.4 |    60.4 |      14.7 |       39.8 
 abcijk-jkmb-miac |   6144 |   6144 |    24 | 0.00 | 1.00 |        32.5 |    32.5 |    32.5 |       9.3 |       15.1 
 abcijk-jkmc-miab |   6144 |   6144 |    24 | 1.00 | 1.00 |        74.8 |    74.8 |    74.8 |       6.6 |       38.3 
 abcijk-eiab-jkec |   6144 |   6144 |    24 | 1.00 | 1.00 |        74.5 |    74.5 |    74.5 |      18.9 |       38.4 
 abcijk-eiac-jkeb |   6144 |   6144 |    24 | 0.00 | 1.00 |        32.6 |    32.6 |    32.6 |      15.3 |       15.0 
 abcijk-eibc-jkea |   4096 |   9216 |    24 | 0.00 | 1.00 |        60.1 |    60.1 |    60.1 |      14.4 |       39.9 
 abcijk-ejab-ikec |   6144 |   6144 |    24 | 1.00 | 1.00 |        75.8 |    75.8 |    75.8 |      18.8 |       52.4 
 abcijk-ejac-ikeb |   6144 |   6144 |    24 | 0.00 | 1.00 |        48.1 |    48.1 |    48.1 |      15.2 |       18.3 
 abcijk-ejbc-ikea |   4096 |   9216 |    24 | 0.00 | 1.00 |        65.1 |    65.1 |    65.1 |      14.4 |       43.0 
 abcijk-ekab-ijec |   6144 |   6144 |    24 | 1.00 | 1.00 |        73.9 |    73.9 |    73.9 |      18.8 |       52.6 
 abcijk-ekac-ijeb |   6144 |   6144 |    24 | 0.00 | 1.00 |        48.9 |    48.9 |    48.9 |      15.1 |       17.5 
 abcijk-ekbc-ijea |   4096 |   9216 |    24 | 0.00 | 1.00 |        64.9 |    64.9 |    64.9 |      14.4 |       43.0 
       abc-bk-akc |    216 |  44064 |   204 | 0.89 | 1.00 |       150.3 |   150.3 |   150.3 |      63.2 |       98.8 

=== c32 ===
             case |      m |      n |     k | regA | regB | planar GF/s | 1m GF/s | 3m GF/s | ttgt GF/s | tblis GF/s 
------------------+--------+--------+-------+------+------+-------------+---------+---------+-----------+------------
         ij-ik-kj |   2904 |   2896 |  2904 | 1.00 | 1.00 |       178.6 |   173.1 |   119.3 |     179.7 |      171.8 
       ij-ikl-ljk |    216 |    204 | 44064 | 1.00 | 1.00 |       122.3 |   116.8 |    85.6 |     112.6 |      118.6 
       ij-kil-lkj |    216 |    204 | 46656 | 1.00 | 1.00 |       117.8 |   112.8 |    85.3 |     111.7 |      101.4 
       ijk-ikl-lj |  44064 |    204 |   216 | 1.00 | 1.00 |       170.3 |   158.5 |   108.4 |     111.0 |      133.0 
       ijk-il-jlk |    216 |  44064 |   204 | 1.00 | 1.00 |       166.1 |   160.4 |   109.5 |      98.7 |      133.2 
       ijk-ilk-jl |  44064 |    216 |   204 | 0.89 | 1.00 |       173.9 |   167.2 |   113.2 |     109.2 |      132.7 
       ijk-ilk-lj |  44064 |    204 |   216 | 0.89 | 1.00 |       173.2 |   166.3 |   111.6 |     109.9 |      132.3 
     ijk-ilmk-mjl |   3744 |     52 |  3744 | 0.67 | 1.00 |       122.8 |   114.0 |    75.8 |      94.6 |       80.1 
   ijkl-imjn-lnkm |   3744 |   3744 |  2704 | 0.67 | 0.92 |       173.8 |   169.7 |   118.1 |     177.8 |      170.1 
   ijkl-imjn-nlmk |   3744 |   2704 |  3744 | 0.67 | 0.92 |       177.6 |   173.7 |   120.3 |     181.2 |      165.8 
   ijkl-imkn-jnlm |   3744 |   3744 |  2704 | 0.67 | 1.00 |       177.6 |   176.1 |   119.3 |     180.8 |      164.9 
   ijkl-imkn-njml |   3744 |   2704 |  3744 | 0.67 | 0.92 |       178.6 |   176.3 |   120.1 |     181.8 |      160.0 
   ijkl-imln-jnkm |   3744 |   3744 |  2704 | 0.67 | 1.00 |       177.7 |   175.9 |   119.2 |     180.8 |      165.0 
   ijkl-imln-njmk |   3744 |   2704 |  3744 | 0.67 | 0.92 |       178.7 |   176.4 |   120.2 |     181.9 |      164.4 
   ijkl-imnj-nlkm |   3744 |   2704 |  3744 | 0.67 | 0.92 |       177.1 |   173.1 |   120.4 |     182.2 |      165.9 
   ijkl-imnk-njml |   3744 |   2704 |  3744 | 0.67 | 0.92 |       178.4 |   176.2 |   120.1 |     181.8 |      160.1 
   ijkl-minj-nlmk |   3744 |   2704 |  5184 | 0.67 | 0.92 |       175.1 |   170.7 |   119.5 |     181.5 |      164.0 
   ijkl-mink-jnlm |   3744 |   3744 |  3744 | 0.67 | 1.00 |       179.3 |   176.3 |   120.4 |     181.8 |      164.7 
   ijkl-minl-njmk |   3744 |   2704 |  5184 | 0.67 | 0.92 |       177.0 |   174.0 |   120.0 |     181.7 |      162.9 
     aqrs-pa-pqrs |     72 | 140608 |    72 | 1.00 | 1.00 |        97.1 |    94.6 |    79.2 |      60.8 |       80.9 
     abrs-qb-aqrs |     52 | 194688 |    72 | 0.67 | 1.00 |       113.6 |   105.5 |    74.2 |      51.5 |       72.0 
     abcs-rc-abrs |     52 | 194688 |    72 | 1.00 | 1.00 |       136.9 |    84.9 |    72.4 |      47.7 |       86.3 
       abj-bka-kj |  46656 |    204 |   216 | 0.89 | 1.00 |       127.6 |   122.1 |    92.9 |     103.3 |      113.0 
       ajb-kba-jk |  44064 |    216 |   216 | 0.89 | 1.00 |       173.6 |   167.4 |   117.3 |      88.2 |      137.8 
     abjc-cbka-kj | 269568 |     52 |    72 | 0.67 | 1.00 |        53.9 |    43.6 |    39.8 |      51.3 |       35.6 
     ajbc-ckba-jk | 269568 |     72 |    52 | 0.67 | 1.00 |        66.2 |    62.9 |    54.5 |      46.7 |       74.5 
     abjc-kbac-jk | 194688 |     72 |    72 | 0.67 | 1.00 |       117.1 |    94.9 |    77.3 |      43.4 |       95.2 
   abjcd-dkbac-jk | 331776 |     24 |    24 | 0.00 | 1.00 |        29.7 |    23.9 |    23.5 |      16.4 |       30.0 
   adbjc-cbdka-kj | 331776 |     24 |    24 | 0.00 | 1.00 |        25.5 |    23.3 |    22.1 |      20.4 |       16.7 
   ajbdc-ckbad-jk | 331776 |     24 |    24 | 0.00 | 1.00 |        27.1 |    23.7 |    22.5 |      15.8 |       41.8 
 abcijk-ijma-mkbc |   9216 |   4096 |    24 | 0.00 | 0.99 |       103.0 |   124.4 |    85.7 |      30.2 |       89.9 
 abcijk-ijmb-mkac |   6144 |   6144 |    24 | 0.00 | 1.00 |        79.7 |   110.7 |    81.0 |      20.3 |       35.5 
 abcijk-ijmc-mkab |   6144 |   6144 |    24 | 1.00 | 0.75 |       121.3 |   105.1 |    85.1 |      19.2 |       89.1 
 abcijk-ikma-mjbc |   9216 |   4096 |    24 | 0.00 | 0.99 |       101.8 |   123.6 |    84.9 |      30.2 |       89.7 
 abcijk-ikmb-mjac |   6144 |   6144 |    24 | 0.00 | 1.00 |        79.9 |   110.2 |    80.9 |      20.4 |       36.0 
 abcijk-ikmc-mjab |   6144 |   6144 |    24 | 1.00 | 0.75 |       121.4 |   104.8 |    85.0 |      19.0 |       89.0 
 abcijk-jkma-mibc |   9216 |   4096 |    24 | 0.00 | 0.99 |       100.0 |   124.9 |    85.3 |      29.7 |       89.4 
 abcijk-jkmb-miac |   6144 |   6144 |    24 | 0.00 | 1.00 |        74.6 |   110.9 |    80.6 |      15.4 |       31.1 
 abcijk-jkmc-miab |   6144 |   6144 |    24 | 1.00 | 0.75 |       120.3 |   102.8 |    84.0 |      12.2 |       55.6 
 abcijk-eiab-jkec |   6144 |   6144 |    24 | 1.00 | 0.75 |       120.4 |   103.1 |    84.0 |      35.1 |       55.6 
 abcijk-eiac-jkeb |   6144 |   6144 |    24 | 0.00 | 1.00 |        74.5 |   110.9 |    80.5 |      30.9 |       31.1 
 abcijk-eibc-jkea |   4096 |   9216 |    24 | 0.00 | 0.99 |       100.0 |   123.1 |    85.1 |      29.1 |       89.3 
 abcijk-ejab-ikec |   6144 |   6144 |    24 | 1.00 | 0.75 |       120.8 |   105.3 |    84.9 |      35.0 |       89.1 
 abcijk-ejac-ikeb |   6144 |   6144 |    24 | 0.00 | 1.00 |        79.8 |   109.8 |    81.1 |      31.0 |       36.1 
 abcijk-ejbc-ikea |   4096 |   9216 |    24 | 0.00 | 0.99 |       103.1 |   124.1 |    85.4 |      28.9 |       89.7 
 abcijk-ekab-ijec |   6144 |   6144 |    24 | 1.00 | 0.75 |       121.0 |   105.7 |    84.8 |      35.0 |       89.2 
 abcijk-ekac-ijeb |   6144 |   6144 |    24 | 0.00 | 1.00 |        79.8 |   110.5 |    81.0 |      31.1 |       35.4 
 abcijk-ekbc-ijea |   4096 |   9216 |    24 | 0.00 | 0.99 |       103.0 |   123.8 |    85.6 |      28.9 |       89.9 
       abc-bk-akc |    216 |  44064 |   204 | 0.89 | 1.00 |       174.1 |   167.3 |   113.3 |      90.3 |      132.9 

=== complex efficiency ratio (c32 GF/s over f32 GF/s; 1.0 = no penalty) ===
             case | planar c32/f32 | 1m c32/f32 | 3m c32/f32 | ttgt c32/f32 | tblis c32/f32 
------------------+----------------+------------+------------+--------------+---------------
         ij-ik-kj |          1.060 |      1.028 |      0.708 |        1.080 |         1.037 
       ij-ikl-ljk |          1.484 |      1.416 |      1.038 |        1.398 |         1.617 
       ij-kil-lkj |          1.586 |      1.519 |      1.149 |        1.441 |         1.823 
       ijk-ikl-lj |          1.204 |      1.120 |      0.766 |        1.485 |         1.288 
       ijk-il-jlk |          1.365 |      1.318 |      0.900 |        1.431 |         1.426 
       ijk-ilk-jl |          1.158 |      1.113 |      0.754 |        1.504 |         1.343 
       ijk-ilk-lj |          1.176 |      1.129 |      0.758 |        1.505 |         1.347 
     ijk-ilmk-mjl |          1.236 |      1.148 |      0.762 |        1.581 |         1.913 
   ijkl-imjn-lnkm |          1.052 |      1.027 |      0.715 |        1.131 |         1.052 
   ijkl-imjn-nlmk |          1.065 |      1.041 |      0.721 |        1.081 |         1.043 
   ijkl-imkn-jnlm |          1.053 |      1.044 |      0.707 |        1.085 |         1.092 
   ijkl-imkn-njml |          1.070 |      1.056 |      0.719 |        1.075 |         1.059 
   ijkl-imln-jnkm |          1.053 |      1.043 |      0.707 |        1.086 |         1.090 
   ijkl-imln-njmk |          1.067 |      1.053 |      0.718 |        1.076 |         1.072 
   ijkl-imnj-nlkm |          1.062 |      1.038 |      0.722 |        1.086 |         1.041 
   ijkl-imnk-njml |          1.068 |      1.055 |      0.719 |        1.074 |         1.066 
   ijkl-minj-nlmk |          1.082 |      1.055 |      0.739 |        1.088 |         1.058 
   ijkl-mink-jnlm |          1.062 |      1.044 |      0.713 |        1.089 |         1.105 
   ijkl-minl-njmk |          1.084 |      1.066 |      0.735 |        1.087 |         1.104 
     aqrs-pa-pqrs |          1.411 |      1.375 |      1.151 |        1.771 |         1.839 
     abrs-qb-aqrs |          1.407 |      1.306 |      0.919 |        1.950 |         1.795 
     abcs-rc-abrs |          1.644 |      1.020 |      0.870 |        1.878 |         1.824 
       abj-bka-kj |          1.811 |      1.733 |      1.318 |        1.538 |         1.841 
       ajb-kba-jk |          1.220 |      1.176 |      0.824 |        1.918 |         1.435 
     abjc-cbka-kj |          2.555 |      2.066 |      1.888 |        2.122 |         1.502 
     ajbc-ckba-jk |          2.331 |      2.216 |      1.918 |        1.968 |         1.978 
     abjc-kbac-jk |          1.660 |      1.345 |      1.095 |        2.406 |         1.862 
   abjcd-dkbac-jk |          2.417 |      1.941 |      1.906 |        2.552 |         2.203 
   adbjc-cbdka-kj |          2.246 |      2.052 |      1.948 |        1.833 |         1.432 
   ajbdc-ckbad-jk |          2.469 |      2.156 |      2.048 |        2.539 |         2.707 
 abcijk-ijma-mkbc |          1.584 |      1.913 |      1.317 |        2.041 |         2.086 
 abcijk-ijmb-mkac |          1.639 |      2.276 |      1.665 |        2.171 |         2.027 
 abcijk-ijmc-mkab |          1.642 |      1.423 |      1.152 |        2.882 |         1.694 
 abcijk-ikma-mjbc |          1.580 |      1.919 |      1.318 |        2.045 |         2.084 
 abcijk-ikmb-mjac |          1.661 |      2.292 |      1.682 |        2.176 |         1.971 
 abcijk-ikmc-mjab |          1.599 |      1.380 |      1.119 |        2.864 |         1.697 
 abcijk-jkma-mibc |          1.657 |      2.069 |      1.413 |        2.019 |         2.245 
 abcijk-jkmb-miac |          2.293 |      3.408 |      2.477 |        1.650 |         2.054 
 abcijk-jkmc-miab |          1.608 |      1.374 |      1.123 |        1.845 |         1.450 
 abcijk-eiab-jkec |          1.615 |      1.383 |      1.126 |        1.858 |         1.449 
 abcijk-eiac-jkeb |          2.283 |      3.401 |      2.469 |        2.029 |         2.073 
 abcijk-eibc-jkea |          1.664 |      2.049 |      1.416 |        2.018 |         2.240 
 abcijk-ejab-ikec |          1.595 |      1.391 |      1.120 |        1.860 |         1.699 
 abcijk-ejac-ikeb |          1.660 |      2.284 |      1.686 |        2.046 |         1.973 
 abcijk-ejbc-ikea |          1.585 |      1.907 |      1.312 |        2.004 |         2.083 
 abcijk-ekab-ijec |          1.637 |      1.430 |      1.147 |        1.861 |         1.696 
 abcijk-ekac-ijeb |          1.632 |      2.261 |      1.658 |        2.056 |         2.023 
 abcijk-ekbc-ijea |          1.587 |      1.907 |      1.317 |        2.005 |         2.090 
       abc-bk-akc |          1.158 |      1.113 |      0.754 |        1.430 |         1.345 
             MEAN |          1.527 |      1.569 |      1.182 |        1.729 |         1.632 

wrote bench-results/worker6156-icelake/A-f32c32.csv
