host        : worker6156
target      : x86_64 / linux
cpu features: avx2 fma avx512f avx512dq 
caches      : L1=48KiB/12-way/1sh L2=1280KiB/20-way/1sh L3=49152KiB/12-way/32sh (via sysfs), blocking=legacy
baselines   : tblis=true blas=true
tblis       : abi 2.x, 1 thread(s)

sweeping 49 cases at 64 MiB nominal tensor size, 3 reps, stress=none


=== f64 ===
             case |      m |      n |     k | regA | regB | planar GF/s | 1m GF/s | 3m GF/s | ttgt GF/s | tblis GF/s 
------------------+--------+--------+-------+------+------+-------------+---------+---------+-----------+------------
         ij-ik-kj |   2904 |   2896 |  2904 | 1.00 | 1.00 |        71.9 |    71.9 |    71.9 |      90.6 |       82.7 
       ij-ikl-ljk |    216 |    204 | 44064 | 1.00 | 1.00 |        40.8 |    40.8 |    40.8 |      41.5 |       43.7 
       ij-kil-lkj |    216 |    204 | 46656 | 1.00 | 1.00 |        40.2 |    40.2 |    40.2 |      41.6 |       33.8 
       ijk-ikl-lj |  44064 |    204 |   216 | 1.00 | 1.00 |        58.4 |    58.4 |    58.4 |      43.7 |       57.6 
       ijk-il-jlk |    216 |  44064 |   204 | 1.00 | 1.00 |        48.5 |    48.5 |    48.5 |      35.0 |       56.7 
       ijk-ilk-jl |  44064 |    216 |   204 | 1.00 | 1.00 |        63.2 |    63.2 |    63.2 |      42.7 |       56.8 
       ijk-ilk-lj |  44064 |    204 |   216 | 1.00 | 1.00 |        61.5 |    61.5 |    61.5 |      43.1 |       56.2 
     ijk-ilmk-mjl |   3744 |     52 |  3744 | 1.00 | 1.00 |        43.9 |    43.9 |    43.9 |      35.6 |       27.9 
   ijkl-imjn-lnkm |   3744 |   3744 |  2704 | 1.00 | 0.92 |        70.9 |    70.9 |    70.9 |      88.7 |       81.4 
   ijkl-imjn-nlmk |   3744 |   2704 |  3744 | 1.00 | 0.92 |        70.6 |    70.6 |    70.6 |      92.1 |       79.5 
   ijkl-imkn-jnlm |   3744 |   3744 |  2704 | 1.00 | 1.00 |        69.5 |    69.5 |    69.5 |      91.8 |       78.1 
   ijkl-imkn-njml |   3744 |   2704 |  3744 | 1.00 | 0.92 |        68.9 |    68.9 |    68.9 |      92.8 |       76.5 
   ijkl-imln-jnkm |   3744 |   3744 |  2704 | 1.00 | 1.00 |        69.7 |    69.7 |    69.7 |      91.7 |       80.3 
   ijkl-imln-njmk |   3744 |   2704 |  3744 | 1.00 | 0.92 |        69.3 |    69.3 |    69.3 |      92.8 |       79.3 
   ijkl-imnj-nlkm |   3744 |   2704 |  3744 | 1.00 | 0.92 |        70.5 |    70.5 |    70.5 |      93.2 |       79.6 
   ijkl-imnk-njml |   3744 |   2704 |  3744 | 1.00 | 0.92 |        69.3 |    69.3 |    69.3 |      92.8 |       76.6 
   ijkl-minj-nlmk |   3744 |   2704 |  5184 | 1.00 | 0.92 |        69.6 |    69.6 |    69.6 |      92.1 |       78.3 
   ijkl-mink-jnlm |   3744 |   3744 |  3744 | 1.00 | 1.00 |        68.9 |    68.9 |    68.9 |      92.7 |       78.0 
   ijkl-minl-njmk |   3744 |   2704 |  5184 | 1.00 | 0.92 |        68.7 |    68.7 |    68.7 |      92.5 |       78.1 
     aqrs-pa-pqrs |     72 | 140608 |    72 | 1.00 | 1.00 |        37.7 |    37.7 |    37.7 |      17.6 |       23.9 
     abrs-qb-aqrs |     52 | 194688 |    72 | 1.00 | 1.00 |        42.7 |    42.7 |    42.7 |      14.8 |       25.6 
     abcs-rc-abrs |     52 | 194688 |    72 | 1.00 | 1.00 |        50.0 |    50.0 |    50.0 |      13.8 |       30.3 
       abj-bka-kj |  46656 |    204 |   216 | 1.00 | 1.00 |        44.7 |    44.7 |    44.7 |      39.0 |       40.4 
       ajb-kba-jk |  44064 |    216 |   216 | 1.00 | 1.00 |        64.3 |    64.3 |    64.3 |      31.0 |       58.3 
     abjc-cbka-kj | 269568 |     52 |    72 | 1.00 | 1.00 |        15.3 |    15.3 |    15.3 |      15.0 |       12.5 
     ajbc-ckba-jk | 269568 |     72 |    52 | 1.00 | 1.00 |        22.5 |    22.5 |    22.5 |      13.5 |       22.6 
     abjc-kbac-jk | 194688 |     72 |    72 | 1.00 | 1.00 |        55.8 |    55.8 |    55.8 |      12.5 |       34.1 
   abjcd-dkbac-jk | 331776 |     24 |    24 | 1.00 | 1.00 |         8.9 |     8.9 |     8.9 |       4.4 |        8.7 
   adbjc-cbdka-kj | 331776 |     24 |    24 | 1.00 | 1.00 |         7.1 |     7.1 |     7.1 |       5.6 |        5.3 
   ajbdc-ckbad-jk | 331776 |     24 |    24 | 1.00 | 1.00 |         8.6 |     8.6 |     8.6 |       4.1 |       11.8 
 abcijk-ijma-mkbc |   9216 |   4096 |    24 | 1.00 | 1.00 |        45.5 |    45.5 |    45.5 |       8.8 |       31.5 
 abcijk-ijmb-mkac |   6144 |   6144 |    24 | 1.00 | 1.00 |        39.2 |    39.2 |    39.2 |       6.0 |       11.4 
 abcijk-ijmc-mkab |   6144 |   6144 |    24 | 1.00 | 1.00 |        41.2 |    41.2 |    41.2 |       4.8 |       32.3 
 abcijk-ikma-mjbc |   9216 |   4096 |    24 | 1.00 | 1.00 |        45.4 |    45.4 |    45.4 |       8.8 |       31.5 
 abcijk-ikmb-mjac |   6144 |   6144 |    24 | 1.00 | 1.00 |        39.1 |    39.1 |    39.1 |       6.0 |       12.0 
 abcijk-ikmc-mjab |   6144 |   6144 |    24 | 1.00 | 1.00 |        41.2 |    41.2 |    41.2 |       4.8 |       20.9 
 abcijk-jkma-mibc |   9216 |   4096 |    24 | 1.00 | 1.00 |        43.0 |    43.0 |    43.0 |       8.7 |       30.9 
 abcijk-jkmb-miac |   6144 |   6144 |    24 | 1.00 | 1.00 |        38.0 |    38.0 |    38.0 |       6.0 |        9.3 
 abcijk-jkmc-miab |   6144 |   6144 |    24 | 1.00 | 1.00 |        40.5 |    40.5 |    40.5 |       4.8 |       20.7 
 abcijk-eiab-jkec |   6144 |   6144 |    24 | 1.00 | 1.00 |        40.5 |    40.5 |    40.5 |      10.1 |       20.8 
 abcijk-eiac-jkeb |   6144 |   6144 |    24 | 1.00 | 1.00 |        38.0 |    38.0 |    38.0 |       8.5 |        9.2 
 abcijk-eibc-jkea |   4096 |   9216 |    24 | 1.00 | 1.00 |        43.0 |    43.0 |    43.0 |       7.9 |       30.9 
 abcijk-ejab-ikec |   6144 |   6144 |    24 | 1.00 | 1.00 |        41.2 |    41.2 |    41.2 |      10.1 |       20.9 
 abcijk-ejac-ikeb |   6144 |   6144 |    24 | 1.00 | 1.00 |        39.5 |    39.5 |    39.5 |       8.5 |       11.9 
 abcijk-ejbc-ikea |   4096 |   9216 |    24 | 1.00 | 1.00 |        45.7 |    45.7 |    45.7 |       7.8 |       31.7 
 abcijk-ekab-ijec |   6144 |   6144 |    24 | 1.00 | 1.00 |        41.3 |    41.3 |    41.3 |      10.1 |       32.2 
 abcijk-ekac-ijeb |   6144 |   6144 |    24 | 1.00 | 1.00 |        39.1 |    39.1 |    39.1 |       8.5 |       11.5 
 abcijk-ekbc-ijea |   4096 |   9216 |    24 | 1.00 | 1.00 |        45.6 |    45.6 |    45.6 |       7.9 |       31.7 
       abc-bk-akc |    216 |  44064 |   204 | 1.00 | 1.00 |        63.0 |    63.0 |    63.0 |      30.9 |       56.7 

=== c64 ===
             case |      m |      n |     k | regA | regB | planar GF/s | 1m GF/s | 3m GF/s | ttgt GF/s | tblis GF/s 
------------------+--------+--------+-------+------+------+-------------+---------+---------+-----------+------------
         ij-ik-kj |   2904 |   2896 |  2904 | 1.00 | 1.00 |        90.8 |    73.5 |    58.2 |      84.7 |       85.5 
       ij-ikl-ljk |    216 |    204 | 44064 | 1.00 | 1.00 |        62.0 |    52.8 |    44.4 |      53.7 |       66.2 
       ij-kil-lkj |    216 |    204 | 46656 | 1.00 | 1.00 |        64.4 |    54.7 |    45.7 |      51.5 |       58.4 
       ijk-ikl-lj |  44064 |    204 |   216 | 1.00 | 1.00 |        83.4 |    66.2 |    54.5 |      55.8 |       71.5 
       ijk-il-jlk |    216 |  44064 |   204 | 1.00 | 1.00 |        80.5 |    68.0 |    54.1 |      47.2 |       70.2 
       ijk-ilk-jl |  44064 |    216 |   204 | 0.96 | 1.00 |        85.5 |    68.8 |    55.5 |      55.2 |       72.7 
       ijk-ilk-lj |  44064 |    204 |   216 | 0.96 | 1.00 |        85.3 |    67.6 |    54.9 |      55.6 |       72.7 
     ijk-ilmk-mjl |   3744 |     52 |  3744 | 0.89 | 1.00 |        64.8 |    52.7 |    40.7 |      49.6 |       50.9 
   ijkl-imjn-lnkm |   3744 |   3744 |  2704 | 0.89 | 0.92 |        90.8 |    73.4 |    58.2 |      83.9 |       82.0 
   ijkl-imjn-nlmk |   3744 |   2704 |  3744 | 0.89 | 0.92 |        90.7 |    73.5 |    58.3 |      85.1 |       80.5 
   ijkl-imkn-jnlm |   3744 |   3744 |  2704 | 0.89 | 1.00 |        89.2 |    73.0 |    58.1 |      84.8 |       80.9 
   ijkl-imkn-njml |   3744 |   2704 |  3744 | 0.89 | 0.92 |        89.1 |    72.8 |    57.7 |      85.4 |       79.1 
   ijkl-imln-jnkm |   3744 |   3744 |  2704 | 0.89 | 1.00 |        89.3 |    73.1 |    58.1 |      84.8 |       84.4 
   ijkl-imln-njmk |   3744 |   2704 |  3744 | 0.89 | 0.92 |        89.1 |    72.9 |    57.7 |      85.4 |       83.7 
   ijkl-imnj-nlkm |   3744 |   2704 |  3744 | 0.89 | 0.92 |        91.0 |    73.7 |    58.1 |      85.4 |       80.8 
   ijkl-imnk-njml |   3744 |   2704 |  3744 | 0.89 | 0.92 |        89.0 |    72.8 |    57.7 |      85.4 |       79.3 
   ijkl-minj-nlmk |   3744 |   2704 |  5184 | 0.89 | 0.92 |        90.1 |    72.7 |    57.7 |      85.1 |       79.3 
   ijkl-mink-jnlm |   3744 |   3744 |  3744 | 0.89 | 1.00 |        89.0 |    72.5 |    57.8 |      85.1 |       80.6 
   ijkl-minl-njmk |   3744 |   2704 |  5184 | 0.89 | 0.92 |        88.5 |    72.1 |    57.3 |      85.2 |       82.6 
     aqrs-pa-pqrs |     72 | 140608 |    72 | 1.00 | 1.00 |        56.1 |    56.9 |    43.7 |      30.4 |       50.8 
     abrs-qb-aqrs |     52 | 194688 |    72 | 0.89 | 1.00 |        60.5 |    56.1 |    41.5 |      25.3 |       49.4 
     abcs-rc-abrs |     52 | 194688 |    72 | 1.00 | 1.00 |        67.6 |    59.5 |    44.6 |      24.9 |       56.5 
       abj-bka-kj |  46656 |    204 |   216 | 0.96 | 1.00 |        70.5 |    56.1 |    48.4 |      53.1 |       59.8 
       ajb-kba-jk |  44064 |    216 |   216 | 0.96 | 1.00 |        90.9 |    73.3 |    58.4 |      48.3 |       73.4 
     abjc-cbka-kj | 269568 |     52 |    72 | 0.89 | 1.00 |        32.0 |    29.8 |    25.7 |      25.6 |       34.6 
     ajbc-ckba-jk | 269568 |     72 |    52 | 0.89 | 1.00 |        36.1 |    36.8 |    30.3 |      21.9 |       41.7 
     abjc-kbac-jk | 194688 |     72 |    72 | 0.89 | 1.00 |        66.8 |    61.9 |    45.5 |      23.5 |       54.8 
   abjcd-dkbac-jk | 331776 |     24 |    24 | 0.67 | 1.00 |        15.7 |    13.1 |    12.9 |       9.7 |       19.6 
   adbjc-cbdka-kj | 331776 |     24 |    24 | 0.67 | 1.00 |        16.0 |    13.6 |    12.9 |      10.2 |       14.0 
   ajbdc-ckbad-jk | 331776 |     24 |    24 | 1.00 | 1.00 |        16.2 |    12.3 |    12.5 |       9.4 |       24.5 
 abcijk-ijma-mkbc |   9216 |   4096 |    24 | 1.00 | 0.99 |        61.4 |    54.4 |    42.7 |      16.9 |       45.1 
 abcijk-ijmb-mkac |   6144 |   6144 |    24 | 1.00 | 0.88 |        60.5 |    54.9 |    42.5 |      11.3 |       31.1 
 abcijk-ijmc-mkab |   6144 |   6144 |    24 | 1.00 | 0.75 |        61.2 |    59.8 |    45.8 |      10.9 |       49.7 
 abcijk-ikma-mjbc |   9216 |   4096 |    24 | 1.00 | 0.99 |        61.7 |    54.4 |    42.4 |      16.9 |       45.1 
 abcijk-ikmb-mjac |   6144 |   6144 |    24 | 1.00 | 0.88 |        60.6 |    54.8 |    42.7 |      11.4 |       31.8 
 abcijk-ikmc-mjab |   6144 |   6144 |    24 | 1.00 | 0.75 |        60.9 |    59.8 |    46.1 |      10.9 |       39.2 
 abcijk-jkma-mibc |   9216 |   4096 |    24 | 1.00 | 0.99 |        61.1 |    54.6 |    42.8 |      16.7 |       46.4 
 abcijk-jkmb-miac |   6144 |   6144 |    24 | 1.00 | 0.88 |        60.1 |    54.6 |    42.1 |       9.7 |       28.0 
 abcijk-jkmc-miab |   6144 |   6144 |    24 | 1.00 | 0.75 |        60.6 |    59.0 |    45.3 |       8.6 |       43.6 
 abcijk-eiab-jkec |   6144 |   6144 |    24 | 1.00 | 0.75 |        60.4 |    58.7 |    45.3 |      17.8 |       43.5 
 abcijk-eiac-jkeb |   6144 |   6144 |    24 | 1.00 | 0.88 |        60.5 |    54.8 |    42.1 |      16.9 |       28.0 
 abcijk-eibc-jkea |   4096 |   9216 |    24 | 1.00 | 0.99 |        61.1 |    54.5 |    42.5 |      14.2 |       46.4 
 abcijk-ejab-ikec |   6144 |   6144 |    24 | 1.00 | 0.75 |        60.9 |    59.8 |    45.7 |      17.8 |       39.2 
 abcijk-ejac-ikeb |   6144 |   6144 |    24 | 1.00 | 0.88 |        60.3 |    54.9 |    42.4 |      17.0 |       31.8 
 abcijk-ejbc-ikea |   4096 |   9216 |    24 | 1.00 | 0.99 |        62.0 |    54.3 |    42.5 |      14.1 |       45.2 
 abcijk-ekab-ijec |   6144 |   6144 |    24 | 1.00 | 0.75 |        61.2 |    59.5 |    45.7 |      17.8 |       49.7 
 abcijk-ekac-ijeb |   6144 |   6144 |    24 | 1.00 | 0.88 |        60.6 |    54.7 |    42.5 |      17.0 |       31.1 
 abcijk-ekbc-ijea |   4096 |   9216 |    24 | 1.00 | 0.99 |        62.0 |    54.1 |    42.5 |      14.1 |       45.1 
       abc-bk-akc |    216 |  44064 |   204 | 0.96 | 1.00 |        85.5 |    68.6 |    55.5 |      43.2 |       72.7 

=== complex efficiency ratio (c64 GF/s over f64 GF/s; 1.0 = no penalty) ===
             case | planar c64/f64 | 1m c64/f64 | 3m c64/f64 | ttgt c64/f64 | tblis c64/f64 
------------------+----------------+------------+------------+--------------+---------------
         ij-ik-kj |          1.262 |      1.022 |      0.810 |        0.935 |         1.034 
       ij-ikl-ljk |          1.520 |      1.295 |      1.088 |        1.293 |         1.515 
       ij-kil-lkj |          1.602 |      1.362 |      1.139 |        1.237 |         1.729 
       ijk-ikl-lj |          1.428 |      1.134 |      0.932 |        1.275 |         1.240 
       ijk-il-jlk |          1.662 |      1.403 |      1.117 |        1.349 |         1.238 
       ijk-ilk-jl |          1.352 |      1.089 |      0.879 |        1.291 |         1.280 
       ijk-ilk-lj |          1.387 |      1.099 |      0.893 |        1.291 |         1.293 
     ijk-ilmk-mjl |          1.478 |      1.201 |      0.929 |        1.394 |         1.828 
   ijkl-imjn-lnkm |          1.281 |      1.035 |      0.820 |        0.945 |         1.008 
   ijkl-imjn-nlmk |          1.284 |      1.040 |      0.825 |        0.924 |         1.012 
   ijkl-imkn-jnlm |          1.283 |      1.051 |      0.836 |        0.924 |         1.036 
   ijkl-imkn-njml |          1.293 |      1.057 |      0.837 |        0.920 |         1.034 
   ijkl-imln-jnkm |          1.281 |      1.049 |      0.833 |        0.924 |         1.052 
   ijkl-imln-njmk |          1.285 |      1.051 |      0.832 |        0.920 |         1.056 
   ijkl-imnj-nlkm |          1.292 |      1.046 |      0.825 |        0.917 |         1.014 
   ijkl-imnk-njml |          1.283 |      1.050 |      0.832 |        0.919 |         1.036 
   ijkl-minj-nlmk |          1.295 |      1.045 |      0.830 |        0.924 |         1.012 
   ijkl-mink-jnlm |          1.292 |      1.051 |      0.839 |        0.917 |         1.032 
   ijkl-minl-njmk |          1.288 |      1.050 |      0.835 |        0.921 |         1.057 
     aqrs-pa-pqrs |          1.486 |      1.507 |      1.159 |        1.730 |         2.129 
     abrs-qb-aqrs |          1.416 |      1.313 |      0.971 |        1.710 |         1.930 
     abcs-rc-abrs |          1.351 |      1.189 |      0.891 |        1.809 |         1.862 
       abj-bka-kj |          1.575 |      1.254 |      1.083 |        1.362 |         1.479 
       ajb-kba-jk |          1.415 |      1.141 |      0.908 |        1.560 |         1.258 
     abjc-cbka-kj |          2.085 |      1.943 |      1.675 |        1.710 |         2.776 
     ajbc-ckba-jk |          1.606 |      1.637 |      1.346 |        1.618 |         1.842 
     abjc-kbac-jk |          1.197 |      1.109 |      0.815 |        1.877 |         1.605 
   abjcd-dkbac-jk |          1.761 |      1.466 |      1.450 |        2.202 |         2.256 
   adbjc-cbdka-kj |          2.250 |      1.916 |      1.807 |        1.828 |         2.636 
   ajbdc-ckbad-jk |          1.882 |      1.430 |      1.455 |        2.271 |         2.077 
 abcijk-ijma-mkbc |          1.349 |      1.195 |      0.937 |        1.930 |         1.431 
 abcijk-ijmb-mkac |          1.544 |      1.399 |      1.084 |        1.887 |         2.715 
 abcijk-ijmc-mkab |          1.485 |      1.452 |      1.112 |        2.256 |         1.537 
 abcijk-ikma-mjbc |          1.359 |      1.198 |      0.934 |        1.931 |         1.431 
 abcijk-ikmb-mjac |          1.549 |      1.401 |      1.092 |        1.888 |         2.659 
 abcijk-ikmc-mjab |          1.477 |      1.450 |      1.118 |        2.259 |         1.873 
 abcijk-jkma-mibc |          1.419 |      1.268 |      0.994 |        1.911 |         1.500 
 abcijk-jkmb-miac |          1.583 |      1.437 |      1.107 |        1.609 |         3.026 
 abcijk-jkmc-miab |          1.495 |      1.457 |      1.119 |        1.782 |         2.100 
 abcijk-eiab-jkec |          1.492 |      1.450 |      1.119 |        1.766 |         2.094 
 abcijk-eiac-jkeb |          1.594 |      1.442 |      1.108 |        1.982 |         3.024 
 abcijk-eibc-jkea |          1.419 |      1.266 |      0.987 |        1.809 |         1.502 
 abcijk-ejab-ikec |          1.479 |      1.453 |      1.109 |        1.765 |         1.874 
 abcijk-ejac-ikeb |          1.527 |      1.391 |      1.075 |        1.986 |         2.661 
 abcijk-ejbc-ikea |          1.358 |      1.189 |      0.931 |        1.797 |         1.427 
 abcijk-ekab-ijec |          1.482 |      1.442 |      1.107 |        1.769 |         1.544 
 abcijk-ekac-ijeb |          1.549 |      1.398 |      1.085 |        1.987 |         2.715 
 abcijk-ekbc-ijea |          1.361 |      1.187 |      0.931 |        1.795 |         1.424 
       abc-bk-akc |          1.358 |      1.089 |      0.882 |        1.398 |         1.282 
             MEAN |          1.464 |      1.278 |      1.027 |        1.539 |         1.677 

wrote bench-results/worker6156-icelake/A3-f64c64.csv
