host        : worker6156
target      : x86_64 / linux
cpu features: avx2 fma avx512f avx512dq 
caches      : L1=48KiB/12-way/1sh L2=1280KiB/20-way/1sh L3=49152KiB/12-way/32sh (via sysfs), blocking=legacy
baselines   : tblis=true blas=true
tblis       : abi 2.x, 1 thread(s)

sweeping 49 cases at 64 MiB nominal tensor size, 3 reps, stress=none


=== f64 ===
             case |      m |      n |     k | regA | regB | planar GF/s | 1m GF/s | 3m GF/s | ttgt GF/s | tblis GF/s 
------------------+--------+--------+-------+------+------+-------------+---------+---------+-----------+------------
         ij-ik-kj |   2904 |   2896 |  2904 | 1.00 | 1.00 |        71.8 |    71.8 |    71.8 |      90.6 |       82.7 
       ij-ikl-ljk |    216 |    204 | 44064 | 1.00 | 1.00 |        41.0 |    41.0 |    41.0 |      41.5 |       43.7 
       ij-kil-lkj |    216 |    204 | 46656 | 1.00 | 1.00 |        40.2 |    40.2 |    40.2 |      41.5 |       33.8 
       ijk-ikl-lj |  44064 |    204 |   216 | 1.00 | 1.00 |        58.5 |    58.5 |    58.5 |      43.7 |       57.6 
       ijk-il-jlk |    216 |  44064 |   204 | 1.00 | 1.00 |        48.4 |    48.4 |    48.4 |      35.0 |       56.8 
       ijk-ilk-jl |  44064 |    216 |   204 | 1.00 | 1.00 |        63.2 |    63.2 |    63.2 |      42.7 |       56.7 
       ijk-ilk-lj |  44064 |    204 |   216 | 1.00 | 1.00 |        61.5 |    61.5 |    61.5 |      43.1 |       56.2 
     ijk-ilmk-mjl |   3744 |     52 |  3744 | 1.00 | 1.00 |        44.1 |    44.1 |    44.1 |      35.6 |       27.8 
   ijkl-imjn-lnkm |   3744 |   3744 |  2704 | 1.00 | 0.92 |        71.0 |    71.0 |    71.0 |      88.8 |       81.4 
   ijkl-imjn-nlmk |   3744 |   2704 |  3744 | 1.00 | 0.92 |        70.7 |    70.7 |    70.7 |      92.3 |       79.5 
   ijkl-imkn-jnlm |   3744 |   3744 |  2704 | 1.00 | 1.00 |        69.7 |    69.7 |    69.7 |      91.9 |       78.1 
   ijkl-imkn-njml |   3744 |   2704 |  3744 | 1.00 | 0.92 |        69.0 |    69.0 |    69.0 |      93.0 |       76.5 
   ijkl-imln-jnkm |   3744 |   3744 |  2704 | 1.00 | 1.00 |        69.7 |    69.7 |    69.7 |      91.9 |       80.3 
   ijkl-imln-njmk |   3744 |   2704 |  3744 | 1.00 | 0.92 |        69.4 |    69.4 |    69.4 |      93.0 |       79.3 
   ijkl-imnj-nlkm |   3744 |   2704 |  3744 | 1.00 | 0.92 |        70.5 |    70.5 |    70.5 |      93.3 |       79.6 
   ijkl-imnk-njml |   3744 |   2704 |  3744 | 1.00 | 0.92 |        69.0 |    69.0 |    69.0 |      93.0 |       76.5 
   ijkl-minj-nlmk |   3744 |   2704 |  5184 | 1.00 | 0.92 |        69.7 |    69.7 |    69.7 |      92.3 |       78.3 
   ijkl-mink-jnlm |   3744 |   3744 |  3744 | 1.00 | 1.00 |        69.1 |    69.1 |    69.1 |      92.8 |       78.0 
   ijkl-minl-njmk |   3744 |   2704 |  5184 | 1.00 | 0.92 |        68.7 |    68.7 |    68.7 |      92.6 |       78.1 
     aqrs-pa-pqrs |     72 | 140608 |    72 | 1.00 | 1.00 |        37.6 |    37.6 |    37.6 |      17.5 |       23.9 
     abrs-qb-aqrs |     52 | 194688 |    72 | 1.00 | 1.00 |        42.6 |    42.6 |    42.6 |      14.8 |       25.6 
     abcs-rc-abrs |     52 | 194688 |    72 | 1.00 | 1.00 |        49.8 |    49.8 |    49.8 |      13.8 |       30.3 
       abj-bka-kj |  46656 |    204 |   216 | 1.00 | 1.00 |        44.7 |    44.7 |    44.7 |      39.0 |       40.3 
       ajb-kba-jk |  44064 |    216 |   216 | 1.00 | 1.00 |        62.2 |    62.2 |    62.2 |      31.0 |       58.3 
     abjc-cbka-kj | 269568 |     52 |    72 | 1.00 | 1.00 |        15.6 |    15.6 |    15.6 |      15.0 |       12.5 
     ajbc-ckba-jk | 269568 |     72 |    52 | 1.00 | 1.00 |        22.5 |    22.5 |    22.5 |      13.5 |       22.6 
     abjc-kbac-jk | 194688 |     72 |    72 | 1.00 | 1.00 |        55.9 |    55.9 |    55.9 |      12.6 |       34.0 
   abjcd-dkbac-jk | 331776 |     24 |    24 | 1.00 | 1.00 |         9.2 |     9.2 |     9.2 |       4.4 |        8.6 
   adbjc-cbdka-kj | 331776 |     24 |    24 | 1.00 | 1.00 |         7.1 |     7.1 |     7.1 |       5.6 |        5.3 
   ajbdc-ckbad-jk | 331776 |     24 |    24 | 1.00 | 1.00 |         9.0 |     9.0 |     9.0 |       4.2 |       11.8 
 abcijk-ijma-mkbc |   9216 |   4096 |    24 | 1.00 | 1.00 |        45.6 |    45.6 |    45.6 |       8.8 |       31.7 
 abcijk-ijmb-mkac |   6144 |   6144 |    24 | 1.00 | 1.00 |        39.1 |    39.1 |    39.1 |       6.0 |       11.4 
 abcijk-ijmc-mkab |   6144 |   6144 |    24 | 1.00 | 1.00 |        41.2 |    41.2 |    41.2 |       4.8 |       32.1 
 abcijk-ikma-mjbc |   9216 |   4096 |    24 | 1.00 | 1.00 |        45.4 |    45.4 |    45.4 |       8.8 |       31.6 
 abcijk-ikmb-mjac |   6144 |   6144 |    24 | 1.00 | 1.00 |        39.2 |    39.2 |    39.2 |       6.0 |       11.9 
 abcijk-ikmc-mjab |   6144 |   6144 |    24 | 1.00 | 1.00 |        41.2 |    41.2 |    41.2 |       4.8 |       20.9 
 abcijk-jkma-mibc |   9216 |   4096 |    24 | 1.00 | 1.00 |        43.0 |    43.0 |    43.0 |       8.7 |       30.9 
 abcijk-jkmb-miac |   6144 |   6144 |    24 | 1.00 | 1.00 |        38.0 |    38.0 |    38.0 |       6.0 |        9.2 
 abcijk-jkmc-miab |   6144 |   6144 |    24 | 1.00 | 1.00 |        40.5 |    40.5 |    40.5 |       4.8 |       20.7 
 abcijk-eiab-jkec |   6144 |   6144 |    24 | 1.00 | 1.00 |        40.6 |    40.6 |    40.6 |      10.1 |       20.8 
 abcijk-eiac-jkeb |   6144 |   6144 |    24 | 1.00 | 1.00 |        38.0 |    38.0 |    38.0 |       8.5 |        9.2 
 abcijk-eibc-jkea |   4096 |   9216 |    24 | 1.00 | 1.00 |        43.0 |    43.0 |    43.0 |       7.8 |       30.9 
 abcijk-ejab-ikec |   6144 |   6144 |    24 | 1.00 | 1.00 |        41.1 |    41.1 |    41.1 |      10.1 |       20.9 
 abcijk-ejac-ikeb |   6144 |   6144 |    24 | 1.00 | 1.00 |        39.4 |    39.4 |    39.4 |       8.5 |       11.9 
 abcijk-ejbc-ikea |   4096 |   9216 |    24 | 1.00 | 1.00 |        45.6 |    45.6 |    45.6 |       7.9 |       31.6 
 abcijk-ekab-ijec |   6144 |   6144 |    24 | 1.00 | 1.00 |        41.3 |    41.3 |    41.3 |      10.1 |       32.3 
 abcijk-ekac-ijeb |   6144 |   6144 |    24 | 1.00 | 1.00 |        39.2 |    39.2 |    39.2 |       8.5 |       11.4 
 abcijk-ekbc-ijea |   4096 |   9216 |    24 | 1.00 | 1.00 |        45.6 |    45.6 |    45.6 |       7.8 |       31.6 
       abc-bk-akc |    216 |  44064 |   204 | 1.00 | 1.00 |        62.8 |    62.8 |    62.8 |      30.8 |       56.8 

=== c64 ===
             case |      m |      n |     k | regA | regB | planar GF/s | 1m GF/s | 3m GF/s | ttgt GF/s | tblis GF/s 
------------------+--------+--------+-------+------+------+-------------+---------+---------+-----------+------------
         ij-ik-kj |   2904 |   2896 |  2904 | 1.00 | 1.00 |        90.8 |    73.5 |    58.2 |      84.7 |       85.5 
       ij-ikl-ljk |    216 |    204 | 44064 | 1.00 | 1.00 |        62.0 |    52.9 |    44.4 |      53.7 |       66.1 
       ij-kil-lkj |    216 |    204 | 46656 | 1.00 | 1.00 |        64.3 |    54.6 |    45.7 |      51.5 |       58.4 
       ijk-ikl-lj |  44064 |    204 |   216 | 1.00 | 1.00 |        83.3 |    66.1 |    54.4 |      55.8 |       71.5 
       ijk-il-jlk |    216 |  44064 |   204 | 1.00 | 1.00 |        80.5 |    66.5 |    54.0 |      47.2 |       70.2 
       ijk-ilk-jl |  44064 |    216 |   204 | 0.96 | 1.00 |        85.5 |    67.9 |    55.4 |      55.2 |       72.7 
       ijk-ilk-lj |  44064 |    204 |   216 | 0.96 | 1.00 |        84.6 |    66.8 |    54.3 |      55.6 |       72.7 
     ijk-ilmk-mjl |   3744 |     52 |  3744 | 0.89 | 1.00 |        64.7 |    52.9 |    40.8 |      49.8 |       51.0 
   ijkl-imjn-lnkm |   3744 |   3744 |  2704 | 0.89 | 0.92 |        90.8 |    73.5 |    58.2 |      83.9 |       82.0 
   ijkl-imjn-nlmk |   3744 |   2704 |  3744 | 0.89 | 0.92 |        90.8 |    73.6 |    58.4 |      85.1 |       80.5 
   ijkl-imkn-jnlm |   3744 |   3744 |  2704 | 0.89 | 1.00 |        89.2 |    73.0 |    58.1 |      84.8 |       80.9 
   ijkl-imkn-njml |   3744 |   2704 |  3744 | 0.89 | 0.92 |        89.0 |    72.9 |    57.7 |      85.4 |       79.1 
   ijkl-imln-jnkm |   3744 |   3744 |  2704 | 0.89 | 1.00 |        89.3 |    73.1 |    58.1 |      84.8 |       84.4 
   ijkl-imln-njmk |   3744 |   2704 |  3744 | 0.89 | 0.92 |        89.0 |    72.9 |    57.7 |      85.4 |       83.8 
   ijkl-imnj-nlkm |   3744 |   2704 |  3744 | 0.89 | 0.92 |        91.0 |    73.7 |    58.2 |      85.5 |       80.8 
   ijkl-imnk-njml |   3744 |   2704 |  3744 | 0.89 | 0.92 |        89.0 |    72.8 |    57.7 |      85.4 |       79.3 
   ijkl-minj-nlmk |   3744 |   2704 |  5184 | 0.89 | 0.92 |        90.2 |    72.8 |    57.7 |      85.1 |       79.3 
   ijkl-mink-jnlm |   3744 |   3744 |  3744 | 0.89 | 1.00 |        89.0 |    72.5 |    57.8 |      85.1 |       80.6 
   ijkl-minl-njmk |   3744 |   2704 |  5184 | 0.89 | 0.92 |        88.5 |    72.1 |    57.3 |      85.2 |       82.6 
     aqrs-pa-pqrs |     72 | 140608 |    72 | 1.00 | 1.00 |        54.8 |    56.7 |    43.9 |      30.4 |       50.4 
     abrs-qb-aqrs |     52 | 194688 |    72 | 0.89 | 1.00 |        60.5 |    56.1 |    41.5 |      25.3 |       49.4 
     abcs-rc-abrs |     52 | 194688 |    72 | 1.00 | 1.00 |        67.7 |    59.5 |    44.6 |      25.0 |       56.4 
       abj-bka-kj |  46656 |    204 |   216 | 0.96 | 1.00 |        70.7 |    54.9 |    48.0 |      53.1 |       59.7 
       ajb-kba-jk |  44064 |    216 |   216 | 0.96 | 1.00 |        91.1 |    73.5 |    58.4 |      48.4 |       73.4 
     abjc-cbka-kj | 269568 |     52 |    72 | 0.89 | 1.00 |        32.1 |    29.9 |    25.8 |      25.6 |       34.6 
     ajbc-ckba-jk | 269568 |     72 |    52 | 0.89 | 1.00 |        36.2 |    36.9 |    30.3 |      21.9 |       41.4 
     abjc-kbac-jk | 194688 |     72 |    72 | 0.89 | 1.00 |        66.9 |    61.5 |    45.5 |      23.4 |       54.7 
   abjcd-dkbac-jk | 331776 |     24 |    24 | 0.67 | 1.00 |        15.7 |    13.1 |    12.9 |       9.7 |       19.5 
   adbjc-cbdka-kj | 331776 |     24 |    24 | 0.67 | 1.00 |        16.1 |    13.7 |    12.9 |      10.2 |       14.1 
   ajbdc-ckbad-jk | 331776 |     24 |    24 | 1.00 | 1.00 |        16.3 |    12.3 |    12.5 |       9.5 |       24.4 
 abcijk-ijma-mkbc |   9216 |   4096 |    24 | 1.00 | 0.99 |        61.5 |    54.3 |    42.6 |      16.9 |       45.1 
 abcijk-ijmb-mkac |   6144 |   6144 |    24 | 1.00 | 0.88 |        60.6 |    54.9 |    42.5 |      11.3 |       30.9 
 abcijk-ijmc-mkab |   6144 |   6144 |    24 | 1.00 | 0.75 |        61.1 |    59.7 |    45.8 |      10.9 |       49.6 
 abcijk-ikma-mjbc |   9216 |   4096 |    24 | 1.00 | 0.99 |        61.7 |    54.5 |    42.4 |      16.9 |       45.2 
 abcijk-ikmb-mjac |   6144 |   6144 |    24 | 1.00 | 0.88 |        60.6 |    54.8 |    42.7 |      11.4 |       31.5 
 abcijk-ikmc-mjab |   6144 |   6144 |    24 | 1.00 | 0.75 |        60.9 |    59.8 |    46.0 |      10.9 |       39.0 
 abcijk-jkma-mibc |   9216 |   4096 |    24 | 1.00 | 0.99 |        60.9 |    54.6 |    42.8 |      16.7 |       46.4 
 abcijk-jkmb-miac |   6144 |   6144 |    24 | 1.00 | 0.88 |        60.3 |    53.3 |    42.0 |       9.8 |       27.7 
 abcijk-jkmc-miab |   6144 |   6144 |    24 | 1.00 | 0.75 |        60.5 |    57.2 |    45.3 |       8.6 |       43.2 
 abcijk-eiab-jkec |   6144 |   6144 |    24 | 1.00 | 0.75 |        60.4 |    58.8 |    45.3 |      17.8 |       43.3 
 abcijk-eiac-jkeb |   6144 |   6144 |    24 | 1.00 | 0.88 |        60.6 |    54.7 |    42.0 |      17.0 |       27.6 
 abcijk-eibc-jkea |   4096 |   9216 |    24 | 1.00 | 0.99 |        61.0 |    54.5 |    42.5 |      14.2 |       46.5 
 abcijk-ejab-ikec |   6144 |   6144 |    24 | 1.00 | 0.75 |        60.9 |    59.8 |    45.7 |      17.8 |       39.1 
 abcijk-ejac-ikeb |   6144 |   6144 |    24 | 1.00 | 0.88 |        60.3 |    54.8 |    42.4 |      17.0 |       31.5 
 abcijk-ejbc-ikea |   4096 |   9216 |    24 | 1.00 | 0.99 |        62.0 |    54.3 |    42.5 |      14.1 |       45.2 
 abcijk-ekab-ijec |   6144 |   6144 |    24 | 1.00 | 0.75 |        61.2 |    59.4 |    45.7 |      17.8 |       49.7 
 abcijk-ekac-ijeb |   6144 |   6144 |    24 | 1.00 | 0.88 |        60.6 |    54.7 |    42.5 |      17.0 |       30.8 
 abcijk-ekbc-ijea |   4096 |   9216 |    24 | 1.00 | 0.99 |        62.0 |    54.0 |    42.4 |      14.1 |       45.1 
       abc-bk-akc |    216 |  44064 |   204 | 0.96 | 1.00 |        85.7 |    67.7 |    55.5 |      43.2 |       72.8 

=== complex efficiency ratio (c64 GF/s over f64 GF/s; 1.0 = no penalty) ===
             case | planar c64/f64 | 1m c64/f64 | 3m c64/f64 | ttgt c64/f64 | tblis c64/f64 
------------------+----------------+------------+------------+--------------+---------------
         ij-ik-kj |          1.265 |      1.024 |      0.811 |        0.935 |         1.034 
       ij-ikl-ljk |          1.511 |      1.289 |      1.082 |        1.293 |         1.513 
       ij-kil-lkj |          1.597 |      1.357 |      1.136 |        1.240 |         1.726 
       ijk-ikl-lj |          1.424 |      1.131 |      0.930 |        1.278 |         1.241 
       ijk-il-jlk |          1.664 |      1.375 |      1.117 |        1.350 |         1.237 
       ijk-ilk-jl |          1.354 |      1.075 |      0.877 |        1.294 |         1.282 
       ijk-ilk-lj |          1.376 |      1.087 |      0.884 |        1.290 |         1.294 
     ijk-ilmk-mjl |          1.466 |      1.199 |      0.925 |        1.400 |         1.832 
   ijkl-imjn-lnkm |          1.280 |      1.035 |      0.820 |        0.944 |         1.008 
   ijkl-imjn-nlmk |          1.284 |      1.041 |      0.826 |        0.923 |         1.012 
   ijkl-imkn-jnlm |          1.280 |      1.048 |      0.834 |        0.923 |         1.036 
   ijkl-imkn-njml |          1.289 |      1.056 |      0.836 |        0.919 |         1.034 
   ijkl-imln-jnkm |          1.280 |      1.048 |      0.833 |        0.923 |         1.052 
   ijkl-imln-njmk |          1.283 |      1.051 |      0.831 |        0.919 |         1.056 
   ijkl-imnj-nlkm |          1.291 |      1.045 |      0.825 |        0.916 |         1.015 
   ijkl-imnk-njml |          1.289 |      1.055 |      0.835 |        0.918 |         1.037 
   ijkl-minj-nlmk |          1.295 |      1.045 |      0.829 |        0.923 |         1.012 
   ijkl-mink-jnlm |          1.288 |      1.048 |      0.836 |        0.917 |         1.033 
   ijkl-minl-njmk |          1.287 |      1.050 |      0.834 |        0.920 |         1.057 
     aqrs-pa-pqrs |          1.458 |      1.508 |      1.167 |        1.735 |         2.112 
     abrs-qb-aqrs |          1.420 |      1.317 |      0.973 |        1.709 |         1.929 
     abcs-rc-abrs |          1.359 |      1.194 |      0.895 |        1.814 |         1.862 
       abj-bka-kj |          1.582 |      1.228 |      1.074 |        1.363 |         1.480 
       ajb-kba-jk |          1.464 |      1.181 |      0.938 |        1.560 |         1.259 
     abjc-cbka-kj |          2.060 |      1.922 |      1.657 |        1.707 |         2.768 
     ajbc-ckba-jk |          1.608 |      1.639 |      1.345 |        1.622 |         1.830 
     abjc-kbac-jk |          1.197 |      1.101 |      0.814 |        1.867 |         1.609 
   abjcd-dkbac-jk |          1.711 |      1.427 |      1.408 |        2.201 |         2.262 
   adbjc-cbdka-kj |          2.278 |      1.938 |      1.833 |        1.828 |         2.666 
   ajbdc-ckbad-jk |          1.798 |      1.366 |      1.384 |        2.268 |         2.075 
 abcijk-ijma-mkbc |          1.348 |      1.191 |      0.935 |        1.931 |         1.423 
 abcijk-ijmb-mkac |          1.548 |      1.403 |      1.086 |        1.884 |         2.699 
 abcijk-ijmc-mkab |          1.483 |      1.449 |      1.111 |        2.263 |         1.545 
 abcijk-ikma-mjbc |          1.357 |      1.201 |      0.933 |        1.933 |         1.429 
 abcijk-ikmb-mjac |          1.548 |      1.398 |      1.091 |        1.887 |         2.647 
 abcijk-ikmc-mjab |          1.478 |      1.451 |      1.117 |        2.261 |         1.868 
 abcijk-jkma-mibc |          1.416 |      1.269 |      0.995 |        1.915 |         1.500 
 abcijk-jkmb-miac |          1.585 |      1.401 |      1.105 |        1.630 |         3.005 
 abcijk-jkmc-miab |          1.493 |      1.414 |      1.119 |        1.786 |         2.084 
 abcijk-eiab-jkec |          1.490 |      1.449 |      1.117 |        1.766 |         2.083 
 abcijk-eiac-jkeb |          1.594 |      1.438 |      1.105 |        1.985 |         2.994 
 abcijk-eibc-jkea |          1.417 |      1.266 |      0.987 |        1.815 |         1.504 
 abcijk-ejab-ikec |          1.481 |      1.453 |      1.110 |        1.768 |         1.872 
 abcijk-ejac-ikeb |          1.528 |      1.390 |      1.075 |        1.987 |         2.639 
 abcijk-ejbc-ikea |          1.360 |      1.190 |      0.931 |        1.797 |         1.431 
 abcijk-ekab-ijec |          1.480 |      1.438 |      1.105 |        1.764 |         1.538 
 abcijk-ekac-ijeb |          1.546 |      1.394 |      1.083 |        1.988 |         2.699 
 abcijk-ekbc-ijea |          1.361 |      1.185 |      0.932 |        1.800 |         1.426 
       abc-bk-akc |          1.364 |      1.078 |      0.884 |        1.402 |         1.281 
             MEAN |          1.462 |      1.272 |      1.025 |        1.540 |         1.674 

wrote bench-results/worker6156-icelake/warm-f64c64.csv
