host        : worker5139
target      : x86_64 / linux
cpu features: avx2 fma 
caches      : L1=32KiB/8-way/1sh L2=512KiB/8-way/1sh L3=16384KiB/16-way/4sh (via sysfs), blocking=legacy
l3 domains  : t1=1 t4=1 t8=2 t16=4
baselines   : tblis=false blas=false

sweeping 49 cases at 64 MiB nominal tensor size, 3 reps, stress=none


=== f64 ===
             case |      m |      n |     k | regA | regB | planar GF/s | 1m GF/s | 3m GF/s 
------------------+--------+--------+-------+------+------+-------------+---------+---------
         ij-ik-kj |   2904 |   2896 |  2904 | 1.00 | 1.00 |       272.3 |   272.3 |   272.3 
       ij-ikl-ljk |    216 |    204 | 44064 | 1.00 | 1.00 |       114.9 |   114.9 |   114.9 
       ij-kil-lkj |    216 |    204 | 46656 | 1.00 | 1.00 |       120.1 |   120.1 |   120.1 
       ijk-ikl-lj |  44064 |    204 |   216 | 1.00 | 1.00 |       240.3 |   240.3 |   240.3 
       ijk-il-jlk |    216 |  44064 |   204 | 1.00 | 1.00 |       164.2 |   164.2 |   164.2 
       ijk-ilk-jl |  44064 |    216 |   204 | 1.00 | 1.00 |       279.6 |   279.6 |   279.6 
       ijk-ilk-lj |  44064 |    204 |   216 | 1.00 | 1.00 |       275.8 |   275.8 |   275.8 
     ijk-ilmk-mjl |   3744 |     52 |  3744 | 1.00 | 1.00 |       167.7 |   167.7 |   167.7 
   ijkl-imjn-lnkm |   3744 |   3744 |  2704 | 1.00 | 0.92 |       279.7 |   279.7 |   279.7 
   ijkl-imjn-nlmk |   3744 |   2704 |  3744 | 1.00 | 0.92 |       277.6 |   277.6 |   277.6 
   ijkl-imkn-jnlm |   3744 |   3744 |  2704 | 1.00 | 1.00 |       288.0 |   288.0 |   288.0 
   ijkl-imkn-njml |   3744 |   2704 |  3744 | 1.00 | 0.92 |       282.9 |   282.9 |   282.9 
   ijkl-imln-jnkm |   3744 |   3744 |  2704 | 1.00 | 1.00 |       280.9 |   280.9 |   280.9 
   ijkl-imln-njmk |   3744 |   2704 |  3744 | 1.00 | 0.92 |       282.3 |   282.3 |   282.3 
   ijkl-imnj-nlkm |   3744 |   2704 |  3744 | 1.00 | 0.92 |       290.5 |   290.5 |   290.5 
   ijkl-imnk-njml |   3744 |   2704 |  3744 | 1.00 | 0.92 |       285.2 |   285.2 |   285.2 
   ijkl-minj-nlmk |   3744 |   2704 |  5184 | 1.00 | 0.92 |       283.6 |   283.6 |   283.6 
   ijkl-mink-jnlm |   3744 |   3744 |  3744 | 1.00 | 1.00 |       289.5 |   289.5 |   289.5 
   ijkl-minl-njmk |   3744 |   2704 |  5184 | 1.00 | 0.92 |       277.5 |   277.5 |   277.5 
     aqrs-pa-pqrs |     72 | 140608 |    72 | 1.00 | 1.00 |        56.1 |    56.1 |    56.1 
     abrs-qb-aqrs |     52 | 194688 |    72 | 1.00 | 1.00 |       102.3 |   102.3 |   102.3 
     abcs-rc-abrs |     52 | 194688 |    72 | 1.00 | 1.00 |        88.0 |    88.0 |    88.0 
       abj-bka-kj |  46656 |    204 |   216 | 1.00 | 1.00 |       204.5 |   204.5 |   204.5 
       ajb-kba-jk |  44064 |    216 |   216 | 1.00 | 1.00 |       288.0 |   288.0 |   288.0 
     abjc-cbka-kj | 269568 |     52 |    72 | 1.00 | 1.00 |        39.8 |    39.8 |    39.8 
     ajbc-ckba-jk | 269568 |     72 |    52 | 1.00 | 1.00 |        31.7 |    31.7 |    31.7 
     abjc-kbac-jk | 194688 |     72 |    72 | 1.00 | 1.00 |       132.0 |   132.0 |   132.0 
   abjcd-dkbac-jk | 331776 |     24 |    24 | 1.00 | 1.00 |        21.6 |    21.6 |    21.6 
   adbjc-cbdka-kj | 331776 |     24 |    24 | 1.00 | 1.00 |        18.1 |    18.1 |    18.1 
   ajbdc-ckbad-jk | 331776 |     24 |    24 | 1.00 | 1.00 |        23.4 |    23.4 |    23.4 
 abcijk-ijma-mkbc |   9216 |   4096 |    24 | 1.00 | 0.99 |        95.4 |    95.4 |    95.4 
 abcijk-ijmb-mkac |   6144 |   6144 |    24 | 1.00 | 0.75 |        90.8 |    90.8 |    90.8 
 abcijk-ijmc-mkab |   6144 |   6144 |    24 | 1.00 | 0.75 |        97.2 |    97.2 |    97.2 
 abcijk-ikma-mjbc |   9216 |   4096 |    24 | 1.00 | 0.99 |        94.7 |    94.7 |    94.7 
 abcijk-ikmb-mjac |   6144 |   6144 |    24 | 1.00 | 0.75 |        98.4 |    98.4 |    98.4 
 abcijk-ikmc-mjab |   6144 |   6144 |    24 | 1.00 | 0.75 |        98.6 |    98.6 |    98.6 
 abcijk-jkma-mibc |   9216 |   4096 |    24 | 1.00 | 0.99 |        96.3 |    96.3 |    96.3 
 abcijk-jkmb-miac |   6144 |   6144 |    24 | 1.00 | 0.75 |        98.2 |    98.2 |    98.2 
 abcijk-jkmc-miab |   6144 |   6144 |    24 | 1.00 | 0.75 |        97.6 |    97.6 |    97.6 
 abcijk-eiab-jkec |   6144 |   6144 |    24 | 1.00 | 0.75 |        96.2 |    96.2 |    96.2 
 abcijk-eiac-jkeb |   6144 |   6144 |    24 | 1.00 | 0.75 |        98.2 |    98.2 |    98.2 
 abcijk-eibc-jkea |   4096 |   9216 |    24 | 1.00 | 0.99 |        95.5 |    95.5 |    95.5 
 abcijk-ejab-ikec |   6144 |   6144 |    24 | 1.00 | 0.75 |        98.7 |    98.7 |    98.7 
 abcijk-ejac-ikeb |   6144 |   6144 |    24 | 1.00 | 0.75 |        99.1 |    99.1 |    99.1 
 abcijk-ejbc-ikea |   4096 |   9216 |    24 | 1.00 | 0.99 |        96.8 |    96.8 |    96.8 
 abcijk-ekab-ijec |   6144 |   6144 |    24 | 1.00 | 0.75 |        98.5 |    98.5 |    98.5 
 abcijk-ekac-ijeb |   6144 |   6144 |    24 | 1.00 | 0.75 |        98.7 |    98.7 |    98.7 
 abcijk-ekbc-ijea |   4096 |   9216 |    24 | 1.00 | 0.99 |        95.7 |    95.7 |    95.7 
       abc-bk-akc |    216 |  44064 |   204 | 1.00 | 1.00 |       288.4 |   288.4 |   288.4 

=== c64 ===
             case |      m |      n |     k | regA | regB | planar GF/s | 1m GF/s | 3m GF/s 
------------------+--------+--------+-------+------+------+-------------+---------+---------
         ij-ik-kj |   2904 |   2896 |  2904 | 1.00 | 1.00 |       316.8 |   315.5 |   307.3 
       ij-ikl-ljk |    216 |    204 | 44064 | 1.00 | 1.00 |       195.8 |   206.2 |   180.6 
       ij-kil-lkj |    216 |    204 | 46656 | 1.00 | 1.00 |       199.8 |   203.8 |   120.8 
       ijk-ikl-lj |  44064 |    204 |   216 | 1.00 | 1.00 |       308.1 |   298.4 |   302.3 
       ijk-il-jlk |    216 |  44064 |   204 | 1.00 | 0.98 |       244.1 |   229.4 |   216.3 
       ijk-ilk-jl |  44064 |    216 |   204 | 1.00 | 1.00 |       322.7 |   343.0 |   303.6 
       ijk-ilk-lj |  44064 |    204 |   216 | 1.00 | 1.00 |       329.8 |   278.2 |   305.5 
     ijk-ilmk-mjl |   3744 |     52 |  3744 | 1.00 | 1.00 |       226.9 |   252.2 |   192.8 
   ijkl-imjn-lnkm |   3744 |   3744 |  2704 | 1.00 | 0.92 |       320.4 |   328.2 |   308.8 
   ijkl-imjn-nlmk |   3744 |   2704 |  3744 | 1.00 | 0.92 |       324.2 |   332.8 |   313.1 
   ijkl-imkn-jnlm |   3744 |   3744 |  2704 | 1.00 | 0.95 |       322.8 |   321.2 |   301.5 
   ijkl-imkn-njml |   3744 |   2704 |  3744 | 1.00 | 0.92 |       322.1 |   322.6 |   300.2 
   ijkl-imln-jnkm |   3744 |   3744 |  2704 | 1.00 | 0.95 |       323.6 |   323.6 |   294.9 
   ijkl-imln-njmk |   3744 |   2704 |  3744 | 1.00 | 0.92 |       321.0 |   324.3 |   301.5 
   ijkl-imnj-nlkm |   3744 |   2704 |  3744 | 1.00 | 0.92 |       323.9 |   337.0 |   304.0 
   ijkl-imnk-njml |   3744 |   2704 |  3744 | 1.00 | 0.92 |       320.8 |   325.7 |   300.7 
   ijkl-minj-nlmk |   3744 |   2704 |  5184 | 1.00 | 0.92 |       321.4 |   328.7 |   317.0 
   ijkl-mink-jnlm |   3744 |   3744 |  3744 | 1.00 | 0.95 |       323.3 |   326.3 |   307.9 
   ijkl-minl-njmk |   3744 |   2704 |  5184 | 1.00 | 0.92 |       316.9 |   325.1 |   307.4 
     aqrs-pa-pqrs |     72 | 140608 |    72 | 1.00 | 1.00 |       126.0 |   129.0 |   107.1 
     abrs-qb-aqrs |     52 | 194688 |    72 | 1.00 | 1.00 |       216.5 |   231.3 |   187.3 
     abcs-rc-abrs |     52 | 194688 |    72 | 1.00 | 1.00 |       203.6 |   159.0 |   160.9 
       abj-bka-kj |  46656 |    204 |   216 | 1.00 | 1.00 |       241.8 |   256.7 |   264.8 
       ajb-kba-jk |  44064 |    216 |   216 | 1.00 | 1.00 |       334.7 |   348.4 |   265.3 
     abjc-cbka-kj | 269568 |     52 |    72 | 1.00 | 1.00 |       123.8 |   112.2 |   121.8 
     ajbc-ckba-jk | 269568 |     72 |    52 | 1.00 | 1.00 |        41.1 |    29.4 |    32.2 
     abjc-kbac-jk | 194688 |     72 |    72 | 1.00 | 1.00 |       257.2 |   287.5 |   271.1 
   abjcd-dkbac-jk | 331776 |     24 |    24 | 1.00 | 1.00 |        58.0 |    55.9 |    56.4 
   adbjc-cbdka-kj | 331776 |     24 |    24 | 1.00 | 1.00 |        54.3 |    52.5 |    53.7 
   ajbdc-ckbad-jk | 331776 |     24 |    24 | 1.00 | 1.00 |        55.8 |    54.2 |    55.8 
 abcijk-ijma-mkbc |   9216 |   4096 |    24 | 1.00 | 0.99 |       148.4 |   150.7 |   142.8 
 abcijk-ijmb-mkac |   6144 |   6144 |    24 | 1.00 | 0.75 |       157.9 |   178.4 |   166.5 
 abcijk-ijmc-mkab |   6144 |   6144 |    24 | 1.00 | 0.75 |       172.8 |   185.1 |   177.4 
 abcijk-ikma-mjbc |   9216 |   4096 |    24 | 1.00 | 0.99 |       149.5 |   154.0 |   144.3 
 abcijk-ikmb-mjac |   6144 |   6144 |    24 | 1.00 | 0.75 |       166.7 |   177.0 |   166.5 
 abcijk-ikmc-mjab |   6144 |   6144 |    24 | 1.00 | 0.75 |       180.0 |   181.8 |   176.7 
 abcijk-jkma-mibc |   9216 |   4096 |    24 | 1.00 | 0.99 |       158.0 |   161.2 |   152.3 
 abcijk-jkmb-miac |   6144 |   6144 |    24 | 1.00 | 0.75 |       166.1 |   177.1 |   162.9 
 abcijk-jkmc-miab |   6144 |   6144 |    24 | 1.00 | 0.75 |       180.7 |   185.0 |   177.9 
 abcijk-eiab-jkec |   6144 |   6144 |    24 | 1.00 | 0.75 |       165.9 |   183.9 |   170.7 
 abcijk-eiac-jkeb |   6144 |   6144 |    24 | 1.00 | 0.75 |       162.3 |   175.8 |   163.7 
 abcijk-eibc-jkea |   4096 |   9216 |    24 | 1.00 | 0.99 |       158.1 |   162.0 |   152.0 
 abcijk-ejab-ikec |   6144 |   6144 |    24 | 1.00 | 0.75 |       178.0 |   183.1 |   176.0 
 abcijk-ejac-ikeb |   6144 |   6144 |    24 | 1.00 | 0.75 |       165.8 |   176.5 |   164.4 
 abcijk-ejbc-ikea |   4096 |   9216 |    24 | 1.00 | 0.99 |       148.9 |   155.6 |   144.1 
 abcijk-ekab-ijec |   6144 |   6144 |    24 | 1.00 | 0.75 |       182.3 |   184.8 |   176.6 
 abcijk-ekac-ijeb |   6144 |   6144 |    24 | 1.00 | 0.75 |       167.0 |   177.5 |   164.7 
 abcijk-ekbc-ijea |   4096 |   9216 |    24 | 1.00 | 0.99 |       150.2 |   152.3 |   143.2 
       abc-bk-akc |    216 |  44064 |   204 | 1.00 | 1.00 |       323.9 |   344.4 |   247.0 

=== complex efficiency ratio (c64 GF/s over f64 GF/s; 1.0 = no penalty) ===
             case | planar c64/f64 | 1m c64/f64 | 3m c64/f64 
------------------+----------------+------------+------------
         ij-ik-kj |          1.163 |      1.158 |      1.129 
       ij-ikl-ljk |          1.704 |      1.796 |      1.573 
       ij-kil-lkj |          1.664 |      1.697 |      1.006 
       ijk-ikl-lj |          1.282 |      1.242 |      1.258 
       ijk-il-jlk |          1.487 |      1.397 |      1.318 
       ijk-ilk-jl |          1.154 |      1.227 |      1.086 
       ijk-ilk-lj |          1.196 |      1.009 |      1.108 
     ijk-ilmk-mjl |          1.353 |      1.504 |      1.149 
   ijkl-imjn-lnkm |          1.145 |      1.173 |      1.104 
   ijkl-imjn-nlmk |          1.168 |      1.199 |      1.128 
   ijkl-imkn-jnlm |          1.121 |      1.115 |      1.047 
   ijkl-imkn-njml |          1.138 |      1.140 |      1.061 
   ijkl-imln-jnkm |          1.152 |      1.152 |      1.050 
   ijkl-imln-njmk |          1.137 |      1.149 |      1.068 
   ijkl-imnj-nlkm |          1.115 |      1.160 |      1.047 
   ijkl-imnk-njml |          1.125 |      1.142 |      1.054 
   ijkl-minj-nlmk |          1.133 |      1.159 |      1.118 
   ijkl-mink-jnlm |          1.117 |      1.127 |      1.064 
   ijkl-minl-njmk |          1.142 |      1.172 |      1.108 
     aqrs-pa-pqrs |          2.245 |      2.298 |      1.910 
     abrs-qb-aqrs |          2.117 |      2.261 |      1.831 
     abcs-rc-abrs |          2.313 |      1.806 |      1.827 
       abj-bka-kj |          1.182 |      1.255 |      1.295 
       ajb-kba-jk |          1.162 |      1.210 |      0.921 
     abjc-cbka-kj |          3.110 |      2.817 |      3.059 
     ajbc-ckba-jk |          1.297 |      0.929 |      1.016 
     abjc-kbac-jk |          1.949 |      2.178 |      2.054 
   abjcd-dkbac-jk |          2.688 |      2.591 |      2.614 
   adbjc-cbdka-kj |          2.997 |      2.898 |      2.965 
   ajbdc-ckbad-jk |          2.386 |      2.314 |      2.384 
 abcijk-ijma-mkbc |          1.555 |      1.579 |      1.496 
 abcijk-ijmb-mkac |          1.738 |      1.964 |      1.833 
 abcijk-ijmc-mkab |          1.777 |      1.904 |      1.825 
 abcijk-ikma-mjbc |          1.578 |      1.626 |      1.524 
 abcijk-ikmb-mjac |          1.694 |      1.799 |      1.693 
 abcijk-ikmc-mjab |          1.827 |      1.845 |      1.792 
 abcijk-jkma-mibc |          1.640 |      1.674 |      1.581 
 abcijk-jkmb-miac |          1.692 |      1.804 |      1.659 
 abcijk-jkmc-miab |          1.852 |      1.896 |      1.823 
 abcijk-eiab-jkec |          1.724 |      1.912 |      1.775 
 abcijk-eiac-jkeb |          1.653 |      1.790 |      1.667 
 abcijk-eibc-jkea |          1.655 |      1.697 |      1.591 
 abcijk-ejab-ikec |          1.802 |      1.854 |      1.783 
 abcijk-ejac-ikeb |          1.672 |      1.781 |      1.659 
 abcijk-ejbc-ikea |          1.539 |      1.608 |      1.489 
 abcijk-ekab-ijec |          1.850 |      1.876 |      1.793 
 abcijk-ekac-ijeb |          1.693 |      1.799 |      1.669 
 abcijk-ekbc-ijea |          1.569 |      1.592 |      1.497 
       abc-bk-akc |          1.123 |      1.194 |      0.857 
             MEAN |          1.604 |      1.622 |      1.517 

wrote bench-results/worker5139-zen2/phase4f/th-t8-f64c64.csv
