host        : worker5175
target      : x86_64 / linux
cpu features: avx2 fma 
caches      : L1=32KiB/8-way/1sh L2=512KiB/8-way/1sh L3=16384KiB/16-way/4sh (via sysfs), blocking=legacy
baselines   : tblis=false blas=false

sweeping 49 cases at 64 MiB nominal tensor size, 3 reps, stress=none


=== f64 ===
             case |      m |      n |     k | regA | regB | planar GF/s | 1m GF/s | 3m GF/s 
------------------+--------+--------+-------+------+------+-------------+---------+---------
         ij-ik-kj |   2904 |   2896 |  2904 | 1.00 | 1.00 |        41.2 |    41.2 |    41.2 
       ij-ikl-ljk |    216 |    204 | 44064 | 1.00 | 1.00 |        33.3 |    33.3 |    33.3 
       ij-kil-lkj |    216 |    204 | 46656 | 1.00 | 1.00 |        33.0 |    33.0 |    33.0 
       ijk-ikl-lj |  44064 |    204 |   216 | 1.00 | 1.00 |        34.3 |    34.3 |    34.3 
       ijk-il-jlk |    216 |  44064 |   204 | 1.00 | 1.00 |        35.8 |    35.8 |    35.8 
       ijk-ilk-jl |  44064 |    216 |   204 | 1.00 | 1.00 |        40.5 |    40.5 |    40.5 
       ijk-ilk-lj |  44064 |    204 |   216 | 1.00 | 1.00 |        40.4 |    40.4 |    40.4 
     ijk-ilmk-mjl |   3744 |     52 |  3744 | 1.00 | 1.00 |        30.3 |    30.3 |    30.3 
   ijkl-imjn-lnkm |   3744 |   3744 |  2704 | 1.00 | 0.92 |        41.7 |    41.7 |    41.7 
   ijkl-imjn-nlmk |   3744 |   2704 |  3744 | 1.00 | 0.92 |        41.6 |    41.6 |    41.6 
   ijkl-imkn-jnlm |   3744 |   3744 |  2704 | 1.00 | 1.00 |        40.3 |    40.3 |    40.3 
   ijkl-imkn-njml |   3744 |   2704 |  3744 | 1.00 | 0.92 |        40.2 |    40.2 |    40.2 
   ijkl-imln-jnkm |   3744 |   3744 |  2704 | 1.00 | 1.00 |        40.3 |    40.3 |    40.3 
   ijkl-imln-njmk |   3744 |   2704 |  3744 | 1.00 | 0.92 |        40.3 |    40.3 |    40.3 
   ijkl-imnj-nlkm |   3744 |   2704 |  3744 | 1.00 | 0.92 |        41.7 |    41.7 |    41.7 
   ijkl-imnk-njml |   3744 |   2704 |  3744 | 1.00 | 0.92 |        40.3 |    40.3 |    40.3 
   ijkl-minj-nlmk |   3744 |   2704 |  5184 | 1.00 | 0.92 |        41.0 |    41.0 |    41.0 
   ijkl-mink-jnlm |   3744 |   3744 |  3744 | 1.00 | 1.00 |        39.7 |    39.7 |    39.7 
   ijkl-minl-njmk |   3744 |   2704 |  5184 | 1.00 | 0.92 |        39.5 |    39.5 |    39.5 
     aqrs-pa-pqrs |     72 | 140608 |    72 | 1.00 | 1.00 |        24.8 |    24.8 |    24.8 
     abrs-qb-aqrs |     52 | 194688 |    72 | 1.00 | 1.00 |        24.9 |    24.9 |    24.9 
     abcs-rc-abrs |     52 | 194688 |    72 | 1.00 | 1.00 |        24.1 |    24.1 |    24.1 
       abj-bka-kj |  46656 |    204 |   216 | 1.00 | 1.00 |        36.9 |    36.9 |    36.9 
       ajb-kba-jk |  44064 |    216 |   216 | 1.00 | 1.00 |        41.5 |    41.5 |    41.5 
     abjc-cbka-kj | 269568 |     52 |    72 | 1.00 | 1.00 |        12.6 |    12.6 |    12.6 
     ajbc-ckba-jk | 269568 |     72 |    52 | 1.00 | 1.00 |        19.1 |    19.1 |    19.1 
     abjc-kbac-jk | 194688 |     72 |    72 | 1.00 | 1.00 |        31.2 |    31.2 |    31.2 
   abjcd-dkbac-jk | 331776 |     24 |    24 | 1.00 | 1.00 |         5.8 |     5.8 |     5.8 
   adbjc-cbdka-kj | 331776 |     24 |    24 | 1.00 | 1.00 |         4.8 |     4.8 |     4.8 
   ajbdc-ckbad-jk | 331776 |     24 |    24 | 1.00 | 1.00 |         5.6 |     5.6 |     5.6 
 abcijk-ijma-mkbc |   9216 |   4096 |    24 | 1.00 | 0.99 |        22.1 |    22.1 |    22.1 
 abcijk-ijmb-mkac |   6144 |   6144 |    24 | 1.00 | 0.75 |        19.8 |    19.8 |    19.8 
 abcijk-ijmc-mkab |   6144 |   6144 |    24 | 1.00 | 0.75 |        24.2 |    24.2 |    24.2 
 abcijk-ikma-mjbc |   9216 |   4096 |    24 | 1.00 | 0.99 |        22.1 |    22.1 |    22.1 
 abcijk-ikmb-mjac |   6144 |   6144 |    24 | 1.00 | 0.75 |        19.8 |    19.8 |    19.8 
 abcijk-ikmc-mjab |   6144 |   6144 |    24 | 1.00 | 0.75 |        24.2 |    24.2 |    24.2 
 abcijk-jkma-mibc |   9216 |   4096 |    24 | 1.00 | 0.99 |        22.3 |    22.3 |    22.3 
 abcijk-jkmb-miac |   6144 |   6144 |    24 | 1.00 | 0.75 |        19.4 |    19.4 |    19.4 
 abcijk-jkmc-miab |   6144 |   6144 |    24 | 1.00 | 0.75 |        22.7 |    22.7 |    22.7 
 abcijk-eiab-jkec |   6144 |   6144 |    24 | 1.00 | 0.75 |        22.6 |    22.6 |    22.6 
 abcijk-eiac-jkeb |   6144 |   6144 |    24 | 1.00 | 0.75 |        19.4 |    19.4 |    19.4 
 abcijk-eibc-jkea |   4096 |   9216 |    24 | 1.00 | 0.99 |        22.3 |    22.3 |    22.3 
 abcijk-ejab-ikec |   6144 |   6144 |    24 | 1.00 | 0.75 |        24.2 |    24.2 |    24.2 
 abcijk-ejac-ikeb |   6144 |   6144 |    24 | 1.00 | 0.75 |        19.8 |    19.8 |    19.8 
 abcijk-ejbc-ikea |   4096 |   9216 |    24 | 1.00 | 0.99 |        22.1 |    22.1 |    22.1 
 abcijk-ekab-ijec |   6144 |   6144 |    24 | 1.00 | 0.75 |        24.2 |    24.2 |    24.2 
 abcijk-ekac-ijeb |   6144 |   6144 |    24 | 1.00 | 0.75 |        19.8 |    19.8 |    19.8 
 abcijk-ekbc-ijea |   4096 |   9216 |    24 | 1.00 | 0.99 |        22.0 |    22.0 |    22.0 
       abc-bk-akc |    216 |  44064 |   204 | 1.00 | 1.00 |        39.7 |    39.7 |    39.7 

=== c64 ===
             case |      m |      n |     k | regA | regB | planar GF/s | 1m GF/s | 3m GF/s 
------------------+--------+--------+-------+------+------+-------------+---------+---------
         ij-ik-kj |   2904 |   2896 |  2904 | 1.00 | 1.00 |        43.1 |    44.1 |    42.5 
       ij-ikl-ljk |    216 |    204 | 44064 | 1.00 | 1.00 |        39.3 |    41.1 |    37.2 
       ij-kil-lkj |    216 |    204 | 46656 | 1.00 | 1.00 |        39.4 |    40.7 |    40.2 
       ijk-ikl-lj |  44064 |    204 |   216 | 1.00 | 1.00 |        40.6 |    41.8 |    40.7 
       ijk-il-jlk |    216 |  44064 |   204 | 1.00 | 0.98 |        42.5 |    45.1 |    41.0 
       ijk-ilk-jl |  44064 |    216 |   204 | 1.00 | 1.00 |        43.1 |    45.8 |    41.3 
       ijk-ilk-lj |  44064 |    204 |   216 | 1.00 | 1.00 |        43.4 |    46.0 |    41.2 
     ijk-ilmk-mjl |   3744 |     52 |  3744 | 1.00 | 1.00 |        35.7 |    36.3 |    30.3 
   ijkl-imjn-lnkm |   3744 |   3744 |  2704 | 1.00 | 0.92 |        43.9 |    45.7 |    42.9 
   ijkl-imjn-nlmk |   3744 |   2704 |  3744 | 1.00 | 0.92 |        43.8 |    45.5 |    42.8 
   ijkl-imkn-jnlm |   3744 |   3744 |  2704 | 1.00 | 0.95 |        43.2 |    44.5 |    41.4 
   ijkl-imkn-njml |   3744 |   2704 |  3744 | 1.00 | 0.92 |        43.2 |    44.3 |    41.4 
   ijkl-imln-jnkm |   3744 |   3744 |  2704 | 1.00 | 0.95 |        43.2 |    44.5 |    41.6 
   ijkl-imln-njmk |   3744 |   2704 |  3744 | 1.00 | 0.92 |        43.3 |    44.3 |    41.4 
   ijkl-imnj-nlkm |   3744 |   2704 |  3744 | 1.00 | 0.92 |        43.9 |    45.7 |    42.9 
   ijkl-imnk-njml |   3744 |   2704 |  3744 | 1.00 | 0.92 |        43.4 |    44.4 |    41.5 
   ijkl-minj-nlmk |   3744 |   2704 |  5184 | 1.00 | 0.92 |        43.5 |    45.0 |    43.9 
   ijkl-mink-jnlm |   3744 |   3744 |  3744 | 1.00 | 0.95 |        43.0 |    44.1 |    42.5 
   ijkl-minl-njmk |   3744 |   2704 |  5184 | 1.00 | 0.92 |        42.9 |    43.7 |    42.4 
     aqrs-pa-pqrs |     72 | 140608 |    72 | 1.00 | 1.00 |        33.0 |    35.4 |    32.7 
     abrs-qb-aqrs |     52 | 194688 |    72 | 1.00 | 1.00 |        30.9 |    33.1 |    29.1 
     abcs-rc-abrs |     52 | 194688 |    72 | 1.00 | 1.00 |        29.6 |    33.2 |    31.4 
       abj-bka-kj |  46656 |    204 |   216 | 1.00 | 1.00 |        41.9 |    41.8 |    41.7 
       ajb-kba-jk |  44064 |    216 |   216 | 1.00 | 1.00 |        43.7 |    45.8 |    44.7 
     abjc-cbka-kj | 269568 |     52 |    72 | 1.00 | 1.00 |        20.7 |    18.7 |    21.0 
     ajbc-ckba-jk | 269568 |     72 |    52 | 1.00 | 1.00 |        22.3 |    21.0 |    22.1 
     abjc-kbac-jk | 194688 |     72 |    72 | 1.00 | 1.00 |        35.8 |    38.7 |    37.8 
   abjcd-dkbac-jk | 331776 |     24 |    24 | 1.00 | 1.00 |        12.3 |    11.3 |    11.9 
   adbjc-cbdka-kj | 331776 |     24 |    24 | 1.00 | 1.00 |        10.9 |    10.0 |    10.7 
   ajbdc-ckbad-jk | 331776 |     24 |    24 | 1.00 | 1.00 |        11.7 |    10.8 |    11.4 
 abcijk-ijma-mkbc |   9216 |   4096 |    24 | 1.00 | 0.99 |        26.7 |    29.6 |    26.2 
 abcijk-ijmb-mkac |   6144 |   6144 |    24 | 1.00 | 0.75 |        26.6 |    29.6 |    25.6 
 abcijk-ijmc-mkab |   6144 |   6144 |    24 | 1.00 | 0.75 |        29.6 |    33.5 |    28.4 
 abcijk-ikma-mjbc |   9216 |   4096 |    24 | 1.00 | 0.99 |        26.6 |    29.6 |    26.2 
 abcijk-ikmb-mjac |   6144 |   6144 |    24 | 1.00 | 0.75 |        26.6 |    29.4 |    25.6 
 abcijk-ikmc-mjab |   6144 |   6144 |    24 | 1.00 | 0.75 |        29.6 |    33.5 |    28.3 
 abcijk-jkma-mibc |   9216 |   4096 |    24 | 1.00 | 0.99 |        26.6 |    29.7 |    26.3 
 abcijk-jkmb-miac |   6144 |   6144 |    24 | 1.00 | 0.75 |        26.1 |    28.3 |    25.4 
 abcijk-jkmc-miab |   6144 |   6144 |    24 | 1.00 | 0.75 |        28.6 |    30.5 |    28.0 
 abcijk-eiab-jkec |   6144 |   6144 |    24 | 1.00 | 0.75 |        28.5 |    30.4 |    27.8 
 abcijk-eiac-jkeb |   6144 |   6144 |    24 | 1.00 | 0.75 |        26.1 |    28.4 |    25.4 
 abcijk-eibc-jkea |   4096 |   9216 |    24 | 1.00 | 0.99 |        26.6 |    29.8 |    26.3 
 abcijk-ejab-ikec |   6144 |   6144 |    24 | 1.00 | 0.75 |        29.6 |    33.5 |    28.3 
 abcijk-ejac-ikeb |   6144 |   6144 |    24 | 1.00 | 0.75 |        26.6 |    29.6 |    25.6 
 abcijk-ejbc-ikea |   4096 |   9216 |    24 | 1.00 | 0.99 |        26.6 |    29.8 |    26.1 
 abcijk-ekab-ijec |   6144 |   6144 |    24 | 1.00 | 0.75 |        29.6 |    33.6 |    28.3 
 abcijk-ekac-ijeb |   6144 |   6144 |    24 | 1.00 | 0.75 |        26.6 |    29.6 |    25.6 
 abcijk-ekbc-ijea |   4096 |   9216 |    24 | 1.00 | 0.99 |        26.6 |    29.8 |    26.2 
       abc-bk-akc |    216 |  44064 |   204 | 1.00 | 1.00 |        42.9 |    45.7 |    40.4 

=== complex efficiency ratio (c64 GF/s over f64 GF/s; 1.0 = no penalty) ===
             case | planar c64/f64 | 1m c64/f64 | 3m c64/f64 
------------------+----------------+------------+------------
         ij-ik-kj |          1.046 |      1.068 |      1.031 
       ij-ikl-ljk |          1.180 |      1.232 |      1.117 
       ij-kil-lkj |          1.194 |      1.233 |      1.217 
       ijk-ikl-lj |          1.183 |      1.217 |      1.185 
       ijk-il-jlk |          1.187 |      1.259 |      1.145 
       ijk-ilk-jl |          1.064 |      1.132 |      1.020 
       ijk-ilk-lj |          1.076 |      1.138 |      1.019 
     ijk-ilmk-mjl |          1.179 |      1.199 |      1.001 
   ijkl-imjn-lnkm |          1.054 |      1.096 |      1.029 
   ijkl-imjn-nlmk |          1.052 |      1.093 |      1.028 
   ijkl-imkn-jnlm |          1.073 |      1.106 |      1.028 
   ijkl-imkn-njml |          1.074 |      1.100 |      1.028 
   ijkl-imln-jnkm |          1.072 |      1.104 |      1.032 
   ijkl-imln-njmk |          1.074 |      1.100 |      1.029 
   ijkl-imnj-nlkm |          1.053 |      1.095 |      1.029 
   ijkl-imnk-njml |          1.075 |      1.102 |      1.029 
   ijkl-minj-nlmk |          1.062 |      1.098 |      1.070 
   ijkl-mink-jnlm |          1.083 |      1.110 |      1.069 
   ijkl-minl-njmk |          1.086 |      1.107 |      1.074 
     aqrs-pa-pqrs |          1.331 |      1.426 |      1.318 
     abrs-qb-aqrs |          1.242 |      1.332 |      1.168 
     abcs-rc-abrs |          1.231 |      1.378 |      1.305 
       abj-bka-kj |          1.135 |      1.130 |      1.129 
       ajb-kba-jk |          1.053 |      1.101 |      1.075 
     abjc-cbka-kj |          1.649 |      1.490 |      1.673 
     ajbc-ckba-jk |          1.166 |      1.097 |      1.154 
     abjc-kbac-jk |          1.149 |      1.241 |      1.212 
   abjcd-dkbac-jk |          2.104 |      1.936 |      2.041 
   adbjc-cbdka-kj |          2.288 |      2.093 |      2.232 
   ajbdc-ckbad-jk |          2.104 |      1.934 |      2.048 
 abcijk-ijma-mkbc |          1.207 |      1.340 |      1.183 
 abcijk-ijmb-mkac |          1.342 |      1.493 |      1.290 
 abcijk-ijmc-mkab |          1.223 |      1.384 |      1.172 
 abcijk-ikma-mjbc |          1.206 |      1.340 |      1.185 
 abcijk-ikmb-mjac |          1.348 |      1.490 |      1.293 
 abcijk-ikmc-mjab |          1.225 |      1.386 |      1.171 
 abcijk-jkma-mibc |          1.195 |      1.334 |      1.178 
 abcijk-jkmb-miac |          1.345 |      1.461 |      1.311 
 abcijk-jkmc-miab |          1.263 |      1.344 |      1.233 
 abcijk-eiab-jkec |          1.264 |      1.349 |      1.233 
 abcijk-eiac-jkeb |          1.342 |      1.461 |      1.307 
 abcijk-eibc-jkea |          1.195 |      1.336 |      1.179 
 abcijk-ejab-ikec |          1.223 |      1.386 |      1.170 
 abcijk-ejac-ikeb |          1.344 |      1.498 |      1.291 
 abcijk-ejbc-ikea |          1.203 |      1.349 |      1.184 
 abcijk-ekab-ijec |          1.221 |      1.387 |      1.171 
 abcijk-ekac-ijeb |          1.342 |      1.497 |      1.294 
 abcijk-ekbc-ijea |          1.208 |      1.353 |      1.190 
       abc-bk-akc |          1.081 |      1.152 |      1.020 
             MEAN |          1.247 |      1.308 |      1.216 

wrote bench-results/worker5040-zen2/phase4e-seq/bl-base2-f64c64.csv
