host        : worker5175
target      : x86_64 / linux
cpu features: avx2 fma 
caches      : L1=32KiB/8-way/1sh L2=512KiB/8-way/1sh L3=16384KiB/16-way/4sh (via sysfs), blocking=legacy
baselines   : tblis=false blas=false

sweeping 49 cases at 64 MiB nominal tensor size, 3 reps, stress=none


=== f64 ===
             case |      m |      n |     k | regA | regB | planar GF/s | 1m GF/s | 3m GF/s 
------------------+--------+--------+-------+------+------+-------------+---------+---------
         ij-ik-kj |   2904 |   2896 |  2904 | 1.00 | 1.00 |        41.4 |    41.4 |    41.4 
       ij-ikl-ljk |    216 |    204 | 44064 | 1.00 | 1.00 |        33.3 |    33.3 |    33.3 
       ij-kil-lkj |    216 |    204 | 46656 | 1.00 | 1.00 |        33.0 |    33.0 |    33.0 
       ijk-ikl-lj |  44064 |    204 |   216 | 1.00 | 1.00 |        34.8 |    34.8 |    34.8 
       ijk-il-jlk |    216 |  44064 |   204 | 1.00 | 1.00 |        34.8 |    34.8 |    34.8 
       ijk-ilk-jl |  44064 |    216 |   204 | 1.00 | 1.00 |        40.3 |    40.3 |    40.3 
       ijk-ilk-lj |  44064 |    204 |   216 | 1.00 | 1.00 |        40.2 |    40.2 |    40.2 
     ijk-ilmk-mjl |   3744 |     52 |  3744 | 1.00 | 1.00 |        30.0 |    30.0 |    30.0 
   ijkl-imjn-lnkm |   3744 |   3744 |  2704 | 1.00 | 0.92 |        41.4 |    41.4 |    41.4 
   ijkl-imjn-nlmk |   3744 |   2704 |  3744 | 1.00 | 0.92 |        41.6 |    41.6 |    41.6 
   ijkl-imkn-jnlm |   3744 |   3744 |  2704 | 1.00 | 1.00 |        39.9 |    39.9 |    39.9 
   ijkl-imkn-njml |   3744 |   2704 |  3744 | 1.00 | 0.92 |        40.3 |    40.3 |    40.3 
   ijkl-imln-jnkm |   3744 |   3744 |  2704 | 1.00 | 1.00 |        39.8 |    39.8 |    39.8 
   ijkl-imln-njmk |   3744 |   2704 |  3744 | 1.00 | 0.92 |        40.3 |    40.3 |    40.3 
   ijkl-imnj-nlkm |   3744 |   2704 |  3744 | 1.00 | 0.92 |        41.6 |    41.6 |    41.6 
   ijkl-imnk-njml |   3744 |   2704 |  3744 | 1.00 | 0.92 |        40.3 |    40.3 |    40.3 
   ijkl-minj-nlmk |   3744 |   2704 |  5184 | 1.00 | 0.92 |        41.1 |    41.1 |    41.1 
   ijkl-mink-jnlm |   3744 |   3744 |  3744 | 1.00 | 1.00 |        39.7 |    39.7 |    39.7 
   ijkl-minl-njmk |   3744 |   2704 |  5184 | 1.00 | 0.92 |        39.9 |    39.9 |    39.9 
     aqrs-pa-pqrs |     72 | 140608 |    72 | 1.00 | 1.00 |        25.4 |    25.4 |    25.4 
     abrs-qb-aqrs |     52 | 194688 |    72 | 1.00 | 1.00 |        24.9 |    24.9 |    24.9 
     abcs-rc-abrs |     52 | 194688 |    72 | 1.00 | 1.00 |        22.2 |    22.2 |    22.2 
       abj-bka-kj |  46656 |    204 |   216 | 1.00 | 1.00 |        36.5 |    36.5 |    36.5 
       ajb-kba-jk |  44064 |    216 |   216 | 1.00 | 1.00 |        41.3 |    41.3 |    41.3 
     abjc-cbka-kj | 269568 |     52 |    72 | 1.00 | 1.00 |        12.2 |    12.2 |    12.2 
     ajbc-ckba-jk | 269568 |     72 |    52 | 1.00 | 1.00 |        18.8 |    18.8 |    18.8 
     abjc-kbac-jk | 194688 |     72 |    72 | 1.00 | 1.00 |        31.1 |    31.1 |    31.1 
   abjcd-dkbac-jk | 331776 |     24 |    24 | 1.00 | 1.00 |         5.7 |     5.7 |     5.7 
   adbjc-cbdka-kj | 331776 |     24 |    24 | 1.00 | 1.00 |         4.8 |     4.8 |     4.8 
   ajbdc-ckbad-jk | 331776 |     24 |    24 | 1.00 | 1.00 |         5.5 |     5.5 |     5.5 
 abcijk-ijma-mkbc |   9216 |   4096 |    24 | 1.00 | 0.99 |        22.1 |    22.1 |    22.1 
 abcijk-ijmb-mkac |   6144 |   6144 |    24 | 1.00 | 0.75 |        19.6 |    19.6 |    19.6 
 abcijk-ijmc-mkab |   6144 |   6144 |    24 | 1.00 | 0.75 |        22.9 |    22.9 |    22.9 
 abcijk-ikma-mjbc |   9216 |   4096 |    24 | 1.00 | 0.99 |        22.4 |    22.4 |    22.4 
 abcijk-ikmb-mjac |   6144 |   6144 |    24 | 1.00 | 0.75 |        19.5 |    19.5 |    19.5 
 abcijk-ikmc-mjab |   6144 |   6144 |    24 | 1.00 | 0.75 |        22.7 |    22.7 |    22.7 
 abcijk-jkma-mibc |   9216 |   4096 |    24 | 1.00 | 0.99 |        22.6 |    22.6 |    22.6 
 abcijk-jkmb-miac |   6144 |   6144 |    24 | 1.00 | 0.75 |        19.6 |    19.6 |    19.6 
 abcijk-jkmc-miab |   6144 |   6144 |    24 | 1.00 | 0.75 |        22.7 |    22.7 |    22.7 
 abcijk-eiab-jkec |   6144 |   6144 |    24 | 1.00 | 0.75 |        22.8 |    22.8 |    22.8 
 abcijk-eiac-jkeb |   6144 |   6144 |    24 | 1.00 | 0.75 |        19.6 |    19.6 |    19.6 
 abcijk-eibc-jkea |   4096 |   9216 |    24 | 1.00 | 0.99 |        22.6 |    22.6 |    22.6 
 abcijk-ejab-ikec |   6144 |   6144 |    24 | 1.00 | 0.75 |        22.3 |    22.3 |    22.3 
 abcijk-ejac-ikeb |   6144 |   6144 |    24 | 1.00 | 0.75 |        19.6 |    19.6 |    19.6 
 abcijk-ejbc-ikea |   4096 |   9216 |    24 | 1.00 | 0.99 |        22.3 |    22.3 |    22.3 
 abcijk-ekab-ijec |   6144 |   6144 |    24 | 1.00 | 0.75 |        22.7 |    22.7 |    22.7 
 abcijk-ekac-ijeb |   6144 |   6144 |    24 | 1.00 | 0.75 |        19.7 |    19.7 |    19.7 
 abcijk-ekbc-ijea |   4096 |   9216 |    24 | 1.00 | 0.99 |        22.3 |    22.3 |    22.3 
       abc-bk-akc |    216 |  44064 |   204 | 1.00 | 1.00 |        40.3 |    40.3 |    40.3 

=== c64 ===
             case |      m |      n |     k | regA | regB | planar GF/s | 1m GF/s | 3m GF/s 
------------------+--------+--------+-------+------+------+-------------+---------+---------
         ij-ik-kj |   2904 |   2896 |  2904 | 1.00 | 1.00 |        42.9 |    43.1 |    42.2 
       ij-ikl-ljk |    216 |    204 | 44064 | 1.00 | 1.00 |        39.2 |    41.0 |    36.9 
       ij-kil-lkj |    216 |    204 | 46656 | 1.00 | 1.00 |        39.2 |    40.3 |    39.8 
       ijk-ikl-lj |  44064 |    204 |   216 | 1.00 | 1.00 |        40.6 |    41.0 |    40.1 
       ijk-il-jlk |    216 |  44064 |   204 | 1.00 | 0.98 |        41.4 |    43.1 |    39.8 
       ijk-ilk-jl |  44064 |    216 |   204 | 1.00 | 1.00 |        43.1 |    45.5 |    40.8 
       ijk-ilk-lj |  44064 |    204 |   216 | 1.00 | 1.00 |        43.6 |    45.5 |    40.2 
     ijk-ilmk-mjl |   3744 |     52 |  3744 | 1.00 | 1.00 |        35.5 |    36.0 |    29.9 
   ijkl-imjn-lnkm |   3744 |   3744 |  2704 | 1.00 | 0.92 |        43.3 |    43.9 |    42.9 
   ijkl-imjn-nlmk |   3744 |   2704 |  3744 | 1.00 | 0.92 |        43.3 |    44.3 |    42.6 
   ijkl-imkn-jnlm |   3744 |   3744 |  2704 | 1.00 | 0.95 |        42.6 |    42.9 |    41.6 
   ijkl-imkn-njml |   3744 |   2704 |  3744 | 1.00 | 0.92 |        42.7 |    43.1 |    41.5 
   ijkl-imln-jnkm |   3744 |   3744 |  2704 | 1.00 | 0.95 |        42.7 |    43.2 |    41.8 
   ijkl-imln-njmk |   3744 |   2704 |  3744 | 1.00 | 0.92 |        42.8 |    43.5 |    41.6 
   ijkl-imnj-nlkm |   3744 |   2704 |  3744 | 1.00 | 0.92 |        43.3 |    44.5 |    42.8 
   ijkl-imnk-njml |   3744 |   2704 |  3744 | 1.00 | 0.92 |        42.8 |    43.6 |    41.6 
   ijkl-minj-nlmk |   3744 |   2704 |  5184 | 1.00 | 0.92 |        43.1 |    44.3 |    43.1 
   ijkl-mink-jnlm |   3744 |   3744 |  3744 | 1.00 | 0.95 |        42.7 |    43.1 |    42.0 
   ijkl-minl-njmk |   3744 |   2704 |  5184 | 1.00 | 0.92 |        42.7 |    43.3 |    41.8 
     aqrs-pa-pqrs |     72 | 140608 |    72 | 1.00 | 1.00 |        32.9 |    35.5 |    32.9 
     abrs-qb-aqrs |     52 | 194688 |    72 | 1.00 | 1.00 |        30.7 |    33.0 |    28.7 
     abcs-rc-abrs |     52 | 194688 |    72 | 1.00 | 1.00 |        30.2 |    33.3 |    32.1 
       abj-bka-kj |  46656 |    204 |   216 | 1.00 | 1.00 |        42.3 |    41.5 |    41.5 
       ajb-kba-jk |  44064 |    216 |   216 | 1.00 | 1.00 |        43.9 |    45.9 |    44.6 
     abjc-cbka-kj | 269568 |     52 |    72 | 1.00 | 1.00 |        20.5 |    18.5 |    20.8 
     ajbc-ckba-jk | 269568 |     72 |    52 | 1.00 | 1.00 |        22.1 |    20.7 |    21.9 
     abjc-kbac-jk | 194688 |     72 |    72 | 1.00 | 1.00 |        35.4 |    38.5 |    38.2 
   abjcd-dkbac-jk | 331776 |     24 |    24 | 1.00 | 1.00 |        12.2 |    11.1 |    11.8 
   adbjc-cbdka-kj | 331776 |     24 |    24 | 1.00 | 1.00 |        10.6 |     9.6 |    10.3 
   ajbdc-ckbad-jk | 331776 |     24 |    24 | 1.00 | 1.00 |        11.5 |    10.6 |    11.3 
 abcijk-ijma-mkbc |   9216 |   4096 |    24 | 1.00 | 0.99 |        27.0 |    30.2 |    26.8 
 abcijk-ijmb-mkac |   6144 |   6144 |    24 | 1.00 | 0.75 |        26.6 |    29.7 |    26.1 
 abcijk-ijmc-mkab |   6144 |   6144 |    24 | 1.00 | 0.75 |        29.6 |    33.7 |    28.5 
 abcijk-ikma-mjbc |   9216 |   4096 |    24 | 1.00 | 0.99 |        27.1 |    30.0 |    26.1 
 abcijk-ikmb-mjac |   6144 |   6144 |    24 | 1.00 | 0.75 |        26.5 |    29.5 |    26.1 
 abcijk-ikmc-mjab |   6144 |   6144 |    24 | 1.00 | 0.75 |        29.3 |    33.4 |    28.4 
 abcijk-jkma-mibc |   9216 |   4096 |    24 | 1.00 | 0.99 |        27.1 |    30.2 |    26.8 
 abcijk-jkmb-miac |   6144 |   6144 |    24 | 1.00 | 0.75 |        26.3 |    28.5 |    25.2 
 abcijk-jkmc-miab |   6144 |   6144 |    24 | 1.00 | 0.75 |        28.7 |    30.0 |    26.6 
 abcijk-eiab-jkec |   6144 |   6144 |    24 | 1.00 | 0.75 |        28.6 |    30.0 |    26.7 
 abcijk-eiac-jkeb |   6144 |   6144 |    24 | 1.00 | 0.75 |        26.2 |    28.5 |    25.0 
 abcijk-eibc-jkea |   4096 |   9216 |    24 | 1.00 | 0.99 |        27.0 |    30.3 |    26.6 
 abcijk-ejab-ikec |   6144 |   6144 |    24 | 1.00 | 0.75 |        28.6 |    33.4 |    28.4 
 abcijk-ejac-ikeb |   6144 |   6144 |    24 | 1.00 | 0.75 |        26.4 |    29.5 |    25.9 
 abcijk-ejbc-ikea |   4096 |   9216 |    24 | 1.00 | 0.99 |        27.1 |    30.3 |    26.8 
 abcijk-ekab-ijec |   6144 |   6144 |    24 | 1.00 | 0.75 |        29.6 |    33.8 |    28.5 
 abcijk-ekac-ijeb |   6144 |   6144 |    24 | 1.00 | 0.75 |        26.6 |    29.7 |    26.1 
 abcijk-ekbc-ijea |   4096 |   9216 |    24 | 1.00 | 0.99 |        27.0 |    30.2 |    26.7 
       abc-bk-akc |    216 |  44064 |   204 | 1.00 | 1.00 |        43.0 |    45.5 |    40.3 

=== complex efficiency ratio (c64 GF/s over f64 GF/s; 1.0 = no penalty) ===
             case | planar c64/f64 | 1m c64/f64 | 3m c64/f64 
------------------+----------------+------------+------------
         ij-ik-kj |          1.037 |      1.042 |      1.019 
       ij-ikl-ljk |          1.178 |      1.233 |      1.108 
       ij-kil-lkj |          1.188 |      1.221 |      1.208 
       ijk-ikl-lj |          1.168 |      1.178 |      1.154 
       ijk-il-jlk |          1.188 |      1.239 |      1.142 
       ijk-ilk-jl |          1.068 |      1.128 |      1.010 
       ijk-ilk-lj |          1.085 |      1.130 |      1.000 
     ijk-ilmk-mjl |          1.182 |      1.199 |      0.995 
   ijkl-imjn-lnkm |          1.045 |      1.059 |      1.035 
   ijkl-imjn-nlmk |          1.041 |      1.065 |      1.024 
   ijkl-imkn-jnlm |          1.070 |      1.076 |      1.043 
   ijkl-imkn-njml |          1.058 |      1.068 |      1.029 
   ijkl-imln-jnkm |          1.072 |      1.085 |      1.049 
   ijkl-imln-njmk |          1.060 |      1.078 |      1.031 
   ijkl-imnj-nlkm |          1.040 |      1.069 |      1.029 
   ijkl-imnk-njml |          1.062 |      1.082 |      1.030 
   ijkl-minj-nlmk |          1.048 |      1.078 |      1.047 
   ijkl-mink-jnlm |          1.076 |      1.086 |      1.060 
   ijkl-minl-njmk |          1.069 |      1.085 |      1.048 
     aqrs-pa-pqrs |          1.292 |      1.395 |      1.293 
     abrs-qb-aqrs |          1.234 |      1.326 |      1.155 
     abcs-rc-abrs |          1.361 |      1.500 |      1.446 
       abj-bka-kj |          1.161 |      1.137 |      1.138 
       ajb-kba-jk |          1.064 |      1.112 |      1.081 
     abjc-cbka-kj |          1.674 |      1.511 |      1.701 
     ajbc-ckba-jk |          1.175 |      1.101 |      1.167 
     abjc-kbac-jk |          1.139 |      1.239 |      1.226 
   abjcd-dkbac-jk |          2.135 |      1.954 |      2.072 
   adbjc-cbdka-kj |          2.188 |      1.990 |      2.127 
   ajbdc-ckbad-jk |          2.115 |      1.942 |      2.065 
 abcijk-ijma-mkbc |          1.224 |      1.367 |      1.212 
 abcijk-ijmb-mkac |          1.354 |      1.515 |      1.330 
 abcijk-ijmc-mkab |          1.293 |      1.476 |      1.246 
 abcijk-ikma-mjbc |          1.208 |      1.340 |      1.166 
 abcijk-ikmb-mjac |          1.356 |      1.513 |      1.338 
 abcijk-ikmc-mjab |          1.289 |      1.470 |      1.250 
 abcijk-jkma-mibc |          1.200 |      1.339 |      1.188 
 abcijk-jkmb-miac |          1.343 |      1.456 |      1.289 
 abcijk-jkmc-miab |          1.265 |      1.323 |      1.176 
 abcijk-eiab-jkec |          1.256 |      1.317 |      1.172 
 abcijk-eiac-jkeb |          1.339 |      1.458 |      1.277 
 abcijk-eibc-jkea |          1.193 |      1.340 |      1.174 
 abcijk-ejab-ikec |          1.281 |      1.496 |      1.273 
 abcijk-ejac-ikeb |          1.351 |      1.508 |      1.324 
 abcijk-ejbc-ikea |          1.213 |      1.358 |      1.202 
 abcijk-ekab-ijec |          1.306 |      1.490 |      1.258 
 abcijk-ekac-ijeb |          1.352 |      1.510 |      1.327 
 abcijk-ekbc-ijea |          1.214 |      1.358 |      1.199 
       abc-bk-akc |          1.068 |      1.131 |      1.001 
             MEAN |          1.253 |      1.310 |      1.223 

wrote bench-results/worker5040-zen2/phase4e-seq/bl-nc400-f64c64.csv
