host        : worker5175
target      : x86_64 / linux
cpu features: avx2 fma 
caches      : L1=32KiB/8-way/1sh L2=512KiB/8-way/1sh L3=16384KiB/16-way/4sh (via sysfs), blocking=legacy
baselines   : tblis=false blas=false

sweeping 49 cases at 64 MiB nominal tensor size, 3 reps, stress=none


=== f32 ===
             case |      m |      n |     k | regA | regB | planar GF/s | 1m GF/s | 3m GF/s 
------------------+--------+--------+-------+------+------+-------------+---------+---------
         ij-ik-kj |   2904 |   2896 |  2904 | 1.00 | 1.00 |        85.8 |    85.8 |    85.8 
       ij-ikl-ljk |    216 |    204 | 44064 | 1.00 | 1.00 |        49.7 |    49.7 |    49.7 
       ij-kil-lkj |    216 |    204 | 46656 | 1.00 | 1.00 |        55.8 |    55.8 |    55.8 
       ijk-ikl-lj |  44064 |    204 |   216 | 1.00 | 1.00 |        67.3 |    67.3 |    67.3 
       ijk-il-jlk |    216 |  44064 |   204 | 1.00 | 1.00 |        68.7 |    68.7 |    68.7 
       ijk-ilk-jl |  44064 |    216 |   204 | 0.96 | 1.00 |        67.0 |    67.0 |    67.0 
       ijk-ilk-lj |  44064 |    204 |   216 | 0.96 | 1.00 |        67.1 |    67.1 |    67.1 
     ijk-ilmk-mjl |   3744 |     52 |  3744 | 0.89 | 1.00 |        46.8 |    46.8 |    46.8 
   ijkl-imjn-lnkm |   3744 |   3744 |  2704 | 0.89 | 0.92 |        84.3 |    84.3 |    84.3 
   ijkl-imjn-nlmk |   3744 |   2704 |  3744 | 0.89 | 0.92 |        84.7 |    84.7 |    84.7 
   ijkl-imkn-jnlm |   3744 |   3744 |  2704 | 0.89 | 1.00 |        81.6 |    81.6 |    81.6 
   ijkl-imkn-njml |   3744 |   2704 |  3744 | 0.89 | 0.92 |        81.9 |    81.9 |    81.9 
   ijkl-imln-jnkm |   3744 |   3744 |  2704 | 0.89 | 1.00 |        82.1 |    82.1 |    82.1 
   ijkl-imln-njmk |   3744 |   2704 |  3744 | 0.89 | 0.92 |        82.2 |    82.2 |    82.2 
   ijkl-imnj-nlkm |   3744 |   2704 |  3744 | 0.89 | 0.92 |        84.8 |    84.8 |    84.8 
   ijkl-imnk-njml |   3744 |   2704 |  3744 | 0.89 | 0.92 |        81.8 |    81.8 |    81.8 
   ijkl-minj-nlmk |   3744 |   2704 |  5184 | 0.89 | 0.92 |        83.6 |    83.6 |    83.6 
   ijkl-mink-jnlm |   3744 |   3744 |  3744 | 0.89 | 1.00 |        82.8 |    82.8 |    82.8 
   ijkl-minl-njmk |   3744 |   2704 |  5184 | 0.89 | 0.92 |        81.3 |    81.3 |    81.3 
     aqrs-pa-pqrs |     72 | 140608 |    72 | 1.00 | 1.00 |        44.9 |    44.9 |    44.9 
     abrs-qb-aqrs |     52 | 194688 |    72 | 0.89 | 1.00 |        44.6 |    44.6 |    44.6 
     abcs-rc-abrs |     52 | 194688 |    72 | 1.00 | 1.00 |        50.8 |    50.8 |    50.8 
       abj-bka-kj |  46656 |    204 |   216 | 0.96 | 1.00 |        68.6 |    68.6 |    68.6 
       ajb-kba-jk |  44064 |    216 |   216 | 0.96 | 1.00 |        79.3 |    79.3 |    79.3 
     abjc-cbka-kj | 269568 |     52 |    72 | 0.89 | 1.00 |        18.0 |    18.0 |    18.0 
     ajbc-ckba-jk | 269568 |     72 |    52 | 0.89 | 1.00 |        34.3 |    34.3 |    34.3 
     abjc-kbac-jk | 194688 |     72 |    72 | 0.89 | 1.00 |        55.7 |    55.7 |    55.7 
   abjcd-dkbac-jk | 331776 |     24 |    24 | 0.67 | 1.00 |         9.2 |     9.2 |     9.2 
   adbjc-cbdka-kj | 331776 |     24 |    24 | 0.67 | 1.00 |         6.3 |     6.3 |     6.3 
   ajbdc-ckbad-jk | 331776 |     24 |    24 | 1.00 | 1.00 |         6.8 |     6.8 |     6.8 
 abcijk-ijma-mkbc |   9216 |   4096 |    24 | 1.00 | 1.00 |        30.6 |    30.6 |    30.6 
 abcijk-ijmb-mkac |   6144 |   6144 |    24 | 1.00 | 1.00 |        25.7 |    25.7 |    25.7 
 abcijk-ijmc-mkab |   6144 |   6144 |    24 | 1.00 | 0.75 |        41.8 |    41.8 |    41.8 
 abcijk-ikma-mjbc |   9216 |   4096 |    24 | 1.00 | 1.00 |        30.6 |    30.6 |    30.6 
 abcijk-ikmb-mjac |   6144 |   6144 |    24 | 1.00 | 1.00 |        26.0 |    26.0 |    26.0 
 abcijk-ikmc-mjab |   6144 |   6144 |    24 | 1.00 | 0.75 |        39.9 |    39.9 |    39.9 
 abcijk-jkma-mibc |   9216 |   4096 |    24 | 1.00 | 1.00 |        30.5 |    30.5 |    30.5 
 abcijk-jkmb-miac |   6144 |   6144 |    24 | 1.00 | 1.00 |        26.0 |    26.0 |    26.0 
 abcijk-jkmc-miab |   6144 |   6144 |    24 | 1.00 | 0.75 |        38.2 |    38.2 |    38.2 
 abcijk-eiab-jkec |   6144 |   6144 |    24 | 1.00 | 0.75 |        38.4 |    38.4 |    38.4 
 abcijk-eiac-jkeb |   6144 |   6144 |    24 | 1.00 | 1.00 |        25.9 |    25.9 |    25.9 
 abcijk-eibc-jkea |   4096 |   9216 |    24 | 1.00 | 1.00 |        30.5 |    30.5 |    30.5 
 abcijk-ejab-ikec |   6144 |   6144 |    24 | 1.00 | 0.75 |        40.1 |    40.1 |    40.1 
 abcijk-ejac-ikeb |   6144 |   6144 |    24 | 1.00 | 1.00 |        25.9 |    25.9 |    25.9 
 abcijk-ejbc-ikea |   4096 |   9216 |    24 | 1.00 | 1.00 |        30.6 |    30.6 |    30.6 
 abcijk-ekab-ijec |   6144 |   6144 |    24 | 1.00 | 0.75 |        41.8 |    41.8 |    41.8 
 abcijk-ekac-ijeb |   6144 |   6144 |    24 | 1.00 | 1.00 |        26.0 |    26.0 |    26.0 
 abcijk-ekbc-ijea |   4096 |   9216 |    24 | 1.00 | 1.00 |        30.6 |    30.6 |    30.6 
       abc-bk-akc |    216 |  44064 |   204 | 0.96 | 1.00 |        67.2 |    67.2 |    67.2 

=== c32 ===
             case |      m |      n |     k | regA | regB | planar GF/s | 1m GF/s | 3m GF/s 
------------------+--------+--------+-------+------+------+-------------+---------+---------
         ij-ik-kj |   2904 |   2896 |  2904 | 1.00 | 1.00 |        87.3 |    88.1 |    85.8 
       ij-ikl-ljk |    216 |    204 | 44064 | 1.00 | 1.00 |        74.3 |    69.9 |    68.2 
       ij-kil-lkj |    216 |    204 | 46656 | 1.00 | 1.00 |        74.8 |    75.0 |    75.1 
       ijk-ikl-lj |  44064 |    204 |   216 | 1.00 | 1.00 |        77.3 |    83.4 |    81.4 
       ijk-il-jlk |    216 |  44064 |   204 | 1.00 | 0.98 |        81.4 |    85.1 |    83.1 
       ijk-ilk-jl |  44064 |    216 |   204 | 1.00 | 1.00 |        82.2 |    80.9 |    78.9 
       ijk-ilk-lj |  44064 |    204 |   216 | 1.00 | 1.00 |        83.0 |    81.1 |    79.0 
     ijk-ilmk-mjl |   3744 |     52 |  3744 | 1.00 | 1.00 |        64.0 |    64.6 |    61.3 
   ijkl-imjn-lnkm |   3744 |   3744 |  2704 | 1.00 | 0.92 |        86.8 |    86.8 |    86.5 
   ijkl-imjn-nlmk |   3744 |   2704 |  3744 | 1.00 | 0.92 |        87.9 |    88.2 |    86.7 
   ijkl-imkn-jnlm |   3744 |   3744 |  2704 | 1.00 | 0.95 |        85.5 |    85.5 |    85.7 
   ijkl-imkn-njml |   3744 |   2704 |  3744 | 1.00 | 0.92 |        86.9 |    87.1 |    86.6 
   ijkl-imln-jnkm |   3744 |   3744 |  2704 | 1.00 | 0.95 |        85.6 |    85.7 |    85.8 
   ijkl-imln-njmk |   3744 |   2704 |  3744 | 1.00 | 0.92 |        87.0 |    87.6 |    86.8 
   ijkl-imnj-nlkm |   3744 |   2704 |  3744 | 1.00 | 0.92 |        88.0 |    88.5 |    86.9 
   ijkl-imnk-njml |   3744 |   2704 |  3744 | 1.00 | 0.92 |        87.0 |    87.5 |    86.7 
   ijkl-minj-nlmk |   3744 |   2704 |  5184 | 1.00 | 0.92 |        87.4 |    88.4 |    86.9 
   ijkl-mink-jnlm |   3744 |   3744 |  3744 | 1.00 | 0.95 |        86.6 |    87.1 |    87.3 
   ijkl-minl-njmk |   3744 |   2704 |  5184 | 1.00 | 0.92 |        86.6 |    87.3 |    86.7 
     aqrs-pa-pqrs |     72 | 140608 |    72 | 1.00 | 1.00 |        58.8 |    65.1 |    60.7 
     abrs-qb-aqrs |     52 | 194688 |    72 | 1.00 | 1.00 |        57.1 |    55.1 |    50.7 
     abcs-rc-abrs |     52 | 194688 |    72 | 1.00 | 1.00 |        61.5 |    67.0 |    60.8 
       abj-bka-kj |  46656 |    204 |   216 | 1.00 | 1.00 |        79.2 |    81.5 |    81.1 
       ajb-kba-jk |  44064 |    216 |   216 | 1.00 | 1.00 |        85.8 |    90.1 |    88.5 
     abjc-cbka-kj | 269568 |     52 |    72 | 1.00 | 1.00 |        32.7 |    25.6 |    29.3 
     ajbc-ckba-jk | 269568 |     72 |    52 | 1.00 | 1.00 |        46.8 |    37.4 |    41.0 
     abjc-kbac-jk | 194688 |     72 |    72 | 1.00 | 1.00 |        66.9 |    70.1 |    69.5 
   abjcd-dkbac-jk | 331776 |     24 |    24 | 1.00 | 1.00 |        17.6 |    14.3 |    15.9 
   adbjc-cbdka-kj | 331776 |     24 |    24 | 1.00 | 1.00 |        14.9 |    12.0 |    13.3 
   ajbdc-ckbad-jk | 331776 |     24 |    24 | 1.00 | 1.00 |        17.2 |    14.2 |    15.6 
 abcijk-ijma-mkbc |   9216 |   4096 |    24 | 1.00 | 0.99 |        52.9 |    60.0 |    52.1 
 abcijk-ijmb-mkac |   6144 |   6144 |    24 | 1.00 | 0.75 |        50.6 |    57.9 |    49.5 
 abcijk-ijmc-mkab |   6144 |   6144 |    24 | 1.00 | 0.75 |        53.8 |    62.7 |    52.4 
 abcijk-ikma-mjbc |   9216 |   4096 |    24 | 1.00 | 0.99 |        53.2 |    60.5 |    52.2 
 abcijk-ikmb-mjac |   6144 |   6144 |    24 | 1.00 | 0.75 |        50.4 |    57.6 |    49.5 
 abcijk-ikmc-mjab |   6144 |   6144 |    24 | 1.00 | 0.75 |        53.1 |    62.0 |    52.1 
 abcijk-jkma-mibc |   9216 |   4096 |    24 | 1.00 | 0.99 |        53.2 |    60.6 |    52.5 
 abcijk-jkmb-miac |   6144 |   6144 |    24 | 1.00 | 0.75 |        49.5 |    55.4 |    49.3 
 abcijk-jkmc-miab |   6144 |   6144 |    24 | 1.00 | 0.75 |        50.8 |    54.9 |    48.6 
 abcijk-eiab-jkec |   6144 |   6144 |    24 | 1.00 | 0.75 |        50.9 |    54.9 |    48.7 
 abcijk-eiac-jkeb |   6144 |   6144 |    24 | 1.00 | 0.75 |        49.7 |    55.1 |    48.9 
 abcijk-eibc-jkea |   4096 |   9216 |    24 | 1.00 | 0.99 |        53.0 |    60.6 |    52.4 
 abcijk-ejab-ikec |   6144 |   6144 |    24 | 1.00 | 0.75 |        53.2 |    62.2 |    52.0 
 abcijk-ejac-ikeb |   6144 |   6144 |    24 | 1.00 | 0.75 |        50.3 |    57.6 |    49.8 
 abcijk-ejbc-ikea |   4096 |   9216 |    24 | 1.00 | 0.99 |        53.1 |    60.4 |    52.2 
 abcijk-ekab-ijec |   6144 |   6144 |    24 | 1.00 | 0.75 |        54.0 |    62.7 |    52.6 
 abcijk-ekac-ijeb |   6144 |   6144 |    24 | 1.00 | 0.75 |        50.5 |    57.7 |    49.7 
 abcijk-ekbc-ijea |   4096 |   9216 |    24 | 1.00 | 0.99 |        52.8 |    59.8 |    52.1 
       abc-bk-akc |    216 |  44064 |   204 | 1.00 | 1.00 |        82.5 |    82.6 |    80.9 

=== complex efficiency ratio (c32 GF/s over f32 GF/s; 1.0 = no penalty) ===
             case | planar c32/f32 | 1m c32/f32 | 3m c32/f32 
------------------+----------------+------------+------------
         ij-ik-kj |          1.017 |      1.026 |      1.000 
       ij-ikl-ljk |          1.493 |      1.405 |      1.370 
       ij-kil-lkj |          1.340 |      1.344 |      1.345 
       ijk-ikl-lj |          1.149 |      1.240 |      1.210 
       ijk-il-jlk |          1.185 |      1.237 |      1.209 
       ijk-ilk-jl |          1.228 |      1.208 |      1.178 
       ijk-ilk-lj |          1.236 |      1.208 |      1.176 
     ijk-ilmk-mjl |          1.368 |      1.381 |      1.311 
   ijkl-imjn-lnkm |          1.029 |      1.029 |      1.025 
   ijkl-imjn-nlmk |          1.038 |      1.041 |      1.023 
   ijkl-imkn-jnlm |          1.047 |      1.047 |      1.050 
   ijkl-imkn-njml |          1.061 |      1.063 |      1.057 
   ijkl-imln-jnkm |          1.043 |      1.044 |      1.045 
   ijkl-imln-njmk |          1.059 |      1.066 |      1.056 
   ijkl-imnj-nlkm |          1.038 |      1.044 |      1.025 
   ijkl-imnk-njml |          1.063 |      1.070 |      1.060 
   ijkl-minj-nlmk |          1.045 |      1.057 |      1.039 
   ijkl-mink-jnlm |          1.046 |      1.052 |      1.054 
   ijkl-minl-njmk |          1.066 |      1.074 |      1.066 
     aqrs-pa-pqrs |          1.309 |      1.450 |      1.351 
     abrs-qb-aqrs |          1.280 |      1.236 |      1.137 
     abcs-rc-abrs |          1.211 |      1.319 |      1.196 
       abj-bka-kj |          1.154 |      1.187 |      1.181 
       ajb-kba-jk |          1.083 |      1.136 |      1.117 
     abjc-cbka-kj |          1.816 |      1.423 |      1.630 
     ajbc-ckba-jk |          1.363 |      1.090 |      1.194 
     abjc-kbac-jk |          1.201 |      1.259 |      1.247 
   abjcd-dkbac-jk |          1.908 |      1.552 |      1.717 
   adbjc-cbdka-kj |          2.358 |      1.905 |      2.113 
   ajbdc-ckbad-jk |          2.530 |      2.086 |      2.301 
 abcijk-ijma-mkbc |          1.730 |      1.965 |      1.705 
 abcijk-ijmb-mkac |          1.966 |      2.249 |      1.924 
 abcijk-ijmc-mkab |          1.287 |      1.501 |      1.254 
 abcijk-ikma-mjbc |          1.741 |      1.981 |      1.707 
 abcijk-ikmb-mjac |          1.934 |      2.213 |      1.899 
 abcijk-ikmc-mjab |          1.333 |      1.555 |      1.308 
 abcijk-jkma-mibc |          1.743 |      1.985 |      1.720 
 abcijk-jkmb-miac |          1.901 |      2.129 |      1.894 
 abcijk-jkmc-miab |          1.332 |      1.438 |      1.274 
 abcijk-eiab-jkec |          1.326 |      1.431 |      1.269 
 abcijk-eiac-jkeb |          1.922 |      2.132 |      1.891 
 abcijk-eibc-jkea |          1.736 |      1.986 |      1.716 
 abcijk-ejab-ikec |          1.326 |      1.552 |      1.297 
 abcijk-ejac-ikeb |          1.943 |      2.224 |      1.925 
 abcijk-ejbc-ikea |          1.735 |      1.975 |      1.706 
 abcijk-ekab-ijec |          1.293 |      1.501 |      1.258 
 abcijk-ekac-ijeb |          1.944 |      2.222 |      1.914 
 abcijk-ekbc-ijea |          1.724 |      1.950 |      1.699 
       abc-bk-akc |          1.228 |      1.230 |      1.204 
             MEAN |          1.427 |      1.479 |      1.389 

wrote bench-results/worker5040-zen2/phase4e-seq/bl-nc400-f32c32.csv
