host        : worker6150
target      : x86_64 / linux
cpu features: avx2 fma avx512f avx512dq 
caches      : L1=48KiB/12-way/1sh L2=1280KiB/20-way/1sh L3=49152KiB/12-way/32sh (via sysfs), blocking=legacy
l3 domains  : t1=1 t4=1 t8=1 t16=1
baselines   : tblis=false blas=false

sweeping 49 cases at 64 MiB nominal tensor size, 3 reps, stress=none


=== f32 ===
             case |      m |      n |     k | regA | regB | planar GF/s | 1m GF/s | 3m GF/s 
------------------+--------+--------+-------+------+------+-------------+---------+---------
         ij-ik-kj |   2904 |   2896 |  2904 | 1.00 | 1.00 |      1093.2 |  1093.2 |  1093.2 
       ij-ikl-ljk |    216 |    204 | 44064 | 1.00 | 1.00 |       397.8 |   397.8 |   397.8 
       ij-kil-lkj |    216 |    204 | 46656 | 1.00 | 1.00 |       393.7 |   393.7 |   393.7 
       ijk-ikl-lj |  44064 |    204 |   216 | 1.00 | 1.00 |      1042.0 |  1042.0 |  1042.0 
       ijk-il-jlk |    216 |  44064 |   204 | 1.00 | 1.00 |       875.3 |   875.3 |   875.3 
       ijk-ilk-jl |  44064 |    216 |   204 | 0.89 | 1.00 |      1095.7 |  1095.7 |  1095.7 
       ijk-ilk-lj |  44064 |    204 |   216 | 0.89 | 1.00 |      1079.4 |  1079.4 |  1079.4 
     ijk-ilmk-mjl |   3744 |     52 |  3744 | 0.67 | 1.00 |       628.8 |   628.8 |   628.8 
   ijkl-imjn-lnkm |   3744 |   3744 |  2704 | 0.67 | 0.92 |      1106.0 |  1106.0 |  1106.0 
   ijkl-imjn-nlmk |   3744 |   2704 |  3744 | 0.67 | 0.92 |      1112.0 |  1112.0 |  1112.0 
   ijkl-imkn-jnlm |   3744 |   3744 |  2704 | 0.67 | 1.00 |      1184.1 |  1184.1 |  1184.1 
   ijkl-imkn-njml |   3744 |   2704 |  3744 | 0.67 | 0.92 |      1134.3 |  1134.3 |  1134.3 
   ijkl-imln-jnkm |   3744 |   3744 |  2704 | 0.67 | 1.00 |      1220.8 |  1220.8 |  1220.8 
   ijkl-imln-njmk |   3744 |   2704 |  3744 | 0.67 | 0.92 |      1141.8 |  1141.8 |  1141.8 
   ijkl-imnj-nlkm |   3744 |   2704 |  3744 | 0.67 | 0.92 |      1131.0 |  1131.0 |  1131.0 
   ijkl-imnk-njml |   3744 |   2704 |  3744 | 0.67 | 0.92 |      1127.7 |  1127.7 |  1127.7 
   ijkl-minj-nlmk |   3744 |   2704 |  5184 | 0.67 | 0.92 |      1086.2 |  1086.2 |  1086.2 
   ijkl-mink-jnlm |   3744 |   3744 |  3744 | 0.67 | 1.00 |      1207.0 |  1207.0 |  1207.0 
   ijkl-minl-njmk |   3744 |   2704 |  5184 | 0.67 | 0.92 |      1106.4 |  1106.4 |  1106.4 
     aqrs-pa-pqrs |     72 | 140608 |    72 | 1.00 | 1.00 |       365.7 |   365.7 |   365.7 
     abrs-qb-aqrs |     52 | 194688 |    72 | 0.67 | 1.00 |       518.6 |   518.6 |   518.6 
     abcs-rc-abrs |     52 | 194688 |    72 | 1.00 | 1.00 |       494.3 |   494.3 |   494.3 
       abj-bka-kj |  46656 |    204 |   216 | 0.89 | 1.00 |       552.7 |   552.7 |   552.7 
       ajb-kba-jk |  44064 |    216 |   216 | 0.89 | 1.00 |      1053.6 |  1053.6 |  1053.6 
     abjc-cbka-kj | 269568 |     52 |    72 | 0.67 | 1.00 |       109.9 |   109.9 |   109.9 
     ajbc-ckba-jk | 269568 |     72 |    52 | 0.67 | 1.00 |       179.6 |   179.6 |   179.6 
     abjc-kbac-jk | 194688 |     72 |    72 | 0.67 | 1.00 |       485.7 |   485.7 |   485.7 
   abjcd-dkbac-jk | 331776 |     24 |    24 | 0.00 | 1.00 |        93.7 |    93.7 |    93.7 
   adbjc-cbdka-kj | 331776 |     24 |    24 | 0.00 | 1.00 |        87.0 |    87.0 |    87.0 
   ajbdc-ckbad-jk | 331776 |     24 |    24 | 0.00 | 1.00 |        84.0 |    84.0 |    84.0 
 abcijk-ijma-mkbc |   9216 |   4096 |    24 | 0.00 | 1.00 |       467.0 |   467.0 |   467.0 
 abcijk-ijmb-mkac |   6144 |   6144 |    24 | 0.00 | 1.00 |       357.8 |   357.8 |   357.8 
 abcijk-ijmc-mkab |   6144 |   6144 |    24 | 1.00 | 1.00 |       477.3 |   477.3 |   477.3 
 abcijk-ikma-mjbc |   9216 |   4096 |    24 | 0.00 | 1.00 |       468.7 |   468.7 |   468.7 
 abcijk-ikmb-mjac |   6144 |   6144 |    24 | 0.00 | 1.00 |       355.8 |   355.8 |   355.8 
 abcijk-ikmc-mjab |   6144 |   6144 |    24 | 1.00 | 1.00 |       471.4 |   471.4 |   471.4 
 abcijk-jkma-mibc |   9216 |   4096 |    24 | 0.00 | 1.00 |       428.3 |   428.3 |   428.3 
 abcijk-jkmb-miac |   6144 |   6144 |    24 | 0.00 | 1.00 |       237.0 |   237.0 |   237.0 
 abcijk-jkmc-miab |   6144 |   6144 |    24 | 1.00 | 1.00 |       447.4 |   447.4 |   447.4 
 abcijk-eiab-jkec |   6144 |   6144 |    24 | 1.00 | 1.00 |       450.1 |   450.1 |   450.1 
 abcijk-eiac-jkeb |   6144 |   6144 |    24 | 0.00 | 1.00 |       238.1 |   238.1 |   238.1 
 abcijk-eibc-jkea |   4096 |   9216 |    24 | 0.00 | 1.00 |       432.5 |   432.5 |   432.5 
 abcijk-ejab-ikec |   6144 |   6144 |    24 | 1.00 | 1.00 |       468.1 |   468.1 |   468.1 
 abcijk-ejac-ikeb |   6144 |   6144 |    24 | 0.00 | 1.00 |       357.3 |   357.3 |   357.3 
 abcijk-ejbc-ikea |   4096 |   9216 |    24 | 0.00 | 1.00 |       469.7 |   469.7 |   469.7 
 abcijk-ekab-ijec |   6144 |   6144 |    24 | 1.00 | 1.00 |       480.4 |   480.4 |   480.4 
 abcijk-ekac-ijeb |   6144 |   6144 |    24 | 0.00 | 1.00 |       356.1 |   356.1 |   356.1 
 abcijk-ekbc-ijea |   4096 |   9216 |    24 | 0.00 | 1.00 |       464.5 |   464.5 |   464.5 
       abc-bk-akc |    216 |  44064 |   204 | 0.89 | 1.00 |      1089.1 |  1089.1 |  1089.1 

=== c32 ===
             case |      m |      n |     k | regA | regB | planar GF/s | 1m GF/s | 3m GF/s 
------------------+--------+--------+-------+------+------+-------------+---------+---------
         ij-ik-kj |   2904 |   2896 |  2904 | 1.00 | 1.00 |      1286.8 |  1241.4 |   881.7 
       ij-ikl-ljk |    216 |    204 | 44064 | 1.00 | 1.00 |       683.3 |   621.0 |   262.2 
       ij-kil-lkj |    216 |    204 | 46656 | 1.00 | 1.00 |       666.5 |   641.4 |   241.6 
       ijk-ikl-lj |  44064 |    204 |   216 | 1.00 | 1.00 |      1304.7 |  1222.6 |   853.4 
       ijk-il-jlk |    216 |  44064 |   204 | 1.00 | 1.00 |      1177.8 |  1110.3 |   471.0 
       ijk-ilk-jl |  44064 |    216 |   204 | 0.89 | 1.00 |      1334.6 |  1280.7 |   884.5 
       ijk-ilk-lj |  44064 |    204 |   216 | 0.89 | 1.00 |      1329.3 |  1277.3 |   876.3 
     ijk-ilmk-mjl |   3744 |     52 |  3744 | 0.67 | 1.00 |       841.2 |   791.2 |   557.9 
   ijkl-imjn-lnkm |   3744 |   3744 |  2704 | 0.67 | 0.92 |      1260.8 |  1233.0 |   876.9 
   ijkl-imjn-nlmk |   3744 |   2704 |  3744 | 0.67 | 0.92 |      1304.6 |  1278.5 |   906.0 
   ijkl-imkn-jnlm |   3744 |   3744 |  2704 | 0.67 | 1.00 |      1302.8 |  1288.6 |   888.2 
   ijkl-imkn-njml |   3744 |   2704 |  3744 | 0.67 | 0.92 |      1315.7 |  1297.4 |   904.9 
   ijkl-imln-jnkm |   3744 |   3744 |  2704 | 0.67 | 1.00 |      1303.5 |  1290.8 |   889.6 
   ijkl-imln-njmk |   3744 |   2704 |  3744 | 0.67 | 0.92 |      1313.1 |  1295.0 |   906.5 
   ijkl-imnj-nlkm |   3744 |   2704 |  3744 | 0.67 | 0.92 |      1301.5 |  1276.9 |   906.0 
   ijkl-imnk-njml |   3744 |   2704 |  3744 | 0.67 | 0.92 |      1315.1 |  1298.2 |   908.2 
   ijkl-minj-nlmk |   3744 |   2704 |  5184 | 0.67 | 0.92 |      1292.1 |  1258.1 |   901.2 
   ijkl-mink-jnlm |   3744 |   3744 |  3744 | 0.67 | 1.00 |      1325.3 |  1303.4 |   905.3 
   ijkl-minl-njmk |   3744 |   2704 |  5184 | 0.67 | 0.92 |      1307.0 |  1284.5 |   904.8 
     aqrs-pa-pqrs |     72 | 140608 |    72 | 1.00 | 1.00 |       628.1 |   609.1 |   506.9 
     abrs-qb-aqrs |     52 | 194688 |    72 | 0.67 | 1.00 |       777.2 |   752.2 |   556.9 
     abcs-rc-abrs |     52 | 194688 |    72 | 1.00 | 1.00 |       978.6 |   601.8 |   553.9 
       abj-bka-kj |  46656 |    204 |   216 | 0.89 | 1.00 |      1001.0 |   887.4 |   726.8 
       ajb-kba-jk |  44064 |    216 |   216 | 0.89 | 1.00 |      1339.4 |  1300.0 |   920.5 
     abjc-cbka-kj | 269568 |     52 |    72 | 0.67 | 1.00 |       265.2 |   192.2 |   201.7 
     ajbc-ckba-jk | 269568 |     72 |    52 | 0.67 | 1.00 |       347.3 |   273.6 |   278.8 
     abjc-kbac-jk | 194688 |     72 |    72 | 0.67 | 1.00 |       849.2 |   709.9 |   585.1 
   abjcd-dkbac-jk | 331776 |     24 |    24 | 0.00 | 1.00 |       154.7 |   131.3 |   125.8 
   adbjc-cbdka-kj | 331776 |     24 |    24 | 0.00 | 1.00 |       133.7 |   112.0 |   117.7 
   ajbdc-ckbad-jk | 331776 |     24 |    24 | 0.00 | 1.00 |       140.0 |   114.9 |   114.7 
 abcijk-ijma-mkbc |   9216 |   4096 |    24 | 0.00 | 0.99 |       776.6 |   852.0 |   639.3 
 abcijk-ijmb-mkac |   6144 |   6144 |    24 | 0.00 | 1.00 |       599.1 |   752.1 |   589.4 
 abcijk-ijmc-mkab |   6144 |   6144 |    24 | 1.00 | 0.75 |       816.8 |   709.8 |   612.3 
 abcijk-ikma-mjbc |   9216 |   4096 |    24 | 0.00 | 0.99 |       770.9 |   846.4 |   635.7 
 abcijk-ikmb-mjac |   6144 |   6144 |    24 | 0.00 | 1.00 |       600.2 |   749.8 |   589.0 
 abcijk-ikmc-mjab |   6144 |   6144 |    24 | 1.00 | 0.75 |       820.9 |   709.5 |   612.4 
 abcijk-jkma-mibc |   9216 |   4096 |    24 | 0.00 | 0.99 |       736.9 |   800.4 |   628.1 
 abcijk-jkmb-miac |   6144 |   6144 |    24 | 0.00 | 1.00 |       544.0 |   734.4 |   571.2 
 abcijk-jkmc-miab |   6144 |   6144 |    24 | 1.00 | 0.75 |       771.2 |   663.2 |   585.4 
 abcijk-eiab-jkec |   6144 |   6144 |    24 | 1.00 | 0.75 |       775.6 |   675.9 |   586.5 
 abcijk-eiac-jkeb |   6144 |   6144 |    24 | 0.00 | 1.00 |       543.3 |   735.5 |   571.5 
 abcijk-eibc-jkea |   4096 |   9216 |    24 | 0.00 | 0.99 |       726.8 |   824.4 |   587.9 
 abcijk-ejab-ikec |   6144 |   6144 |    24 | 1.00 | 0.75 |       815.4 |   707.4 |   611.1 
 abcijk-ejac-ikeb |   6144 |   6144 |    24 | 0.00 | 1.00 |       594.9 |   752.1 |   590.1 
 abcijk-ejbc-ikea |   4096 |   9216 |    24 | 0.00 | 0.99 |       773.5 |   847.5 |   638.4 
 abcijk-ekab-ijec |   6144 |   6144 |    24 | 1.00 | 0.75 |       816.0 |   702.6 |   608.3 
 abcijk-ekac-ijeb |   6144 |   6144 |    24 | 0.00 | 1.00 |       595.5 |   749.7 |   586.5 
 abcijk-ekbc-ijea |   4096 |   9216 |    24 | 0.00 | 0.99 |       774.7 |   847.7 |   637.8 
       abc-bk-akc |    216 |  44064 |   204 | 0.89 | 1.00 |      1327.6 |  1279.0 |   886.5 

=== complex efficiency ratio (c32 GF/s over f32 GF/s; 1.0 = no penalty) ===
             case | planar c32/f32 | 1m c32/f32 | 3m c32/f32 
------------------+----------------+------------+------------
         ij-ik-kj |          1.177 |      1.136 |      0.807 
       ij-ikl-ljk |          1.718 |      1.561 |      0.659 
       ij-kil-lkj |          1.693 |      1.629 |      0.614 
       ijk-ikl-lj |          1.252 |      1.173 |      0.819 
       ijk-il-jlk |          1.346 |      1.268 |      0.538 
       ijk-ilk-jl |          1.218 |      1.169 |      0.807 
       ijk-ilk-lj |          1.232 |      1.183 |      0.812 
     ijk-ilmk-mjl |          1.338 |      1.258 |      0.887 
   ijkl-imjn-lnkm |          1.140 |      1.115 |      0.793 
   ijkl-imjn-nlmk |          1.173 |      1.150 |      0.815 
   ijkl-imkn-jnlm |          1.100 |      1.088 |      0.750 
   ijkl-imkn-njml |          1.160 |      1.144 |      0.798 
   ijkl-imln-jnkm |          1.068 |      1.057 |      0.729 
   ijkl-imln-njmk |          1.150 |      1.134 |      0.794 
   ijkl-imnj-nlkm |          1.151 |      1.129 |      0.801 
   ijkl-imnk-njml |          1.166 |      1.151 |      0.805 
   ijkl-minj-nlmk |          1.190 |      1.158 |      0.830 
   ijkl-mink-jnlm |          1.098 |      1.080 |      0.750 
   ijkl-minl-njmk |          1.181 |      1.161 |      0.818 
     aqrs-pa-pqrs |          1.718 |      1.666 |      1.386 
     abrs-qb-aqrs |          1.499 |      1.450 |      1.074 
     abcs-rc-abrs |          1.980 |      1.217 |      1.120 
       abj-bka-kj |          1.811 |      1.606 |      1.315 
       ajb-kba-jk |          1.271 |      1.234 |      0.874 
     abjc-cbka-kj |          2.412 |      1.748 |      1.834 
     ajbc-ckba-jk |          1.933 |      1.523 |      1.552 
     abjc-kbac-jk |          1.749 |      1.462 |      1.205 
   abjcd-dkbac-jk |          1.651 |      1.401 |      1.342 
   adbjc-cbdka-kj |          1.536 |      1.288 |      1.353 
   ajbdc-ckbad-jk |          1.666 |      1.368 |      1.365 
 abcijk-ijma-mkbc |          1.663 |      1.824 |      1.369 
 abcijk-ijmb-mkac |          1.675 |      2.102 |      1.647 
 abcijk-ijmc-mkab |          1.711 |      1.487 |      1.283 
 abcijk-ikma-mjbc |          1.645 |      1.806 |      1.356 
 abcijk-ikmb-mjac |          1.687 |      2.107 |      1.655 
 abcijk-ikmc-mjab |          1.741 |      1.505 |      1.299 
 abcijk-jkma-mibc |          1.720 |      1.869 |      1.467 
 abcijk-jkmb-miac |          2.296 |      3.099 |      2.411 
 abcijk-jkmc-miab |          1.724 |      1.482 |      1.309 
 abcijk-eiab-jkec |          1.723 |      1.501 |      1.303 
 abcijk-eiac-jkeb |          2.282 |      3.089 |      2.400 
 abcijk-eibc-jkea |          1.680 |      1.906 |      1.359 
 abcijk-ejab-ikec |          1.742 |      1.511 |      1.306 
 abcijk-ejac-ikeb |          1.665 |      2.105 |      1.651 
 abcijk-ejbc-ikea |          1.647 |      1.804 |      1.359 
 abcijk-ekab-ijec |          1.698 |      1.463 |      1.266 
 abcijk-ekac-ijeb |          1.672 |      2.105 |      1.647 
 abcijk-ekbc-ijea |          1.668 |      1.825 |      1.373 
       abc-bk-akc |          1.219 |      1.174 |      0.814 
             MEAN |          1.544 |      1.520 |      1.170 

wrote bench-results/worker6150-icelake/phase4f/th-t8-f32c32.csv
