host        : worker6150
target      : x86_64 / linux
cpu features: avx2 fma avx512f avx512dq 
caches      : L1=48KiB/12-way/1sh L2=1280KiB/20-way/1sh L3=49152KiB/12-way/32sh (via sysfs), blocking=legacy
l3 domains  : t1=1 t4=1
baselines   : tblis=false blas=false

sweeping 49 cases at 64 MiB nominal tensor size, 3 reps, stress=none


=== f32 ===
             case |      m |      n |     k | regA | regB | planar GF/s | 1m GF/s | 3m GF/s 
------------------+--------+--------+-------+------+------+-------------+---------+---------
         ij-ik-kj |   2904 |   2896 |  2904 | 1.00 | 1.00 |       330.5 |   330.5 |   330.5 
       ij-ikl-ljk |    216 |    204 | 44064 | 1.00 | 1.00 |       125.0 |   125.0 |   125.0 
       ij-kil-lkj |    216 |    204 | 46656 | 1.00 | 1.00 |       105.2 |   105.2 |   105.2 
       ijk-ikl-lj |  44064 |    204 |   216 | 1.00 | 1.00 |       279.3 |   279.3 |   279.3 
       ijk-il-jlk |    216 |  44064 |   204 | 1.00 | 1.00 |       192.9 |   192.9 |   192.9 
       ijk-ilk-jl |  44064 |    216 |   204 | 0.89 | 1.00 |       294.2 |   294.2 |   294.2 
       ijk-ilk-lj |  44064 |    204 |   216 | 0.89 | 1.00 |       290.4 |   290.4 |   290.4 
     ijk-ilmk-mjl |   3744 |     52 |  3744 | 0.67 | 1.00 |       192.7 |   192.7 |   192.7 
   ijkl-imjn-lnkm |   3744 |   3744 |  2704 | 0.67 | 0.92 |       325.3 |   325.3 |   325.3 
   ijkl-imjn-nlmk |   3744 |   2704 |  3744 | 0.67 | 0.92 |       328.1 |   328.1 |   328.1 
   ijkl-imkn-jnlm |   3744 |   3744 |  2704 | 0.67 | 1.00 |       335.4 |   335.4 |   335.4 
   ijkl-imkn-njml |   3744 |   2704 |  3744 | 0.67 | 0.92 |       327.1 |   327.1 |   327.1 
   ijkl-imln-jnkm |   3744 |   3744 |  2704 | 0.67 | 1.00 |       336.1 |   336.1 |   336.1 
   ijkl-imln-njmk |   3744 |   2704 |  3744 | 0.67 | 0.92 |       328.6 |   328.6 |   328.6 
   ijkl-imnj-nlkm |   3744 |   2704 |  3744 | 0.67 | 0.92 |       328.5 |   328.5 |   328.5 
   ijkl-imnk-njml |   3744 |   2704 |  3744 | 0.67 | 0.92 |       327.6 |   327.6 |   327.6 
   ijkl-minj-nlmk |   3744 |   2704 |  5184 | 0.67 | 0.92 |       321.0 |   321.0 |   321.0 
   ijkl-mink-jnlm |   3744 |   3744 |  3744 | 0.67 | 1.00 |       333.6 |   333.6 |   333.6 
   ijkl-minl-njmk |   3744 |   2704 |  5184 | 0.67 | 0.92 |       321.5 |   321.5 |   321.5 
     aqrs-pa-pqrs |     72 | 140608 |    72 | 1.00 | 1.00 |       108.8 |   108.8 |   108.8 
     abrs-qb-aqrs |     52 | 194688 |    72 | 0.67 | 1.00 |       156.4 |   156.4 |   156.4 
     abcs-rc-abrs |     52 | 194688 |    72 | 1.00 | 1.00 |       162.7 |   162.7 |   162.7 
       abj-bka-kj |  46656 |    204 |   216 | 0.89 | 1.00 |       144.5 |   144.5 |   144.5 
       ajb-kba-jk |  44064 |    216 |   216 | 0.89 | 1.00 |       281.0 |   281.0 |   281.0 
     abjc-cbka-kj | 269568 |     52 |    72 | 0.67 | 1.00 |        39.9 |    39.9 |    39.9 
     ajbc-ckba-jk | 269568 |     72 |    52 | 0.67 | 1.00 |        57.2 |    57.2 |    57.2 
     abjc-kbac-jk | 194688 |     72 |    72 | 0.67 | 1.00 |       137.8 |   137.8 |   137.8 
   abjcd-dkbac-jk | 331776 |     24 |    24 | 0.00 | 1.00 |        27.3 |    27.3 |    27.3 
   adbjc-cbdka-kj | 331776 |     24 |    24 | 0.00 | 1.00 |        22.8 |    22.8 |    22.8 
   ajbdc-ckbad-jk | 331776 |     24 |    24 | 0.00 | 1.00 |        24.6 |    24.6 |    24.6 
 abcijk-ijma-mkbc |   9216 |   4096 |    24 | 0.00 | 1.00 |       128.6 |   128.6 |   128.6 
 abcijk-ijmb-mkac |   6144 |   6144 |    24 | 0.00 | 1.00 |        96.3 |    96.3 |    96.3 
 abcijk-ijmc-mkab |   6144 |   6144 |    24 | 1.00 | 1.00 |       143.6 |   143.6 |   143.6 
 abcijk-ikma-mjbc |   9216 |   4096 |    24 | 0.00 | 1.00 |       128.6 |   128.6 |   128.6 
 abcijk-ikmb-mjac |   6144 |   6144 |    24 | 0.00 | 1.00 |        95.9 |    95.9 |    95.9 
 abcijk-ikmc-mjab |   6144 |   6144 |    24 | 1.00 | 1.00 |       145.0 |   145.0 |   145.0 
 abcijk-jkma-mibc |   9216 |   4096 |    24 | 0.00 | 1.00 |       119.1 |   119.1 |   119.1 
 abcijk-jkmb-miac |   6144 |   6144 |    24 | 0.00 | 1.00 |        64.5 |    64.5 |    64.5 
 abcijk-jkmc-miab |   6144 |   6144 |    24 | 1.00 | 1.00 |       146.3 |   146.3 |   146.3 
 abcijk-eiab-jkec |   6144 |   6144 |    24 | 1.00 | 1.00 |       145.7 |   145.7 |   145.7 
 abcijk-eiac-jkeb |   6144 |   6144 |    24 | 0.00 | 1.00 |        64.1 |    64.1 |    64.1 
 abcijk-eibc-jkea |   4096 |   9216 |    24 | 0.00 | 1.00 |       119.1 |   119.1 |   119.1 
 abcijk-ejab-ikec |   6144 |   6144 |    24 | 1.00 | 1.00 |       145.8 |   145.8 |   145.8 
 abcijk-ejac-ikeb |   6144 |   6144 |    24 | 0.00 | 1.00 |        95.7 |    95.7 |    95.7 
 abcijk-ejbc-ikea |   4096 |   9216 |    24 | 0.00 | 1.00 |       128.0 |   128.0 |   128.0 
 abcijk-ekab-ijec |   6144 |   6144 |    24 | 1.00 | 1.00 |       144.1 |   144.1 |   144.1 
 abcijk-ekac-ijeb |   6144 |   6144 |    24 | 0.00 | 1.00 |        96.2 |    96.2 |    96.2 
 abcijk-ekbc-ijea |   4096 |   9216 |    24 | 0.00 | 1.00 |       128.1 |   128.1 |   128.1 
       abc-bk-akc |    216 |  44064 |   204 | 0.89 | 1.00 |       294.4 |   294.4 |   294.4 

=== c32 ===
             case |      m |      n |     k | regA | regB | planar GF/s | 1m GF/s | 3m GF/s 
------------------+--------+--------+-------+------+------+-------------+---------+---------
         ij-ik-kj |   2904 |   2896 |  2904 | 1.00 | 1.00 |       353.2 |   342.4 |   238.5 
       ij-ikl-ljk |    216 |    204 | 44064 | 1.00 | 1.00 |       197.3 |   181.6 |   161.8 
       ij-kil-lkj |    216 |    204 | 46656 | 1.00 | 1.00 |       191.0 |   176.6 |   161.2 
       ijk-ikl-lj |  44064 |    204 |   216 | 1.00 | 1.00 |       339.1 |   315.2 |   217.2 
       ijk-il-jlk |    216 |  44064 |   204 | 1.00 | 1.00 |       276.4 |   257.4 |   210.0 
       ijk-ilk-jl |  44064 |    216 |   204 | 0.89 | 1.00 |       346.9 |   331.2 |   226.4 
       ijk-ilk-lj |  44064 |    204 |   216 | 0.89 | 1.00 |       345.1 |   329.9 |   223.4 
     ijk-ilmk-mjl |   3744 |     52 |  3744 | 0.67 | 1.00 |       237.2 |   218.9 |   149.0 
   ijkl-imjn-lnkm |   3744 |   3744 |  2704 | 0.67 | 0.92 |       341.8 |   333.5 |   234.0 
   ijkl-imjn-nlmk |   3744 |   2704 |  3744 | 0.67 | 0.92 |       350.1 |   341.3 |   238.5 
   ijkl-imkn-jnlm |   3744 |   3744 |  2704 | 0.67 | 1.00 |       350.2 |   345.3 |   238.5 
   ijkl-imkn-njml |   3744 |   2704 |  3744 | 0.67 | 0.92 |       350.4 |   345.7 |   238.4 
   ijkl-imln-jnkm |   3744 |   3744 |  2704 | 0.67 | 1.00 |       350.8 |   345.8 |   238.2 
   ijkl-imln-njmk |   3744 |   2704 |  3744 | 0.67 | 0.92 |       351.1 |   346.4 |   238.6 
   ijkl-imnj-nlkm |   3744 |   2704 |  3744 | 0.67 | 0.92 |       349.0 |   340.8 |   238.6 
   ijkl-imnk-njml |   3744 |   2704 |  3744 | 0.67 | 0.92 |       351.0 |   346.1 |   239.6 
   ijkl-minj-nlmk |   3744 |   2704 |  5184 | 0.67 | 0.92 |       344.9 |   335.8 |   236.5 
   ijkl-mink-jnlm |   3744 |   3744 |  3744 | 0.67 | 1.00 |       354.6 |   349.0 |   241.3 
   ijkl-minl-njmk |   3744 |   2704 |  5184 | 0.67 | 0.92 |       348.3 |   343.2 |   237.7 
     aqrs-pa-pqrs |     72 | 140608 |    72 | 1.00 | 1.00 |       122.6 |   119.1 |   106.5 
     abrs-qb-aqrs |     52 | 194688 |    72 | 0.67 | 1.00 |       221.4 |   205.2 |   146.6 
     abcs-rc-abrs |     52 | 194688 |    72 | 1.00 | 1.00 |       271.9 |   168.4 |   144.4 
       abj-bka-kj |  46656 |    204 |   216 | 0.89 | 1.00 |       261.7 |   251.1 |   189.9 
       ajb-kba-jk |  44064 |    216 |   216 | 0.89 | 1.00 |       345.6 |   333.4 |   234.6 
     abjc-cbka-kj | 269568 |     52 |    72 | 0.67 | 1.00 |        97.3 |    68.7 |    70.2 
     ajbc-ckba-jk | 269568 |     72 |    52 | 0.67 | 1.00 |       126.6 |   107.4 |    99.7 
     abjc-kbac-jk | 194688 |     72 |    72 | 0.67 | 1.00 |       231.6 |   188.6 |   154.7 
   abjcd-dkbac-jk | 331776 |     24 |    24 | 0.00 | 1.00 |        49.9 |    42.9 |    42.1 
   adbjc-cbdka-kj | 331776 |     24 |    24 | 0.00 | 1.00 |        44.7 |    35.7 |    37.7 
   ajbdc-ckbad-jk | 331776 |     24 |    24 | 0.00 | 1.00 |        47.4 |    41.9 |    42.0 
 abcijk-ijma-mkbc |   9216 |   4096 |    24 | 0.00 | 0.99 |       205.8 |   241.8 |   166.1 
 abcijk-ijmb-mkac |   6144 |   6144 |    24 | 0.00 | 1.00 |       159.2 |   215.1 |   159.9 
 abcijk-ijmc-mkab |   6144 |   6144 |    24 | 1.00 | 0.75 |       238.4 |   203.0 |   167.7 
 abcijk-ikma-mjbc |   9216 |   4096 |    24 | 0.00 | 0.99 |       205.9 |   246.5 |   169.2 
 abcijk-ikmb-mjac |   6144 |   6144 |    24 | 0.00 | 1.00 |       157.7 |   214.8 |   159.9 
 abcijk-ikmc-mjab |   6144 |   6144 |    24 | 1.00 | 0.75 |       234.7 |   203.4 |   167.8 
 abcijk-jkma-mibc |   9216 |   4096 |    24 | 0.00 | 0.99 |       198.6 |   240.7 |   168.7 
 abcijk-jkmb-miac |   6144 |   6144 |    24 | 0.00 | 1.00 |       146.1 |   214.0 |   157.8 
 abcijk-jkmc-miab |   6144 |   6144 |    24 | 1.00 | 0.75 |       234.7 |   199.8 |   164.9 
 abcijk-eiab-jkec |   6144 |   6144 |    24 | 1.00 | 0.75 |       234.4 |   199.5 |   164.9 
 abcijk-eiac-jkeb |   6144 |   6144 |    24 | 0.00 | 1.00 |       146.5 |   214.7 |   157.8 
 abcijk-eibc-jkea |   4096 |   9216 |    24 | 0.00 | 0.99 |       197.8 |   243.5 |   168.6 
 abcijk-ejab-ikec |   6144 |   6144 |    24 | 1.00 | 0.75 |       238.5 |   203.5 |   167.9 
 abcijk-ejac-ikeb |   6144 |   6144 |    24 | 0.00 | 1.00 |       160.2 |   214.9 |   159.9 
 abcijk-ejbc-ikea |   4096 |   9216 |    24 | 0.00 | 0.99 |       205.1 |   246.2 |   169.4 
 abcijk-ekab-ijec |   6144 |   6144 |    24 | 1.00 | 0.75 |       238.3 |   203.1 |   167.8 
 abcijk-ekac-ijeb |   6144 |   6144 |    24 | 0.00 | 1.00 |       158.7 |   214.3 |   159.9 
 abcijk-ekbc-ijea |   4096 |   9216 |    24 | 0.00 | 0.99 |       205.8 |   241.8 |   169.3 
       abc-bk-akc |    216 |  44064 |   204 | 0.89 | 1.00 |       346.3 |   331.4 |   225.9 

=== complex efficiency ratio (c32 GF/s over f32 GF/s; 1.0 = no penalty) ===
             case | planar c32/f32 | 1m c32/f32 | 3m c32/f32 
------------------+----------------+------------+------------
         ij-ik-kj |          1.068 |      1.036 |      0.722 
       ij-ikl-ljk |          1.579 |      1.453 |      1.294 
       ij-kil-lkj |          1.816 |      1.679 |      1.533 
       ijk-ikl-lj |          1.214 |      1.129 |      0.778 
       ijk-il-jlk |          1.433 |      1.334 |      1.089 
       ijk-ilk-jl |          1.179 |      1.126 |      0.770 
       ijk-ilk-lj |          1.188 |      1.136 |      0.769 
     ijk-ilmk-mjl |          1.231 |      1.136 |      0.773 
   ijkl-imjn-lnkm |          1.051 |      1.025 |      0.719 
   ijkl-imjn-nlmk |          1.067 |      1.040 |      0.727 
   ijkl-imkn-jnlm |          1.044 |      1.030 |      0.711 
   ijkl-imkn-njml |          1.071 |      1.057 |      0.729 
   ijkl-imln-jnkm |          1.044 |      1.029 |      0.709 
   ijkl-imln-njmk |          1.069 |      1.054 |      0.726 
   ijkl-imnj-nlkm |          1.062 |      1.037 |      0.726 
   ijkl-imnk-njml |          1.071 |      1.056 |      0.731 
   ijkl-minj-nlmk |          1.074 |      1.046 |      0.737 
   ijkl-mink-jnlm |          1.063 |      1.046 |      0.723 
   ijkl-minl-njmk |          1.083 |      1.068 |      0.739 
     aqrs-pa-pqrs |          1.127 |      1.095 |      0.979 
     abrs-qb-aqrs |          1.416 |      1.312 |      0.937 
     abcs-rc-abrs |          1.671 |      1.035 |      0.888 
       abj-bka-kj |          1.811 |      1.738 |      1.314 
       ajb-kba-jk |          1.230 |      1.186 |      0.835 
     abjc-cbka-kj |          2.436 |      1.722 |      1.757 
     ajbc-ckba-jk |          2.214 |      1.880 |      1.744 
     abjc-kbac-jk |          1.681 |      1.369 |      1.123 
   abjcd-dkbac-jk |          1.832 |      1.573 |      1.545 
   adbjc-cbdka-kj |          1.965 |      1.570 |      1.655 
   ajbdc-ckbad-jk |          1.927 |      1.706 |      1.708 
 abcijk-ijma-mkbc |          1.600 |      1.880 |      1.291 
 abcijk-ijmb-mkac |          1.654 |      2.235 |      1.661 
 abcijk-ijmc-mkab |          1.661 |      1.414 |      1.168 
 abcijk-ikma-mjbc |          1.601 |      1.916 |      1.315 
 abcijk-ikmb-mjac |          1.644 |      2.239 |      1.666 
 abcijk-ikmc-mjab |          1.619 |      1.403 |      1.158 
 abcijk-jkma-mibc |          1.667 |      2.020 |      1.416 
 abcijk-jkmb-miac |          2.265 |      3.316 |      2.445 
 abcijk-jkmc-miab |          1.604 |      1.365 |      1.127 
 abcijk-eiab-jkec |          1.608 |      1.369 |      1.132 
 abcijk-eiac-jkeb |          2.286 |      3.350 |      2.462 
 abcijk-eibc-jkea |          1.661 |      2.045 |      1.416 
 abcijk-ejab-ikec |          1.636 |      1.396 |      1.151 
 abcijk-ejac-ikeb |          1.674 |      2.246 |      1.671 
 abcijk-ejbc-ikea |          1.603 |      1.924 |      1.323 
 abcijk-ekab-ijec |          1.654 |      1.409 |      1.164 
 abcijk-ekac-ijeb |          1.649 |      2.227 |      1.662 
 abcijk-ekbc-ijea |          1.606 |      1.887 |      1.322 
       abc-bk-akc |          1.176 |      1.126 |      0.767 
             MEAN |          1.502 |      1.520 |      1.174 

wrote bench-results/worker6150-icelake/phase4f/th-t2-f32c32.csv
