host        : worker6150
target      : x86_64 / linux
cpu features: avx2 fma avx512f avx512dq 
caches      : L1=48KiB/12-way/1sh L2=1280KiB/20-way/1sh L3=49152KiB/12-way/32sh (via sysfs), blocking=legacy
l3 domains  : t1=1 t4=1 t8=1 t16=1 t32=1
baselines   : tblis=false blas=false

sweeping 49 cases at 64 MiB nominal tensor size, 3 reps, stress=none


=== f64 ===
             case |      m |      n |     k | regA | regB | planar GF/s | 1m GF/s | 3m GF/s 
------------------+--------+--------+-------+------+------+-------------+---------+---------
         ij-ik-kj |   2904 |   2896 |  2904 | 1.00 | 1.00 |       836.9 |   836.9 |   836.9 
       ij-ikl-ljk |    216 |    204 | 44064 | 1.00 | 1.00 |       371.1 |   371.1 |   371.1 
       ij-kil-lkj |    216 |    204 | 46656 | 1.00 | 1.00 |       379.5 |   379.5 |   379.5 
       ijk-ikl-lj |  44064 |    204 |   216 | 1.00 | 1.00 |       783.4 |   783.4 |   783.4 
       ijk-il-jlk |    216 |  44064 |   204 | 1.00 | 1.00 |       666.6 |   666.6 |   666.6 
       ijk-ilk-jl |  44064 |    216 |   204 | 1.00 | 1.00 |       838.1 |   838.1 |   838.1 
       ijk-ilk-lj |  44064 |    204 |   216 | 1.00 | 1.00 |       758.3 |   758.3 |   758.3 
     ijk-ilmk-mjl |   3744 |     52 |  3744 | 1.00 | 1.00 |       472.5 |   472.5 |   472.5 
   ijkl-imjn-lnkm |   3744 |   3744 |  2704 | 1.00 | 0.92 |       817.7 |   817.7 |   817.7 
   ijkl-imjn-nlmk |   3744 |   2704 |  3744 | 1.00 | 0.92 |       856.1 |   856.1 |   856.1 
   ijkl-imkn-jnlm |   3744 |   3744 |  2704 | 1.00 | 1.00 |       852.3 |   852.3 |   852.3 
   ijkl-imkn-njml |   3744 |   2704 |  3744 | 1.00 | 0.92 |       873.0 |   873.0 |   873.0 
   ijkl-imln-jnkm |   3744 |   3744 |  2704 | 1.00 | 1.00 |       854.5 |   854.5 |   854.5 
   ijkl-imln-njmk |   3744 |   2704 |  3744 | 1.00 | 0.92 |       854.8 |   854.8 |   854.8 
   ijkl-imnj-nlkm |   3744 |   2704 |  3744 | 1.00 | 0.92 |       854.6 |   854.6 |   854.6 
   ijkl-imnk-njml |   3744 |   2704 |  3744 | 1.00 | 0.92 |       883.8 |   883.8 |   883.8 
   ijkl-minj-nlmk |   3744 |   2704 |  5184 | 1.00 | 0.92 |       832.4 |   832.4 |   832.4 
   ijkl-mink-jnlm |   3744 |   3744 |  3744 | 1.00 | 1.00 |       841.0 |   841.0 |   841.0 
   ijkl-minl-njmk |   3744 |   2704 |  5184 | 1.00 | 0.92 |       844.0 |   844.0 |   844.0 
     aqrs-pa-pqrs |     72 | 140608 |    72 | 1.00 | 1.00 |       421.1 |   421.1 |   421.1 
     abrs-qb-aqrs |     52 | 194688 |    72 | 1.00 | 1.00 |       421.3 |   421.3 |   421.3 
     abcs-rc-abrs |     52 | 194688 |    72 | 1.00 | 1.00 |       461.2 |   461.2 |   461.2 
       abj-bka-kj |  46656 |    204 |   216 | 1.00 | 1.00 |       541.1 |   541.1 |   541.1 
       ajb-kba-jk |  44064 |    216 |   216 | 1.00 | 1.00 |       857.1 |   857.1 |   857.1 
     abjc-cbka-kj | 269568 |     52 |    72 | 1.00 | 1.00 |       133.4 |   133.4 |   133.4 
     ajbc-ckba-jk | 269568 |     72 |    52 | 1.00 | 1.00 |       184.2 |   184.2 |   184.2 
     abjc-kbac-jk | 194688 |     72 |    72 | 1.00 | 1.00 |       542.4 |   542.4 |   542.4 
   abjcd-dkbac-jk | 331776 |     24 |    24 | 1.00 | 1.00 |        74.3 |    74.3 |    74.3 
   adbjc-cbdka-kj | 331776 |     24 |    24 | 1.00 | 1.00 |        61.4 |    61.4 |    61.4 
   ajbdc-ckbad-jk | 331776 |     24 |    24 | 1.00 | 1.00 |        72.1 |    72.1 |    72.1 
 abcijk-ijma-mkbc |   9216 |   4096 |    24 | 1.00 | 1.00 |       337.0 |   337.0 |   337.0 
 abcijk-ijmb-mkac |   6144 |   6144 |    24 | 1.00 | 1.00 |       318.4 |   318.4 |   318.4 
 abcijk-ijmc-mkab |   6144 |   6144 |    24 | 1.00 | 1.00 |       303.7 |   303.7 |   303.7 
 abcijk-ikma-mjbc |   9216 |   4096 |    24 | 1.00 | 1.00 |       340.2 |   340.2 |   340.2 
 abcijk-ikmb-mjac |   6144 |   6144 |    24 | 1.00 | 1.00 |       316.8 |   316.8 |   316.8 
 abcijk-ikmc-mjab |   6144 |   6144 |    24 | 1.00 | 1.00 |       294.3 |   294.3 |   294.3 
 abcijk-jkma-mibc |   9216 |   4096 |    24 | 1.00 | 1.00 |       327.8 |   327.8 |   327.8 
 abcijk-jkmb-miac |   6144 |   6144 |    24 | 1.00 | 1.00 |       295.2 |   295.2 |   295.2 
 abcijk-jkmc-miab |   6144 |   6144 |    24 | 1.00 | 1.00 |       284.9 |   284.9 |   284.9 
 abcijk-eiab-jkec |   6144 |   6144 |    24 | 1.00 | 1.00 |       281.6 |   281.6 |   281.6 
 abcijk-eiac-jkeb |   6144 |   6144 |    24 | 1.00 | 1.00 |       295.2 |   295.2 |   295.2 
 abcijk-eibc-jkea |   4096 |   9216 |    24 | 1.00 | 1.00 |       326.3 |   326.3 |   326.3 
 abcijk-ejab-ikec |   6144 |   6144 |    24 | 1.00 | 1.00 |       301.6 |   301.6 |   301.6 
 abcijk-ejac-ikeb |   6144 |   6144 |    24 | 1.00 | 1.00 |       318.0 |   318.0 |   318.0 
 abcijk-ejbc-ikea |   4096 |   9216 |    24 | 1.00 | 1.00 |       343.2 |   343.2 |   343.2 
 abcijk-ekab-ijec |   6144 |   6144 |    24 | 1.00 | 1.00 |       303.7 |   303.7 |   303.7 
 abcijk-ekac-ijeb |   6144 |   6144 |    24 | 1.00 | 1.00 |       318.5 |   318.5 |   318.5 
 abcijk-ekbc-ijea |   4096 |   9216 |    24 | 1.00 | 1.00 |       334.0 |   334.0 |   334.0 
       abc-bk-akc |    216 |  44064 |   204 | 1.00 | 1.00 |       813.9 |   813.9 |   813.9 

=== c64 ===
             case |      m |      n |     k | regA | regB | planar GF/s | 1m GF/s | 3m GF/s 
------------------+--------+--------+-------+------+------+-------------+---------+---------
         ij-ik-kj |   2904 |   2896 |  2904 | 1.00 | 1.00 |      1125.7 |   960.9 |   769.5 
       ij-ikl-ljk |    216 |    204 | 44064 | 1.00 | 1.00 |       580.7 |   146.0 |   409.0 
       ij-kil-lkj |    216 |    204 | 46656 | 1.00 | 1.00 |       558.7 |   164.1 |   144.0 
       ijk-ikl-lj |  44064 |    204 |   216 | 1.00 | 1.00 |      1208.4 |   994.3 |   841.7 
       ijk-il-jlk |    216 |  44064 |   204 | 1.00 | 1.00 |      1016.0 |   320.1 |   319.2 
       ijk-ilk-jl |  44064 |    216 |   204 | 0.96 | 1.00 |      1236.0 |  1011.3 |   854.7 
       ijk-ilk-lj |  44064 |    204 |   216 | 0.96 | 1.00 |      1202.4 |   997.9 |   843.5 
     ijk-ilmk-mjl |   3744 |     52 |  3744 | 0.89 | 1.00 |       794.8 |   676.7 |   552.3 
   ijkl-imjn-lnkm |   3744 |   3744 |  2704 | 0.89 | 0.92 |      1190.6 |   996.5 |   791.9 
   ijkl-imjn-nlmk |   3744 |   2704 |  3744 | 0.89 | 0.92 |      1173.3 |   985.9 |   792.2 
   ijkl-imkn-jnlm |   3744 |   3744 |  2704 | 0.89 | 1.00 |      1169.0 |   987.8 |   790.7 
   ijkl-imkn-njml |   3744 |   2704 |  3744 | 0.89 | 0.92 |      1149.8 |   980.1 |   782.3 
   ijkl-imln-jnkm |   3744 |   3744 |  2704 | 0.89 | 1.00 |      1158.4 |   986.0 |   786.5 
   ijkl-imln-njmk |   3744 |   2704 |  3744 | 0.89 | 0.92 |      1147.6 |   974.0 |   782.7 
   ijkl-imnj-nlkm |   3744 |   2704 |  3744 | 0.89 | 0.92 |      1176.5 |   990.0 |   789.4 
   ijkl-imnk-njml |   3744 |   2704 |  3744 | 0.89 | 0.92 |      1143.9 |   977.2 |   785.5 
   ijkl-minj-nlmk |   3744 |   2704 |  5184 | 0.89 | 0.92 |      1172.6 |   979.9 |   781.8 
   ijkl-mink-jnlm |   3744 |   3744 |  3744 | 0.89 | 1.00 |      1170.8 |   994.9 |   790.8 
   ijkl-minl-njmk |   3744 |   2704 |  5184 | 0.89 | 0.92 |      1142.8 |   971.7 |   777.5 
     aqrs-pa-pqrs |     72 | 140608 |    72 | 1.00 | 1.00 |       663.2 |   591.8 |   442.2 
     abrs-qb-aqrs |     52 | 194688 |    72 | 0.89 | 1.00 |       756.8 |   725.0 |   581.8 
     abcs-rc-abrs |     52 | 194688 |    72 | 1.00 | 1.00 |       862.2 |   778.5 |   636.9 
       abj-bka-kj |  46656 |    204 |   216 | 0.96 | 1.00 |       935.9 |   725.2 |   662.6 
       ajb-kba-jk |  44064 |    216 |   216 | 0.96 | 1.00 |      1286.6 |  1100.8 |   902.1 
     abjc-cbka-kj | 269568 |     52 |    72 | 0.89 | 1.00 |       372.6 |   296.1 |   302.4 
     ajbc-ckba-jk | 269568 |     72 |    52 | 0.89 | 1.00 |       414.8 |   364.4 |   354.5 
     abjc-kbac-jk | 194688 |     72 |    72 | 0.89 | 1.00 |       877.5 |   825.7 |   639.2 
   abjcd-dkbac-jk | 331776 |     24 |    24 | 0.67 | 1.00 |       172.0 |   143.3 |   142.3 
   adbjc-cbdka-kj | 331776 |     24 |    24 | 0.67 | 1.00 |       169.7 |   144.5 |   142.6 
   ajbdc-ckbad-jk | 331776 |     24 |    24 | 1.00 | 1.00 |       173.5 |   137.4 |   137.6 
 abcijk-ijma-mkbc |   9216 |   4096 |    24 | 1.00 | 0.99 |       633.8 |   602.7 |   533.8 
 abcijk-ijmb-mkac |   6144 |   6144 |    24 | 1.00 | 0.88 |       620.9 |   591.2 |   529.8 
 abcijk-ijmc-mkab |   6144 |   6144 |    24 | 1.00 | 0.75 |       606.6 |   579.5 |   560.7 
 abcijk-ikma-mjbc |   9216 |   4096 |    24 | 1.00 | 0.99 |       634.4 |   607.3 |   528.5 
 abcijk-ikmb-mjac |   6144 |   6144 |    24 | 1.00 | 0.88 |       620.5 |   589.1 |   530.2 
 abcijk-ikmc-mjab |   6144 |   6144 |    24 | 1.00 | 0.75 |       604.2 |   595.1 |   565.1 
 abcijk-jkma-mibc |   9216 |   4096 |    24 | 1.00 | 0.99 |       607.4 |   606.1 |   525.1 
 abcijk-jkmb-miac |   6144 |   6144 |    24 | 1.00 | 0.88 |       599.2 |   575.0 |   499.3 
 abcijk-jkmc-miab |   6144 |   6144 |    24 | 1.00 | 0.75 |       587.4 |   576.8 |   541.7 
 abcijk-eiab-jkec |   6144 |   6144 |    24 | 1.00 | 0.75 |       591.8 |   575.0 |   541.0 
 abcijk-eiac-jkeb |   6144 |   6144 |    24 | 1.00 | 0.88 |       580.0 |   577.1 |   498.3 
 abcijk-eibc-jkea |   4096 |   9216 |    24 | 1.00 | 0.99 |       612.2 |   610.1 |   524.5 
 abcijk-ejab-ikec |   6144 |   6144 |    24 | 1.00 | 0.75 |       606.1 |   599.3 |   567.4 
 abcijk-ejac-ikeb |   6144 |   6144 |    24 | 1.00 | 0.88 |       624.1 |   593.9 |   534.2 
 abcijk-ejbc-ikea |   4096 |   9216 |    24 | 1.00 | 0.99 |       630.4 |   610.8 |   536.9 
 abcijk-ekab-ijec |   6144 |   6144 |    24 | 1.00 | 0.75 |       610.0 |   598.7 |   563.7 
 abcijk-ekac-ijeb |   6144 |   6144 |    24 | 1.00 | 0.88 |       616.5 |   589.8 |   529.2 
 abcijk-ekbc-ijea |   4096 |   9216 |    24 | 1.00 | 0.99 |       611.0 |   608.0 |   534.0 
       abc-bk-akc |    216 |  44064 |   204 | 0.96 | 1.00 |      1222.5 |  1015.4 |   852.2 

=== complex efficiency ratio (c64 GF/s over f64 GF/s; 1.0 = no penalty) ===
             case | planar c64/f64 | 1m c64/f64 | 3m c64/f64 
------------------+----------------+------------+------------
         ij-ik-kj |          1.345 |      1.148 |      0.919 
       ij-ikl-ljk |          1.565 |      0.393 |      1.102 
       ij-kil-lkj |          1.472 |      0.433 |      0.380 
       ijk-ikl-lj |          1.542 |      1.269 |      1.074 
       ijk-il-jlk |          1.524 |      0.480 |      0.479 
       ijk-ilk-jl |          1.475 |      1.207 |      1.020 
       ijk-ilk-lj |          1.586 |      1.316 |      1.112 
     ijk-ilmk-mjl |          1.682 |      1.432 |      1.169 
   ijkl-imjn-lnkm |          1.456 |      1.219 |      0.968 
   ijkl-imjn-nlmk |          1.370 |      1.152 |      0.925 
   ijkl-imkn-jnlm |          1.372 |      1.159 |      0.928 
   ijkl-imkn-njml |          1.317 |      1.123 |      0.896 
   ijkl-imln-jnkm |          1.356 |      1.154 |      0.920 
   ijkl-imln-njmk |          1.342 |      1.139 |      0.916 
   ijkl-imnj-nlkm |          1.377 |      1.158 |      0.924 
   ijkl-imnk-njml |          1.294 |      1.106 |      0.889 
   ijkl-minj-nlmk |          1.409 |      1.177 |      0.939 
   ijkl-mink-jnlm |          1.392 |      1.183 |      0.940 
   ijkl-minl-njmk |          1.354 |      1.151 |      0.921 
     aqrs-pa-pqrs |          1.575 |      1.405 |      1.050 
     abrs-qb-aqrs |          1.796 |      1.721 |      1.381 
     abcs-rc-abrs |          1.869 |      1.688 |      1.381 
       abj-bka-kj |          1.730 |      1.340 |      1.224 
       ajb-kba-jk |          1.501 |      1.284 |      1.052 
     abjc-cbka-kj |          2.793 |      2.219 |      2.266 
     ajbc-ckba-jk |          2.252 |      1.978 |      1.925 
     abjc-kbac-jk |          1.618 |      1.522 |      1.178 
   abjcd-dkbac-jk |          2.314 |      1.928 |      1.914 
   adbjc-cbdka-kj |          2.766 |      2.354 |      2.324 
   ajbdc-ckbad-jk |          2.406 |      1.906 |      1.909 
 abcijk-ijma-mkbc |          1.881 |      1.788 |      1.584 
 abcijk-ijmb-mkac |          1.950 |      1.857 |      1.664 
 abcijk-ijmc-mkab |          1.998 |      1.908 |      1.846 
 abcijk-ikma-mjbc |          1.865 |      1.785 |      1.554 
 abcijk-ikmb-mjac |          1.959 |      1.860 |      1.674 
 abcijk-ikmc-mjab |          2.053 |      2.022 |      1.920 
 abcijk-jkma-mibc |          1.853 |      1.849 |      1.602 
 abcijk-jkmb-miac |          2.030 |      1.948 |      1.691 
 abcijk-jkmc-miab |          2.062 |      2.025 |      1.902 
 abcijk-eiab-jkec |          2.101 |      2.041 |      1.921 
 abcijk-eiac-jkeb |          1.965 |      1.955 |      1.688 
 abcijk-eibc-jkea |          1.877 |      1.870 |      1.608 
 abcijk-ejab-ikec |          2.009 |      1.987 |      1.881 
 abcijk-ejac-ikeb |          1.962 |      1.867 |      1.680 
 abcijk-ejbc-ikea |          1.837 |      1.780 |      1.565 
 abcijk-ekab-ijec |          2.009 |      1.972 |      1.856 
 abcijk-ekac-ijeb |          1.936 |      1.852 |      1.662 
 abcijk-ekbc-ijea |          1.829 |      1.821 |      1.599 
       abc-bk-akc |          1.502 |      1.247 |      1.047 
             MEAN |          1.766 |      1.534 |      1.367 

wrote bench-results/worker6150-icelake/phase4f/th-t16-f64c64.csv
