host        : worker6150
target      : x86_64 / linux
cpu features: avx2 fma avx512f avx512dq 
caches      : L1=48KiB/12-way/1sh L2=1280KiB/20-way/1sh L3=49152KiB/12-way/32sh (via sysfs), blocking=legacy
l3 domains  : t1=1 t4=1 t8=1 t16=1 t32=1 t64=2
baselines   : tblis=false blas=false

sweeping 49 cases at 64 MiB nominal tensor size, 3 reps, stress=none


=== f32 ===
             case |      m |      n |     k | regA | regB | planar GF/s | 1m GF/s | 3m GF/s 
------------------+--------+--------+-------+------+------+-------------+---------+---------
         ij-ik-kj |   2904 |   2896 |  2904 | 1.00 | 1.00 |      2315.8 |  2315.8 |  2315.8 
       ij-ikl-ljk |    216 |    204 | 44064 | 1.00 | 1.00 |       717.7 |   717.7 |   717.7 
       ij-kil-lkj |    216 |    204 | 46656 | 1.00 | 1.00 |       738.5 |   738.5 |   738.5 
       ijk-ikl-lj |  44064 |    204 |   216 | 1.00 | 1.00 |      1588.4 |  1588.4 |  1588.4 
       ijk-il-jlk |    216 |  44064 |   204 | 1.00 | 1.00 |      1376.2 |  1376.2 |  1376.2 
       ijk-ilk-jl |  44064 |    216 |   204 | 0.89 | 1.00 |      1781.9 |  1781.9 |  1781.9 
       ijk-ilk-lj |  44064 |    204 |   216 | 0.89 | 1.00 |       971.1 |   971.1 |   971.1 
     ijk-ilmk-mjl |   3744 |     52 |  3744 | 0.67 | 1.00 |       657.0 |   657.0 |   657.0 
   ijkl-imjn-lnkm |   3744 |   3744 |  2704 | 0.67 | 0.92 |      2054.3 |  2054.3 |  2054.3 
   ijkl-imjn-nlmk |   3744 |   2704 |  3744 | 0.67 | 0.92 |      1806.3 |  1806.3 |  1806.3 
   ijkl-imkn-jnlm |   3744 |   3744 |  2704 | 0.67 | 1.00 |      2330.1 |  2330.1 |  2330.1 
   ijkl-imkn-njml |   3744 |   2704 |  3744 | 0.67 | 0.92 |      1957.7 |  1957.7 |  1957.7 
   ijkl-imln-jnkm |   3744 |   3744 |  2704 | 0.67 | 1.00 |      2001.4 |  2001.4 |  2001.4 
   ijkl-imln-njmk |   3744 |   2704 |  3744 | 0.67 | 0.92 |      2143.8 |  2143.8 |  2143.8 
   ijkl-imnj-nlkm |   3744 |   2704 |  3744 | 0.67 | 0.92 |      1908.3 |  1908.3 |  1908.3 
   ijkl-imnk-njml |   3744 |   2704 |  3744 | 0.67 | 0.92 |      2002.2 |  2002.2 |  2002.2 
   ijkl-minj-nlmk |   3744 |   2704 |  5184 | 0.67 | 0.92 |      1773.5 |  1773.5 |  1773.5 
   ijkl-mink-jnlm |   3744 |   3744 |  3744 | 0.67 | 1.00 |      2319.8 |  2319.8 |  2319.8 
   ijkl-minl-njmk |   3744 |   2704 |  5184 | 0.67 | 0.92 |      1931.8 |  1931.8 |  1931.8 
     aqrs-pa-pqrs |     72 | 140608 |    72 | 1.00 | 1.00 |       606.0 |   606.0 |   606.0 
     abrs-qb-aqrs |     52 | 194688 |    72 | 0.67 | 1.00 |       550.6 |   550.6 |   550.6 
     abcs-rc-abrs |     52 | 194688 |    72 | 1.00 | 1.00 |       520.6 |   520.6 |   520.6 
       abj-bka-kj |  46656 |    204 |   216 | 0.89 | 1.00 |       789.6 |   789.6 |   789.6 
       ajb-kba-jk |  44064 |    216 |   216 | 0.89 | 1.00 |      1796.3 |  1796.3 |  1796.3 
     abjc-cbka-kj | 269568 |     52 |    72 | 0.67 | 1.00 |       264.4 |   264.4 |   264.4 
     ajbc-ckba-jk | 269568 |     72 |    52 | 0.67 | 1.00 |       362.7 |   362.7 |   362.7 
     abjc-kbac-jk | 194688 |     72 |    72 | 0.67 | 1.00 |       768.2 |   768.2 |   768.2 
   abjcd-dkbac-jk | 331776 |     24 |    24 | 0.00 | 1.00 |       112.1 |   112.1 |   112.1 
   adbjc-cbdka-kj | 331776 |     24 |    24 | 0.00 | 1.00 |       102.5 |   102.5 |   102.5 
   ajbdc-ckbad-jk | 331776 |     24 |    24 | 0.00 | 1.00 |       115.6 |   115.6 |   115.6 
 abcijk-ijma-mkbc |   9216 |   4096 |    24 | 0.00 | 1.00 |       656.7 |   656.7 |   656.7 
 abcijk-ijmb-mkac |   6144 |   6144 |    24 | 0.00 | 1.00 |       513.4 |   513.4 |   513.4 
 abcijk-ijmc-mkab |   6144 |   6144 |    24 | 1.00 | 1.00 |       584.5 |   584.5 |   584.5 
 abcijk-ikma-mjbc |   9216 |   4096 |    24 | 0.00 | 1.00 |       554.8 |   554.8 |   554.8 
 abcijk-ikmb-mjac |   6144 |   6144 |    24 | 0.00 | 1.00 |       620.1 |   620.1 |   620.1 
 abcijk-ikmc-mjab |   6144 |   6144 |    24 | 1.00 | 1.00 |       592.0 |   592.0 |   592.0 
 abcijk-jkma-mibc |   9216 |   4096 |    24 | 0.00 | 1.00 |       592.2 |   592.2 |   592.2 
 abcijk-jkmb-miac |   6144 |   6144 |    24 | 0.00 | 1.00 |       520.9 |   520.9 |   520.9 
 abcijk-jkmc-miab |   6144 |   6144 |    24 | 1.00 | 1.00 |       566.7 |   566.7 |   566.7 
 abcijk-eiab-jkec |   6144 |   6144 |    24 | 1.00 | 1.00 |       623.0 |   623.0 |   623.0 
 abcijk-eiac-jkeb |   6144 |   6144 |    24 | 0.00 | 1.00 |       500.3 |   500.3 |   500.3 
 abcijk-eibc-jkea |   4096 |   9216 |    24 | 0.00 | 1.00 |       515.5 |   515.5 |   515.5 
 abcijk-ejab-ikec |   6144 |   6144 |    24 | 1.00 | 1.00 |       611.3 |   611.3 |   611.3 
 abcijk-ejac-ikeb |   6144 |   6144 |    24 | 0.00 | 1.00 |       558.0 |   558.0 |   558.0 
 abcijk-ejbc-ikea |   4096 |   9216 |    24 | 0.00 | 1.00 |       700.3 |   700.3 |   700.3 
 abcijk-ekab-ijec |   6144 |   6144 |    24 | 1.00 | 1.00 |       599.5 |   599.5 |   599.5 
 abcijk-ekac-ijeb |   6144 |   6144 |    24 | 0.00 | 1.00 |       580.1 |   580.1 |   580.1 
 abcijk-ekbc-ijea |   4096 |   9216 |    24 | 0.00 | 1.00 |       554.6 |   554.6 |   554.6 
       abc-bk-akc |    216 |  44064 |   204 | 0.89 | 1.00 |      1313.6 |  1313.6 |  1313.6 

=== c32 ===
             case |      m |      n |     k | regA | regB | planar GF/s | 1m GF/s | 3m GF/s 
------------------+--------+--------+-------+------+------+-------------+---------+---------
         ij-ik-kj |   2904 |   2896 |  2904 | 1.00 | 1.00 |      2792.1 |  2623.6 |  1876.3 
       ij-ikl-ljk |    216 |    204 | 44064 | 1.00 | 1.00 |      1506.6 |  1259.8 |  1008.9 
       ij-kil-lkj |    216 |    204 | 46656 | 1.00 | 1.00 |      1501.9 |  1436.6 |  1092.4 
       ijk-ikl-lj |  44064 |    204 |   216 | 1.00 | 1.00 |      2516.6 |  2542.0 |  2081.7 
       ijk-il-jlk |    216 |  44064 |   204 | 1.00 | 1.00 |      2271.5 |  2037.9 |  1494.0 
       ijk-ilk-jl |  44064 |    216 |   204 | 0.89 | 1.00 |      2894.5 |  2557.4 |  2322.9 
       ijk-ilk-lj |  44064 |    204 |   216 | 0.89 | 1.00 |      2962.7 |  2488.0 |  2337.9 
     ijk-ilmk-mjl |   3744 |     52 |  3744 | 0.67 | 1.00 |      1298.2 |  1266.8 |  1054.2 
   ijkl-imjn-lnkm |   3744 |   3744 |  2704 | 0.67 | 0.92 |      2777.1 |  2542.1 |  2001.0 
   ijkl-imjn-nlmk |   3744 |   2704 |  3744 | 0.67 | 0.92 |      2797.7 |  2786.9 |  2210.7 
   ijkl-imkn-jnlm |   3744 |   3744 |  2704 | 0.67 | 1.00 |      2889.9 |  2677.5 |  2053.9 
   ijkl-imkn-njml |   3744 |   2704 |  3744 | 0.67 | 0.92 |      2938.4 |  2859.9 |  2215.6 
   ijkl-imln-jnkm |   3744 |   3744 |  2704 | 0.67 | 1.00 |      2790.1 |  2779.2 |  2109.4 
   ijkl-imln-njmk |   3744 |   2704 |  3744 | 0.67 | 0.92 |      2984.4 |  2817.0 |  2252.2 
   ijkl-imnj-nlkm |   3744 |   2704 |  3744 | 0.67 | 0.92 |      2810.1 |  2760.8 |  2213.2 
   ijkl-imnk-njml |   3744 |   2704 |  3744 | 0.67 | 0.92 |      2982.4 |  2820.3 |  2220.6 
   ijkl-minj-nlmk |   3744 |   2704 |  5184 | 0.67 | 0.92 |      2837.7 |  2746.4 |  2148.9 
   ijkl-mink-jnlm |   3744 |   3744 |  3744 | 0.67 | 1.00 |      2940.2 |  2869.4 |  2217.8 
   ijkl-minl-njmk |   3744 |   2704 |  5184 | 0.67 | 0.92 |      2959.2 |  2855.0 |  2217.4 
     aqrs-pa-pqrs |     72 | 140608 |    72 | 1.00 | 1.00 |      1187.1 |  1114.1 |   867.2 
     abrs-qb-aqrs |     52 | 194688 |    72 | 0.67 | 1.00 |      1445.3 |  1209.3 |  1074.2 
     abcs-rc-abrs |     52 | 194688 |    72 | 1.00 | 1.00 |      1361.8 |   992.2 |  1065.6 
       abj-bka-kj |  46656 |    204 |   216 | 0.89 | 1.00 |      1928.0 |  1685.1 |  1599.0 
       ajb-kba-jk |  44064 |    216 |   216 | 0.89 | 1.00 |      2706.6 |  2539.8 |  2321.6 
     abjc-cbka-kj | 269568 |     52 |    72 | 0.67 | 1.00 |       682.5 |   520.4 |   533.2 
     ajbc-ckba-jk | 269568 |     72 |    52 | 0.67 | 1.00 |       761.0 |   683.5 |   691.0 
     abjc-kbac-jk | 194688 |     72 |    72 | 0.67 | 1.00 |      1138.1 |  1144.9 |  1339.9 
   abjcd-dkbac-jk | 331776 |     24 |    24 | 0.00 | 1.00 |       315.5 |   289.2 |   218.7 
   adbjc-cbdka-kj | 331776 |     24 |    24 | 0.00 | 1.00 |       299.9 |   221.0 |   269.4 
   ajbdc-ckbad-jk | 331776 |     24 |    24 | 0.00 | 1.00 |       274.8 |   285.0 |   254.8 
 abcijk-ijma-mkbc |   9216 |   4096 |    24 | 0.00 | 0.99 |      1151.4 |  1427.6 |  1096.1 
 abcijk-ijmb-mkac |   6144 |   6144 |    24 | 0.00 | 1.00 |      1045.0 |  1330.5 |  1136.5 
 abcijk-ijmc-mkab |   6144 |   6144 |    24 | 1.00 | 0.75 |      1237.2 |  1080.7 |  1054.6 
 abcijk-ikma-mjbc |   9216 |   4096 |    24 | 0.00 | 0.99 |      1302.2 |  1362.5 |  1212.0 
 abcijk-ikmb-mjac |   6144 |   6144 |    24 | 0.00 | 1.00 |      1169.8 |  1258.1 |  1097.8 
 abcijk-ikmc-mjab |   6144 |   6144 |    24 | 1.00 | 0.75 |      1258.4 |  1094.2 |  1096.0 
 abcijk-jkma-mibc |   9216 |   4096 |    24 | 0.00 | 0.99 |      1289.2 |  1393.1 |  1168.4 
 abcijk-jkmb-miac |   6144 |   6144 |    24 | 0.00 | 1.00 |      1029.7 |  1240.5 |  1026.1 
 abcijk-jkmc-miab |   6144 |   6144 |    24 | 1.00 | 0.75 |      1164.7 |  1095.4 |  1001.9 
 abcijk-eiab-jkec |   6144 |   6144 |    24 | 1.00 | 0.75 |      1160.2 |  1000.8 |   988.0 
 abcijk-eiac-jkeb |   6144 |   6144 |    24 | 0.00 | 1.00 |      1049.1 |  1199.8 |   975.7 
 abcijk-eibc-jkea |   4096 |   9216 |    24 | 0.00 | 0.99 |      1104.0 |  1344.0 |  1107.1 
 abcijk-ejab-ikec |   6144 |   6144 |    24 | 1.00 | 0.75 |      1249.0 |  1115.0 |  1026.9 
 abcijk-ejac-ikeb |   6144 |   6144 |    24 | 0.00 | 1.00 |      1107.8 |  1211.7 |  1093.7 
 abcijk-ejbc-ikea |   4096 |   9216 |    24 | 0.00 | 0.99 |      1262.3 |  1351.2 |  1203.3 
 abcijk-ekab-ijec |   6144 |   6144 |    24 | 1.00 | 0.75 |      1192.5 |  1050.6 |  1047.7 
 abcijk-ekac-ijeb |   6144 |   6144 |    24 | 0.00 | 1.00 |      1091.9 |  1314.0 |  1010.1 
 abcijk-ekbc-ijea |   4096 |   9216 |    24 | 0.00 | 0.99 |      1243.0 |  1354.2 |  1127.0 
       abc-bk-akc |    216 |  44064 |   204 | 0.89 | 1.00 |      2800.9 |  2563.0 |  2121.2 

=== complex efficiency ratio (c32 GF/s over f32 GF/s; 1.0 = no penalty) ===
             case | planar c32/f32 | 1m c32/f32 | 3m c32/f32 
------------------+----------------+------------+------------
         ij-ik-kj |          1.206 |      1.133 |      0.810 
       ij-ikl-ljk |          2.099 |      1.755 |      1.406 
       ij-kil-lkj |          2.034 |      1.945 |      1.479 
       ijk-ikl-lj |          1.584 |      1.600 |      1.311 
       ijk-il-jlk |          1.651 |      1.481 |      1.086 
       ijk-ilk-jl |          1.624 |      1.435 |      1.304 
       ijk-ilk-lj |          3.051 |      2.562 |      2.408 
     ijk-ilmk-mjl |          1.976 |      1.928 |      1.605 
   ijkl-imjn-lnkm |          1.352 |      1.237 |      0.974 
   ijkl-imjn-nlmk |          1.549 |      1.543 |      1.224 
   ijkl-imkn-jnlm |          1.240 |      1.149 |      0.881 
   ijkl-imkn-njml |          1.501 |      1.461 |      1.132 
   ijkl-imln-jnkm |          1.394 |      1.389 |      1.054 
   ijkl-imln-njmk |          1.392 |      1.314 |      1.051 
   ijkl-imnj-nlkm |          1.473 |      1.447 |      1.160 
   ijkl-imnk-njml |          1.490 |      1.409 |      1.109 
   ijkl-minj-nlmk |          1.600 |      1.549 |      1.212 
   ijkl-mink-jnlm |          1.267 |      1.237 |      0.956 
   ijkl-minl-njmk |          1.532 |      1.478 |      1.148 
     aqrs-pa-pqrs |          1.959 |      1.838 |      1.431 
     abrs-qb-aqrs |          2.625 |      2.197 |      1.951 
     abcs-rc-abrs |          2.616 |      1.906 |      2.047 
       abj-bka-kj |          2.442 |      2.134 |      2.025 
       ajb-kba-jk |          1.507 |      1.414 |      1.292 
     abjc-cbka-kj |          2.581 |      1.968 |      2.017 
     ajbc-ckba-jk |          2.098 |      1.884 |      1.905 
     abjc-kbac-jk |          1.481 |      1.490 |      1.744 
   abjcd-dkbac-jk |          2.814 |      2.580 |      1.951 
   adbjc-cbdka-kj |          2.927 |      2.156 |      2.629 
   ajbdc-ckbad-jk |          2.376 |      2.465 |      2.203 
 abcijk-ijma-mkbc |          1.753 |      2.174 |      1.669 
 abcijk-ijmb-mkac |          2.035 |      2.592 |      2.214 
 abcijk-ijmc-mkab |          2.117 |      1.849 |      1.804 
 abcijk-ikma-mjbc |          2.347 |      2.456 |      2.185 
 abcijk-ikmb-mjac |          1.886 |      2.029 |      1.770 
 abcijk-ikmc-mjab |          2.126 |      1.848 |      1.851 
 abcijk-jkma-mibc |          2.177 |      2.352 |      1.973 
 abcijk-jkmb-miac |          1.977 |      2.381 |      1.970 
 abcijk-jkmc-miab |          2.055 |      1.933 |      1.768 
 abcijk-eiab-jkec |          1.862 |      1.606 |      1.586 
 abcijk-eiac-jkeb |          2.097 |      2.398 |      1.950 
 abcijk-eibc-jkea |          2.142 |      2.607 |      2.148 
 abcijk-ejab-ikec |          2.043 |      1.824 |      1.680 
 abcijk-ejac-ikeb |          1.985 |      2.171 |      1.960 
 abcijk-ejbc-ikea |          1.802 |      1.929 |      1.718 
 abcijk-ekab-ijec |          1.989 |      1.752 |      1.748 
 abcijk-ekac-ijeb |          1.882 |      2.265 |      1.741 
 abcijk-ekbc-ijea |          2.241 |      2.442 |      2.032 
       abc-bk-akc |          2.132 |      1.951 |      1.615 
             MEAN |          1.941 |      1.870 |      1.630 

wrote bench-results/worker6150-icelake/phase4f/th-t32-dom-f32c32.csv
