host        : ccqlin038.flatironinstitute.org
target      : x86_64 / linux
cpu features: avx2 fma avx512f avx512dq 
caches      : L1=32KiB/8-way/2sh L2=1024KiB/16-way/2sh L3=25344KiB/11-way/16sh (via sysfs), blocking=legacy
baselines   : tblis=false blas=false

sweeping 49 cases at 64 MiB nominal tensor size, 3 reps, stress=none


=== f32 ===
             case |      m |      n |     k | regA | regB | planar GF/s | 1m GF/s | 3m GF/s 
------------------+--------+--------+-------+------+------+-------------+---------+---------
         ij-ik-kj |   2904 |   2896 |  2904 | 1.00 | 1.00 |       148.3 |   148.3 |   148.3 
       ij-ikl-ljk |    216 |    204 | 44064 | 1.00 | 1.00 |        56.4 |    56.4 |    56.4 
       ij-kil-lkj |    216 |    204 | 46656 | 1.00 | 1.00 |        58.5 |    58.5 |    58.5 
       ijk-ikl-lj |  44064 |    204 |   216 | 1.00 | 1.00 |       119.1 |   119.1 |   119.1 
       ijk-il-jlk |    216 |  44064 |   204 | 1.00 | 1.00 |        97.0 |    97.0 |    97.0 
       ijk-ilk-jl |  44064 |    216 |   204 | 0.89 | 1.00 |       128.5 |   128.5 |   128.5 
       ijk-ilk-lj |  44064 |    204 |   216 | 0.89 | 1.00 |       124.3 |   124.3 |   124.3 
     ijk-ilmk-mjl |   3744 |     52 |  3744 | 0.67 | 1.00 |        77.7 |    77.7 |    77.7 
   ijkl-imjn-lnkm |   3744 |   3744 |  2704 | 0.67 | 0.92 |       142.2 |   142.2 |   142.2 
   ijkl-imjn-nlmk |   3744 |   2704 |  3744 | 0.67 | 0.92 |       143.3 |   143.3 |   143.3 
   ijkl-imkn-jnlm |   3744 |   3744 |  2704 | 0.67 | 1.00 |       143.8 |   143.8 |   143.8 
   ijkl-imkn-njml |   3744 |   2704 |  3744 | 0.67 | 0.92 |       142.4 |   142.4 |   142.4 
   ijkl-imln-jnkm |   3744 |   3744 |  2704 | 0.67 | 1.00 |       146.7 |   146.7 |   146.7 
   ijkl-imln-njmk |   3744 |   2704 |  3744 | 0.67 | 0.92 |       143.1 |   143.1 |   143.1 
   ijkl-imnj-nlkm |   3744 |   2704 |  3744 | 0.67 | 0.92 |       143.8 |   143.8 |   143.8 
   ijkl-imnk-njml |   3744 |   2704 |  3744 | 0.67 | 0.92 |       142.5 |   142.5 |   142.5 
   ijkl-minj-nlmk |   3744 |   2704 |  5184 | 0.67 | 0.92 |       139.2 |   139.2 |   139.2 
   ijkl-mink-jnlm |   3744 |   3744 |  3744 | 0.67 | 1.00 |       142.3 |   142.3 |   142.3 
   ijkl-minl-njmk |   3744 |   2704 |  5184 | 0.67 | 0.92 |       139.1 |   139.1 |   139.1 
     aqrs-pa-pqrs |     72 | 140608 |    72 | 1.00 | 1.00 |        57.3 |    57.3 |    57.3 
     abrs-qb-aqrs |     52 | 194688 |    72 | 0.67 | 1.00 |        67.1 |    67.1 |    67.1 
     abcs-rc-abrs |     52 | 194688 |    72 | 1.00 | 1.00 |        60.3 |    60.3 |    60.3 
       abj-bka-kj |  46656 |    204 |   216 | 0.89 | 1.00 |        66.0 |    66.0 |    66.0 
       ajb-kba-jk |  44064 |    216 |   216 | 0.89 | 1.00 |       118.3 |   118.3 |   118.3 
     abjc-cbka-kj | 269568 |     52 |    72 | 0.67 | 1.00 |        14.4 |    14.4 |    14.4 
     ajbc-ckba-jk | 269568 |     72 |    52 | 0.67 | 1.00 |        25.5 |    25.5 |    25.5 
     abjc-kbac-jk | 194688 |     72 |    72 | 0.67 | 1.00 |        62.7 |    62.7 |    62.7 
   abjcd-dkbac-jk | 331776 |     24 |    24 | 0.00 | 1.00 |         6.6 |     6.6 |     6.6 
   adbjc-cbdka-kj | 331776 |     24 |    24 | 0.00 | 1.00 |         5.0 |     5.0 |     5.0 
   ajbdc-ckbad-jk | 331776 |     24 |    24 | 0.00 | 1.00 |         6.3 |     6.3 |     6.3 
 abcijk-ijma-mkbc |   9216 |   4096 |    24 | 0.00 | 1.00 |        51.7 |    51.7 |    51.7 
 abcijk-ijmb-mkac |   6144 |   6144 |    24 | 0.00 | 1.00 |        38.3 |    38.3 |    38.3 
 abcijk-ijmc-mkab |   6144 |   6144 |    24 | 1.00 | 1.00 |        54.4 |    54.4 |    54.4 
 abcijk-ikma-mjbc |   9216 |   4096 |    24 | 0.00 | 1.00 |        52.3 |    52.3 |    52.3 
 abcijk-ikmb-mjac |   6144 |   6144 |    24 | 0.00 | 1.00 |        37.8 |    37.8 |    37.8 
 abcijk-ikmc-mjab |   6144 |   6144 |    24 | 1.00 | 1.00 |        54.6 |    54.6 |    54.6 
 abcijk-jkma-mibc |   9216 |   4096 |    24 | 0.00 | 1.00 |        52.8 |    52.8 |    52.8 
 abcijk-jkmb-miac |   6144 |   6144 |    24 | 0.00 | 1.00 |        38.6 |    38.6 |    38.6 
 abcijk-jkmc-miab |   6144 |   6144 |    24 | 1.00 | 1.00 |        54.8 |    54.8 |    54.8 
 abcijk-eiab-jkec |   6144 |   6144 |    24 | 1.00 | 1.00 |        54.0 |    54.0 |    54.0 
 abcijk-eiac-jkeb |   6144 |   6144 |    24 | 0.00 | 1.00 |        39.2 |    39.2 |    39.2 
 abcijk-eibc-jkea |   4096 |   9216 |    24 | 0.00 | 1.00 |        52.7 |    52.7 |    52.7 
 abcijk-ejab-ikec |   6144 |   6144 |    24 | 1.00 | 1.00 |        54.3 |    54.3 |    54.3 
 abcijk-ejac-ikeb |   6144 |   6144 |    24 | 0.00 | 1.00 |        38.9 |    38.9 |    38.9 
 abcijk-ejbc-ikea |   4096 |   9216 |    24 | 0.00 | 1.00 |        51.8 |    51.8 |    51.8 
 abcijk-ekab-ijec |   6144 |   6144 |    24 | 1.00 | 1.00 |        54.0 |    54.0 |    54.0 
 abcijk-ekac-ijeb |   6144 |   6144 |    24 | 0.00 | 1.00 |        39.0 |    39.0 |    39.0 
 abcijk-ekbc-ijea |   4096 |   9216 |    24 | 0.00 | 1.00 |        49.2 |    49.2 |    49.2 
       abc-bk-akc |    216 |  44064 |   204 | 0.89 | 1.00 |       129.0 |   129.0 |   129.0 

=== c32 ===
             case |      m |      n |     k | regA | regB | planar GF/s | 1m GF/s | 3m GF/s 
------------------+--------+--------+-------+------+------+-------------+---------+---------
         ij-ik-kj |   2904 |   2896 |  2904 | 1.00 | 1.00 |       153.1 |   146.9 |   145.2 
       ij-ikl-ljk |    216 |    204 | 44064 | 1.00 | 1.00 |        93.8 |    89.0 |    84.5 
       ij-kil-lkj |    216 |    204 | 46656 | 1.00 | 1.00 |        96.5 |    91.7 |    88.3 
       ijk-ikl-lj |  44064 |    204 |   216 | 1.00 | 1.00 |       151.3 |   138.4 |   140.3 
       ijk-il-jlk |    216 |  44064 |   204 | 1.00 | 1.00 |       144.1 |   142.7 |   134.4 
       ijk-ilk-jl |  44064 |    216 |   204 | 0.89 | 1.00 |       159.9 |   153.0 |   142.3 
       ijk-ilk-lj |  44064 |    204 |   216 | 0.89 | 1.00 |       159.1 |   151.3 |   141.7 
     ijk-ilmk-mjl |   3744 |     52 |  3744 | 0.67 | 1.00 |       101.7 |    91.6 |    80.3 
   ijkl-imjn-lnkm |   3744 |   3744 |  2704 | 0.67 | 0.92 |       151.7 |   148.2 |   143.2 
   ijkl-imjn-nlmk |   3744 |   2704 |  3744 | 0.67 | 0.92 |       153.2 |   148.9 |   144.2 
   ijkl-imkn-jnlm |   3744 |   3744 |  2704 | 0.67 | 1.00 |       153.1 |   151.2 |   143.9 
   ijkl-imkn-njml |   3744 |   2704 |  3744 | 0.67 | 0.92 |       151.9 |   150.6 |   142.0 
   ijkl-imln-jnkm |   3744 |   3744 |  2704 | 0.67 | 1.00 |       153.2 |   152.6 |   143.6 
   ijkl-imln-njmk |   3744 |   2704 |  3744 | 0.67 | 0.92 |       152.2 |   151.4 |   141.9 
   ijkl-imnj-nlkm |   3744 |   2704 |  3744 | 0.67 | 0.92 |       153.4 |   148.6 |   143.6 
   ijkl-imnk-njml |   3744 |   2704 |  3744 | 0.67 | 0.92 |       151.5 |   151.9 |   141.6 
   ijkl-minj-nlmk |   3744 |   2704 |  5184 | 0.67 | 0.92 |       150.0 |   145.2 |   142.1 
   ijkl-mink-jnlm |   3744 |   3744 |  3744 | 0.67 | 1.00 |       151.7 |   151.8 |   143.4 
   ijkl-minl-njmk |   3744 |   2704 |  5184 | 0.67 | 0.92 |       150.0 |   149.6 |   141.2 
     aqrs-pa-pqrs |     72 | 140608 |    72 | 1.00 | 1.00 |        81.9 |    82.0 |    88.0 
     abrs-qb-aqrs |     52 | 194688 |    72 | 0.67 | 1.00 |        95.3 |    87.3 |    82.5 
     abcs-rc-abrs |     52 | 194688 |    72 | 1.00 | 1.00 |        97.6 |    73.4 |    78.6 
       abj-bka-kj |  46656 |    204 |   216 | 0.89 | 1.00 |       120.8 |   113.3 |   114.4 
       ajb-kba-jk |  44064 |    216 |   216 | 0.89 | 1.00 |       151.5 |   140.8 |   155.6 
     abjc-cbka-kj | 269568 |     52 |    72 | 0.67 | 1.00 |        28.7 |    25.2 |    28.1 
     ajbc-ckba-jk | 269568 |     72 |    52 | 0.67 | 1.00 |        51.5 |    48.4 |    51.4 
     abjc-kbac-jk | 194688 |     72 |    72 | 0.67 | 1.00 |       106.2 |    87.6 |    94.2 
   abjcd-dkbac-jk | 331776 |     24 |    24 | 0.00 | 1.00 |         9.6 |     8.5 |     9.2 
   adbjc-cbdka-kj | 331776 |     24 |    24 | 0.00 | 1.00 |         8.4 |     7.5 |     6.8 
   ajbdc-ckbad-jk | 331776 |     24 |    24 | 0.00 | 1.00 |         9.3 |     8.0 |     9.3 
 abcijk-ijma-mkbc |   9216 |   4096 |    24 | 0.00 | 0.99 |        85.2 |   102.5 |    89.1 
 abcijk-ijmb-mkac |   6144 |   6144 |    24 | 0.00 | 1.00 |        68.5 |    94.4 |    82.1 
 abcijk-ijmc-mkab |   6144 |   6144 |    24 | 1.00 | 0.75 |        97.7 |    86.8 |    88.5 
 abcijk-ikma-mjbc |   9216 |   4096 |    24 | 0.00 | 0.99 |        83.6 |   103.0 |    87.9 
 abcijk-ikmb-mjac |   6144 |   6144 |    24 | 0.00 | 1.00 |        68.0 |    94.2 |    80.6 
 abcijk-ikmc-mjab |   6144 |   6144 |    24 | 1.00 | 0.75 |        97.4 |    86.5 |    87.8 
 abcijk-jkma-mibc |   9216 |   4096 |    24 | 0.00 | 0.99 |        83.5 |   100.2 |    88.3 
 abcijk-jkmb-miac |   6144 |   6144 |    24 | 0.00 | 1.00 |        68.6 |    96.0 |    81.8 
 abcijk-jkmc-miab |   6144 |   6144 |    24 | 1.00 | 0.75 |        97.5 |    87.0 |    88.0 
 abcijk-eiab-jkec |   6144 |   6144 |    24 | 1.00 | 0.75 |        97.3 |    86.5 |    87.6 
 abcijk-eiac-jkeb |   6144 |   6144 |    24 | 0.00 | 1.00 |        68.3 |    93.9 |    82.2 
 abcijk-eibc-jkea |   4096 |   9216 |    24 | 0.00 | 0.99 |        83.1 |   103.3 |    86.7 
 abcijk-ejab-ikec |   6144 |   6144 |    24 | 1.00 | 0.75 |        96.0 |    87.0 |    87.3 
 abcijk-ejac-ikeb |   6144 |   6144 |    24 | 0.00 | 1.00 |        68.9 |    92.7 |    81.7 
 abcijk-ejbc-ikea |   4096 |   9216 |    24 | 0.00 | 0.99 |        84.4 |   102.5 |    89.3 
 abcijk-ekab-ijec |   6144 |   6144 |    24 | 1.00 | 0.75 |        97.2 |    86.0 |    87.4 
 abcijk-ekac-ijeb |   6144 |   6144 |    24 | 0.00 | 1.00 |        68.5 |    95.5 |    82.0 
 abcijk-ekbc-ijea |   4096 |   9216 |    24 | 0.00 | 0.99 |        84.2 |   102.1 |    88.7 
       abc-bk-akc |    216 |  44064 |   204 | 0.89 | 1.00 |       160.3 |   148.5 |   142.4 

=== complex efficiency ratio (c32 GF/s over f32 GF/s; 1.0 = no penalty) ===
             case | planar c32/f32 | 1m c32/f32 | 3m c32/f32 
------------------+----------------+------------+------------
         ij-ik-kj |          1.032 |      0.991 |      0.979 
       ij-ikl-ljk |          1.663 |      1.579 |      1.499 
       ij-kil-lkj |          1.651 |      1.568 |      1.510 
       ijk-ikl-lj |          1.271 |      1.162 |      1.178 
       ijk-il-jlk |          1.486 |      1.472 |      1.386 
       ijk-ilk-jl |          1.245 |      1.191 |      1.108 
       ijk-ilk-lj |          1.280 |      1.217 |      1.140 
     ijk-ilmk-mjl |          1.309 |      1.179 |      1.034 
   ijkl-imjn-lnkm |          1.067 |      1.042 |      1.007 
   ijkl-imjn-nlmk |          1.069 |      1.039 |      1.006 
   ijkl-imkn-jnlm |          1.065 |      1.052 |      1.001 
   ijkl-imkn-njml |          1.066 |      1.058 |      0.997 
   ijkl-imln-jnkm |          1.044 |      1.041 |      0.979 
   ijkl-imln-njmk |          1.064 |      1.058 |      0.992 
   ijkl-imnj-nlkm |          1.066 |      1.033 |      0.999 
   ijkl-imnk-njml |          1.064 |      1.066 |      0.994 
   ijkl-minj-nlmk |          1.077 |      1.043 |      1.020 
   ijkl-mink-jnlm |          1.066 |      1.066 |      1.008 
   ijkl-minl-njmk |          1.079 |      1.075 |      1.015 
     aqrs-pa-pqrs |          1.430 |      1.432 |      1.537 
     abrs-qb-aqrs |          1.422 |      1.303 |      1.230 
     abcs-rc-abrs |          1.618 |      1.217 |      1.303 
       abj-bka-kj |          1.831 |      1.717 |      1.734 
       ajb-kba-jk |          1.281 |      1.190 |      1.315 
     abjc-cbka-kj |          1.991 |      1.748 |      1.949 
     ajbc-ckba-jk |          2.020 |      1.901 |      2.019 
     abjc-kbac-jk |          1.694 |      1.398 |      1.503 
   abjcd-dkbac-jk |          1.468 |      1.292 |      1.404 
   adbjc-cbdka-kj |          1.691 |      1.515 |      1.381 
   ajbdc-ckbad-jk |          1.469 |      1.275 |      1.484 
 abcijk-ijma-mkbc |          1.647 |      1.982 |      1.722 
 abcijk-ijmb-mkac |          1.791 |      2.466 |      2.147 
 abcijk-ijmc-mkab |          1.796 |      1.596 |      1.626 
 abcijk-ikma-mjbc |          1.598 |      1.969 |      1.682 
 abcijk-ikmb-mjac |          1.798 |      2.492 |      2.132 
 abcijk-ikmc-mjab |          1.782 |      1.584 |      1.606 
 abcijk-jkma-mibc |          1.580 |      1.896 |      1.672 
 abcijk-jkmb-miac |          1.775 |      2.484 |      2.116 
 abcijk-jkmc-miab |          1.781 |      1.588 |      1.607 
 abcijk-eiab-jkec |          1.803 |      1.602 |      1.622 
 abcijk-eiac-jkeb |          1.744 |      2.397 |      2.097 
 abcijk-eibc-jkea |          1.576 |      1.959 |      1.643 
 abcijk-ejab-ikec |          1.770 |      1.603 |      1.609 
 abcijk-ejac-ikeb |          1.771 |      2.382 |      2.100 
 abcijk-ejbc-ikea |          1.627 |      1.978 |      1.723 
 abcijk-ekab-ijec |          1.799 |      1.591 |      1.618 
 abcijk-ekac-ijeb |          1.758 |      2.449 |      2.103 
 abcijk-ekbc-ijea |          1.709 |      2.074 |      1.800 
       abc-bk-akc |          1.243 |      1.151 |      1.104 
             MEAN |          1.488 |      1.534 |      1.458 

wrote bench-results/ccqlin038-blocking/bl-ck256-f32c32.csv
