host        : ccqlin038.flatironinstitute.org
target      : x86_64 / linux
cpu features: avx2 fma avx512f avx512dq 
caches      : L1=32KiB/8-way/2sh L2=1024KiB/16-way/2sh L3=25344KiB/11-way/16sh (via sysfs), blocking=legacy
baselines   : tblis=false blas=false

sweeping 49 cases at 64 MiB nominal tensor size, 3 reps, stress=none


=== f32 ===
             case |      m |      n |     k | regA | regB | planar GF/s | 1m GF/s | 3m GF/s 
------------------+--------+--------+-------+------+------+-------------+---------+---------
         ij-ik-kj |   2904 |   2896 |  2904 | 1.00 | 1.00 |        87.0 |    87.0 |    87.0 
       ij-ikl-ljk |    216 |    204 | 44064 | 1.00 | 1.00 |        45.7 |    45.7 |    45.7 
       ij-kil-lkj |    216 |    204 | 46656 | 1.00 | 1.00 |        45.6 |    45.6 |    45.6 
       ijk-ikl-lj |  44064 |    204 |   216 | 1.00 | 1.00 |        63.2 |    63.2 |    63.2 
       ijk-il-jlk |    216 |  44064 |   204 | 1.00 | 1.00 |        62.4 |    62.4 |    62.4 
       ijk-ilk-jl |  44064 |    216 |   204 | 0.89 | 1.00 |        64.9 |    64.9 |    64.9 
       ijk-ilk-lj |  44064 |    204 |   216 | 0.89 | 1.00 |        67.2 |    67.2 |    67.2 
     ijk-ilmk-mjl |   3744 |     52 |  3744 | 0.67 | 1.00 |        54.5 |    54.5 |    54.5 
   ijkl-imjn-lnkm |   3744 |   3744 |  2704 | 0.67 | 0.92 |        83.8 |    83.8 |    83.8 
   ijkl-imjn-nlmk |   3744 |   2704 |  3744 | 0.67 | 0.92 |        80.2 |    80.2 |    80.2 
   ijkl-imkn-jnlm |   3744 |   3744 |  2704 | 0.67 | 1.00 |        82.2 |    82.2 |    82.2 
   ijkl-imkn-njml |   3744 |   2704 |  3744 | 0.67 | 0.92 |        78.4 |    78.4 |    78.4 
   ijkl-imln-jnkm |   3744 |   3744 |  2704 | 0.67 | 1.00 |        84.3 |    84.3 |    84.3 
   ijkl-imln-njmk |   3744 |   2704 |  3744 | 0.67 | 0.92 |        79.0 |    79.0 |    79.0 
   ijkl-imnj-nlkm |   3744 |   2704 |  3744 | 0.67 | 0.92 |        82.5 |    82.5 |    82.5 
   ijkl-imnk-njml |   3744 |   2704 |  3744 | 0.67 | 0.92 |        77.9 |    77.9 |    77.9 
   ijkl-minj-nlmk |   3744 |   2704 |  5184 | 0.67 | 0.92 |        80.2 |    80.2 |    80.2 
   ijkl-mink-jnlm |   3744 |   3744 |  3744 | 0.67 | 1.00 |        81.6 |    81.6 |    81.6 
   ijkl-minl-njmk |   3744 |   2704 |  5184 | 0.67 | 0.92 |        77.7 |    77.7 |    77.7 
     aqrs-pa-pqrs |     72 | 140608 |    72 | 1.00 | 1.00 |        38.7 |    38.7 |    38.7 
     abrs-qb-aqrs |     52 | 194688 |    72 | 0.67 | 1.00 |        45.8 |    45.8 |    45.8 
     abcs-rc-abrs |     52 | 194688 |    72 | 1.00 | 1.00 |        42.5 |    42.5 |    42.5 
       abj-bka-kj |  46656 |    204 |   216 | 0.89 | 1.00 |        49.6 |    49.6 |    49.6 
       ajb-kba-jk |  44064 |    216 |   216 | 0.89 | 1.00 |        60.4 |    60.4 |    60.4 
     abjc-cbka-kj | 269568 |     52 |    72 | 0.67 | 1.00 |        13.2 |    13.2 |    13.2 
     ajbc-ckba-jk | 269568 |     72 |    52 | 0.67 | 1.00 |        25.3 |    25.3 |    25.3 
     abjc-kbac-jk | 194688 |     72 |    72 | 0.67 | 1.00 |        38.9 |    38.9 |    38.9 
   abjcd-dkbac-jk | 331776 |     24 |    24 | 0.00 | 1.00 |         6.6 |     6.6 |     6.6 
   adbjc-cbdka-kj | 331776 |     24 |    24 | 0.00 | 1.00 |         4.8 |     4.8 |     4.8 
   ajbdc-ckbad-jk | 331776 |     24 |    24 | 0.00 | 1.00 |         6.1 |     6.1 |     6.1 
 abcijk-ijma-mkbc |   9216 |   4096 |    24 | 0.00 | 1.00 |        52.1 |    52.1 |    52.1 
 abcijk-ijmb-mkac |   6144 |   6144 |    24 | 0.00 | 1.00 |        41.3 |    41.3 |    41.3 
 abcijk-ijmc-mkab |   6144 |   6144 |    24 | 1.00 | 1.00 |        59.6 |    59.6 |    59.6 
 abcijk-ikma-mjbc |   9216 |   4096 |    24 | 0.00 | 1.00 |        52.2 |    52.2 |    52.2 
 abcijk-ikmb-mjac |   6144 |   6144 |    24 | 0.00 | 1.00 |        40.9 |    40.9 |    40.9 
 abcijk-ikmc-mjab |   6144 |   6144 |    24 | 1.00 | 1.00 |        60.6 |    60.6 |    60.6 
 abcijk-jkma-mibc |   9216 |   4096 |    24 | 0.00 | 1.00 |        53.2 |    53.2 |    53.2 
 abcijk-jkmb-miac |   6144 |   6144 |    24 | 0.00 | 1.00 |        40.8 |    40.8 |    40.8 
 abcijk-jkmc-miab |   6144 |   6144 |    24 | 1.00 | 1.00 |        59.3 |    59.3 |    59.3 
 abcijk-eiab-jkec |   6144 |   6144 |    24 | 1.00 | 1.00 |        58.1 |    58.1 |    58.1 
 abcijk-eiac-jkeb |   6144 |   6144 |    24 | 0.00 | 1.00 |        41.0 |    41.0 |    41.0 
 abcijk-eibc-jkea |   4096 |   9216 |    24 | 0.00 | 1.00 |        52.0 |    52.0 |    52.0 
 abcijk-ejab-ikec |   6144 |   6144 |    24 | 1.00 | 1.00 |        59.3 |    59.3 |    59.3 
 abcijk-ejac-ikeb |   6144 |   6144 |    24 | 0.00 | 1.00 |        40.8 |    40.8 |    40.8 
 abcijk-ejbc-ikea |   4096 |   9216 |    24 | 0.00 | 1.00 |        52.4 |    52.4 |    52.4 
 abcijk-ekab-ijec |   6144 |   6144 |    24 | 1.00 | 1.00 |        58.4 |    58.4 |    58.4 
 abcijk-ekac-ijeb |   6144 |   6144 |    24 | 0.00 | 1.00 |        40.6 |    40.6 |    40.6 
 abcijk-ekbc-ijea |   4096 |   9216 |    24 | 0.00 | 1.00 |        53.0 |    53.0 |    53.0 
       abc-bk-akc |    216 |  44064 |   204 | 0.89 | 1.00 |        66.2 |    66.2 |    66.2 

=== c32 ===
             case |      m |      n |     k | regA | regB | planar GF/s | 1m GF/s | 3m GF/s 
------------------+--------+--------+-------+------+------+-------------+---------+---------
         ij-ik-kj |   2904 |   2896 |  2904 | 1.00 | 1.00 |        89.0 |    84.7 |    83.0 
       ij-ikl-ljk |    216 |    204 | 44064 | 1.00 | 1.00 |        64.5 |    63.4 |    59.9 
       ij-kil-lkj |    216 |    204 | 46656 | 1.00 | 1.00 |        66.5 |    64.2 |    62.3 
       ijk-ikl-lj |  44064 |    204 |   216 | 1.00 | 1.00 |        77.5 |    74.3 |    75.1 
       ijk-il-jlk |    216 |  44064 |   204 | 1.00 | 1.00 |        81.6 |    80.9 |    75.1 
       ijk-ilk-jl |  44064 |    216 |   204 | 0.89 | 1.00 |        76.7 |    74.9 |    73.7 
       ijk-ilk-lj |  44064 |    204 |   216 | 0.89 | 1.00 |        79.3 |    77.8 |    77.0 
     ijk-ilmk-mjl |   3744 |     52 |  3744 | 0.67 | 1.00 |        70.0 |    67.9 |    60.1 
   ijkl-imjn-lnkm |   3744 |   3744 |  2704 | 0.67 | 0.92 |        87.7 |    83.5 |    82.5 
   ijkl-imjn-nlmk |   3744 |   2704 |  3744 | 0.67 | 0.92 |        86.7 |    83.6 |    82.7 
   ijkl-imkn-jnlm |   3744 |   3744 |  2704 | 0.67 | 1.00 |        86.9 |    88.2 |    83.0 
   ijkl-imkn-njml |   3744 |   2704 |  3744 | 0.67 | 0.92 |        86.0 |    86.3 |    81.8 
   ijkl-imln-jnkm |   3744 |   3744 |  2704 | 0.67 | 1.00 |        88.2 |    89.0 |    83.0 
   ijkl-imln-njmk |   3744 |   2704 |  3744 | 0.67 | 0.92 |        85.9 |    86.6 |    81.8 
   ijkl-imnj-nlkm |   3744 |   2704 |  3744 | 0.67 | 0.92 |        86.5 |    82.2 |    82.1 
   ijkl-imnk-njml |   3744 |   2704 |  3744 | 0.67 | 0.92 |        86.8 |    88.8 |    82.2 
   ijkl-minj-nlmk |   3744 |   2704 |  5184 | 0.67 | 0.92 |        86.1 |    82.9 |    81.5 
   ijkl-mink-jnlm |   3744 |   3744 |  3744 | 0.67 | 1.00 |        86.6 |    87.0 |    82.6 
   ijkl-minl-njmk |   3744 |   2704 |  5184 | 0.67 | 0.92 |        85.5 |    85.7 |    81.4 
     aqrs-pa-pqrs |     72 | 140608 |    72 | 1.00 | 1.00 |        54.4 |    54.8 |    54.0 
     abrs-qb-aqrs |     52 | 194688 |    72 | 0.67 | 1.00 |        60.3 |    55.6 |    51.0 
     abcs-rc-abrs |     52 | 194688 |    72 | 1.00 | 1.00 |        60.9 |    44.8 |    51.5 
       abj-bka-kj |  46656 |    204 |   216 | 0.89 | 1.00 |        70.6 |    63.6 |    66.0 
       ajb-kba-jk |  44064 |    216 |   216 | 0.89 | 1.00 |        76.5 |    72.2 |    75.6 
     abjc-cbka-kj | 269568 |     52 |    72 | 0.67 | 1.00 |        24.8 |    22.0 |    24.8 
     ajbc-ckba-jk | 269568 |     72 |    52 | 0.67 | 1.00 |        50.9 |    48.3 |    51.8 
     abjc-kbac-jk | 194688 |     72 |    72 | 0.67 | 1.00 |        61.0 |    49.3 |    54.6 
   abjcd-dkbac-jk | 331776 |     24 |    24 | 0.00 | 1.00 |         9.5 |     8.5 |     9.2 
   adbjc-cbdka-kj | 331776 |     24 |    24 | 0.00 | 1.00 |         8.1 |     7.5 |     6.6 
   ajbdc-ckbad-jk | 331776 |     24 |    24 | 0.00 | 1.00 |         9.2 |     8.0 |     9.3 
 abcijk-ijma-mkbc |   9216 |   4096 |    24 | 0.00 | 0.99 |        84.9 |   105.8 |    87.9 
 abcijk-ijmb-mkac |   6144 |   6144 |    24 | 0.00 | 1.00 |        67.3 |    94.8 |    81.2 
 abcijk-ijmc-mkab |   6144 |   6144 |    24 | 1.00 | 0.75 |        95.8 |    85.6 |    84.0 
 abcijk-ikma-mjbc |   9216 |   4096 |    24 | 0.00 | 0.99 |        86.6 |   105.3 |    88.4 
 abcijk-ikmb-mjac |   6144 |   6144 |    24 | 0.00 | 1.00 |        67.0 |    94.6 |    80.8 
 abcijk-ikmc-mjab |   6144 |   6144 |    24 | 1.00 | 0.75 |        96.3 |    84.6 |    85.6 
 abcijk-jkma-mibc |   9216 |   4096 |    24 | 0.00 | 0.99 |        84.6 |   106.7 |    88.5 
 abcijk-jkmb-miac |   6144 |   6144 |    24 | 0.00 | 1.00 |        67.3 |    98.2 |    79.9 
 abcijk-jkmc-miab |   6144 |   6144 |    24 | 1.00 | 0.75 |        95.0 |    83.7 |    83.9 
 abcijk-eiab-jkec |   6144 |   6144 |    24 | 1.00 | 0.75 |        95.8 |    83.3 |    85.8 
 abcijk-eiac-jkeb |   6144 |   6144 |    24 | 0.00 | 1.00 |        66.8 |    93.8 |    81.3 
 abcijk-eibc-jkea |   4096 |   9216 |    24 | 0.00 | 0.99 |        85.5 |    98.1 |    88.4 
 abcijk-ejab-ikec |   6144 |   6144 |    24 | 1.00 | 0.75 |        96.1 |    83.4 |    85.8 
 abcijk-ejac-ikeb |   6144 |   6144 |    24 | 0.00 | 1.00 |        66.3 |    96.2 |    80.6 
 abcijk-ejbc-ikea |   4096 |   9216 |    24 | 0.00 | 0.99 |        86.2 |   104.8 |    87.9 
 abcijk-ekab-ijec |   6144 |   6144 |    24 | 1.00 | 0.75 |        94.9 |    84.0 |    84.6 
 abcijk-ekac-ijeb |   6144 |   6144 |    24 | 0.00 | 1.00 |        66.8 |    94.0 |    79.8 
 abcijk-ekbc-ijea |   4096 |   9216 |    24 | 0.00 | 0.99 |        86.8 |   105.5 |    87.9 
       abc-bk-akc |    216 |  44064 |   204 | 0.89 | 1.00 |        78.0 |    76.6 |    74.6 

=== complex efficiency ratio (c32 GF/s over f32 GF/s; 1.0 = no penalty) ===
             case | planar c32/f32 | 1m c32/f32 | 3m c32/f32 
------------------+----------------+------------+------------
         ij-ik-kj |          1.023 |      0.974 |      0.954 
       ij-ikl-ljk |          1.413 |      1.389 |      1.311 
       ij-kil-lkj |          1.458 |      1.408 |      1.367 
       ijk-ikl-lj |          1.227 |      1.177 |      1.189 
       ijk-il-jlk |          1.309 |      1.297 |      1.204 
       ijk-ilk-jl |          1.182 |      1.153 |      1.135 
       ijk-ilk-lj |          1.180 |      1.157 |      1.146 
     ijk-ilmk-mjl |          1.284 |      1.244 |      1.102 
   ijkl-imjn-lnkm |          1.047 |      0.997 |      0.985 
   ijkl-imjn-nlmk |          1.081 |      1.043 |      1.031 
   ijkl-imkn-jnlm |          1.057 |      1.073 |      1.010 
   ijkl-imkn-njml |          1.096 |      1.100 |      1.042 
   ijkl-imln-jnkm |          1.046 |      1.056 |      0.984 
   ijkl-imln-njmk |          1.087 |      1.096 |      1.035 
   ijkl-imnj-nlkm |          1.048 |      0.997 |      0.995 
   ijkl-imnk-njml |          1.113 |      1.140 |      1.054 
   ijkl-minj-nlmk |          1.075 |      1.035 |      1.016 
   ijkl-mink-jnlm |          1.062 |      1.066 |      1.013 
   ijkl-minl-njmk |          1.101 |      1.104 |      1.048 
     aqrs-pa-pqrs |          1.407 |      1.416 |      1.395 
     abrs-qb-aqrs |          1.317 |      1.215 |      1.115 
     abcs-rc-abrs |          1.431 |      1.053 |      1.211 
       abj-bka-kj |          1.424 |      1.282 |      1.331 
       ajb-kba-jk |          1.265 |      1.195 |      1.251 
     abjc-cbka-kj |          1.880 |      1.664 |      1.879 
     ajbc-ckba-jk |          2.014 |      1.912 |      2.049 
     abjc-kbac-jk |          1.570 |      1.268 |      1.405 
   abjcd-dkbac-jk |          1.435 |      1.279 |      1.394 
   adbjc-cbdka-kj |          1.673 |      1.554 |      1.361 
   ajbdc-ckbad-jk |          1.510 |      1.311 |      1.533 
 abcijk-ijma-mkbc |          1.630 |      2.031 |      1.687 
 abcijk-ijmb-mkac |          1.631 |      2.297 |      1.967 
 abcijk-ijmc-mkab |          1.608 |      1.437 |      1.411 
 abcijk-ikma-mjbc |          1.659 |      2.017 |      1.693 
 abcijk-ikmb-mjac |          1.636 |      2.310 |      1.974 
 abcijk-ikmc-mjab |          1.590 |      1.396 |      1.412 
 abcijk-jkma-mibc |          1.590 |      2.005 |      1.663 
 abcijk-jkmb-miac |          1.649 |      2.405 |      1.957 
 abcijk-jkmc-miab |          1.601 |      1.411 |      1.415 
 abcijk-eiab-jkec |          1.649 |      1.434 |      1.478 
 abcijk-eiac-jkeb |          1.630 |      2.288 |      1.984 
 abcijk-eibc-jkea |          1.645 |      1.886 |      1.700 
 abcijk-ejab-ikec |          1.622 |      1.408 |      1.447 
 abcijk-ejac-ikeb |          1.626 |      2.361 |      1.977 
 abcijk-ejbc-ikea |          1.644 |      1.999 |      1.677 
 abcijk-ekab-ijec |          1.624 |      1.437 |      1.448 
 abcijk-ekac-ijeb |          1.643 |      2.315 |      1.964 
 abcijk-ekbc-ijea |          1.637 |      1.991 |      1.659 
       abc-bk-akc |          1.178 |      1.157 |      1.127 
             MEAN |          1.414 |      1.474 |      1.392 

wrote bench-results/ccqlin038-blocking/bl-kc64-f32c32.csv
