host        : ccqlin038.flatironinstitute.org
target      : x86_64 / linux
cpu features: avx2 fma avx512f avx512dq 
caches      : L1=32KiB/8-way/2sh L2=1024KiB/16-way/2sh L3=25344KiB/11-way/16sh (via sysfs), blocking=legacy
baselines   : tblis=false blas=false

sweeping 49 cases at 64 MiB nominal tensor size, 3 reps, stress=none


=== f32 ===
             case |      m |      n |     k | regA | regB | planar GF/s | 1m GF/s | 3m GF/s 
------------------+--------+--------+-------+------+------+-------------+---------+---------
         ij-ik-kj |   2904 |   2896 |  2904 | 1.00 | 1.00 |       119.8 |   119.8 |   119.8 
       ij-ikl-ljk |    216 |    204 | 44064 | 1.00 | 1.00 |        51.3 |    51.3 |    51.3 
       ij-kil-lkj |    216 |    204 | 46656 | 1.00 | 1.00 |        51.9 |    51.9 |    51.9 
       ijk-ikl-lj |  44064 |    204 |   216 | 1.00 | 1.00 |        92.6 |    92.6 |    92.6 
       ijk-il-jlk |    216 |  44064 |   204 | 1.00 | 1.00 |        82.7 |    82.7 |    82.7 
       ijk-ilk-jl |  44064 |    216 |   204 | 0.89 | 1.00 |        99.6 |    99.6 |    99.6 
       ijk-ilk-lj |  44064 |    204 |   216 | 0.89 | 1.00 |       101.6 |   101.6 |   101.6 
     ijk-ilmk-mjl |   3744 |     52 |  3744 | 0.67 | 1.00 |        70.9 |    70.9 |    70.9 
   ijkl-imjn-lnkm |   3744 |   3744 |  2704 | 0.67 | 0.92 |       115.0 |   115.0 |   115.0 
   ijkl-imjn-nlmk |   3744 |   2704 |  3744 | 0.67 | 0.92 |       115.5 |   115.5 |   115.5 
   ijkl-imkn-jnlm |   3744 |   3744 |  2704 | 0.67 | 1.00 |       116.0 |   116.0 |   116.0 
   ijkl-imkn-njml |   3744 |   2704 |  3744 | 0.67 | 0.92 |       110.2 |   110.2 |   110.2 
   ijkl-imln-jnkm |   3744 |   3744 |  2704 | 0.67 | 1.00 |       116.2 |   116.2 |   116.2 
   ijkl-imln-njmk |   3744 |   2704 |  3744 | 0.67 | 0.92 |       113.5 |   113.5 |   113.5 
   ijkl-imnj-nlkm |   3744 |   2704 |  3744 | 0.67 | 0.92 |       113.5 |   113.5 |   113.5 
   ijkl-imnk-njml |   3744 |   2704 |  3744 | 0.67 | 0.92 |       110.8 |   110.8 |   110.8 
   ijkl-minj-nlmk |   3744 |   2704 |  5184 | 0.67 | 0.92 |       109.1 |   109.1 |   109.1 
   ijkl-mink-jnlm |   3744 |   3744 |  3744 | 0.67 | 1.00 |       112.3 |   112.3 |   112.3 
   ijkl-minl-njmk |   3744 |   2704 |  5184 | 0.67 | 0.92 |       107.7 |   107.7 |   107.7 
     aqrs-pa-pqrs |     72 | 140608 |    72 | 1.00 | 1.00 |        56.1 |    56.1 |    56.1 
     abrs-qb-aqrs |     52 | 194688 |    72 | 0.67 | 1.00 |        67.4 |    67.4 |    67.4 
     abcs-rc-abrs |     52 | 194688 |    72 | 1.00 | 1.00 |        58.5 |    58.5 |    58.5 
       abj-bka-kj |  46656 |    204 |   216 | 0.89 | 1.00 |        57.6 |    57.6 |    57.6 
       ajb-kba-jk |  44064 |    216 |   216 | 0.89 | 1.00 |        86.0 |    86.0 |    86.0 
     abjc-cbka-kj | 269568 |     52 |    72 | 0.67 | 1.00 |        14.5 |    14.5 |    14.5 
     ajbc-ckba-jk | 269568 |     72 |    52 | 0.67 | 1.00 |        25.4 |    25.4 |    25.4 
     abjc-kbac-jk | 194688 |     72 |    72 | 0.67 | 1.00 |        61.9 |    61.9 |    61.9 
   abjcd-dkbac-jk | 331776 |     24 |    24 | 0.00 | 1.00 |         6.5 |     6.5 |     6.5 
   adbjc-cbdka-kj | 331776 |     24 |    24 | 0.00 | 1.00 |         4.8 |     4.8 |     4.8 
   ajbdc-ckbad-jk | 331776 |     24 |    24 | 0.00 | 1.00 |         6.4 |     6.4 |     6.4 
 abcijk-ijma-mkbc |   9216 |   4096 |    24 | 0.00 | 1.00 |        52.5 |    52.5 |    52.5 
 abcijk-ijmb-mkac |   6144 |   6144 |    24 | 0.00 | 1.00 |        40.5 |    40.5 |    40.5 
 abcijk-ijmc-mkab |   6144 |   6144 |    24 | 1.00 | 1.00 |        60.2 |    60.2 |    60.2 
 abcijk-ikma-mjbc |   9216 |   4096 |    24 | 0.00 | 1.00 |        51.3 |    51.3 |    51.3 
 abcijk-ikmb-mjac |   6144 |   6144 |    24 | 0.00 | 1.00 |        39.9 |    39.9 |    39.9 
 abcijk-ikmc-mjab |   6144 |   6144 |    24 | 1.00 | 1.00 |        60.2 |    60.2 |    60.2 
 abcijk-jkma-mibc |   9216 |   4096 |    24 | 0.00 | 1.00 |        52.2 |    52.2 |    52.2 
 abcijk-jkmb-miac |   6144 |   6144 |    24 | 0.00 | 1.00 |        40.6 |    40.6 |    40.6 
 abcijk-jkmc-miab |   6144 |   6144 |    24 | 1.00 | 1.00 |        60.4 |    60.4 |    60.4 
 abcijk-eiab-jkec |   6144 |   6144 |    24 | 1.00 | 1.00 |        60.5 |    60.5 |    60.5 
 abcijk-eiac-jkeb |   6144 |   6144 |    24 | 0.00 | 1.00 |        40.3 |    40.3 |    40.3 
 abcijk-eibc-jkea |   4096 |   9216 |    24 | 0.00 | 1.00 |        52.6 |    52.6 |    52.6 
 abcijk-ejab-ikec |   6144 |   6144 |    24 | 1.00 | 1.00 |        60.2 |    60.2 |    60.2 
 abcijk-ejac-ikeb |   6144 |   6144 |    24 | 0.00 | 1.00 |        40.6 |    40.6 |    40.6 
 abcijk-ejbc-ikea |   4096 |   9216 |    24 | 0.00 | 1.00 |        51.9 |    51.9 |    51.9 
 abcijk-ekab-ijec |   6144 |   6144 |    24 | 1.00 | 1.00 |        60.5 |    60.5 |    60.5 
 abcijk-ekac-ijeb |   6144 |   6144 |    24 | 0.00 | 1.00 |        40.6 |    40.6 |    40.6 
 abcijk-ekbc-ijea |   4096 |   9216 |    24 | 0.00 | 1.00 |        50.9 |    50.9 |    50.9 
       abc-bk-akc |    216 |  44064 |   204 | 0.89 | 1.00 |        97.4 |    97.4 |    97.4 

=== c32 ===
             case |      m |      n |     k | regA | regB | planar GF/s | 1m GF/s | 3m GF/s 
------------------+--------+--------+-------+------+------+-------------+---------+---------
         ij-ik-kj |   2904 |   2896 |  2904 | 1.00 | 1.00 |       123.9 |   118.2 |   112.2 
       ij-ikl-ljk |    216 |    204 | 44064 | 1.00 | 1.00 |        78.6 |    78.2 |    72.1 
       ij-kil-lkj |    216 |    204 | 46656 | 1.00 | 1.00 |        83.8 |    81.1 |    77.0 
       ijk-ikl-lj |  44064 |    204 |   216 | 1.00 | 1.00 |       114.9 |   109.2 |   105.6 
       ijk-il-jlk |    216 |  44064 |   204 | 1.00 | 1.00 |       116.0 |   114.8 |   107.1 
       ijk-ilk-jl |  44064 |    216 |   204 | 0.89 | 1.00 |       119.0 |   115.8 |   111.4 
       ijk-ilk-lj |  44064 |    204 |   216 | 0.89 | 1.00 |       117.7 |   116.7 |   112.1 
     ijk-ilmk-mjl |   3744 |     52 |  3744 | 0.67 | 1.00 |        88.8 |    84.4 |    73.5 
   ijkl-imjn-lnkm |   3744 |   3744 |  2704 | 0.67 | 0.92 |       119.9 |   117.6 |   110.7 
   ijkl-imjn-nlmk |   3744 |   2704 |  3744 | 0.67 | 0.92 |       120.7 |   117.4 |   111.0 
   ijkl-imkn-jnlm |   3744 |   3744 |  2704 | 0.67 | 1.00 |       119.5 |   121.2 |   110.6 
   ijkl-imkn-njml |   3744 |   2704 |  3744 | 0.67 | 0.92 |       119.9 |   121.1 |   110.2 
   ijkl-imln-jnkm |   3744 |   3744 |  2704 | 0.67 | 1.00 |       121.1 |   122.4 |   111.6 
   ijkl-imln-njmk |   3744 |   2704 |  3744 | 0.67 | 0.92 |       120.3 |   121.7 |   110.8 
   ijkl-imnj-nlkm |   3744 |   2704 |  3744 | 0.67 | 0.92 |       120.1 |   117.8 |   110.9 
   ijkl-imnk-njml |   3744 |   2704 |  3744 | 0.67 | 0.92 |       119.4 |   120.9 |   110.9 
   ijkl-minj-nlmk |   3744 |   2704 |  5184 | 0.67 | 0.92 |       118.3 |   114.7 |   110.5 
   ijkl-mink-jnlm |   3744 |   3744 |  3744 | 0.67 | 1.00 |       120.3 |   120.4 |   111.7 
   ijkl-minl-njmk |   3744 |   2704 |  5184 | 0.67 | 0.92 |       119.1 |   119.8 |   110.2 
     aqrs-pa-pqrs |     72 | 140608 |    72 | 1.00 | 1.00 |        82.8 |    81.4 |    88.8 
     abrs-qb-aqrs |     52 | 194688 |    72 | 0.67 | 1.00 |        94.2 |    88.3 |    82.2 
     abcs-rc-abrs |     52 | 194688 |    72 | 1.00 | 1.00 |        96.3 |    70.5 |    76.6 
       abj-bka-kj |  46656 |    204 |   216 | 0.89 | 1.00 |        96.5 |    90.0 |    89.8 
       ajb-kba-jk |  44064 |    216 |   216 | 0.89 | 1.00 |       112.4 |   106.8 |   110.7 
     abjc-cbka-kj | 269568 |     52 |    72 | 0.67 | 1.00 |        28.5 |    25.0 |    28.1 
     ajbc-ckba-jk | 269568 |     72 |    52 | 0.67 | 1.00 |        51.0 |    48.5 |    51.6 
     abjc-kbac-jk | 194688 |     72 |    72 | 0.67 | 1.00 |       102.9 |    83.1 |    88.7 
   abjcd-dkbac-jk | 331776 |     24 |    24 | 0.00 | 1.00 |         9.7 |     8.6 |     9.3 
   adbjc-cbdka-kj | 331776 |     24 |    24 | 0.00 | 1.00 |         8.3 |     7.6 |     6.6 
   ajbdc-ckbad-jk | 331776 |     24 |    24 | 0.00 | 1.00 |         9.4 |     8.1 |     9.3 
 abcijk-ijma-mkbc |   9216 |   4096 |    24 | 0.00 | 0.99 |        82.4 |   103.6 |    87.9 
 abcijk-ijmb-mkac |   6144 |   6144 |    24 | 0.00 | 1.00 |        67.3 |    93.7 |    80.9 
 abcijk-ijmc-mkab |   6144 |   6144 |    24 | 1.00 | 0.75 |        94.3 |    84.6 |    84.7 
 abcijk-ikma-mjbc |   9216 |   4096 |    24 | 0.00 | 0.99 |        85.9 |   106.2 |    88.0 
 abcijk-ikmb-mjac |   6144 |   6144 |    24 | 0.00 | 1.00 |        67.3 |    95.2 |    81.1 
 abcijk-ikmc-mjab |   6144 |   6144 |    24 | 1.00 | 0.75 |        96.2 |    83.8 |    83.4 
 abcijk-jkma-mibc |   9216 |   4096 |    24 | 0.00 | 0.99 |        85.7 |   104.6 |    87.8 
 abcijk-jkmb-miac |   6144 |   6144 |    24 | 0.00 | 1.00 |        66.6 |    94.3 |    81.2 
 abcijk-jkmc-miab |   6144 |   6144 |    24 | 1.00 | 0.75 |        96.1 |    84.4 |    84.1 
 abcijk-eiab-jkec |   6144 |   6144 |    24 | 1.00 | 0.75 |        92.3 |    84.3 |    85.1 
 abcijk-eiac-jkeb |   6144 |   6144 |    24 | 0.00 | 1.00 |        66.7 |    95.2 |    80.5 
 abcijk-eibc-jkea |   4096 |   9216 |    24 | 0.00 | 0.99 |        85.1 |   101.8 |    84.4 
 abcijk-ejab-ikec |   6144 |   6144 |    24 | 1.00 | 0.75 |        95.6 |    84.0 |    84.7 
 abcijk-ejac-ikeb |   6144 |   6144 |    24 | 0.00 | 1.00 |        66.8 |    92.4 |    80.7 
 abcijk-ejbc-ikea |   4096 |   9216 |    24 | 0.00 | 0.99 |        86.3 |   103.8 |    87.4 
 abcijk-ekab-ijec |   6144 |   6144 |    24 | 1.00 | 0.75 |        92.6 |    84.2 |    84.0 
 abcijk-ekac-ijeb |   6144 |   6144 |    24 | 0.00 | 1.00 |        66.5 |    93.3 |    79.7 
 abcijk-ekbc-ijea |   4096 |   9216 |    24 | 0.00 | 0.99 |        86.5 |   102.8 |    86.8 
       abc-bk-akc |    216 |  44064 |   204 | 0.89 | 1.00 |       116.1 |   112.6 |   110.8 

=== complex efficiency ratio (c32 GF/s over f32 GF/s; 1.0 = no penalty) ===
             case | planar c32/f32 | 1m c32/f32 | 3m c32/f32 
------------------+----------------+------------+------------
         ij-ik-kj |          1.035 |      0.987 |      0.937 
       ij-ikl-ljk |          1.531 |      1.523 |      1.404 
       ij-kil-lkj |          1.614 |      1.563 |      1.483 
       ijk-ikl-lj |          1.241 |      1.179 |      1.140 
       ijk-il-jlk |          1.402 |      1.387 |      1.295 
       ijk-ilk-jl |          1.194 |      1.162 |      1.118 
       ijk-ilk-lj |          1.158 |      1.149 |      1.103 
     ijk-ilmk-mjl |          1.253 |      1.191 |      1.038 
   ijkl-imjn-lnkm |          1.042 |      1.022 |      0.963 
   ijkl-imjn-nlmk |          1.045 |      1.017 |      0.961 
   ijkl-imkn-jnlm |          1.030 |      1.046 |      0.954 
   ijkl-imkn-njml |          1.087 |      1.098 |      1.000 
   ijkl-imln-jnkm |          1.043 |      1.054 |      0.961 
   ijkl-imln-njmk |          1.060 |      1.072 |      0.976 
   ijkl-imnj-nlkm |          1.058 |      1.037 |      0.977 
   ijkl-imnk-njml |          1.078 |      1.092 |      1.001 
   ijkl-minj-nlmk |          1.084 |      1.052 |      1.012 
   ijkl-mink-jnlm |          1.071 |      1.072 |      0.995 
   ijkl-minl-njmk |          1.106 |      1.113 |      1.023 
     aqrs-pa-pqrs |          1.475 |      1.449 |      1.582 
     abrs-qb-aqrs |          1.399 |      1.310 |      1.220 
     abcs-rc-abrs |          1.646 |      1.206 |      1.311 
       abj-bka-kj |          1.677 |      1.564 |      1.560 
       ajb-kba-jk |          1.306 |      1.241 |      1.287 
     abjc-cbka-kj |          1.964 |      1.721 |      1.931 
     ajbc-ckba-jk |          2.008 |      1.907 |      2.028 
     abjc-kbac-jk |          1.663 |      1.343 |      1.433 
   abjcd-dkbac-jk |          1.503 |      1.324 |      1.442 
   adbjc-cbdka-kj |          1.735 |      1.584 |      1.390 
   ajbdc-ckbad-jk |          1.460 |      1.265 |      1.446 
 abcijk-ijma-mkbc |          1.569 |      1.973 |      1.674 
 abcijk-ijmb-mkac |          1.663 |      2.314 |      1.999 
 abcijk-ijmc-mkab |          1.567 |      1.405 |      1.406 
 abcijk-ikma-mjbc |          1.674 |      2.070 |      1.716 
 abcijk-ikmb-mjac |          1.687 |      2.385 |      2.032 
 abcijk-ikmc-mjab |          1.600 |      1.393 |      1.386 
 abcijk-jkma-mibc |          1.641 |      2.002 |      1.680 
 abcijk-jkmb-miac |          1.640 |      2.324 |      2.001 
 abcijk-jkmc-miab |          1.589 |      1.396 |      1.392 
 abcijk-eiab-jkec |          1.526 |      1.394 |      1.407 
 abcijk-eiac-jkeb |          1.654 |      2.361 |      1.995 
 abcijk-eibc-jkea |          1.616 |      1.933 |      1.604 
 abcijk-ejab-ikec |          1.587 |      1.394 |      1.406 
 abcijk-ejac-ikeb |          1.643 |      2.273 |      1.985 
 abcijk-ejbc-ikea |          1.662 |      2.000 |      1.683 
 abcijk-ekab-ijec |          1.532 |      1.393 |      1.389 
 abcijk-ekac-ijeb |          1.637 |      2.295 |      1.961 
 abcijk-ekbc-ijea |          1.698 |      2.018 |      1.704 
       abc-bk-akc |          1.191 |      1.156 |      1.137 
             MEAN |          1.436 |      1.494 |      1.399 

wrote bench-results/ccqlin038-blocking/bl-kc128-f32c32.csv
