host        : ccqlin038.flatironinstitute.org
target      : x86_64 / linux
cpu features: avx2 fma avx512f avx512dq 
caches      : L1=32KiB/8-way/2sh L2=1024KiB/16-way/2sh L3=25344KiB/11-way/16sh (via sysfs), blocking=legacy
baselines   : tblis=false blas=false

sweeping 49 cases at 64 MiB nominal tensor size, 3 reps, stress=none


=== f64 ===
             case |      m |      n |     k | regA | regB | planar GF/s | 1m GF/s | 3m GF/s 
------------------+--------+--------+-------+------+------+-------------+---------+---------
         ij-ik-kj |   2904 |   2896 |  2904 | 1.00 | 1.00 |        71.7 |    71.7 |    71.7 
       ij-ikl-ljk |    216 |    204 | 44064 | 1.00 | 1.00 |        36.2 |    36.2 |    36.2 
       ij-kil-lkj |    216 |    204 | 46656 | 1.00 | 1.00 |        39.0 |    39.0 |    39.0 
       ijk-ikl-lj |  44064 |    204 |   216 | 1.00 | 1.00 |        60.7 |    60.7 |    60.7 
       ijk-il-jlk |    216 |  44064 |   204 | 1.00 | 1.00 |        47.3 |    47.3 |    47.3 
       ijk-ilk-jl |  44064 |    216 |   204 | 1.00 | 1.00 |        62.6 |    62.6 |    62.6 
       ijk-ilk-lj |  44064 |    204 |   216 | 1.00 | 1.00 |        59.9 |    59.9 |    59.9 
     ijk-ilmk-mjl |   3744 |     52 |  3744 | 1.00 | 1.00 |        37.3 |    37.3 |    37.3 
   ijkl-imjn-lnkm |   3744 |   3744 |  2704 | 1.00 | 0.92 |        67.2 |    67.2 |    67.2 
   ijkl-imjn-nlmk |   3744 |   2704 |  3744 | 1.00 | 0.92 |        68.7 |    68.7 |    68.7 
   ijkl-imkn-jnlm |   3744 |   3744 |  2704 | 1.00 | 1.00 |        68.1 |    68.1 |    68.1 
   ijkl-imkn-njml |   3744 |   2704 |  3744 | 1.00 | 0.92 |        69.2 |    69.2 |    69.2 
   ijkl-imln-jnkm |   3744 |   3744 |  2704 | 1.00 | 1.00 |        67.6 |    67.6 |    67.6 
   ijkl-imln-njmk |   3744 |   2704 |  3744 | 1.00 | 0.92 |        68.4 |    68.4 |    68.4 
   ijkl-imnj-nlkm |   3744 |   2704 |  3744 | 1.00 | 0.92 |        68.1 |    68.1 |    68.1 
   ijkl-imnk-njml |   3744 |   2704 |  3744 | 1.00 | 0.92 |        68.9 |    68.9 |    68.9 
   ijkl-minj-nlmk |   3744 |   2704 |  5184 | 1.00 | 0.92 |        67.2 |    67.2 |    67.2 
   ijkl-mink-jnlm |   3744 |   3744 |  3744 | 1.00 | 1.00 |        68.6 |    68.6 |    68.6 
   ijkl-minl-njmk |   3744 |   2704 |  5184 | 1.00 | 0.92 |        67.7 |    67.7 |    67.7 
     aqrs-pa-pqrs |     72 | 140608 |    72 | 1.00 | 1.00 |        33.2 |    33.2 |    33.2 
     abrs-qb-aqrs |     52 | 194688 |    72 | 1.00 | 1.00 |        37.2 |    37.2 |    37.2 
     abcs-rc-abrs |     52 | 194688 |    72 | 1.00 | 1.00 |        29.7 |    29.7 |    29.7 
       abj-bka-kj |  46656 |    204 |   216 | 1.00 | 1.00 |        41.6 |    41.6 |    41.6 
       ajb-kba-jk |  44064 |    216 |   216 | 1.00 | 1.00 |        63.3 |    63.3 |    63.3 
     abjc-cbka-kj | 269568 |     52 |    72 | 1.00 | 1.00 |         8.6 |     8.6 |     8.6 
     ajbc-ckba-jk | 269568 |     72 |    52 | 1.00 | 1.00 |        16.5 |    16.5 |    16.5 
     abjc-kbac-jk | 194688 |     72 |    72 | 1.00 | 1.00 |        35.2 |    35.2 |    35.2 
   abjcd-dkbac-jk | 331776 |     24 |    24 | 1.00 | 1.00 |         2.7 |     2.7 |     2.7 
   adbjc-cbdka-kj | 331776 |     24 |    24 | 1.00 | 1.00 |         1.5 |     1.5 |     1.5 
   ajbdc-ckbad-jk | 331776 |     24 |    24 | 1.00 | 1.00 |         2.8 |     2.8 |     2.8 
 abcijk-ijma-mkbc |   9216 |   4096 |    24 | 1.00 | 1.00 |        36.4 |    36.4 |    36.4 
 abcijk-ijmb-mkac |   6144 |   6144 |    24 | 1.00 | 1.00 |        33.0 |    33.0 |    33.0 
 abcijk-ijmc-mkab |   6144 |   6144 |    24 | 1.00 | 1.00 |        27.7 |    27.7 |    27.7 
 abcijk-ikma-mjbc |   9216 |   4096 |    24 | 1.00 | 1.00 |        36.6 |    36.6 |    36.6 
 abcijk-ikmb-mjac |   6144 |   6144 |    24 | 1.00 | 1.00 |        33.1 |    33.1 |    33.1 
 abcijk-ikmc-mjab |   6144 |   6144 |    24 | 1.00 | 1.00 |        27.9 |    27.9 |    27.9 
 abcijk-jkma-mibc |   9216 |   4096 |    24 | 1.00 | 1.00 |        36.6 |    36.6 |    36.6 
 abcijk-jkmb-miac |   6144 |   6144 |    24 | 1.00 | 1.00 |        32.9 |    32.9 |    32.9 
 abcijk-jkmc-miab |   6144 |   6144 |    24 | 1.00 | 1.00 |        28.2 |    28.2 |    28.2 
 abcijk-eiab-jkec |   6144 |   6144 |    24 | 1.00 | 1.00 |        28.6 |    28.6 |    28.6 
 abcijk-eiac-jkeb |   6144 |   6144 |    24 | 1.00 | 1.00 |        32.5 |    32.5 |    32.5 
 abcijk-eibc-jkea |   4096 |   9216 |    24 | 1.00 | 1.00 |        35.8 |    35.8 |    35.8 
 abcijk-ejab-ikec |   6144 |   6144 |    24 | 1.00 | 1.00 |        27.6 |    27.6 |    27.6 
 abcijk-ejac-ikeb |   6144 |   6144 |    24 | 1.00 | 1.00 |        32.2 |    32.2 |    32.2 
 abcijk-ejbc-ikea |   4096 |   9216 |    24 | 1.00 | 1.00 |        36.6 |    36.6 |    36.6 
 abcijk-ekab-ijec |   6144 |   6144 |    24 | 1.00 | 1.00 |        27.5 |    27.5 |    27.5 
 abcijk-ekac-ijeb |   6144 |   6144 |    24 | 1.00 | 1.00 |        32.6 |    32.6 |    32.6 
 abcijk-ekbc-ijea |   4096 |   9216 |    24 | 1.00 | 1.00 |        36.2 |    36.2 |    36.2 
       abc-bk-akc |    216 |  44064 |   204 | 1.00 | 1.00 |        62.6 |    62.6 |    62.6 

=== c64 ===
             case |      m |      n |     k | regA | regB | planar GF/s | 1m GF/s | 3m GF/s 
------------------+--------+--------+-------+------+------+-------------+---------+---------
         ij-ik-kj |   2904 |   2896 |  2904 | 1.00 | 1.00 |        81.4 |    66.4 |    68.7 
       ij-ikl-ljk |    216 |    204 | 44064 | 1.00 | 1.00 |        53.4 |    43.6 |    44.1 
       ij-kil-lkj |    216 |    204 | 46656 | 1.00 | 1.00 |        57.8 |    47.7 |    48.7 
       ijk-ikl-lj |  44064 |    204 |   216 | 1.00 | 1.00 |        80.6 |    71.2 |    68.9 
       ijk-il-jlk |    216 |  44064 |   204 | 1.00 | 1.00 |        71.9 |    68.7 |    68.3 
       ijk-ilk-jl |  44064 |    216 |   204 | 0.96 | 1.00 |        79.4 |    69.0 |    69.0 
       ijk-ilk-lj |  44064 |    204 |   216 | 0.96 | 1.00 |        79.8 |    69.2 |    68.7 
     ijk-ilmk-mjl |   3744 |     52 |  3744 | 0.89 | 1.00 |        54.9 |    42.4 |    44.2 
   ijkl-imjn-lnkm |   3744 |   3744 |  2704 | 0.89 | 0.92 |        80.8 |    65.6 |    67.7 
   ijkl-imjn-nlmk |   3744 |   2704 |  3744 | 0.89 | 0.92 |        81.2 |    66.4 |    69.3 
   ijkl-imkn-jnlm |   3744 |   3744 |  2704 | 0.89 | 1.00 |        79.3 |    65.8 |    67.8 
   ijkl-imkn-njml |   3744 |   2704 |  3744 | 0.89 | 0.92 |        79.8 |    65.9 |    68.6 
   ijkl-imln-jnkm |   3744 |   3744 |  2704 | 0.89 | 1.00 |        78.7 |    65.1 |    67.5 
   ijkl-imln-njmk |   3744 |   2704 |  3744 | 0.89 | 0.92 |        79.3 |    66.2 |    68.6 
   ijkl-imnj-nlkm |   3744 |   2704 |  3744 | 0.89 | 0.92 |        81.0 |    65.9 |    69.6 
   ijkl-imnk-njml |   3744 |   2704 |  3744 | 0.89 | 0.92 |        79.7 |    66.4 |    68.6 
   ijkl-minj-nlmk |   3744 |   2704 |  5184 | 0.89 | 0.92 |        81.8 |    64.8 |    68.4 
   ijkl-mink-jnlm |   3744 |   3744 |  3744 | 0.89 | 1.00 |        80.7 |    66.1 |    69.0 
   ijkl-minl-njmk |   3744 |   2704 |  5184 | 0.89 | 0.92 |        79.4 |    65.3 |    68.1 
     aqrs-pa-pqrs |     72 | 140608 |    72 | 1.00 | 1.00 |        49.3 |    52.3 |    49.8 
     abrs-qb-aqrs |     52 | 194688 |    72 | 0.89 | 1.00 |        51.0 |    46.5 |    48.4 
     abcs-rc-abrs |     52 | 194688 |    72 | 1.00 | 1.00 |        45.4 |    38.5 |    39.9 
       abj-bka-kj |  46656 |    204 |   216 | 0.96 | 1.00 |        63.0 |    54.4 |    56.3 
       ajb-kba-jk |  44064 |    216 |   216 | 0.96 | 1.00 |        82.9 |    79.5 |    77.6 
     abjc-cbka-kj | 269568 |     52 |    72 | 0.89 | 1.00 |        13.9 |    11.8 |    15.4 
     ajbc-ckba-jk | 269568 |     72 |    52 | 0.89 | 1.00 |        25.7 |    24.1 |    27.2 
     abjc-kbac-jk | 194688 |     72 |    72 | 0.89 | 1.00 |        57.8 |    52.4 |    52.6 
   abjcd-dkbac-jk | 331776 |     24 |    24 | 0.67 | 1.00 |         7.1 |     6.2 |     7.9 
   adbjc-cbdka-kj | 331776 |     24 |    24 | 0.67 | 1.00 |         4.1 |     3.5 |     3.5 
   ajbdc-ckbad-jk | 331776 |     24 |    24 | 1.00 | 1.00 |         6.4 |     6.4 |     7.9 
 abcijk-ijma-mkbc |   9216 |   4096 |    24 | 1.00 | 0.99 |        51.8 |    46.9 |    43.1 
 abcijk-ijmb-mkac |   6144 |   6144 |    24 | 1.00 | 0.88 |        49.9 |    46.2 |    45.4 
 abcijk-ijmc-mkab |   6144 |   6144 |    24 | 1.00 | 0.75 |        49.9 |    45.4 |    44.3 
 abcijk-ikma-mjbc |   9216 |   4096 |    24 | 1.00 | 0.99 |        52.2 |    46.6 |    42.7 
 abcijk-ikmb-mjac |   6144 |   6144 |    24 | 1.00 | 0.88 |        50.6 |    46.4 |    44.8 
 abcijk-ikmc-mjab |   6144 |   6144 |    24 | 1.00 | 0.75 |        49.0 |    45.7 |    44.9 
 abcijk-jkma-mibc |   9216 |   4096 |    24 | 1.00 | 0.99 |        51.2 |    46.1 |    43.1 
 abcijk-jkmb-miac |   6144 |   6144 |    24 | 1.00 | 0.88 |        50.8 |    46.1 |    45.2 
 abcijk-jkmc-miab |   6144 |   6144 |    24 | 1.00 | 0.75 |        49.0 |    45.5 |    45.2 
 abcijk-eiab-jkec |   6144 |   6144 |    24 | 1.00 | 0.75 |        49.4 |    45.3 |    45.1 
 abcijk-eiac-jkeb |   6144 |   6144 |    24 | 1.00 | 0.88 |        50.5 |    45.9 |    45.0 
 abcijk-eibc-jkea |   4096 |   9216 |    24 | 1.00 | 0.99 |        51.3 |    45.2 |    42.8 
 abcijk-ejab-ikec |   6144 |   6144 |    24 | 1.00 | 0.75 |        49.5 |    45.3 |    45.2 
 abcijk-ejac-ikeb |   6144 |   6144 |    24 | 1.00 | 0.88 |        50.2 |    45.4 |    44.7 
 abcijk-ejbc-ikea |   4096 |   9216 |    24 | 1.00 | 0.99 |        52.3 |    45.7 |    42.6 
 abcijk-ekab-ijec |   6144 |   6144 |    24 | 1.00 | 0.75 |        50.0 |    45.5 |    45.2 
 abcijk-ekac-ijeb |   6144 |   6144 |    24 | 1.00 | 0.88 |        50.3 |    45.3 |    44.2 
 abcijk-ekbc-ijea |   4096 |   9216 |    24 | 1.00 | 0.99 |        51.8 |    47.2 |    42.9 
       abc-bk-akc |    216 |  44064 |   204 | 0.96 | 1.00 |        76.6 |    68.0 |    69.7 

=== complex efficiency ratio (c64 GF/s over f64 GF/s; 1.0 = no penalty) ===
             case | planar c64/f64 | 1m c64/f64 | 3m c64/f64 
------------------+----------------+------------+------------
         ij-ik-kj |          1.135 |      0.926 |      0.958 
       ij-ikl-ljk |          1.475 |      1.204 |      1.218 
       ij-kil-lkj |          1.483 |      1.223 |      1.250 
       ijk-ikl-lj |          1.326 |      1.172 |      1.135 
       ijk-il-jlk |          1.520 |      1.453 |      1.444 
       ijk-ilk-jl |          1.268 |      1.101 |      1.101 
       ijk-ilk-lj |          1.333 |      1.157 |      1.147 
     ijk-ilmk-mjl |          1.473 |      1.136 |      1.186 
   ijkl-imjn-lnkm |          1.203 |      0.977 |      1.008 
   ijkl-imjn-nlmk |          1.182 |      0.965 |      1.009 
   ijkl-imkn-jnlm |          1.164 |      0.967 |      0.996 
   ijkl-imkn-njml |          1.153 |      0.952 |      0.991 
   ijkl-imln-jnkm |          1.164 |      0.962 |      0.999 
   ijkl-imln-njmk |          1.158 |      0.967 |      1.002 
   ijkl-imnj-nlkm |          1.190 |      0.968 |      1.022 
   ijkl-imnk-njml |          1.156 |      0.964 |      0.995 
   ijkl-minj-nlmk |          1.217 |      0.963 |      1.018 
   ijkl-mink-jnlm |          1.177 |      0.964 |      1.007 
   ijkl-minl-njmk |          1.174 |      0.965 |      1.006 
     aqrs-pa-pqrs |          1.486 |      1.575 |      1.501 
     abrs-qb-aqrs |          1.369 |      1.249 |      1.298 
     abcs-rc-abrs |          1.528 |      1.295 |      1.340 
       abj-bka-kj |          1.513 |      1.308 |      1.352 
       ajb-kba-jk |          1.310 |      1.256 |      1.227 
     abjc-cbka-kj |          1.623 |      1.375 |      1.804 
     ajbc-ckba-jk |          1.558 |      1.459 |      1.645 
     abjc-kbac-jk |          1.641 |      1.488 |      1.493 
   abjcd-dkbac-jk |          2.686 |      2.328 |      2.964 
   adbjc-cbdka-kj |          2.625 |      2.250 |      2.261 
   ajbdc-ckbad-jk |          2.303 |      2.309 |      2.868 
 abcijk-ijma-mkbc |          1.424 |      1.289 |      1.183 
 abcijk-ijmb-mkac |          1.515 |      1.401 |      1.376 
 abcijk-ijmc-mkab |          1.802 |      1.640 |      1.598 
 abcijk-ikma-mjbc |          1.426 |      1.273 |      1.166 
 abcijk-ikmb-mjac |          1.531 |      1.404 |      1.356 
 abcijk-ikmc-mjab |          1.760 |      1.639 |      1.610 
 abcijk-jkma-mibc |          1.401 |      1.262 |      1.180 
 abcijk-jkmb-miac |          1.546 |      1.402 |      1.375 
 abcijk-jkmc-miab |          1.735 |      1.612 |      1.599 
 abcijk-eiab-jkec |          1.726 |      1.583 |      1.575 
 abcijk-eiac-jkeb |          1.552 |      1.412 |      1.384 
 abcijk-eibc-jkea |          1.432 |      1.262 |      1.195 
 abcijk-ejab-ikec |          1.794 |      1.644 |      1.641 
 abcijk-ejac-ikeb |          1.562 |      1.412 |      1.390 
 abcijk-ejbc-ikea |          1.429 |      1.249 |      1.162 
 abcijk-ekab-ijec |          1.817 |      1.653 |      1.643 
 abcijk-ekac-ijeb |          1.542 |      1.390 |      1.355 
 abcijk-ekbc-ijea |          1.432 |      1.306 |      1.185 
       abc-bk-akc |          1.224 |      1.086 |      1.113 
             MEAN |          1.495 |      1.322 |      1.354 

wrote bench-results/ccqlin038-blocking/bl-kc384-f64c64.csv
