host        : ccqlin038.flatironinstitute.org
target      : x86_64 / linux
cpu features: avx2 fma avx512f avx512dq 
caches      : L1=32KiB/8-way/2sh L2=1024KiB/16-way/2sh L3=25344KiB/11-way/16sh (via sysfs), blocking=legacy
baselines   : tblis=false blas=false

sweeping 49 cases at 64 MiB nominal tensor size, 3 reps, stress=none


=== f64 ===
             case |      m |      n |     k | regA | regB | planar GF/s | 1m GF/s | 3m GF/s 
------------------+--------+--------+-------+------+------+-------------+---------+---------
         ij-ik-kj |   2904 |   2896 |  2904 | 1.00 | 1.00 |        44.5 |    44.5 |    44.5 
       ij-ikl-ljk |    216 |    204 | 44064 | 1.00 | 1.00 |        32.5 |    32.5 |    32.5 
       ij-kil-lkj |    216 |    204 | 46656 | 1.00 | 1.00 |        38.1 |    38.1 |    38.1 
       ijk-ikl-lj |  44064 |    204 |   216 | 1.00 | 1.00 |        37.3 |    37.3 |    37.3 
       ijk-il-jlk |    216 |  44064 |   204 | 1.00 | 1.00 |        47.3 |    47.3 |    47.3 
       ijk-ilk-jl |  44064 |    216 |   204 | 1.00 | 1.00 |        40.3 |    40.3 |    40.3 
       ijk-ilk-lj |  44064 |    204 |   216 | 1.00 | 1.00 |        38.7 |    38.7 |    38.7 
     ijk-ilmk-mjl |   3744 |     52 |  3744 | 1.00 | 1.00 |        30.1 |    30.1 |    30.1 
   ijkl-imjn-lnkm |   3744 |   3744 |  2704 | 1.00 | 0.92 |        44.1 |    44.1 |    44.1 
   ijkl-imjn-nlmk |   3744 |   2704 |  3744 | 1.00 | 0.92 |        44.3 |    44.3 |    44.3 
   ijkl-imkn-jnlm |   3744 |   3744 |  2704 | 1.00 | 1.00 |        44.2 |    44.2 |    44.2 
   ijkl-imkn-njml |   3744 |   2704 |  3744 | 1.00 | 0.92 |        43.7 |    43.7 |    43.7 
   ijkl-imln-jnkm |   3744 |   3744 |  2704 | 1.00 | 1.00 |        44.1 |    44.1 |    44.1 
   ijkl-imln-njmk |   3744 |   2704 |  3744 | 1.00 | 0.92 |        43.8 |    43.8 |    43.8 
   ijkl-imnj-nlkm |   3744 |   2704 |  3744 | 1.00 | 0.92 |        44.0 |    44.0 |    44.0 
   ijkl-imnk-njml |   3744 |   2704 |  3744 | 1.00 | 0.92 |        43.4 |    43.4 |    43.4 
   ijkl-minj-nlmk |   3744 |   2704 |  5184 | 1.00 | 0.92 |        43.8 |    43.8 |    43.8 
   ijkl-mink-jnlm |   3744 |   3744 |  3744 | 1.00 | 1.00 |        43.5 |    43.5 |    43.5 
   ijkl-minl-njmk |   3744 |   2704 |  5184 | 1.00 | 0.92 |        43.1 |    43.1 |    43.1 
     aqrs-pa-pqrs |     72 | 140608 |    72 | 1.00 | 1.00 |        34.0 |    34.0 |    34.0 
     abrs-qb-aqrs |     52 | 194688 |    72 | 1.00 | 1.00 |        34.1 |    34.1 |    34.1 
     abcs-rc-abrs |     52 | 194688 |    72 | 1.00 | 1.00 |        30.8 |    30.8 |    30.8 
       abj-bka-kj |  46656 |    204 |   216 | 1.00 | 1.00 |        29.7 |    29.7 |    29.7 
       ajb-kba-jk |  44064 |    216 |   216 | 1.00 | 1.00 |        39.7 |    39.7 |    39.7 
     abjc-cbka-kj | 269568 |     52 |    72 | 1.00 | 1.00 |         8.4 |     8.4 |     8.4 
     ajbc-ckba-jk | 269568 |     72 |    52 | 1.00 | 1.00 |        16.4 |    16.4 |    16.4 
     abjc-kbac-jk | 194688 |     72 |    72 | 1.00 | 1.00 |        36.2 |    36.2 |    36.2 
   abjcd-dkbac-jk | 331776 |     24 |    24 | 1.00 | 1.00 |         2.7 |     2.7 |     2.7 
   adbjc-cbdka-kj | 331776 |     24 |    24 | 1.00 | 1.00 |         1.6 |     1.6 |     1.6 
   ajbdc-ckbad-jk | 331776 |     24 |    24 | 1.00 | 1.00 |         2.7 |     2.7 |     2.7 
 abcijk-ijma-mkbc |   9216 |   4096 |    24 | 1.00 | 1.00 |        31.0 |    31.0 |    31.0 
 abcijk-ijmb-mkac |   6144 |   6144 |    24 | 1.00 | 1.00 |        33.2 |    33.2 |    33.2 
 abcijk-ijmc-mkab |   6144 |   6144 |    24 | 1.00 | 1.00 |        32.4 |    32.4 |    32.4 
 abcijk-ikma-mjbc |   9216 |   4096 |    24 | 1.00 | 1.00 |        30.7 |    30.7 |    30.7 
 abcijk-ikmb-mjac |   6144 |   6144 |    24 | 1.00 | 1.00 |        33.1 |    33.1 |    33.1 
 abcijk-ikmc-mjab |   6144 |   6144 |    24 | 1.00 | 1.00 |        32.1 |    32.1 |    32.1 
 abcijk-jkma-mibc |   9216 |   4096 |    24 | 1.00 | 1.00 |        31.0 |    31.0 |    31.0 
 abcijk-jkmb-miac |   6144 |   6144 |    24 | 1.00 | 1.00 |        33.6 |    33.6 |    33.6 
 abcijk-jkmc-miab |   6144 |   6144 |    24 | 1.00 | 1.00 |        31.6 |    31.6 |    31.6 
 abcijk-eiab-jkec |   6144 |   6144 |    24 | 1.00 | 1.00 |        32.0 |    32.0 |    32.0 
 abcijk-eiac-jkeb |   6144 |   6144 |    24 | 1.00 | 1.00 |        33.6 |    33.6 |    33.6 
 abcijk-eibc-jkea |   4096 |   9216 |    24 | 1.00 | 1.00 |        30.4 |    30.4 |    30.4 
 abcijk-ejab-ikec |   6144 |   6144 |    24 | 1.00 | 1.00 |        32.4 |    32.4 |    32.4 
 abcijk-ejac-ikeb |   6144 |   6144 |    24 | 1.00 | 1.00 |        33.2 |    33.2 |    33.2 
 abcijk-ejbc-ikea |   4096 |   9216 |    24 | 1.00 | 1.00 |        31.1 |    31.1 |    31.1 
 abcijk-ekab-ijec |   6144 |   6144 |    24 | 1.00 | 1.00 |        32.0 |    32.0 |    32.0 
 abcijk-ekac-ijeb |   6144 |   6144 |    24 | 1.00 | 1.00 |        33.2 |    33.2 |    33.2 
 abcijk-ekbc-ijea |   4096 |   9216 |    24 | 1.00 | 1.00 |        30.4 |    30.4 |    30.4 
       abc-bk-akc |    216 |  44064 |   204 | 1.00 | 1.00 |        40.5 |    40.5 |    40.5 

=== c64 ===
             case |      m |      n |     k | regA | regB | planar GF/s | 1m GF/s | 3m GF/s 
------------------+--------+--------+-------+------+------+-------------+---------+---------
         ij-ik-kj |   2904 |   2896 |  2904 | 1.00 | 1.00 |        62.1 |    45.6 |    59.9 
       ij-ikl-ljk |    216 |    204 | 44064 | 1.00 | 1.00 |        48.6 |    33.6 |    40.1 
       ij-kil-lkj |    216 |    204 | 46656 | 1.00 | 1.00 |        54.1 |    36.0 |    44.1 
       ijk-ikl-lj |  44064 |    204 |   216 | 1.00 | 1.00 |        59.3 |    41.8 |    55.6 
       ijk-il-jlk |    216 |  44064 |   204 | 1.00 | 1.00 |        68.8 |    44.6 |    60.5 
       ijk-ilk-jl |  44064 |    216 |   204 | 0.96 | 1.00 |        60.0 |    43.0 |    55.8 
       ijk-ilk-lj |  44064 |    204 |   216 | 0.96 | 1.00 |        59.4 |    41.8 |    55.1 
     ijk-ilmk-mjl |   3744 |     52 |  3744 | 0.89 | 1.00 |        47.2 |    32.4 |    39.6 
   ijkl-imjn-lnkm |   3744 |   3744 |  2704 | 0.89 | 0.92 |        64.8 |    45.8 |    59.9 
   ijkl-imjn-nlmk |   3744 |   2704 |  3744 | 0.89 | 0.92 |        65.2 |    45.9 |    60.3 
   ijkl-imkn-jnlm |   3744 |   3744 |  2704 | 0.89 | 1.00 |        64.1 |    45.5 |    59.1 
   ijkl-imkn-njml |   3744 |   2704 |  3744 | 0.89 | 0.92 |        63.4 |    45.1 |    58.6 
   ijkl-imln-jnkm |   3744 |   3744 |  2704 | 0.89 | 1.00 |        63.9 |    45.4 |    59.0 
   ijkl-imln-njmk |   3744 |   2704 |  3744 | 0.89 | 0.92 |        63.5 |    45.1 |    58.8 
   ijkl-imnj-nlkm |   3744 |   2704 |  3744 | 0.89 | 0.92 |        65.0 |    45.8 |    59.9 
   ijkl-imnk-njml |   3744 |   2704 |  3744 | 0.89 | 0.92 |        63.3 |    44.9 |    58.6 
   ijkl-minj-nlmk |   3744 |   2704 |  5184 | 0.89 | 0.92 |        64.4 |    45.4 |    59.4 
   ijkl-mink-jnlm |   3744 |   3744 |  3744 | 0.89 | 1.00 |        63.6 |    45.0 |    58.6 
   ijkl-minl-njmk |   3744 |   2704 |  5184 | 0.89 | 0.92 |        63.1 |    44.9 |    58.4 
     aqrs-pa-pqrs |     72 | 140608 |    72 | 1.00 | 1.00 |        50.1 |    53.5 |    49.0 
     abrs-qb-aqrs |     52 | 194688 |    72 | 0.89 | 1.00 |        49.5 |    44.9 |    45.7 
     abcs-rc-abrs |     52 | 194688 |    72 | 1.00 | 1.00 |        47.6 |    39.4 |    38.7 
       abj-bka-kj |  46656 |    204 |   216 | 0.96 | 1.00 |        50.5 |    36.6 |    47.0 
       ajb-kba-jk |  44064 |    216 |   216 | 0.96 | 1.00 |        63.0 |    45.3 |    59.5 
     abjc-cbka-kj | 269568 |     52 |    72 | 0.89 | 1.00 |        13.6 |    11.7 |    15.4 
     ajbc-ckba-jk | 269568 |     72 |    52 | 0.89 | 1.00 |        25.7 |    23.8 |    27.0 
     abjc-kbac-jk | 194688 |     72 |    72 | 0.89 | 1.00 |        61.4 |    53.4 |    53.2 
   abjcd-dkbac-jk | 331776 |     24 |    24 | 0.67 | 1.00 |         7.6 |     6.5 |     8.2 
   adbjc-cbdka-kj | 331776 |     24 |    24 | 0.67 | 1.00 |         4.1 |     3.6 |     3.5 
   ajbdc-ckbad-jk | 331776 |     24 |    24 | 1.00 | 1.00 |         6.5 |     6.4 |     8.1 
 abcijk-ijma-mkbc |   9216 |   4096 |    24 | 1.00 | 0.99 |        51.8 |    48.7 |    45.4 
 abcijk-ijmb-mkac |   6144 |   6144 |    24 | 1.00 | 0.88 |        48.6 |    46.8 |    46.2 
 abcijk-ijmc-mkab |   6144 |   6144 |    24 | 1.00 | 0.75 |        52.1 |    53.3 |    50.2 
 abcijk-ikma-mjbc |   9216 |   4096 |    24 | 1.00 | 0.99 |        51.7 |    48.1 |    45.3 
 abcijk-ikmb-mjac |   6144 |   6144 |    24 | 1.00 | 0.88 |        50.1 |    46.5 |    46.6 
 abcijk-ikmc-mjab |   6144 |   6144 |    24 | 1.00 | 0.75 |        51.8 |    54.4 |    50.0 
 abcijk-jkma-mibc |   9216 |   4096 |    24 | 1.00 | 0.99 |        50.3 |    47.6 |    45.8 
 abcijk-jkmb-miac |   6144 |   6144 |    24 | 1.00 | 0.88 |        50.6 |    45.9 |    46.1 
 abcijk-jkmc-miab |   6144 |   6144 |    24 | 1.00 | 0.75 |        51.2 |    54.1 |    50.4 
 abcijk-eiab-jkec |   6144 |   6144 |    24 | 1.00 | 0.75 |        51.5 |    54.0 |    50.3 
 abcijk-eiac-jkeb |   6144 |   6144 |    24 | 1.00 | 0.88 |        51.0 |    46.9 |    46.7 
 abcijk-eibc-jkea |   4096 |   9216 |    24 | 1.00 | 0.99 |        51.3 |    48.6 |    45.9 
 abcijk-ejab-ikec |   6144 |   6144 |    24 | 1.00 | 0.75 |        52.0 |    53.8 |    50.5 
 abcijk-ejac-ikeb |   6144 |   6144 |    24 | 1.00 | 0.88 |        50.9 |    47.0 |    46.7 
 abcijk-ejbc-ikea |   4096 |   9216 |    24 | 1.00 | 0.99 |        52.3 |    49.1 |    45.9 
 abcijk-ekab-ijec |   6144 |   6144 |    24 | 1.00 | 0.75 |        51.2 |    54.5 |    50.9 
 abcijk-ekac-ijeb |   6144 |   6144 |    24 | 1.00 | 0.88 |        50.6 |    47.7 |    46.9 
 abcijk-ekbc-ijea |   4096 |   9216 |    24 | 1.00 | 0.99 |        51.8 |    49.4 |    46.0 
       abc-bk-akc |    216 |  44064 |   204 | 0.96 | 1.00 |        60.2 |    43.5 |    56.0 

=== complex efficiency ratio (c64 GF/s over f64 GF/s; 1.0 = no penalty) ===
             case | planar c64/f64 | 1m c64/f64 | 3m c64/f64 
------------------+----------------+------------+------------
         ij-ik-kj |          1.394 |      1.023 |      1.344 
       ij-ikl-ljk |          1.497 |      1.033 |      1.233 
       ij-kil-lkj |          1.422 |      0.946 |      1.159 
       ijk-ikl-lj |          1.589 |      1.118 |      1.489 
       ijk-il-jlk |          1.455 |      0.943 |      1.279 
       ijk-ilk-jl |          1.488 |      1.068 |      1.385 
       ijk-ilk-lj |          1.534 |      1.080 |      1.422 
     ijk-ilmk-mjl |          1.567 |      1.076 |      1.316 
   ijkl-imjn-lnkm |          1.468 |      1.039 |      1.358 
   ijkl-imjn-nlmk |          1.470 |      1.035 |      1.359 
   ijkl-imkn-jnlm |          1.450 |      1.030 |      1.336 
   ijkl-imkn-njml |          1.450 |      1.033 |      1.341 
   ijkl-imln-jnkm |          1.450 |      1.029 |      1.339 
   ijkl-imln-njmk |          1.451 |      1.031 |      1.344 
   ijkl-imnj-nlkm |          1.477 |      1.041 |      1.362 
   ijkl-imnk-njml |          1.459 |      1.036 |      1.351 
   ijkl-minj-nlmk |          1.468 |      1.036 |      1.356 
   ijkl-mink-jnlm |          1.461 |      1.034 |      1.345 
   ijkl-minl-njmk |          1.461 |      1.039 |      1.353 
     aqrs-pa-pqrs |          1.472 |      1.573 |      1.441 
     abrs-qb-aqrs |          1.450 |      1.315 |      1.339 
     abcs-rc-abrs |          1.548 |      1.280 |      1.259 
       abj-bka-kj |          1.698 |      1.230 |      1.582 
       ajb-kba-jk |          1.588 |      1.141 |      1.500 
     abjc-cbka-kj |          1.623 |      1.397 |      1.844 
     ajbc-ckba-jk |          1.570 |      1.452 |      1.649 
     abjc-kbac-jk |          1.699 |      1.476 |      1.472 
   abjcd-dkbac-jk |          2.794 |      2.402 |      3.003 
   adbjc-cbdka-kj |          2.584 |      2.245 |      2.207 
   ajbdc-ckbad-jk |          2.402 |      2.366 |      2.965 
 abcijk-ijma-mkbc |          1.669 |      1.568 |      1.464 
 abcijk-ijmb-mkac |          1.466 |      1.409 |      1.394 
 abcijk-ijmc-mkab |          1.607 |      1.646 |      1.550 
 abcijk-ikma-mjbc |          1.681 |      1.566 |      1.473 
 abcijk-ikmb-mjac |          1.513 |      1.404 |      1.406 
 abcijk-ikmc-mjab |          1.615 |      1.698 |      1.559 
 abcijk-jkma-mibc |          1.623 |      1.536 |      1.477 
 abcijk-jkmb-miac |          1.507 |      1.369 |      1.373 
 abcijk-jkmc-miab |          1.618 |      1.711 |      1.593 
 abcijk-eiab-jkec |          1.609 |      1.687 |      1.573 
 abcijk-eiac-jkeb |          1.518 |      1.396 |      1.390 
 abcijk-eibc-jkea |          1.687 |      1.598 |      1.511 
 abcijk-ejab-ikec |          1.605 |      1.659 |      1.556 
 abcijk-ejac-ikeb |          1.534 |      1.418 |      1.407 
 abcijk-ejbc-ikea |          1.680 |      1.577 |      1.475 
 abcijk-ekab-ijec |          1.598 |      1.699 |      1.588 
 abcijk-ekac-ijeb |          1.522 |      1.435 |      1.411 
 abcijk-ekbc-ijea |          1.704 |      1.625 |      1.512 
       abc-bk-akc |          1.486 |      1.075 |      1.382 
             MEAN |          1.606 |      1.360 |      1.507 

wrote bench-results/ccqlin038-blocking/bl-mc400-f64c64.csv
