host        : ccqlin038.flatironinstitute.org
target      : x86_64 / linux
cpu features: avx2 fma avx512f avx512dq 
caches      : L1=32KiB/8-way/2sh L2=1024KiB/16-way/2sh L3=25344KiB/11-way/16sh (via sysfs), blocking=legacy
baselines   : tblis=false blas=false

sweeping 49 cases at 64 MiB nominal tensor size, 3 reps, stress=none


=== f32 ===
             case |      m |      n |     k | regA | regB | planar GF/s | 1m GF/s | 3m GF/s 
------------------+--------+--------+-------+------+------+-------------+---------+---------
         ij-ik-kj |   2904 |   2896 |  2904 | 1.00 | 1.00 |       150.6 |   150.6 |   150.6 
       ij-ikl-ljk |    216 |    204 | 44064 | 1.00 | 1.00 |        62.8 |    62.8 |    62.8 
       ij-kil-lkj |    216 |    204 | 46656 | 1.00 | 1.00 |        61.9 |    61.9 |    61.9 
       ijk-ikl-lj |  44064 |    204 |   216 | 1.00 | 1.00 |       121.4 |   121.4 |   121.4 
       ijk-il-jlk |    216 |  44064 |   204 | 1.00 | 1.00 |        92.1 |    92.1 |    92.1 
       ijk-ilk-jl |  44064 |    216 |   204 | 0.89 | 1.00 |       130.1 |   130.1 |   130.1 
       ijk-ilk-lj |  44064 |    204 |   216 | 0.89 | 1.00 |       130.3 |   130.3 |   130.3 
     ijk-ilmk-mjl |   3744 |     52 |  3744 | 0.67 | 1.00 |        84.7 |    84.7 |    84.7 
   ijkl-imjn-lnkm |   3744 |   3744 |  2704 | 0.67 | 0.92 |       136.3 |   136.3 |   136.3 
   ijkl-imjn-nlmk |   3744 |   2704 |  3744 | 0.67 | 0.92 |       142.3 |   142.3 |   142.3 
   ijkl-imkn-jnlm |   3744 |   3744 |  2704 | 0.67 | 1.00 |       156.2 |   156.2 |   156.2 
   ijkl-imkn-njml |   3744 |   2704 |  3744 | 0.67 | 0.92 |       153.1 |   153.1 |   153.1 
   ijkl-imln-jnkm |   3744 |   3744 |  2704 | 0.67 | 1.00 |       157.4 |   157.4 |   157.4 
   ijkl-imln-njmk |   3744 |   2704 |  3744 | 0.67 | 0.92 |       153.4 |   153.4 |   153.4 
   ijkl-imnj-nlkm |   3744 |   2704 |  3744 | 0.67 | 0.92 |       142.6 |   142.6 |   142.6 
   ijkl-imnk-njml |   3744 |   2704 |  3744 | 0.67 | 0.92 |       154.6 |   154.6 |   154.6 
   ijkl-minj-nlmk |   3744 |   2704 |  5184 | 0.67 | 0.92 |       137.2 |   137.2 |   137.2 
   ijkl-mink-jnlm |   3744 |   3744 |  3744 | 0.67 | 1.00 |       155.7 |   155.7 |   155.7 
   ijkl-minl-njmk |   3744 |   2704 |  5184 | 0.67 | 0.92 |       153.3 |   153.3 |   153.3 
     aqrs-pa-pqrs |     72 | 140608 |    72 | 1.00 | 1.00 |        58.5 |    58.5 |    58.5 
     abrs-qb-aqrs |     52 | 194688 |    72 | 0.67 | 1.00 |        66.8 |    66.8 |    66.8 
     abcs-rc-abrs |     52 | 194688 |    72 | 1.00 | 1.00 |        50.1 |    50.1 |    50.1 
       abj-bka-kj |  46656 |    204 |   216 | 0.89 | 1.00 |        62.5 |    62.5 |    62.5 
       ajb-kba-jk |  44064 |    216 |   216 | 0.89 | 1.00 |       124.8 |   124.8 |   124.8 
     abjc-cbka-kj | 269568 |     52 |    72 | 0.67 | 1.00 |        14.0 |    14.0 |    14.0 
     ajbc-ckba-jk | 269568 |     72 |    52 | 0.67 | 1.00 |        25.0 |    25.0 |    25.0 
     abjc-kbac-jk | 194688 |     72 |    72 | 0.67 | 1.00 |        53.6 |    53.6 |    53.6 
   abjcd-dkbac-jk | 331776 |     24 |    24 | 0.00 | 1.00 |         6.3 |     6.3 |     6.3 
   adbjc-cbdka-kj | 331776 |     24 |    24 | 0.00 | 1.00 |         4.5 |     4.5 |     4.5 
   ajbdc-ckbad-jk | 331776 |     24 |    24 | 0.00 | 1.00 |         6.0 |     6.0 |     6.0 
 abcijk-ijma-mkbc |   9216 |   4096 |    24 | 0.00 | 1.00 |        50.1 |    50.1 |    50.1 
 abcijk-ijmb-mkac |   6144 |   6144 |    24 | 0.00 | 1.00 |        40.8 |    40.8 |    40.8 
 abcijk-ijmc-mkab |   6144 |   6144 |    24 | 1.00 | 1.00 |        55.5 |    55.5 |    55.5 
 abcijk-ikma-mjbc |   9216 |   4096 |    24 | 0.00 | 1.00 |        51.2 |    51.2 |    51.2 
 abcijk-ikmb-mjac |   6144 |   6144 |    24 | 0.00 | 1.00 |        40.5 |    40.5 |    40.5 
 abcijk-ikmc-mjab |   6144 |   6144 |    24 | 1.00 | 1.00 |        57.1 |    57.1 |    57.1 
 abcijk-jkma-mibc |   9216 |   4096 |    24 | 0.00 | 1.00 |        50.9 |    50.9 |    50.9 
 abcijk-jkmb-miac |   6144 |   6144 |    24 | 0.00 | 1.00 |        40.6 |    40.6 |    40.6 
 abcijk-jkmc-miab |   6144 |   6144 |    24 | 1.00 | 1.00 |        56.9 |    56.9 |    56.9 
 abcijk-eiab-jkec |   6144 |   6144 |    24 | 1.00 | 1.00 |        57.3 |    57.3 |    57.3 
 abcijk-eiac-jkeb |   6144 |   6144 |    24 | 0.00 | 1.00 |        40.7 |    40.7 |    40.7 
 abcijk-eibc-jkea |   4096 |   9216 |    24 | 0.00 | 1.00 |        49.4 |    49.4 |    49.4 
 abcijk-ejab-ikec |   6144 |   6144 |    24 | 1.00 | 1.00 |        57.2 |    57.2 |    57.2 
 abcijk-ejac-ikeb |   6144 |   6144 |    24 | 0.00 | 1.00 |        40.6 |    40.6 |    40.6 
 abcijk-ejbc-ikea |   4096 |   9216 |    24 | 0.00 | 1.00 |        50.2 |    50.2 |    50.2 
 abcijk-ekab-ijec |   6144 |   6144 |    24 | 1.00 | 1.00 |        56.5 |    56.5 |    56.5 
 abcijk-ekac-ijeb |   6144 |   6144 |    24 | 0.00 | 1.00 |        40.4 |    40.4 |    40.4 
 abcijk-ekbc-ijea |   4096 |   9216 |    24 | 0.00 | 1.00 |        51.0 |    51.0 |    51.0 
       abc-bk-akc |    216 |  44064 |   204 | 0.89 | 1.00 |       130.3 |   130.3 |   130.3 

=== c32 ===
             case |      m |      n |     k | regA | regB | planar GF/s | 1m GF/s | 3m GF/s 
------------------+--------+--------+-------+------+------+-------------+---------+---------
         ij-ik-kj |   2904 |   2896 |  2904 | 1.00 | 1.00 |       161.6 |   149.8 |   138.2 
       ij-ikl-ljk |    216 |    204 | 44064 | 1.00 | 1.00 |       101.0 |    95.4 |    85.7 
       ij-kil-lkj |    216 |    204 | 46656 | 1.00 | 1.00 |       104.6 |    98.6 |    95.1 
       ijk-ikl-lj |  44064 |    204 |   216 | 1.00 | 1.00 |       152.9 |   136.9 |   136.5 
       ijk-il-jlk |    216 |  44064 |   204 | 1.00 | 1.00 |       146.2 |   138.9 |   129.0 
       ijk-ilk-jl |  44064 |    216 |   204 | 0.89 | 1.00 |       156.8 |   149.5 |   139.3 
       ijk-ilk-lj |  44064 |    204 |   216 | 0.89 | 1.00 |       156.4 |   153.1 |   138.7 
     ijk-ilmk-mjl |   3744 |     52 |  3744 | 0.67 | 1.00 |       108.8 |    97.0 |    85.3 
   ijkl-imjn-lnkm |   3744 |   3744 |  2704 | 0.67 | 0.92 |       154.2 |   142.7 |   136.2 
   ijkl-imjn-nlmk |   3744 |   2704 |  3744 | 0.67 | 0.92 |       159.6 |   147.4 |   140.1 
   ijkl-imkn-jnlm |   3744 |   3744 |  2704 | 0.67 | 1.00 |       159.1 |   155.4 |   141.3 
   ijkl-imkn-njml |   3744 |   2704 |  3744 | 0.67 | 0.92 |       162.2 |   159.1 |   144.1 
   ijkl-imln-jnkm |   3744 |   3744 |  2704 | 0.67 | 1.00 |       160.5 |   157.0 |   141.5 
   ijkl-imln-njmk |   3744 |   2704 |  3744 | 0.67 | 0.92 |       161.3 |   158.3 |   144.3 
   ijkl-imnj-nlkm |   3744 |   2704 |  3744 | 0.67 | 0.92 |       159.4 |   148.2 |   139.9 
   ijkl-imnk-njml |   3744 |   2704 |  3744 | 0.67 | 0.92 |       161.5 |   157.6 |   143.7 
   ijkl-minj-nlmk |   3744 |   2704 |  5184 | 0.67 | 0.92 |       157.8 |   146.4 |   141.5 
   ijkl-mink-jnlm |   3744 |   3744 |  3744 | 0.67 | 1.00 |       162.3 |   158.5 |   147.8 
   ijkl-minl-njmk |   3744 |   2704 |  5184 | 0.67 | 0.92 |       161.0 |   157.7 |   146.2 
     aqrs-pa-pqrs |     72 | 140608 |    72 | 1.00 | 1.00 |        83.4 |    76.0 |    82.8 
     abrs-qb-aqrs |     52 | 194688 |    72 | 0.67 | 1.00 |        95.7 |    88.5 |    79.0 
     abcs-rc-abrs |     52 | 194688 |    72 | 1.00 | 1.00 |        83.1 |    69.2 |    68.5 
       abj-bka-kj |  46656 |    204 |   216 | 0.89 | 1.00 |       119.4 |   109.7 |   105.2 
       ajb-kba-jk |  44064 |    216 |   216 | 0.89 | 1.00 |       152.3 |   133.5 |   153.8 
     abjc-cbka-kj | 269568 |     52 |    72 | 0.67 | 1.00 |        28.2 |    25.4 |    26.6 
     ajbc-ckba-jk | 269568 |     72 |    52 | 0.67 | 1.00 |        49.9 |    47.2 |    49.1 
     abjc-kbac-jk | 194688 |     72 |    72 | 0.67 | 1.00 |        89.8 |    81.1 |    81.9 
   abjcd-dkbac-jk | 331776 |     24 |    24 | 0.00 | 1.00 |         9.7 |     8.6 |     9.2 
   adbjc-cbdka-kj | 331776 |     24 |    24 | 0.00 | 1.00 |         7.6 |     7.6 |     6.0 
   ajbdc-ckbad-jk | 331776 |     24 |    24 | 0.00 | 1.00 |         9.2 |     7.6 |     9.2 
 abcijk-ijma-mkbc |   9216 |   4096 |    24 | 0.00 | 0.99 |        78.3 |   103.9 |    84.7 
 abcijk-ijmb-mkac |   6144 |   6144 |    24 | 0.00 | 1.00 |        65.8 |   104.2 |    83.4 
 abcijk-ijmc-mkab |   6144 |   6144 |    24 | 1.00 | 0.75 |        95.4 |    75.9 |    54.6 
 abcijk-ikma-mjbc |   9216 |   4096 |    24 | 0.00 | 0.99 |        79.3 |   104.6 |    84.8 
 abcijk-ikmb-mjac |   6144 |   6144 |    24 | 0.00 | 1.00 |        66.6 |   104.8 |    83.3 
 abcijk-ikmc-mjab |   6144 |   6144 |    24 | 1.00 | 0.75 |        93.9 |    75.7 |    54.2 
 abcijk-jkma-mibc |   9216 |   4096 |    24 | 0.00 | 0.99 |        79.6 |   104.3 |    83.9 
 abcijk-jkmb-miac |   6144 |   6144 |    24 | 0.00 | 1.00 |        66.3 |   104.1 |    82.2 
 abcijk-jkmc-miab |   6144 |   6144 |    24 | 1.00 | 0.75 |        93.8 |    75.0 |    54.3 
 abcijk-eiab-jkec |   6144 |   6144 |    24 | 1.00 | 0.75 |        93.9 |    75.3 |    54.4 
 abcijk-eiac-jkeb |   6144 |   6144 |    24 | 0.00 | 1.00 |        65.8 |   104.5 |    82.6 
 abcijk-eibc-jkea |   4096 |   9216 |    24 | 0.00 | 0.99 |        81.0 |   105.0 |    84.3 
 abcijk-ejab-ikec |   6144 |   6144 |    24 | 1.00 | 0.75 |        93.7 |    76.2 |    54.0 
 abcijk-ejac-ikeb |   6144 |   6144 |    24 | 0.00 | 1.00 |        65.4 |   105.1 |    83.9 
 abcijk-ejbc-ikea |   4096 |   9216 |    24 | 0.00 | 0.99 |        78.5 |   104.4 |    84.6 
 abcijk-ekab-ijec |   6144 |   6144 |    24 | 1.00 | 0.75 |        93.3 |    76.2 |    54.3 
 abcijk-ekac-ijeb |   6144 |   6144 |    24 | 0.00 | 1.00 |        65.4 |   104.7 |    80.6 
 abcijk-ekbc-ijea |   4096 |   9216 |    24 | 0.00 | 0.99 |        79.8 |   104.8 |    85.0 
       abc-bk-akc |    216 |  44064 |   204 | 0.89 | 1.00 |       158.3 |   148.0 |   139.4 

=== complex efficiency ratio (c32 GF/s over f32 GF/s; 1.0 = no penalty) ===
             case | planar c32/f32 | 1m c32/f32 | 3m c32/f32 
------------------+----------------+------------+------------
         ij-ik-kj |          1.073 |      0.995 |      0.918 
       ij-ikl-ljk |          1.609 |      1.520 |      1.366 
       ij-kil-lkj |          1.688 |      1.591 |      1.535 
       ijk-ikl-lj |          1.260 |      1.128 |      1.125 
       ijk-il-jlk |          1.588 |      1.509 |      1.402 
       ijk-ilk-jl |          1.205 |      1.149 |      1.070 
       ijk-ilk-lj |          1.200 |      1.175 |      1.064 
     ijk-ilmk-mjl |          1.285 |      1.145 |      1.007 
   ijkl-imjn-lnkm |          1.131 |      1.047 |      0.999 
   ijkl-imjn-nlmk |          1.121 |      1.036 |      0.984 
   ijkl-imkn-jnlm |          1.019 |      0.995 |      0.905 
   ijkl-imkn-njml |          1.060 |      1.039 |      0.941 
   ijkl-imln-jnkm |          1.020 |      0.997 |      0.899 
   ijkl-imln-njmk |          1.052 |      1.032 |      0.940 
   ijkl-imnj-nlkm |          1.118 |      1.039 |      0.981 
   ijkl-imnk-njml |          1.045 |      1.020 |      0.929 
   ijkl-minj-nlmk |          1.150 |      1.067 |      1.031 
   ijkl-mink-jnlm |          1.043 |      1.018 |      0.949 
   ijkl-minl-njmk |          1.051 |      1.029 |      0.954 
     aqrs-pa-pqrs |          1.425 |      1.298 |      1.416 
     abrs-qb-aqrs |          1.432 |      1.324 |      1.182 
     abcs-rc-abrs |          1.657 |      1.379 |      1.367 
       abj-bka-kj |          1.910 |      1.755 |      1.683 
       ajb-kba-jk |          1.221 |      1.070 |      1.233 
     abjc-cbka-kj |          2.006 |      1.810 |      1.897 
     ajbc-ckba-jk |          1.996 |      1.885 |      1.963 
     abjc-kbac-jk |          1.674 |      1.512 |      1.527 
   abjcd-dkbac-jk |          1.536 |      1.354 |      1.451 
   adbjc-cbdka-kj |          1.673 |      1.668 |      1.322 
   ajbdc-ckbad-jk |          1.526 |      1.251 |      1.530 
 abcijk-ijma-mkbc |          1.564 |      2.074 |      1.691 
 abcijk-ijmb-mkac |          1.614 |      2.557 |      2.045 
 abcijk-ijmc-mkab |          1.717 |      1.367 |      0.983 
 abcijk-ikma-mjbc |          1.548 |      2.041 |      1.656 
 abcijk-ikmb-mjac |          1.645 |      2.587 |      2.058 
 abcijk-ikmc-mjab |          1.644 |      1.325 |      0.949 
 abcijk-jkma-mibc |          1.565 |      2.052 |      1.650 
 abcijk-jkmb-miac |          1.632 |      2.564 |      2.024 
 abcijk-jkmc-miab |          1.648 |      1.318 |      0.953 
 abcijk-eiab-jkec |          1.639 |      1.314 |      0.949 
 abcijk-eiac-jkeb |          1.615 |      2.567 |      2.029 
 abcijk-eibc-jkea |          1.639 |      2.125 |      1.706 
 abcijk-ejab-ikec |          1.638 |      1.333 |      0.945 
 abcijk-ejac-ikeb |          1.610 |      2.586 |      2.064 
 abcijk-ejbc-ikea |          1.562 |      2.078 |      1.685 
 abcijk-ekab-ijec |          1.650 |      1.348 |      0.961 
 abcijk-ekac-ijeb |          1.619 |      2.590 |      1.994 
 abcijk-ekbc-ijea |          1.565 |      2.055 |      1.667 
       abc-bk-akc |          1.214 |      1.136 |      1.070 
             MEAN |          1.451 |      1.528 |      1.340 

wrote bench-results/ccqlin038-blocking/bl-mc25-f32c32.csv
