host        : ccqlin038.flatironinstitute.org
target      : x86_64 / linux
cpu features: avx2 fma avx512f avx512dq 
caches      : L1=32KiB/8-way/2sh L2=1024KiB/16-way/2sh L3=25344KiB/11-way/16sh (via sysfs), blocking=legacy
baselines   : tblis=false blas=false

sweeping 49 cases at 64 MiB nominal tensor size, 3 reps, stress=none


=== f64 ===
             case |      m |      n |     k | regA | regB | planar GF/s | 1m GF/s | 3m GF/s 
------------------+--------+--------+-------+------+------+-------------+---------+---------
         ij-ik-kj |   2904 |   2896 |  2904 | 1.00 | 1.00 |        70.0 |    70.0 |    70.0 
       ij-ikl-ljk |    216 |    204 | 44064 | 1.00 | 1.00 |        35.4 |    35.4 |    35.4 
       ij-kil-lkj |    216 |    204 | 46656 | 1.00 | 1.00 |        38.1 |    38.1 |    38.1 
       ijk-ikl-lj |  44064 |    204 |   216 | 1.00 | 1.00 |        60.9 |    60.9 |    60.9 
       ijk-il-jlk |    216 |  44064 |   204 | 1.00 | 1.00 |        47.9 |    47.9 |    47.9 
       ijk-ilk-jl |  44064 |    216 |   204 | 1.00 | 1.00 |        62.6 |    62.6 |    62.6 
       ijk-ilk-lj |  44064 |    204 |   216 | 1.00 | 1.00 |        61.9 |    61.9 |    61.9 
     ijk-ilmk-mjl |   3744 |     52 |  3744 | 1.00 | 1.00 |        44.4 |    44.4 |    44.4 
   ijkl-imjn-lnkm |   3744 |   3744 |  2704 | 1.00 | 0.92 |        69.7 |    69.7 |    69.7 
   ijkl-imjn-nlmk |   3744 |   2704 |  3744 | 1.00 | 0.92 |        69.2 |    69.2 |    69.2 
   ijkl-imkn-jnlm |   3744 |   3744 |  2704 | 1.00 | 1.00 |        70.4 |    70.4 |    70.4 
   ijkl-imkn-njml |   3744 |   2704 |  3744 | 1.00 | 0.92 |        69.5 |    69.5 |    69.5 
   ijkl-imln-jnkm |   3744 |   3744 |  2704 | 1.00 | 1.00 |        70.2 |    70.2 |    70.2 
   ijkl-imln-njmk |   3744 |   2704 |  3744 | 1.00 | 0.92 |        69.5 |    69.5 |    69.5 
   ijkl-imnj-nlkm |   3744 |   2704 |  3744 | 1.00 | 0.92 |        67.7 |    67.7 |    67.7 
   ijkl-imnk-njml |   3744 |   2704 |  3744 | 1.00 | 0.92 |        69.6 |    69.6 |    69.6 
   ijkl-minj-nlmk |   3744 |   2704 |  5184 | 1.00 | 0.92 |        66.3 |    66.3 |    66.3 
   ijkl-mink-jnlm |   3744 |   3744 |  3744 | 1.00 | 1.00 |        69.9 |    69.9 |    69.9 
   ijkl-minl-njmk |   3744 |   2704 |  5184 | 1.00 | 0.92 |        68.3 |    68.3 |    68.3 
     aqrs-pa-pqrs |     72 | 140608 |    72 | 1.00 | 1.00 |        32.9 |    32.9 |    32.9 
     abrs-qb-aqrs |     52 | 194688 |    72 | 1.00 | 1.00 |        37.1 |    37.1 |    37.1 
     abcs-rc-abrs |     52 | 194688 |    72 | 1.00 | 1.00 |        27.9 |    27.9 |    27.9 
       abj-bka-kj |  46656 |    204 |   216 | 1.00 | 1.00 |        41.4 |    41.4 |    41.4 
       ajb-kba-jk |  44064 |    216 |   216 | 1.00 | 1.00 |        63.7 |    63.7 |    63.7 
     abjc-cbka-kj | 269568 |     52 |    72 | 1.00 | 1.00 |         8.6 |     8.6 |     8.6 
     ajbc-ckba-jk | 269568 |     72 |    52 | 1.00 | 1.00 |        16.6 |    16.6 |    16.6 
     abjc-kbac-jk | 194688 |     72 |    72 | 1.00 | 1.00 |        32.5 |    32.5 |    32.5 
   abjcd-dkbac-jk | 331776 |     24 |    24 | 1.00 | 1.00 |         2.7 |     2.7 |     2.7 
   adbjc-cbdka-kj | 331776 |     24 |    24 | 1.00 | 1.00 |         1.5 |     1.5 |     1.5 
   ajbdc-ckbad-jk | 331776 |     24 |    24 | 1.00 | 1.00 |         2.8 |     2.8 |     2.8 
 abcijk-ijma-mkbc |   9216 |   4096 |    24 | 1.00 | 1.00 |        37.1 |    37.1 |    37.1 
 abcijk-ijmb-mkac |   6144 |   6144 |    24 | 1.00 | 1.00 |        33.0 |    33.0 |    33.0 
 abcijk-ijmc-mkab |   6144 |   6144 |    24 | 1.00 | 1.00 |        27.9 |    27.9 |    27.9 
 abcijk-ikma-mjbc |   9216 |   4096 |    24 | 1.00 | 1.00 |        37.0 |    37.0 |    37.0 
 abcijk-ikmb-mjac |   6144 |   6144 |    24 | 1.00 | 1.00 |        32.8 |    32.8 |    32.8 
 abcijk-ikmc-mjab |   6144 |   6144 |    24 | 1.00 | 1.00 |        28.1 |    28.1 |    28.1 
 abcijk-jkma-mibc |   9216 |   4096 |    24 | 1.00 | 1.00 |        35.4 |    35.4 |    35.4 
 abcijk-jkmb-miac |   6144 |   6144 |    24 | 1.00 | 1.00 |        32.4 |    32.4 |    32.4 
 abcijk-jkmc-miab |   6144 |   6144 |    24 | 1.00 | 1.00 |        28.2 |    28.2 |    28.2 
 abcijk-eiab-jkec |   6144 |   6144 |    24 | 1.00 | 1.00 |        28.3 |    28.3 |    28.3 
 abcijk-eiac-jkeb |   6144 |   6144 |    24 | 1.00 | 1.00 |        33.0 |    33.0 |    33.0 
 abcijk-eibc-jkea |   4096 |   9216 |    24 | 1.00 | 1.00 |        36.2 |    36.2 |    36.2 
 abcijk-ejab-ikec |   6144 |   6144 |    24 | 1.00 | 1.00 |        27.9 |    27.9 |    27.9 
 abcijk-ejac-ikeb |   6144 |   6144 |    24 | 1.00 | 1.00 |        33.0 |    33.0 |    33.0 
 abcijk-ejbc-ikea |   4096 |   9216 |    24 | 1.00 | 1.00 |        36.6 |    36.6 |    36.6 
 abcijk-ekab-ijec |   6144 |   6144 |    24 | 1.00 | 1.00 |        27.7 |    27.7 |    27.7 
 abcijk-ekac-ijeb |   6144 |   6144 |    24 | 1.00 | 1.00 |        32.7 |    32.7 |    32.7 
 abcijk-ekbc-ijea |   4096 |   9216 |    24 | 1.00 | 1.00 |        36.6 |    36.6 |    36.6 
       abc-bk-akc |    216 |  44064 |   204 | 1.00 | 1.00 |        60.4 |    60.4 |    60.4 

=== c64 ===
             case |      m |      n |     k | regA | regB | planar GF/s | 1m GF/s | 3m GF/s 
------------------+--------+--------+-------+------+------+-------------+---------+---------
         ij-ik-kj |   2904 |   2896 |  2904 | 1.00 | 1.00 |        81.1 |    73.0 |    68.8 
       ij-ikl-ljk |    216 |    204 | 44064 | 1.00 | 1.00 |        50.7 |    46.8 |    43.6 
       ij-kil-lkj |    216 |    204 | 46656 | 1.00 | 1.00 |        58.1 |    55.9 |    50.0 
       ijk-ikl-lj |  44064 |    204 |   216 | 1.00 | 1.00 |        77.8 |    70.5 |    66.6 
       ijk-il-jlk |    216 |  44064 |   204 | 1.00 | 1.00 |        73.5 |    70.6 |    65.7 
       ijk-ilk-jl |  44064 |    216 |   204 | 0.96 | 1.00 |        79.6 |    71.9 |    67.3 
       ijk-ilk-lj |  44064 |    204 |   216 | 0.96 | 1.00 |        78.7 |    68.1 |    66.2 
     ijk-ilmk-mjl |   3744 |     52 |  3744 | 0.89 | 1.00 |        57.9 |    51.0 |    47.1 
   ijkl-imjn-lnkm |   3744 |   3744 |  2704 | 0.89 | 0.92 |        81.2 |    72.6 |    69.4 
   ijkl-imjn-nlmk |   3744 |   2704 |  3744 | 0.89 | 0.92 |        81.9 |    73.3 |    69.6 
   ijkl-imkn-jnlm |   3744 |   3744 |  2704 | 0.89 | 1.00 |        79.1 |    72.8 |    69.1 
   ijkl-imkn-njml |   3744 |   2704 |  3744 | 0.89 | 0.92 |        79.0 |    72.5 |    68.8 
   ijkl-imln-jnkm |   3744 |   3744 |  2704 | 0.89 | 1.00 |        78.7 |    72.2 |    68.7 
   ijkl-imln-njmk |   3744 |   2704 |  3744 | 0.89 | 0.92 |        78.5 |    72.1 |    68.5 
   ijkl-imnj-nlkm |   3744 |   2704 |  3744 | 0.89 | 0.92 |        81.0 |    72.4 |    69.6 
   ijkl-imnk-njml |   3744 |   2704 |  3744 | 0.89 | 0.92 |        78.7 |    72.1 |    68.9 
   ijkl-minj-nlmk |   3744 |   2704 |  5184 | 0.89 | 0.92 |        79.9 |    72.0 |    68.8 
   ijkl-mink-jnlm |   3744 |   3744 |  3744 | 0.89 | 1.00 |        78.7 |    72.5 |    69.3 
   ijkl-minl-njmk |   3744 |   2704 |  5184 | 0.89 | 0.92 |        78.4 |    71.9 |    68.6 
     aqrs-pa-pqrs |     72 | 140608 |    72 | 1.00 | 1.00 |        47.2 |    48.9 |    47.9 
     abrs-qb-aqrs |     52 | 194688 |    72 | 0.89 | 1.00 |        50.5 |    45.1 |    46.5 
     abcs-rc-abrs |     52 | 194688 |    72 | 1.00 | 1.00 |        41.8 |    35.1 |    38.5 
       abj-bka-kj |  46656 |    204 |   216 | 0.96 | 1.00 |        61.6 |    52.9 |    53.5 
       ajb-kba-jk |  44064 |    216 |   216 | 0.96 | 1.00 |        82.1 |    76.3 |    75.5 
     abjc-cbka-kj | 269568 |     52 |    72 | 0.89 | 1.00 |        13.7 |    11.6 |    15.4 
     ajbc-ckba-jk | 269568 |     72 |    52 | 0.89 | 1.00 |        25.3 |    23.5 |    26.6 
     abjc-kbac-jk | 194688 |     72 |    72 | 0.89 | 1.00 |        51.0 |    44.5 |    48.9 
   abjcd-dkbac-jk | 331776 |     24 |    24 | 0.67 | 1.00 |         6.9 |     5.8 |     7.4 
   adbjc-cbdka-kj | 331776 |     24 |    24 | 0.67 | 1.00 |         4.0 |     3.4 |     3.4 
   ajbdc-ckbad-jk | 331776 |     24 |    24 | 1.00 | 1.00 |         6.4 |     6.3 |     8.0 
 abcijk-ijma-mkbc |   9216 |   4096 |    24 | 1.00 | 0.99 |        52.8 |    42.4 |    46.1 
 abcijk-ijmb-mkac |   6144 |   6144 |    24 | 1.00 | 0.88 |        51.7 |    45.0 |    47.4 
 abcijk-ijmc-mkab |   6144 |   6144 |    24 | 1.00 | 0.75 |        44.7 |    39.3 |    44.0 
 abcijk-ikma-mjbc |   9216 |   4096 |    24 | 1.00 | 0.99 |        52.6 |    41.6 |    46.2 
 abcijk-ikmb-mjac |   6144 |   6144 |    24 | 1.00 | 0.88 |        51.6 |    45.0 |    47.3 
 abcijk-ikmc-mjab |   6144 |   6144 |    24 | 1.00 | 0.75 |        44.5 |    39.4 |    44.2 
 abcijk-jkma-mibc |   9216 |   4096 |    24 | 1.00 | 0.99 |        50.8 |    42.6 |    46.2 
 abcijk-jkmb-miac |   6144 |   6144 |    24 | 1.00 | 0.88 |        51.4 |    45.3 |    47.2 
 abcijk-jkmc-miab |   6144 |   6144 |    24 | 1.00 | 0.75 |        44.5 |    39.3 |    44.3 
 abcijk-eiab-jkec |   6144 |   6144 |    24 | 1.00 | 0.75 |        44.6 |    38.7 |    44.8 
 abcijk-eiac-jkeb |   6144 |   6144 |    24 | 1.00 | 0.88 |        50.2 |    45.1 |    46.5 
 abcijk-eibc-jkea |   4096 |   9216 |    24 | 1.00 | 0.99 |        51.7 |    42.6 |    44.6 
 abcijk-ejab-ikec |   6144 |   6144 |    24 | 1.00 | 0.75 |        44.8 |    39.4 |    44.5 
 abcijk-ejac-ikeb |   6144 |   6144 |    24 | 1.00 | 0.88 |        51.6 |    45.3 |    47.2 
 abcijk-ejbc-ikea |   4096 |   9216 |    24 | 1.00 | 0.99 |        53.1 |    42.5 |    46.0 
 abcijk-ekab-ijec |   6144 |   6144 |    24 | 1.00 | 0.75 |        44.9 |    39.6 |    44.4 
 abcijk-ekac-ijeb |   6144 |   6144 |    24 | 1.00 | 0.88 |        51.2 |    45.0 |    47.1 
 abcijk-ekbc-ijea |   4096 |   9216 |    24 | 1.00 | 0.99 |        53.3 |    42.3 |    45.8 
       abc-bk-akc |    216 |  44064 |   204 | 0.96 | 1.00 |        78.4 |    68.1 |    67.2 

=== complex efficiency ratio (c64 GF/s over f64 GF/s; 1.0 = no penalty) ===
             case | planar c64/f64 | 1m c64/f64 | 3m c64/f64 
------------------+----------------+------------+------------
         ij-ik-kj |          1.159 |      1.043 |      0.984 
       ij-ikl-ljk |          1.435 |      1.322 |      1.233 
       ij-kil-lkj |          1.526 |      1.468 |      1.312 
       ijk-ikl-lj |          1.279 |      1.158 |      1.094 
       ijk-il-jlk |          1.534 |      1.473 |      1.372 
       ijk-ilk-jl |          1.272 |      1.148 |      1.076 
       ijk-ilk-lj |          1.271 |      1.100 |      1.069 
     ijk-ilmk-mjl |          1.303 |      1.149 |      1.060 
   ijkl-imjn-lnkm |          1.165 |      1.042 |      0.996 
   ijkl-imjn-nlmk |          1.183 |      1.059 |      1.006 
   ijkl-imkn-jnlm |          1.124 |      1.034 |      0.981 
   ijkl-imkn-njml |          1.137 |      1.043 |      0.990 
   ijkl-imln-jnkm |          1.121 |      1.028 |      0.979 
   ijkl-imln-njmk |          1.130 |      1.038 |      0.985 
   ijkl-imnj-nlkm |          1.195 |      1.070 |      1.028 
   ijkl-imnk-njml |          1.131 |      1.036 |      0.990 
   ijkl-minj-nlmk |          1.205 |      1.085 |      1.038 
   ijkl-mink-jnlm |          1.126 |      1.036 |      0.991 
   ijkl-minl-njmk |          1.147 |      1.052 |      1.004 
     aqrs-pa-pqrs |          1.436 |      1.488 |      1.458 
     abrs-qb-aqrs |          1.363 |      1.217 |      1.256 
     abcs-rc-abrs |          1.500 |      1.260 |      1.381 
       abj-bka-kj |          1.488 |      1.278 |      1.292 
       ajb-kba-jk |          1.288 |      1.198 |      1.186 
     abjc-cbka-kj |          1.598 |      1.355 |      1.796 
     ajbc-ckba-jk |          1.528 |      1.422 |      1.606 
     abjc-kbac-jk |          1.570 |      1.370 |      1.504 
   abjcd-dkbac-jk |          2.534 |      2.124 |      2.735 
   adbjc-cbdka-kj |          2.684 |      2.270 |      2.295 
   ajbdc-ckbad-jk |          2.283 |      2.268 |      2.851 
 abcijk-ijma-mkbc |          1.421 |      1.141 |      1.241 
 abcijk-ijmb-mkac |          1.569 |      1.363 |      1.436 
 abcijk-ijmc-mkab |          1.604 |      1.409 |      1.578 
 abcijk-ikma-mjbc |          1.421 |      1.123 |      1.247 
 abcijk-ikmb-mjac |          1.573 |      1.371 |      1.443 
 abcijk-ikmc-mjab |          1.583 |      1.403 |      1.574 
 abcijk-jkma-mibc |          1.437 |      1.205 |      1.306 
 abcijk-jkmb-miac |          1.586 |      1.396 |      1.454 
 abcijk-jkmc-miab |          1.575 |      1.391 |      1.571 
 abcijk-eiab-jkec |          1.576 |      1.367 |      1.582 
 abcijk-eiac-jkeb |          1.520 |      1.367 |      1.410 
 abcijk-eibc-jkea |          1.427 |      1.174 |      1.230 
 abcijk-ejab-ikec |          1.607 |      1.415 |      1.599 
 abcijk-ejac-ikeb |          1.563 |      1.373 |      1.430 
 abcijk-ejbc-ikea |          1.449 |      1.159 |      1.257 
 abcijk-ekab-ijec |          1.623 |      1.431 |      1.603 
 abcijk-ekac-ijeb |          1.565 |      1.378 |      1.440 
 abcijk-ekbc-ijea |          1.455 |      1.155 |      1.252 
       abc-bk-akc |          1.299 |      1.128 |      1.113 
             MEAN |          1.461 |      1.294 |      1.353 

wrote bench-results/ccqlin038-blocking/bl-mc50-f64c64.csv
